STATIC_OBS_INIT_INFO 0 -6.300000 76.099490
STATIC_OBS_INIT_INFO 1 -6.300000 73.065973
Parent: -28.529827 10.000000 101.000000 0.000000 15.150000 17.778407 -10.000000 2.191766 40.000000 0.000000 0 0 0 0 0 0 0 0
Child: 17.778407 24.531829 247.000000 11.338346 268.350000 0.000000 -10.000000 0.000000 0.000000 0.000000 0 0 0 0 0 0 0 0
EGO_STATUS -5.750000 14.476901 0.000000 1.570796 15.755253 4.000000 0.000000
DYNAMIC_OBS_INFO 0 -5.750000 44.258494 1.570796 28.206068 -5.750000 44.258494 15.990886 2.599497
DYNAMIC_OBS_INFO 1 -1.750000 40.481458 1.570796 24.754343 -1.750000 40.481458 4.305281 1.016839
STATIC_OBS_INFO 0 -6.300000 76.099490 60.049583 
STATIC_OBS_INFO 1 -6.300000 73.065973 57.016200 
Parent: -47.042809 10.000000 101.000000 0.000000 15.150000 6.730716 -10.000000 2.726475 48.000000 0.000000 0 0 0 0 0 0 0 0
Child: 6.730716 10.000000 101.000000 0.000000 15.150000 15.230716 -10.000000 0.000000 0.000000 0.000000 0 0 0 0 0 0 0 0
Child: 15.230716 22.956303 231.000000 11.336503 242.550000 0.000000 -10.000000 0.000000 0.000000 0.000000 0 0 0 0 0 0 0 0
EGO_STATUS -5.749990 16.052426 0.100000 1.570764 15.755253 4.000000 0.000000
DYNAMIC_OBS_INFO 0 -5.750000 44.258494 1.570796 28.242628 -5.750000 45.870580 16.250835 2.599497
DYNAMIC_OBS_INFO 1 -1.750000 40.481458 1.570796 23.200871 -1.750000 40.481458 4.305281 1.016839
STATIC_OBS_INFO 0 -6.300000 76.099490 58.474128 
STATIC_OBS_INFO 1 -6.300000 73.065973 55.440753 
Parent: -48.691221 10.000000 101.000000 0.000000 15.150000 4.182303 -10.000000 2.626475 47.000000 0.000000 0 0 0 0 0 0 0 0
Child: 4.182303 10.000000 101.000000 0.000000 15.150000 12.682303 -10.000000 0.000000 0.000000 0.000000 0 0 0 0 0 0 0 0
Child: 12.682303 21.380778 215.000000 11.337832 216.750000 0.000000 -10.000000 0.000000 0.000000 0.000000 0 0 0 0 0 0 0 0
EGO_STATUS -5.749706 17.627952 0.200000 1.570353 15.755253 4.000000 0.000000
DYNAMIC_OBS_INFO 0 -5.750000 44.258494 1.570796 28.305185 -5.750000 47.508661 16.510785 2.599497
DYNAMIC_OBS_INFO 1 -1.750000 40.481458 1.570796 21.650329 -1.750000 40.481458 4.305281 1.016839
STATIC_OBS_INFO 0 -6.300000 76.099490 56.898692 
STATIC_OBS_INFO 1 -6.300000 73.065973 53.865326 
Parent: -49.486246 10.000000 101.000000 0.000000 15.150000 1.487279 -10.000000 2.526475 45.000000 0.000000 0 0 0 0 0 0 0 0
Child: 1.487279 10.000000 101.000000 0.000000 15.150000 9.987279 -10.000000 0.000000 0.000000 0.000000 0 0 0 0 0 0 0 0
Child: 9.987279 19.805253 200.000000 11.338158 190.500000 0.000000 -10.000000 0.000000 0.000000 0.000000 0 0 0 0 0 0 0 0
EGO_STATUS -5.748028 19.203476 0.300000 1.568872 15.755253 4.000000 0.000000
DYNAMIC_OBS_INFO 0 -5.750000 44.258494 1.570796 28.393746 -5.750000 49.172737 16.770734 2.599497
DYNAMIC_OBS_INFO 1 -1.750000 40.481458 1.570796 20.102959 -1.750000 40.481458 4.305281 1.016839
STATIC_OBS_INFO 0 -6.300000 76.099490 55.323305 
STATIC_OBS_INFO 1 -6.300000 73.065973 52.289951 
Parent: -51.162401 10.000000 101.000000 0.000000 15.150000 -1.088876 -10.000000 2.426475 44.000000 0.000000 0 0 0 0 0 0 0 0
Child: -1.088876 10.000000 101.000000 0.000000 15.150000 7.411124 -10.000000 0.000000 0.000000 0.000000 0 0 0 0 0 0 0 0
Child: 7.411124 18.229728 184.000000 11.337503 164.400000 0.000000 -10.000000 0.000000 0.000000 0.000000 0 0 0 0 0 0 0 0
EGO_STATUS -5.742715 20.778991 0.400000 1.565645 15.755253 4.000000 0.000000
DYNAMIC_OBS_INFO 0 -5.750000 44.258494 1.570796 28.508346 -5.750000 50.862808 17.030684 2.599497
DYNAMIC_OBS_INFO 1 -1.750000 40.481458 1.570796 18.558919 -1.750000 40.481458 4.305281 1.016839
STATIC_OBS_INFO 0 -6.300000 76.099490 53.748037 
STATIC_OBS_INFO 1 -6.300000 73.065973 50.714700 
Parent: -51.810057 10.000000 101.000000 0.000000 15.150000 -3.636532 -10.000000 2.326475 42.000000 0.000000 0 0 0 0 0 0 0 0
Child: -3.636532 10.000000 101.000000 0.000000 15.150000 4.863468 -10.000000 0.000000 0.000000 0.000000 0 0 0 0 0 0 0 0
Child: 4.863468 16.654203 168.000000 11.335883 138.600000 0.000000 -10.000000 0.000000 0.000000 0.000000 0 0 0 0 0 0 0 0
EGO_STATUS -5.730669 22.354469 0.500000 1.560303 15.755253 4.000000 0.000000
DYNAMIC_OBS_INFO 0 -5.750000 44.258494 1.570796 28.649068 -5.750000 52.578874 17.290634 2.599497
DYNAMIC_OBS_INFO 1 -1.750000 40.481458 1.570796 17.018418 -1.750000 40.481458 4.305281 1.016839
STATIC_OBS_INFO 0 -6.300000 76.099490 52.173007 
STATIC_OBS_INFO 1 -6.300000 73.065973 49.139697 
Parent: -53.488634 10.000000 101.000000 0.000000 15.150000 -6.215109 -10.000000 2.226475 41.000000 0.000000 0 0 0 0 0 0 0 0
Child: -6.215109 10.000000 101.000000 0.000000 15.150000 2.284891 -10.000000 0.000000 0.000000 0.000000 0 0 0 0 0 0 0 0
Child: 2.284891 15.078678 152.000000 11.337339 112.500000 0.000000 -10.000000 0.000000 0.000000 0.000000 0 0 0 0 0 0 0 0
EGO_STATUS -5.708581 23.929836 0.600000 1.552962 15.755253 4.000000 0.000000
DYNAMIC_OBS_INFO 0 -5.750000 44.258494 1.570796 28.816064 -5.750000 54.320935 17.550583 2.599497
DYNAMIC_OBS_INFO 1 -1.750000 40.481458 1.570796 15.481960 -1.750000 40.481458 4.305281 1.016839
STATIC_OBS_INFO 0 -6.300000 76.099490 50.598394 
STATIC_OBS_INFO 1 -6.300000 73.065973 47.565125 
Parent: 56.947468 10.000000 101.000000 0.000000 1315.150000 -17.026588 -10.000000 2.761184 49.000000 0.000000 0 0 0 0 0 0 0 0
Child: -17.026588 10.000000 101.000000 0.000000 15.150000 -8.526588 -10.000000 0.000000 0.000000 0.000000 0 0 0 0 0 0 0 0
Child: -8.526588 10.000000 101.000000 0.000000 15.150000 -0.026588 -10.000000 0.000000 0.000000 0.000000 0 0 0 0 0 0 0 0
Child: -0.026588 13.503153 137.000000 11.338032 89.850000 0.000000 -10.000000 0.000000 0.000000 0.000000 0 0 0 0 0 0 0 0
EGO_STATUS -5.673764 25.504971 0.700000 1.544304 15.755253 4.000000 0.000000
DYNAMIC_OBS_INFO 0 -5.750000 44.258494 1.570796 29.009522 -5.750000 56.088990 17.810533 2.599497
DYNAMIC_OBS_INFO 1 -1.750000 40.481458 1.570796 13.950700 -1.750000 40.481458 4.305281 1.016839
STATIC_OBS_INFO 0 -6.300000 76.099490 49.024399 
STATIC_OBS_INFO 1 -6.300000 73.065973 45.991189 
Parent: 56.719441 10.000000 101.000000 0.000000 1315.150000 -19.154615 -10.000000 2.661184 47.000000 0.000000 0 0 0 0 0 0 0 0
Child: -19.154615 10.000000 101.000000 0.000000 15.150000 -10.654615 -10.000000 0.000000 0.000000 0.000000 0 0 0 0 0 0 0 0
Child: -10.654615 10.000000 101.000000 0.000000 15.150000 -2.154615 -10.000000 0.000000 0.000000 0.000000 0 0 0 0 0 0 0 0
Child: -2.154615 11.927628 121.000000 11.337629 68.250000 0.000000 -10.000000 0.000000 0.000000 0.000000 0 0 0 0 0 0 0 0
EGO_STATUS -5.625038 27.079738 0.800000 1.535537 15.755253 4.000000 0.000000
DYNAMIC_OBS_INFO 0 -5.750000 44.258494 1.570796 29.229581 -5.750000 57.883041 18.070483 2.599497
DYNAMIC_OBS_INFO 1 -1.750000 40.481458 1.570796 12.426982 -1.750000 40.481458 4.305281 1.016839
STATIC_OBS_INFO 0 -6.300000 76.099490 47.451151 
STATIC_OBS_INFO 1 -6.300000 73.065973 44.418025 
Parent: 55.786747 10.000000 101.000000 0.000000 1315.150000 -20.987309 -10.000000 2.561184 46.000000 0.000000 0 0 0 0 0 0 0 0
Child: -20.987309 10.000000 101.000000 0.000000 15.150000 -12.487309 -10.000000 0.000000 0.000000 0.000000 0 0 0 0 0 0 0 0
Child: -12.487309 10.000000 101.000000 0.000000 15.150000 -3.987309 -10.000000 0.000000 0.000000 0.000000 0 0 0 0 0 0 0 0
Child: -3.987309 10.352103 105.000000 11.335930 49.650000 0.000000 -10.000000 0.000000 0.000000 0.000000 0 0 0 0 0 0 0 0
EGO_STATUS -5.563454 28.654055 0.900000 1.528256 15.755253 4.000000 0.000000
DYNAMIC_OBS_INFO 0 -5.750000 44.258494 1.570796 29.476219 -5.750000 59.703087 18.330432 2.599497
DYNAMIC_OBS_INFO 1 -1.750000 40.481458 1.570796 10.915199 -1.750000 40.481458 4.305281 1.016839
STATIC_OBS_INFO 0 -6.300000 76.099490 45.878602 
STATIC_OBS_INFO 1 -6.300000 73.065973 42.845588 
Parent: 56.090602 10.000000 101.000000 0.000000 1315.150000 -22.583454 -10.000000 2.461184 44.000000 0.000000 0 0 0 0 0 0 0 0
Child: -22.583454 10.000000 101.000000 0.000000 15.150000 -14.083454 -10.000000 0.000000 0.000000 0.000000 0 0 0 0 0 0 0 0
Child: -14.083454 10.000000 101.000000 0.000000 15.150000 -5.583454 -10.000000 0.000000 0.000000 0.000000 0 0 0 0 0 0 0 0
Child: -5.583454 8.776577 89.000000 11.336552 33.450000 0.000000 -10.000000 0.000000 0.000000 0.000000 0 0 0 0 0 0 0 0
EGO_STATUS -5.492724 30.227991 1.000000 1.524196 15.755253 4.000000 0.000000
DYNAMIC_OBS_INFO 0 -5.750000 44.258494 1.570796 29.749169 -5.750000 61.549128 18.590382 2.599497
DYNAMIC_OBS_INFO 1 -1.750000 40.481458 1.570796 9.423336 -1.750000 40.481458 4.305281 1.016839
STATIC_OBS_INFO 0 -6.300000 76.099490 44.306449 
STATIC_OBS_INFO 1 -6.300000 73.065973 41.273575 
Parent: 55.808220 10.000000 101.000000 0.000000 1315.150000 -23.765836 -10.000000 2.361184 43.000000 0.000000 0 0 0 0 0 0 0 0
Child: -23.765836 10.000000 101.000000 0.000000 15.150000 -15.265836 -10.000000 0.000000 0.000000 0.000000 0 0 0 0 0 0 0 0
Child: -15.265836 10.000000 101.000000 0.000000 15.150000 -6.765836 -10.000000 0.000000 0.000000 0.000000 0 0 0 0 0 0 0 0
Child: -6.765836 7.201052 74.000000 11.335169 21.900000 0.000000 -10.000000 0.000000 0.000000 0.000000 0 0 0 0 0 0 0 0
EGO_STATUS -5.419164 31.801798 1.100000 1.524867 15.755253 4.000000 0.000000
DYNAMIC_OBS_INFO 0 -5.750000 44.258494 1.570796 30.047967 -5.750000 63.421163 18.850332 2.599497
DYNAMIC_OBS_INFO 1 -1.750000 40.481458 1.570796 7.965984 -1.750000 40.481458 4.305281 1.016839
STATIC_OBS_INFO 0 -6.300000 76.099490 42.734183 
STATIC_OBS_INFO 1 -6.300000 73.065973 39.701472 
Parent: 56.853344 10.000000 101.000000 0.000000 1315.150000 -24.620712 -10.000000 2.261184 41.000000 0.000000 0 0 0 0 0 0 0 0
Child: -24.620712 10.000000 101.000000 0.000000 15.150000 -16.120712 -10.000000 0.000000 0.000000 0.000000 0 0 0 0 0 0 0 0
Child: -16.120712 10.000000 101.000000 0.000000 15.150000 -7.620712 -10.000000 0.000000 0.000000 0.000000 0 0 0 0 0 0 0 0
Child: -7.620712 5.625526 58.000000 11.330811 13.200000 0.000000 -10.000000 0.000000 0.000000 0.000000 0 0 0 0 0 0 0 0
EGO_STATUS -5.350997 33.375845 1.200000 1.531096 15.755253 4.000000 0.000000
DYNAMIC_OBS_INFO 0 -5.750000 44.258494 1.570796 30.372144 -5.750000 65.319194 19.110281 2.599497
DYNAMIC_OBS_INFO 1 -1.750000 40.481458 1.570796 6.570564 -1.750000 40.481458 4.305281 1.016839
STATIC_OBS_INFO 0 -6.300000 76.099490 41.161285 
STATIC_OBS_INFO 1 -6.300000 73.065973 38.128741 
Parent: 57.073702 10.000000 101.000000 0.000000 1315.150000 -25.300353 -10.000000 2.161184 40.000000 0.000000 0 0 0 0 0 0 0 0
Child: -25.300353 10.000000 101.000000 0.000000 15.150000 -16.800353 -10.000000 0.000000 0.000000 0.000000 0 0 0 0 0 0 0 0
Child: -16.800353 10.000000 101.000000 0.000000 15.150000 -8.300353 -10.000000 0.000000 0.000000 0.000000 0 0 0 0 0 0 0 0
Child: -8.300353 4.050001 42.000000 11.325962 6.300000 0.000000 -10.000000 0.000000 0.000000 0.000000 0 0 0 0 0 0 0 0
EGO_STATUS -5.296837 34.950431 1.300000 1.542447 15.755253 4.000000 0.000000
DYNAMIC_OBS_INFO 0 -5.750000 44.258494 1.570796 30.721494 -5.750000 67.243220 19.370231 2.599497
DYNAMIC_OBS_INFO 1 -1.750000 40.481458 1.570796 5.290693 -1.750000 40.481458 4.305281 1.016839
STATIC_OBS_INFO 0 -6.300000 76.099490 39.587486 
STATIC_OBS_INFO 1 -6.300000 73.065973 36.555096 
Parent: 531.422156 30.290952 304.000000 3027.472485 3032.100000 -17.075820 -10.000000 2.714360 48.000000 0.000000 1 0 0 0 0 0 0 0
Child: -17.075820 10.000000 101.000000 0.000000 15.150000 -8.575820 -10.000000 0.000000 0.000000 0.000000 0 0 0 0 0 0 0 0
Child: -8.575820 2.474476 26.000000 11.064256 3.900000 0.000000 -10.000000 0.000000 0.000000 0.000000 0 0 0 0 0 0 0 0
EGO_STATUS -5.263188 36.525583 1.400000 1.556546 15.755253 4.000000 0.000000
DYNAMIC_OBS_INFO 0 -5.750000 44.258494 1.570796 31.096197 -5.750000 69.193240 19.630181 2.599497
DYNAMIC_OBS_INFO 1 -1.750000 40.481458 1.570796 4.233414 -1.750000 40.481458 4.305281 1.016839
STATIC_OBS_INFO 0 -6.300000 76.099490 38.012923 
STATIC_OBS_INFO 1 -6.300000 73.065973 34.980662 
Parent: 255.190147 30.290952 304.000000 14.457175 3032.100000 -5.815807 0.000000 3.443069 46.000000 0.000000 0 0 0 0 0 0 0 0
Child: -5.815807 10.000000 101.000000 20.000000 15.150000 -9.296005 0.000000 0.000000 0.000000 0.000000 0 0 0 1 0 0 0 0
Child: -9.296005 0.898950 10.000000 6.331303 1.500000 0.000000 -10.000000 0.000000 0.000000 0.000000 0 0 0 0 0 0 0 0
EGO_STATUS -5.250779 38.101050 1.500000 1.568299 15.755253 4.000000 0.000000
DYNAMIC_OBS_INFO 0 -5.750000 44.258494 1.570796 31.502096 -5.750000 71.169256 19.890130 2.599497
DYNAMIC_OBS_INFO 1 -1.750000 40.481458 1.570796 3.715154 -1.750000 40.917070 4.406965 1.016839
STATIC_OBS_INFO 0 -6.300000 76.099490 36.443491 
STATIC_OBS_INFO 1 -6.300000 73.065973 33.411348 
Parent: 552.469691 39.595426 397.000000 3029.618050 2935.250000 0.000000 0.000000 2.554091 45.000000 0.000000 1 0 0 0 0 0 0 0
EGO_STATUS -5.250000 39.671128 1.600000 1.570796 15.502749 1.000000 -5.880000
DYNAMIC_OBS_INFO 0 -5.750000 44.258494 1.570796 31.953775 -5.750000 73.171266 20.150080 2.599497
DYNAMIC_OBS_INFO 1 -1.750000 40.481458 1.570796 3.502851 -1.750000 41.362851 4.508649 1.016839
STATIC_OBS_INFO 0 -6.300000 76.099490 34.893888 
STATIC_OBS_INFO 1 -6.300000 73.065973 31.861876 
Parent: 254.636058 38.045144 382.000000 11.357345 2938.100000 0.000000 0.000000 3.885982 43.000000 0.000000 0 0 0 0 0 0 0 0
EGO_STATUS -5.249994 41.221403 1.700000 1.570776 15.502749 4.000000 0.000000
DYNAMIC_OBS_INFO 0 -5.750000 44.258494 1.570796 32.446164 -5.750000 75.199272 20.410030 2.599497
DYNAMIC_OBS_INFO 1 -1.750000 40.481458 1.570796 3.623375 -1.750000 41.818800 4.610333 1.016839
STATIC_OBS_INFO 0 -6.300000 76.099490 33.359061 
STATIC_OBS_INFO 1 -6.300000 73.065973 30.327198 
Parent: 246.419995 36.509581 367.000000 11.357020 2950.350000 0.000000 -10.000000 3.785985 42.000000 0.000000 0 0 0 0 0 0 0 0
EGO_STATUS -5.249813 42.756963 1.800000 1.570503 15.208749 3.000000 -2.940000
DYNAMIC_OBS_INFO 0 -5.750000 44.258494 1.570796 32.993946 -5.750000 77.253272 20.669979 2.599497
DYNAMIC_OBS_INFO 1 -1.750000 40.481458 1.570796 4.019262 -1.750000 42.284917 4.712017 1.016839
STATIC_OBS_INFO 0 -6.300000 76.099490 31.853708 
STATIC_OBS_INFO 1 -6.300000 73.065973 28.822018 
Parent: 248.008692 35.003413 352.000000 11.356910 2948.400000 0.000000 -10.000000 3.685986 40.000000 0.000000 0 0 0 0 0 0 0 0
EGO_STATUS -5.248732 44.263134 1.900000 1.569477 14.914749 3.000000 -2.940000
DYNAMIC_OBS_INFO 0 -5.750000 44.258494 1.570796 33.597167 -5.750000 79.333268 20.929929 2.599497
DYNAMIC_OBS_INFO 1 -1.750000 40.481458 1.570796 4.592305 -1.750000 42.761203 4.813700 1.016839
STATIC_OBS_INFO 0 -6.300000 76.099490 30.377915 
STATIC_OBS_INFO 1 -6.300000 73.065973 27.346430 
Parent: 708.488094 43.465079 436.000000 12.073599 7556.500000 0.000000 0.000000 2.972835 49.000000 0.000000 0 0 0 0 0 0 0 0
EGO_STATUS -5.245237 45.739892 2.000000 1.567105 14.620749 3.000000 -2.940000
DYNAMIC_OBS_INFO 0 -5.750000 44.258494 1.570796 34.241159 -5.750000 81.439258 21.189879 2.599497
DYNAMIC_OBS_INFO 1 -1.750000 40.481458 1.570796 5.272121 -1.750000 43.247658 4.915384 1.016839
STATIC_OBS_INFO 0 -6.300000 76.099490 28.917094 
STATIC_OBS_INFO 1 -6.300000 73.065973 25.885867 
Parent: 471.894805 10.000000 101.000000 20.000000 2055.350000 308.740188 0.000000 4.674418 47.000000 0.000000 0 0 1 0 0 0 0 0
Child: 308.740188 32.065348 322.000000 11.666847 3088.700000 0.000000 0.000000 0.000000 0.000000 0.000000 0 0 0 0 0 0 0 0
EGO_STATUS -5.236960 47.201943 2.100000 1.562804 14.620749 4.000000 0.000000
DYNAMIC_OBS_INFO 0 -5.750000 44.258494 1.570796 34.926043 -5.750000 83.571243 21.449828 2.599497
DYNAMIC_OBS_INFO 1 -1.750000 40.481458 1.570796 6.008789 -1.750000 43.744280 5.017068 1.016839
STATIC_OBS_INFO 0 -6.300000 76.099490 27.471484 
STATIC_OBS_INFO 1 -6.300000 73.065973 24.440598 
Parent: 452.527050 10.000000 101.000000 20.000000 2055.350000 288.472427 0.000000 4.574425 46.000000 0.000000 0 0 1 0 0 0 0 0
Child: 288.472427 30.617996 308.000000 11.666482 2990.800000 0.000000 -10.000000 0.000000 0.000000 0.000000 0 0 0 0 0 0 0 0
EGO_STATUS -5.220912 48.649208 2.200000 1.556212 14.326749 3.000000 -2.940000
DYNAMIC_OBS_INFO 0 -5.750000 44.258494 1.570796 35.666640 -5.750000 85.729224 21.709778 2.599497
DYNAMIC_OBS_INFO 1 -1.750000 40.481458 1.570796 6.759175 -1.750000 44.251071 5.118752 1.016839
STATIC_OBS_INFO 0 -6.300000 76.099490 26.056051 
STATIC_OBS_INFO 1 -6.300000 73.065973 23.025627 
Parent: 455.241776 10.000000 101.000000 20.000000 2055.350000 289.287147 0.000000 4.474431 44.000000 0.000000 0 0 1 0 0 0 0 0
Child: 289.287147 29.200040 294.000000 11.666497 3001.700000 0.000000 -10.000000 0.000000 0.000000 0.000000 0 0 0 0 0 0 0 0
EGO_STATUS -5.194184 50.066915 2.300000 1.547257 14.032749 3.000000 -2.940000
DYNAMIC_OBS_INFO 0 -5.750000 44.258494 1.570796 36.463180 -5.750000 87.913199 21.969727 2.599497
DYNAMIC_OBS_INFO 1 -1.750000 40.481458 1.570796 7.503388 -1.750000 44.768031 5.220436 1.016839
STATIC_OBS_INFO 0 -6.300000 76.099490 24.671233 
STATIC_OBS_INFO 1 -6.300000 73.065973 21.641450 
Parent: 454.722178 10.000000 101.000000 20.000000 2055.350000 287.867545 0.000000 4.374435 43.000000 0.000000 0 0 1 0 0 0 0 0
Child: 287.867545 27.811481 280.000000 11.666327 2987.200000 0.000000 -10.000000 0.000000 0.000000 0.000000 0 0 0 0 0 0 0 0
EGO_STATUS -5.153928 51.454891 2.400000 1.535921 13.738749 3.000000 -2.940000
DYNAMIC_OBS_INFO 0 -5.750000 44.258494 1.570796 37.316007 -5.750000 90.123169 22.229677 2.599497
DYNAMIC_OBS_INFO 1 -1.750000 40.481458 1.570796 8.229343 -1.750000 45.295158 5.322120 1.016839
STATIC_OBS_INFO 0 -6.300000 76.099490 23.317648 
STATIC_OBS_INFO 1 -6.300000 73.065973 20.288770 
Parent: 465.354093 10.000000 101.000000 20.000000 2055.350000 297.599452 0.000000 4.274443 42.000000 0.000000 0 0 1 0 0 0 0 0
Child: 297.599452 26.452331 266.000000 11.666089 3081.500000 0.000000 -10.000000 0.000000 0.000000 0.000000 0 0 0 0 0 0 0 0
EGO_STATUS -5.097560 52.812866 2.500000 1.522313 13.444749 3.000000 -2.940000
DYNAMIC_OBS_INFO 0 -5.750000 44.258494 1.570796 38.225533 -5.750000 92.359134 22.489627 2.599497
DYNAMIC_OBS_INFO 1 -1.750000 40.481458 1.570796 8.929516 -1.750000 45.832455 5.423804 1.016839
STATIC_OBS_INFO 0 -6.300000 76.099490 21.996075 
STATIC_OBS_INFO 1 -6.300000 73.065973 18.968493 
Parent: 456.559424 10.000000 101.000000 20.000000 2055.350000 286.904777 0.000000 4.174449 40.000000 0.000000 0 0 1 0 0 0 0 0
Child: 286.904777 25.122580 253.000000 11.665713 2978.350000 0.000000 -10.000000 0.000000 0.000000 0.000000 0 0 0 0 0 0 0 0
EGO_STATUS -5.022975 54.140516 2.600000 1.506700 13.150749 3.000000 -2.940000
DYNAMIC_OBS_INFO 0 -5.750000 44.258494 1.570796 39.192247 -5.750000 94.621094 22.749576 2.599497
DYNAMIC_OBS_INFO 1 -1.750000 40.481458 1.570796 9.599121 -1.750000 46.379919 5.525488 1.016839
STATIC_OBS_INFO 0 -6.300000 76.099490 20.707491 
STATIC_OBS_INFO 1 -6.300000 73.065973 17.681774 
Parent: 456.492598 10.000000 101.000000 20.000000 2055.350000 285.937949 0.000000 4.074451 39.000000 0.000000 0 0 1 0 0 0 0 0
Child: 285.937949 23.822212 240.000000 11.665714 2969.800000 0.000000 -10.000000 0.000000 0.000000 0.000000 0 0 0 0 0 0 0 0
EGO_STATUS -4.928710 55.437453 2.700000 1.489496 12.856749 3.000000 -2.940000
DYNAMIC_OBS_INFO 0 -5.750000 44.258494 1.570796 40.216734 -5.750000 96.909049 23.009526 2.599497
DYNAMIC_OBS_INFO 1 -1.750000 40.481458 1.570796 10.235059 -1.750000 46.937552 5.627171 1.016839
STATIC_OBS_INFO 0 -6.300000 76.099490 19.453118 
STATIC_OBS_INFO 1 -6.300000 73.065973 16.430098 
Parent: 466.077032 10.000000 101.000000 20.000000 2055.350000 294.622376 0.000000 3.974458 38.000000 0.000000 0 0 1 0 0 0 0 0
Child: 294.622376 22.551260 227.000000 11.665571 3054.650000 0.000000 -10.000000 0.000000 0.000000 0.000000 0 0 0 0 0 0 0 0
EGO_STATUS -4.814048 56.703208 2.800000 1.471243 12.562749 3.000000 -2.940000
DYNAMIC_OBS_INFO 0 -5.750000 44.258494 1.570796 41.299493 -5.750000 99.223000 23.269476 2.599497
DYNAMIC_OBS_INFO 1 -1.750000 40.481458 1.570796 10.835470 -1.750000 47.505353 5.728855 1.016839
STATIC_OBS_INFO 0 -6.300000 76.099490 18.234279 
STATIC_OBS_INFO 1 -6.300000 73.065973 15.215160 
Parent: 455.148854 10.000000 101.000000 20.000000 2055.350000 282.794190 0.000000 3.874466 37.000000 0.000000 0 0 1 0 0 0 0 0
Child: 282.794190 21.309711 215.000000 11.437449 2942.650000 0.000000 -10.000000 0.000000 0.000000 0.000000 0 0 0 0 0 0 0 0
EGO_STATUS -4.679163 57.937392 2.900000 1.452577 12.268749 3.000000 -2.940000
DYNAMIC_OBS_INFO 0 -5.750000 44.258494 1.570796 42.440915 -5.750000 101.562945 23.529425 2.599497
DYNAMIC_OBS_INFO 1 -1.750000 40.481458 1.570796 11.399338 -1.750000 48.083323 5.830539 1.016839
STATIC_OBS_INFO 0 -6.300000 76.099490 17.052402 
STATIC_OBS_INFO 1 -6.300000 73.065973 14.038912 
Parent: 455.100549 10.000000 101.000000 20.000000 2055.350000 280.845881 0.000000 3.774470 35.000000 0.000000 0 0 1 0 0 0 0 0
Child: 280.845881 20.097550 202.000000 10.785048 2912.500000 0.000000 -10.000000 0.000000 0.000000 0.000000 0 0 0 0 0 0 0 0
EGO_STATUS -4.525110 59.139709 3.000000 1.434189 11.974749 3.000000 -2.940000
DYNAMIC_OBS_INFO 0 -5.750000 44.258494 1.570796 43.641252 -5.750000 103.928885 23.789375 2.599497
DYNAMIC_OBS_INFO 1 -1.750000 40.481458 1.570796 11.926211 -1.750000 48.671461 5.932223 1.016839
STATIC_OBS_INFO 0 -6.300000 76.099490 15.909012 
STATIC_OBS_INFO 1 -6.300000 73.065973 12.903619 
Parent: 452.688514 10.000000 101.000000 20.000000 2055.350000 277.533842 0.000000 3.674474 34.000000 0.000000 0 0 1 0 0 0 0 0
Child: 277.533842 18.914792 191.000000 9.742820 2893.750000 0.000000 -10.000000 0.000000 0.000000 0.000000 0 0 0 0 0 0 0 0
EGO_STATUS -4.353753 60.309974 3.100000 1.416785 11.680749 3.000000 -2.940000
DYNAMIC_OBS_INFO 0 -5.750000 44.258494 1.570796 44.900506 -5.750000 106.320820 24.049325 2.599497
DYNAMIC_OBS_INFO 1 -1.750000 40.481458 1.570796 12.416101 -1.750000 49.269768 6.033907 1.016839
STATIC_OBS_INFO 0 -6.300000 76.099490 14.805638 
STATIC_OBS_INFO 1 -6.300000 73.065973 11.811828 
Parent: 460.251359 10.000000 101.000000 20.000000 2055.350000 284.196679 0.000000 3.574483 33.000000 0.000000 0 0 1 0 0 0 0 0
Child: 284.196679 17.761446 179.000000 8.366565 2956.550000 0.000000 -10.000000 0.000000 0.000000 0.000000 0 0 0 0 0 0 0 0
EGO_STATUS -4.167699 61.448203 3.200000 1.401047 11.386749 3.000000 -2.940000
DYNAMIC_OBS_INFO 0 -5.750000 44.258494 1.570796 46.218380 -5.750000 108.738750 24.309274 2.599497
DYNAMIC_OBS_INFO 1 -1.750000 40.481458 1.570796 12.869362 -1.750000 49.878243 6.135591 1.016839
STATIC_OBS_INFO 0 -6.300000 76.099490 13.743754 
STATIC_OBS_INFO 1 -6.300000 73.065973 10.766429 
Parent: 447.085609 10.000000 101.000000 20.000000 2055.350000 270.130922 0.000000 3.474489 32.000000 0.000000 0 0 1 0 0 0 0 0
Child: 270.130922 16.637493 168.000000 7.371041 2821.300000 0.000000 -10.000000 0.000000 0.000000 0.000000 0 0 0 0 0 0 0 0
EGO_STATUS -3.970163 62.554652 3.300000 1.387591 11.092749 3.000000 -2.940000
DYNAMIC_OBS_INFO 0 -5.750000 44.258494 1.570796 47.594321 -5.750000 111.182675 24.569224 2.599497
DYNAMIC_OBS_INFO 1 -1.750000 40.481458 1.570796 13.286538 -1.750000 50.496886 6.237275 1.016839
STATIC_OBS_INFO 0 -6.300000 76.099490 12.724824 
STATIC_OBS_INFO 1 -6.300000 73.065973 9.770834 
Parent: 443.511047 10.000000 101.000000 20.000000 2055.350000 265.656358 0.000000 3.374491 31.000000 0.000000 0 0 1 0 0 0 0 0
Child: 265.656358 15.542925 157.000000 7.371010 2777.050000 0.000000 -10.000000 0.000000 0.000000 0.000000 0 0 0 0 0 0 0 0
EGO_STATUS -3.764780 63.629774 3.400000 1.376945 10.798749 3.000000 -2.940000
DYNAMIC_OBS_INFO 0 -5.750000 44.258494 1.570796 49.027595 -5.750000 113.652594 24.829174 2.599497
DYNAMIC_OBS_INFO 1 -1.750000 40.481458 1.570796 13.668208 -1.750000 51.125698 6.338959 1.016839
STATIC_OBS_INFO 0 -6.300000 76.099490 11.750372 
STATIC_OBS_INFO 1 -6.300000 73.065973 8.829241 
Parent: 447.361845 10.000000 101.000000 0.000000 2055.350000 281.531682 -10.000000 2.330163 30.000000 0.000000 0 0 0 0 0 0 0 0
Child: 281.531682 14.477780 146.000000 14.083510 2825.000000 0.000000 0.000000 0.000000 0.000000 0.000000 0 0 0 0 0 0 0 0
EGO_STATUS -3.555434 64.674141 3.500000 1.369527 10.504749 3.000000 -2.940000
DYNAMIC_OBS_INFO 0 -5.750000 44.258494 1.570796 50.502967 -5.750000 116.148509 25.089123 2.599497
DYNAMIC_OBS_INFO 1 -1.750000 40.481458 1.570796 14.028999 -1.750000 51.764678 6.440642 1.016839
STATIC_OBS_INFO 0 -6.300000 76.099490 10.808875 
STATIC_OBS_INFO 1 -6.300000 73.065973 7.934590 
Parent: 604.750382 10.000000 101.000000 0.000000 2055.350000 447.068268 -10.000000 3.182113 39.000000 0.000000 0 0 0 0 0 0 0 0
Child: 447.068268 10.000000 101.000000 0.000000 2055.350000 253.568268 -10.000000 0.000000 0.000000 0.000000 0 0 0 0 0 0 0 0
Child: 253.568268 13.427303 136.000000 14.081860 2655.500000 0.000000 -10.000000 0.000000 0.000000 0.000000 0 0 0 0 0 0 0 0
EGO_STATUS -3.343092 65.702930 3.600000 1.365585 10.504749 4.000000 0.000000
DYNAMIC_OBS_INFO 0 -5.750000 44.258494 1.570796 52.005249 -5.750000 118.670419 25.349073 2.599497
DYNAMIC_OBS_INFO 1 -1.750000 40.481458 1.570796 14.383673 -1.750000 52.413826 6.542326 1.016839
STATIC_OBS_INFO 0 -6.300000 76.099490 9.890451 
STATIC_OBS_INFO 1 -6.300000 73.065973 7.084207 
Parent: 598.780664 10.000000 101.000000 0.000000 2055.350000 440.198551 -10.000000 3.082113 38.000000 0.000000 0 0 0 0 0 0 0 0
Child: 440.198551 10.000000 101.000000 0.000000 2055.350000 246.698551 -10.000000 0.000000 0.000000 0.000000 0 0 0 0 0 0 0 0
Child: 246.698551 12.376826 125.000000 14.082143 2578.450000 0.000000 -10.000000 0.000000 0.000000 0.000000 0 0 0 0 0 0 0 0
EGO_STATUS -3.128623 66.731278 3.700000 1.365451 10.504749 4.000000 0.000000
DYNAMIC_OBS_INFO 0 -5.750000 44.258494 1.570796 53.533346 -5.750000 121.218324 25.609023 2.599497
DYNAMIC_OBS_INFO 1 -1.750000 40.481458 1.570796 14.733118 -1.750000 53.073143 6.644010 1.016839
STATIC_OBS_INFO 0 -6.300000 76.099490 8.999832 
STATIC_OBS_INFO 1 -6.300000 73.065973 6.293129 
Parent: 572.447025 10.000000 101.000000 0.000000 2055.350000 412.964912 -10.000000 2.982113 37.000000 0.000000 0 0 0 0 0 0 0 0
Child: 412.964912 10.000000 101.000000 0.000000 2055.350000 219.464912 -10.000000 0.000000 0.000000 0.000000 0 0 0 0 0 0 0 0
Child: 219.464912 11.326348 115.000000 14.079882 2315.750000 0.000000 -10.000000 0.000000 0.000000 0.000000 0 0 0 0 0 0 0 0
EGO_STATUS -2.916138 67.760038 3.800000 1.369481 10.504749 4.000000 0.000000
DYNAMIC_OBS_INFO 0 -5.750000 44.258494 1.570796 55.086072 -5.750000 123.792224 25.868972 2.599497
DYNAMIC_OBS_INFO 1 -1.750000 40.481458 1.570796 15.078063 -1.750000 53.742628 6.745694 1.016839
STATIC_OBS_INFO 0 -6.300000 76.099490 8.143401 
STATIC_OBS_INFO 1 -6.300000 73.065973 5.583087 
Parent: 545.405704 10.000000 101.000000 0.000000 2055.350000 385.023591 -10.000000 2.882113 36.000000 0.000000 0 0 0 0 0 0 0 0
Child: 385.023591 10.000000 101.000000 0.000000 2055.350000 191.523591 -10.000000 0.000000 0.000000 0.000000 0 0 0 0 0 0 0 0
Child: 191.523591 10.275871 104.000000 14.079341 2025.500000 0.000000 -10.000000 0.000000 0.000000 0.000000 0 0 0 0 0 0 0 0
EGO_STATUS -2.710051 68.790096 3.900000 1.377896 10.504749 4.000000 0.000000
DYNAMIC_OBS_INFO 0 -5.750000 44.258494 1.570796 56.662261 -5.750000 126.392118 26.128922 2.599497
DYNAMIC_OBS_INFO 1 -1.750000 40.481458 1.570796 15.418988 -1.750000 54.422282 6.847378 1.016839
STATIC_OBS_INFO 0 -6.300000 76.099490 7.330076 
STATIC_OBS_INFO 1 -6.300000 73.065973 4.984798 
Parent: 527.687909 10.000000 101.000000 0.000000 2055.350000 366.405796 -10.000000 2.782112 35.000000 0.000000 0 0 0 0 0 0 0 0
Child: 366.405796 10.000000 101.000000 0.000000 2055.350000 172.905796 -10.000000 0.000000 0.000000 0.000000 0 0 0 0 0 0 0 0
Child: 172.905796 9.225393 94.000000 14.076175 1849.600000 0.000000 -10.000000 0.000000 0.000000 0.000000 0 0 0 0 0 0 0 0
EGO_STATUS -2.514938 69.822284 4.000000 1.390745 10.504749 4.000000 0.000000
DYNAMIC_OBS_INFO 0 -5.750000 44.258494 1.570796 58.260881 -5.750000 129.018008 26.388872 2.599497
DYNAMIC_OBS_INFO 1 -1.750000 40.481458 1.570796 15.756052 -1.750000 55.112104 6.949062 1.016839
STATIC_OBS_INFO 0 -6.300000 76.099490 6.572615 
STATIC_OBS_INFO 1 -6.300000 73.065973 4.538373 
Parent: 509.291195 10.000000 101.000000 0.000000 2055.350000 347.109083 -10.000000 2.682112 34.000000 0.000000 0 0 0 0 0 0 0 0
Child: 347.109083 10.000000 101.000000 0.000000 2055.350000 153.609083 -10.000000 0.000000 0.000000 0.000000 0 0 0 0 0 0 0 0
Child: 153.609083 8.174915 83.000000 14.074758 1647.050000 0.000000 -10.000000 0.000000 0.000000 0.000000 0 0 0 0 0 0 0 0
EGO_STATUS -2.335344 70.857279 4.100000 1.407865 10.504749 4.000000 0.000000
DYNAMIC_OBS_INFO 0 -5.750000 44.258494 1.570796 59.881163 -5.750000 131.669893 26.648821 2.599497
DYNAMIC_OBS_INFO 1 -1.750000 40.481458 1.570796 16.089043 -1.750000 55.812094 7.050746 1.016839
STATIC_OBS_INFO 0 -6.300000 76.099490 5.889361 
STATIC_OBS_INFO 1 -6.300000 73.065973 4.287319 
Parent: 490.419742 10.000000 101.000000 0.000000 2055.350000 327.337630 -10.000000 2.582112 33.000000 0.000000 0 0 0 0 0 0 0 0
Child: 327.337630 10.000000 101.000000 0.000000 2055.350000 133.837630 -10.000000 0.000000 0.000000 0.000000 0 0 0 0 0 0 0 0
Child: 133.837630 7.124438 73.000000 14.071151 1459.750000 0.000000 -10.000000 0.000000 0.000000 0.000000 0 0 0 0 0 0 0 0
EGO_STATUS -2.175546 71.895509 4.200000 1.428835 10.504749 4.000000 0.000000
DYNAMIC_OBS_INFO 0 -5.750000 44.258494 1.570796 61.522702 -5.750000 134.347772 26.908771 2.599497
DYNAMIC_OBS_INFO 1 -1.750000 40.481458 1.570796 16.417375 -1.750000 56.522253 7.152430 1.016839
STATIC_OBS_INFO 0 -6.300000 76.099490 5.306104 
STATIC_OBS_INFO 1 -6.300000 73.065973 4.262689 
Parent: 471.054907 10.000000 101.000000 0.000000 2055.350000 307.072795 -10.000000 2.482112 32.000000 0.000000 0 0 0 0 0 0 0 0
Child: 307.072795 10.000000 101.000000 0.000000 2055.350000 113.572795 -10.000000 0.000000 0.000000 0.000000 0 0 0 0 0 0 0 0
Child: 113.572795 6.073961 62.000000 14.070225 1247.300000 0.000000 -10.000000 0.000000 0.000000 0.000000 0 0 0 0 0 0 0 0
EGO_STATUS -2.039261 72.937079 4.300000 1.452927 10.504749 4.000000 0.000000
DYNAMIC_OBS_INFO 0 -5.750000 44.258494 1.570796 63.185518 -5.750000 137.051647 27.168720 2.599497
DYNAMIC_OBS_INFO 1 -1.750000 40.481458 1.570796 16.740130 -1.750000 57.242580 7.254113 1.016839
STATIC_OBS_INFO 0 -6.300000 76.099490 4.856747 
STATIC_OBS_INFO 1 -6.300000 73.065973 4.465626 
Parent: 451.273524 10.000000 101.000000 0.000000 2055.350000 286.391413 -10.000000 2.382112 31.000000 0.000000 0 0 0 0 0 0 0 0
Child: 286.391413 10.000000 101.000000 0.000000 2055.350000 92.891413 -10.000000 0.000000 0.000000 0.000000 0 0 0 0 0 0 0 0
Child: 92.891413 5.023485 52.000000 14.068156 1051.000000 0.000000 -10.000000 0.000000 0.000000 0.000000 0 0 0 0 0 0 0 0
EGO_STATUS -1.929283 73.981750 4.400000 1.479057 10.504749 4.000000 0.000000
DYNAMIC_OBS_INFO 0 -5.750000 44.258494 1.570796 64.870062 -5.750000 139.781516 27.428670 2.599497
DYNAMIC_OBS_INFO 1 -1.750000 40.481458 1.570796 17.056172 -1.750000 57.973075 7.355797 1.016839
STATIC_OBS_INFO 0 -6.300000 76.099490 4.579801 
STATIC_OBS_INFO 1 -6.300000 73.065973 4.866408 
Parent: 359.303471 30.290952 304.000000 12.212893 3330.900000 71.929633 -10.000000 3.261759 39.000000 0.000000 0 0 0 0 0 0 0 0
Child: 71.929633 3.973009 41.000000 13.833841 831.650000 0.000000 -10.000000 0.000000 0.000000 0.000000 0 0 0 0 0 0 0 0
EGO_STATUS -1.847072 75.028971 4.500000 1.505732 10.504749 4.000000 0.000000
DYNAMIC_OBS_INFO 0 -5.750000 44.258494 1.570796 66.577134 -5.750000 142.537381 27.688620 2.599497
DYNAMIC_OBS_INFO 1 -1.750000 40.481458 1.570796 17.364298 -1.750000 58.713739 7.457481 1.016839
STATIC_OBS_INFO 0 -6.300000 76.099490 4.507781 
STATIC_OBS_INFO 1 -6.300000 73.065973 5.421425 
Parent: 338.924789 30.290952 304.000000 12.212893 3330.900000 50.650951 -10.000000 3.161759 38.000000 0.000000 0 0 0 0 0 0 0 0
Child: 50.650951 2.922534 31.000000 12.488771 630.850000 0.000000 -10.000000 0.000000 0.000000 0.000000 0 0 0 0 0 0 0 0
EGO_STATUS -1.792270 76.077986 4.600000 1.530994 10.504749 4.000000 0.000000
DYNAMIC_OBS_INFO 0 -5.750000 44.258494 1.570796 68.307736 -5.750000 145.319240 27.948569 2.599497
DYNAMIC_OBS_INFO 1 -1.750000 40.481458 1.570796 17.663442 -1.750000 59.464572 7.559165 1.016839
STATIC_OBS_INFO 0 -6.300000 76.099490 4.652928 
STATIC_OBS_INFO 1 -6.300000 73.065973 6.090322 
Parent: 318.177430 30.290952 304.000000 12.212893 3330.900000 29.003592 -10.000000 3.061759 37.000000 0.000000 0 0 0 0 0 0 0 0
Child: 29.003592 1.872059 20.000000 9.691821 407.000000 0.000000 -10.000000 0.000000 0.000000 0.000000 0 0 0 0 0 0 0 0
EGO_STATUS -1.762171 77.128009 4.700000 1.552357 10.504749 4.000000 0.000000
DYNAMIC_OBS_INFO 0 -5.750000 44.258494 1.570796 70.062889 -5.750000 148.127095 28.208519 2.599497
DYNAMIC_OBS_INFO 1 -1.750000 40.481458 1.570796 17.952844 -1.750000 60.225572 7.660849 1.016839
STATIC_OBS_INFO 0 -6.300000 76.099490 5.001409 
STATIC_OBS_INFO 1 -6.300000 73.065973 6.843189 
Parent: 297.214051 30.290952 304.000000 12.212893 3330.900000 7.140212 -10.000000 2.961759 36.000000 0.000000 0 0 0 0 0 0 0 0
Child: 7.140212 0.821585 10.000000 5.123803 203.500000 0.000000 -10.000000 0.000000 0.000000 0.000000 0 0 0 0 0 0 0 0
EGO_STATUS -1.751137 78.178417 4.800000 1.566759 10.504749 4.000000 0.000000
DYNAMIC_OBS_INFO 0 -5.750000 44.258494 1.570796 71.843492 -5.750000 150.960944 28.468469 2.599497
DYNAMIC_OBS_INFO 1 -1.750000 40.481458 1.570796 18.232149 -1.750000 60.996741 7.762533 1.016839
STATIC_OBS_INFO 0 -6.300000 76.099490 5.522271 
STATIC_OBS_INFO 1 -6.300000 73.065973 7.660541 
Parent: 296.279374 30.061993 302.000000 12.212119 3387.500000 0.000000 -10.000000 2.861753 35.000000 0.000000 0 0 0 0 0 0 0 0
EGO_STATUS -1.750018 79.228890 4.900000 1.571000 10.504749 4.000000 0.000000
DYNAMIC_OBS_INFO 0 -5.750000 44.258494 1.570796 73.649993 -5.750000 153.820788 28.728418 2.599497
DYNAMIC_OBS_INFO 1 -1.750000 40.481458 1.570796 18.501282 -1.750000 61.778079 7.864217 1.016839
STATIC_OBS_INFO 0 -6.300000 76.099490 6.176647 
STATIC_OBS_INFO 1 -6.300000 73.065973 8.527169 
Parent: 275.813213 29.011523 292.000000 12.212264 3178.900000 0.000000 -10.000000 2.761753 34.000000 0.000000 0 0 0 0 0 0 0 0
EGO_STATUS -1.752512 80.279361 5.000000 1.576510 10.504749 4.000000 0.000000
DYNAMIC_OBS_INFO 0 -5.750000 44.258494 1.570796 75.482168 -5.750000 156.706628 28.988368 2.599497
DYNAMIC_OBS_INFO 1 -1.750000 40.481458 1.570796 18.760184 -1.750000 62.569585 7.965901 1.016839
STATIC_OBS_INFO 0 -6.300000 76.099490 6.923044 
STATIC_OBS_INFO 1 -6.300000 73.065973 9.426718 
Parent: 255.428169 27.961051 281.000000 12.211865 2960.150000 0.000000 -10.000000 2.661753 33.000000 0.000000 0 0 0 0 0 0 0 0
EGO_STATUS -1.764277 81.329763 5.100000 1.588374 10.504749 4.000000 0.000000
DYNAMIC_OBS_INFO 0 -5.750000 44.258494 1.570796 77.339968 -5.750000 159.618462 29.248318 2.599497
DYNAMIC_OBS_INFO 1 -1.750000 40.481458 1.570796 19.008667 -1.750000 63.371259 8.067584 1.016839
STATIC_OBS_INFO 0 -6.300000 76.099490 7.731294 
STATIC_OBS_INFO 1 -6.300000 73.065973 10.347873 
Parent: 234.976393 26.910579 271.000000 12.212188 2751.250000 0.000000 -10.000000 2.561754 32.000000 0.000000 0 0 0 0 0 0 0 0
EGO_STATUS -1.791165 82.379881 5.200000 1.605055 10.504749 4.000000 0.000000
DYNAMIC_OBS_INFO 0 -5.750000 44.258494 1.570796 79.223645 -5.750000 162.556291 29.508267 2.599497
DYNAMIC_OBS_INFO 1 -1.750000 40.481458 1.570796 19.246414 -1.750000 64.183102 8.169268 1.016839
STATIC_OBS_INFO 0 -6.300000 76.099490 8.581405 
STATIC_OBS_INFO 1 -6.300000 73.065973 11.283308 
Parent: 214.832281 25.860105 260.000000 12.211773 2535.200000 0.000000 -10.000000 2.461754 31.000000 0.000000 0 0 0 0 0 0 0 0
EGO_STATUS -1.837472 83.429317 5.300000 1.625138 10.504749 4.000000 0.000000
DYNAMIC_OBS_INFO 0 -5.750000 44.258494 1.570796 81.133698 -5.750000 165.520115 29.768217 2.599497
DYNAMIC_OBS_INFO 1 -1.750000 40.481458 1.570796 19.473041 -1.750000 65.005113 8.270952 1.016839
STATIC_OBS_INFO 0 -6.300000 76.099490 9.460351 
STATIC_OBS_INFO 1 -6.300000 73.065973 12.228258 
Parent: 194.729961 24.809631 250.000000 12.212097 2329.300000 0.000000 -10.000000 2.361754 30.000000 0.000000 0 0 0 0 0 0 0 0
EGO_STATUS -1.906060 84.477528 5.400000 1.647331 10.504749 4.000000 0.000000
DYNAMIC_OBS_INFO 0 -5.750000 44.258494 1.570796 83.070783 -5.750000 168.509935 30.028167 2.599497
DYNAMIC_OBS_INFO 1 -1.750000 40.481458 1.570796 19.688181 -1.750000 65.837292 8.372636 1.016839
STATIC_OBS_INFO 0 -6.300000 76.099490 10.359667 
STATIC_OBS_INFO 1 -6.300000 73.065973 13.179650 
Parent: 157.424853 10.000000 101.000000 0.000000 15.150000 201.711148 -10.000000 3.213704 39.000000 0.000000 0 0 0 0 0 0 0 0
Child: 201.711148 23.759157 239.000000 12.211647 2117.450000 0.000000 -10.000000 0.000000 0.000000 0.000000 0 0 0 0 0 0 0 0
EGO_STATUS -1.998478 85.523905 5.500000 1.670460 10.504749 4.000000 0.000000
DYNAMIC_OBS_INFO 0 -5.750000 44.258494 1.570796 85.035610 -5.750000 171.525749 30.288116 2.599497
DYNAMIC_OBS_INFO 1 -1.750000 40.481458 1.570796 19.891574 -1.750000 66.679640 8.474320 1.016839
STATIC_OBS_INFO 0 -6.300000 76.099490 11.273875 
STATIC_OBS_INFO 1 -6.300000 73.065973 14.135574 
Parent: 136.986029 10.000000 101.000000 0.000000 15.150000 180.372324 -10.000000 3.113704 38.000000 0.000000 0 0 0 0 0 0 0 0
Child: 180.372324 22.708681 229.000000 12.211939 1907.550000 0.000000 -10.000000 0.000000 0.000000 0.000000 0 0 0 0 0 0 0 0
EGO_STATUS -2.115096 86.567863 5.600000 1.693474 10.504749 4.000000 0.000000
DYNAMIC_OBS_INFO 0 -5.750000 44.258494 1.570796 87.028829 -5.750000 174.567558 30.548066 2.599497
DYNAMIC_OBS_INFO 1 -1.750000 40.481458 1.570796 20.083126 -1.750000 67.532156 8.576004 1.016839
STATIC_OBS_INFO 0 -6.300000 76.099490 12.199477 
STATIC_OBS_INFO 1 -6.300000 73.065973 15.094953 
Parent: 118.872975 10.000000 101.000000 0.000000 15.150000 161.359271 -10.000000 3.013704 37.000000 0.000000 0 0 0 0 0 0 0 0
Child: 161.359271 21.658206 218.000000 12.211421 1712.600000 0.000000 -10.000000 0.000000 0.000000 0.000000 0 0 0 0 0 0 0 0
EGO_STATUS -2.255236 87.608926 5.700000 1.715442 10.504749 4.000000 0.000000
DYNAMIC_OBS_INFO 0 -5.750000 44.258494 1.570796 89.050942 -5.750000 177.635362 30.808016 2.599497
DYNAMIC_OBS_INFO 1 -1.750000 40.481458 1.570796 20.262955 -1.750000 68.394841 8.677688 1.016839
STATIC_OBS_INFO 0 -6.300000 76.099490 13.134321 
STATIC_OBS_INFO 1 -6.300000 73.065973 16.057322 
Parent: 99.425926 10.000000 101.000000 0.000000 15.150000 141.012222 -10.000000 2.913704 36.000000 0.000000 0 0 0 0 0 0 0 0
Child: 141.012222 20.607730 208.000000 12.211634 1512.000000 0.000000 -10.000000 0.000000 0.000000 0.000000 0 0 0 0 0 0 0 0
EGO_STATUS -2.417309 88.646804 5.800000 1.735553 10.504749 4.000000 0.000000
DYNAMIC_OBS_INFO 0 -5.750000 44.258494 1.570796 91.102231 -5.750000 180.729161 31.067965 2.599497
DYNAMIC_OBS_INFO 1 -1.750000 40.481458 1.570796 20.431392 -1.750000 69.267694 8.779371 1.016839
STATIC_OBS_INFO 0 -6.300000 76.099490 14.077184 
STATIC_OBS_INFO 1 -6.300000 73.065973 17.022675 
Parent: 82.229669 10.000000 101.000000 0.000000 15.150000 122.915965 -10.000000 2.813704 35.000000 0.000000 0 0 0 0 0 0 0 0
Child: 122.915965 19.557254 197.000000 12.211005 1326.650000 0.000000 -10.000000 0.000000 0.000000 0.000000 0 0 0 0 0 0 0 0
EGO_STATUS -2.598958 89.681441 5.900000 1.753121 10.504749 4.000000 0.000000
DYNAMIC_OBS_INFO 0 -5.750000 44.258494 1.570796 93.182719 -5.750000 183.848955 31.327915 2.599497
DYNAMIC_OBS_INFO 1 -1.750000 40.481458 1.570796 20.588966 -1.750000 70.150715 8.881055 1.016839
STATIC_OBS_INFO 0 -6.300000 76.099490 15.027486 
STATIC_OBS_INFO 1 -6.300000 73.065973 17.991343 
Parent: 64.051279 10.000000 101.000000 0.000000 15.150000 103.837575 -10.000000 2.713704 34.000000 0.000000 0 0 0 0 0 0 0 0
Child: 103.837575 18.506778 187.000000 12.211082 1138.050000 0.000000 -10.000000 0.000000 0.000000 0.000000 0 0 0 0 0 0 0 0
EGO_STATUS -2.797188 90.713033 6.000000 1.767575 10.504749 4.000000 0.000000
DYNAMIC_OBS_INFO 0 -5.750000 44.258494 1.570796 95.292160 -5.750000 186.994744 31.587865 2.599497
DYNAMIC_OBS_INFO 1 -1.750000 40.481458 1.570796 20.736348 -1.750000 71.043905 8.982739 1.016839
STATIC_OBS_INFO 0 -6.300000 76.099490 15.985084 
STATIC_OBS_INFO 1 -6.300000 73.065973 18.963885 
Parent: 8.333703 10.000000 101.000000 0.000000 15.150000 47.220000 -10.000000 2.613704 33.000000 0.000000 0 0 0 0 0 0 0 0
Child: 47.220000 17.456302 176.000000 12.210287 564.700000 0.000000 -10.000000 0.000000 0.000000 0.000000 0 0 0 0 0 0 0 0
EGO_STATUS -3.008507 91.742028 6.100000 1.778470 10.504749 4.000000 0.000000
DYNAMIC_OBS_INFO 0 -5.750000 44.258494 1.570796 97.430059 -5.750000 190.166528 31.847814 2.599497
DYNAMIC_OBS_INFO 1 -1.750000 40.481458 1.570796 20.874291 -1.750000 71.947263 9.084423 1.016839
STATIC_OBS_INFO 0 -6.300000 76.099490 16.950111 
STATIC_OBS_INFO 1 -6.300000 73.065973 19.941001 
Parent: -8.304939 10.000000 101.000000 0.000000 15.150000 29.681357 -10.000000 2.513704 32.000000 0.000000 0 0 0 0 0 0 0 0
Child: 29.681357 16.405825 166.000000 12.210159 389.300000 0.000000 -10.000000 0.000000 0.000000 0.000000 0 0 0 0 0 0 0 0
EGO_STATUS -3.229048 92.769089 6.200000 1.785480 10.504749 4.000000 0.000000
DYNAMIC_OBS_INFO 0 -5.750000 44.258494 1.570796 99.595717 -5.750000 193.364307 32.107764 2.599497
DYNAMIC_OBS_INFO 1 -1.750000 40.481458 1.570796 21.003546 -1.750000 72.860789 9.186107 1.016839
STATIC_OBS_INFO 0 -6.300000 76.099490 17.922845 
STATIC_OBS_INFO 1 -6.300000 73.065973 20.923434 
Parent: -21.105135 10.000000 101.000000 0.000000 15.150000 15.981162 -10.000000 2.413703 31.000000 0.000000 0 0 0 0 0 0 0 0
Child: 15.981162 15.355348 155.000000 12.209129 250.050000 0.000000 -10.000000 0.000000 0.000000 0.000000 0 0 0 0 0 0 0 0
EGO_STATUS -3.454692 93.795043 6.300000 1.788399 10.504749 4.000000 0.000000
DYNAMIC_OBS_INFO 0 -5.750000 44.258494 1.570796 101.788298 -5.750000 196.588081 32.367714 2.599497
DYNAMIC_OBS_INFO 1 -1.750000 40.481458 1.570796 21.124783 -1.750000 73.784484 9.287791 1.016839
STATIC_OBS_INFO 0 -6.300000 76.099490 18.903597 
STATIC_OBS_INFO 1 -6.300000 73.065973 21.911893 
Parent: -25.374316 10.000000 101.000000 0.000000 15.150000 10.811981 -10.000000 2.313703 30.000000 0.000000 0 0 0 0 0 0 0 0
Child: 10.811981 14.304871 145.000000 12.208723 198.750000 0.000000 -10.000000 0.000000 0.000000 0.000000 0 0 0 0 0 0 0 0
EGO_STATUS -3.681188 94.820809 6.400000 1.787144 10.504749 4.000000 0.000000
DYNAMIC_OBS_INFO 0 -5.750000 44.258494 1.570796 104.006904 -5.750000 199.837850 32.627663 2.599497
DYNAMIC_OBS_INFO 1 -1.750000 40.481458 1.570796 21.238515 -1.750000 74.718347 9.389475 1.016839
STATIC_OBS_INFO 0 -6.300000 76.099490 19.892626 
STATIC_OBS_INFO 1 -6.300000 73.065973 22.906976 
Parent: -46.463451 10.000000 102.000000 0.000000 15.300000 -2.129104 -10.000000 3.165653 39.000000 0.000000 0 0 0 0 0 0 0 0
Child: -2.129104 10.000000 101.000000 0.000000 15.150000 6.370896 -10.000000 0.000000 0.000000 0.000000 0 0 0 0 0 0 0 0
Child: 6.370896 13.254393 134.000000 12.207390 153.300000 0.000000 -10.000000 0.000000 0.000000 0.000000 0 0 0 0 0 0 0 0
EGO_STATUS -3.904258 95.847325 6.500000 1.781750 10.504749 4.000000 0.000000
DYNAMIC_OBS_INFO 0 -5.750000 44.258494 1.570796 106.250660 -5.750000 203.113613 32.887613 2.599497
DYNAMIC_OBS_INFO 1 -1.750000 40.481458 1.570796 21.345033 -1.750000 75.662379 9.491159 1.016839
STATIC_OBS_INFO 0 -6.300000 76.099490 20.890060 
STATIC_OBS_INFO 1 -6.300000 73.065973 23.909106 
Parent: -49.306574 10.000000 102.000000 0.000000 15.300000 -5.872227 -10.000000 3.065653 38.000000 0.000000 0 0 0 0 0 0 0 0
Child: -5.872227 10.000000 101.000000 0.000000 15.150000 2.627773 -10.000000 0.000000 0.000000 0.000000 0 0 0 0 0 0 0 0
Child: 2.627773 12.203916 124.000000 12.206680 116.100000 0.000000 -10.000000 0.000000 0.000000 0.000000 0 0 0 0 0 0 0 0
EGO_STATUS -4.119720 96.875462 6.600000 1.772376 10.504749 4.000000 0.000000
DYNAMIC_OBS_INFO 0 -5.750000 44.258494 1.570796 108.518792 -5.750000 206.415372 33.147562 2.599497
DYNAMIC_OBS_INFO 1 -1.750000 40.481458 1.570796 21.444368 -1.750000 76.616579 9.592842 1.016839
STATIC_OBS_INFO 0 -6.300000 76.099490 21.895847 
STATIC_OBS_INFO 1 -6.300000 73.065973 24.918485 
Parent: -51.464592 10.000000 102.000000 0.000000 15.300000 -8.930245 -10.000000 2.965653 37.000000 0.000000 0 0 0 0 0 0 0 0
Child: -8.930245 10.000000 101.000000 0.000000 15.150000 -0.430245 -10.000000 0.000000 0.000000 0.000000 0 0 0 0 0 0 0 0
Child: -0.430245 11.153438 113.000000 12.205067 84.750000 0.000000 -10.000000 0.000000 0.000000 0.000000 0 0 0 0 0 0 0 0
EGO_STATUS -4.323593 97.905955 6.700000 1.759300 10.504749 4.000000 0.000000
DYNAMIC_OBS_INFO 0 -5.750000 44.258494 1.570796 110.810696 -5.750000 209.743126 33.407512 2.599497
DYNAMIC_OBS_INFO 1 -1.750000 40.481458 1.570796 21.536270 -1.750000 77.580948 9.694526 1.016839
STATIC_OBS_INFO 0 -6.300000 76.099490 22.909715 
STATIC_OBS_INFO 1 -6.300000 73.065973 25.935062 
Parent: -53.066764 10.000000 102.000000 0.000000 15.300000 -11.432417 -10.000000 2.865653 36.000000 0.000000 0 0 0 0 0 0 0 0
Child: -11.432417 10.000000 101.000000 0.000000 15.150000 -2.932417 -10.000000 0.000000 0.000000 0.000000 0 0 0 0 0 0 0 0
Child: -2.932417 10.102961 103.000000 12.204229 59.850000 0.000000 -10.000000 0.000000 0.000000 0.000000 0 0 0 0 0 0 0 0
EGO_STATUS -4.512223 98.939343 6.800000 1.742920 10.504749 4.000000 0.000000
DYNAMIC_OBS_INFO 0 -5.750000 44.258494 1.570796 113.125988 -5.750000 213.096875 33.667462 2.599497
DYNAMIC_OBS_INFO 1 -1.750000 40.481458 1.570796 21.620228 -1.750000 78.555484 9.796210 1.016839
STATIC_OBS_INFO 0 -6.300000 76.099490 23.931166 
STATIC_OBS_INFO 1 -6.300000 73.065973 26.958525 
Parent: -54.019071 10.000000 102.000000 0.000000 15.300000 -13.284723 -10.000000 2.765652 35.000000 0.000000 0 0 0 0 0 0 0 0
Child: -13.284723 10.000000 101.000000 0.000000 15.150000 -4.784723 -10.000000 0.000000 0.000000 0.000000 0 0 0 0 0 0 0 0
Child: -4.784723 9.052484 92.000000 12.202636 40.800000 0.000000 -10.000000 0.000000 0.000000 0.000000 0 0 0 0 0 0 0 0
EGO_STATUS -4.682407 99.975924 6.900000 1.723758 10.504749 4.000000 0.000000
DYNAMIC_OBS_INFO 0 -5.750000 44.258494 1.570796 115.464530 -5.750000 216.476618 33.927411 2.599497
DYNAMIC_OBS_INFO 1 -1.750000 40.481458 1.570796 21.695508 -1.750000 79.540190 9.897894 1.016839
STATIC_OBS_INFO 0 -6.300000 76.099490 24.959488 
STATIC_OBS_INFO 1 -6.300000 73.065973 27.988319 
Parent: -53.538058 10.000000 102.000000 0.000000 15.300000 -14.703710 -10.000000 2.665652 33.000000 0.000000 0 0 0 0 0 0 0 0
Child: -14.703710 10.000000 101.000000 0.000000 15.150000 -6.203710 -10.000000 0.000000 0.000000 0.000000 0 0 0 0 0 0 0 0
Child: -6.203710 8.002007 82.000000 12.202208 26.700000 0.000000 -10.000000 0.000000 0.000000 0.000000 0 0 0 0 0 0 0 0
EGO_STATUS -4.831520 101.015741 7.000000 1.702452 10.504749 4.000000 0.000000
DYNAMIC_OBS_INFO 0 -5.750000 44.258494 1.570796 117.826428 -5.750000 219.882357 34.187361 2.599497
DYNAMIC_OBS_INFO 1 -1.750000 40.481458 1.570796 21.761235 -1.750000 80.535063 9.999578 1.016839
STATIC_OBS_INFO 0 -6.300000 76.099490 25.993786 
STATIC_OBS_INFO 1 -6.300000 73.065973 29.023678 
Parent: -53.580199 10.000000 102.000000 0.000000 15.300000 -15.645851 -10.000000 2.565652 32.000000 0.000000 0 0 0 0 0 0 0 0
Child: -15.645851 10.000000 101.000000 0.000000 15.150000 -7.145851 -10.000000 0.000000 0.000000 0.000000 0 0 0 0 0 0 0 0
Child: -7.145851 6.951531 71.000000 12.201069 16.950000 0.000000 -10.000000 0.000000 0.000000 0.000000 0 0 0 0 0 0 0 0
EGO_STATUS -4.957653 102.058593 7.100000 1.679765 10.504749 4.000000 0.000000
DYNAMIC_OBS_INFO 0 -5.750000 44.258494 1.570796 120.212002 -5.750000 223.314090 34.447311 2.599497
DYNAMIC_OBS_INFO 1 -1.750000 40.481458 1.570796 21.816485 -1.750000 81.540105 10.101262 1.016839
STATIC_OBS_INFO 0 -6.300000 76.099490 27.033045 
STATIC_OBS_INFO 1 -6.300000 73.065973 30.063690 
Parent: -53.300575 10.000000 102.000000 0.000000 15.300000 -16.266227 -10.000000 2.465652 31.000000 0.000000 0 0 0 0 0 0 0 0
Child: -16.266227 10.000000 101.000000 0.000000 15.150000 -7.766227 -10.000000 0.000000 0.000000 0.000000 0 0 0 0 0 0 0 0
Child: -7.766227 5.901055 61.000000 12.140816 10.950000 0.000000 -10.000000 0.000000 0.000000 0.000000 0 0 0 0 0 0 0 0
EGO_STATUS -5.059753 103.104070 7.200000 1.656577 10.504749 4.000000 0.000000
DYNAMIC_OBS_INFO 0 -5.750000 44.258494 1.570796 122.621726 -5.750000 226.771819 34.707260 2.599497
DYNAMIC_OBS_INFO 1 -1.750000 40.481458 1.570796 21.860405 -1.750000 82.555316 10.202946 1.016839
STATIC_OBS_INFO 0 -6.300000 76.099490 28.076198 
STATIC_OBS_INFO 1 -6.300000 73.065973 31.107368 
Parent: -52.781986 10.000000 102.000000 0.000000 15.300000 -16.647638 -10.000000 2.365652 30.000000 0.000000 0 0 0 0 0 0 0 0
Child: -16.647638 10.000000 101.000000 0.000000 15.150000 -8.147638 -10.000000 0.000000 0.000000 0.000000 0 0 0 0 0 0 0 0
Child: -8.147638 4.850580 50.000000 11.594233 7.500000 0.000000 -10.000000 0.000000 0.000000 0.000000 0 0 0 0 0 0 0 0
EGO_STATUS -5.137757 104.151621 7.300000 1.633890 10.504749 4.000000 0.000000
DYNAMIC_OBS_INFO 0 -5.750000 44.258494 1.570796 125.056148 -5.750000 230.255543 34.967210 2.599497
DYNAMIC_OBS_INFO 1 -1.750000 40.481458 1.570796 21.892334 -1.750000 83.580694 10.304630 1.016839
STATIC_OBS_INFO 0 -6.300000 76.099490 29.122204 
STATIC_OBS_INFO 1 -6.300000 73.065973 32.153735 
Parent: -69.721769 10.000000 101.000000 0.000000 15.150000 -25.439371 -10.000000 3.217602 39.000000 0.000000 0 0 0 0 0 0 0 0
Child: -25.439371 10.000000 102.000000 0.000000 15.300000 -16.939371 -10.000000 0.000000 0.000000 0.000000 0 0 0 0 0 0 0 0
Child: -16.939371 10.000000 101.000000 0.000000 15.150000 -8.439371 -10.000000 0.000000 0.000000 0.000000 0 0 0 0 0 0 0 0
Child: -8.439371 3.800104 40.000000 10.427224 6.000000 0.000000 -10.000000 0.000000 0.000000 0.000000 0 0 0 0 0 0 0 0
EGO_STATUS -5.192727 105.200637 7.400000 1.612826 10.504749 4.000000 0.000000
DYNAMIC_OBS_INFO 0 -5.750000 44.258494 1.570796 127.515796 -5.750000 233.765261 35.227160 2.599497
DYNAMIC_OBS_INFO 1 -1.750000 40.481458 1.570796 21.911919 -1.750000 84.616242 10.406313 1.016839
STATIC_OBS_INFO 0 -6.300000 76.099490 30.170135 
STATIC_OBS_INFO 1 -6.300000 73.065973 33.201908 
Parent: -69.156702 10.000000 101.000000 0.000000 15.150000 -25.774304 -10.000000 3.117602 38.000000 0.000000 0 0 0 0 0 0 0 0
Child: -25.774304 10.000000 102.000000 0.000000 15.300000 -17.274304 -10.000000 0.000000 0.000000 0.000000 0 0 0 0 0 0 0 0
Child: -17.274304 10.000000 101.000000 0.000000 15.150000 -8.774304 -10.000000 0.000000 0.000000 0.000000 0 0 0 0 0 0 0 0
Child: -8.774304 2.749630 29.000000 8.577261 4.350000 0.000000 -10.000000 0.000000 0.000000 0.000000 0 0 0 0 0 0 0 0
EGO_STATUS -5.226984 106.250538 7.500000 1.594625 10.504749 4.000000 0.000000
DYNAMIC_OBS_INFO 0 -5.750000 44.258494 1.570796 130.001096 -5.750000 237.300974 35.487109 2.599497
DYNAMIC_OBS_INFO 1 -1.750000 40.481458 1.570796 21.919212 -1.750000 85.661957 10.507997 1.016839
STATIC_OBS_INFO 0 -6.300000 76.099490 31.219230 
STATIC_OBS_INFO 1 -6.300000 73.065973 34.251165 
Parent: -68.662777 10.000000 101.000000 0.000000 15.150000 -26.180379 -10.000000 3.017602 37.000000 0.000000 0 0 0 0 0 0 0 0
Child: -26.180379 10.000000 102.000000 0.000000 15.300000 -17.680379 -10.000000 0.000000 0.000000 0.000000 0 0 0 0 0 0 0 0
Child: -17.680379 10.000000 101.000000 0.000000 15.150000 -9.180379 -10.000000 0.000000 0.000000 0.000000 0 0 0 0 0 0 0 0
Child: -9.180379 1.699155 18.000000 5.982653 2.700000 0.000000 -10.000000 0.000000 0.000000 0.000000 0 0 0 0 0 0 0 0
EGO_STATUS -5.244228 107.300862 7.600000 1.580647 10.504749 4.000000 0.000000
DYNAMIC_OBS_INFO 0 -5.750000 44.258494 1.570796 132.512307 -5.750000 240.862683 35.747059 2.599497
DYNAMIC_OBS_INFO 1 -1.750000 40.481458 1.570796 21.914721 -1.750000 86.717841 10.609681 1.016839
STATIC_OBS_INFO 0 -6.300000 76.099490 32.268929 
STATIC_OBS_INFO 1 -6.300000 73.065973 35.300976 
Parent: -68.275776 10.000000 101.000000 0.000000 15.150000 -26.693379 -10.000000 2.917602 36.000000 0.000000 0 0 0 0 0 0 0 0
Child: -26.693379 10.000000 102.000000 0.000000 15.300000 -18.193379 -10.000000 0.000000 0.000000 0.000000 0 0 0 0 0 0 0 0
Child: -18.193379 10.000000 101.000000 0.000000 15.150000 -9.693379 -10.000000 0.000000 0.000000 0.000000 0 0 0 0 0 0 0 0
Child: -9.693379 0.648680 8.000000 2.581480 1.200000 0.000000 -10.000000 0.000000 0.000000 0.000000 0 0 0 0 0 0 0 0
EGO_STATUS -5.249656 108.351320 7.700000 1.572368 10.504749 4.000000 0.000000
DYNAMIC_OBS_INFO 0 -5.750000 44.258494 1.570796 135.049517 -5.750000 244.450386 36.007009 2.599497
DYNAMIC_OBS_INFO 1 -1.750000 40.481458 1.570796 21.899399 -1.750000 87.783893 10.711365 1.016839
STATIC_OBS_INFO 0 -6.300000 76.099490 33.318854 
STATIC_OBS_INFO 1 -6.300000 73.065973 36.350990 
Parent: -57.742667 10.000000 101.000000 0.000000 15.150000 -17.060269 -10.000000 2.817602 35.000000 0.000000 0 0 0 0 0 0 0 0
Child: -17.060269 10.000000 102.000000 0.000000 15.300000 -8.560269 -10.000000 0.000000 0.000000 0.000000 0 0 0 0 0 0 0 0
Child: -8.560269 9.598205 97.000000 0.000000 14.550000 0.000000 -10.000000 0.000000 0.000000 0.000000 0 0 0 0 0 0 0 0
EGO_STATUS -5.250000 109.401795 7.800000 1.570796 10.504749 4.000000 0.000000
DYNAMIC_OBS_INFO 0 -5.750000 44.258494 1.570796 137.612723 -5.750000 248.064085 36.266958 2.599497
DYNAMIC_OBS_INFO 1 -1.750000 40.481458 1.570796 21.873984 -1.750000 88.860114 10.813049 1.016839
STATIC_OBS_INFO 0 -6.300000 76.099490 34.368823 
STATIC_OBS_INFO 1 -6.300000 73.065973 37.401038 
Parent: -57.000238 10.000000 101.000000 0.000000 15.150000 -17.217840 -10.000000 2.717602 34.000000 0.000000 0 0 0 0 0 0 0 0
Child: -17.217840 10.000000 102.000000 0.000000 15.300000 -8.717840 -10.000000 0.000000 0.000000 0.000000 0 0 0 0 0 0 0 0
Child: -8.717840 8.547730 87.000000 0.000000 13.050000 0.000000 -10.000000 0.000000 0.000000 0.000000 0 0 0 0 0 0 0 0
EGO_STATUS -5.250000 110.452270 7.900000 1.570796 10.504749 4.000000 0.000000
DYNAMIC_OBS_INFO 0 -5.750000 44.258494 1.570796 140.201925 -5.750000 251.703778 36.526908 2.599497
DYNAMIC_OBS_INFO 1 -1.750000 40.481458 1.570796 21.838534 -1.750000 89.946503 10.914733 1.016839
STATIC_OBS_INFO 0 -6.300000 76.099490 35.418822 
STATIC_OBS_INFO 1 -6.300000 73.065973 38.451111 
Parent: -56.257809 10.000000 101.000000 0.000000 15.150000 -17.375412 -10.000000 2.617602 33.000000 0.000000 0 0 0 0 0 0 0 0
Child: -17.375412 10.000000 102.000000 0.000000 15.300000 -8.875412 -10.000000 0.000000 0.000000 0.000000 0 0 0 0 0 0 0 0
Child: -8.875412 7.497255 76.000000 0.000000 11.400000 0.000000 -10.000000 0.000000 0.000000 0.000000 0 0 0 0 0 0 0 0
EGO_STATUS -5.250000 111.502745 8.000000 1.570796 10.504749 4.000000 0.000000
DYNAMIC_OBS_INFO 0 -5.750000 44.258494 1.570796 142.817122 -5.750000 255.369466 36.786858 2.599497
DYNAMIC_OBS_INFO 1 -1.750000 40.481458 1.570796 21.793048 -1.750000 91.043061 11.016417 1.016839
STATIC_OBS_INFO 0 -6.300000 76.099490 36.468848 
STATIC_OBS_INFO 1 -6.300000 73.065973 39.501204 
Parent: -55.515381 10.000000 101.000000 0.000000 15.150000 -17.532983 -10.000000 2.517602 32.000000 0.000000 0 0 0 0 0 0 0 0
Child: -17.532983 10.000000 102.000000 0.000000 15.300000 -9.032983 -10.000000 0.000000 0.000000 0.000000 0 0 0 0 0 0 0 0
Child: -9.032983 6.446780 66.000000 0.000000 9.900000 0.000000 -10.000000 0.000000 0.000000 0.000000 0 0 0 0 0 0 0 0
EGO_STATUS -5.250000 112.553220 8.100000 1.570796 10.504749 4.000000 0.000000
DYNAMIC_OBS_INFO 0 -5.750000 44.258494 1.570796 145.458314 -5.750000 259.061149 37.046807 2.599497
DYNAMIC_OBS_INFO 1 -1.750000 40.481458 1.570796 21.737529 -1.750000 92.149786 11.118101 1.016839
STATIC_OBS_INFO 0 -6.300000 76.099490 37.518900 
STATIC_OBS_INFO 1 -6.300000 73.065973 40.551318 
Parent: -54.772952 10.000000 101.000000 0.000000 15.150000 -17.690554 -10.000000 2.417602 31.000000 0.000000 0 0 0 0 0 0 0 0
Child: -17.690554 10.000000 102.000000 0.000000 15.300000 -9.190554 -10.000000 0.000000 0.000000 0.000000 0 0 0 0 0 0 0 0
Child: -9.190554 5.396306 55.000000 0.000000 8.250000 0.000000 -10.000000 0.000000 0.000000 0.000000 0 0 0 0 0 0 0 0
EGO_STATUS -5.250000 113.603694 8.200000 1.570796 10.504749 4.000000 0.000000
DYNAMIC_OBS_INFO 0 -5.750000 44.258494 1.570796 148.125502 -5.750000 262.778828 37.306757 2.599497
DYNAMIC_OBS_INFO 1 -1.750000 40.481458 1.570796 21.671979 -1.750000 93.266681 11.219784 1.016839
STATIC_OBS_INFO 0 -6.300000 76.099490 38.568975 
STATIC_OBS_INFO 1 -6.300000 73.065973 41.601449 
Parent: -54.030523 10.000000 101.000000 0.000000 15.150000 -17.848125 -10.000000 2.317602 30.000000 0.000000 0 0 0 0 0 0 0 0
Child: -17.848125 10.000000 102.000000 0.000000 15.300000 -9.348125 -10.000000 0.000000 0.000000 0.000000 0 0 0 0 0 0 0 0
Child: -9.348125 4.345831 45.000000 0.000000 6.750000 0.000000 -10.000000 0.000000 0.000000 0.000000 0 0 0 0 0 0 0 0
EGO_STATUS -5.250000 114.654169 8.300000 1.570796 10.504749 4.000000 0.000000
DYNAMIC_OBS_INFO 0 -5.750000 44.258494 1.570796 150.818685 -5.750000 266.522501 37.566707 2.599497
DYNAMIC_OBS_INFO 1 -1.750000 40.481458 1.570796 21.596400 -1.750000 94.393743 11.321468 1.016839
STATIC_OBS_INFO 0 -6.300000 76.099490 39.619071 
STATIC_OBS_INFO 1 -6.300000 73.065973 42.651598 
Parent: -70.836144 10.000000 102.000000 0.000000 15.300000 -26.505697 -10.000000 3.169553 39.000000 0.000000 0 0 0 0 0 0 0 0
Child: -26.505697 10.000000 101.000000 0.000000 15.150000 -18.005697 -10.000000 0.000000 0.000000 0.000000 0 0 0 0 0 0 0 0
Child: -18.005697 10.000000 102.000000 0.000000 15.300000 -9.505697 -10.000000 0.000000 0.000000 0.000000 0 0 0 0 0 0 0 0
Child: -9.505697 3.295356 34.000000 0.000000 5.100000 0.000000 -10.000000 0.000000 0.000000 0.000000 0 0 0 0 0 0 0 0
EGO_STATUS -5.250000 115.704644 8.400000 1.570796 10.504749 4.000000 0.000000
DYNAMIC_OBS_INFO 0 -5.750000 44.258494 1.570796 153.537864 -5.750000 270.292169 37.826656 2.599497
DYNAMIC_OBS_INFO 1 -1.750000 40.481458 1.570796 21.510796 -1.750000 95.530974 11.423152 1.016839
STATIC_OBS_INFO 0 -6.300000 76.099490 40.669186 
STATIC_OBS_INFO 1 -6.300000 73.065973 43.701762 
Parent: -70.093715 10.000000 102.000000 0.000000 15.300000 -26.663268 -10.000000 3.069553 38.000000 0.000000 0 0 0 0 0 0 0 0
Child: -26.663268 10.000000 101.000000 0.000000 15.150000 -18.163268 -10.000000 0.000000 0.000000 0.000000 0 0 0 0 0 0 0 0
Child: -18.163268 10.000000 102.000000 0.000000 15.300000 -9.663268 -10.000000 0.000000 0.000000 0.000000 0 0 0 0 0 0 0 0
Child: -9.663268 2.244881 24.000000 0.000000 3.600000 0.000000 -10.000000 0.000000 0.000000 0.000000 0 0 0 0 0 0 0 0
EGO_STATUS -5.250000 116.755119 8.500000 1.570796 10.504749 4.000000 0.000000
DYNAMIC_OBS_INFO 0 -5.750000 44.258494 1.570796 156.283038 -5.750000 274.087832 38.086606 2.599497
DYNAMIC_OBS_INFO 1 -1.750000 40.481458 1.570796 21.415168 -1.750000 96.678374 11.524836 1.016839
STATIC_OBS_INFO 0 -6.300000 76.099490 41.719320 
STATIC_OBS_INFO 1 -6.300000 73.065973 44.751941 
Parent: -69.351286 10.000000 102.000000 0.000000 15.300000 -26.820839 -10.000000 2.969553 37.000000 0.000000 0 0 0 0 0 0 0 0
Child: -26.820839 10.000000 101.000000 0.000000 15.150000 -18.320839 -10.000000 0.000000 0.000000 0.000000 0 0 0 0 0 0 0 0
Child: -18.320839 10.000000 102.000000 0.000000 15.300000 -9.820839 -10.000000 0.000000 0.000000 0.000000 0 0 0 0 0 0 0 0
Child: -9.820839 1.194406 13.000000 0.000000 1.950000 0.000000 -10.000000 0.000000 0.000000 0.000000 0 0 0 0 0 0 0 0
EGO_STATUS -5.250000 117.805594 8.600000 1.570796 10.504749 4.000000 0.000000
DYNAMIC_OBS_INFO 0 -5.750000 44.258494 1.570796 159.054207 -5.750000 277.909490 38.346555 2.599497
DYNAMIC_OBS_INFO 1 -1.750000 40.481458 1.570796 21.309523 -1.750000 97.835942 11.626520 1.016839
STATIC_OBS_INFO 0 -6.300000 76.099490 42.769470 
STATIC_OBS_INFO 1 -6.300000 73.065973 45.802133 
Parent: -68.608858 10.000000 102.000000 0.000000 15.300000 -26.978410 -10.000000 2.869553 36.000000 0.000000 0 0 0 0 0 0 0 0
Child: -26.978410 10.000000 101.000000 0.000000 15.150000 -18.478410 -10.000000 0.000000 0.000000 0.000000 0 0 0 0 0 0 0 0
Child: -18.478410 10.000000 102.000000 0.000000 15.300000 -9.978410 -10.000000 0.000000 0.000000 0.000000 0 0 0 0 0 0 0 0
Child: -9.978410 0.143931 3.000000 0.000000 0.450000 0.000000 -10.000000 0.000000 0.000000 0.000000 0 0 0 0 0 0 0 0
EGO_STATUS -5.250000 118.856069 8.700000 1.570796 10.504749 4.000000 0.000000
DYNAMIC_OBS_INFO 0 -5.750000 44.258494 1.570796 161.851372 -5.750000 281.757143 38.606505 2.599497
DYNAMIC_OBS_INFO 1 -1.750000 40.481458 1.570796 21.193863 -1.750000 99.003678 11.728204 1.016839
STATIC_OBS_INFO 0 -6.300000 76.099490 43.819636 
STATIC_OBS_INFO 1 -6.300000 73.065973 46.852338 
Parent: -57.866429 10.000000 102.000000 0.000000 15.300000 -17.135982 -10.000000 2.769553 35.000000 0.000000 0 0 0 0 0 0 0 0
Child: -17.135982 10.000000 101.000000 0.000000 15.150000 -8.635982 -10.000000 0.000000 0.000000 0.000000 0 0 0 0 0 0 0 0
Child: -8.635982 9.093456 92.000000 0.000000 13.800000 0.000000 -10.000000 0.000000 0.000000 0.000000 0 0 0 0 0 0 0 0
EGO_STATUS -5.250000 119.906544 8.800000 1.570796 10.504749 4.000000 0.000000
DONE
FINISHED
