25.488494199858295 15.728484557841966 70.4564772460823 92.4856601780462 5.720502625257183 1.7428907479147948 2.938219245266526 38.61835715956016 4.94649596692389 2.4942672137720288 0.7563271191417408 17.117713003491726 10.264048237760607 2.508216455040521 1.1838214865920331 52.66261163640421 7.778993594010605 2.7716727069975353 1.4835938475708268 
25.469646919503404 15.608554210522696 70.22031767446042 92.496256733283 8.29773735729917 1.6049573512156998 2.9697821074496353 39.00326016182149 4.957661079112301 2.4993572291703203 0.9093540501798871 19.28886795177242 4.423076473219286 2.5049992038575444 1.465286016729795 53.70047339695454 8.35968970781262 2.6263921853832226 1.3982943061346864 
25.486372811805506 15.728484557841966 70.4564772460823 92.38580905208767 5.785571128736293 1.7428907479147948 2.9736039988137026 37.772543261179095 4.94649596692389 2.5019695728600557 0.4976219180246879 19.092168118202714 10.26404770790794 2.5085679257569415 1.0927505581752068 52.66261163640421 8.339498213636466 2.6332107909431897 1.4835938475708268 
25.81695422229856 15.608927515800973 70.48781160928 92.50223604408176 5.778491068364884 1.607224888016934 2.929344342014429 37.81877346857816 4.967402320008714 2.4942386986588074 0.7553472836697944 19.158348040309317 10.263936569309013 2.540436951750025 1.1260554580021296 53.89159959677877 9.220803545754947 2.628281762853004 1.353089906096553 
25.486452985780502 15.425129899137554 70.48943636560553 92.48521731112976 8.273916718754801 1.4952739236110761 2.9739626233747884 38.9119675838572 4.94637106311749 2.775410820897571 0.5547095660274058 19.164166417830764 10.165488387018163 2.3173751414835615 1.4316218721921905 51.48397751904352 8.337426586225277 2.5988037914750772 1.3437353404269785 
25.469154632303585 15.601809598090858 70.49542493922227 92.49688708475816 6.465103966607484 1.6416188011178725 2.9704304523583267 38.6108918978631 4.943957164891032 2.4939575263856395 0.5411333457739252 19.164304711446878 10.273899755437947 2.7847324364858483 1.4236430399382076 53.898795023096035 8.348797922496056 2.5991586648655343 1.3428150133793935 
25.48652328585282 15.608796710905088 70.48781160928 92.50223604408176 5.778491068364884 1.608821849838674 2.9295545781264543 38.844859082038525 4.959386906715048 2.4942461708530375 0.7475700061743976 16.298054179392658 10.26394216878618 2.5015612528786257 0.6944037618716381 53.84748278823841 9.233784433159194 2.628281762853004 1.322230926277069 
25.81695422229856 15.608927515800973 70.48781160928 92.50223604408176 5.778491068364884 1.607224888016934 2.929344342014429 37.81877346857816 4.959386906715048 2.501507900363404 0.7571634874877984 19.158348040309317 10.263936569309013 2.501427686980536 1.2973497014302657 53.89159959677877 9.220803545754947 2.628281762853004 1.353089906096553 
25.486372811805506 15.542063230504281 71.2138243152263 92.4405177472414 5.720506527980067 1.605225082464742 2.9696342772430557 39.00499372544146 4.966288106540202 2.494278503592212 0.8508175062417649 17.184551427800848 10.264053756404945 2.5131041778116545 0.7601493205200127 53.700930718877906 7.801793573906918 2.788085353452801 1.7062603364471065 
25.467842439307578 15.610233617694266 70.94731683774364 92.39392789904387 5.81822016910251 1.7465572056717016 2.9703650720872514 38.913943963590015 4.967603747458123 2.4942797172779203 0.7462699031501911 19.158348040309317 10.263936569309013 2.314899332638269 1.4338457572159409 53.89855122916907 9.283852104925357 2.382274025640802 1.3664908321900817 
25.81695422229856 15.608927515800973 70.48781160928 92.50223604408176 5.778491068364884 1.607224888016934 2.929344342014429 37.81877346857816 4.959386906715048 2.501507900363404 0.7571634874877984 19.158348040309317 10.263936569309013 2.501427686980536 1.176808700349054 53.89159959677877 9.220803545754947 2.628281762853004 1.353089906096553 
25.48609221840628 15.604522435342204 70.4564772460823 92.4856601780462 5.720502625257183 1.746491772675326 2.938219245266526 38.61940307849739 4.692023138738031 2.4942672137720288 0.8730460851321258 17.184551427800848 10.26404770790794 2.351527224061412 1.104624008956085 53.91522632561284 7.778993594010605 2.3868149339142466 1.4835938475708268 
25.468569285693274 15.627265822165555 70.48853255499375 92.38318824785136 5.725971159034364 1.7005439074543065 2.974851452658924 38.896695653858814 4.946495700192621 2.779832282750147 0.5011012349664808 17.16003177336212 4.462114457633234 2.784230282813841 1.4571335266202594 53.755274641708034 8.336418851455731 2.630273134586194 1.4831749190224408 
25.470268348138344 15.627265822165555 70.45592020661007 92.38435515872864 5.716980789913246 1.708794487615359 2.974997335140391 38.619318962944 4.94649528665476 2.4953977373767247 0.7487312398047649 19.004139778788506 4.432550510688532 2.5034059855305992 1.1123266931912161 53.752375177480324 8.32517932586603 2.630278338408346 1.3571042117920853 
25.469154632303585 15.60957648348128 70.49561080051987 92.49003021305539 6.41834292879289 1.5014690686947847 3.056186995920882 38.913807089774444 4.943957164891032 2.5098517192884082 0.5250494950376423 19.16416372604949 11.220509158983191 2.54476567179401 1.121024856810855 53.89184339070573 8.338803493665727 2.5991586648655343 1.6957256396972686 
25.467184438369923 15.4119489795573 70.44106137963733 92.38871529182087 5.745775216992499 1.4989740227780919 2.973883109796697 38.88779001647983 4.946495700192621 2.779832282750147 0.5011012349664808 19.158344698324882 4.294939981553237 2.784230282813841 1.1476127884009077 52.47054838625435 8.336418851455731 2.6473542822113556 1.4939668284254741 
25.469154632303585 15.609562942380276 70.49542493922227 92.4846591173174 6.465103966607484 1.5014690686947847 2.9704304523583267 38.913807089774444 4.943957164891032 2.5098517192884082 0.5161383236147682 19.16416372604949 11.220509158983191 2.318989206765564 1.431560574590252 53.898795023096035 8.348797922496056 2.5991586648655343 1.3437560558464003 
25.81695422229856 15.4584198470337 70.29573762362341 92.50223604408176 5.31653056008612 1.607224888016934 2.9749898711970113 38.93611624767332 4.9578083701635025 2.501507900363404 0.507712789647994 19.15862130531677 10.914684809240363 2.820181972175594 1.2973497014302657 53.89159959677877 9.220803545754947 2.628281762853004 1.353089906096553 
25.486086463257067 15.627265822165555 70.45592020661007 92.38262489338878 5.769428433255893 1.7475115671445594 2.974851452658924 38.63076921755176 4.94649528665476 2.4942782729225987 0.5011012349664808 19.110656308644554 4.437628963547516 2.54297218548552 0.806804852272865 53.755274641708034 8.350475853779388 2.630273134586194 1.4772324532246472 
25.468569285693274 15.627265822165555 70.45592020661007 92.38262489338878 5.720659416978799 1.7005439074543065 2.974851452658924 38.619318962944 4.94649528665476 2.4953977373767247 0.5011012349664808 17.16003177336212 4.432550510688532 2.784230282813841 1.1123266931912161 53.755274641708034 8.311790648648065 2.630273134586194 1.4835888932668213 
