STATIC_OBS_INIT_INFO 0 -6.300000 62.215991
STATIC_OBS_INIT_INFO 1 -6.300000 78.246953
Parent: -28.936591 10.000000 101.000000 0.000000 15.150000 17.358638 -10.000000 2.204771 40.000000 0.000000 0 0 0 0 0 0 0 0
Child: 17.358638 24.134515 243.000000 11.312306 264.150000 0.000000 -10.000000 0.000000 0.000000 0.000000 0 0 0 0 0 0 0 0
EGO_STATUS -5.750000 19.874359 0.000000 1.570796 15.482111 4.000000 0.000000
DYNAMIC_OBS_INFO 0 -5.750000 47.623750 1.570796 26.201180 -5.750000 47.623750 9.969554 1.348216
DYNAMIC_OBS_INFO 1 -1.750000 43.549118 1.570796 22.485196 -1.750000 43.549118 4.253258 1.911365
STATIC_OBS_INFO 0 -6.300000 62.215991 40.797129 
STATIC_OBS_INFO 1 -6.300000 78.246953 56.827044 
Parent: 467.526455 20.435104 206.000000 3058.649900 2061.400000 14.841109 -10.000000 2.778782 48.000000 0.000000 1 0 0 0 0 0 0 0
Child: 14.841109 22.586303 227.000000 11.311562 238.350000 0.000000 -10.000000 0.000000 0.000000 0.000000 0 0 0 0 0 0 0 0
EGO_STATUS -5.749990 21.422570 0.100000 1.570764 15.482111 4.000000 0.000000
DYNAMIC_OBS_INFO 0 -5.750000 47.623750 1.570796 25.656665 -5.750000 48.627446 10.104376 1.348216
DYNAMIC_OBS_INFO 1 -1.750000 43.549118 1.570796 20.963434 -1.750000 43.549118 4.253258 1.911365
STATIC_OBS_INFO 0 -6.300000 62.215991 39.249068 
STATIC_OBS_INFO 1 -6.300000 78.246953 55.278911 
Parent: 465.845201 20.435104 206.000000 3058.649900 2061.400000 12.259855 -10.000000 2.678782 47.000000 0.000000 1 0 0 0 0 0 0 0
Child: 12.259855 21.038092 212.000000 11.311658 213.000000 0.000000 -10.000000 0.000000 0.000000 0.000000 0 0 0 0 0 0 0 0
EGO_STATUS -5.749707 22.970781 0.200000 1.570347 15.482111 4.000000 0.000000
DYNAMIC_OBS_INFO 0 -5.750000 47.623750 1.570796 25.125634 -5.750000 49.644625 10.239197 1.348216
DYNAMIC_OBS_INFO 1 -1.750000 43.549118 1.570796 19.445565 -1.750000 43.549118 4.253258 1.911365
STATIC_OBS_INFO 0 -6.300000 62.215991 37.701041 
STATIC_OBS_INFO 1 -6.300000 78.246953 53.730796 
Parent: 295.332936 39.776576 399.000000 10.639732 3358.650000 0.000000 0.000000 4.446197 45.000000 0.000000 0 0 0 0 0 0 0 0
EGO_STATUS -5.748037 24.518991 0.300000 1.568847 15.482111 4.000000 0.000000
DYNAMIC_OBS_INFO 0 -5.750000 47.623750 1.570796 24.622808 -5.750000 50.675286 10.374019 1.348216
DYNAMIC_OBS_INFO 1 -1.750000 43.549118 1.570796 17.946448 -1.750000 43.549118 4.253258 1.911365
STATIC_OBS_INFO 0 -6.300000 62.215991 36.167804 
STATIC_OBS_INFO 1 -6.300000 78.246953 52.197448 
Parent: 284.762127 38.243086 384.000000 10.639458 3337.200000 0.000000 -10.000000 4.346206 43.000000 0.000000 0 0 0 0 0 0 0 0
EGO_STATUS -5.742823 26.052479 0.400000 1.565612 15.188111 3.000000 -2.940000
DYNAMIC_OBS_INFO 0 -5.750000 47.623750 1.570796 24.162895 -5.750000 51.719429 10.508840 1.348216
DYNAMIC_OBS_INFO 1 -1.750000 43.549118 1.570796 16.480693 -1.750000 43.549118 4.253258 1.911365
STATIC_OBS_INFO 0 -6.300000 62.215991 34.664115 
STATIC_OBS_INFO 1 -6.300000 78.246953 50.693601 
Parent: 283.105127 36.738987 369.000000 10.639409 3312.450000 0.000000 -10.000000 4.246211 42.000000 0.000000 0 0 0 0 0 0 0 0
EGO_STATUS -5.731299 27.556541 0.500000 1.560273 14.894111 3.000000 -2.940000
DYNAMIC_OBS_INFO 0 -5.750000 47.623750 1.570796 23.745998 -5.750000 52.777054 10.643662 1.348216
DYNAMIC_OBS_INFO 1 -1.750000 43.549118 1.570796 15.048537 -1.750000 43.549118 4.253258 1.911365
STATIC_OBS_INFO 0 -6.300000 62.215991 33.190139 
STATIC_OBS_INFO 1 -6.300000 78.246953 49.219395 
Parent: 183.439027 20.435104 206.000000 9.058345 2061.400000 13.243699 0.000000 4.806824 40.000000 0.000000 0 0 0 0 0 0 0 0
Child: 13.243699 14.978127 151.000000 27.164594 106.350000 0.000000 0.000000 0.000000 0.000000 0.000000 0 0 0 1 0 0 0 0
EGO_STATUS -5.710468 29.031088 0.600000 1.552669 14.600111 3.000000 -2.940000
DYNAMIC_OBS_INFO 0 -5.750000 47.623750 1.570796 23.386981 -5.750000 53.848161 10.778484 1.348216
DYNAMIC_OBS_INFO 1 -1.750000 43.549118 1.570796 13.664533 -1.750000 43.549118 4.253258 1.911365
STATIC_OBS_INFO 0 -6.300000 62.215991 31.760793 
STATIC_OBS_INFO 1 -6.300000 78.246953 47.789711 
Parent: 653.843428 10.000000 102.000000 0.000000 2075.700000 506.204525 -10.000000 3.138903 49.000000 0.000000 0 0 0 0 0 0 0 0
Child: 506.204525 20.435104 206.000000 3048.041224 2061.400000 9.350336 -10.000000 0.000000 0.000000 0.000000 1 0 0 0 0 0 0 0
Child: 9.350336 13.547548 137.000000 9.205563 85.350000 0.000000 0.000000 0.000000 0.000000 0.000000 0 0 0 0 0 0 0 0
EGO_STATUS -5.677884 30.461291 0.700000 1.543058 14.012111 1.000000 -5.880000
DYNAMIC_OBS_INFO 0 -5.750000 47.623750 1.570796 23.071316 -5.750000 54.932750 10.913305 1.348216
DYNAMIC_OBS_INFO 1 -1.750000 43.549118 1.570796 12.315154 -1.750000 43.549118 4.253258 1.911365
STATIC_OBS_INFO 0 -6.300000 62.215991 30.361609 
STATIC_OBS_INFO 1 -6.300000 78.246953 46.390029 
Parent: 642.864127 10.000000 102.000000 0.000000 2075.700000 494.325224 -10.000000 3.038903 48.000000 0.000000 0 0 0 0 0 0 0 0
Child: 494.325224 20.435104 206.000000 3048.041224 2061.400000 -2.528965 -10.000000 0.000000 0.000000 0.000000 1 0 0 0 0 0 0 0
Child: -2.528965 12.146337 123.000000 9.205511 66.450000 0.000000 -10.000000 0.000000 0.000000 0.000000 0 0 0 0 0 0 0 0
EGO_STATUS -5.631772 31.861737 0.800000 1.532745 14.012111 4.000000 0.000000
DYNAMIC_OBS_INFO 0 -5.750000 47.623750 1.570796 22.769849 -5.750000 56.030822 11.048127 1.348216
DYNAMIC_OBS_INFO 1 -1.750000 43.549118 1.570796 10.974489 -1.750000 43.549118 4.253258 1.911365
STATIC_OBS_INFO 0 -6.300000 62.215991 28.963473 
STATIC_OBS_INFO 1 -6.300000 78.246953 44.991174 
Parent: 522.489684 30.652656 308.000000 11.414829 5579.800000 7.418314 0.000000 4.624665 46.000000 0.000000 0 0 0 0 0 0 0 0
Child: 7.418314 10.745126 109.000000 25.902375 49.350000 0.000000 0.000000 0.000000 0.000000 0.000000 0 0 0 1 0 0 0 0
EGO_STATUS -5.572017 33.261669 0.900000 1.524018 14.012111 4.000000 0.000000
DYNAMIC_OBS_INFO 0 -5.750000 47.623750 1.570796 22.511952 -5.750000 57.142376 11.182949 1.348216
DYNAMIC_OBS_INFO 1 -1.750000 43.549118 1.570796 9.675375 -1.750000 43.549118 4.253258 1.911365
STATIC_OBS_INFO 0 -6.300000 62.215991 27.595703 
STATIC_OBS_INFO 1 -6.300000 78.246953 43.622446 
Parent: 511.945814 30.652656 308.000000 11.414766 5579.800000 -4.025563 0.000000 4.524679 45.000000 0.000000 0 0 0 0 0 0 0 0
Child: -4.025563 9.373347 95.000000 25.901631 34.650000 0.000000 -10.000000 0.000000 0.000000 0.000000 0 0 0 1 0 0 0 0
EGO_STATUS -5.504161 34.631766 1.000000 1.519418 13.424111 1.000000 -5.880000
DYNAMIC_OBS_INFO 0 -5.750000 47.623750 1.570796 22.326594 -5.750000 58.267412 11.317770 1.348216
DYNAMIC_OBS_INFO 1 -1.750000 43.549118 1.570796 8.452440 -1.750000 43.549118 4.253258 1.911365
STATIC_OBS_INFO 0 -6.300000 62.215991 26.287157 
STATIC_OBS_INFO 1 -6.300000 78.246953 42.312745 
Parent: 159.219932 28.465152 286.000000 25.399383 1971.900000 0.000000 -10.000000 4.431715 34.000000 0.000000 0 0 0 1 0 0 0 0
EGO_STATUS -5.436595 35.943018 1.100000 1.520090 12.836111 1.000000 -5.880000
DYNAMIC_OBS_INFO 0 -5.750000 47.623750 1.570796 22.213365 -5.750000 59.405930 11.452592 1.348216
DYNAMIC_OBS_INFO 1 -1.750000 43.549118 1.570796 7.315300 -1.750000 43.549118 4.253258 1.911365
STATIC_OBS_INFO 0 -6.300000 62.215991 25.037333 
STATIC_OBS_INFO 1 -6.300000 78.246953 41.061637 
Parent: 161.427077 27.210946 274.000000 25.399206 1978.300000 0.000000 -10.000000 4.439664 32.000000 0.000000 0 0 0 1 0 0 0 0
EGO_STATUS -5.375999 37.195714 1.200000 1.525549 12.248111 1.000000 -5.880000
DYNAMIC_OBS_INFO 0 -5.750000 47.623750 1.570796 22.171872 -5.750000 60.557930 11.587414 1.348216
DYNAMIC_OBS_INFO 1 -1.750000 43.549118 1.570796 6.277645 -1.750000 43.549118 4.253258 1.911365
STATIC_OBS_INFO 0 -6.300000 62.215991 23.845762 
STATIC_OBS_INFO 1 -6.300000 78.246953 39.868735 
Parent: 161.881373 26.015525 262.000000 25.398977 1972.900000 0.000000 -10.000000 4.458488 31.000000 0.000000 0 0 0 1 0 0 0 0
EGO_STATUS -5.326778 38.390098 1.300000 1.534052 11.660111 1.000000 -5.880000
DYNAMIC_OBS_INFO 0 -5.750000 47.623750 1.570796 22.202111 -5.750000 61.723413 11.722235 1.348216
DYNAMIC_OBS_INFO 1 -1.750000 43.549118 1.570796 5.358959 -1.750000 43.549118 4.253258 1.911365
STATIC_OBS_INFO 0 -6.300000 62.215991 22.712385 
STATIC_OBS_INFO 1 -6.300000 78.246953 38.734054 
Parent: 161.336274 24.878953 250.000000 25.040844 1953.000000 0.000000 -10.000000 4.489930 30.000000 0.000000 0 0 0 1 0 0 0 0
EGO_STATUS -5.290263 39.526062 1.400000 1.543260 11.072111 1.000000 -5.880000
DYNAMIC_OBS_INFO 0 -5.750000 47.623750 1.570796 22.304125 -5.750000 62.902377 11.857057 1.348216
DYNAMIC_OBS_INFO 1 -1.750000 43.549118 1.570796 4.585994 -1.750000 43.549118 4.253258 1.911365
STATIC_OBS_INFO 0 -6.300000 62.215991 21.637235 
STATIC_OBS_INFO 1 -6.300000 78.246953 37.657653 
Parent: 514.690347 30.652656 308.000000 11.414072 5579.800000 -6.781116 0.000000 4.024834 39.000000 0.000000 0 0 0 0 0 0 0 0
Child: -6.781116 3.396654 35.000000 27.918214 5.250000 0.000000 -10.000000 0.000000 0.000000 0.000000 0 0 0 1 0 0 0 0
EGO_STATUS -5.264945 40.603527 1.500000 1.551011 10.484111 1.000000 -5.880000
DYNAMIC_OBS_INFO 0 -5.750000 47.623750 1.570796 22.478076 -5.750000 64.094824 11.991879 1.348216
DYNAMIC_OBS_INFO 1 -1.750000 43.549118 1.570796 3.993678 -1.750000 43.549118 4.253258 1.911365
STATIC_OBS_INFO 0 -6.300000 62.215991 20.620485 
STATIC_OBS_INFO 1 -6.300000 78.246953 36.639703 
Parent: 515.380850 30.652656 308.000000 11.413983 5579.800000 -6.990624 0.000000 3.924854 38.000000 0.000000 0 0 0 0 0 0 0 0
Child: -6.990624 2.377689 25.000000 27.891819 3.750000 0.000000 -10.000000 0.000000 0.000000 0.000000 0 0 0 1 0 0 0 0
EGO_STATUS -5.248147 41.622351 1.600000 1.558610 9.896111 1.000000 -5.880000
DYNAMIC_OBS_INFO 0 -5.750000 47.623750 1.570796 22.723939 -5.750000 65.300753 12.126700 1.348216
DYNAMIC_OBS_INFO 1 -1.750000 43.549118 1.570796 3.624752 -1.750000 43.549118 4.253258 1.911365
STATIC_OBS_INFO 0 -6.300000 62.215991 19.661938 
STATIC_OBS_INFO 1 -6.300000 78.246953 35.680139 
Parent: -28.432409 10.000000 101.000000 20.000000 15.150000 -7.461135 -10.000000 2.548529 17.000000 0.000000 0 0 0 1 0 0 0 0
Child: -7.461135 1.417559 16.000000 26.256183 2.400000 0.000000 -10.000000 0.000000 0.000000 0.000000 0 0 0 1 0 0 0 0
EGO_STATUS -5.243480 42.582460 1.700000 1.573729 9.308111 1.000000 -5.880000
DYNAMIC_OBS_INFO 0 -5.750000 47.623750 1.570796 23.041765 -5.750000 66.520164 12.261522 1.348216
DYNAMIC_OBS_INFO 1 -1.750000 43.549118 1.570796 3.499498 -1.750000 43.549118 4.253258 1.911365
STATIC_OBS_INFO 0 -6.300000 62.215991 18.761610 
STATIC_OBS_INFO 1 -6.300000 78.246953 34.778991 
Parent: -28.183204 10.000000 101.000000 20.000000 15.150000 -8.111932 -10.000000 2.448530 16.000000 0.000000 0 0 0 1 0 0 0 0
Child: -8.111932 0.516153 7.000000 24.555718 1.050000 0.000000 -10.000000 0.000000 0.000000 0.000000 0 0 0 1 0 0 0 0
EGO_STATUS -5.248889 43.483849 1.800000 1.575852 8.720111 1.000000 -5.880000
DYNAMIC_OBS_INFO 0 -5.750000 47.623750 1.570796 23.432021 -5.750000 67.753057 12.396344 1.348216
DYNAMIC_OBS_INFO 1 -1.750000 43.549118 1.570796 3.516706 -1.750000 43.984000 4.444394 1.911365
STATIC_OBS_INFO 0 -6.300000 62.215991 17.920407 
STATIC_OBS_INFO 1 -6.300000 78.246953 33.936829 
Parent: -19.198549 9.673629 98.000000 20.000000 14.700000 0.000000 -10.000000 2.376197 15.000000 0.000000 0 0 0 1 0 0 0 0
EGO_STATUS -5.250000 44.326371 1.900000 1.570796 8.132111 1.000000 -5.880000
DYNAMIC_OBS_INFO 0 -5.750000 47.623750 1.570796 23.894552 -5.750000 68.999433 12.531165 1.348216
DYNAMIC_OBS_INFO 1 -1.750000 43.549118 1.570796 3.563950 -1.750000 44.437996 4.635531 1.911365
STATIC_OBS_INFO 0 -6.300000 62.215991 17.138074 
STATIC_OBS_INFO 1 -6.300000 78.246953 33.153472 
Parent: -18.337331 8.889888 90.000000 20.000000 13.500000 0.000000 -10.000000 2.353655 14.000000 0.000000 0 0 0 1 0 0 0 0
EGO_STATUS -5.250000 45.110112 2.000000 1.570796 7.544111 1.000000 -5.880000
DYNAMIC_OBS_INFO 0 -5.750000 47.623750 1.570796 24.429399 -5.750000 70.259290 12.665987 1.348216
DYNAMIC_OBS_INFO 1 -1.750000 43.549118 1.570796 3.619889 -1.750000 44.911106 4.826667 1.911365
STATIC_OBS_INFO 0 -6.300000 62.215991 16.414599 
STATIC_OBS_INFO 1 -6.300000 78.246953 32.428947 
Parent: -18.463580 8.164991 83.000000 20.000000 12.450000 0.000000 -10.000000 2.344203 14.000000 0.000000 0 0 0 1 0 0 0 0
EGO_STATUS -5.250000 45.835009 2.100000 1.570796 6.956111 1.000000 -5.880000
DYNAMIC_OBS_INFO 0 -5.750000 47.623750 1.570796 25.036565 -5.750000 71.532630 12.800808 1.348216
DYNAMIC_OBS_INFO 1 -1.750000 43.549118 1.570796 3.668107 -1.750000 45.403330 5.017803 1.911365
STATIC_OBS_INFO 0 -6.300000 62.215991 15.749972 
STATIC_OBS_INFO 1 -6.300000 78.246953 31.763254 
Parent: -17.550292 7.498942 76.000000 20.000000 11.400000 0.000000 -10.000000 2.351462 13.000000 0.000000 0 0 0 1 0 0 0 0
EGO_STATUS -5.250000 46.501058 2.200000 1.570796 6.368111 1.000000 -5.880000
DYNAMIC_OBS_INFO 0 -5.750000 47.623750 1.570796 25.715905 -5.750000 72.819452 12.935630 1.348216
DYNAMIC_OBS_INFO 1 -1.750000 43.549118 1.570796 3.697975 -1.750000 45.914667 5.208940 1.911365
STATIC_OBS_INFO 0 -6.300000 62.215991 15.144027 
STATIC_OBS_INFO 1 -6.300000 78.246953 31.156242 
Parent: -16.616766 6.891591 70.000000 20.000000 10.500000 0.000000 -10.000000 2.380469 12.000000 0.000000 0 0 0 1 0 0 0 0
EGO_STATUS -5.250000 47.108409 2.300000 1.570796 5.780111 1.000000 -5.880000
DYNAMIC_OBS_INFO 0 -5.750000 47.623750 1.570796 26.467732 -5.750000 74.119756 13.070452 1.348216
DYNAMIC_OBS_INFO 1 -1.750000 43.549118 1.570796 3.703788 -1.750000 46.445118 5.400076 1.911365
STATIC_OBS_INFO 0 -6.300000 62.215991 14.597057 
STATIC_OBS_INFO 1 -6.300000 78.246953 30.608220 
Parent: -16.658020 6.343253 65.000000 20.000000 9.750000 0.000000 -10.000000 2.438722 12.000000 0.000000 0 0 0 1 0 0 0 0
EGO_STATUS -5.250000 47.656747 2.400000 1.570796 5.192111 1.000000 -5.880000
DYNAMIC_OBS_INFO 0 -5.750000 47.623750 1.570796 27.291690 -5.750000 75.433542 13.205273 1.348216
DYNAMIC_OBS_INFO 1 -1.750000 43.549118 1.570796 3.684634 -1.750000 46.994682 5.591213 1.911365
STATIC_OBS_INFO 0 -6.300000 62.215991 14.108684 
STATIC_OBS_INFO 1 -6.300000 78.246953 30.118828 
Parent: -15.633530 5.853567 60.000000 20.000000 9.000000 0.000000 -10.000000 2.537246 11.000000 0.000000 0 0 0 1 0 0 0 0
EGO_STATUS -5.250000 48.146433 2.500000 1.570796 4.604111 1.000000 -5.880000
DYNAMIC_OBS_INFO 0 -5.750000 47.623750 1.570796 28.188194 -5.750000 76.760811 13.340095 1.348216
DYNAMIC_OBS_INFO 1 -1.750000 43.549118 1.570796 3.643840 -1.750000 47.563360 5.782349 1.911365
STATIC_OBS_INFO 0 -6.300000 62.215991 13.679297 
STATIC_OBS_INFO 1 -6.300000 78.246953 29.688475 
Parent: -15.555901 5.422949 56.000000 20.000000 8.400000 0.000000 -10.000000 2.693889 11.000000 0.000000 0 0 0 1 0 0 0 0
EGO_STATUS -5.250000 48.577051 2.600000 1.570796 4.016111 1.000000 -5.880000
DYNAMIC_OBS_INFO 0 -5.750000 47.623750 1.570796 29.157083 -5.750000 78.101561 13.474917 1.348216
DYNAMIC_OBS_INFO 1 -1.750000 43.549118 1.570796 3.589734 -1.750000 48.151152 5.973486 1.911365
STATIC_OBS_INFO 0 -6.300000 62.215991 13.308710 
STATIC_OBS_INFO 1 -6.300000 78.246953 29.316996 
Parent: -15.361155 5.051234 52.000000 20.000000 7.800000 0.000000 -10.000000 2.938378 11.000000 0.000000 0 0 0 1 0 0 0 0
EGO_STATUS -5.250000 48.948766 2.700000 1.570796 3.428111 1.000000 -5.880000
DYNAMIC_OBS_INFO 0 -5.750000 47.623750 1.570796 30.198192 -5.750000 79.455794 13.609738 1.348216
DYNAMIC_OBS_INFO 1 -1.750000 43.549118 1.570796 3.536057 -1.750000 48.758058 6.164622 1.911365
STATIC_OBS_INFO 0 -6.300000 62.215991 12.996734 
STATIC_OBS_INFO 1 -6.300000 78.246953 29.004223 
Parent: -14.030314 4.738259 49.000000 20.000000 7.350000 0.000000 -10.000000 3.324964 10.000000 0.000000 0 0 0 1 0 0 0 0
EGO_STATUS -5.250000 49.261741 2.800000 1.570796 2.840111 1.000000 -5.880000
DYNAMIC_OBS_INFO 0 -5.750000 47.623750 1.570796 31.312582 -5.750000 80.823509 13.744560 1.348216
DYNAMIC_OBS_INFO 1 -1.750000 43.549118 1.570796 3.502445 -1.750000 49.384077 6.355759 1.911365
STATIC_OBS_INFO 0 -6.300000 62.215991 12.744399 
STATIC_OBS_INFO 1 -6.300000 78.246953 28.751212 
Parent: -13.411810 4.485080 46.000000 20.000000 6.900000 0.000000 -10.000000 3.965393 10.000000 0.000000 0 0 0 1 0 0 0 0
EGO_STATUS -5.250000 49.514920 2.900000 1.570796 2.252111 1.000000 -5.880000
DYNAMIC_OBS_INFO 0 -5.750000 47.623750 1.570796 32.498214 -5.750000 82.204706 13.879382 1.348216
DYNAMIC_OBS_INFO 1 -1.750000 43.549118 1.570796 3.514495 -1.750000 50.029209 6.546895 1.911365
STATIC_OBS_INFO 0 -6.300000 62.215991 12.549654 
STATIC_OBS_INFO 1 -6.300000 78.246953 28.555924 
Parent: 1107.329940 20.435104 206.000000 34.667078 11361.400000 2.593295 0.000000 4.252100 30.000000 0.000000 0 0 1 0 0 0 0 0
Child: 2.593295 4.289661 44.000000 20.000000 6.600000 0.000000 0.000000 0.000000 0.000000 0.000000 0 0 1 0 0 0 0 0
EGO_STATUS -5.250000 49.710339 3.000000 1.570796 1.664111 1.000000 -5.880000
DYNAMIC_OBS_INFO 0 -5.750000 47.623750 1.570796 33.711041 -5.750000 83.599385 14.014203 1.348216
DYNAMIC_OBS_INFO 1 -1.750000 43.549118 1.570796 3.590577 -1.750000 50.693456 6.738032 1.911365
STATIC_OBS_INFO 0 -6.300000 62.215991 12.368587 
STATIC_OBS_INFO 1 -6.300000 78.246953 28.374334 
Parent: -5.209301 4.107947 43.000000 0.000000 6.450000 0.000000 0.000000 4.174507 10.000000 0.000000 0 0 0 0 0 1 0 0
EGO_STATUS -5.250000 49.892053 3.100000 1.570796 1.958111 0.000000 2.940000
DYNAMIC_OBS_INFO 0 -5.750000 47.623750 1.570796 34.925634 -5.750000 85.007547 14.149025 1.348216
DYNAMIC_OBS_INFO 1 -1.750000 43.549118 1.570796 3.730619 -1.750000 51.376816 6.929168 1.911365
STATIC_OBS_INFO 0 -6.300000 62.215991 12.175858 
STATIC_OBS_INFO 1 -6.300000 78.246953 28.181028 
Parent: -14.338276 3.914508 41.000000 0.000000 6.150000 0.000000 -10.000000 4.074547 9.000000 0.000000 0 0 0 0 0 1 0 0
EGO_STATUS -5.250000 50.085492 3.200000 1.570796 1.911444 7.000000 -0.466669
DYNAMIC_OBS_INFO 0 -5.750000 47.623750 1.570796 36.158411 -5.750000 86.429190 14.283847 1.348216
DYNAMIC_OBS_INFO 1 -1.750000 43.549118 1.570796 3.938047 -1.750000 52.079289 7.120305 1.911365
STATIC_OBS_INFO 0 -6.300000 62.215991 11.987827 
STATIC_OBS_INFO 1 -6.300000 78.246953 27.992416 
Parent: -14.466517 3.725763 39.000000 0.000000 5.850000 0.000000 -10.000000 3.974618 9.000000 0.000000 0 0 0 0 0 1 0 0
EGO_STATUS -5.250000 50.274237 3.300000 1.570796 1.864778 7.000000 -0.466664
DYNAMIC_OBS_INFO 0 -5.750000 47.623750 1.570796 37.409370 -5.750000 87.864316 14.418668 1.348216
DYNAMIC_OBS_INFO 1 -1.750000 43.549118 1.570796 4.211618 -1.750000 52.800877 7.311441 1.911365
STATIC_OBS_INFO 0 -6.300000 62.215991 11.804495 
STATIC_OBS_INFO 1 -6.300000 78.246953 27.808495 
Parent: -14.594022 3.541712 37.000000 0.000000 5.550000 0.000000 -10.000000 3.874721 9.000000 0.000000 0 0 0 0 0 1 0 0
EGO_STATUS -5.250000 50.458288 3.400000 1.570796 1.818112 7.000000 -0.466656
DYNAMIC_OBS_INFO 0 -5.750000 47.623750 1.570796 38.678511 -5.750000 89.312924 14.553490 1.348216
DYNAMIC_OBS_INFO 1 -1.750000 43.549118 1.570796 4.547837 -1.750000 53.541578 7.502578 1.911365
STATIC_OBS_INFO 0 -6.300000 62.215991 11.625859 
STATIC_OBS_INFO 1 -6.300000 78.246953 27.629267 
Parent: -14.720790 3.362355 35.000000 0.000000 5.250000 0.000000 -10.000000 3.774856 9.000000 0.000000 0 0 0 0 0 1 0 0
EGO_STATUS -5.250000 50.637645 3.500000 1.570796 1.771448 7.000000 -0.466643
DYNAMIC_OBS_INFO 0 -5.750000 47.623750 1.570796 39.965833 -5.750000 90.775014 14.688312 1.348216
DYNAMIC_OBS_INFO 1 -1.750000 43.549118 1.570796 4.942034 -1.750000 54.301392 7.693714 1.911365
STATIC_OBS_INFO 0 -6.300000 62.215991 11.451919 
STATIC_OBS_INFO 1 -6.300000 78.246953 27.454729 
Parent: -14.846820 3.187691 33.000000 0.000000 4.950000 0.000000 -10.000000 3.675026 9.000000 0.000000 0 0 0 0 0 1 0 0
EGO_STATUS -5.250000 50.812309 3.600000 1.570796 1.724785 7.000000 -0.466627
DYNAMIC_OBS_INFO 0 -5.750000 47.623750 1.570796 41.271333 -5.750000 92.250586 14.823133 1.348216
DYNAMIC_OBS_INFO 1 -1.750000 43.549118 1.570796 5.389241 -1.750000 55.080320 7.884851 1.911365
STATIC_OBS_INFO 0 -6.300000 62.215991 11.282674 
STATIC_OBS_INFO 1 -6.300000 78.246953 27.284882 
Parent: -14.972111 3.017718 32.000000 0.000000 4.800000 0.000000 -10.000000 3.575231 9.000000 0.000000 0 0 0 0 0 1 0 0
EGO_STATUS -5.250000 50.982282 3.700000 1.570796 1.678125 7.000000 -0.466605
DYNAMIC_OBS_INFO 0 -5.750000 47.623750 1.570796 42.595012 -5.750000 93.739641 14.957955 1.348216
DYNAMIC_OBS_INFO 1 -1.750000 43.549118 1.570796 5.884764 -1.750000 55.878362 8.075987 1.911365
STATIC_OBS_INFO 0 -6.300000 62.215991 11.118119 
STATIC_OBS_INFO 1 -6.300000 78.246953 27.119723 
Parent: -14.096663 2.852436 30.000000 0.000000 4.500000 0.000000 -10.000000 3.475472 8.000000 0.000000 0 0 0 0 0 1 0 0
EGO_STATUS -5.250000 51.147564 3.800000 1.570796 1.631467 7.000000 -0.466578
DYNAMIC_OBS_INFO 0 -5.750000 47.623750 1.570796 43.936865 -5.750000 95.242177 15.092776 1.348216
DYNAMIC_OBS_INFO 1 -1.750000 43.549118 1.570796 6.424458 -1.750000 56.695518 8.267124 1.911365
STATIC_OBS_INFO 0 -6.300000 62.215991 10.958255 
STATIC_OBS_INFO 1 -6.300000 78.246953 26.959251 
Parent: -14.220475 2.691843 28.000000 0.000000 4.200000 0.000000 -10.000000 3.375749 8.000000 0.000000 0 0 0 0 0 1 0 0
EGO_STATUS -5.250000 51.308157 3.900000 1.570796 1.584812 7.000000 -0.466546
DYNAMIC_OBS_INFO 0 -5.750000 47.623750 1.570796 45.296893 -5.750000 96.758196 15.227598 1.348216
DYNAMIC_OBS_INFO 1 -1.750000 43.549118 1.570796 7.004803 -1.750000 57.531787 8.458260 1.911365
STATIC_OBS_INFO 0 -6.300000 62.215991 10.803076 
STATIC_OBS_INFO 1 -6.300000 78.246953 26.803464 
Parent: -14.343548 2.535937 27.000000 0.000000 4.050000 0.000000 -10.000000 3.276062 8.000000 0.000000 0 0 0 0 0 1 0 0
EGO_STATUS -5.250000 51.464063 4.000000 1.570796 1.538162 7.000000 -0.466508
DYNAMIC_OBS_INFO 0 -5.750000 47.623750 1.570796 46.675090 -5.750000 98.287697 15.362420 1.348216
DYNAMIC_OBS_INFO 1 -1.750000 43.549118 1.570796 7.622888 -1.750000 58.387170 8.649397 1.911365
STATIC_OBS_INFO 0 -6.300000 62.215991 10.652580 
STATIC_OBS_INFO 1 -6.300000 78.246953 26.652358 
Parent: -14.465882 2.384715 25.000000 0.000000 3.750000 0.000000 -10.000000 3.176411 8.000000 0.000000 0 0 0 0 0 1 0 0
EGO_STATUS -5.250000 51.615285 4.100000 1.570796 1.491515 7.000000 -0.466463
DYNAMIC_OBS_INFO 0 -5.750000 47.623750 1.570796 48.071454 -5.750000 99.830680 15.497241 1.348216
DYNAMIC_OBS_INFO 1 -1.750000 43.549118 1.570796 8.276328 -1.750000 59.261666 8.840533 1.911365
STATIC_OBS_INFO 0 -6.300000 62.215991 10.506763 
STATIC_OBS_INFO 1 -6.300000 78.246953 26.505932 
Parent: -14.587481 2.238174 24.000000 0.000000 3.600000 0.000000 -10.000000 3.076793 8.000000 0.000000 0 0 0 0 0 1 0 0
EGO_STATUS -5.250000 51.761826 4.200000 1.570796 1.444874 7.000000 -0.466412
DYNAMIC_OBS_INFO 0 -5.750000 47.623750 1.570796 49.485981 -5.750000 101.387145 15.632063 1.348216
DYNAMIC_OBS_INFO 1 -1.750000 43.549118 1.570796 8.963184 -1.750000 60.155276 9.031669 1.911365
STATIC_OBS_INFO 0 -6.300000 62.215991 10.365618 
STATIC_OBS_INFO 1 -6.300000 78.246953 26.364179 
Parent: -14.708346 2.096309 22.000000 0.000000 3.300000 0.000000 -10.000000 2.977207 8.000000 0.000000 0 0 0 0 0 1 0 0
EGO_STATUS -5.250000 51.903691 4.300000 1.570796 1.398239 7.000000 -0.466354
DYNAMIC_OBS_INFO 0 -5.750000 47.623750 1.570796 50.918665 -5.750000 102.957093 15.766885 1.348216
DYNAMIC_OBS_INFO 1 -1.750000 43.549118 1.570796 9.681882 -1.750000 61.068000 9.222806 1.911365
STATIC_OBS_INFO 0 -6.300000 62.215991 10.229141 
STATIC_OBS_INFO 1 -6.300000 78.246953 26.227096 
Parent: -13.828485 1.959117 21.000000 0.000000 3.150000 0.000000 -10.000000 2.877648 7.000000 0.000000 0 0 0 0 0 1 0 0
EGO_STATUS -5.250000 52.040883 4.400000 1.570796 1.351610 7.000000 -0.466289
DYNAMIC_OBS_INFO 0 -5.750000 47.623750 1.570796 52.369500 -5.750000 104.540522 15.901706 1.348216
DYNAMIC_OBS_INFO 1 -1.750000 43.549118 1.570796 10.431140 -1.750000 61.999838 9.413942 1.911365
STATIC_OBS_INFO 0 -6.300000 62.215991 10.097324 
STATIC_OBS_INFO 1 -6.300000 78.246953 26.094677 
Parent: -13.947902 1.826590 20.000000 0.000000 3.000000 0.000000 -10.000000 2.778109 7.000000 0.000000 0 0 0 0 0 1 0 0
EGO_STATUS -5.250000 52.173410 4.500000 1.570796 1.304988 7.000000 -0.466218
DYNAMIC_OBS_INFO 0 -5.750000 47.623750 1.570796 53.838478 -5.750000 106.137434 16.036528 1.348216
DYNAMIC_OBS_INFO 1 -1.750000 43.549118 1.570796 11.209910 -1.750000 62.950789 9.605079 1.911365
STATIC_OBS_INFO 0 -6.300000 62.215991 9.970157 
STATIC_OBS_INFO 1 -6.300000 78.246953 25.966912 
Parent: -14.066610 1.698722 18.000000 0.000000 2.700000 0.000000 -10.000000 2.678582 7.000000 0.000000 0 0 0 0 0 1 0 0
EGO_STATUS -5.250000 52.301278 4.600000 1.570796 1.258374 7.000000 -0.466140
DYNAMIC_OBS_INFO 0 -5.750000 47.623750 1.570796 55.325590 -5.750000 107.747828 16.171350 1.348216
DYNAMIC_OBS_INFO 1 -1.750000 43.549118 1.570796 12.017329 -1.750000 63.920853 9.796215 1.911365
STATIC_OBS_INFO 0 -6.300000 62.215991 9.847632 
STATIC_OBS_INFO 1 -6.300000 78.246953 25.843794 
Parent: -14.184621 1.575503 17.000000 0.000000 2.550000 0.000000 -10.000000 2.579053 7.000000 0.000000 0 0 0 0 0 1 0 0
EGO_STATUS -5.250000 52.424497 4.700000 1.570796 1.211768 7.000000 -0.466058
DYNAMIC_OBS_INFO 0 -5.750000 47.623750 1.570796 56.830825 -5.750000 109.371704 16.306171 1.348216
DYNAMIC_OBS_INFO 1 -1.750000 43.549118 1.570796 12.852686 -1.750000 64.910032 9.987352 1.911365
STATIC_OBS_INFO 0 -6.300000 62.215991 9.729734 
STATIC_OBS_INFO 1 -6.300000 78.246953 25.725311 
Parent: -14.301957 1.456921 16.000000 0.000000 2.400000 0.000000 -10.000000 2.479505 7.000000 0.000000 0 0 0 0 0 1 0 0
EGO_STATUS -5.250000 52.543079 4.800000 1.570796 1.165171 7.000000 -0.465973
DYNAMIC_OBS_INFO 0 -5.750000 47.623750 1.570796 58.354168 -5.750000 111.009062 16.440993 1.348216
DYNAMIC_OBS_INFO 1 -1.750000 43.549118 1.570796 13.715383 -1.750000 65.918324 10.178488 1.911365
STATIC_OBS_INFO 0 -6.300000 62.215991 9.616450 
STATIC_OBS_INFO 1 -6.300000 78.246953 25.611449 
Parent: -14.418643 1.342963 15.000000 0.000000 2.250000 0.000000 -10.000000 2.379912 7.000000 0.000000 0 0 0 0 0 0 0 0
EGO_STATUS -5.250000 52.657037 4.900000 1.570796 1.118582 7.000000 -0.465888
DYNAMIC_OBS_INFO 0 -5.750000 47.623750 1.570796 59.895601 -5.750000 112.659902 16.575815 1.348216
DYNAMIC_OBS_INFO 1 -1.750000 43.549118 1.570796 14.604921 -1.750000 66.945729 10.369625 1.911365
STATIC_OBS_INFO 0 -6.300000 62.215991 9.507760 
STATIC_OBS_INFO 1 -6.300000 78.246953 25.502189 
Parent: -14.534718 1.233612 14.000000 0.000000 2.100000 0.000000 -10.000000 2.280240 7.000000 0.000000 0 0 0 0 0 0 0 0
EGO_STATUS -5.250000 52.766388 5.000000 1.570796 1.072002 7.000000 -0.465808
DYNAMIC_OBS_INFO 0 -5.750000 47.623750 1.570796 61.455104 -5.750000 114.324225 16.710636 1.348216
DYNAMIC_OBS_INFO 1 -1.750000 43.549118 1.570796 15.520872 -1.750000 67.992249 10.560761 1.911365
STATIC_OBS_INFO 0 -6.300000 62.215991 9.403641 
STATIC_OBS_INFO 1 -6.300000 78.246953 25.397512 
Parent: -14.650230 1.128845 13.000000 0.000000 1.950000 0.000000 -10.000000 2.180443 7.000000 0.000000 0 0 0 0 0 0 0 0
EGO_STATUS -5.250000 52.871155 5.100000 1.570796 1.025427 7.000000 -0.465741
DYNAMIC_OBS_INFO 0 -5.750000 47.623750 1.570796 63.032649 -5.750000 116.002030 16.845458 1.348216
DYNAMIC_OBS_INFO 1 -1.750000 43.549118 1.570796 16.462869 -1.750000 69.057882 10.751898 1.911365
STATIC_OBS_INFO 0 -6.300000 62.215991 9.304065 
STATIC_OBS_INFO 1 -6.300000 78.246953 25.297389 
Parent: -14.765251 1.028636 12.000000 0.000000 1.800000 0.000000 -10.000000 2.080454 7.000000 0.000000 0 0 0 0 0 0 0 0
EGO_STATUS -5.250000 52.971364 5.200000 1.570796 0.978858 7.000000 -0.465698
DYNAMIC_OBS_INFO 0 -5.750000 47.623750 1.570796 64.628441 -5.750000 117.693317 16.980280 1.348216
DYNAMIC_OBS_INFO 1 -1.750000 43.549118 1.570796 17.430822 -1.750000 70.142628 10.943034 1.911365
STATIC_OBS_INFO 0 -6.300000 62.215991 9.209235 
STATIC_OBS_INFO 1 -6.300000 78.246953 25.202025 
Parent: -13.879332 0.933190 11.000000 0.000000 1.650000 0.000000 -10.000000 1.980689 6.000000 0.000000 0 0 0 0 0 0 0 0
EGO_STATUS -5.250000 53.066810 5.300000 1.570796 0.932288 7.000000 -0.465695
DYNAMIC_OBS_INFO 0 -5.750000 47.623750 1.570796 66.242502 -5.750000 119.398086 17.115101 1.348216
DYNAMIC_OBS_INFO 1 -1.750000 43.549118 1.570796 18.424510 -1.750000 71.246488 11.134171 1.911365
STATIC_OBS_INFO 0 -6.300000 62.215991 9.119172 
STATIC_OBS_INFO 1 -6.300000 78.246953 25.111444 
Parent: -13.992396 0.842529 10.000000 0.000000 1.500000 0.000000 -10.000000 1.881225 6.000000 0.000000 0 0 0 0 0 0 0 0
EGO_STATUS -5.250000 53.157471 5.400000 1.570796 0.885724 7.000000 -0.465640
DYNAMIC_OBS_INFO 0 -5.750000 47.623750 1.570796 67.874846 -5.750000 121.116337 17.249923 1.348216
DYNAMIC_OBS_INFO 1 -1.750000 43.549118 1.570796 19.443736 -1.750000 72.369462 11.325307 1.911365
STATIC_OBS_INFO 0 -6.300000 62.215991 9.033886 
STATIC_OBS_INFO 1 -6.300000 78.246953 25.025657 
Parent: -14.104372 0.756668 9.000000 0.000000 1.350000 0.000000 -10.000000 1.782128 6.000000 0.000000 0 0 0 0 0 0 0 0
EGO_STATUS -5.250000 53.243332 5.500000 1.570796 0.839173 7.000000 -0.465507
DYNAMIC_OBS_INFO 0 -5.750000 47.623750 1.570796 69.525489 -5.750000 122.848070 17.384744 1.348216
DYNAMIC_OBS_INFO 1 -1.750000 43.549118 1.570796 20.488335 -1.750000 73.511550 11.516444 1.911365
STATIC_OBS_INFO 0 -6.300000 62.215991 8.953394 
STATIC_OBS_INFO 1 -6.300000 78.246953 24.944682 
Parent: -14.215174 0.675621 8.000000 0.000000 1.200000 0.000000 -10.000000 1.683483 6.000000 0.000000 0 0 0 0 0 0 0 0
EGO_STATUS -5.250000 53.324379 5.600000 1.570796 0.792646 7.000000 -0.465272
DYNAMIC_OBS_INFO 0 -5.750000 47.623750 1.570796 71.194448 -5.750000 124.593286 17.519566 1.348216
DYNAMIC_OBS_INFO 1 -1.750000 43.549118 1.570796 21.558169 -1.750000 74.672751 11.707580 1.911365
STATIC_OBS_INFO 0 -6.300000 62.215991 8.877709 
STATIC_OBS_INFO 1 -6.300000 78.246953 24.868535 
Parent: -14.324687 0.599406 7.000000 0.000000 1.050000 0.000000 -10.000000 1.585402 6.000000 0.000000 0 0 0 0 0 0 0 0
EGO_STATUS -5.250000 53.400594 5.700000 1.570796 0.746157 7.000000 -0.464897
DYNAMIC_OBS_INFO 0 -5.750000 47.623750 1.570796 72.881742 -5.750000 126.351983 17.654388 1.348216
DYNAMIC_OBS_INFO 1 -1.750000 43.549118 1.570796 22.653125 -1.750000 75.853066 11.898717 1.911365
STATIC_OBS_INFO 0 -6.300000 62.215991 8.806852 
STATIC_OBS_INFO 1 -6.300000 78.246953 24.797237 
Parent: -14.432766 0.528044 7.000000 0.000000 1.050000 0.000000 -10.000000 1.488027 6.000000 0.000000 0 0 0 0 0 0 0 0
EGO_STATUS -5.250000 53.471956 5.800000 1.570796 0.699723 7.000000 -0.464334
DYNAMIC_OBS_INFO 0 -5.750000 47.623750 1.570796 74.587396 -5.750000 128.124163 17.789209 1.348216
DYNAMIC_OBS_INFO 1 -1.750000 43.549118 1.570796 23.773107 -1.750000 77.052494 12.089853 1.911365
STATIC_OBS_INFO 0 -6.300000 62.215991 8.740843 
STATIC_OBS_INFO 1 -6.300000 78.246953 24.730810 
Parent: -14.539217 0.461557 6.000000 0.000000 0.900000 0.000000 -10.000000 1.391549 6.000000 0.000000 0 0 0 0 0 0 0 0
EGO_STATUS -5.250000 53.538443 5.900000 1.570796 0.653372 7.000000 -0.463515
DYNAMIC_OBS_INFO 0 -5.750000 47.623750 1.570796 76.311437 -5.750000 129.909825 17.924031 1.348216
DYNAMIC_OBS_INFO 1 -1.750000 43.549118 1.570796 24.918041 -1.750000 78.271037 12.280990 1.911365
STATIC_OBS_INFO 0 -6.300000 62.215991 8.679709 
STATIC_OBS_INFO 1 -6.300000 78.246953 24.669282 
Parent: -14.643781 0.399974 5.000000 0.000000 0.750000 0.000000 -10.000000 1.296223 6.000000 0.000000 0 0 0 0 0 0 0 0
EGO_STATUS -5.250000 53.600026 6.000000 1.570796 0.607137 7.000000 -0.462342
DYNAMIC_OBS_INFO 0 -5.750000 47.623750 1.570796 78.053897 -5.750000 131.708969 18.058853 1.348216
DYNAMIC_OBS_INFO 1 -1.750000 43.549118 1.570796 26.087868 -1.750000 79.508692 12.472126 1.911365
STATIC_OBS_INFO 0 -6.300000 62.215991 8.623480 
STATIC_OBS_INFO 1 -6.300000 78.246953 24.612686 
Parent: -14.746105 0.343326 5.000000 0.000000 0.750000 0.000000 -10.000000 1.202396 6.000000 0.000000 0 0 0 0 0 0 0 0
EGO_STATUS -5.250000 53.656674 6.100000 1.570796 0.561070 7.000000 -0.460675
DYNAMIC_OBS_INFO 0 -5.750000 47.623750 1.570796 79.814816 -5.750000 133.521596 18.193674 1.348216
DYNAMIC_OBS_INFO 1 -1.750000 43.549118 1.570796 27.282550 -1.750000 80.765462 12.663262 1.911365
STATIC_OBS_INFO 0 -6.300000 62.215991 8.572195 
STATIC_OBS_INFO 1 -6.300000 78.246953 24.561061 
Parent: -14.845694 0.291654 4.000000 0.000000 0.600000 0.000000 -10.000000 1.110557 6.000000 0.000000 0 0 0 0 0 0 0 0
EGO_STATUS -5.250000 53.708346 6.200000 1.570796 0.515239 7.000000 -0.458310
DYNAMIC_OBS_INFO 0 -5.750000 47.623750 1.570796 81.594243 -5.750000 135.347704 18.328496 1.348216
DYNAMIC_OBS_INFO 1 -1.750000 43.549118 1.570796 28.502064 -1.750000 82.041345 12.854399 1.911365
STATIC_OBS_INFO 0 -6.300000 62.215991 8.525901 
STATIC_OBS_INFO 1 -6.300000 78.246953 24.514456 
Parent: -14.941846 0.245006 4.000000 0.000000 0.600000 0.000000 -10.000000 1.021404 6.000000 0.000000 0 0 0 0 0 0 0 0
EGO_STATUS -5.250000 53.754994 6.300000 1.570796 0.469745 7.000000 -0.454942
DYNAMIC_OBS_INFO 0 -5.750000 47.623750 1.570796 83.392241 -5.750000 137.187295 18.463318 1.348216
DYNAMIC_OBS_INFO 1 -1.750000 43.549118 1.570796 29.746414 -1.750000 83.336342 13.045535 1.911365
STATIC_OBS_INFO 0 -6.300000 62.215991 8.484659 
STATIC_OBS_INFO 1 -6.300000 78.246953 24.472935 
Parent: -15.033520 0.203447 4.000000 0.000000 0.600000 0.000000 -10.000000 0.935963 6.000000 0.000000 0 0 0 0 0 0 0 0
EGO_STATUS -5.250000 53.796553 6.400000 1.570796 0.424734 7.000000 -0.450111
DYNAMIC_OBS_INFO 0 -5.750000 47.623750 1.570796 85.208898 -5.750000 139.040368 18.598139 1.348216
DYNAMIC_OBS_INFO 1 -1.750000 43.549118 1.570796 31.015629 -1.750000 84.650452 13.236672 1.911365
STATIC_OBS_INFO 0 -6.300000 62.215991 8.448556 
STATIC_OBS_INFO 1 -6.300000 78.246953 24.436585 
Parent: -15.119133 0.167063 3.000000 0.000000 0.450000 0.000000 -10.000000 0.855807 6.000000 0.000000 0 0 0 0 0 0 0 0
EGO_STATUS -5.250000 53.832937 6.500000 1.570796 0.380423 7.000000 -0.443109
DYNAMIC_OBS_INFO 0 -5.750000 47.623750 1.570796 87.044343 -5.750000 140.906923 18.732961 1.348216
DYNAMIC_OBS_INFO 1 -1.750000 43.549118 1.570796 32.309791 -1.750000 85.983676 13.427808 1.911365
STATIC_OBS_INFO 0 -6.300000 62.215991 8.417719 
STATIC_OBS_INFO 1 -6.300000 78.246953 24.405535 
Parent: -15.196145 0.135985 3.000000 0.000000 0.450000 0.000000 -10.000000 0.783458 6.000000 0.000000 0 0 0 0 0 0 0 0
EGO_STATUS -5.250000 53.864015 6.600000 1.570796 0.337139 7.000000 -0.432834
DYNAMIC_OBS_INFO 0 -5.750000 47.623750 1.570796 88.898812 -5.750000 142.786960 18.867783 1.348216
DYNAMIC_OBS_INFO 1 -1.750000 43.549118 1.570796 33.629089 -1.750000 87.336014 13.618945 1.911365
STATIC_OBS_INFO 0 -6.300000 62.215991 8.392380 
STATIC_OBS_INFO 1 -6.300000 78.246953 24.380019 
Parent: -15.260110 0.110445 3.000000 0.000000 0.450000 0.000000 -10.000000 0.723323 6.000000 0.000000 0 0 0 0 0 0 0 0
EGO_STATUS -5.250000 53.889555 6.700000 1.570796 0.295384 7.000000 -0.417558
DYNAMIC_OBS_INFO 0 -5.750000 47.623750 1.570796 90.772966 -5.750000 144.680479 19.002604 1.348216
DYNAMIC_OBS_INFO 1 -1.750000 43.549118 1.570796 34.974144 -1.750000 88.707465 13.810081 1.911365
STATIC_OBS_INFO 0 -6.300000 62.215991 8.373196 
STATIC_OBS_INFO 1 -6.300000 78.246953 24.360701 
Parent: -15.301117 0.091109 2.000000 0.000000 0.300000 0.000000 -10.000000 0.685216 6.000000 0.000000 0 0 0 0 0 0 0 0
EGO_STATUS -5.250000 53.908891 6.800000 1.570796 0.255929 7.000000 -0.394545
DYNAMIC_OBS_INFO 0 -5.750000 47.623750 1.570796 92.666643 -5.750000 146.587481 19.137426 1.348216
DYNAMIC_OBS_INFO 1 -1.750000 43.549118 1.570796 36.344760 -1.750000 90.098030 14.001218 1.911365
STATIC_OBS_INFO 0 -6.300000 62.215991 8.360005 
STATIC_OBS_INFO 1 -6.300000 78.246953 24.347417 
Parent: -15.311806 0.077813 2.000000 0.000000 0.300000 0.000000 -10.000000 0.676522 6.000000 0.000000 0 0 0 0 0 0 0 0
EGO_STATUS -5.250000 53.922187 6.900000 1.570796 0.220038 7.000000 -0.358907
DYNAMIC_OBS_INFO 0 -5.750000 47.623750 1.570796 94.575597 -5.750000 148.507965 19.272248 1.348216
DYNAMIC_OBS_INFO 1 -1.750000 43.549118 1.570796 37.736679 -1.750000 91.507708 14.192354 1.911365
STATIC_OBS_INFO 0 -6.300000 62.215991 8.348594 
STATIC_OBS_INFO 1 -6.300000 78.246953 24.335926 
Parent: -15.323582 0.066311 2.000000 0.000000 0.300000 0.000000 -10.000000 0.666472 6.000000 0.000000 0 0 0 0 0 0 0 0
EGO_STATUS -5.250000 53.933689 7.000000 1.570796 0.188992 7.000000 -0.310468
DYNAMIC_OBS_INFO 0 -5.750000 47.623750 1.570796 96.499587 -5.750000 150.441930 19.407069 1.348216
DYNAMIC_OBS_INFO 1 -1.750000 43.549118 1.570796 39.149627 -1.750000 92.936501 14.383491 1.911365
STATIC_OBS_INFO 0 -6.300000 62.215991 8.338724 
STATIC_OBS_INFO 1 -6.300000 78.246953 24.325986 
Parent: -15.336693 0.056362 2.000000 0.000000 0.300000 0.000000 -10.000000 0.654853 6.000000 0.000000 0 0 0 0 0 0 0 0
EGO_STATUS -5.250000 53.943638 7.100000 1.570796 0.162135 7.000000 -0.268566
DYNAMIC_OBS_INFO 0 -5.750000 47.623750 1.570796 98.438403 -5.750000 152.389378 19.541891 1.348216
DYNAMIC_OBS_INFO 1 -1.750000 43.549118 1.570796 40.583367 -1.750000 94.384407 14.574627 1.911365
STATIC_OBS_INFO 0 -6.300000 62.215991 8.330186 
STATIC_OBS_INFO 1 -6.300000 78.246953 24.317387 
Parent: -15.351416 0.047755 2.000000 0.000000 0.300000 0.000000 -10.000000 0.641421 6.000000 0.000000 0 0 0 0 0 0 0 0
EGO_STATUS -5.250000 53.952245 7.200000 1.570796 0.138903 7.000000 -0.232319
DYNAMIC_OBS_INFO 0 -5.750000 47.623750 1.570796 100.391863 -5.750000 154.350309 19.676712 1.348216
DYNAMIC_OBS_INFO 1 -1.750000 43.549118 1.570796 42.037692 -1.750000 95.851426 14.765764 1.911365
STATIC_OBS_INFO 0 -6.300000 62.215991 8.322800 
STATIC_OBS_INFO 1 -6.300000 78.246953 24.309949 
Parent: -15.368059 0.040310 2.000000 0.000000 0.300000 0.000000 -10.000000 0.625894 6.000000 0.000000 0 0 0 0 0 0 0 0
EGO_STATUS -5.250000 53.959690 7.300000 1.570796 0.118807 7.000000 -0.200965
DYNAMIC_OBS_INFO 0 -5.750000 47.623750 1.570796 102.359811 -5.750000 156.324721 19.811534 1.348216
DYNAMIC_OBS_INFO 1 -1.750000 43.549118 1.570796 43.512421 -1.750000 97.337559 14.956900 1.911365
STATIC_OBS_INFO 0 -6.300000 62.215991 8.316411 
STATIC_OBS_INFO 1 -6.300000 78.246953 24.303514 
Parent: -15.386975 0.033869 2.000000 0.000000 0.300000 0.000000 -10.000000 0.607944 6.000000 0.000000 0 0 0 0 0 0 0 0
EGO_STATUS -5.250000 53.966131 7.400000 1.570796 0.101422 7.000000 -0.173842
DYNAMIC_OBS_INFO 0 -5.750000 47.623750 1.570796 104.342112 -5.750000 158.312615 19.946356 1.348216
DYNAMIC_OBS_INFO 1 -1.750000 43.549118 1.570796 45.007399 -1.750000 98.842806 15.148037 1.911365
STATIC_OBS_INFO 0 -6.300000 62.215991 8.310885 
STATIC_OBS_INFO 1 -6.300000 78.246953 24.297948 
Parent: -15.408561 0.028298 2.000000 0.000000 0.300000 0.000000 -10.000000 0.587194 6.000000 0.000000 0 0 0 0 0 0 0 0
EGO_STATUS -5.250000 53.971702 7.500000 1.570796 0.086384 7.000000 -0.150380
DYNAMIC_OBS_INFO 0 -5.750000 47.623750 1.570796 106.338647 -5.750000 160.313992 20.081177 1.348216
DYNAMIC_OBS_INFO 1 -1.750000 43.549118 1.570796 46.522489 -1.750000 100.367167 15.339173 1.911365
STATIC_OBS_INFO 0 -6.300000 62.215991 8.306104 
STATIC_OBS_INFO 1 -6.300000 78.246953 24.293134 
Parent: -15.433272 0.023479 2.000000 0.000000 0.300000 0.000000 -10.000000 0.563206 6.000000 0.000000 0 0 0 0 0 0 0 0
EGO_STATUS -5.250000 53.976521 7.600000 1.570796 0.073376 7.000000 -0.130084
DYNAMIC_OBS_INFO 0 -5.750000 47.623750 1.570796 108.349315 -5.750000 162.328851 20.215999 1.348216
DYNAMIC_OBS_INFO 1 -1.750000 43.549118 1.570796 48.057572 -1.750000 101.910641 15.530310 1.911365
STATIC_OBS_INFO 0 -6.300000 62.215991 8.301969 
STATIC_OBS_INFO 1 -6.300000 78.246953 24.288969 
Parent: -15.461627 0.019310 2.000000 0.000000 0.300000 0.000000 -10.000000 0.535476 6.000000 0.000000 0 0 0 0 0 0 0 0
EGO_STATUS -5.250000 53.980690 7.700000 1.570796 0.062123 7.000000 -0.112527
DYNAMIC_OBS_INFO 0 -5.750000 47.623750 1.570796 110.374028 -5.750000 164.357192 20.350821 1.348216
DYNAMIC_OBS_INFO 1 -1.750000 43.549118 1.570796 49.612543 -1.750000 103.473229 15.721446 1.911365
STATIC_OBS_INFO 0 -6.300000 62.215991 8.298392 
STATIC_OBS_INFO 1 -6.300000 78.246953 24.285366 
Parent: -15.494225 0.015704 2.000000 0.000000 0.300000 0.000000 -10.000000 0.503419 6.000000 0.000000 0 0 0 0 0 0 0 0
EGO_STATUS -5.250000 53.984296 7.800000 1.570796 0.052389 7.000000 -0.097340
DYNAMIC_OBS_INFO 0 -5.750000 47.623750 1.570796 112.412712 -5.750000 166.399015 20.485642 1.348216
DYNAMIC_OBS_INFO 1 -1.750000 43.549118 1.570796 51.187313 -1.750000 105.054930 15.912583 1.911365
STATIC_OBS_INFO 0 -6.300000 62.215991 8.295297 
STATIC_OBS_INFO 1 -6.300000 78.246953 24.282249 
Parent: -15.531751 0.012585 2.000000 0.000000 0.300000 0.000000 -10.000000 0.466361 6.000000 0.000000 0 0 0 0 0 0 0 0
EGO_STATUS -5.250000 53.987415 7.900000 1.570796 0.043969 7.000000 -0.084203
DYNAMIC_OBS_INFO 0 -5.750000 47.623750 1.570796 114.465299 -5.750000 168.454320 20.620464 1.348216
DYNAMIC_OBS_INFO 1 -1.750000 43.549118 1.570796 52.781803 -1.750000 106.655745 16.103719 1.911365
STATIC_OBS_INFO 0 -6.300000 62.215991 8.292620 
STATIC_OBS_INFO 1 -6.300000 78.246953 24.279554 
NO_CANDIDATE
EGO_STATUS -5.250000 53.990114 8.000000 1.570796 0.036685 7.000000 -0.072838
DYNAMIC_OBS_INFO 0 -5.750000 47.623750 1.570796 116.528670 -5.750000 170.523108 20.755286 1.348216
DYNAMIC_OBS_INFO 1 -1.750000 43.549118 1.570796 54.392886 -1.750000 108.275674 16.294856 1.911365
STATIC_OBS_INFO 0 -6.300000 62.215991 8.287267 
STATIC_OBS_INFO 1 -6.300000 78.246953 24.274162 
NO_CANDIDATE
EGO_STATUS -5.250000 53.995511 8.100000 1.570796 0.022117 7.000000 -0.072838
FAIL
DYNAMIC_OBS_INFO 0 -5.750000 47.623750 1.570796 118.608709 -5.750000 172.605378 20.890107 1.348216
DYNAMIC_OBS_INFO 1 -1.750000 43.549118 1.570796 56.026424 -1.750000 109.914716 16.485992 1.911365
STATIC_OBS_INFO 0 -6.300000 62.215991 8.285073 
STATIC_OBS_INFO 1 -6.300000 78.246953 24.271952 
NO_CANDIDATE
EGO_STATUS -5.250000 53.997723 8.200000 1.570796 0.022117 4.000000 0.000000
FAIL
DYNAMIC_OBS_INFO 0 -5.750000 47.623750 1.570796 120.702231 -5.750000 174.701129 21.024929 1.348216
DYNAMIC_OBS_INFO 1 -1.750000 43.549118 1.570796 57.679227 -1.750000 111.572872 16.677128 1.911365
STATIC_OBS_INFO 0 -6.300000 62.215991 8.282879 
STATIC_OBS_INFO 1 -6.300000 78.246953 24.269742 
NO_CANDIDATE
EGO_STATUS -5.250000 53.999934 8.300000 1.570796 0.022117 4.000000 0.000000
FAIL
DYNAMIC_OBS_INFO 0 -5.750000 47.623750 1.570796 122.809235 -5.750000 176.810363 21.159751 1.348216
DYNAMIC_OBS_INFO 1 -1.750000 43.549118 1.570796 59.351285 -1.750000 113.250142 16.868265 1.911365
STATIC_OBS_INFO 0 -6.300000 62.215991 8.280685 
STATIC_OBS_INFO 1 -6.300000 78.246953 24.267533 
NO_CANDIDATE
EGO_STATUS -5.250000 54.002146 8.400000 1.570796 0.022117 4.000000 0.000000
FAIL
DYNAMIC_OBS_INFO 0 -5.750000 47.623750 1.570796 124.929722 -5.750000 178.933079 21.294572 1.348216
DYNAMIC_OBS_INFO 1 -1.750000 43.549118 1.570796 61.042590 -1.750000 114.946525 17.059401 1.911365
STATIC_OBS_INFO 0 -6.300000 62.215991 8.278491 
STATIC_OBS_INFO 1 -6.300000 78.246953 24.265323 
NO_CANDIDATE
EGO_STATUS -5.250000 54.004358 8.500000 1.570796 0.022117 4.000000 0.000000
FAIL
DYNAMIC_OBS_INFO 0 -5.750000 47.623750 1.570796 127.063692 -5.750000 181.069278 21.429394 1.348216
DYNAMIC_OBS_INFO 1 -1.750000 43.549118 1.570796 62.753133 -1.750000 116.662022 17.250538 1.911365
STATIC_OBS_INFO 0 -6.300000 62.215991 8.276298 
STATIC_OBS_INFO 1 -6.300000 78.246953 24.263113 
NO_CANDIDATE
EGO_STATUS -5.250000 54.006570 8.600000 1.570796 0.022117 4.000000 0.000000
FAIL
DYNAMIC_OBS_INFO 0 -5.750000 47.623750 1.570796 129.211144 -5.750000 183.218958 21.564216 1.348216
DYNAMIC_OBS_INFO 1 -1.750000 43.549118 1.570796 64.482908 -1.750000 118.396633 17.441674 1.911365
STATIC_OBS_INFO 0 -6.300000 62.215991 8.274104 
STATIC_OBS_INFO 1 -6.300000 78.246953 24.260904 
NO_CANDIDATE
EGO_STATUS -5.250000 54.008781 8.700000 1.570796 0.022117 4.000000 0.000000
FAIL
DYNAMIC_OBS_INFO 0 -5.750000 47.623750 1.570796 131.372079 -5.750000 185.382121 21.699037 1.348216
DYNAMIC_OBS_INFO 1 -1.750000 43.549118 1.570796 66.231907 -1.750000 120.150357 17.632811 1.911365
STATIC_OBS_INFO 0 -6.300000 62.215991 8.271910 
STATIC_OBS_INFO 1 -6.300000 78.246953 24.258694 
NO_CANDIDATE
EGO_STATUS -5.250000 54.010993 8.800000 1.570796 0.022117 4.000000 0.000000
FAIL
DYNAMIC_OBS_INFO 0 -5.750000 47.623750 1.570796 133.546497 -5.750000 187.558766 21.833859 1.348216
DYNAMIC_OBS_INFO 1 -1.750000 43.549118 1.570796 68.000123 -1.750000 121.923195 17.823947 1.911365
STATIC_OBS_INFO 0 -6.300000 62.215991 8.269716 
STATIC_OBS_INFO 1 -6.300000 78.246953 24.256484 
NO_CANDIDATE
EGO_STATUS -5.250000 54.013205 8.900000 1.570796 0.022117 4.000000 0.000000
FAIL
DYNAMIC_OBS_INFO 0 -5.750000 47.623750 1.570796 135.734397 -5.750000 189.748893 21.968680 1.348216
DYNAMIC_OBS_INFO 1 -1.750000 43.549118 1.570796 69.787552 -1.750000 123.715147 18.015084 1.911365
STATIC_OBS_INFO 0 -6.300000 62.215991 8.267522 
STATIC_OBS_INFO 1 -6.300000 78.246953 24.254275 
NO_CANDIDATE
EGO_STATUS -5.250000 54.015417 9.000000 1.570796 0.022117 4.000000 0.000000
FAIL
DYNAMIC_OBS_INFO 0 -5.750000 47.623750 1.570796 137.935780 -5.750000 191.952502 22.103502 1.348216
DYNAMIC_OBS_INFO 1 -1.750000 43.549118 1.570796 71.594186 -1.750000 125.526212 18.206220 1.911365
STATIC_OBS_INFO 0 -6.300000 62.215991 8.265328 
STATIC_OBS_INFO 1 -6.300000 78.246953 24.252065 
NO_CANDIDATE
EGO_STATUS -5.250000 54.017628 9.100000 1.570796 0.022117 4.000000 0.000000
FAIL
DYNAMIC_OBS_INFO 0 -5.750000 47.623750 1.570796 140.150645 -5.750000 194.169593 22.238324 1.348216
DYNAMIC_OBS_INFO 1 -1.750000 43.549118 1.570796 73.420022 -1.750000 127.356391 18.397357 1.911365
STATIC_OBS_INFO 0 -6.300000 62.215991 8.263134 
STATIC_OBS_INFO 1 -6.300000 78.246953 24.249855 
NO_CANDIDATE
EGO_STATUS -5.250000 54.019840 9.200000 1.570796 0.022117 4.000000 0.000000
FAIL
DYNAMIC_OBS_INFO 0 -5.750000 47.623750 1.570796 142.378993 -5.750000 196.400167 22.373145 1.348216
DYNAMIC_OBS_INFO 1 -1.750000 43.549118 1.570796 75.265054 -1.750000 129.205683 18.588493 1.911365
STATIC_OBS_INFO 0 -6.300000 62.215991 8.260941 
STATIC_OBS_INFO 1 -6.300000 78.246953 24.247646 
NO_CANDIDATE
EGO_STATUS -5.250000 54.022052 9.300000 1.570796 0.022117 4.000000 0.000000
FAIL
DYNAMIC_OBS_INFO 0 -5.750000 47.623750 1.570796 144.620823 -5.750000 198.644222 22.507967 1.348216
DYNAMIC_OBS_INFO 1 -1.750000 43.549118 1.570796 77.129279 -1.750000 131.074089 18.779630 1.911365
STATIC_OBS_INFO 0 -6.300000 62.215991 8.258747 
STATIC_OBS_INFO 1 -6.300000 78.246953 24.245436 
NO_CANDIDATE
EGO_STATUS -5.250000 54.024264 9.400000 1.570796 0.022117 4.000000 0.000000
FAIL
DYNAMIC_OBS_INFO 0 -5.750000 47.623750 1.570796 146.876136 -5.750000 200.901760 22.642789 1.348216
DYNAMIC_OBS_INFO 1 -1.750000 43.549118 1.570796 79.012691 -1.750000 132.961609 18.970766 1.911365
STATIC_OBS_INFO 0 -6.300000 62.215991 8.256553 
STATIC_OBS_INFO 1 -6.300000 78.246953 24.243226 
NO_CANDIDATE
EGO_STATUS -5.250000 54.026475 9.500000 1.570796 0.022117 4.000000 0.000000
FAIL
DYNAMIC_OBS_INFO 0 -5.750000 47.623750 1.570796 149.144931 -5.750000 203.172780 22.777610 1.348216
DYNAMIC_OBS_INFO 1 -1.750000 43.549118 1.570796 80.915287 -1.750000 134.868242 19.161903 1.911365
STATIC_OBS_INFO 0 -6.300000 62.215991 8.254359 
STATIC_OBS_INFO 1 -6.300000 78.246953 24.241017 
NO_CANDIDATE
EGO_STATUS -5.250000 54.028687 9.600000 1.570796 0.022117 4.000000 0.000000
FAIL
DYNAMIC_OBS_INFO 0 -5.750000 47.623750 1.570796 151.427209 -5.750000 205.457282 22.912432 1.348216
DYNAMIC_OBS_INFO 1 -1.750000 43.549118 1.570796 82.837064 -1.750000 136.793990 19.353039 1.911365
STATIC_OBS_INFO 0 -6.300000 62.215991 8.252165 
STATIC_OBS_INFO 1 -6.300000 78.246953 24.238807 
NO_CANDIDATE
EGO_STATUS -5.250000 54.030899 9.700000 1.570796 0.022117 4.000000 0.000000
FAIL
DYNAMIC_OBS_INFO 0 -5.750000 47.623750 1.570796 153.722969 -5.750000 207.755266 23.047254 1.348216
DYNAMIC_OBS_INFO 1 -1.750000 43.549118 1.570796 84.778018 -1.750000 138.738850 19.544176 1.911365
STATIC_OBS_INFO 0 -6.300000 62.215991 8.249972 
STATIC_OBS_INFO 1 -6.300000 78.246953 24.236597 
NO_CANDIDATE
EGO_STATUS -5.250000 54.033111 9.800000 1.570796 0.022117 4.000000 0.000000
FAIL
DYNAMIC_OBS_INFO 0 -5.750000 47.623750 1.570796 156.032212 -5.750000 210.066733 23.182075 1.348216
DYNAMIC_OBS_INFO 1 -1.750000 43.549118 1.570796 86.738146 -1.750000 140.702825 19.735312 1.911365
STATIC_OBS_INFO 0 -6.300000 62.215991 8.247778 
STATIC_OBS_INFO 1 -6.300000 78.246953 24.234388 
NO_CANDIDATE
EGO_STATUS -5.250000 54.035322 9.900000 1.570796 0.022117 4.000000 0.000000
FAIL
DYNAMIC_OBS_INFO 0 -5.750000 47.623750 1.570796 158.354937 -5.750000 212.391681 23.316897 1.348216
DYNAMIC_OBS_INFO 1 -1.750000 43.549118 1.570796 88.717445 -1.750000 142.685913 19.926449 1.911365
STATIC_OBS_INFO 0 -6.300000 62.215991 8.245584 
STATIC_OBS_INFO 1 -6.300000 78.246953 24.232178 
NO_CANDIDATE
EGO_STATUS -5.250000 54.037534 10.000000 1.570796 0.022117 4.000000 0.000000
FAIL
DYNAMIC_OBS_INFO 0 -5.750000 47.623750 1.570796 160.691144 -5.750000 214.730112 23.451719 1.348216
DYNAMIC_OBS_INFO 1 -1.750000 43.549118 1.570796 90.715912 -1.750000 144.688114 20.117585 1.911365
STATIC_OBS_INFO 0 -6.300000 62.215991 8.243390 
STATIC_OBS_INFO 1 -6.300000 78.246953 24.229968 
NO_CANDIDATE
EGO_STATUS -5.250000 54.039746 10.100000 1.570796 0.022117 4.000000 0.000000
FAIL
DYNAMIC_OBS_INFO 0 -5.750000 47.623750 1.570796 163.040834 -5.750000 217.082025 23.586540 1.348216
DYNAMIC_OBS_INFO 1 -1.750000 43.549118 1.570796 92.733545 -1.750000 146.709430 20.308721 1.911365
STATIC_OBS_INFO 0 -6.300000 62.215991 8.241197 
STATIC_OBS_INFO 1 -6.300000 78.246953 24.227759 
NO_CANDIDATE
EGO_STATUS -5.250000 54.041958 10.200000 1.570796 0.022117 4.000000 0.000000
FAIL
DYNAMIC_OBS_INFO 0 -5.750000 47.623750 1.570796 165.404007 -5.750000 219.447420 23.721362 1.348216
DYNAMIC_OBS_INFO 1 -1.750000 43.549118 1.570796 94.770341 -1.750000 148.749859 20.499858 1.911365
STATIC_OBS_INFO 0 -6.300000 62.215991 8.239003 
STATIC_OBS_INFO 1 -6.300000 78.246953 24.225549 
NO_CANDIDATE
EGO_STATUS -5.250000 54.044169 10.300000 1.570796 0.022117 4.000000 0.000000
FAIL
DYNAMIC_OBS_INFO 0 -5.750000 47.623750 1.570796 167.780661 -5.750000 221.826297 23.856184 1.348216
DYNAMIC_OBS_INFO 1 -1.750000 43.549118 1.570796 96.826299 -1.750000 150.809401 20.690994 1.911365
STATIC_OBS_INFO 0 -6.300000 62.215991 8.236809 
STATIC_OBS_INFO 1 -6.300000 78.246953 24.223339 
NO_CANDIDATE
EGO_STATUS -5.250000 54.046381 10.400000 1.570796 0.022117 4.000000 0.000000
FAIL
DYNAMIC_OBS_INFO 0 -5.750000 47.623750 1.570796 170.170799 -5.750000 224.218657 23.991005 1.348216
DYNAMIC_OBS_INFO 1 -1.750000 43.549118 1.570796 98.901414 -1.750000 152.888058 20.882131 1.911365
STATIC_OBS_INFO 0 -6.300000 62.215991 8.234616 
STATIC_OBS_INFO 1 -6.300000 78.246953 24.221130 
NO_CANDIDATE
EGO_STATUS -5.250000 54.048593 10.500000 1.570796 0.022117 4.000000 0.000000
FAIL
DYNAMIC_OBS_INFO 0 -5.750000 47.623750 1.570796 172.574418 -5.750000 226.624499 24.125827 1.348216
DYNAMIC_OBS_INFO 1 -1.750000 43.549118 1.570796 100.995687 -1.750000 154.985827 21.073267 1.911365
STATIC_OBS_INFO 0 -6.300000 62.215991 8.232422 
STATIC_OBS_INFO 1 -6.300000 78.246953 24.218920 
NO_CANDIDATE
EGO_STATUS -5.250000 54.050805 10.600000 1.570796 0.022117 4.000000 0.000000
FAIL
DYNAMIC_OBS_INFO 0 -5.750000 47.623750 1.570796 174.991520 -5.750000 229.043822 24.260648 1.348216
DYNAMIC_OBS_INFO 1 -1.750000 43.549118 1.570796 103.109115 -1.750000 157.102711 21.264404 1.911365
STATIC_OBS_INFO 0 -6.300000 62.215991 8.230228 
STATIC_OBS_INFO 1 -6.300000 78.246953 24.216710 
NO_CANDIDATE
EGO_STATUS -5.250000 54.053016 10.700000 1.570796 0.022117 4.000000 0.000000
FAIL
DYNAMIC_OBS_INFO 0 -5.750000 47.623750 1.570796 177.422105 -5.750000 231.476628 24.395470 1.348216
DYNAMIC_OBS_INFO 1 -1.750000 43.549118 1.570796 105.241696 -1.750000 159.238708 21.455540 1.911365
STATIC_OBS_INFO 0 -6.300000 62.215991 8.228035 
STATIC_OBS_INFO 1 -6.300000 78.246953 24.214501 
NO_CANDIDATE
EGO_STATUS -5.250000 54.055228 10.800000 1.570796 0.022117 4.000000 0.000000
FAIL
DYNAMIC_OBS_INFO 0 -5.750000 47.623750 1.570796 179.866172 -5.750000 233.922916 24.530292 1.348216
DYNAMIC_OBS_INFO 1 -1.750000 43.549118 1.570796 107.393428 -1.750000 161.393819 21.646677 1.911365
STATIC_OBS_INFO 0 -6.300000 62.215991 8.225841 
STATIC_OBS_INFO 1 -6.300000 78.246953 24.212291 
NO_CANDIDATE
EGO_STATUS -5.250000 54.057440 10.900000 1.570796 0.022117 4.000000 0.000000
FAIL
DYNAMIC_OBS_INFO 0 -5.750000 47.623750 1.570796 182.323721 -5.750000 236.382687 24.665113 1.348216
DYNAMIC_OBS_INFO 1 -1.750000 43.549118 1.570796 109.564310 -1.750000 163.568044 21.837813 1.911365
STATIC_OBS_INFO 0 -6.300000 62.215991 8.223647 
STATIC_OBS_INFO 1 -6.300000 78.246953 24.210081 
NO_CANDIDATE
EGO_STATUS -5.250000 54.059652 11.000000 1.570796 0.022117 4.000000 0.000000
FAIL
DYNAMIC_OBS_INFO 0 -5.750000 47.623750 1.570796 184.794752 -5.750000 238.855939 24.799935 1.348216
DYNAMIC_OBS_INFO 1 -1.750000 43.549118 1.570796 111.754340 -1.750000 165.761382 22.028950 1.911365
STATIC_OBS_INFO 0 -6.300000 62.215991 8.221454 
STATIC_OBS_INFO 1 -6.300000 78.246953 24.207872 
NO_CANDIDATE
EGO_STATUS -5.250000 54.061863 11.100000 1.570796 0.022117 4.000000 0.000000
FAIL
DYNAMIC_OBS_INFO 0 -5.750000 47.623750 1.570796 187.279266 -5.750000 241.342674 24.934757 1.348216
DYNAMIC_OBS_INFO 1 -1.750000 43.549118 1.570796 113.963516 -1.750000 167.973834 22.220086 1.911365
STATIC_OBS_INFO 0 -6.300000 62.215991 8.219260 
STATIC_OBS_INFO 1 -6.300000 78.246953 24.205662 
NO_CANDIDATE
EGO_STATUS -5.250000 54.064075 11.200000 1.570796 0.022117 4.000000 0.000000
FAIL
DYNAMIC_OBS_INFO 0 -5.750000 47.623750 1.570796 189.777262 -5.750000 243.842890 25.069578 1.348216
DYNAMIC_OBS_INFO 1 -1.750000 43.549118 1.570796 116.191839 -1.750000 170.205399 22.411223 1.911365
STATIC_OBS_INFO 0 -6.300000 62.215991 8.217066 
STATIC_OBS_INFO 1 -6.300000 78.246953 24.203452 
NO_CANDIDATE
EGO_STATUS -5.250000 54.066287 11.300000 1.570796 0.022117 4.000000 0.000000
FAIL
DYNAMIC_OBS_INFO 0 -5.750000 47.623750 1.570796 192.288741 -5.750000 246.356589 25.204400 1.348216
DYNAMIC_OBS_INFO 1 -1.750000 43.549118 1.570796 118.439305 -1.750000 172.456078 22.602359 1.911365
STATIC_OBS_INFO 0 -6.300000 62.215991 8.214873 
STATIC_OBS_INFO 1 -6.300000 78.246953 24.201243 
NO_CANDIDATE
EGO_STATUS -5.250000 54.068499 11.400000 1.570796 0.022117 4.000000 0.000000
FAIL
DYNAMIC_OBS_INFO 0 -5.750000 47.623750 1.570796 194.813702 -5.750000 248.883770 25.339222 1.348216
DYNAMIC_OBS_INFO 1 -1.750000 43.549118 1.570796 120.705914 -1.750000 174.725871 22.793496 1.911365
STATIC_OBS_INFO 0 -6.300000 62.215991 8.212679 
STATIC_OBS_INFO 1 -6.300000 78.246953 24.199033 
NO_CANDIDATE
EGO_STATUS -5.250000 54.070710 11.500000 1.570796 0.022117 4.000000 0.000000
FAIL
DYNAMIC_OBS_INFO 0 -5.750000 47.623750 1.570796 197.352145 -5.750000 251.424434 25.474043 1.348216
DYNAMIC_OBS_INFO 1 -1.750000 43.549118 1.570796 122.991665 -1.750000 177.014777 22.984632 1.911365
STATIC_OBS_INFO 0 -6.300000 62.215991 8.210486 
STATIC_OBS_INFO 1 -6.300000 78.246953 24.196823 
NO_CANDIDATE
EGO_STATUS -5.250000 54.072922 11.600000 1.570796 0.022117 4.000000 0.000000
FAIL
DYNAMIC_OBS_INFO 0 -5.750000 47.623750 1.570796 199.904071 -5.750000 253.978579 25.608865 1.348216
DYNAMIC_OBS_INFO 1 -1.750000 43.549118 1.570796 125.296557 -1.750000 179.322797 23.175769 1.911365
STATIC_OBS_INFO 0 -6.300000 62.215991 8.208292 
STATIC_OBS_INFO 1 -6.300000 78.246953 24.194614 
NO_CANDIDATE
EGO_STATUS -5.250000 54.075134 11.700000 1.570796 0.022117 4.000000 0.000000
FAIL
DYNAMIC_OBS_INFO 0 -5.750000 47.623750 1.570796 202.469478 -5.750000 256.546207 25.743687 1.348216
DYNAMIC_OBS_INFO 1 -1.750000 43.549118 1.570796 127.620588 -1.750000 181.649931 23.366905 1.911365
STATIC_OBS_INFO 0 -6.300000 62.215991 8.206098 
STATIC_OBS_INFO 1 -6.300000 78.246953 24.192404 
NO_CANDIDATE
EGO_STATUS -5.250000 54.077346 11.800000 1.570796 0.022117 4.000000 0.000000
FAIL
DYNAMIC_OBS_INFO 0 -5.750000 47.623750 1.570796 205.048369 -5.750000 259.127316 25.878508 1.348216
DYNAMIC_OBS_INFO 1 -1.750000 43.549118 1.570796 129.963758 -1.750000 183.996178 23.558042 1.911365
STATIC_OBS_INFO 0 -6.300000 62.215991 8.203905 
STATIC_OBS_INFO 1 -6.300000 78.246953 24.190194 
NO_CANDIDATE
EGO_STATUS -5.250000 54.079557 11.900000 1.570796 0.022117 4.000000 0.000000
FAIL
DYNAMIC_OBS_INFO 0 -5.750000 47.623750 1.570796 207.640741 -5.750000 261.721908 26.013330 1.348216
DYNAMIC_OBS_INFO 1 -1.750000 43.549118 1.570796 132.326065 -1.750000 186.361539 23.749178 1.911365
STATIC_OBS_INFO 0 -6.300000 62.215991 8.201711 
STATIC_OBS_INFO 1 -6.300000 78.246953 24.187985 
NO_CANDIDATE
EGO_STATUS -5.250000 54.081769 12.000000 1.570796 0.022117 4.000000 0.000000
FAIL
DYNAMIC_OBS_INFO 0 -5.750000 47.623750 1.570796 210.246596 -5.750000 264.329982 26.148152 1.348216
DYNAMIC_OBS_INFO 1 -1.750000 43.549118 1.570796 134.707510 -1.750000 188.746014 23.940314 1.911365
STATIC_OBS_INFO 0 -6.300000 62.215991 8.199518 
STATIC_OBS_INFO 1 -6.300000 78.246953 24.185775 
NO_CANDIDATE
EGO_STATUS -5.250000 54.083981 12.100000 1.570796 0.022117 4.000000 0.000000
FAIL
DYNAMIC_OBS_INFO 0 -5.750000 47.623750 1.570796 212.865933 -5.750000 266.951539 26.282973 1.348216
DYNAMIC_OBS_INFO 1 -1.750000 43.549118 1.570796 137.108090 -1.750000 191.149602 24.131451 1.911365
STATIC_OBS_INFO 0 -6.300000 62.215991 8.197324 
STATIC_OBS_INFO 1 -6.300000 78.246953 24.183565 
NO_CANDIDATE
EGO_STATUS -5.250000 54.086193 12.200000 1.570796 0.022117 4.000000 0.000000
FAIL
DYNAMIC_OBS_INFO 0 -5.750000 47.623750 1.570796 215.498753 -5.750000 269.586577 26.417795 1.348216
DYNAMIC_OBS_INFO 1 -1.750000 43.549118 1.570796 139.527805 -1.750000 193.572304 24.322587 1.911365
STATIC_OBS_INFO 0 -6.300000 62.215991 8.195131 
STATIC_OBS_INFO 1 -6.300000 78.246953 24.181356 
NO_CANDIDATE
EGO_STATUS -5.250000 54.088404 12.300000 1.570796 0.022117 4.000000 0.000000
FAIL
DYNAMIC_OBS_INFO 0 -5.750000 47.623750 1.570796 218.145055 -5.750000 272.235098 26.552616 1.348216
DYNAMIC_OBS_INFO 1 -1.750000 43.549118 1.570796 141.966654 -1.750000 196.014120 24.513724 1.911365
STATIC_OBS_INFO 0 -6.300000 62.215991 8.192937 
STATIC_OBS_INFO 1 -6.300000 78.246953 24.179146 
NO_CANDIDATE
EGO_STATUS -5.250000 54.090616 12.400000 1.570796 0.022117 4.000000 0.000000
FAIL
DYNAMIC_OBS_INFO 0 -5.750000 47.623750 1.570796 220.804839 -5.750000 274.897100 26.687438 1.348216
DYNAMIC_OBS_INFO 1 -1.750000 43.549118 1.570796 144.424637 -1.750000 198.475049 24.704860 1.911365
STATIC_OBS_INFO 0 -6.300000 62.215991 8.190744 
STATIC_OBS_INFO 1 -6.300000 78.246953 24.176936 
NO_CANDIDATE
EGO_STATUS -5.250000 54.092828 12.500000 1.570796 0.022117 4.000000 0.000000
FAIL
DYNAMIC_OBS_INFO 0 -5.750000 47.623750 1.570796 223.478105 -5.750000 277.572585 26.822260 1.348216
DYNAMIC_OBS_INFO 1 -1.750000 43.549118 1.570796 146.901753 -1.750000 200.955092 24.895997 1.911365
STATIC_OBS_INFO 0 -6.300000 62.215991 8.188550 
STATIC_OBS_INFO 1 -6.300000 78.246953 24.174727 
NO_CANDIDATE
EGO_STATUS -5.250000 54.095040 12.600000 1.570796 0.022117 4.000000 0.000000
FAIL
DYNAMIC_OBS_INFO 0 -5.750000 47.623750 1.570796 226.164854 -5.750000 280.261552 26.957081 1.348216
DYNAMIC_OBS_INFO 1 -1.750000 43.549118 1.570796 149.398000 -1.750000 203.454248 25.087133 1.911365
STATIC_OBS_INFO 0 -6.300000 62.215991 8.186357 
STATIC_OBS_INFO 1 -6.300000 78.246953 24.172517 
NO_CANDIDATE
EGO_STATUS -5.250000 54.097251 12.700000 1.570796 0.022117 4.000000 0.000000
FAIL
DYNAMIC_OBS_INFO 0 -5.750000 47.623750 1.570796 228.865085 -5.750000 282.964001 27.091903 1.348216
DYNAMIC_OBS_INFO 1 -1.750000 43.549118 1.570796 151.913380 -1.750000 205.972518 25.278270 1.911365
STATIC_OBS_INFO 0 -6.300000 62.215991 8.184163 
STATIC_OBS_INFO 1 -6.300000 78.246953 24.170307 
NO_CANDIDATE
EGO_STATUS -5.250000 54.099463 12.800000 1.570796 0.022117 4.000000 0.000000
FAIL
DYNAMIC_OBS_INFO 0 -5.750000 47.623750 1.570796 231.578798 -5.750000 285.679933 27.226725 1.348216
DYNAMIC_OBS_INFO 1 -1.750000 43.549118 1.570796 154.447890 -1.750000 208.509902 25.469406 1.911365
STATIC_OBS_INFO 0 -6.300000 62.215991 8.181970 
STATIC_OBS_INFO 1 -6.300000 78.246953 24.168098 
NO_CANDIDATE
EGO_STATUS -5.250000 54.101675 12.900000 1.570796 0.022117 4.000000 0.000000
FAIL
DYNAMIC_OBS_INFO 0 -5.750000 47.623750 1.570796 234.305993 -5.750000 288.409346 27.361546 1.348216
DYNAMIC_OBS_INFO 1 -1.750000 43.549118 1.570796 157.001530 -1.750000 211.066400 25.660543 1.911365
STATIC_OBS_INFO 0 -6.300000 62.215991 8.179776 
STATIC_OBS_INFO 1 -6.300000 78.246953 24.165888 
NO_CANDIDATE
EGO_STATUS -5.250000 54.103887 13.000000 1.570796 0.022117 4.000000 0.000000
FAIL
DYNAMIC_OBS_INFO 0 -5.750000 47.623750 1.570796 237.046671 -5.750000 291.152242 27.496368 1.348216
DYNAMIC_OBS_INFO 1 -1.750000 43.549118 1.570796 159.574300 -1.750000 213.642011 25.851679 1.911365
STATIC_OBS_INFO 0 -6.300000 62.215991 8.177583 
STATIC_OBS_INFO 1 -6.300000 78.246953 24.163678 
NO_CANDIDATE
EGO_STATUS -5.250000 54.106098 13.100000 1.570796 0.022117 4.000000 0.000000
FAIL
DYNAMIC_OBS_INFO 0 -5.750000 47.623750 1.570796 239.800831 -5.750000 293.908620 27.631190 1.348216
DYNAMIC_OBS_INFO 1 -1.750000 43.549118 1.570796 162.166200 -1.750000 216.236735 26.042816 1.911365
STATIC_OBS_INFO 0 -6.300000 62.215991 8.175389 
STATIC_OBS_INFO 1 -6.300000 78.246953 24.161469 
NO_CANDIDATE
EGO_STATUS -5.250000 54.108310 13.200000 1.570796 0.022117 4.000000 0.000000
FAIL
DYNAMIC_OBS_INFO 0 -5.750000 47.623750 1.570796 242.568474 -5.750000 296.678480 27.766011 1.348216
DYNAMIC_OBS_INFO 1 -1.750000 43.549118 1.570796 164.777228 -1.750000 218.850574 26.233952 1.911365
STATIC_OBS_INFO 0 -6.300000 62.215991 8.173196 
STATIC_OBS_INFO 1 -6.300000 78.246953 24.159259 
NO_CANDIDATE
EGO_STATUS -5.250000 54.110522 13.300000 1.570796 0.022117 4.000000 0.000000
FAIL
DYNAMIC_OBS_INFO 0 -5.750000 47.623750 1.570796 245.349598 -5.750000 299.461822 27.900833 1.348216
DYNAMIC_OBS_INFO 1 -1.750000 43.549118 1.570796 167.407384 -1.750000 221.483526 26.425089 1.911365
STATIC_OBS_INFO 0 -6.300000 62.215991 8.171003 
STATIC_OBS_INFO 1 -6.300000 78.246953 24.157049 
NO_CANDIDATE
EGO_STATUS -5.250000 54.112733 13.400000 1.570796 0.022117 4.000000 0.000000
FAIL
DYNAMIC_OBS_INFO 0 -5.750000 47.623750 1.570796 248.144205 -5.750000 302.258647 28.035655 1.348216
DYNAMIC_OBS_INFO 1 -1.750000 43.549118 1.570796 170.056668 -1.750000 224.135592 26.616225 1.911365
STATIC_OBS_INFO 0 -6.300000 62.215991 8.168809 
STATIC_OBS_INFO 1 -6.300000 78.246953 24.154840 
NO_CANDIDATE
EGO_STATUS -5.250000 54.114945 13.500000 1.570796 0.022117 4.000000 0.000000
FAIL
DYNAMIC_OBS_INFO 0 -5.750000 47.623750 1.570796 250.952294 -5.750000 305.068953 28.170476 1.348216
DYNAMIC_OBS_INFO 1 -1.750000 43.549118 1.570796 172.725079 -1.750000 226.806771 26.807362 1.911365
STATIC_OBS_INFO 0 -6.300000 62.215991 8.166616 
STATIC_OBS_INFO 1 -6.300000 78.246953 24.152630 
NO_CANDIDATE
EGO_STATUS -5.250000 54.117157 13.600000 1.570796 0.022117 4.000000 0.000000
FAIL
DYNAMIC_OBS_INFO 0 -5.750000 47.623750 1.570796 253.773866 -5.750000 307.892742 28.305298 1.348216
DYNAMIC_OBS_INFO 1 -1.750000 43.549118 1.570796 175.412616 -1.750000 229.497064 26.998498 1.911365
STATIC_OBS_INFO 0 -6.300000 62.215991 8.164422 
STATIC_OBS_INFO 1 -6.300000 78.246953 24.150420 
NO_CANDIDATE
EGO_STATUS -5.250000 54.119369 13.700000 1.570796 0.022117 4.000000 0.000000
FAIL
DYNAMIC_OBS_INFO 0 -5.750000 47.623750 1.570796 256.608919 -5.750000 310.730013 28.440120 1.348216
DYNAMIC_OBS_INFO 1 -1.750000 43.549118 1.570796 178.119280 -1.750000 232.206471 27.189635 1.911365
STATIC_OBS_INFO 0 -6.300000 62.215991 8.162229 
STATIC_OBS_INFO 1 -6.300000 78.246953 24.148211 
NO_CANDIDATE
EGO_STATUS -5.250000 54.121580 13.800000 1.570796 0.022117 4.000000 0.000000
FAIL
DYNAMIC_OBS_INFO 0 -5.750000 47.623750 1.570796 259.457455 -5.750000 313.580766 28.574941 1.348216
DYNAMIC_OBS_INFO 1 -1.750000 43.549118 1.570796 180.845071 -1.750000 234.934991 27.380771 1.911365
STATIC_OBS_INFO 0 -6.300000 62.215991 8.160036 
STATIC_OBS_INFO 1 -6.300000 78.246953 24.146001 
NO_CANDIDATE
EGO_STATUS -5.250000 54.123792 13.900000 1.570796 0.022117 4.000000 0.000000
FAIL
DYNAMIC_OBS_INFO 0 -5.750000 47.623750 1.570796 262.319474 -5.750000 316.445001 28.709763 1.348216
DYNAMIC_OBS_INFO 1 -1.750000 43.549118 1.570796 183.589986 -1.750000 237.682625 27.571908 1.911365
STATIC_OBS_INFO 0 -6.300000 62.215991 8.157842 
STATIC_OBS_INFO 1 -6.300000 78.246953 24.143791 
NO_CANDIDATE
EGO_STATUS -5.250000 54.126004 14.000000 1.570796 0.022117 4.000000 0.000000
FAIL
DYNAMIC_OBS_INFO 0 -5.750000 47.623750 1.570796 265.194974 -5.750000 319.322718 28.844585 1.348216
DYNAMIC_OBS_INFO 1 -1.750000 43.549118 1.570796 186.354027 -1.750000 240.449372 27.763044 1.911365
STATIC_OBS_INFO 0 -6.300000 62.215991 8.155649 
STATIC_OBS_INFO 1 -6.300000 78.246953 24.141582 
NO_CANDIDATE
EGO_STATUS -5.250000 54.128216 14.100000 1.570796 0.022117 4.000000 0.000000
FAIL
DYNAMIC_OBS_INFO 0 -5.750000 47.623750 1.570796 268.083957 -5.750000 322.213918 28.979406 1.348216
DYNAMIC_OBS_INFO 1 -1.750000 43.549118 1.570796 189.137193 -1.750000 243.235234 27.954180 1.911365
STATIC_OBS_INFO 0 -6.300000 62.215991 8.153456 
STATIC_OBS_INFO 1 -6.300000 78.246953 24.139372 
NO_CANDIDATE
EGO_STATUS -5.250000 54.130427 14.200000 1.570796 0.022117 4.000000 0.000000
FAIL
DYNAMIC_OBS_INFO 0 -5.750000 47.623750 1.570796 270.986422 -5.750000 325.118600 29.114228 1.348216
DYNAMIC_OBS_INFO 1 -1.750000 43.549118 1.570796 191.939483 -1.750000 246.040208 28.145317 1.911365
STATIC_OBS_INFO 0 -6.300000 62.215991 8.151262 
STATIC_OBS_INFO 1 -6.300000 78.246953 24.137162 
NO_CANDIDATE
EGO_STATUS -5.250000 54.132639 14.300000 1.570796 0.022117 4.000000 0.000000
FAIL
DYNAMIC_OBS_INFO 0 -5.750000 47.623750 1.570796 273.902369 -5.750000 328.036763 29.249049 1.348216
DYNAMIC_OBS_INFO 1 -1.750000 43.549118 1.570796 194.760897 -1.750000 248.864297 28.336453 1.911365
STATIC_OBS_INFO 0 -6.300000 62.215991 8.149069 
STATIC_OBS_INFO 1 -6.300000 78.246953 24.134953 
NO_CANDIDATE
EGO_STATUS -5.250000 54.134851 14.400000 1.570796 0.022117 4.000000 0.000000
FAIL
DYNAMIC_OBS_INFO 0 -5.750000 47.623750 1.570796 276.831798 -5.750000 330.968410 29.383871 1.348216
DYNAMIC_OBS_INFO 1 -1.750000 43.549118 1.570796 197.601436 -1.750000 251.707499 28.527590 1.911365
STATIC_OBS_INFO 0 -6.300000 62.215991 8.146876 
STATIC_OBS_INFO 1 -6.300000 78.246953 24.132743 
NO_CANDIDATE
EGO_STATUS -5.250000 54.137063 14.500000 1.570796 0.022117 4.000000 0.000000
FAIL
DYNAMIC_OBS_INFO 0 -5.750000 47.623750 1.570796 279.774710 -5.750000 333.913538 29.518693 1.348216
DYNAMIC_OBS_INFO 1 -1.750000 43.549118 1.570796 200.461097 -1.750000 254.569815 28.718726 1.911365
STATIC_OBS_INFO 0 -6.300000 62.215991 8.144682 
STATIC_OBS_INFO 1 -6.300000 78.246953 24.130533 
NO_CANDIDATE
EGO_STATUS -5.250000 54.139274 14.600000 1.570796 0.022117 4.000000 0.000000
FAIL
DYNAMIC_OBS_INFO 0 -5.750000 47.623750 1.570796 282.731104 -5.750000 336.872148 29.653514 1.348216
DYNAMIC_OBS_INFO 1 -1.750000 43.549118 1.570796 203.339882 -1.750000 257.451244 28.909863 1.911365
STATIC_OBS_INFO 0 -6.300000 62.215991 8.142489 
STATIC_OBS_INFO 1 -6.300000 78.246953 24.128324 
NO_CANDIDATE
EGO_STATUS -5.250000 54.141486 14.700000 1.570796 0.022117 4.000000 0.000000
FAIL
DYNAMIC_OBS_INFO 0 -5.750000 47.623750 1.570796 285.700980 -5.750000 339.844241 29.788336 1.348216
DYNAMIC_OBS_INFO 1 -1.750000 43.549118 1.570796 206.237790 -1.750000 260.351788 29.100999 1.911365
STATIC_OBS_INFO 0 -6.300000 62.215991 8.140296 
STATIC_OBS_INFO 1 -6.300000 78.246953 24.126114 
NO_CANDIDATE
EGO_STATUS -5.250000 54.143698 14.800000 1.570796 0.022117 4.000000 0.000000
FAIL
DYNAMIC_OBS_INFO 0 -5.750000 47.623750 1.570796 288.684339 -5.750000 342.829815 29.923158 1.348216
DYNAMIC_OBS_INFO 1 -1.750000 43.549118 1.570796 209.154821 -1.750000 263.271444 29.292136 1.911365
STATIC_OBS_INFO 0 -6.300000 62.215991 8.138103 
STATIC_OBS_INFO 1 -6.300000 78.246953 24.123904 
NO_CANDIDATE
EGO_STATUS -5.250000 54.145910 14.900000 1.570796 0.022117 4.000000 0.000000
FAIL
DYNAMIC_OBS_INFO 0 -5.750000 47.623750 1.570796 291.681179 -5.750000 345.828872 30.057979 1.348216
DYNAMIC_OBS_INFO 1 -1.750000 43.549118 1.570796 212.090974 -1.750000 266.210215 29.483272 1.911365
STATIC_OBS_INFO 0 -6.300000 62.215991 8.135909 
STATIC_OBS_INFO 1 -6.300000 78.246953 24.121695 
NO_CANDIDATE
EGO_STATUS -5.250000 54.148121 15.000000 1.570796 0.022117 4.000000 0.000000
FAIL
DYNAMIC_OBS_INFO 0 -5.750000 47.623750 1.570796 294.691502 -5.750000 348.841411 30.192801 1.348216
DYNAMIC_OBS_INFO 1 -1.750000 43.549118 1.570796 215.046250 -1.750000 269.168099 29.674409 1.911365
STATIC_OBS_INFO 0 -6.300000 62.215991 8.133716 
STATIC_OBS_INFO 1 -6.300000 78.246953 24.119485 
NO_CANDIDATE
EGO_STATUS -5.250000 54.150333 15.100000 1.570796 0.022117 4.000000 0.000000
FAIL
DYNAMIC_OBS_INFO 0 -5.750000 47.623750 1.570796 297.715307 -5.750000 351.867432 30.327623 1.348216
DYNAMIC_OBS_INFO 1 -1.750000 43.549118 1.570796 218.020647 -1.750000 272.145096 29.865545 1.911365
STATIC_OBS_INFO 0 -6.300000 62.215991 8.131523 
STATIC_OBS_INFO 1 -6.300000 78.246953 24.117275 
NO_CANDIDATE
EGO_STATUS -5.250000 54.152545 15.200000 1.570796 0.022117 4.000000 0.000000
FAIL
DYNAMIC_OBS_INFO 0 -5.750000 47.623750 1.570796 300.752595 -5.750000 354.906936 30.462444 1.348216
DYNAMIC_OBS_INFO 1 -1.750000 43.549118 1.570796 221.014166 -1.750000 275.141208 30.056682 1.911365
STATIC_OBS_INFO 0 -6.300000 62.215991 8.129330 
STATIC_OBS_INFO 1 -6.300000 78.246953 24.115066 
NO_CANDIDATE
EGO_STATUS -5.250000 54.154757 15.300000 1.570796 0.022117 4.000000 0.000000
FAIL
DYNAMIC_OBS_INFO 0 -5.750000 47.623750 1.570796 303.803364 -5.750000 357.959921 30.597266 1.348216
DYNAMIC_OBS_INFO 1 -1.750000 43.549118 1.570796 224.026806 -1.750000 278.156433 30.247818 1.911365
STATIC_OBS_INFO 0 -6.300000 62.215991 8.127136 
STATIC_OBS_INFO 1 -6.300000 78.246953 24.112856 
NO_CANDIDATE
EGO_STATUS -5.250000 54.156968 15.400000 1.570796 0.022117 4.000000 0.000000
FAIL
DYNAMIC_OBS_INFO 0 -5.750000 47.623750 1.570796 306.867616 -5.750000 361.026389 30.732088 1.348216
DYNAMIC_OBS_INFO 1 -1.750000 43.549118 1.570796 227.058568 -1.750000 281.190771 30.438955 1.911365
STATIC_OBS_INFO 0 -6.300000 62.215991 8.124943 
STATIC_OBS_INFO 1 -6.300000 78.246953 24.110647 
TIMEOUT
