STATIC_OBS_INIT_INFO 0 -6.300000 67.091057
STATIC_OBS_INIT_INFO 1 -6.300000 60.869025
Parent: -28.163800 10.000000 101.000000 0.000000 15.150000 18.076552 -10.000000 2.259648 40.000000 0.000000 0 0 0 0 0 0 0 0
Child: 18.076552 24.795319 249.000000 10.600854 271.350000 0.000000 -10.000000 0.000000 0.000000 0.000000 0 0 0 0 0 0 0 0
EGO_STATUS -5.750000 19.213318 0.000000 1.570796 15.398556 4.000000 0.000000
DYNAMIC_OBS_INFO 0 -5.750000 34.956770 1.570796 14.203596 -5.750000 34.956770 15.117596 0.387580
DYNAMIC_OBS_INFO 1 -1.750000 36.701818 1.570796 16.442603 -1.750000 36.701818 12.056407 0.632334
STATIC_OBS_INFO 0 -6.300000 67.091057 46.341148 
STATIC_OBS_INFO 1 -6.300000 60.869025 40.119622 
Parent: 506.862738 20.435104 206.000000 3058.018555 2461.400000 15.501673 -10.000000 2.837316 49.000000 0.000000 1 0 0 0 0 0 0 0
Child: 15.501673 23.255463 234.000000 10.601703 246.000000 0.000000 -10.000000 0.000000 0.000000 0.000000 0 0 0 0 0 0 0 0
EGO_STATUS -5.749991 20.753173 0.100000 1.570768 15.398556 4.000000 0.000000
DYNAMIC_OBS_INFO 0 -5.750000 34.956770 1.570796 14.177438 -5.750000 36.470467 15.156354 0.387580
DYNAMIC_OBS_INFO 1 -1.750000 36.701818 1.570796 14.953635 -1.750000 36.701818 12.056407 0.632334
STATIC_OBS_INFO 0 -6.300000 67.091057 44.801408 
STATIC_OBS_INFO 1 -6.300000 60.869025 38.579920 
Parent: 506.191482 20.435104 206.000000 3058.018555 2461.400000 12.930416 -10.000000 2.737316 47.000000 0.000000 1 0 0 0 0 0 0 0
Child: 12.930416 21.715608 219.000000 10.601240 220.650000 0.000000 -10.000000 0.000000 0.000000 0.000000 0 0 0 0 0 0 0 0
EGO_STATUS -5.749749 22.293029 0.200000 1.570409 15.398556 4.000000 0.000000
DYNAMIC_OBS_INFO 0 -5.750000 34.956770 1.570796 14.155157 -5.750000 37.988040 15.195112 0.387580
DYNAMIC_OBS_INFO 1 -1.750000 36.701818 1.570796 13.475755 -1.750000 36.701818 12.056407 0.632334
STATIC_OBS_INFO 0 -6.300000 67.091057 43.261692 
STATIC_OBS_INFO 1 -6.300000 60.869025 37.040250 
Parent: 297.685724 40.459556 406.000000 10.070774 3389.200000 0.000000 0.000000 4.934527 46.000000 0.000000 0 0 0 0 0 0 0 0
EGO_STATUS -5.748310 23.832884 0.300000 1.569105 15.398556 4.000000 0.000000
DYNAMIC_OBS_INFO 0 -5.750000 34.956770 1.570796 14.151361 -5.750000 39.509490 15.233870 0.387580
DYNAMIC_OBS_INFO 1 -1.750000 36.701818 1.570796 12.026206 -1.750000 36.701818 12.056407 0.632334
STATIC_OBS_INFO 0 -6.300000 67.091057 41.736633 
STATIC_OBS_INFO 1 -6.300000 60.869025 35.515250 
Parent: 287.005983 38.934309 391.000000 10.070829 3365.950000 0.000000 -10.000000 4.834529 44.000000 0.000000 0 0 0 0 0 0 0 0
EGO_STATUS -5.743792 25.358130 0.400000 1.566267 15.106764 6.000000 -2.917920
DYNAMIC_OBS_INFO 0 -5.750000 34.956770 1.570796 14.180644 -5.750000 41.034815 15.272628 0.387580
DYNAMIC_OBS_INFO 1 -1.750000 36.701818 1.570796 10.622907 -1.750000 36.701818 12.056407 0.632334
STATIC_OBS_INFO 0 -6.300000 67.091057 40.240862 
STATIC_OBS_INFO 1 -6.300000 60.869025 34.019558 
Parent: 285.389925 37.438234 376.000000 10.070799 3340.900000 0.000000 -10.000000 4.734530 43.000000 0.000000 0 0 0 0 0 0 0 0
EGO_STATUS -5.733738 26.854179 0.500000 1.561537 14.814972 6.000000 -2.917919
DYNAMIC_OBS_INFO 0 -5.750000 34.956770 1.570796 14.243103 -5.750000 42.564015 15.311386 0.387580
DYNAMIC_OBS_INFO 1 -1.750000 36.701818 1.570796 9.271652 -1.750000 36.701818 12.056407 0.632334
STATIC_OBS_INFO 0 -6.300000 67.091057 38.774510 
STATIC_OBS_INFO 1 -6.300000 60.869025 32.553319 
Parent: 215.283396 20.435104 206.000000 34.287727 2461.400000 4.042667 0.000000 4.669670 41.000000 0.000000 0 0 1 0 0 0 0 0
Child: 4.042667 15.687988 158.000000 26.529312 114.900000 0.000000 -10.000000 0.000000 0.000000 0.000000 0 0 0 1 0 0 0 0
EGO_STATUS -5.715434 28.320955 0.600000 1.554732 14.523180 6.000000 -2.917918
DYNAMIC_OBS_INFO 0 -5.750000 34.956770 1.570796 14.353683 -5.750000 44.097092 15.350144 0.387580
DYNAMIC_OBS_INFO 1 -1.750000 36.701818 1.570796 7.994645 -1.750000 36.701818 12.056407 0.632334
STATIC_OBS_INFO 0 -6.300000 67.091057 37.352545 
STATIC_OBS_INFO 1 -6.300000 60.869025 31.131519 
Parent: 213.951863 20.435104 206.000000 34.287651 2461.400000 1.811124 0.000000 4.569686 40.000000 0.000000 0 0 1 0 0 0 0 0
Child: 1.811124 14.265097 144.000000 26.528201 92.700000 0.000000 -10.000000 0.000000 0.000000 0.000000 0 0 0 1 0 0 0 0
EGO_STATUS -5.686603 29.743549 0.700000 1.546032 13.935180 6.000000 -5.880000
DYNAMIC_OBS_INFO 0 -5.750000 34.956770 1.570796 14.527381 -5.750000 45.634044 15.388902 0.387580
DYNAMIC_OBS_INFO 1 -1.750000 36.701818 1.570796 6.817906 -1.750000 36.701818 12.056407 0.632334
STATIC_OBS_INFO 0 -6.300000 67.091057 35.989959 
STATIC_OBS_INFO 1 -6.300000 60.869025 29.769167 
Parent: 692.943520 10.000000 102.000000 0.000000 2075.700000 544.196683 -10.000000 3.246837 48.000000 0.000000 0 0 0 0 0 0 0 0
Child: 544.196683 20.435104 206.000000 3043.589910 2461.400000 8.104249 -10.000000 0.000000 0.000000 0.000000 1 0 0 0 0 0 0 0
Child: 8.104249 12.901017 131.000000 7.742474 74.550000 0.000000 0.000000 0.000000 0.000000 0.000000 0 0 0 0 0 0 0 0
EGO_STATUS -5.646437 31.107033 0.800000 1.536642 13.347180 6.000000 -5.880000
DYNAMIC_OBS_INFO 0 -5.750000 34.956770 1.570796 14.734929 -5.750000 47.174872 15.427660 0.387580
DYNAMIC_OBS_INFO 1 -1.750000 36.701818 1.570796 5.739437 -1.750000 36.701818 12.056407 0.632334
STATIC_OBS_INFO 0 -6.300000 67.091057 34.657470 
STATIC_OBS_INFO 1 -6.300000 60.869025 28.437006 
Parent: 664.003701 30.652656 308.000000 34.689744 6979.800000 8.051273 0.000000 4.859112 47.000000 0.000000 0 0 1 0 0 0 0 0
Child: 8.051273 11.566298 117.000000 24.893427 56.550000 0.000000 0.000000 0.000000 0.000000 0.000000 0 0 0 1 0 0 0 0
EGO_STATUS -5.595062 32.440758 0.900000 1.528256 13.347180 4.000000 0.000000
DYNAMIC_OBS_INFO 0 -5.750000 34.956770 1.570796 14.976405 -5.750000 48.719576 15.466418 0.387580
DYNAMIC_OBS_INFO 1 -1.750000 36.701818 1.570796 4.803618 -1.750000 36.701818 12.056407 0.632334
STATIC_OBS_INFO 0 -6.300000 67.091057 33.355113 
STATIC_OBS_INFO 1 -6.300000 60.869025 27.135089 
Parent: 210.039961 20.435104 206.000000 10.307944 2461.400000 -3.366838 0.000000 4.214523 36.000000 0.000000 0 0 0 0 0 0 0 0
Child: -3.366838 10.260989 104.000000 24.330244 42.900000 0.000000 -10.000000 0.000000 0.000000 0.000000 0 0 0 1 0 0 0 0
EGO_STATUS -5.535530 33.744706 1.000000 1.522652 12.759180 1.000000 -5.880000
DYNAMIC_OBS_INFO 0 -5.750000 34.956770 1.570796 15.280988 -5.750000 50.268156 15.505176 0.387580
DYNAMIC_OBS_INFO 1 -1.750000 36.701818 1.570796 4.098817 -1.750000 36.701818 12.056407 0.632334
STATIC_OBS_INFO 0 -6.300000 67.091057 32.112021 
STATIC_OBS_INFO 1 -6.300000 60.869025 25.892541 
Parent: 209.747810 20.435104 206.000000 10.307803 2461.400000 -4.559004 0.000000 4.114552 35.000000 0.000000 0 0 0 0 0 0 0 0
Child: -4.559004 9.014520 92.000000 24.329479 31.200000 0.000000 -10.000000 0.000000 0.000000 0.000000 0 0 0 1 0 0 0 0
EGO_STATUS -5.474085 34.989660 1.100000 1.520978 12.171180 1.000000 -5.880000
DYNAMIC_OBS_INFO 0 -5.750000 34.956770 1.570796 15.648250 -5.750000 51.820611 15.543934 0.387580
DYNAMIC_OBS_INFO 1 -1.750000 36.701818 1.570796 3.703443 -1.750000 36.701818 12.056407 0.632334
STATIC_OBS_INFO 0 -6.300000 67.091057 30.927768 
STATIC_OBS_INFO 1 -6.300000 60.869025 24.708918 
Parent: 210.759001 20.435104 206.000000 10.307735 2461.400000 -5.447820 0.000000 4.014566 33.000000 0.000000 0 0 0 0 0 0 0 0
Child: -5.447820 7.826826 80.000000 24.328998 22.200000 0.000000 -10.000000 0.000000 0.000000 0.000000 0 0 0 1 0 0 0 0
EGO_STATUS -5.415914 36.175928 1.200000 1.523249 11.583180 1.000000 -5.880000
DYNAMIC_OBS_INFO 0 -5.750000 34.956770 1.570796 16.077900 -5.750000 53.376943 15.582692 0.387580
DYNAMIC_OBS_INFO 1 -1.750000 36.701818 1.570796 3.664848 -1.750000 36.701818 12.056407 0.632334
STATIC_OBS_INFO 0 -6.300000 67.091057 29.802075 
STATIC_OBS_INFO 1 -6.300000 60.869025 23.583912 
Parent: 211.069272 20.435104 206.000000 10.307592 2461.400000 -6.037565 0.000000 3.914595 32.000000 0.000000 0 0 0 0 0 0 0 0
Child: -6.037565 6.697958 68.000000 24.328022 15.900000 0.000000 -10.000000 0.000000 0.000000 0.000000 0 0 0 1 0 0 0 0
EGO_STATUS -5.365095 37.303650 1.300000 1.528766 10.995180 1.000000 -5.880000
DYNAMIC_OBS_INFO 0 -5.750000 34.956770 1.570796 16.569704 -5.750000 54.937150 15.621450 0.387580
DYNAMIC_OBS_INFO 1 -1.750000 36.701818 1.570796 3.945431 -1.750000 36.701818 12.056407 0.632334
STATIC_OBS_INFO 0 -6.300000 67.091057 28.734714 
STATIC_OBS_INFO 1 -6.300000 60.869025 22.517263 
Parent: 211.444501 20.435104 206.000000 10.307429 2461.400000 -6.562353 0.000000 3.814629 31.000000 0.000000 0 0 0 0 0 0 0 0
Child: -6.562353 5.627896 58.000000 24.327715 11.100000 0.000000 -10.000000 0.000000 0.000000 0.000000 0 0 0 1 0 0 0 0
EGO_STATUS -5.324051 38.372921 1.400000 1.536395 10.407180 1.000000 -5.880000
DYNAMIC_OBS_INFO 0 -5.750000 34.956770 1.570796 17.123575 -5.750000 56.501233 15.660208 0.387580
DYNAMIC_OBS_INFO 1 -1.750000 36.701818 1.570796 4.443996 -1.750000 36.701818 12.056407 0.632334
STATIC_OBS_INFO 0 -6.300000 67.091057 27.725589 
STATIC_OBS_INFO 1 -6.300000 60.869025 21.508843 
Parent: 211.924720 20.435104 206.000000 10.307341 2461.400000 -6.982144 0.000000 3.714647 30.000000 0.000000 0 0 0 0 0 0 0 0
Child: -6.982144 4.616609 48.000000 24.177384 7.200000 0.000000 -10.000000 0.000000 0.000000 0.000000 0 0 0 1 0 0 0 0
EGO_STATUS -5.293498 39.383744 1.500000 1.544878 9.819180 1.000000 -5.880000
DYNAMIC_OBS_INFO 0 -5.750000 34.956770 1.570796 17.739665 -5.750000 58.069192 15.698966 0.387580
DYNAMIC_OBS_INFO 1 -1.750000 36.701818 1.570796 5.061288 -1.750000 36.701818 12.056407 0.632334
STATIC_OBS_INFO 0 -6.300000 67.091057 26.774824 
STATIC_OBS_INFO 1 -6.300000 60.869025 20.558758 
Parent: 409.298975 10.000000 102.000000 20.000000 2075.700000 238.014039 0.000000 4.824152 39.000000 0.000000 0 0 1 0 0 0 0 0
Child: 238.014039 20.435104 206.000000 10.307093 2461.400000 -7.178154 0.000000 0.000000 0.000000 0.000000 0 0 0 0 0 0 0 0
Child: -7.178154 3.664177 38.000000 23.564463 5.700000 0.000000 -10.000000 0.000000 0.000000 0.000000 0 0 0 1 0 0 0 0
EGO_STATUS -5.272746 40.335947 1.600000 1.553066 9.231180 1.000000 -5.880000
DYNAMIC_OBS_INFO 0 -5.750000 34.956770 1.570796 18.417991 -5.750000 59.641026 15.737724 0.387580
DYNAMIC_OBS_INFO 1 -1.750000 36.701818 1.570796 5.728986 -1.750000 36.701818 12.056407 0.632334
STATIC_OBS_INFO 0 -6.300000 67.091057 25.882405 
STATIC_OBS_INFO 1 -6.300000 60.869025 19.666985 
Parent: -28.493483 10.000000 101.000000 20.000000 15.150000 -7.416613 -10.000000 3.442932 18.000000 0.000000 0 0 0 1 0 0 0 0
Child: -7.416613 2.770482 29.000000 22.691586 4.350000 0.000000 -10.000000 0.000000 0.000000 0.000000 0 0 0 1 0 0 0 0
EGO_STATUS -5.260116 41.229551 1.700000 1.560085 8.643180 1.000000 -5.880000
DYNAMIC_OBS_INFO 0 -5.750000 34.956770 1.570796 19.158832 -5.750000 61.216736 15.776482 0.387580
DYNAMIC_OBS_INFO 1 -1.750000 36.701818 1.570796 6.405556 -1.750000 36.701818 12.056407 0.632334
STATIC_OBS_INFO 0 -6.300000 67.091057 25.048589 
STATIC_OBS_INFO 1 -6.300000 60.869025 18.833783 
Parent: -27.880256 10.000000 101.000000 20.000000 15.150000 -7.703446 -10.000000 3.342992 17.000000 0.000000 0 0 0 1 0 0 0 0
Child: -7.703446 1.935667 21.000000 21.765248 3.150000 0.000000 -10.000000 0.000000 0.000000 0.000000 0 0 0 1 0 0 0 0
EGO_STATUS -5.253502 42.064339 1.800000 1.565402 8.055180 1.000000 -5.880000
DYNAMIC_OBS_INFO 0 -5.750000 34.956770 1.570796 19.962211 -5.750000 62.796323 15.815240 0.387580
DYNAMIC_OBS_INFO 1 -1.750000 36.701818 1.570796 6.046286 -1.750000 37.910621 12.119640 0.632334
STATIC_OBS_INFO 0 -6.300000 67.091057 24.273390 
STATIC_OBS_INFO 1 -6.300000 60.869025 18.059175 
Parent: -28.234909 10.000000 101.000000 20.000000 15.150000 -7.958155 -10.000000 3.243048 17.000000 0.000000 0 0 0 1 0 0 0 0
Child: -7.958155 1.159645 13.000000 20.939757 1.950000 0.000000 -10.000000 0.000000 0.000000 0.000000 0 0 0 1 0 0 0 0
EGO_STATUS -5.250756 42.840356 1.900000 1.568839 7.467180 1.000000 -5.880000
DYNAMIC_OBS_INFO 0 -5.750000 34.956770 1.570796 20.828202 -5.750000 64.379784 15.853998 0.387580
DYNAMIC_OBS_INFO 1 -1.750000 36.701818 1.570796 5.647253 -1.750000 39.125746 12.182874 0.632334
STATIC_OBS_INFO 0 -6.300000 67.091057 23.556884 
STATIC_OBS_INFO 1 -6.300000 60.869025 17.343252 
Parent: -27.813145 10.000000 101.000000 20.000000 15.150000 -8.436443 -10.000000 3.143100 16.000000 0.000000 0 0 0 1 0 0 0 0
Child: -8.436443 0.442416 6.000000 20.304800 0.900000 0.000000 -10.000000 0.000000 0.000000 0.000000 0 0 0 1 0 0 0 0
EGO_STATUS -5.250041 43.557584 2.000000 1.570512 6.879180 1.000000 -5.880000
DYNAMIC_OBS_INFO 0 -5.750000 34.956770 1.570796 21.756867 -5.750000 65.967122 15.892756 0.387580
DYNAMIC_OBS_INFO 1 -1.750000 36.701818 1.570796 5.217055 -1.750000 40.347195 12.246107 0.632334
STATIC_OBS_INFO 0 -6.300000 67.091057 22.899142 
STATIC_OBS_INFO 1 -6.300000 60.869025 16.686093 
Parent: -18.450385 9.783999 99.000000 20.000000 14.850000 0.000000 -10.000000 3.105450 15.000000 0.000000 0 0 0 1 0 0 0 0
EGO_STATUS -5.250000 44.216001 2.100000 1.570796 6.291180 1.000000 -5.880000
DYNAMIC_OBS_INFO 0 -5.750000 34.956770 1.570796 22.748115 -5.750000 67.558336 15.931514 0.387580
DYNAMIC_OBS_INFO 1 -1.750000 36.701818 1.570796 4.769953 -1.750000 41.574968 12.309341 0.632334
STATIC_OBS_INFO 0 -6.300000 67.091057 22.300074 
STATIC_OBS_INFO 1 -6.300000 60.869025 16.087610 
Parent: -18.432122 9.184283 93.000000 20.000000 13.950000 0.000000 -10.000000 3.215121 15.000000 0.000000 0 0 0 1 0 0 0 0
EGO_STATUS -5.250000 44.815717 2.200000 1.570796 5.703180 1.000000 -5.880000
DYNAMIC_OBS_INFO 0 -5.750000 34.956770 1.570796 23.802315 -5.750000 69.153425 15.970272 0.387580
DYNAMIC_OBS_INFO 1 -1.750000 36.701818 1.570796 4.328826 -1.750000 42.809064 12.372574 0.632334
STATIC_OBS_INFO 0 -6.300000 67.091057 21.760043 
STATIC_OBS_INFO 1 -6.300000 60.869025 15.548157 
Parent: -17.365983 8.643637 88.000000 20.000000 13.200000 0.000000 -10.000000 3.373008 14.000000 0.000000 0 0 0 1 0 0 0 0
EGO_STATUS -5.250000 45.356363 2.300000 1.570796 5.115180 1.000000 -5.880000
DYNAMIC_OBS_INFO 0 -5.750000 34.956770 1.570796 24.919135 -5.750000 70.752390 16.009030 0.387580
DYNAMIC_OBS_INFO 1 -1.750000 36.701818 1.570796 3.930619 -1.750000 44.049483 12.435807 0.632334
STATIC_OBS_INFO 0 -6.300000 67.091057 21.278708 
STATIC_OBS_INFO 1 -6.300000 60.869025 15.067383 
Parent: 923.735729 10.000000 102.000000 20.000000 2626.500000 703.869693 -10.000000 4.405252 34.000000 0.000000 0 0 1 0 0 0 0 0
Child: 703.869693 19.452426 196.000000 3083.095237 4009.000000 0.000000 0.000000 0.000000 0.000000 0.000000 1 0 1 0 1 0 0 0
EGO_STATUS -5.250000 45.838272 2.400000 1.570796 4.527180 1.000000 -5.880000
DYNAMIC_OBS_INFO 0 -5.750000 34.956770 1.570796 26.064082 -5.750000 72.355231 16.047788 0.387580
DYNAMIC_OBS_INFO 1 -1.750000 36.701818 1.570796 3.639977 -1.750000 45.296225 12.499041 0.632334
STATIC_OBS_INFO 0 -6.300000 67.091057 20.821603 
STATIC_OBS_INFO 1 -6.300000 60.869025 14.610856 
Parent: 924.402722 10.000000 102.000000 20.000000 2626.500000 703.636699 -10.000000 4.305238 33.000000 0.000000 0 0 1 0 0 0 0 0
Child: 703.636699 18.994693 191.000000 3083.081317 4092.850000 0.000000 -10.000000 0.000000 0.000000 0.000000 1 0 1 0 1 0 0 0
EGO_STATUS -5.249999 46.295946 2.500000 1.570787 4.625180 2.000000 0.980000
DYNAMIC_OBS_INFO 0 -5.750000 34.956770 1.570796 27.203132 -5.750000 73.961948 16.086546 0.387580
DYNAMIC_OBS_INFO 1 -1.750000 36.701818 1.570796 3.506516 -1.750000 46.549291 12.562274 0.632334
STATIC_OBS_INFO 0 -6.300000 67.091057 20.354747 
STATIC_OBS_INFO 1 -6.300000 60.869025 14.144641 
Parent: 913.662600 10.000000 102.000000 20.000000 2626.500000 692.996588 -10.000000 4.205228 33.000000 0.000000 0 0 1 0 0 0 0 0
Child: 692.996588 18.527179 187.000000 3083.091016 4012.450000 0.000000 -10.000000 0.000000 0.000000 0.000000 1 0 1 0 1 0 0 0
EGO_STATUS -5.249972 46.763412 2.600000 1.570655 4.723180 2.000000 0.980000
DYNAMIC_OBS_INFO 0 -5.750000 34.956770 1.570796 28.336288 -5.750000 75.572540 16.125304 0.387580
DYNAMIC_OBS_INFO 1 -1.750000 36.701818 1.570796 3.545589 -1.750000 47.808680 12.625507 0.632334
STATIC_OBS_INFO 0 -6.300000 67.091057 19.878152 
STATIC_OBS_INFO 1 -6.300000 60.869025 13.668762 
Parent: 845.454526 27.165890 273.000000 32.561347 8845.550000 0.000000 -10.000000 4.004709 32.000000 0.000000 0 0 1 0 0 0 0 0
EGO_STATUS -5.249794 47.240667 2.700000 1.570096 4.821180 2.000000 0.980000
DYNAMIC_OBS_INFO 0 -5.750000 34.956770 1.570796 29.463558 -5.750000 77.187009 16.164062 0.387580
DYNAMIC_OBS_INFO 1 -1.750000 36.701818 1.570796 3.749339 -1.750000 49.074392 12.688741 0.632334
STATIC_OBS_INFO 0 -6.300000 67.091057 19.391844 
STATIC_OBS_INFO 1 -6.300000 60.869025 13.183266 
Parent: 666.963006 10.000000 102.000000 20.000000 2075.700000 488.652986 0.000000 4.849236 32.000000 0.000000 0 0 1 0 0 0 0 0
Child: 488.652986 16.841655 170.000000 13.272911 4919.200000 0.000000 0.000000 0.000000 0.000000 0.000000 0 0 0 0 0 0 0 0
EGO_STATUS -5.249140 47.727708 2.800000 1.568635 4.919180 2.000000 0.980000
DYNAMIC_OBS_INFO 0 -5.750000 34.956770 1.570796 30.589859 -5.750000 78.805353 16.202820 0.387580
DYNAMIC_OBS_INFO 1 -1.750000 36.701818 1.570796 4.093332 -1.750000 50.346428 12.751974 0.632334
STATIC_OBS_INFO 0 -6.300000 67.091057 18.900766 
STATIC_OBS_INFO 1 -6.300000 60.869025 12.693119 
Parent: 657.831524 10.000000 102.000000 20.000000 2075.700000 478.621504 0.000000 4.749236 31.000000 0.000000 0 0 1 0 0 0 0 0
Child: 478.621504 16.349738 165.000000 13.271775 4917.850000 0.000000 -10.000000 0.000000 0.000000 0.000000 0 0 0 0 0 0 0 0
EGO_STATUS -5.247436 48.219623 2.900000 1.565784 4.919180 4.000000 0.000000
DYNAMIC_OBS_INFO 0 -5.750000 34.956770 1.570796 31.720083 -5.750000 80.427573 16.241578 0.387580
DYNAMIC_OBS_INFO 1 -1.750000 36.701818 1.570796 4.549113 -1.750000 51.624787 12.815208 0.632334
STATIC_OBS_INFO 0 -6.300000 67.091057 18.409847 
STATIC_OBS_INFO 1 -6.300000 60.869025 12.203282 
Parent: 657.736152 10.000000 102.000000 20.000000 2075.700000 478.626131 0.000000 4.649237 31.000000 0.000000 0 0 1 0 0 0 0 0
Child: 478.626131 15.857822 160.000000 13.270414 4916.800000 0.000000 -10.000000 0.000000 0.000000 0.000000 0 0 0 0 0 0 0 0
EGO_STATUS -5.243902 48.711527 3.000000 1.561129 4.919180 4.000000 0.000000
DYNAMIC_OBS_INFO 0 -5.750000 34.956770 1.570796 32.854262 -5.750000 82.053668 16.280336 0.387580
DYNAMIC_OBS_INFO 1 -1.750000 36.701818 1.570796 5.088998 -1.750000 52.909469 12.878441 0.632334
STATIC_OBS_INFO 0 -6.300000 67.091057 17.919179 
STATIC_OBS_INFO 1 -6.300000 60.869025 11.713903 
Parent: 667.451087 10.000000 102.000000 20.000000 2075.700000 487.441064 0.000000 4.549238 30.000000 0.000000 0 0 1 0 0 0 0 0
Child: 487.441064 15.365908 155.000000 13.270192 5004.550000 0.000000 -10.000000 0.000000 0.000000 0.000000 0 0 0 0 0 0 0 0
EGO_STATUS -5.237546 49.203403 3.100000 1.554259 4.919180 4.000000 0.000000
DYNAMIC_OBS_INFO 0 -5.750000 34.956770 1.570796 33.992450 -5.750000 83.683640 16.319094 0.387580
DYNAMIC_OBS_INFO 1 -1.750000 36.701818 1.570796 5.691067 -1.750000 54.200475 12.941674 0.632334
STATIC_OBS_INFO 0 -6.300000 67.091057 17.428896 
STATIC_OBS_INFO 1 -6.300000 60.869025 11.225197 
Parent: 657.486641 10.000000 102.000000 20.000000 2075.700000 477.576618 0.000000 4.449239 30.000000 0.000000 0 0 1 0 0 0 0 0
Child: 477.576618 14.873995 150.000000 13.271179 4903.800000 0.000000 -10.000000 0.000000 0.000000 0.000000 0 0 0 0 0 0 0 0
EGO_STATUS -5.227187 49.695210 3.200000 1.544800 4.919180 4.000000 0.000000
DYNAMIC_OBS_INFO 0 -5.750000 34.956770 1.570796 35.134741 -5.750000 85.317487 16.357852 0.387580
DYNAMIC_OBS_INFO 1 -1.750000 36.701818 1.570796 6.339382 -1.750000 55.497804 13.004908 0.632334
STATIC_OBS_INFO 0 -6.300000 67.091057 16.939195 
STATIC_OBS_INFO 1 -6.300000 60.869025 10.737469 
Parent: -4.642317 3.818694 40.000000 23.415913 6.000000 0.000000 0.000000 1.549424 9.000000 0.000000 0 0 0 1 0 0 0 0
EGO_STATUS -5.211471 50.186874 3.300000 1.532440 4.919180 4.000000 0.000000
DYNAMIC_OBS_INFO 0 -5.750000 34.956770 1.570796 36.310968 -5.750000 86.955210 16.396610 0.387580
DYNAMIC_OBS_INFO 1 -1.750000 36.701818 1.570796 7.049547 -1.750000 56.801457 13.068141 0.632334
STATIC_OBS_INFO 0 -6.300000 67.091057 16.479888 
STATIC_OBS_INFO 1 -6.300000 60.869025 10.280505 
Parent: -14.726935 3.356524 35.000000 23.182537 5.250000 0.000000 -10.000000 1.546365 9.000000 0.000000 0 0 0 1 0 0 0 0
EGO_STATUS -5.190621 50.648551 3.400000 1.519332 4.331180 1.000000 -5.880000
DYNAMIC_OBS_INFO 0 -5.750000 34.956770 1.570796 37.549712 -5.750000 88.596809 16.435368 0.387580
DYNAMIC_OBS_INFO 1 -1.750000 36.701818 1.570796 7.844028 -1.750000 58.111433 13.131374 0.632334
STATIC_OBS_INFO 0 -6.300000 67.091057 16.079308 
STATIC_OBS_INFO 1 -6.300000 60.869025 9.882395 
Parent: -13.775172 2.952877 31.000000 23.183908 4.650000 0.000000 -10.000000 1.573533 8.000000 0.000000 0 0 0 1 0 0 0 0
EGO_STATUS -5.168698 51.051597 3.500000 1.515787 3.743180 1.000000 -5.880000
DYNAMIC_OBS_INFO 0 -5.750000 34.956770 1.570796 38.851552 -5.750000 90.242284 16.474126 0.387580
DYNAMIC_OBS_INFO 1 -1.750000 36.701818 1.570796 8.722890 -1.750000 59.427732 13.194608 0.632334
STATIC_OBS_INFO 0 -6.300000 67.091057 15.737684 
STATIC_OBS_INFO 1 -6.300000 60.869025 9.543055 
Parent: -13.800240 2.608673 28.000000 23.185293 4.200000 0.000000 -10.000000 1.648357 8.000000 0.000000 0 0 0 1 0 0 0 0
EGO_STATUS -5.151404 51.395344 3.600000 1.527469 3.155180 1.000000 -5.880000
DYNAMIC_OBS_INFO 0 -5.750000 34.956770 1.570796 40.215450 -5.750000 91.891635 16.512884 0.387580
DYNAMIC_OBS_INFO 1 -1.750000 36.701818 1.570796 9.683111 -1.750000 60.750354 13.257841 0.632334
STATIC_OBS_INFO 0 -6.300000 67.091057 15.453726 
STATIC_OBS_INFO 1 -6.300000 60.869025 9.260931 
Parent: -13.703054 2.323065 25.000000 23.091161 3.750000 0.000000 -10.000000 1.802796 8.000000 0.000000 0 0 0 1 0 0 0 0
EGO_STATUS -5.141973 51.680781 3.700000 1.549291 2.567180 1.000000 -5.880000
DYNAMIC_OBS_INFO 0 -5.750000 34.956770 1.570796 41.642802 -5.750000 93.544861 16.551642 0.387580
DYNAMIC_OBS_INFO 1 -1.750000 36.701818 1.570796 10.722695 -1.750000 62.079300 13.321075 0.632334
STATIC_OBS_INFO 0 -6.300000 67.091057 15.228785 
STATIC_OBS_INFO 1 -6.300000 60.869025 9.037274 
Parent: -13.458436 2.097290 22.000000 22.220104 3.300000 0.000000 -10.000000 2.108698 8.000000 0.000000 0 0 0 1 0 0 0 0
EGO_STATUS -5.139827 51.906529 3.800000 1.572976 1.979180 1.000000 -5.880000
DYNAMIC_OBS_INFO 0 -5.750000 34.956770 1.570796 43.134372 -5.750000 95.201963 16.590400 0.387580
DYNAMIC_OBS_INFO 1 -1.750000 36.701818 1.570796 11.838992 -1.750000 63.414569 13.384308 0.632334
STATIC_OBS_INFO 0 -6.300000 67.091057 15.063762 
STATIC_OBS_INFO 1 -6.300000 60.869025 8.873047 
Parent: -12.006917 1.931917 21.000000 21.150260 3.150000 0.000000 -10.000000 2.757556 7.000000 0.000000 0 0 0 1 0 0 0 0
EGO_STATUS -5.141913 52.071877 3.900000 1.592337 1.391180 1.000000 -5.880000
DYNAMIC_OBS_INFO 0 -5.750000 34.956770 1.570796 44.689315 -5.750000 96.862941 16.629158 0.387580
DYNAMIC_OBS_INFO 1 -1.750000 36.701818 1.570796 13.028523 -1.750000 64.756162 13.447541 0.632334
STATIC_OBS_INFO 0 -6.300000 67.091057 14.958002 
STATIC_OBS_INFO 1 -6.300000 60.869025 8.767725 
Parent: -10.467029 1.826145 20.000000 20.396842 3.000000 0.000000 -10.000000 4.396669 7.000000 0.000000 0 0 0 1 0 0 0 0
EGO_STATUS -5.144891 52.177723 4.000000 1.604899 0.820695 1.000000 -5.880000
DYNAMIC_OBS_INFO 0 -5.750000 34.956770 1.570796 46.312503 -5.750000 98.527795 16.667916 0.387580
DYNAMIC_OBS_INFO 1 -1.750000 36.701818 1.570796 14.294255 -1.750000 66.104077 13.510775 0.632334
STATIC_OBS_INFO 0 -6.300000 67.091057 14.916497 
STATIC_OBS_INFO 1 -6.300000 60.869025 8.726368 
Parent: 1814.209652 10.000000 101.000000 20.000000 2600.750000 1597.170642 -10.000000 4.558813 37.000000 0.000000 0 0 1 0 0 0 0 0
Child: 1597.170642 20.972423 211.000000 3058.783204 13065.150000 4.526306 -10.000000 0.000000 0.000000 0.000000 1 0 1 0 0 0 0 0
Child: 4.526306 1.784602 19.000000 45.339913 2.850000 0.000000 0.000000 0.000000 0.000000 0.000000 0 0 1 0 1 0 0 0
EGO_STATUS -5.146552 52.219223 4.100000 1.609786 0.483975 1.000000 -5.880000
DYNAMIC_OBS_INFO 0 -5.750000 34.956770 1.570796 47.911596 -5.750000 100.196524 16.706674 0.387580
DYNAMIC_OBS_INFO 1 -1.750000 36.701818 1.570796 15.545910 -1.750000 67.458317 13.574008 0.632334
STATIC_OBS_INFO 0 -6.300000 67.091057 14.846998 
STATIC_OBS_INFO 1 -6.300000 60.869025 8.657102 
Parent: -2.357608 1.715173 19.000000 0.351688 2.850000 0.000000 0.000000 4.353369 7.000000 0.000000 0 0 0 0 0 0 0 0
EGO_STATUS -5.149668 52.288690 4.200000 1.617911 0.777975 0.000000 2.940000
DYNAMIC_OBS_INFO 0 -5.750000 34.956770 1.570796 49.538648 -5.750000 101.869129 16.745432 0.387580
DYNAMIC_OBS_INFO 1 -1.750000 36.701818 1.570796 16.832183 -1.750000 68.818879 13.637242 0.632334
STATIC_OBS_INFO 0 -6.300000 67.091057 14.801548 
STATIC_OBS_INFO 1 -6.300000 60.869025 8.611785 
Parent: 1814.082740 10.000000 101.000000 20.000000 2600.750000 1597.052011 -10.000000 4.550531 37.000000 0.000000 0 0 1 0 0 0 0 0
Child: 1597.052011 20.972423 211.000000 3058.547723 13065.150000 4.431081 -10.000000 0.000000 0.000000 0.000000 1 0 1 0 0 0 0 0
Child: 4.431081 1.669698 18.000000 45.068799 2.700000 0.000000 0.000000 0.000000 0.000000 0.000000 0 0 1 0 1 0 0 0
EGO_STATUS -5.152072 52.334090 4.300000 1.623183 0.483975 3.000000 -2.940000
DYNAMIC_OBS_INFO 0 -5.750000 34.956770 1.570796 51.145550 -5.750000 103.545611 16.784190 0.387580
DYNAMIC_OBS_INFO 1 -1.750000 36.701818 1.570796 18.105530 -1.750000 70.185765 13.700475 0.632334
STATIC_OBS_INFO 0 -6.300000 67.091057 14.732025 
STATIC_OBS_INFO 1 -6.300000 60.869025 8.542449 
Parent: -2.667555 1.600322 18.000000 0.343475 2.700000 0.000000 0.000000 4.061860 7.000000 0.000000 0 0 0 0 0 0 0 0
EGO_STATUS -5.156111 52.403509 4.400000 1.631147 0.777975 0.000000 2.940000
DYNAMIC_OBS_INFO 0 -5.750000 34.956770 1.570796 52.780402 -5.750000 105.225967 16.822948 0.387580
DYNAMIC_OBS_INFO 1 -1.750000 36.701818 1.570796 19.411800 -1.750000 71.558974 13.763708 0.632334
STATIC_OBS_INFO 0 -6.300000 67.091057 14.686565 
STATIC_OBS_INFO 1 -6.300000 60.869025 8.497092 
NO_CANDIDATE
EGO_STATUS -5.159110 52.448874 4.500000 1.636289 0.483975 3.000000 -2.940000
DYNAMIC_OBS_INFO 0 -5.750000 34.956770 1.570796 54.382316 -5.750000 106.910200 16.861706 0.387580
DYNAMIC_OBS_INFO 1 -1.750000 36.701818 1.570796 20.691211 -1.750000 72.938506 13.826942 0.632334
STATIC_OBS_INFO 0 -6.300000 67.091057 14.604209 
STATIC_OBS_INFO 1 -6.300000 60.869025 8.414909 
NO_CANDIDATE
EGO_STATUS -5.164849 52.531032 4.600000 1.645466 0.097561 3.000000 -2.940000
DYNAMIC_OBS_INFO 0 -5.750000 34.956770 1.570796 56.000964 -5.750000 108.598309 16.900464 0.387580
DYNAMIC_OBS_INFO 1 -1.750000 36.701818 1.570796 21.991604 -1.750000 74.324362 13.890175 0.632334
STATIC_OBS_INFO 0 -6.300000 67.091057 14.534688 
STATIC_OBS_INFO 1 -6.300000 60.869025 8.345507 
NO_CANDIDATE
EGO_STATUS -5.170202 52.600346 4.700000 1.652984 0.013218 3.000000 -2.940000
DYNAMIC_OBS_INFO 0 -5.750000 34.956770 1.570796 57.614649 -5.750000 110.290293 16.939222 0.387580
DYNAMIC_OBS_INFO 1 -1.750000 36.701818 1.570796 23.291543 -1.750000 75.716541 13.953408 0.632334
STATIC_OBS_INFO 0 -6.300000 67.091057 14.456248 
STATIC_OBS_INFO 1 -6.300000 60.869025 8.267159 
NO_CANDIDATE
EGO_STATUS -5.177001 52.678494 4.800000 1.660329 0.010000 3.000000 -2.940000
DYNAMIC_OBS_INFO 0 -5.750000 34.956770 1.570796 59.231902 -5.750000 111.986153 16.977980 0.387580
DYNAMIC_OBS_INFO 1 -1.750000 36.701818 1.570796 24.599004 -1.750000 77.115044 14.016642 0.632334
STATIC_OBS_INFO 0 -6.300000 67.091057 14.377461 
STATIC_OBS_INFO 1 -6.300000 60.869025 8.188438 
NO_CANDIDATE
EGO_STATUS -5.184291 52.756952 4.900000 1.666190 0.010000 3.000000 -2.940000
DYNAMIC_OBS_INFO 0 -5.750000 34.956770 1.570796 60.853070 -5.750000 113.685889 17.016738 0.387580
DYNAMIC_OBS_INFO 1 -1.750000 36.701818 1.570796 25.914089 -1.750000 78.519870 14.079875 0.632334
STATIC_OBS_INFO 0 -6.300000 67.091057 14.298679 
STATIC_OBS_INFO 1 -6.300000 60.869025 8.109704 
NO_CANDIDATE
EGO_STATUS -5.191929 52.835378 5.000000 1.670132 0.010000 3.000000 -2.940000
DYNAMIC_OBS_INFO 0 -5.750000 34.956770 1.570796 62.478141 -5.750000 115.389501 17.055496 0.387580
DYNAMIC_OBS_INFO 1 -1.750000 36.701818 1.570796 27.236595 -1.750000 79.931019 14.143109 0.632334
STATIC_OBS_INFO 0 -6.300000 67.091057 14.219901 
STATIC_OBS_INFO 1 -6.300000 60.869025 8.030961 
NO_CANDIDATE
EGO_STATUS -5.199787 52.913783 5.100000 1.671801 0.010000 3.000000 -2.940000
DYNAMIC_OBS_INFO 0 -5.750000 34.956770 1.570796 64.107098 -5.750000 117.096988 17.094254 0.387580
DYNAMIC_OBS_INFO 1 -1.750000 36.701818 1.570796 28.566340 -1.750000 81.348492 14.206342 0.632334
STATIC_OBS_INFO 0 -6.300000 67.091057 14.141124 
STATIC_OBS_INFO 1 -6.300000 60.869025 7.952219 
Parent: 2897.613514 10.000000 101.000000 20.000000 2055.350000 2734.508165 -10.000000 4.625151 37.000000 0.000000 0 0 1 0 0 0 0 0
Child: 2734.508165 10.217552 104.000000 3095.842784 10237.300000 1434.584319 -10.000000 0.000000 0.000000 0.000000 1 0 1 0 1 0 0 0
Child: 1434.584319 11.274974 114.000000 3084.721676 11420.200000 0.000000 0.000000 0.000000 0.000000 0.000000 1 0 1 0 1 0 0 0
EGO_STATUS -5.207682 52.992184 5.200000 1.670459 0.010000 3.000000 -2.940000
DYNAMIC_OBS_INFO 0 -5.750000 34.956770 1.570796 65.779714 -5.750000 118.808352 17.133012 0.387580
DYNAMIC_OBS_INFO 1 -1.750000 36.701818 1.570796 29.942201 -1.750000 82.772287 14.269575 0.632334
STATIC_OBS_INFO 0 -6.300000 67.091057 14.102289 
STATIC_OBS_INFO 1 -6.300000 60.869025 7.913406 
Parent: 2893.519114 10.000000 101.000000 20.000000 2055.350000 2729.515469 -10.000000 4.523447 36.000000 0.000000 0 0 1 0 0 0 0 0
Child: 2729.515469 10.217552 104.000000 3095.776306 10237.300000 1429.598154 -10.000000 0.000000 0.000000 0.000000 1 0 1 0 1 0 0 0
Child: 1429.598154 11.236090 114.000000 3084.587392 11521.400000 0.000000 -10.000000 0.000000 0.000000 0.000000 1 0 1 0 1 0 0 0
EGO_STATUS -5.211476 53.030842 5.300000 1.669037 0.304000 0.000000 2.940000
DYNAMIC_OBS_INFO 0 -5.750000 34.956770 1.570796 67.438675 -5.750000 120.523591 17.171770 0.387580
DYNAMIC_OBS_INFO 1 -1.750000 36.701818 1.570796 31.307931 -1.750000 84.202407 14.332809 0.632334
STATIC_OBS_INFO 0 -6.300000 67.091057 14.045856 
STATIC_OBS_INFO 1 -6.300000 60.869025 7.857012 
Parent: 2888.794267 10.000000 101.000000 20.000000 2055.350000 2724.891459 -10.000000 4.422610 36.000000 0.000000 0 0 1 0 0 0 0 0
Child: 2724.891459 10.217552 104.000000 3095.743662 10237.300000 1424.977352 -10.000000 0.000000 0.000000 0.000000 1 0 1 0 1 0 0 0
Child: 1424.977352 11.179605 113.000000 3084.558023 11419.750000 0.000000 -10.000000 0.000000 0.000000 0.000000 1 0 1 0 1 0 0 0
EGO_STATUS -5.216909 53.087023 5.400000 1.666972 0.598000 0.000000 2.940000
DYNAMIC_OBS_INFO 0 -5.750000 34.956770 1.570796 69.079511 -5.750000 122.242706 17.210528 0.387580
DYNAMIC_OBS_INFO 1 -1.750000 36.701818 1.570796 32.658981 -1.750000 85.638849 14.396042 0.632334
STATIC_OBS_INFO 0 -6.300000 67.091057 13.967346 
STATIC_OBS_INFO 1 -6.300000 60.869025 7.778567 
Parent: 2718.569735 10.217552 104.000000 3041.799192 10237.300000 1434.983132 0.000000 4.972307 26.000000 0.000000 1 0 0 1 0 0 0 0
Child: 1434.983132 11.101057 113.000000 3084.538222 11624.250000 0.000000 -10.000000 0.000000 0.000000 0.000000 1 0 1 0 1 0 0 0
EGO_STATUS -5.224307 53.165195 5.500000 1.664098 0.892000 0.000000 2.940000
DYNAMIC_OBS_INFO 0 -5.750000 34.956770 1.570796 70.698560 -5.750000 123.965696 17.249286 0.387580
DYNAMIC_OBS_INFO 1 -1.750000 36.701818 1.570796 33.991595 -1.750000 87.081615 14.459275 0.632334
STATIC_OBS_INFO 0 -6.300000 67.091057 13.863097 
STATIC_OBS_INFO 1 -6.300000 60.869025 7.674426 
Parent: 2710.369433 10.217552 104.000000 3041.798199 10237.300000 1426.882932 0.000000 4.872303 26.000000 0.000000 1 0 0 1 0 0 0 0
Child: 1426.882932 10.996791 111.000000 3084.536423 11419.150000 0.000000 -10.000000 0.000000 0.000000 0.000000 1 0 1 0 1 0 0 0
EGO_STATUS -5.233814 53.269021 5.600000 1.660277 1.186000 0.000000 2.940000
DYNAMIC_OBS_INFO 0 -5.750000 34.956770 1.570796 72.291047 -5.750000 125.692563 17.288044 0.387580
DYNAMIC_OBS_INFO 1 -1.750000 36.701818 1.570796 35.300915 -1.750000 88.530704 14.522509 0.632334
STATIC_OBS_INFO 0 -6.300000 67.091057 13.728341 
STATIC_OBS_INFO 1 -6.300000 60.869025 7.539854 
Parent: 1934.539309 10.000000 101.000000 20.000000 2600.750000 1716.896522 -10.000000 4.162589 36.000000 0.000000 0 0 1 0 0 0 0 0
Child: 1716.896522 21.631539 218.000000 3062.051814 14341.400000 0.000000 -10.000000 0.000000 0.000000 0.000000 1 0 1 0 0 0 0 0
EGO_STATUS -5.245483 53.403277 5.700000 1.655325 1.480000 0.000000 2.940000
DYNAMIC_OBS_INFO 0 -5.750000 34.956770 1.570796 73.858395 -5.750000 127.423305 17.326802 0.387580
DYNAMIC_OBS_INFO 1 -1.750000 36.701818 1.570796 36.588206 -1.750000 89.986117 14.585742 0.632334
STATIC_OBS_INFO 0 -6.300000 67.091057 13.564536 
STATIC_OBS_INFO 1 -6.300000 60.869025 7.376339 
Parent: 1936.601264 10.000000 101.000000 20.000000 2600.750000 1719.058560 -10.000000 4.062506 36.000000 0.000000 0 0 1 0 0 0 0 0
Child: 1719.058560 21.467699 216.000000 3062.043809 14335.100000 0.000000 -10.000000 0.000000 0.000000 0.000000 1 0 1 0 0 0 0 0
EGO_STATUS -5.258776 53.566543 5.800000 1.649264 1.774000 0.000000 2.940000
DYNAMIC_OBS_INFO 0 -5.750000 34.956770 1.570796 75.401068 -5.750000 129.157923 17.365560 0.387580
DYNAMIC_OBS_INFO 1 -1.750000 36.701818 1.570796 37.853801 -1.750000 91.447853 14.648976 0.632334
STATIC_OBS_INFO 0 -6.300000 67.091057 13.372179 
STATIC_OBS_INFO 1 -6.300000 60.869025 7.184423 
Parent: 1936.873514 10.000000 101.000000 20.000000 2600.750000 1719.430830 -10.000000 3.962487 36.000000 0.000000 0 0 1 0 0 0 0 0
Child: 1719.430830 21.275337 214.000000 3062.044585 14333.600000 0.000000 -10.000000 0.000000 0.000000 0.000000 1 0 1 0 0 0 0 0
EGO_STATUS -5.273152 53.758363 5.900000 1.642058 2.068000 0.000000 2.940000
DYNAMIC_OBS_INFO 0 -5.750000 34.956770 1.570796 76.918001 -5.750000 130.896417 17.404318 0.387580
DYNAMIC_OBS_INFO 1 -1.750000 36.701818 1.570796 39.096520 -1.750000 92.915912 14.712209 0.632334
STATIC_OBS_INFO 0 -6.300000 67.091057 13.150253 
STATIC_OBS_INFO 1 -6.300000 60.869025 6.963156 
Parent: 1945.074992 10.000000 101.000000 20.000000 2600.750000 1727.732340 -10.000000 3.862453 36.000000 0.000000 0 0 1 0 0 0 0 0
Child: 1727.732340 21.053379 212.000000 3062.043675 14436.300000 0.000000 -10.000000 0.000000 0.000000 0.000000 1 0 1 0 0 0 0 0
EGO_STATUS -5.287985 53.979804 6.000000 1.633571 2.362000 0.000000 2.940000
DYNAMIC_OBS_INFO 0 -5.750000 34.956770 1.570796 78.409259 -5.750000 132.638787 17.443076 0.387580
DYNAMIC_OBS_INFO 1 -1.750000 36.701818 1.570796 40.316307 -1.750000 94.390294 14.775442 0.632334
STATIC_OBS_INFO 0 -6.300000 67.091057 12.898881 
STATIC_OBS_INFO 1 -6.300000 60.869025 6.712750 
Parent: 1933.489484 10.000000 101.000000 20.000000 2600.750000 1715.246872 -10.000000 3.762413 35.000000 0.000000 0 0 1 0 0 0 0 0
Child: 1715.246872 20.801926 210.000000 3062.044783 14354.700000 0.000000 -10.000000 0.000000 0.000000 0.000000 1 0 1 0 0 0 0 0
EGO_STATUS -5.302471 54.230806 6.100000 1.623669 2.656000 0.000000 2.940000
DYNAMIC_OBS_INFO 0 -5.750000 34.956770 1.570796 79.875150 -5.750000 134.385032 17.481834 0.387580
DYNAMIC_OBS_INFO 1 -1.750000 36.701818 1.570796 41.513352 -1.750000 95.871000 14.838676 0.632334
STATIC_OBS_INFO 0 -6.300000 67.091057 12.618446 
STATIC_OBS_INFO 1 -6.300000 60.869025 6.433707 
Parent: 1933.362276 10.000000 101.000000 20.000000 2600.750000 1715.219686 -10.000000 3.662392 35.000000 0.000000 0 0 1 0 0 0 0 0
Child: 1715.219686 20.521342 207.000000 3062.044120 14340.350000 0.000000 -10.000000 0.000000 0.000000 0.000000 1 0 1 0 0 0 0 0
EGO_STATUS -5.315668 54.511063 6.200000 1.612184 2.950000 0.000000 2.940000
DYNAMIC_OBS_INFO 0 -5.750000 34.956770 1.570796 81.315563 -5.750000 136.135154 17.520592 0.387580
DYNAMIC_OBS_INFO 1 -1.750000 36.701818 1.570796 42.687419 -1.750000 97.358030 14.901909 0.632334
STATIC_OBS_INFO 0 -6.300000 67.091057 12.308926 
STATIC_OBS_INFO 1 -6.300000 60.869025 6.126185 
Parent: 1932.247904 10.000000 101.000000 20.000000 2600.750000 1714.205323 -10.000000 3.562383 35.000000 0.000000 0 0 1 0 0 0 0 0
Child: 1714.205323 20.211518 204.000000 3062.043611 14340.800000 0.000000 -10.000000 0.000000 0.000000 0.000000 1 0 1 0 0 0 0 0
EGO_STATUS -5.326425 54.820694 6.300000 1.598885 3.244000 0.000000 2.940000
DYNAMIC_OBS_INFO 0 -5.750000 34.956770 1.570796 82.730201 -5.750000 137.889151 17.559350 0.387580
DYNAMIC_OBS_INFO 1 -1.750000 36.701818 1.570796 43.838078 -1.750000 98.851382 14.965142 0.632334
STATIC_OBS_INFO 0 -6.300000 67.091057 11.970156 
STATIC_OBS_INFO 1 -6.300000 60.869025 5.790290 
Parent: 1725.259476 10.000000 101.000000 20.000000 2055.350000 1558.849533 -10.000000 4.929745 34.000000 0.000000 0 0 1 0 0 0 0 0
Child: 1558.849533 19.349605 195.000000 31.406841 15678.250000 0.000000 0.000000 0.000000 0.000000 0.000000 0 0 1 0 0 0 0 0
EGO_STATUS -5.333312 55.159999 6.400000 1.583475 3.538000 0.000000 2.940000
DYNAMIC_OBS_INFO 0 -5.750000 34.956770 1.570796 84.129268 -5.750000 139.647024 17.598108 0.387580
DYNAMIC_OBS_INFO 1 -1.750000 36.701818 1.570796 44.975364 -1.750000 100.351058 15.028376 0.632334
STATIC_OBS_INFO 0 -6.300000 67.091057 11.612465 
STATIC_OBS_INFO 1 -6.300000 60.869025 5.436623 
Parent: 1935.576841 29.724394 299.000000 3041.408355 16821.850000 0.000000 -10.000000 4.916942 34.000000 0.000000 1 0 1 0 0 0 0 0
EGO_STATUS -5.334727 55.518780 6.500000 1.566166 3.636000 2.000000 0.980000
DYNAMIC_OBS_INFO 0 -5.750000 34.956770 1.570796 85.522493 -5.750000 141.408772 17.636866 0.387580
DYNAMIC_OBS_INFO 1 -1.750000 36.701818 1.570796 46.108897 -1.750000 101.857057 15.091609 0.632334
STATIC_OBS_INFO 0 -6.300000 67.091057 11.245699 
STATIC_OBS_INFO 1 -6.300000 60.869025 5.075362 
Parent: 1664.858717 10.000000 101.000000 20.000000 2055.350000 1498.648021 -10.000000 4.730498 34.000000 0.000000 0 0 1 0 0 0 0 0
Child: 1498.648021 18.628711 188.000000 31.698759 15193.500000 0.000000 -10.000000 0.000000 0.000000 0.000000 0 0 1 0 0 0 0 0
EGO_STATUS -5.329514 55.887313 6.600000 1.547265 3.734000 2.000000 0.980000
DYNAMIC_OBS_INFO 0 -5.750000 34.956770 1.570796 86.910032 -5.750000 143.174397 17.675624 0.387580
DYNAMIC_OBS_INFO 1 -1.750000 36.701818 1.570796 47.238778 -1.750000 103.369380 15.154843 0.632334
STATIC_OBS_INFO 0 -6.300000 67.091057 10.870177 
STATIC_OBS_INFO 1 -6.300000 60.869025 4.707420 
CRASH -5.316712 56.265445 6.600000
Parent: 1627.244277 10.000000 101.000000 20.000000 2055.350000 1460.133589 -10.000000 4.630489 33.000000 0.000000 0 0 1 0 0 0 0 0
Child: 1460.133589 18.250334 184.000000 31.697510 14790.200000 0.000000 -10.000000 0.000000 0.000000 0.000000 0 0 1 0 0 0 0 0
EGO_STATUS -5.316712 56.265445 6.700000 1.526706 3.832000 2.000000 0.980000
DYNAMIC_OBS_INFO 0 -5.750000 34.956770 1.570796 88.292090 -5.750000 144.943897 17.714382 0.387580
DYNAMIC_OBS_INFO 1 -1.750000 36.701818 1.570796 48.365163 -1.750000 104.888026 15.218076 0.632334
STATIC_OBS_INFO 0 -6.300000 67.091057 10.486321 
STATIC_OBS_INFO 1 -6.300000 60.869025 4.334106 
CRASH -5.295299 56.652978 6.700000
Parent: 1587.861017 10.000000 101.000000 20.000000 2055.350000 1420.850335 -10.000000 4.530484 33.000000 0.000000 0 0 1 0 0 0 0 0
Child: 1420.850335 17.862189 180.000000 31.696503 14387.200000 0.000000 -10.000000 0.000000 0.000000 0.000000 0 0 1 0 0 0 0 0
EGO_STATUS -5.295299 56.652978 6.800000 1.504471 3.930000 2.000000 0.980000
DYNAMIC_OBS_INFO 0 -5.750000 34.956770 1.570796 89.668932 -5.750000 146.717273 17.753140 0.387580
DYNAMIC_OBS_INFO 1 -1.750000 36.701818 1.570796 49.488270 -1.750000 106.412995 15.281309 0.632334
STATIC_OBS_INFO 0 -6.300000 67.091057 10.094679 
STATIC_OBS_INFO 1 -6.300000 60.869025 3.957323 
CRASH -5.264220 57.049657 6.800000
Parent: 1548.841204 10.000000 101.000000 20.000000 2055.350000 1380.930523 -10.000000 4.430483 32.000000 0.000000 0 0 1 0 0 0 0 0
Child: 1380.930523 17.464283 176.000000 31.696289 13985.700000 0.000000 -10.000000 0.000000 0.000000 0.000000 0 0 1 0 0 0 0 0
EGO_STATUS -5.264220 57.049657 6.900000 1.480622 4.028000 2.000000 0.980000
DYNAMIC_OBS_INFO 0 -5.750000 34.956770 1.570796 91.040843 -5.750000 148.494525 17.791898 0.387580
DYNAMIC_OBS_INFO 1 -1.750000 36.701818 1.570796 50.608341 -1.750000 107.944288 15.344543 0.632334
STATIC_OBS_INFO 0 -6.300000 67.091057 9.695917 
STATIC_OBS_INFO 1 -6.300000 60.869025 3.579862 
CRASH -5.222368 57.455212 6.900000
Parent: 1508.312688 10.000000 101.000000 20.000000 2055.350000 1340.502010 -10.000000 4.330480 32.000000 0.000000 0 0 1 0 0 0 0 0
Child: 1340.502010 17.056555 172.000000 31.696451 13586.900000 0.000000 -10.000000 0.000000 0.000000 0.000000 0 0 1 0 0 0 0 0
EGO_STATUS -5.222368 57.455212 7.000000 1.455294 4.126000 2.000000 0.980000
DYNAMIC_OBS_INFO 0 -5.750000 34.956770 1.570796 92.408206 -5.750000 150.275653 17.830656 0.387580
DYNAMIC_OBS_INFO 1 -1.750000 36.701818 1.570796 51.725729 -1.750000 109.481904 15.407776 0.632334
STATIC_OBS_INFO 0 -6.300000 67.091057 9.290914 
STATIC_OBS_INFO 1 -6.300000 60.869025 3.205980 
CRASH -5.168713 57.869275 7.000000
Parent: 1466.961979 10.000000 101.000000 20.000000 2055.350000 1299.251308 -10.000000 4.230473 32.000000 0.000000 0 0 1 0 0 0 0 0
Child: 1299.251308 16.639001 168.000000 31.696587 13187.500000 0.000000 -10.000000 0.000000 0.000000 0.000000 0 0 1 0 0 0 0 0
EGO_STATUS -5.168713 57.869275 7.100000 1.428717 4.224000 2.000000 0.980000
DYNAMIC_OBS_INFO 0 -5.750000 34.956770 1.570796 93.771470 -5.750000 152.060656 17.869414 0.387580
DYNAMIC_OBS_INFO 1 -1.750000 36.701818 1.570796 52.840866 -1.750000 111.025843 15.471009 0.632334
STATIC_OBS_INFO 0 -6.300000 67.091057 8.880764 
STATIC_OBS_INFO 1 -6.300000 60.869025 2.842260 
CRASH -5.102329 58.291423 7.100000
Parent: 1410.493960 26.444251 266.000000 33.701102 14524.900000 0.000000 -10.000000 4.158212 31.000000 0.000000 0 0 1 0 0 0 0 0
EGO_STATUS -5.102329 58.291423 7.200000 1.401209 4.322000 2.000000 0.980000
DYNAMIC_OBS_INFO 0 -5.750000 34.956770 1.570796 95.131116 -5.750000 153.849536 17.908172 0.387580
DYNAMIC_OBS_INFO 1 -1.750000 36.701818 1.570796 53.954235 -1.750000 112.576105 15.534243 0.632334
STATIC_OBS_INFO 0 -6.300000 67.091057 8.466798 
STATIC_OBS_INFO 1 -6.300000 60.869025 2.499064 
CRASH -5.022433 58.721202 7.200000
Parent: 1369.572489 26.007039 262.000000 33.699950 14135.800000 0.000000 -10.000000 4.058199 31.000000 0.000000 0 0 1 0 0 0 0 0
EGO_STATUS -5.022433 58.721202 7.300000 1.373170 4.420000 2.000000 0.980000
DYNAMIC_OBS_INFO 0 -5.750000 34.956770 1.570796 96.487643 -5.750000 155.642291 17.946930 0.387580
DYNAMIC_OBS_INFO 1 -1.750000 36.701818 1.570796 55.066352 -1.750000 114.132691 15.597476 0.632334
STATIC_OBS_INFO 0 -6.300000 67.091057 8.050610 
STATIC_OBS_INFO 1 -6.300000 60.869025 2.192791 
CRASH -4.928423 59.158145 7.300000
Parent: 1320.487044 10.000000 101.000000 20.000000 2055.350000 1151.075061 -10.000000 3.931785 30.000000 0.000000 0 0 1 0 0 0 0 0
Child: 1151.075061 15.338681 155.000000 32.512498 11700.350000 0.000000 -10.000000 0.000000 0.000000 0.000000 0 0 1 0 0 0 0 0
EGO_STATUS -4.928423 59.158145 7.400000 1.345050 4.518000 2.000000 0.980000
DYNAMIC_OBS_INFO 0 -5.750000 34.956770 1.570796 97.841535 -5.750000 157.438922 17.985688 0.387580
DYNAMIC_OBS_INFO 1 -1.750000 36.701818 1.570796 56.177736 -1.750000 115.695601 15.660710 0.632334
STATIC_OBS_INFO 0 -6.300000 67.091057 7.634103 
STATIC_OBS_INFO 1 -6.300000 60.869025 1.948461 
CRASH -4.819911 59.601808 7.400000
Parent: 1262.081809 10.000000 101.000000 20.000000 2055.350000 1092.769836 -10.000000 3.831775 30.000000 0.000000 0 0 1 0 0 0 0 0
Child: 1092.769836 14.881899 150.000000 32.512791 11082.700000 0.000000 -10.000000 0.000000 0.000000 0.000000 0 0 1 0 0 0 0 0
EGO_STATUS -4.819911 59.601808 7.500000 1.317320 4.616000 2.000000 0.980000
DYNAMIC_OBS_INFO 0 -5.750000 34.956770 1.570796 99.193231 -5.750000 159.239428 18.024446 0.387580
DYNAMIC_OBS_INFO 1 -1.750000 36.701818 1.570796 57.288879 -1.750000 117.264833 15.723943 0.632334
STATIC_OBS_INFO 0 -6.300000 67.091057 7.219536 
STATIC_OBS_INFO 1 -6.300000 60.869025 1.799524 
CRASH -4.696749 60.051790 7.500000
Parent: 1333.755746 20.109224 203.000000 30.250504 3190.050000 1058.887767 -10.000000 4.864316 39.000000 0.000000 0 0 1 0 0 0 0 0
Child: 1058.887767 14.415328 146.000000 32.510759 10793.300000 0.000000 -10.000000 0.000000 0.000000 0.000000 0 0 1 0 0 0 0 0
EGO_STATUS -4.696749 60.051790 7.600000 1.290506 4.714000 2.000000 0.980000
DYNAMIC_OBS_INFO 0 -5.750000 34.956770 1.570796 100.543081 -5.750000 161.043811 18.063204 0.387580
DYNAMIC_OBS_INFO 1 -1.750000 36.701818 1.570796 58.400204 -1.750000 118.840389 15.787176 0.632334
STATIC_OBS_INFO 0 -6.300000 67.091057 6.809576 
STATIC_OBS_INFO 1 -6.300000 60.869025 1.778011 
CRASH -4.559072 60.507783 7.600000
Parent: 1284.473900 20.109224 203.000000 30.250490 3190.050000 1009.705927 -10.000000 4.764310 39.000000 0.000000 0 0 1 0 0 0 0 0
Child: 1009.705927 13.938973 141.000000 32.508698 10282.350000 0.000000 -10.000000 0.000000 0.000000 0.000000 0 0 1 0 0 0 0 0
EGO_STATUS -4.559072 60.507783 7.700000 1.265222 4.812000 2.000000 0.980000
DYNAMIC_OBS_INFO 0 -5.750000 34.956770 1.570796 101.891304 -5.750000 162.852069 18.101962 0.387580
DYNAMIC_OBS_INFO 1 -1.750000 36.701818 1.570796 59.512015 -1.750000 120.422269 15.850410 0.632334
STATIC_OBS_INFO 0 -6.300000 67.091057 6.407356 
STATIC_OBS_INFO 1 -6.300000 60.869025 1.895319 
Parent: 1234.390933 20.109224 203.000000 30.250482 3190.050000 959.722965 -10.000000 4.664306 39.000000 0.000000 0 0 1 0 0 0 0 0
Child: 959.722965 13.452838 136.000000 32.508737 9770.800000 0.000000 -10.000000 0.000000 0.000000 0.000000 0 0 1 0 0 0 0 0
EGO_STATUS -4.407352 60.969612 7.800000 1.242149 4.910000 2.000000 0.980000
DYNAMIC_OBS_INFO 0 -5.750000 34.956770 1.570796 103.237928 -5.750000 164.664203 18.140720 0.387580
DYNAMIC_OBS_INFO 1 -1.750000 36.701818 1.570796 60.624445 -1.750000 122.010471 15.913643 0.632334
STATIC_OBS_INFO 0 -6.300000 67.091057 6.016540 
STATIC_OBS_INFO 1 -6.300000 60.869025 2.134598 
Parent: 1089.329937 10.000000 101.000000 0.000000 2055.350000 908.879416 0.000000 4.950522 28.000000 0.000000 0 0 0 0 0 0 0 0
Child: 908.879416 12.956927 131.000000 32.508618 9257.750000 0.000000 -10.000000 0.000000 0.000000 0.000000 0 0 1 0 0 0 0 0
EGO_STATUS -4.242431 61.437283 7.900000 1.222014 5.008000 2.000000 0.980000
DYNAMIC_OBS_INFO 0 -5.750000 34.956770 1.570796 104.582743 -5.750000 166.480213 18.179478 0.387580
DYNAMIC_OBS_INFO 1 -1.750000 36.701818 1.570796 61.737399 -1.750000 123.604997 15.976876 0.632334
STATIC_OBS_INFO 0 -6.300000 67.091057 5.641408 
STATIC_OBS_INFO 1 -6.300000 60.869025 2.465492 
Parent: 831.431960 12.451213 126.000000 3.666277 8542.900000 0.000000 0.000000 4.867558 18.000000 0.000000 0 0 0 0 0 0 0 0
EGO_STATUS -4.065529 61.911036 8.000000 1.205568 5.106000 2.000000 0.980000
DYNAMIC_OBS_INFO 0 -5.750000 34.956770 1.570796 105.943413 -5.750000 168.300099 18.218236 0.387580
DYNAMIC_OBS_INFO 1 -1.750000 36.701818 1.570796 62.869034 -1.750000 125.205847 16.040110 0.632334
STATIC_OBS_INFO 0 -6.300000 67.091057 5.299884 
STATIC_OBS_INFO 1 -6.300000 60.869025 2.844609 
Parent: 721.652567 11.955335 121.000000 2.179665 7524.750000 0.000000 -10.000000 4.958662 17.000000 0.000000 0 0 0 0 0 0 0 0
EGO_STATUS -3.885548 62.373093 8.100000 1.193902 4.812000 3.000000 -2.940000
DYNAMIC_OBS_INFO 0 -5.750000 34.956770 1.570796 107.337138 -5.750000 170.123860 18.256994 0.387580
DYNAMIC_OBS_INFO 1 -1.750000 36.701818 1.570796 64.037027 -1.750000 126.813019 16.103343 0.632334
STATIC_OBS_INFO 0 -6.300000 67.091057 5.005719 
STATIC_OBS_INFO 1 -6.300000 60.869025 3.232367 
Parent: 942.285296 20.109224 203.000000 29.307683 3190.050000 665.725637 -10.000000 4.649391 37.000000 0.000000 0 0 1 0 0 0 0 0
Child: 665.725637 11.488975 116.000000 30.089513 6691.500000 0.000000 0.000000 0.000000 0.000000 0.000000 0 0 1 0 0 0 0 0
EGO_STATUS -3.712323 62.806065 8.200000 1.187294 4.518000 3.000000 -2.940000
DYNAMIC_OBS_INFO 0 -5.750000 34.956770 1.570796 108.744546 -5.750000 171.951498 18.295752 0.387580
DYNAMIC_OBS_INFO 1 -1.750000 36.701818 1.570796 65.221710 -1.750000 128.426515 16.166577 0.632334
STATIC_OBS_INFO 0 -6.300000 67.091057 4.746114 
STATIC_OBS_INFO 1 -6.300000 60.869025 3.631048 
Parent: 830.494374 20.109224 203.000000 29.307664 3190.050000 553.034726 -10.000000 4.549382 36.000000 0.000000 0 0 1 0 0 0 0 0
Child: 553.034726 11.032197 112.000000 30.086729 5685.900000 0.000000 -10.000000 0.000000 0.000000 0.000000 0 0 1 0 0 0 0 0
EGO_STATUS -3.540804 63.229395 8.300000 1.185102 4.616000 2.000000 0.980000
DYNAMIC_OBS_INFO 0 -5.750000 34.956770 1.570796 110.147018 -5.750000 173.783011 18.334510 0.387580
DYNAMIC_OBS_INFO 1 -1.750000 36.701818 1.570796 66.404188 -1.750000 130.046335 16.229810 0.632334
STATIC_OBS_INFO 0 -6.300000 67.091057 4.513357 
STATIC_OBS_INFO 1 -6.300000 60.869025 4.050953 
Parent: 675.538729 20.435104 206.000000 10.504421 2555.100000 452.037473 0.000000 4.994493 36.000000 0.000000 0 0 0 0 0 0 0 0
Child: 452.037473 10.565627 107.000000 30.086213 4649.050000 0.000000 -10.000000 0.000000 0.000000 0.000000 0 0 1 0 0 0 0 0
EGO_STATUS -3.365617 63.661803 8.400000 1.187325 4.714000 2.000000 0.980000
DYNAMIC_OBS_INFO 0 -5.750000 34.956770 1.570796 111.543711 -5.750000 175.618400 18.373268 0.387580
DYNAMIC_OBS_INFO 1 -1.750000 36.701818 1.570796 67.583696 -1.750000 131.672477 16.293043 0.632334
STATIC_OBS_INFO 0 -6.300000 67.091057 4.312963 
STATIC_OBS_INFO 1 -6.300000 60.869025 4.488365 
Parent: 590.146079 20.435104 206.000000 10.504395 2555.100000 365.744830 0.000000 4.894488 35.000000 0.000000 0 0 0 0 0 0 0 0
Child: 365.744830 10.089273 102.000000 30.085315 3768.600000 0.000000 -10.000000 0.000000 0.000000 0.000000 0 0 1 0 0 0 0 0
EGO_STATUS -3.188775 64.104097 8.500000 1.194237 4.812000 2.000000 0.980000
DYNAMIC_OBS_INFO 0 -5.750000 34.956770 1.570796 112.933706 -5.750000 177.457664 18.412026 0.387580
DYNAMIC_OBS_INFO 1 -1.750000 36.701818 1.570796 68.759394 -1.750000 133.304943 16.356277 0.632334
STATIC_OBS_INFO 0 -6.300000 67.091057 4.150692 
STATIC_OBS_INFO 1 -6.300000 60.869025 4.940619 
Parent: 482.452644 20.435104 206.000000 10.504378 2555.100000 258.151399 0.000000 4.794485 35.000000 0.000000 0 0 0 0 0 0 0 0
Child: 258.151399 9.603138 98.000000 30.084322 2706.400000 0.000000 -10.000000 0.000000 0.000000 0.000000 0 0 1 0 0 0 0 0
EGO_STATUS -3.012522 64.557141 8.600000 1.205994 4.910000 2.000000 0.980000
DYNAMIC_OBS_INFO 0 -5.750000 34.956770 1.570796 114.316063 -5.750000 179.300805 18.450784 0.387580
DYNAMIC_OBS_INFO 1 -1.750000 36.701818 1.570796 69.930413 -1.750000 134.943733 16.419510 0.632334
STATIC_OBS_INFO 0 -6.300000 67.091057 4.032156 
STATIC_OBS_INFO 1 -6.300000 60.869025 5.405742 
Parent: 396.634252 20.435104 206.000000 10.504373 2555.100000 171.433009 0.000000 4.694485 34.000000 0.000000 0 0 0 0 0 0 0 0
Child: 171.433009 9.107228 93.000000 30.083893 1822.650000 0.000000 -10.000000 0.000000 0.000000 0.000000 0 0 1 0 0 0 0 0
EGO_STATUS -2.839297 65.021804 8.700000 1.222615 5.008000 2.000000 0.980000
DYNAMIC_OBS_INFO 0 -5.750000 34.956770 1.570796 115.689862 -5.750000 181.147821 18.489542 0.387580
DYNAMIC_OBS_INFO 1 -1.750000 36.701818 1.570796 71.095899 -1.750000 136.588845 16.482743 0.632334
STATIC_OBS_INFO 0 -6.300000 67.091057 3.962261 
STATIC_OBS_INFO 1 -6.300000 60.869025 5.882224 
Parent: 387.804365 20.435104 206.000000 10.504367 2555.100000 162.703124 0.000000 4.594483 34.000000 0.000000 0 0 0 0 0 0 0 0
Child: 162.703124 8.601515 88.000000 30.083598 1736.800000 0.000000 -10.000000 0.000000 0.000000 0.000000 0 0 1 0 0 0 0 0
EGO_STATUS -2.671692 65.498921 8.800000 1.243964 5.106000 2.000000 0.980000
DYNAMIC_OBS_INFO 0 -5.750000 34.956770 1.570796 117.054303 -5.750000 182.998713 18.528300 0.387580
DYNAMIC_OBS_INFO 1 -1.750000 36.701818 1.570796 72.255110 -1.750000 138.240281 16.545977 0.632334
STATIC_OBS_INFO 0 -6.300000 67.091057 3.944640 
STATIC_OBS_INFO 1 -6.300000 60.869025 6.368847 
Parent: 378.494158 20.435104 206.000000 10.504351 2555.100000 153.492921 0.000000 4.494481 34.000000 0.000000 0 0 0 0 0 0 0 0
Child: 153.492921 8.085982 82.000000 30.082843 1627.900000 0.000000 -10.000000 0.000000 0.000000 0.000000 0 0 1 0 0 0 0 0
EGO_STATUS -2.512378 65.989194 8.900000 1.269714 5.204000 2.000000 0.980000
DYNAMIC_OBS_INFO 0 -5.750000 34.956770 1.570796 118.408799 -5.750000 184.853481 18.567058 0.387580
DYNAMIC_OBS_INFO 1 -1.750000 36.701818 1.570796 73.407503 -1.750000 139.898041 16.609210 0.632334
STATIC_OBS_INFO 0 -6.300000 67.091057 3.981191 
STATIC_OBS_INFO 1 -6.300000 60.869025 6.864592 
Parent: 369.827091 20.435104 206.000000 10.504330 2555.100000 143.925859 0.000000 4.394477 33.000000 0.000000 0 0 0 0 0 0 0 0
Child: 143.925859 7.560638 77.000000 30.081175 1537.550000 0.000000 -10.000000 0.000000 0.000000 0.000000 0 0 1 0 0 0 0 0
EGO_STATUS -2.363970 66.493106 9.000000 1.299326 5.302000 2.000000 0.980000
DYNAMIC_OBS_INFO 0 -5.750000 34.956770 1.570796 119.753007 -5.750000 186.712125 18.605816 0.387580
DYNAMIC_OBS_INFO 1 -1.750000 36.701818 1.570796 74.552768 -1.750000 141.562123 16.672444 0.632334
STATIC_OBS_INFO 0 -6.300000 67.091057 4.071873 
STATIC_OBS_INFO 1 -6.300000 60.869025 7.368601 
Parent: 360.685098 20.435104 206.000000 10.504306 2555.100000 133.883873 0.000000 4.294473 32.000000 0.000000 0 0 0 0 0 0 0 0
Child: 133.883873 7.025488 72.000000 30.079347 1444.500000 0.000000 -10.000000 0.000000 0.000000 0.000000 0 0 1 0 0 0 0 0
EGO_STATUS -2.228917 67.010894 9.100000 1.332053 5.400000 2.000000 0.980000
DYNAMIC_OBS_INFO 0 -5.750000 34.956770 1.570796 121.086866 -5.750000 188.574644 18.644574 0.387580
DYNAMIC_OBS_INFO 1 -1.750000 36.701818 1.570796 75.690860 -1.750000 143.232529 16.735677 0.632334
STATIC_OBS_INFO 0 -6.300000 67.091057 4.214904 
STATIC_OBS_INFO 1 -6.300000 60.869025 7.880175 
Parent: 350.208017 20.435104 206.000000 10.504282 2555.100000 123.506798 0.000000 4.194469 32.000000 0.000000 0 0 0 0 0 0 0 0
Child: 123.506798 6.480537 66.000000 30.078705 1329.600000 0.000000 -10.000000 0.000000 0.000000 0.000000 0 0 1 0 0 0 0 0
EGO_STATUS -2.109344 67.542522 9.200000 1.366938 5.498000 2.000000 0.980000
DYNAMIC_OBS_INFO 0 -5.750000 34.956770 1.570796 122.410596 -5.750000 190.441040 18.683332 0.387580
DYNAMIC_OBS_INFO 1 -1.750000 36.701818 1.570796 76.822002 -1.750000 144.909259 16.798910 0.632334
STATIC_OBS_INFO 0 -6.300000 67.091057 4.407263 
STATIC_OBS_INFO 1 -6.300000 60.869025 8.398796 
Parent: 340.296796 20.435104 206.000000 10.504260 2555.100000 112.695583 0.000000 4.094465 31.000000 0.000000 0 0 0 0 0 0 0 0
Child: 112.695583 5.925791 61.000000 30.076324 1232.950000 0.000000 -10.000000 0.000000 0.000000 0.000000 0 0 1 0 0 0 0 0
EGO_STATUS -2.006901 68.087686 9.300000 1.402831 5.596000 2.000000 0.980000
DYNAMIC_OBS_INFO 0 -5.750000 34.956770 1.570796 123.724669 -5.750000 192.311311 18.722090 0.387580
DYNAMIC_OBS_INFO 1 -1.750000 36.701818 1.570796 77.946646 -1.750000 146.592311 16.862144 0.632334
STATIC_OBS_INFO 0 -6.300000 67.091057 4.645331 
STATIC_OBS_INFO 1 -6.300000 60.869025 8.924170 
Parent: 329.084320 20.435104 206.000000 10.504241 2555.100000 101.583112 0.000000 3.994462 31.000000 0.000000 0 0 0 0 0 0 0 0
Child: 101.583112 5.361253 55.000000 29.958400 1114.750000 0.000000 -10.000000 0.000000 0.000000 0.000000 0 0 1 0 0 0 0 0
EGO_STATUS -1.922593 68.645857 9.400000 1.438422 5.694000 2.000000 0.980000
DYNAMIC_OBS_INFO 0 -5.750000 34.956770 1.570796 125.029736 -5.750000 194.185458 18.760848 0.387580
DYNAMIC_OBS_INFO 1 -1.750000 36.701818 1.570796 79.065405 -1.750000 148.281687 16.925377 0.632334
STATIC_OBS_INFO 0 -6.300000 67.091057 4.925479 
STATIC_OBS_INFO 1 -6.300000 60.869025 9.456288 
Parent: 318.454900 20.435104 206.000000 10.504227 2555.100000 90.053697 0.000000 3.894460 30.000000 0.000000 0 0 0 0 0 0 0 0
Child: 90.053697 4.786924 49.000000 29.421570 994.750000 0.000000 -10.000000 0.000000 0.000000 0.000000 0 0 1 0 0 0 0 0
EGO_STATUS -1.856639 69.216355 9.500000 1.472293 5.792000 2.000000 0.980000
DYNAMIC_OBS_INFO 0 -5.750000 34.956770 1.570796 126.326538 -5.750000 196.063480 18.799606 0.387580
DYNAMIC_OBS_INFO 1 -1.750000 36.701818 1.570796 80.178957 -1.750000 149.977387 16.988610 0.632334
STATIC_OBS_INFO 0 -6.300000 67.091057 5.244495 
STATIC_OBS_INFO 1 -6.300000 60.869025 9.995469 
Parent: 306.487393 20.435104 206.000000 10.504218 2555.100000 78.186191 0.000000 3.794458 30.000000 0.000000 0 0 0 0 0 0 0 0
Child: 78.186191 4.202805 44.000000 28.438687 894.800000 0.000000 -10.000000 0.000000 0.000000 0.000000 0 0 1 0 0 0 0 0
EGO_STATUS -1.808369 69.798451 9.600000 1.502995 5.890000 2.000000 0.980000
DYNAMIC_OBS_INFO 0 -5.750000 34.956770 1.570796 127.615797 -5.750000 197.945379 18.838364 0.387580
DYNAMIC_OBS_INFO 1 -1.750000 36.701818 1.570796 81.287947 -1.750000 151.679409 17.051844 0.632334
STATIC_OBS_INFO 0 -6.300000 67.091057 5.599799 
STATIC_OBS_INFO 1 -6.300000 60.869025 10.542389 
Parent: 289.891809 10.000000 101.000000 20.000000 15.150000 320.515098 0.000000 4.896513 39.000000 0.000000 0 0 1 0 0 0 0 0
Child: 320.515098 20.435104 206.000000 10.504215 2555.100000 66.008355 0.000000 0.000000 0.000000 0.000000 0 0 0 0 0 0 0 0
Child: 66.008355 3.608899 38.000000 27.032134 773.300000 0.000000 -10.000000 0.000000 0.000000 0.000000 0 0 1 0 0 0 0 0
EGO_STATUS -1.776169 70.391467 9.700000 1.529159 5.988000 2.000000 0.980000
DYNAMIC_OBS_INFO 0 -5.750000 34.956770 1.570796 128.898126 -5.750000 199.831153 18.877122 0.387580
DYNAMIC_OBS_INFO 1 -1.750000 36.701818 1.570796 82.392883 -1.750000 153.387756 17.115077 0.632334
STATIC_OBS_INFO 0 -6.300000 67.091057 5.989467 
STATIC_OBS_INFO 1 -6.300000 60.869025 11.098052 
Parent: 313.631379 30.290952 304.000000 29.991794 3030.900000 53.529624 -10.000000 4.110549 39.000000 0.000000 0 0 1 0 0 0 0 0
Child: 53.529624 3.005195 32.000000 25.277957 651.200000 0.000000 -10.000000 0.000000 0.000000 0.000000 0 0 1 0 0 0 0 0
EGO_STATUS -1.757540 70.994873 9.800000 1.549635 6.086000 2.000000 0.980000
DYNAMIC_OBS_INFO 0 -5.750000 34.956770 1.570796 130.173972 -5.750000 201.720803 18.915880 0.387580
DYNAMIC_OBS_INFO 1 -1.750000 36.701818 1.570796 83.494099 -1.750000 155.102425 17.178311 0.632334
STATIC_OBS_INFO 0 -6.300000 67.091057 6.412123 
STATIC_OBS_INFO 1 -6.300000 60.869025 11.663713 
Parent: 263.800536 10.000000 101.000000 20.000000 15.150000 293.381800 0.000000 4.938538 38.000000 0.000000 0 0 1 0 0 0 0 0
Child: 293.381800 20.435104 206.000000 9.357199 2555.100000 48.988841 -10.000000 0.000000 0.000000 0.000000 0 0 0 0 0 0 0 0
Child: 48.988841 2.391680 25.000000 3.325594 508.750000 0.000000 0.000000 0.000000 0.000000 0.000000 0 0 0 0 0 0 0 0
EGO_STATUS -1.749220 71.608326 9.900000 1.563683 6.184000 2.000000 0.980000
DYNAMIC_OBS_INFO 0 -5.750000 34.956770 1.570796 131.448559 -5.750000 203.614329 18.954638 0.387580
DYNAMIC_OBS_INFO 1 -1.750000 36.701818 1.570796 84.596696 -1.750000 156.823418 17.241544 0.632334
STATIC_OBS_INFO 0 -6.300000 67.091057 6.862987 
STATIC_OBS_INFO 1 -6.300000 60.869025 12.236128 
Parent: 241.927752 10.000000 101.000000 20.000000 15.150000 270.609015 0.000000 4.838538 37.000000 0.000000 0 0 1 0 0 0 0 0
Child: 270.609015 20.435104 206.000000 9.357199 2555.100000 26.216056 -10.000000 0.000000 0.000000 0.000000 0 0 0 0 0 0 0 0
Child: 26.216056 1.773280 19.000000 1.390790 386.650000 0.000000 -10.000000 0.000000 0.000000 0.000000 0 0 0 0 0 0 0 0
EGO_STATUS -1.747470 72.226722 10.000000 1.571204 6.184000 4.000000 0.000000
DYNAMIC_OBS_INFO 0 -5.750000 34.956770 1.570796 132.726941 -5.750000 205.511731 18.993396 0.387580
DYNAMIC_OBS_INFO 1 -1.750000 36.701818 1.570796 85.705613 -1.750000 158.550734 17.304777 0.632334
STATIC_OBS_INFO 0 -6.300000 67.091057 7.336533 
STATIC_OBS_INFO 1 -6.300000 60.869025 12.811805 
Parent: 243.133788 10.000000 101.000000 20.000000 15.150000 282.144094 -10.000000 4.509497 37.000000 0.000000 0 0 1 0 0 0 0 0
Child: 282.144094 20.435104 206.000000 33.857053 2555.100000 25.320760 0.000000 0.000000 0.000000 0.000000 0 0 1 0 0 0 0 0
Child: 25.320760 1.154880 13.000000 20.475123 264.550000 0.000000 0.000000 0.000000 0.000000 0.000000 0 0 0 1 0 0 0 0
EGO_STATUS -1.748575 72.845121 10.100000 1.573209 6.184000 4.000000 0.000000
DYNAMIC_OBS_INFO 0 -5.750000 34.956770 1.570796 134.038686 -5.750000 207.413008 19.032154 0.387580
DYNAMIC_OBS_INFO 1 -1.750000 36.701818 1.570796 86.850344 -1.750000 160.284373 17.368011 0.632334
STATIC_OBS_INFO 0 -6.300000 67.091057 7.806297 
STATIC_OBS_INFO 1 -6.300000 60.869025 13.363544 
Parent: 221.886066 10.000000 101.000000 20.000000 15.150000 259.996302 -10.000000 4.409566 36.000000 0.000000 0 0 1 0 0 0 0 0
Child: 259.996302 20.435104 206.000000 33.856792 2555.100000 3.172995 0.000000 0.000000 0.000000 0.000000 0 0 1 0 0 0 0 0
Child: 3.172995 0.565971 7.000000 20.475103 142.450000 0.000000 -10.000000 0.000000 0.000000 0.000000 0 0 0 1 0 0 0 0
EGO_STATUS -1.749727 73.434029 10.200000 1.572022 5.596000 1.000000 -5.880000
DYNAMIC_OBS_INFO 0 -5.750000 34.956770 1.570796 135.413151 -5.750000 209.318162 19.070912 0.387580
DYNAMIC_OBS_INFO 1 -1.750000 36.701818 1.570796 88.060234 -1.750000 162.024336 17.431244 0.632334
STATIC_OBS_INFO 0 -6.300000 67.091057 8.242647 
STATIC_OBS_INFO 1 -6.300000 60.869025 13.863028 
Parent: 210.062772 10.000000 101.000000 20.000000 15.150000 248.272912 -10.000000 4.309662 36.000000 0.000000 0 0 1 0 0 0 0 0
Child: 248.272912 20.435104 206.000000 33.856430 2555.100000 -8.550360 0.000000 0.000000 0.000000 0.000000 0 0 1 0 0 0 0 0
Child: -8.550360 0.035898 2.000000 40.063943 40.700000 0.000000 -10.000000 0.000000 0.000000 0.000000 0 0 0 1 1 0 0 0
EGO_STATUS -1.750001 73.964102 10.300000 1.570814 5.008000 1.000000 -5.880000
DYNAMIC_OBS_INFO 0 -5.750000 34.956770 1.570796 136.820577 -5.750000 211.227191 19.109670 0.387580
DYNAMIC_OBS_INFO 1 -1.750000 36.701818 1.570796 89.305537 -1.750000 163.770622 17.494477 0.632334
STATIC_OBS_INFO 0 -6.300000 67.091057 8.664578 
STATIC_OBS_INFO 1 -6.300000 60.869025 14.337067 
Parent: 190.163416 10.000000 101.000000 20.000000 15.150000 227.473572 -10.000000 4.209645 35.000000 0.000000 0 0 1 0 0 0 0 0
Child: 227.473572 19.969914 201.000000 33.854985 2356.350000 0.000000 -10.000000 0.000000 0.000000 0.000000 0 0 1 0 0 0 0 0
EGO_STATUS -1.750424 74.465085 10.400000 1.573391 5.056618 2.000000 0.980000
DYNAMIC_OBS_INFO 0 -5.750000 34.956770 1.570796 138.222229 -5.750000 213.140096 19.148428 0.387580
DYNAMIC_OBS_INFO 1 -1.750000 36.701818 1.570796 90.547579 -1.750000 165.523231 17.557711 0.632334
STATIC_OBS_INFO 0 -6.300000 67.091057 9.101444 
STATIC_OBS_INFO 1 -6.300000 60.869025 14.821147 
Parent: 179.763244 10.000000 101.000000 20.000000 15.150000 217.173402 -10.000000 4.109644 35.000000 0.000000 0 0 1 0 0 0 0 0
Child: 217.173402 19.459337 196.000000 33.855337 2254.300000 0.000000 -10.000000 0.000000 0.000000 0.000000 0 0 1 0 0 0 0 0
EGO_STATUS -1.753633 74.975652 10.500000 1.581567 5.154618 2.000000 0.980000
DYNAMIC_OBS_INFO 0 -5.750000 34.956770 1.570796 139.617867 -5.750000 215.056876 19.187186 0.387580
DYNAMIC_OBS_INFO 1 -1.750000 36.701818 1.570796 91.786202 -1.750000 167.282164 17.620944 0.632334
STATIC_OBS_INFO 0 -6.300000 67.091057 9.551508 
STATIC_OBS_INFO 1 -6.300000 60.869025 15.314574 
Parent: 179.994223 10.000000 101.000000 20.000000 15.150000 216.504385 -10.000000 4.009640 34.000000 0.000000 0 0 1 0 0 0 0 0
Child: 216.504385 18.938944 191.000000 33.855641 2250.450000 0.000000 -10.000000 0.000000 0.000000 0.000000 0 0 1 0 0 0 0 0
EGO_STATUS -1.762504 75.495963 10.600000 1.594754 5.252618 2.000000 0.980000
DYNAMIC_OBS_INFO 0 -5.750000 34.956770 1.570796 141.007565 -5.750000 216.977533 19.225944 0.387580
DYNAMIC_OBS_INFO 1 -1.750000 36.701818 1.570796 93.021552 -1.750000 169.047420 17.684178 0.632334
STATIC_OBS_INFO 0 -6.300000 67.091057 10.013179 
STATIC_OBS_INFO 1 -6.300000 60.869025 15.816538 
Parent: 169.055062 10.000000 101.000000 20.000000 15.150000 204.665228 -10.000000 3.909636 33.000000 0.000000 0 0 1 0 0 0 0 0
Child: 204.665228 18.408741 186.000000 33.855130 2135.100000 0.000000 -10.000000 0.000000 0.000000 0.000000 0 0 1 0 0 0 0 0
EGO_STATUS -1.779732 76.025873 10.700000 1.612297 5.350618 2.000000 0.980000
DYNAMIC_OBS_INFO 0 -5.750000 34.956770 1.570796 142.391513 -5.750000 218.902065 19.264702 0.387580
DYNAMIC_OBS_INFO 1 -1.750000 36.701818 1.570796 94.253883 -1.750000 170.819000 17.747411 0.632334
STATIC_OBS_INFO 0 -6.300000 67.091057 10.485144 
STATIC_OBS_INFO 1 -6.300000 60.869025 16.326297 
Parent: 149.173628 10.000000 101.000000 20.000000 15.150000 184.883799 -10.000000 3.809631 33.000000 0.000000 0 0 1 0 0 0 0 0
Child: 184.883799 17.868732 180.000000 33.854676 1929.300000 0.000000 -10.000000 0.000000 0.000000 0.000000 0 0 1 0 0 0 0 0
EGO_STATUS -1.807773 76.565134 10.800000 1.633495 5.448618 2.000000 0.980000
DYNAMIC_OBS_INFO 0 -5.750000 34.956770 1.570796 143.770024 -5.750000 220.830473 19.303460 0.387580
DYNAMIC_OBS_INFO 1 -1.750000 36.701818 1.570796 95.483565 -1.750000 172.596902 17.810644 0.632334
STATIC_OBS_INFO 0 -6.300000 67.091057 10.966327 
STATIC_OBS_INFO 1 -6.300000 60.869025 16.843175 
Parent: 147.984579 10.000000 101.000000 20.000000 15.150000 182.794756 -10.000000 3.709626 32.000000 0.000000 0 0 1 0 0 0 0 0
Child: 182.794756 17.318922 175.000000 33.855231 1914.250000 0.000000 -10.000000 0.000000 0.000000 0.000000 0 0 1 0 0 0 0 0
EGO_STATUS -1.848797 77.113388 10.900000 1.657616 5.546618 2.000000 0.980000
DYNAMIC_OBS_INFO 0 -5.750000 34.956770 1.570796 145.143529 -5.750000 222.762757 19.342218 0.387580
DYNAMIC_OBS_INFO 1 -1.750000 36.701818 1.570796 96.711076 -1.750000 174.381129 17.873878 0.632334
STATIC_OBS_INFO 0 -6.300000 67.091057 11.455870 
STATIC_OBS_INFO 1 -6.300000 60.869025 17.366574 
Parent: 127.869922 10.000000 101.000000 20.000000 15.150000 162.780104 -10.000000 3.609621 32.000000 0.000000 0 0 1 0 0 0 0 0
Child: 162.780104 16.759316 169.000000 33.854861 1708.450000 0.000000 -10.000000 0.000000 0.000000 0.000000 0 0 1 0 0 0 0 0
EGO_STATUS -1.904637 77.670176 11.000000 1.683896 5.644618 2.000000 0.980000
DYNAMIC_OBS_INFO 0 -5.750000 34.956770 1.570796 146.512547 -5.750000 224.698917 19.380976 0.387580
DYNAMIC_OBS_INFO 1 -1.750000 36.701818 1.570796 97.936975 -1.750000 176.171678 17.937111 0.632334
STATIC_OBS_INFO 0 -6.300000 67.091057 11.953128 
STATIC_OBS_INFO 1 -6.300000 60.869025 17.895991 
Parent: 117.511950 10.000000 101.000000 20.000000 15.150000 151.522136 -10.000000 3.509617 31.000000 0.000000 0 0 1 0 0 0 0 0
Child: 151.522136 16.189917 163.000000 33.853998 1592.350000 0.000000 -10.000000 0.000000 0.000000 0.000000 0 0 1 0 0 0 0 0
EGO_STATUS -1.976740 78.234966 11.100000 1.711551 5.742618 2.000000 0.980000
DYNAMIC_OBS_INFO 0 -5.750000 34.956770 1.570796 147.877655 -5.750000 226.638952 19.419734 0.387580
DYNAMIC_OBS_INFO 1 -1.750000 36.701818 1.570796 99.161865 -1.750000 177.968551 18.000345 0.632334
STATIC_OBS_INFO 0 -6.300000 67.091057 12.457664 
STATIC_OBS_INFO 1 -6.300000 60.869025 18.431045 
Parent: 115.045625 10.000000 101.000000 20.000000 15.150000 149.155814 -10.000000 3.409614 31.000000 0.000000 0 0 1 0 0 0 0 0
Child: 149.155814 15.610729 158.000000 33.854861 1577.000000 0.000000 -10.000000 0.000000 0.000000 0.000000 0 0 1 0 0 0 0 0
EGO_STATUS -2.066132 78.807190 11.200000 1.739785 5.840618 2.000000 0.980000
DYNAMIC_OBS_INFO 0 -5.750000 34.956770 1.570796 149.239431 -5.750000 228.582864 19.458492 0.387580
DYNAMIC_OBS_INFO 1 -1.750000 36.701818 1.570796 100.386342 -1.750000 179.771747 18.063578 0.632334
STATIC_OBS_INFO 0 -6.300000 67.091057 12.969268 
STATIC_OBS_INFO 1 -6.300000 60.869025 18.971515 
Parent: 104.660698 10.000000 101.000000 20.000000 15.150000 137.870888 -10.000000 3.309612 30.000000 0.000000 0 0 1 0 0 0 0 0
Child: 137.870888 15.021753 152.000000 33.855089 1462.400000 0.000000 -10.000000 0.000000 0.000000 0.000000 0 0 1 0 0 0 0 0
EGO_STATUS -2.173381 79.386297 11.300000 1.767797 5.938618 2.000000 0.980000
DYNAMIC_OBS_INFO 0 -5.750000 34.956770 1.570796 150.598400 -5.750000 230.530651 19.497250 0.387580
DYNAMIC_OBS_INFO 1 -1.750000 36.701818 1.570796 101.610941 -1.750000 181.581266 18.126811 0.632334
STATIC_OBS_INFO 0 -6.300000 67.091057 13.487960 
STATIC_OBS_INFO 1 -6.300000 60.869025 19.517368 
Parent: 93.298781 10.000000 101.000000 20.000000 15.150000 126.608970 -10.000000 3.209612 30.000000 0.000000 0 0 1 0 0 0 0 0
Child: 126.608970 14.422993 146.000000 33.855146 1349.000000 0.000000 -10.000000 0.000000 0.000000 0.000000 0 0 1 0 0 0 0 0
EGO_STATUS -2.298578 79.971806 11.400000 1.794791 6.036618 2.000000 0.980000
DYNAMIC_OBS_INFO 0 -5.750000 34.956770 1.570796 151.954965 -5.750000 232.482314 19.536008 0.387580
DYNAMIC_OBS_INFO 1 -1.750000 36.701818 1.570796 102.836059 -1.750000 183.397109 18.190045 0.632334
STATIC_OBS_INFO 0 -6.300000 67.091057 14.014009 
STATIC_OBS_INFO 1 -6.300000 60.869025 20.068795 
Parent: 67.483388 10.000000 101.000000 20.000000 15.150000 108.861355 -10.000000 4.141835 39.000000 0.000000 0 0 1 0 0 0 0 0
Child: 108.861355 10.000000 101.000000 20.000000 15.150000 115.381157 -10.000000 0.000000 0.000000 0.000000 0 0 1 0 0 0 0 0
Child: 115.381157 13.814421 140.000000 33.854955 1236.800000 0.000000 -10.000000 0.000000 0.000000 0.000000 0 0 1 0 0 0 0 0
EGO_STATUS -2.441357 80.563374 11.500000 1.819984 6.134618 2.000000 0.980000
DYNAMIC_OBS_INFO 0 -5.750000 34.956770 1.570796 153.309373 -5.750000 234.437852 19.574766 0.387580
DYNAMIC_OBS_INFO 1 -1.750000 36.701818 1.570796 104.061926 -1.750000 185.219275 18.253278 0.632334
STATIC_OBS_INFO 0 -6.300000 67.091057 14.547935 
STATIC_OBS_INFO 1 -6.300000 60.869025 20.626227 
Parent: 58.135581 10.000000 101.000000 20.000000 15.150000 98.613551 -10.000000 4.041832 38.000000 0.000000 0 0 1 0 0 0 0 0
Child: 98.613551 10.000000 101.000000 20.000000 15.150000 105.133353 -10.000000 0.000000 0.000000 0.000000 0 0 1 0 0 0 0 0
Child: 105.133353 13.196037 133.000000 33.854141 1126.550000 0.000000 -10.000000 0.000000 0.000000 0.000000 0 0 1 0 0 0 0 0
EGO_STATUS -2.600815 81.160827 11.600000 1.842622 6.232618 2.000000 0.980000
DYNAMIC_OBS_INFO 0 -5.750000 34.956770 1.570796 154.661660 -5.750000 236.397267 19.613524 0.387580
DYNAMIC_OBS_INFO 1 -1.750000 36.701818 1.570796 105.288547 -1.750000 187.047765 18.316511 0.632334
STATIC_OBS_INFO 0 -6.300000 67.091057 15.090501 
STATIC_OBS_INFO 1 -6.300000 60.869025 21.190343 
Parent: 37.270295 10.000000 101.000000 20.000000 15.150000 77.848267 -10.000000 3.941830 38.000000 0.000000 0 0 1 0 0 0 0 0
Child: 77.848267 10.000000 101.000000 20.000000 15.150000 84.368069 -10.000000 0.000000 0.000000 0.000000 0 0 1 0 0 0 0 0
Child: 84.368069 12.567845 127.000000 33.853787 919.750000 0.000000 -10.000000 0.000000 0.000000 0.000000 0 0 1 0 0 0 0 0
EGO_STATUS -2.775548 81.764212 11.700000 1.861994 6.330618 2.000000 0.980000
DYNAMIC_OBS_INFO 0 -5.750000 34.956770 1.570796 156.011614 -5.750000 238.360557 19.652282 0.387580
DYNAMIC_OBS_INFO 1 -1.750000 36.701818 1.570796 106.515666 -1.750000 188.882578 18.379745 0.632334
STATIC_OBS_INFO 0 -6.300000 67.091057 15.642700 
STATIC_OBS_INFO 1 -6.300000 60.869025 21.762066 
Parent: 16.594422 10.000000 101.000000 20.000000 15.150000 56.272397 -10.000000 3.841826 37.000000 0.000000 0 0 1 0 0 0 0 0
Child: 56.272397 10.000000 101.000000 20.000000 15.150000 62.792199 -10.000000 0.000000 0.000000 0.000000 0 0 1 0 0 0 0 0
Child: 62.792199 11.929849 121.000000 33.854095 704.450000 0.000000 -10.000000 0.000000 0.000000 0.000000 0 0 1 0 0 0 0 0
EGO_STATUS -2.963678 82.373826 11.800000 1.877449 6.428618 2.000000 0.980000
DYNAMIC_OBS_INFO 0 -5.750000 34.956770 1.570796 157.358766 -5.750000 240.327723 19.691040 0.387580
DYNAMIC_OBS_INFO 1 -1.750000 36.701818 1.570796 107.742751 -1.750000 190.723714 18.442978 0.632334
STATIC_OBS_INFO 0 -6.300000 67.091057 16.205713 
STATIC_OBS_INFO 1 -6.300000 60.869025 22.342541 
Parent: -23.000712 10.000000 101.000000 20.000000 15.150000 16.777267 -10.000000 3.741822 37.000000 0.000000 0 0 1 0 0 0 0 0
Child: 16.777267 10.000000 101.000000 20.000000 15.150000 23.297069 -10.000000 0.000000 0.000000 0.000000 0 0 1 0 0 0 0 0
Child: 23.297069 11.282050 114.000000 33.851786 302.600000 0.000000 -10.000000 0.000000 0.000000 0.000000 0 0 1 0 0 0 0 0
EGO_STATUS -3.162873 82.990226 11.900000 1.888407 6.526618 2.000000 0.980000
DYNAMIC_OBS_INFO 0 -5.750000 34.956770 1.570796 158.702390 -5.750000 242.298765 19.729798 0.387580
DYNAMIC_OBS_INFO 1 -1.750000 36.701818 1.570796 108.969005 -1.750000 192.571173 18.506212 0.632334
STATIC_OBS_INFO 0 -6.300000 67.091057 16.780865 
STATIC_OBS_INFO 1 -6.300000 60.869025 22.933085 
Parent: -32.963245 10.000000 101.000000 20.000000 15.150000 5.914738 -10.000000 3.641819 36.000000 0.000000 0 0 1 0 0 0 0 0
Child: 5.914738 10.000000 101.000000 20.000000 15.150000 12.434540 -10.000000 0.000000 0.000000 0.000000 0 0 1 0 0 0 0 0
Child: 12.434540 10.624452 108.000000 33.852256 194.200000 0.000000 -10.000000 0.000000 0.000000 0.000000 0 0 1 0 0 0 0 0
EGO_STATUS -3.370379 83.614216 12.000000 1.894379 6.624618 2.000000 0.980000
DYNAMIC_OBS_INFO 0 -5.750000 34.956770 1.570796 160.041548 -5.750000 244.273683 19.768556 0.387580
DYNAMIC_OBS_INFO 1 -1.750000 36.701818 1.570796 110.193398 -1.750000 194.424956 18.569445 0.632334
STATIC_OBS_INFO 0 -6.300000 67.091057 17.369555 
STATIC_OBS_INFO 1 -6.300000 60.869025 23.535131 
Parent: -36.358147 10.000000 101.000000 20.000000 15.150000 1.619839 -10.000000 3.541816 35.000000 0.000000 0 0 1 0 0 0 0 0
Child: 1.619839 10.000000 101.000000 20.000000 15.150000 8.139641 -10.000000 0.000000 0.000000 0.000000 0 0 1 0 0 0 0 0
Child: 8.139641 9.957058 101.000000 33.850509 150.150000 0.000000 -10.000000 0.000000 0.000000 0.000000 0 0 1 0 0 0 0 0
EGO_STATUS -3.583062 84.246806 12.100000 1.894982 6.722618 2.000000 0.980000
DYNAMIC_OBS_INFO 0 -5.750000 34.956770 1.570796 161.375135 -5.750000 246.252476 19.807314 0.387580
DYNAMIC_OBS_INFO 1 -1.750000 36.701818 1.570796 111.414722 -1.750000 196.285062 18.632678 0.632334
STATIC_OBS_INFO 0 -6.300000 67.091057 17.973175 
STATIC_OBS_INFO 1 -6.300000 60.869025 24.150143 
Parent: -39.557662 10.000000 101.000000 20.000000 15.150000 -1.479673 -10.000000 3.441813 35.000000 0.000000 0 0 1 0 0 0 0 0
Child: -1.479673 10.000000 101.000000 20.000000 15.150000 5.040129 -10.000000 0.000000 0.000000 0.000000 0 0 1 0 0 0 0 0
Child: 5.040129 9.279871 94.000000 33.848257 118.500000 0.000000 -10.000000 0.000000 0.000000 0.000000 0 0 1 0 0 0 0 0
EGO_STATUS -3.797446 84.889154 12.200000 1.889963 6.820618 2.000000 0.980000
DYNAMIC_OBS_INFO 0 -5.750000 34.956770 1.570796 162.701967 -5.750000 248.235145 19.846072 0.387580
DYNAMIC_OBS_INFO 1 -1.750000 36.701818 1.570796 112.631678 -1.750000 198.151492 18.695912 0.632334
STATIC_OBS_INFO 0 -6.300000 67.091057 18.593017 
STATIC_OBS_INFO 1 -6.300000 60.869025 24.779523 
Parent: -41.361768 10.000000 101.000000 20.000000 15.150000 -4.183778 -10.000000 3.341812 34.000000 0.000000 0 0 1 0 0 0 0 0
Child: -4.183778 10.000000 101.000000 20.000000 15.150000 2.336024 -10.000000 0.000000 0.000000 0.000000 0 0 1 0 0 0 0 0
Child: 2.336024 8.592893 87.000000 33.847884 91.050000 0.000000 -10.000000 0.000000 0.000000 0.000000 0 0 1 0 0 0 0 0
EGO_STATUS -4.009781 85.542485 12.300000 1.879214 6.918618 2.000000 0.980000
DYNAMIC_OBS_INFO 0 -5.750000 34.956770 1.570796 164.020873 -5.750000 250.221691 19.884830 0.387580
DYNAMIC_OBS_INFO 1 -1.750000 36.701818 1.570796 113.842969 -1.750000 200.024244 18.759145 0.632334
STATIC_OBS_INFO 0 -6.300000 67.091057 19.230177 
STATIC_OBS_INFO 1 -6.300000 60.869025 25.424511 
Parent: -42.765022 10.000000 101.000000 20.000000 15.150000 -6.487032 -10.000000 3.241811 33.000000 0.000000 0 0 1 0 0 0 0 0
Child: -6.487032 10.000000 101.000000 20.000000 15.150000 0.032770 -10.000000 0.000000 0.000000 0.000000 0 0 1 0 0 0 0 0
Child: 0.032770 7.896127 80.000000 33.847507 67.800000 0.000000 -10.000000 0.000000 0.000000 0.000000 0 0 1 0 0 0 0 0
EGO_STATUS -4.216114 86.207990 12.400000 1.862797 7.016618 2.000000 0.980000
DYNAMIC_OBS_INFO 0 -5.750000 34.956770 1.570796 165.330784 -5.750000 252.212111 19.923588 0.387580
DYNAMIC_OBS_INFO 1 -1.750000 36.701818 1.570796 115.047391 -1.750000 201.903321 18.822378 0.632334
STATIC_OBS_INFO 0 -6.300000 67.091057 19.885476 
STATIC_OBS_INFO 1 -6.300000 60.869025 26.086100 
Parent: -44.733582 10.000000 101.000000 20.000000 15.150000 -8.355590 -10.000000 3.141811 33.000000 0.000000 0 0 1 0 0 0 0 0
Child: -8.355590 10.000000 101.000000 20.000000 15.150000 -1.835788 -10.000000 0.000000 0.000000 0.000000 0 0 1 0 0 0 0 0
Child: -1.835788 7.189557 73.000000 33.846266 49.050000 0.000000 -10.000000 0.000000 0.000000 0.000000 0 0 1 0 0 0 0 0
EGO_STATUS -4.412371 86.886739 12.500000 1.840957 7.114618 2.000000 0.980000
DYNAMIC_OBS_INFO 0 -5.750000 34.956770 1.570796 166.630865 -5.750000 254.206408 19.962346 0.387580
DYNAMIC_OBS_INFO 1 -1.750000 36.701818 1.570796 116.243979 -1.750000 203.788720 18.885612 0.632334
STATIC_OBS_INFO 0 -6.300000 67.091057 20.559353 
STATIC_OBS_INFO 1 -6.300000 60.869025 26.764918 
Parent: -45.324158 10.000000 101.000000 20.000000 15.150000 -9.846165 -10.000000 3.041809 32.000000 0.000000 0 0 1 0 0 0 0 0
Child: -9.846165 10.000000 101.000000 20.000000 15.150000 -3.326363 -10.000000 0.000000 0.000000 0.000000 0 0 1 0 0 0 0 0
Child: -3.326363 6.473178 66.000000 33.843864 34.200000 0.000000 -10.000000 0.000000 0.000000 0.000000 0 0 1 0 0 0 0 0
EGO_STATUS -4.594507 87.579550 12.600000 1.814165 7.212618 2.000000 0.980000
DYNAMIC_OBS_INFO 0 -5.750000 34.956770 1.570796 167.920613 -5.750000 256.204581 20.001104 0.387580
DYNAMIC_OBS_INFO 1 -1.750000 36.701818 1.570796 117.432098 -1.750000 205.680443 18.948845 0.632334
STATIC_OBS_INFO 0 -6.300000 67.091057 21.251802 
STATIC_OBS_INFO 1 -6.300000 60.869025 27.461157 
Parent: -45.565836 10.000000 101.000000 20.000000 15.150000 -10.987841 -10.000000 2.941806 31.000000 0.000000 0 0 1 0 0 0 0 0
Child: -10.987841 10.000000 101.000000 20.000000 15.150000 -4.468039 -10.000000 0.000000 0.000000 0.000000 0 0 1 0 0 0 0 0
Child: -4.468039 5.746993 59.000000 33.842435 22.950000 0.000000 -10.000000 0.000000 0.000000 0.000000 0 0 1 0 0 0 0 0
EGO_STATUS -4.758691 88.286893 12.700000 1.783139 7.310618 2.000000 0.980000
DYNAMIC_OBS_INFO 0 -5.750000 34.956770 1.570796 169.199912 -5.750000 258.206629 20.039862 0.387580
DYNAMIC_OBS_INFO 1 -1.750000 36.701818 1.570796 118.611520 -1.750000 207.578489 19.012079 0.632334
STATIC_OBS_INFO 0 -6.300000 67.091057 21.962357 
STATIC_OBS_INFO 1 -6.300000 60.869025 28.174549 
Parent: -45.578033 10.000000 101.000000 20.000000 15.150000 -11.900035 -10.000000 2.841804 30.000000 0.000000 0 0 1 0 0 0 0 0
Child: -11.900035 10.000000 101.000000 20.000000 15.150000 -5.380233 -10.000000 0.000000 0.000000 0.000000 0 0 1 0 0 0 0 0
Child: -5.380233 5.011005 52.000000 33.840065 14.100000 0.000000 -10.000000 0.000000 0.000000 0.000000 0 0 1 0 0 0 0 0
EGO_STATUS -4.901520 89.008845 12.800000 1.748870 7.408618 2.000000 0.980000
DYNAMIC_OBS_INFO 0 -5.750000 34.956770 1.570796 170.469049 -5.750000 260.212553 20.078620 0.387580
DYNAMIC_OBS_INFO 1 -1.750000 36.701818 1.570796 119.782443 -1.750000 209.482859 19.075312 0.632334
STATIC_OBS_INFO 0 -6.300000 67.091057 22.690125 
STATIC_OBS_INFO 1 -6.300000 60.869025 28.904384 
Parent: -46.174322 10.000000 101.000000 20.000000 15.150000 -12.396321 -10.000000 2.741801 30.000000 0.000000 0 0 1 0 0 0 0 0
Child: -12.396321 10.000000 101.000000 20.000000 15.150000 -5.876519 -10.000000 0.000000 0.000000 0.000000 0 0 1 0 0 0 0 0
Child: -5.876519 4.265217 44.000000 33.837844 8.700000 0.000000 -10.000000 0.000000 0.000000 0.000000 0 0 1 0 0 0 0 0
EGO_STATUS -5.020288 89.745066 12.900000 1.712651 7.506618 2.000000 0.980000
DYNAMIC_OBS_INFO 0 -5.750000 34.956770 1.570796 171.728676 -5.750000 262.222353 20.117378 0.387580
DYNAMIC_OBS_INFO 1 -1.750000 36.701818 1.570796 120.945467 -1.750000 211.393552 19.138545 0.632334
STATIC_OBS_INFO 0 -6.300000 67.091057 23.433867 
STATIC_OBS_INFO 1 -6.300000 60.869025 29.649591 
Parent: -61.273746 10.000000 102.000000 20.000000 15.300000 -19.314986 -10.000000 3.580456 39.000000 0.000000 0 0 1 0 0 0 0 0
Child: -19.314986 10.000000 101.000000 20.000000 15.150000 -12.795184 -10.000000 0.000000 0.000000 0.000000 0 0 1 0 0 0 0 0
Child: -12.795184 10.000000 101.000000 20.000000 15.150000 -6.275382 -10.000000 0.000000 0.000000 0.000000 0 0 1 0 0 0 0 0
Child: -6.275382 3.509632 37.000000 33.716471 5.550000 0.000000 -10.000000 0.000000 0.000000 0.000000 0 0 1 0 0 0 0 0
EGO_STATUS -5.113297 90.494857 13.000000 1.676109 7.604618 2.000000 0.980000
DYNAMIC_OBS_INFO 0 -5.750000 34.956770 1.570796 172.979701 -5.750000 264.236029 20.156136 0.387580
DYNAMIC_OBS_INFO 1 -1.750000 36.701818 1.570796 122.101494 -1.750000 213.310568 19.201779 0.632334
STATIC_OBS_INFO 0 -6.300000 67.091057 24.192138 
STATIC_OBS_INFO 1 -6.300000 60.869025 30.408866 
Parent: -60.581254 10.000000 102.000000 20.000000 15.300000 -19.522492 -10.000000 3.480454 38.000000 0.000000 0 0 1 0 0 0 0 0
Child: -19.522492 10.000000 101.000000 20.000000 15.150000 -13.002690 -10.000000 0.000000 0.000000 0.000000 0 0 1 0 0 0 0 0
Child: -13.002690 10.000000 101.000000 20.000000 15.150000 -6.482888 -10.000000 0.000000 0.000000 0.000000 0 0 1 0 0 0 0 0
Child: -6.482888 2.744251 29.000000 32.817237 4.350000 0.000000 -10.000000 0.000000 0.000000 0.000000 0 0 1 0 0 0 0 0
EGO_STATUS -5.180212 91.257266 13.100000 1.641238 7.702618 2.000000 0.980000
DYNAMIC_OBS_INFO 0 -5.750000 34.956770 1.570796 174.223120 -5.750000 266.253580 20.194894 0.387580
DYNAMIC_OBS_INFO 1 -1.750000 36.701818 1.570796 123.251574 -1.750000 215.233907 19.265012 0.632334
STATIC_OBS_INFO 0 -6.300000 67.091057 24.963469 
STATIC_OBS_INFO 1 -6.300000 60.869025 31.180859 
Parent: -60.007778 10.000000 102.000000 20.000000 15.300000 -19.849015 -10.000000 3.380453 37.000000 0.000000 0 0 1 0 0 0 0 0
Child: -19.849015 10.000000 101.000000 20.000000 15.150000 -13.329213 -10.000000 0.000000 0.000000 0.000000 0 0 1 0 0 0 0 0
Child: -13.329213 10.000000 101.000000 20.000000 15.150000 -6.809411 -10.000000 0.000000 0.000000 0.000000 0 0 1 0 0 0 0 0
Child: -6.809411 1.969075 21.000000 30.877331 3.150000 0.000000 -10.000000 0.000000 0.000000 0.000000 0 0 1 0 0 0 0 0
EGO_STATUS -5.222448 92.031259 13.200000 1.610428 7.800618 2.000000 0.980000
DYNAMIC_OBS_INFO 0 -5.750000 34.956770 1.570796 175.459811 -5.750000 268.275007 20.233652 0.387580
DYNAMIC_OBS_INFO 1 -1.750000 36.701818 1.570796 124.396710 -1.750000 217.163570 19.328245 0.632334
STATIC_OBS_INFO 0 -6.300000 67.091057 25.746552 
STATIC_OBS_INFO 1 -6.300000 60.869025 31.964364 
Parent: -60.598779 10.000000 102.000000 20.000000 15.300000 -20.340015 -10.000000 3.280452 37.000000 0.000000 0 0 1 0 0 0 0 0
Child: -20.340015 10.000000 101.000000 20.000000 15.150000 -13.820213 -10.000000 0.000000 0.000000 0.000000 0 0 1 0 0 0 0 0
Child: -13.820213 10.000000 101.000000 20.000000 15.150000 -7.300411 -10.000000 0.000000 0.000000 0.000000 0 0 1 0 0 0 0 0
Child: -7.300411 1.184104 13.000000 27.688156 1.950000 0.000000 -10.000000 0.000000 0.000000 0.000000 0 0 1 0 0 0 0 0
EGO_STATUS -5.243578 92.815927 13.300000 1.586487 7.898618 2.000000 0.980000
DYNAMIC_OBS_INFO 0 -5.750000 34.956770 1.570796 176.690357 -5.750000 270.300310 20.272410 0.387580
DYNAMIC_OBS_INFO 1 -1.750000 36.701818 1.570796 125.537688 -1.750000 219.099556 19.391479 0.632334
STATIC_OBS_INFO 0 -6.300000 67.091057 26.540392 
STATIC_OBS_INFO 1 -6.300000 60.869025 32.758477 
Parent: -60.549170 10.000000 102.000000 20.000000 15.300000 -21.190406 -10.000000 3.180452 36.000000 0.000000 0 0 1 0 0 0 0 0
Child: -21.190406 10.000000 101.000000 20.000000 15.150000 -14.670604 -10.000000 0.000000 0.000000 0.000000 0 0 1 0 0 0 0 0
Child: -14.670604 10.000000 101.000000 20.000000 15.150000 -8.150802 -10.000000 0.000000 0.000000 0.000000 0 0 1 0 0 0 0 0
Child: -8.150802 0.389339 5.000000 22.997943 0.750000 0.000000 -10.000000 0.000000 0.000000 0.000000 0 0 1 0 0 0 0 0
EGO_STATUS -5.249765 93.610662 13.400000 1.572673 7.996618 2.000000 0.980000
DYNAMIC_OBS_INFO 0 -5.750000 34.956770 1.570796 177.914959 -5.750000 272.329489 20.311168 0.387580
DYNAMIC_OBS_INFO 1 -1.750000 36.701818 1.570796 126.674994 -1.750000 221.041866 19.454712 0.632334
STATIC_OBS_INFO 0 -6.300000 67.091057 27.344342 
STATIC_OBS_INFO 1 -6.300000 60.869025 33.562637 
Parent: -51.564611 10.000000 102.000000 20.000000 15.300000 -13.105846 -10.000000 3.080451 35.000000 0.000000 0 0 1 0 0 0 0 0
Child: -13.105846 10.000000 101.000000 20.000000 15.150000 -6.586044 -10.000000 0.000000 0.000000 0.000000 0 0 1 0 0 0 0 0
Child: -6.586044 9.584767 97.000000 20.000000 14.550000 0.000000 -10.000000 0.000000 0.000000 0.000000 0 0 1 0 0 0 0 0
EGO_STATUS -5.250000 94.415233 13.500000 1.570796 8.094618 2.000000 0.980000
DYNAMIC_OBS_INFO 0 -5.750000 34.956770 1.570796 179.133638 -5.750000 274.362544 20.349926 0.387580
DYNAMIC_OBS_INFO 1 -1.750000 36.701818 1.570796 127.808827 -1.750000 222.990499 19.517946 0.632334
STATIC_OBS_INFO 0 -6.300000 67.091057 28.158130 
STATIC_OBS_INFO 1 -6.300000 60.869025 34.376618 
Parent: -50.792133 10.000000 102.000000 20.000000 15.300000 -13.233367 -10.000000 2.980450 34.000000 0.000000 0 0 1 0 0 0 0 0
Child: -13.233367 10.000000 101.000000 20.000000 15.150000 -6.713565 -10.000000 0.000000 0.000000 0.000000 0 0 1 0 0 0 0 0
Child: -6.713565 8.770396 89.000000 20.000000 13.350000 0.000000 -10.000000 0.000000 0.000000 0.000000 0 0 1 0 0 0 0 0
EGO_STATUS -5.250000 95.229604 13.600000 1.570796 8.192618 2.000000 0.980000
DYNAMIC_OBS_INFO 0 -5.750000 34.956770 1.570796 180.346389 -5.750000 276.399474 20.388684 0.387580
DYNAMIC_OBS_INFO 1 -1.750000 36.701818 1.570796 128.939188 -1.750000 224.945455 19.581179 0.632334
STATIC_OBS_INFO 0 -6.300000 67.091057 28.981748 
STATIC_OBS_INFO 1 -6.300000 60.869025 35.200418 
Parent: -50.024606 10.000000 102.000000 20.000000 15.300000 -13.365839 -10.000000 2.880449 33.000000 0.000000 0 0 1 0 0 0 0 0
Child: -13.365839 10.000000 101.000000 20.000000 15.150000 -6.846037 -10.000000 0.000000 0.000000 0.000000 0 0 1 0 0 0 0 0
Child: -6.846037 7.946222 81.000000 20.000000 12.150000 0.000000 -10.000000 0.000000 0.000000 0.000000 0 0 1 0 0 0 0 0
EGO_STATUS -5.250000 96.053778 13.700000 1.570796 8.290618 2.000000 0.980000
DYNAMIC_OBS_INFO 0 -5.750000 34.956770 1.570796 181.553213 -5.750000 278.440281 20.427442 0.387580
DYNAMIC_OBS_INFO 1 -1.750000 36.701818 1.570796 130.066079 -1.750000 226.906735 19.644412 0.632334
STATIC_OBS_INFO 0 -6.300000 67.091057 29.815193 
STATIC_OBS_INFO 1 -6.300000 60.869025 36.034032 
Parent: -50.263174 10.000000 102.000000 20.000000 15.300000 -13.504405 -10.000000 2.780447 33.000000 0.000000 0 0 1 0 0 0 0 0
Child: -13.504405 10.000000 101.000000 20.000000 15.150000 -6.984603 -10.000000 0.000000 0.000000 0.000000 0 0 1 0 0 0 0 0
Child: -6.984603 7.112244 73.000000 20.000000 10.950000 0.000000 -10.000000 0.000000 0.000000 0.000000 0 0 1 0 0 0 0 0
EGO_STATUS -5.250000 96.887756 13.800000 1.570796 8.388618 2.000000 0.980000
DYNAMIC_OBS_INFO 0 -5.750000 34.956770 1.570796 182.754113 -5.750000 280.484963 20.466200 0.387580
DYNAMIC_OBS_INFO 1 -1.750000 36.701818 1.570796 131.189500 -1.750000 228.874337 19.707646 0.632334
STATIC_OBS_INFO 0 -6.300000 67.091057 30.658462 
STATIC_OBS_INFO 1 -6.300000 60.869025 36.877461 
Parent: -49.479406 10.000000 102.000000 20.000000 15.300000 -13.620637 -10.000000 2.680446 32.000000 0.000000 0 0 1 0 0 0 0 0
Child: -13.620637 10.000000 101.000000 20.000000 15.150000 -7.100835 -10.000000 0.000000 0.000000 0.000000 0 0 1 0 0 0 0 0
Child: -7.100835 6.268466 64.000000 20.000000 9.600000 0.000000 -10.000000 0.000000 0.000000 0.000000 0 0 1 0 0 0 0 0
EGO_STATUS -5.250000 97.731534 13.900000 1.570796 8.486618 2.000000 0.980000
DYNAMIC_OBS_INFO 0 -5.750000 34.956770 1.570796 183.949088 -5.750000 282.533521 20.504958 0.387580
DYNAMIC_OBS_INFO 1 -1.750000 36.701818 1.570796 132.309452 -1.750000 230.848264 19.770879 0.632334
STATIC_OBS_INFO 0 -6.300000 67.091057 31.511554 
STATIC_OBS_INFO 1 -6.300000 60.869025 37.730701 
Parent: -48.732452 10.000000 102.000000 20.000000 15.300000 -13.773680 -10.000000 2.580444 31.000000 0.000000 0 0 1 0 0 0 0 0
Child: -13.773680 10.000000 101.000000 20.000000 15.150000 -7.253879 -10.000000 0.000000 0.000000 0.000000 0 0 1 0 0 0 0 0
Child: -7.253879 5.414887 56.000000 20.000000 8.400000 0.000000 -10.000000 0.000000 0.000000 0.000000 0 0 1 0 0 0 0 0
EGO_STATUS -5.250000 98.585113 14.000000 1.570796 8.584618 2.000000 0.980000
DYNAMIC_OBS_INFO 0 -5.750000 34.956770 1.570796 185.138140 -5.750000 284.585954 20.543716 0.387580
DYNAMIC_OBS_INFO 1 -1.750000 36.701818 1.570796 133.425937 -1.750000 232.828513 19.834112 0.632334
STATIC_OBS_INFO 0 -6.300000 67.091057 32.374464 
STATIC_OBS_INFO 1 -6.300000 60.869025 38.593751 
Parent: -47.959035 10.000000 102.000000 20.000000 15.300000 -13.900262 -10.000000 2.480443 30.000000 0.000000 0 0 1 0 0 0 0 0
Child: -13.900262 10.000000 101.000000 20.000000 15.150000 -7.380460 -10.000000 0.000000 0.000000 0.000000 0 0 1 0 0 0 0 0
Child: -7.380460 4.551511 47.000000 20.000000 7.050000 0.000000 -10.000000 0.000000 0.000000 0.000000 0 0 1 0 0 0 0 0
EGO_STATUS -5.250000 99.448489 14.100000 1.570796 8.682618 2.000000 0.980000
DYNAMIC_OBS_INFO 0 -5.750000 34.956770 1.570796 186.321271 -5.750000 286.642264 20.582474 0.387580
DYNAMIC_OBS_INFO 1 -1.750000 36.701818 1.570796 134.538956 -1.750000 234.815086 19.897346 0.632334
STATIC_OBS_INFO 0 -6.300000 67.091057 33.247191 
STATIC_OBS_INFO 1 -6.300000 60.869025 39.466609 
Parent: -62.863383 10.000000 102.000000 20.000000 15.300000 -20.571301 -10.000000 3.247133 39.000000 0.000000 0 0 1 0 0 0 0 0
Child: -20.571301 10.000000 102.000000 20.000000 15.300000 -14.032085 -10.000000 0.000000 0.000000 0.000000 0 0 1 0 0 0 0 0
Child: -14.032085 10.000000 101.000000 20.000000 15.150000 -7.512283 -10.000000 0.000000 0.000000 0.000000 0 0 1 0 0 0 0 0
Child: -7.512283 3.678336 38.000000 20.000000 5.700000 0.000000 -10.000000 0.000000 0.000000 0.000000 0 0 1 0 0 0 0 0
EGO_STATUS -5.250000 100.321664 14.200000 1.570796 8.780618 2.000000 0.980000
DYNAMIC_OBS_INFO 0 -5.750000 34.956770 1.570796 187.498482 -5.750000 288.702449 20.621232 0.387580
DYNAMIC_OBS_INFO 1 -1.750000 36.701818 1.570796 135.648509 -1.750000 236.807982 19.960579 0.632334
STATIC_OBS_INFO 0 -6.300000 67.091057 34.129732 
STATIC_OBS_INFO 1 -6.300000 60.869025 40.349274 
Parent: -62.103957 10.000000 102.000000 20.000000 15.300000 -20.711874 -10.000000 3.147133 38.000000 0.000000 0 0 1 0 0 0 0 0
Child: -20.711874 10.000000 102.000000 20.000000 15.300000 -14.172659 -10.000000 0.000000 0.000000 0.000000 0 0 1 0 0 0 0 0
Child: -14.172659 10.000000 101.000000 20.000000 15.150000 -7.652857 -10.000000 0.000000 0.000000 0.000000 0 0 1 0 0 0 0 0
Child: -7.652857 2.795366 29.000000 20.000000 4.350000 0.000000 -10.000000 0.000000 0.000000 0.000000 0 0 1 0 0 0 0 0
EGO_STATUS -5.250000 101.204634 14.300000 1.570796 8.878618 2.000000 0.980000
DYNAMIC_OBS_INFO 0 -5.750000 34.956770 1.570796 188.669773 -5.750000 290.766510 20.659990 0.387580
DYNAMIC_OBS_INFO 1 -1.750000 36.701818 1.570796 136.754598 -1.750000 238.807202 20.023813 0.632334
STATIC_OBS_INFO 0 -6.300000 67.091057 35.022086 
STATIC_OBS_INFO 1 -6.300000 60.869025 41.241744 
Parent: -61.453711 10.000000 102.000000 20.000000 15.300000 -20.961628 -10.000000 3.047132 37.000000 0.000000 0 0 1 0 0 0 0 0
Child: -20.961628 10.000000 102.000000 20.000000 15.300000 -14.422412 -10.000000 0.000000 0.000000 0.000000 0 0 1 0 0 0 0 0
Child: -14.422412 10.000000 101.000000 20.000000 15.150000 -7.902610 -10.000000 0.000000 0.000000 0.000000 0 0 1 0 0 0 0 0
Child: -7.902610 1.902600 21.000000 20.000000 3.150000 0.000000 -10.000000 0.000000 0.000000 0.000000 0 0 1 0 0 0 0 0
EGO_STATUS -5.250000 102.097400 14.400000 1.570796 8.976618 2.000000 0.980000
DYNAMIC_OBS_INFO 0 -5.750000 34.956770 1.570796 189.835142 -5.750000 292.834447 20.698748 0.387580
DYNAMIC_OBS_INFO 1 -1.750000 36.701818 1.570796 137.857219 -1.750000 240.812745 20.087046 0.632334
STATIC_OBS_INFO 0 -6.300000 67.091057 35.924254 
STATIC_OBS_INFO 1 -6.300000 60.869025 42.144021 
Parent: -61.834368 10.000000 102.000000 20.000000 15.300000 -21.242284 -10.000000 2.947132 37.000000 0.000000 0 0 1 0 0 0 0 0
Child: -21.242284 10.000000 102.000000 20.000000 15.300000 -14.703069 -10.000000 0.000000 0.000000 0.000000 0 0 1 0 0 0 0 0
Child: -14.703069 10.000000 101.000000 20.000000 15.150000 -8.183267 -10.000000 0.000000 0.000000 0.000000 0 0 1 0 0 0 0 0
Child: -8.183267 1.000037 12.000000 20.000000 1.800000 0.000000 -10.000000 0.000000 0.000000 0.000000 0 0 1 0 0 0 0 0
EGO_STATUS -5.250000 102.999963 14.500000 1.570796 9.074618 2.000000 0.980000
DYNAMIC_OBS_INFO 0 -5.750000 34.956770 1.570796 190.994583 -5.750000 294.906260 20.737506 0.387580
DYNAMIC_OBS_INFO 1 -1.750000 36.701818 1.570796 138.956365 -1.750000 242.824611 20.150279 0.632334
STATIC_OBS_INFO 0 -6.300000 67.091057 36.836242 
STATIC_OBS_INFO 1 -6.300000 60.869025 43.056112 
Parent: -61.861265 10.000000 102.000000 20.000000 15.300000 -22.169181 -10.000000 2.847132 36.000000 0.000000 0 0 1 0 0 0 0 0
Child: -22.169181 10.000000 102.000000 20.000000 15.300000 -15.629966 -10.000000 0.000000 0.000000 0.000000 0 0 1 0 0 0 0 0
Child: -15.629966 10.000000 101.000000 20.000000 15.150000 -9.110164 -10.000000 0.000000 0.000000 0.000000 0 0 1 0 0 0 0 0
Child: -9.110164 0.087669 2.000000 20.000000 0.300000 0.000000 -10.000000 0.000000 0.000000 0.000000 0 0 1 0 0 0 0 0
EGO_STATUS -5.250000 103.912331 14.600000 1.570796 9.172618 2.000000 0.980000
DYNAMIC_OBS_INFO 0 -5.750000 34.956770 1.570796 192.148093 -5.750000 296.981948 20.776264 0.387580
DYNAMIC_OBS_INFO 1 -1.750000 36.701818 1.570796 140.052035 -1.750000 244.842801 20.213513 0.632334
STATIC_OBS_INFO 0 -6.300000 67.091057 37.758051 
STATIC_OBS_INFO 1 -6.300000 60.869025 43.978018 
Parent: -51.985403 10.000000 102.000000 20.000000 15.300000 -13.193318 -10.000000 2.747131 35.000000 0.000000 0 0 1 0 0 0 0 0
Child: -13.193318 10.000000 102.000000 20.000000 15.300000 -6.654102 -10.000000 0.000000 0.000000 0.000000 0 0 1 0 0 0 0 0
Child: -6.654102 9.165494 93.000000 20.000000 13.950000 0.000000 -10.000000 0.000000 0.000000 0.000000 0 0 1 0 0 0 0 0
EGO_STATUS -5.250000 104.834506 14.700000 1.570796 9.270618 2.000000 0.980000
DYNAMIC_OBS_INFO 0 -5.750000 34.956770 1.570796 193.295679 -5.750000 299.061512 20.815022 0.387580
DYNAMIC_OBS_INFO 1 -1.750000 36.701818 1.570796 141.144236 -1.750000 246.867314 20.276746 0.632334
STATIC_OBS_INFO 0 -6.300000 67.091057 38.689673 
STATIC_OBS_INFO 1 -6.300000 60.869025 44.909732 
Parent: -51.235912 10.000000 102.000000 20.000000 15.300000 -13.343826 -10.000000 2.647130 34.000000 0.000000 0 0 1 0 0 0 0 0
Child: -13.343826 10.000000 102.000000 20.000000 15.300000 -6.804610 -10.000000 0.000000 0.000000 0.000000 0 0 1 0 0 0 0 0
Child: -6.804610 8.233520 84.000000 20.000000 12.600000 0.000000 -10.000000 0.000000 0.000000 0.000000 0 0 1 0 0 0 0 0
EGO_STATUS -5.250000 105.766480 14.800000 1.570796 9.368618 2.000000 0.980000
DYNAMIC_OBS_INFO 0 -5.750000 34.956770 1.570796 194.437340 -5.750000 301.144953 20.853780 0.387580
DYNAMIC_OBS_INFO 1 -1.750000 36.701818 1.570796 142.232965 -1.750000 248.898150 20.339979 0.632334
STATIC_OBS_INFO 0 -6.300000 67.091057 39.631110 
STATIC_OBS_INFO 1 -6.300000 60.869025 45.851255 
TIMEOUT
