Parent: 342.684716 24.462602 246.000000 3098.466026 578.313739 2.710784 0.000000 4.349548 30.000000 0.000000 1 0 1 0 0 0 0 0
Child: 2.710784 5.000000 51.000000 20.000000 7.650000 0.000000 0.000000 0.000000 0.000000 0.000000 0 0 0 1 0 0 0 0
EGO_STATUS -1.750000 190.000000 0.000000 1.570796 8.000000 4.000000 0.000000
DYNAMIC_OBS_INFO 0 1.750000 250.000000 -1.570000 59.332832 1.750000 250.000000 15.000000 0.000000
DYNAMIC_OBS_INFO 1 64.143295 207.500000 3.140000 67.983843 64.143295 207.500000 10.000000 0.006815
Parent: 332.430908 24.462602 246.000000 3098.465197 578.313739 -7.443068 0.000000 4.249676 30.000000 0.000000 1 0 1 0 0 0 0 0
Child: -7.443068 4.229511 44.000000 20.000000 6.600000 0.000000 -10.000000 0.000000 0.000000 0.000000 0 0 0 1 0 0 0 0
EGO_STATUS -1.750000 190.770489 0.100000 1.570796 7.412000 1.000000 -5.880000
DYNAMIC_OBS_INFO 0 1.750000 250.000000 -1.570000 57.125172 1.751194 248.500000 15.000000 0.000000
DYNAMIC_OBS_INFO 1 64.143295 207.500000 3.140000 66.841272 63.143262 207.501593 10.000682 0.006815
Parent: 670.256886 10.159610 103.000000 3060.546923 551.601859 358.053420 -10.000000 4.911993 39.000000 0.000000 1 0 1 0 0 0 0 0
Child: 358.053420 24.462602 246.000000 3098.464703 578.313739 -7.570832 0.000000 0.000000 0.000000 0.000000 1 0 1 0 0 0 0 0
Child: -7.570832 3.517777 37.000000 20.000000 5.550000 0.000000 -10.000000 0.000000 0.000000 0.000000 0 0 0 1 0 0 0 0
EGO_STATUS -1.750000 191.482223 0.200000 1.570796 6.824000 1.000000 -5.880000
DYNAMIC_OBS_INFO 0 1.750000 250.000000 -1.570000 54.976643 1.752389 247.000001 15.000000 0.000000
DYNAMIC_OBS_INFO 1 64.143295 207.500000 3.140000 65.715418 62.143161 207.503186 10.001363 0.006815
Parent: 671.067462 10.159610 103.000000 3060.546320 551.601859 357.963834 -10.000000 4.812215 38.000000 0.000000 1 0 1 0 0 0 0 0
Child: 357.963834 24.462602 246.000000 3098.463295 578.313739 -7.660278 0.000000 0.000000 0.000000 0.000000 1 0 1 0 0 0 0 0
Child: -7.660278 2.864965 30.000000 20.000000 4.500000 0.000000 -10.000000 0.000000 0.000000 0.000000 0 0 0 1 0 0 0 0
EGO_STATUS -1.750000 192.135035 0.300000 1.570796 6.236000 1.000000 -5.880000
DYNAMIC_OBS_INFO 0 1.750000 250.000000 -1.570000 52.886994 1.753583 245.500001 15.000000 0.000000
DYNAMIC_OBS_INFO 1 64.143295 207.500000 3.140000 64.605314 61.142992 207.504778 10.002045 0.006815
Parent: 670.860714 10.159610 103.000000 3060.546160 551.601859 357.857043 -10.000000 4.712273 38.000000 0.000000 1 0 1 0 0 0 0 0
Child: 357.857043 24.462602 246.000000 3098.462922 578.313739 -7.767032 0.000000 0.000000 0.000000 0.000000 1 0 1 0 0 0 0 0
Child: -7.767032 2.270815 24.000000 20.000000 3.600000 0.000000 -10.000000 0.000000 0.000000 0.000000 0 0 0 1 0 0 0 0
EGO_STATUS -1.750000 192.729185 0.400000 1.570796 5.648000 1.000000 -5.880000
DYNAMIC_OBS_INFO 0 1.750000 250.000000 -1.570000 50.856590 1.754778 244.000002 15.000000 0.000000
DYNAMIC_OBS_INFO 1 64.143295 207.500000 3.140000 63.510228 60.142755 207.506371 10.002726 0.006815
Parent: 671.615159 10.159610 103.000000 3060.545317 551.601859 357.711261 -10.000000 4.612584 37.000000 0.000000 1 0 1 0 0 0 0 0
Child: 357.711261 24.462602 246.000000 3098.460951 578.313739 -7.912618 0.000000 0.000000 0.000000 0.000000 1 0 1 0 0 0 0 0
Child: -7.912618 1.735679 19.000000 20.000000 2.850000 0.000000 -10.000000 0.000000 0.000000 0.000000 0 0 0 1 0 0 0 0
EGO_STATUS -1.750000 193.264321 0.500000 1.570796 5.060000 1.000000 -5.880000
DYNAMIC_OBS_INFO 0 1.750000 250.000000 -1.570000 48.885226 1.755972 242.500002 15.000000 0.000000
DYNAMIC_OBS_INFO 1 64.143295 207.500000 3.140000 62.429393 59.142450 207.507965 10.003408 0.006815
Parent: 671.415767 10.159610 103.000000 3060.544481 551.601859 357.611643 -10.000000 4.512892 37.000000 0.000000 1 0 1 0 0 0 0 0
Child: 357.611643 24.462602 246.000000 3098.458996 578.313739 -8.012042 0.000000 0.000000 0.000000 0.000000 1 0 1 0 0 0 0 0
Child: -8.012042 1.259340 14.000000 20.000000 2.100000 0.000000 -10.000000 0.000000 0.000000 0.000000 0 0 0 1 0 0 0 0
EGO_STATUS -1.750000 193.740660 0.600000 1.570796 4.472000 1.000000 -5.880000
DYNAMIC_OBS_INFO 0 1.750000 250.000000 -1.570000 46.972944 1.757167 241.000003 15.000000 0.000000
DYNAMIC_OBS_INFO 1 64.143295 207.500000 3.140000 61.362206 58.142076 207.509558 10.004089 0.006815
Parent: 672.137775 10.159610 103.000000 3060.543557 551.601859 357.433402 -10.000000 4.413232 36.000000 0.000000 1 0 1 0 0 0 0 0
Child: 357.433402 24.462602 246.000000 3098.456835 578.313739 -8.190068 0.000000 0.000000 0.000000 0.000000 1 0 1 0 0 0 0 0
Child: -8.190068 0.841829 10.000000 20.000000 1.500000 0.000000 -10.000000 0.000000 0.000000 0.000000 0 0 0 1 0 0 0 0
EGO_STATUS -1.750000 194.158171 0.700000 1.570796 3.884000 1.000000 -5.880000
DYNAMIC_OBS_INFO 0 1.750000 250.000000 -1.570000 45.120089 1.758361 239.500003 15.000000 0.000000
DYNAMIC_OBS_INFO 1 64.143295 207.500000 3.140000 60.308250 57.141634 207.511151 10.004771 0.006815
Parent: 671.912046 10.159610 103.000000 3060.541471 551.601859 357.307110 -10.000000 4.314001 36.000000 0.000000 1 0 1 0 0 0 0 0
Child: 357.307110 24.462602 246.000000 3098.451960 578.313739 -8.315875 0.000000 0.000000 0.000000 0.000000 1 0 1 0 0 0 0 0
Child: -8.315875 0.483481 6.000000 20.000000 0.900000 0.000000 -10.000000 0.000000 0.000000 0.000000 0 0 0 1 0 0 0 0
EGO_STATUS -1.750000 194.516519 0.800000 1.570796 3.296000 1.000000 -5.880000
DYNAMIC_OBS_INFO 0 1.750000 250.000000 -1.570000 43.325671 1.759556 238.000004 15.000000 0.000000
DYNAMIC_OBS_INFO 1 64.143295 207.500000 3.140000 59.266952 56.141124 207.512745 10.005452 0.006815
Parent: 671.377343 10.159610 103.000000 3060.541444 551.601859 356.872400 -10.000000 4.214011 36.000000 0.000000 1 0 1 0 0 0 0 0
Child: 356.872400 24.462602 246.000000 3098.451898 578.313739 -8.750579 0.000000 0.000000 0.000000 0.000000 1 0 1 0 0 0 0 0
Child: -8.750579 0.183289 3.000000 20.000000 0.450000 0.000000 -10.000000 0.000000 0.000000 0.000000 0 0 0 1 0 0 0 0
EGO_STATUS -1.750000 194.816711 0.900000 1.570796 2.708000 1.000000 -5.880000
DYNAMIC_OBS_INFO 0 1.750000 250.000000 -1.570000 41.586630 1.760750 236.500004 15.000000 0.000000
DYNAMIC_OBS_INFO 1 64.143295 207.500000 3.140000 58.237440 55.140546 207.514338 10.006134 0.006815
Parent: 527.195343 34.714163 349.000000 3092.289416 2618.828755 0.000000 -10.000000 4.124599 35.000000 0.000000 1 0 1 0 0 0 0 0
EGO_STATUS -1.750002 195.061829 1.000000 1.570831 2.353212 0.000000 2.940000
DYNAMIC_OBS_INFO 0 1.750000 250.000000 -1.570000 39.842719 1.761945 235.000005 15.000000 0.000000
DYNAMIC_OBS_INFO 1 64.143295 207.500000 3.140000 57.206777 54.139900 207.515932 10.006815 0.006815
Parent: 529.626074 34.463413 346.000000 3092.286823 2636.342809 0.000000 -10.000000 4.024549 35.000000 0.000000 1 0 1 0 0 0 0 0
EGO_STATUS -1.750067 195.312374 1.100000 1.571358 2.647212 0.000000 2.940000
DYNAMIC_OBS_INFO 0 1.750000 250.000000 -1.570000 38.070409 1.763139 233.500005 15.000000 0.000000
DYNAMIC_OBS_INFO 1 64.143295 207.500000 3.140000 56.170124 53.139186 207.517526 10.007497 0.006815
Parent: 526.820818 23.919615 241.000000 3053.840123 2498.522726 5.766743 0.000000 4.973663 35.000000 0.000000 1 0 1 0 0 0 0 0
Child: 5.766743 9.596849 97.000000 32.423397 25.863874 0.000000 0.000000 0.000000 0.000000 0.000000 0 0 1 0 0 0 0 0
EGO_STATUS -1.750398 195.592076 1.200000 1.572679 2.941212 0.000000 2.940000
DYNAMIC_OBS_INFO 0 1.750000 250.000000 -1.570000 36.279643 1.764334 232.000006 15.000000 0.000000
DYNAMIC_OBS_INFO 1 64.143295 207.500000 3.140000 55.129915 52.138404 207.519120 10.008178 0.006815
Parent: 516.674931 23.919615 241.000000 3053.840120 2498.522726 -4.279142 0.000000 4.873663 35.000000 0.000000 1 0 1 0 0 0 0 0
Child: -4.279142 9.297822 94.000000 32.423392 25.413874 0.000000 -10.000000 0.000000 0.000000 0.000000 0 0 1 0 0 0 0 0
EGO_STATUS -1.751268 195.891101 1.300000 1.574835 3.039212 2.000000 0.980000
DYNAMIC_OBS_INFO 0 1.750000 250.000000 -1.570000 34.480039 1.765528 230.500006 15.000000 0.000000
DYNAMIC_OBS_INFO 1 64.143295 207.500000 3.140000 54.088492 51.137553 207.520714 10.008860 0.006815
Parent: 517.552397 23.919615 241.000000 3053.840093 2498.522726 -4.301668 0.000000 4.773656 34.000000 0.000000 1 0 1 0 0 0 0 0
Child: -4.301668 8.988961 91.000000 32.423356 25.263874 0.000000 -10.000000 0.000000 0.000000 0.000000 0 0 1 0 0 0 0 0
EGO_STATUS -1.752952 196.199957 1.400000 1.577718 3.137212 2.000000 0.980000
DYNAMIC_OBS_INFO 0 1.750000 250.000000 -1.570000 32.671806 1.766723 229.000007 15.000000 0.000000
DYNAMIC_OBS_INFO 1 64.143295 207.500000 3.140000 53.046165 50.136634 207.522308 10.009541 0.006815
Parent: 517.390370 23.919615 241.000000 3053.840045 2498.522726 -4.363679 0.000000 4.673645 34.000000 0.000000 1 0 1 0 0 0 0 0
Child: -4.363679 8.670268 88.000000 32.423293 24.783276 0.000000 -10.000000 0.000000 0.000000 0.000000 0 0 1 0 0 0 0 0
EGO_STATUS -1.755705 196.518637 1.500000 1.581153 3.235212 2.000000 0.980000
DYNAMIC_OBS_INFO 0 1.750000 250.000000 -1.570000 30.855204 1.767917 227.500007 15.000000 0.000000
DYNAMIC_OBS_INFO 1 64.143295 207.500000 3.140000 52.003203 49.135647 207.523902 10.010223 0.006815
Parent: 517.194573 23.919615 241.000000 3053.839984 2498.522726 -4.459456 0.000000 4.573632 34.000000 0.000000 1 0 1 0 0 0 0 0
Child: -4.459456 8.341756 85.000000 32.423212 24.033276 0.000000 -10.000000 0.000000 0.000000 0.000000 0 0 1 0 0 0 0 0
EGO_STATUS -1.759731 196.847123 1.600000 1.584888 3.333212 2.000000 0.980000
DYNAMIC_OBS_INFO 0 1.750000 250.000000 -1.570000 29.030548 1.769112 226.000008 15.000000 0.000000
DYNAMIC_OBS_INFO 1 64.143295 207.500000 3.140000 50.959804 48.134592 207.525496 10.010904 0.006815
Parent: 518.020392 23.919615 241.000000 3053.839917 2498.522726 -4.533615 0.000000 4.473616 33.000000 0.000000 1 0 1 0 0 0 0 0
Child: -4.533615 8.003435 82.000000 32.423124 23.583276 0.000000 -10.000000 0.000000 0.000000 0.000000 0 0 1 0 0 0 0 0
EGO_STATUS -1.765148 197.185398 1.700000 1.588602 3.431212 2.000000 0.980000
DYNAMIC_OBS_INFO 0 1.750000 250.000000 -1.570000 27.198213 1.770306 224.500008 15.000000 0.000000
DYNAMIC_OBS_INFO 1 64.143295 207.500000 3.140000 49.916063 47.133469 207.527091 10.011586 0.006815
Parent: 517.891841 23.919615 241.000000 3053.839850 2498.522726 -4.562144 0.000000 4.373601 33.000000 0.000000 1 0 1 0 0 0 0 0
Child: -4.562144 7.655315 78.000000 32.423036 22.983276 0.000000 -10.000000 0.000000 0.000000 0.000000 0 0 1 0 0 0 0 0
EGO_STATUS -1.771955 197.533451 1.800000 1.591932 3.529212 2.000000 0.980000
DYNAMIC_OBS_INFO 0 1.750000 250.000000 -1.570000 25.358665 1.771501 223.000009 15.000000 0.000000
DYNAMIC_OBS_INFO 1 64.143295 207.500000 3.140000 48.871950 46.132278 207.528685 10.012267 0.006815
Parent: 517.761618 23.919615 241.000000 3053.839788 2498.522726 -4.592347 0.000000 4.273587 33.000000 0.000000 1 0 1 0 0 0 0 0
Child: -4.592347 7.297401 74.000000 32.422954 22.413874 0.000000 -10.000000 0.000000 0.000000 0.000000 0 0 1 0 0 0 0 0
EGO_STATUS -1.780015 197.891272 1.900000 1.594494 3.627212 2.000000 0.980000
DYNAMIC_OBS_INFO 0 1.750000 250.000000 -1.570000 23.512484 1.772695 221.500009 15.000000 0.000000
DYNAMIC_OBS_INFO 1 64.143295 207.500000 3.140000 47.827296 45.131018 207.530280 10.012949 0.006815
Parent: 507.810193 23.919615 241.000000 3037.997987 2498.522726 -4.694761 -10.000000 4.996899 32.000000 0.000000 1 0 1 0 0 0 0 0
Child: -4.694761 6.929701 71.000000 32.422884 21.933276 0.000000 -10.000000 0.000000 0.000000 0.000000 0 0 1 0 0 0 0 0
EGO_STATUS -1.789031 198.258860 2.000000 1.595916 3.725212 2.000000 0.980000
DYNAMIC_OBS_INFO 0 1.750000 250.000000 -1.570000 21.660421 1.773890 220.000010 15.000000 0.000000
DYNAMIC_OBS_INFO 1 64.143295 207.500000 3.140000 46.781793 44.129690 207.531875 10.013630 0.006815
Parent: 518.410977 23.919615 241.000000 3053.839694 2498.522726 -4.742957 0.000000 4.073566 32.000000 0.000000 1 0 1 0 0 0 0 0
Child: -4.742957 6.552220 67.000000 32.422831 21.333276 0.000000 -10.000000 0.000000 0.000000 0.000000 0 0 1 0 0 0 0 0
EGO_STATUS -1.798552 198.636220 2.100000 1.595877 3.823212 2.000000 0.980000
DYNAMIC_OBS_INFO 0 1.750000 250.000000 -1.570000 19.803488 1.775084 218.500010 15.000000 0.000000
DYNAMIC_OBS_INFO 1 64.143295 207.500000 3.140000 45.735003 43.128295 207.533470 10.014312 0.006815
Parent: 412.548711 29.099528 292.000000 3072.250314 1345.325979 0.000000 0.000000 3.311088 31.000000 0.000000 1 0 1 0 0 0 0 0
EGO_STATUS -1.807977 199.023362 2.200000 1.594140 3.921212 2.000000 0.980000
DYNAMIC_OBS_INFO 0 1.750000 250.000000 -1.570000 17.933501 1.776279 217.000010 15.000000 0.000000
DYNAMIC_OBS_INFO 1 64.143295 207.500000 3.140000 44.684797 42.126831 207.535065 10.014993 0.006815
Parent: 518.154830 23.919615 241.000000 3038.617105 2498.522726 4.994588 -10.000000 4.590739 31.000000 0.000000 1 0 1 0 0 0 0 0
Child: 4.994588 5.758019 59.000000 33.144164 18.033276 0.000000 0.000000 0.000000 0.000000 0.000000 0 0 1 0 0 0 0 0
EGO_STATUS -1.816784 199.430140 2.300000 1.590472 4.215212 0.000000 2.940000
DYNAMIC_OBS_INFO 0 1.750000 250.000000 -1.570000 16.052677 1.777473 215.500011 15.000000 0.000000
DYNAMIC_OBS_INFO 1 64.143295 207.500000 3.140000 43.630561 41.125299 207.536660 10.015675 0.006815
Parent: 370.338061 29.607008 298.000000 3057.708341 1036.874977 0.000000 -10.000000 4.531476 31.000000 0.000000 1 0 1 0 0 0 0 0
EGO_STATUS -1.823994 199.856550 2.400000 1.584702 4.313212 2.000000 0.980000
DYNAMIC_OBS_INFO 0 1.750000 250.000000 -1.570000 14.173872 1.778668 214.000011 15.000000 0.000000
DYNAMIC_OBS_INFO 1 64.143295 207.500000 3.140000 42.573203 40.123698 207.538255 10.016356 0.006815
Parent: 371.916049 29.170460 293.000000 3057.707735 1035.233981 0.000000 -10.000000 4.431438 30.000000 0.000000 1 0 1 0 0 0 0 0
EGO_STATUS -1.828430 200.292806 2.500000 1.577084 4.411212 2.000000 0.980000
DYNAMIC_OBS_INFO 0 1.750000 250.000000 -1.570000 12.302422 1.779862 212.500012 15.000000 0.000000
DYNAMIC_OBS_INFO 1 64.143295 207.500000 3.140000 41.512140 39.122030 207.539850 10.017038 0.006815
Parent: 508.215151 23.919615 241.000000 3038.616876 2498.522726 -5.645034 -10.000000 4.290705 30.000000 0.000000 1 0 1 0 0 0 0 0
Child: -5.645034 4.449056 46.000000 33.143899 11.883276 0.000000 -10.000000 0.000000 0.000000 0.000000 0 0 1 0 0 0 0 0
EGO_STATUS -1.829217 200.738884 2.600000 1.567972 4.509212 2.000000 0.980000
DYNAMIC_OBS_INFO 0 1.750000 250.000000 -1.570000 10.447545 1.781057 211.000012 15.000000 0.000000
DYNAMIC_OBS_INFO 1 64.143295 207.500000 3.140000 40.446935 38.120293 207.541446 10.017719 0.006815
Parent: 601.646849 33.464065 336.000000 3056.837126 3393.265656 -5.830760 0.000000 4.076838 39.000000 0.000000 1 0 1 0 0 0 0 0
Child: -5.830760 3.993177 41.000000 33.143848 9.663874 0.000000 -10.000000 0.000000 0.000000 0.000000 0 0 1 0 0 0 0 0
EGO_STATUS -1.825595 201.194746 2.700000 1.557766 4.607212 2.000000 0.980000
DYNAMIC_OBS_INFO 0 1.750000 250.000000 -1.570000 8.626461 1.782251 209.500013 15.000000 0.000000
DYNAMIC_OBS_INFO 1 64.143295 207.500000 3.140000 39.377483 37.118489 207.543041 10.018401 0.006815
Parent: 598.720385 10.000000 102.000000 20.000000 15.297885 639.065858 -10.000000 5.193950 39.000000 0.000000 0 0 1 0 0 0 0 0
Child: 639.065858 10.371576 105.000000 3052.810469 258.101642 322.024182 -10.000000 0.000000 0.000000 0.000000 1 0 1 0 0 0 0 0
Child: 322.024182 13.758335 139.000000 3056.352546 359.636393 -6.093228 -10.000000 0.000000 0.000000 0.000000 1 0 1 0 0 0 0 0
Child: -6.093228 3.527506 37.000000 33.143803 7.834316 0.000000 -10.000000 0.000000 0.000000 0.000000 0 0 1 0 0 0 0 0
EGO_STATUS -1.817098 201.660337 2.800000 1.547628 4.705212 2.000000 0.980000
DYNAMIC_OBS_INFO 0 1.750000 250.000000 -1.570000 6.874659 1.783446 208.000013 15.000000 0.000000
DYNAMIC_OBS_INFO 1 64.143295 207.500000 3.140000 38.304448 36.116616 207.544637 10.019082 0.006815
Parent: 599.407499 10.000000 102.000000 20.000000 15.297885 638.852976 -10.000000 5.093946 38.000000 0.000000 0 0 1 0 0 0 0 0
Child: 638.852976 10.371576 105.000000 3052.810434 258.101642 321.811303 -10.000000 0.000000 0.000000 0.000000 1 0 1 0 0 0 0 0
Child: 321.811303 13.758335 139.000000 3056.352489 359.636393 -6.306101 -10.000000 0.000000 0.000000 0.000000 1 0 1 0 0 0 0 0
Child: -6.306101 3.052046 32.000000 33.143769 5.585916 0.000000 -10.000000 0.000000 0.000000 0.000000 0 0 1 0 0 0 0 0
EGO_STATUS -1.804002 202.135616 2.900000 1.539408 4.803212 2.000000 0.980000
DYNAMIC_OBS_INFO 0 1.750000 250.000000 -1.570000 5.273481 1.784640 206.500014 15.000000 0.000000
DYNAMIC_OBS_INFO 1 64.143295 207.500000 3.140000 37.229375 35.114675 207.546233 10.019764 0.006815
Parent: 403.428350 10.000000 102.000000 20.000000 15.297885 442.891009 -10.000000 5.076763 38.000000 0.000000 0 0 1 0 0 0 0 0
Child: 442.891009 27.511320 277.000000 3059.008676 1500.961955 0.000000 -10.000000 0.000000 0.000000 0.000000 1 0 1 0 0 0 0 0
EGO_STATUS -1.787416 202.620579 3.000000 1.534397 4.901212 2.000000 0.980000
DYNAMIC_OBS_INFO 0 1.750000 250.000000 -1.570000 4.023390 1.785835 205.000014 15.000000 0.000000
DYNAMIC_OBS_INFO 1 64.143295 207.500000 3.140000 36.154205 34.112666 207.547828 10.020445 0.006815
Parent: 475.595872 37.389610 375.000000 3056.379373 2134.715695 0.000000 -10.000000 5.014491 37.000000 0.000000 1 0 1 0 0 0 0 0
EGO_STATUS -1.768790 203.115258 3.100000 1.532304 4.999212 2.000000 0.980000
DYNAMIC_OBS_INFO 0 1.750000 250.000000 -1.570000 3.538243 1.787029 203.500015 15.000000 0.000000
DYNAMIC_OBS_INFO 1 64.143295 207.500000 3.140000 35.080575 33.110588 207.549424 10.021127 0.006815
Parent: 409.793309 10.000000 102.000000 20.000000 15.297885 448.452289 -10.000000 4.880443 37.000000 0.000000 0 0 1 0 0 0 0 0
Child: 448.452289 26.547827 267.000000 3059.137364 1551.664090 0.000000 -10.000000 0.000000 0.000000 0.000000 1 0 1 0 0 0 0 0
EGO_STATUS -1.749189 203.619707 3.200000 1.531742 5.097212 2.000000 0.980000
DYNAMIC_OBS_INFO 0 1.750000 250.000000 -1.570000 4.113942 1.788224 202.000015 15.000000 0.000000
DYNAMIC_OBS_INFO 1 64.143295 207.500000 3.140000 34.009535 32.108443 207.551020 10.021808 0.006815
Parent: 466.833900 36.319962 365.000000 3056.523627 2048.903848 0.000000 -10.000000 4.809425 36.000000 0.000000 1 0 1 0 0 0 0 0
EGO_STATUS -1.728994 204.133955 3.300000 1.531249 5.195212 2.000000 0.980000
DYNAMIC_OBS_INFO 0 1.750000 250.000000 -1.570000 5.433196 1.789418 200.500016 15.000000 0.000000
DYNAMIC_OBS_INFO 1 64.143295 207.500000 3.140000 32.941511 31.106229 207.552617 10.022490 0.006815
Parent: 467.538781 35.795358 359.000000 3056.523076 2046.645469 0.000000 -10.000000 4.709407 36.000000 0.000000 1 0 1 0 0 0 0 0
EGO_STATUS -1.707857 204.657982 3.400000 1.529409 5.293212 2.000000 0.980000
DYNAMIC_OBS_INFO 0 1.750000 250.000000 -1.570000 7.100354 1.790613 199.000016 15.000000 0.000000
DYNAMIC_OBS_INFO 1 64.143295 207.500000 3.140000 31.876287 30.103947 207.554213 10.023171 0.006815
Parent: 415.527316 10.000000 102.000000 20.000000 15.297885 453.480456 -10.000000 4.586283 36.000000 0.000000 0 0 1 0 0 0 0 0
Child: 453.480456 25.032277 252.000000 3059.314522 1606.544437 0.000000 -10.000000 0.000000 0.000000 0.000000 1 0 1 0 0 0 0 0
EGO_STATUS -1.684673 205.191737 3.500000 1.524881 5.391212 2.000000 0.980000
DYNAMIC_OBS_INFO 0 1.750000 250.000000 -1.570000 8.928337 1.791807 197.500017 15.000000 0.000000
DYNAMIC_OBS_INFO 1 64.143295 207.500000 3.140000 30.813011 29.101598 207.555809 10.023853 0.006815
Parent: 389.839424 20.265150 204.000000 31.302518 446.652345 372.555275 0.000000 4.804604 35.000000 0.000000 0 0 1 0 0 0 0 0
Child: 372.555275 13.809468 140.000000 3025.702447 751.252616 0.000000 0.000000 0.000000 0.000000 0.000000 1 0 0 0 0 0 0 0
EGO_STATUS -1.657576 205.735122 3.600000 1.516431 5.489212 2.000000 0.980000
DYNAMIC_OBS_INFO 0 1.750000 250.000000 -1.570000 10.835967 1.793002 196.000017 15.000000 0.000000
DYNAMIC_OBS_INFO 1 64.143295 207.500000 3.140000 29.750775 28.099180 207.557406 10.024534 0.006815
Parent: 468.998745 33.893786 340.000000 3056.982212 1954.400745 0.000000 0.000000 4.425969 35.000000 0.000000 1 0 1 0 0 0 0 0
EGO_STATUS -1.624289 206.283028 3.700000 1.503062 5.489212 4.000000 0.000000
DYNAMIC_OBS_INFO 0 1.750000 250.000000 -1.570000 12.788841 1.794196 194.500018 15.000000 0.000000
DYNAMIC_OBS_INFO 1 64.143295 207.500000 3.140000 28.687536 27.096693 207.559002 10.025216 0.006815
Parent: 460.273532 33.339674 335.000000 3056.980011 1966.537668 0.000000 -10.000000 4.325939 34.000000 0.000000 1 0 1 0 0 0 0 0
EGO_STATUS -1.581711 206.835239 3.800000 1.483780 5.587212 2.000000 0.980000
DYNAMIC_OBS_INFO 0 1.750000 250.000000 -1.570000 14.774150 1.795391 193.000018 15.000000 0.000000
DYNAMIC_OBS_INFO 1 64.143295 207.500000 3.140000 27.620230 26.094139 207.560599 10.025897 0.006815
Parent: 458.815114 32.775782 329.000000 3056.979402 1947.808877 0.000000 -10.000000 4.225911 34.000000 0.000000 1 0 1 0 0 0 0 0
EGO_STATUS -1.525601 207.396078 3.900000 1.457430 5.685212 2.000000 0.980000
DYNAMIC_OBS_INFO 0 1.750000 250.000000 -1.570000 16.781925 1.796585 191.500019 15.000000 0.000000
DYNAMIC_OBS_INFO 1 64.143295 207.500000 3.140000 26.545846 25.091516 207.562196 10.026579 0.006815
Parent: 396.018569 10.000000 102.000000 20.000000 15.297885 431.441627 -10.000000 4.116365 33.000000 0.000000 0 0 1 0 0 0 0 0
Child: 431.441627 22.108599 223.000000 3058.228734 1394.404428 0.000000 -10.000000 0.000000 0.000000 0.000000 1 0 1 0 0 0 0 0
EGO_STATUS -1.451278 207.964660 4.000000 1.423161 5.783212 2.000000 0.980000
DYNAMIC_OBS_INFO 0 1.750000 250.000000 -1.570000 18.805488 1.797780 190.000019 15.000000 0.000000
DYNAMIC_OBS_INFO 1 64.143295 207.500000 3.140000 25.461021 24.088826 207.563793 10.027260 0.006815
Parent: 413.215872 10.000000 102.000000 20.000000 15.297885 437.808707 0.000000 4.946588 33.000000 0.000000 0 0 1 0 0 0 0 0
Child: 437.808707 21.525234 217.000000 3028.112644 1385.520564 0.000000 0.000000 0.000000 0.000000 0.000000 1 0 0 0 0 0 0 0
EGO_STATUS -1.353489 208.539595 4.100000 1.380353 5.881212 2.000000 0.980000
DYNAMIC_OBS_INFO 0 1.750000 250.000000 -1.570000 20.835043 1.798974 188.500019 15.000000 0.000000
DYNAMIC_OBS_INFO 1 64.143295 207.500000 3.140000 24.363077 23.086067 207.565390 10.027942 0.006815
Parent: 402.092955 10.000000 102.000000 20.000000 15.297885 426.785806 0.000000 4.846572 33.000000 0.000000 0 0 1 0 0 0 0 0
Child: 426.785806 20.937020 211.000000 3028.112518 1373.746351 0.000000 -10.000000 0.000000 0.000000 0.000000 1 0 0 0 0 0 0 0
EGO_STATUS -1.227739 209.114045 4.200000 1.329076 5.881212 4.000000 0.000000
DYNAMIC_OBS_INFO 0 1.750000 250.000000 -1.570000 22.861568 1.800169 187.000020 15.000000 0.000000
DYNAMIC_OBS_INFO 1 64.143295 207.500000 3.140000 23.249968 22.083240 207.566987 10.028623 0.006815
Parent: 401.684645 10.000000 102.000000 20.000000 15.297885 425.477492 0.000000 4.746576 32.000000 0.000000 0 0 1 0 0 0 0 0
Child: 425.477492 20.348924 205.000000 3028.111533 1358.994481 0.000000 -10.000000 0.000000 0.000000 0.000000 1 0 0 0 0 0 0 0
EGO_STATUS -1.070452 209.680647 4.300000 1.269884 5.881212 4.000000 0.000000
DYNAMIC_OBS_INFO 0 1.750000 250.000000 -1.570000 24.880850 1.801363 185.500020 15.000000 0.000000
DYNAMIC_OBS_INFO 1 64.143295 207.500000 3.140000 22.119611 21.080345 207.568584 10.029305 0.006815
Parent: 398.963104 10.000000 102.000000 20.000000 15.297885 422.855973 0.000000 4.646554 32.000000 0.000000 0 0 1 0 0 0 0 0
Child: 422.855973 19.760671 199.000000 3028.111147 1330.968407 0.000000 -10.000000 0.000000 0.000000 0.000000 1 0 0 0 0 0 0 0
EGO_STATUS -0.877820 210.236202 4.400000 1.203210 5.881212 4.000000 0.000000
DYNAMIC_OBS_INFO 0 1.750000 250.000000 -1.570000 26.888622 1.802558 184.000021 15.000000 0.000000
DYNAMIC_OBS_INFO 1 64.143295 207.500000 3.140000 20.970717 20.077382 207.570182 10.029986 0.006815
Parent: 386.508400 10.000000 102.000000 0.000000 15.297885 421.048331 -10.000000 4.960276 31.000000 0.000000 0 0 0 0 0 0 0 0
Child: 421.048331 19.172434 193.000000 3028.110585 1311.052991 0.000000 -10.000000 0.000000 0.000000 0.000000 1 0 0 0 0 0 0 0
EGO_STATUS -0.646715 210.776859 4.500000 1.129657 5.881212 4.000000 0.000000
DYNAMIC_OBS_INFO 0 1.750000 250.000000 -1.570000 28.880467 1.803752 182.500021 15.000000 0.000000
DYNAMIC_OBS_INFO 1 64.143295 207.500000 3.140000 19.802996 19.074350 207.571779 10.030668 0.006815
Parent: 384.144916 10.000000 102.000000 0.000000 15.297885 418.784865 -10.000000 4.860259 31.000000 0.000000 0 0 0 0 0 0 0 0
Child: 418.784865 18.584211 187.000000 3028.109842 1286.454213 0.000000 -10.000000 0.000000 0.000000 0.000000 1 0 0 0 0 0 0 0
EGO_STATUS -0.374877 211.298198 4.600000 1.049976 5.881212 4.000000 0.000000
DYNAMIC_OBS_INFO 0 1.750000 250.000000 -1.570000 30.851838 1.804947 181.000022 15.000000 0.000000
DYNAMIC_OBS_INFO 1 64.143295 207.500000 3.140000 18.617366 18.071251 207.573377 10.031349 0.006815
Parent: 381.629960 10.000000 102.000000 0.000000 15.297885 416.369924 -10.000000 4.760244 31.000000 0.000000 0 0 0 0 0 0 0 0
Child: 416.369924 17.996001 181.000000 3028.108917 1260.230191 0.000000 -10.000000 0.000000 0.000000 0.000000 1 0 0 0 0 0 0 0
EGO_STATUS -0.061070 211.795377 4.700000 0.965043 5.881212 4.000000 0.000000
DONE
FINISHED
