STATIC_OBS_INIT_INFO 0 -6.300000 76.628124
STATIC_OBS_INIT_INFO 1 -6.300000 67.008125
Parent: -28.905146 10.000000 101.000000 0.000000 15.150000 17.459950 -10.000000 2.134904 40.000000 0.000000 0 0 0 0 0 0 0 0
Child: 17.459950 24.158462 243.000000 12.058308 264.150000 0.000000 -10.000000 0.000000 0.000000 0.000000 0 0 0 0 0 0 0 0
EGO_STATUS -5.750000 16.850403 0.000000 1.570796 16.000000 4.000000 0.000000
DYNAMIC_OBS_INFO 0 -5.750000 57.324808 1.570796 38.874405 -5.750000 57.324808 5.065308 2.239614
DYNAMIC_OBS_INFO 1 -1.750000 31.186177 1.570796 13.349151 -1.750000 31.186177 7.499092 2.278198
STATIC_OBS_INFO 0 -6.300000 76.628124 58.180321 
STATIC_OBS_INFO 1 -6.300000 67.008125 48.560837 
Parent: -47.515030 10.000000 101.000000 0.000000 15.150000 6.325066 -10.000000 2.659904 48.000000 0.000000 0 0 0 0 0 0 0 0
Child: 6.325066 10.000000 101.000000 0.000000 15.150000 14.825066 -10.000000 0.000000 0.000000 0.000000 0 0 0 0 0 0 0 0
Child: 14.825066 22.558462 227.000000 12.058256 237.750000 0.000000 -10.000000 0.000000 0.000000 0.000000 0 0 0 0 0 0 0 0
EGO_STATUS -5.749988 18.450403 0.100000 1.570760 16.000000 4.000000 0.000000
DYNAMIC_OBS_INFO 0 -5.750000 57.324808 1.570796 37.792134 -5.750000 57.842537 5.289269 2.239614
DYNAMIC_OBS_INFO 1 -1.750000 31.186177 1.570796 11.832276 -1.750000 31.186177 7.499092 2.278198
STATIC_OBS_INFO 0 -6.300000 76.628124 56.580398 
STATIC_OBS_INFO 1 -6.300000 67.008125 46.960947 
Parent: -48.249134 10.000000 101.000000 0.000000 15.150000 3.690962 -10.000000 2.559904 46.000000 0.000000 0 0 0 0 0 0 0 0
Child: 3.690962 10.000000 101.000000 0.000000 15.150000 12.190962 -10.000000 0.000000 0.000000 0.000000 0 0 0 0 0 0 0 0
Child: 12.190962 20.958462 211.000000 12.058236 211.350000 0.000000 -10.000000 0.000000 0.000000 0.000000 0 0 0 0 0 0 0 0
EGO_STATUS -5.749660 20.050403 0.200000 1.570293 16.000000 4.000000 0.000000
DYNAMIC_OBS_INFO 0 -5.750000 57.324808 1.570796 36.732260 -5.750000 58.382662 5.513230 2.239614
DYNAMIC_OBS_INFO 1 -1.750000 31.186177 1.570796 10.339868 -1.750000 31.186177 7.499092 2.278198
STATIC_OBS_INFO 0 -6.300000 76.628124 54.980497 
STATIC_OBS_INFO 1 -6.300000 67.008125 45.361086 
Parent: -49.982266 10.000000 101.000000 0.000000 15.150000 1.057830 -10.000000 2.459904 45.000000 0.000000 0 0 0 0 0 0 0 0
Child: 1.057830 10.000000 101.000000 0.000000 15.150000 9.557830 -10.000000 0.000000 0.000000 0.000000 0 0 0 0 0 0 0 0
Child: 9.557830 19.358462 195.000000 12.058251 184.950000 0.000000 -10.000000 0.000000 0.000000 0.000000 0 0 0 0 0 0 0 0
EGO_STATUS -5.747732 21.650401 0.300000 1.568621 16.000000 4.000000 0.000000
DYNAMIC_OBS_INFO 0 -5.750000 57.324808 1.570796 35.694795 -5.750000 58.945183 5.737192 2.239614
DYNAMIC_OBS_INFO 1 -1.750000 31.186177 1.570796 8.883133 -1.750000 31.186177 7.499092 2.278198
STATIC_OBS_INFO 0 -6.300000 76.628124 53.380655 
STATIC_OBS_INFO 1 -6.300000 67.008125 43.761298 
Parent: -50.714167 10.000000 101.000000 0.000000 15.150000 -1.574071 -10.000000 2.359904 43.000000 0.000000 0 0 0 0 0 0 0 0
Child: -1.574071 10.000000 101.000000 0.000000 15.150000 6.925929 -10.000000 0.000000 0.000000 0.000000 0 0 0 0 0 0 0 0
Child: 6.925929 17.758463 179.000000 12.058303 158.550000 0.000000 -10.000000 0.000000 0.000000 0.000000 0 0 0 0 0 0 0 0
EGO_STATUS -5.741658 23.250389 0.400000 1.565011 16.000000 4.000000 0.000000
DYNAMIC_OBS_INFO 0 -5.750000 57.324808 1.570796 34.679779 -5.750000 59.530100 5.961153 2.239614
DYNAMIC_OBS_INFO 1 -1.750000 31.186177 1.570796 7.481131 -1.750000 31.186177 7.499092 2.278198
STATIC_OBS_INFO 0 -6.300000 76.628124 51.780956 
STATIC_OBS_INFO 1 -6.300000 67.008125 42.161677 
Parent: -52.444476 10.000000 101.000000 0.000000 15.150000 -4.204380 -10.000000 2.259904 42.000000 0.000000 0 0 0 0 0 0 0 0
Child: -4.204380 10.000000 101.000000 0.000000 15.150000 4.295620 -10.000000 0.000000 0.000000 0.000000 0 0 0 0 0 0 0 0
Child: 4.295620 16.158463 163.000000 12.058394 132.150000 0.000000 -10.000000 0.000000 0.000000 0.000000 0 0 0 0 0 0 0 0
EGO_STATUS -5.727982 24.850328 0.500000 1.559103 16.000000 4.000000 0.000000
DYNAMIC_OBS_INFO 0 -5.750000 57.324808 1.570796 33.687315 -5.750000 60.137413 6.185114 2.239614
DYNAMIC_OBS_INFO 1 -1.750000 31.186177 1.570796 6.169058 -1.750000 31.186177 7.499092 2.278198
STATIC_OBS_INFO 0 -6.300000 76.628124 50.181543 
STATIC_OBS_INFO 1 -6.300000 67.008125 40.562386 
Parent: -53.172673 10.000000 101.000000 0.000000 15.150000 -6.832577 -10.000000 2.159904 40.000000 0.000000 0 0 0 0 0 0 0 0
Child: -6.832577 10.000000 101.000000 0.000000 15.150000 1.667423 -10.000000 0.000000 0.000000 0.000000 0 0 0 0 0 0 0 0
Child: 1.667423 14.558464 147.000000 12.058522 105.750000 0.000000 -10.000000 0.000000 0.000000 0.000000 0 0 0 0 0 0 0 0
EGO_STATUS -5.703118 26.450131 0.600000 1.551114 16.000000 4.000000 0.000000
DYNAMIC_OBS_INFO 0 -5.750000 57.324808 1.570796 32.717580 -5.750000 60.767123 6.409076 2.239614
DYNAMIC_OBS_INFO 1 -1.750000 31.186177 1.570796 5.015959 -1.750000 31.186177 7.499092 2.278198
STATIC_OBS_INFO 0 -6.300000 76.628124 48.582628 
STATIC_OBS_INFO 1 -6.300000 67.008125 38.963655 
Parent: 270.215756 30.290952 304.000000 11.466805 3032.100000 10.984960 0.000000 3.965875 48.000000 0.000000 0 0 0 0 0 0 0 0
Child: 10.984960 12.958464 131.000000 27.499408 83.550000 0.000000 0.000000 0.000000 0.000000 0.000000 0 0 0 1 0 0 0 0
EGO_STATUS -5.664342 28.049655 0.700000 1.541907 16.000000 4.000000 0.000000
DYNAMIC_OBS_INFO 0 -5.750000 57.324808 1.570796 31.800180 -5.750000 61.419228 6.633037 2.239614
DYNAMIC_OBS_INFO 1 -1.750000 31.186177 1.570796 4.167647 -1.750000 31.186177 7.499092 2.278198
STATIC_OBS_INFO 0 -6.300000 76.628124 47.013811 
STATIC_OBS_INFO 1 -6.300000 67.008125 37.395107 
Parent: 258.965899 30.290952 304.000000 11.466771 3032.100000 -1.164900 0.000000 3.865882 47.000000 0.000000 0 0 0 0 0 0 0 0
Child: -1.164900 11.387890 115.000000 26.670786 62.550000 0.000000 -10.000000 0.000000 0.000000 0.000000 0 0 0 1 0 0 0 0
EGO_STATUS -5.611908 29.619349 0.800000 1.533084 15.412000 1.000000 -5.880000
DYNAMIC_OBS_INFO 0 -5.750000 57.324808 1.570796 30.964534 -5.750000 62.093730 6.856999 2.239614
DYNAMIC_OBS_INFO 1 -1.750000 31.186177 1.570796 3.799963 -1.750000 31.186177 7.499092 2.278198
STATIC_OBS_INFO 0 -6.300000 76.628124 45.504468 
STATIC_OBS_INFO 1 -6.300000 67.008125 35.886128 
Parent: 259.168275 30.290952 304.000000 11.466753 3032.100000 -2.862526 0.000000 3.765886 45.000000 0.000000 0 0 0 0 0 0 0 0
Child: -2.862526 9.876104 100.000000 26.670134 45.600000 0.000000 -10.000000 0.000000 0.000000 0.000000 0 0 0 1 0 0 0 0
EGO_STATUS -5.549545 31.129845 0.900000 1.526424 14.824000 1.000000 -5.880000
DYNAMIC_OBS_INFO 0 -5.750000 57.324808 1.570796 30.210562 -5.750000 62.790628 7.080960 2.239614
DYNAMIC_OBS_INFO 1 -1.750000 31.186177 1.570796 3.984527 -1.750000 31.186177 7.499092 2.278198
STATIC_OBS_INFO 0 -6.300000 76.628124 44.054461 
STATIC_OBS_INFO 1 -6.300000 67.008125 34.436582 
Parent: 258.628124 30.290952 304.000000 11.466706 3032.100000 -4.302683 0.000000 3.665895 44.000000 0.000000 0 0 0 0 0 0 0 0
Child: -4.302683 8.423140 86.000000 26.669435 31.500000 0.000000 -10.000000 0.000000 0.000000 0.000000 0 0 0 1 0 0 0 0
EGO_STATUS -5.482321 32.581252 1.000000 1.523245 14.236000 1.000000 -5.880000
DYNAMIC_OBS_INFO 0 -5.750000 57.324808 1.570796 29.537929 -5.750000 63.509922 7.304921 2.239614
DYNAMIC_OBS_INFO 1 -1.750000 31.186177 1.570796 4.605737 -1.750000 31.186177 7.499092 2.278198
STATIC_OBS_INFO 0 -6.300000 76.628124 42.663400 
STATIC_OBS_INFO 1 -6.300000 67.008125 33.046065 
Parent: 258.484426 30.290952 304.000000 11.466695 3032.100000 -5.346382 0.000000 3.565898 43.000000 0.000000 0 0 0 0 0 0 0 0
Child: -5.346382 7.028948 72.000000 26.668655 21.000000 0.000000 -10.000000 0.000000 0.000000 0.000000 0 0 0 1 0 0 0 0
EGO_STATUS -5.416270 33.973878 1.100000 1.524294 13.648000 1.000000 -5.880000
DYNAMIC_OBS_INFO 0 -5.750000 57.324808 1.570796 28.946344 -5.750000 64.251612 7.528883 2.239614
DYNAMIC_OBS_INFO 1 -1.750000 31.186177 1.570796 5.477340 -1.750000 31.186177 7.499092 2.278198
STATIC_OBS_INFO 0 -6.300000 76.628124 41.330944 
STATIC_OBS_INFO 1 -6.300000 67.008125 31.714207 
Parent: 259.673724 30.290952 304.000000 11.466644 3032.100000 -6.057089 0.000000 3.465908 41.000000 0.000000 0 0 0 0 0 0 0 0
Child: -6.057089 5.693588 58.000000 26.666034 13.500000 0.000000 -10.000000 0.000000 0.000000 0.000000 0 0 0 1 0 0 0 0
EGO_STATUS -5.357267 35.307933 1.200000 1.529598 13.060000 1.000000 -5.880000
DYNAMIC_OBS_INFO 0 -5.750000 57.324808 1.570796 28.435486 -5.750000 65.015699 7.752844 2.239614
DYNAMIC_OBS_INFO 1 -1.750000 31.186177 1.570796 6.465732 -1.750000 31.186177 7.499092 2.278198
STATIC_OBS_INFO 0 -6.300000 76.628124 40.056743 
STATIC_OBS_INFO 1 -6.300000 67.008125 30.440611 
Parent: -43.561664 10.000000 101.000000 0.000000 15.150000 -7.019411 -10.000000 1.957747 30.000000 0.000000 0 0 0 0 0 0 0 0
Child: -7.019411 10.000000 101.000000 0.000000 15.150000 1.480589 -10.000000 0.000000 0.000000 0.000000 0 0 0 0 0 0 0 0
Child: 1.480589 4.417021 46.000000 7.319234 8.100000 0.000000 0.000000 0.000000 0.000000 0.000000 0 0 0 0 0 0 0 0
EGO_STATUS -5.309961 36.583618 1.300000 1.538396 12.472000 1.000000 -5.880000
DYNAMIC_OBS_INFO 0 -5.750000 57.324808 1.570796 27.975835 -5.750000 65.802181 7.976805 2.239614
DYNAMIC_OBS_INFO 1 -1.750000 31.186177 1.570796 7.521964 -1.750000 31.186177 7.499092 2.278198
STATIC_OBS_INFO 0 -6.300000 76.628124 38.811270 
STATIC_OBS_INFO 1 -6.300000 67.008125 29.195720 
Parent: 222.361923 33.496283 336.000000 11.330737 2560.500000 0.000000 0.000000 4.972726 39.000000 0.000000 0 0 0 0 0 0 0 0
EGO_STATUS -5.276303 37.830357 1.400000 1.549466 12.472000 4.000000 0.000000
DYNAMIC_OBS_INFO 0 -5.750000 57.324808 1.570796 27.549622 -5.750000 66.611060 8.200767 2.239614
DYNAMIC_OBS_INFO 1 -1.750000 31.186177 1.570796 8.624898 -1.750000 31.186177 7.499092 2.278198
STATIC_OBS_INFO 0 -6.300000 76.628124 37.576751 
STATIC_OBS_INFO 1 -6.300000 67.008125 27.961733 
Parent: 214.098880 32.260635 324.000000 11.330431 2562.000000 0.000000 -10.000000 4.872729 37.000000 0.000000 0 0 0 0 0 0 0 0
EGO_STATUS -5.257084 39.065848 1.500000 1.560875 12.241302 6.000000 -2.306984
DYNAMIC_OBS_INFO 0 -5.750000 57.324808 1.570796 27.168501 -5.750000 67.442335 8.424728 2.239614
DYNAMIC_OBS_INFO 1 -1.750000 31.186177 1.570796 9.743009 -1.750000 31.186177 7.499092 2.278198
STATIC_OBS_INFO 0 -6.300000 76.628124 36.364840 
STATIC_OBS_INFO 1 -6.300000 67.008125 26.750283 
Parent: 215.787946 31.048055 312.000000 11.330153 2571.400000 0.000000 -10.000000 4.772731 36.000000 0.000000 0 0 0 0 0 0 0 0
EGO_STATUS -5.251061 40.278415 1.600000 1.570336 12.010603 6.000000 -2.306983
DYNAMIC_OBS_INFO 0 -5.750000 57.324808 1.570796 26.832655 -5.750000 68.296005 8.648690 2.239614
DYNAMIC_OBS_INFO 1 -1.750000 31.186177 1.570796 10.862581 -1.750000 31.186177 7.499092 2.278198
STATIC_OBS_INFO 0 -6.300000 76.628124 35.175740 
STATIC_OBS_INFO 1 -6.300000 67.008125 25.561590 
Parent: 215.434090 29.858547 300.000000 11.330126 2558.400000 0.000000 -10.000000 4.672734 35.000000 0.000000 0 0 0 0 0 0 0 0
EGO_STATUS -5.254467 41.467926 1.700000 1.576337 11.779905 6.000000 -2.306982
DYNAMIC_OBS_INFO 0 -5.750000 57.324808 1.570796 26.542217 -5.750000 69.172072 8.872651 2.239614
DYNAMIC_OBS_INFO 1 -1.750000 31.186177 1.570796 11.974844 -1.750000 31.186177 7.499092 2.278198
STATIC_OBS_INFO 0 -6.300000 76.628124 34.009622 
STATIC_OBS_INFO 1 -6.300000 67.008125 24.395867 
Parent: 523.834304 28.692118 288.000000 3021.080687 2553.300000 0.000000 0.000000 2.484337 34.000000 0.000000 1 0 0 0 0 0 0 0
EGO_STATUS -5.262341 42.634336 1.800000 1.577996 11.549207 6.000000 -2.306980
DYNAMIC_OBS_INFO 0 -5.750000 57.324808 1.570796 26.285696 -5.750000 70.070536 9.096612 2.239614
DYNAMIC_OBS_INFO 1 -1.750000 31.186177 1.570796 13.085211 -1.750000 31.186177 7.499092 2.278198
STATIC_OBS_INFO 0 -6.300000 76.628124 32.855060 
STATIC_OBS_INFO 1 -6.300000 67.008125 23.241754 
Parent: 514.823801 27.537206 277.000000 3021.081086 2566.150000 0.000000 -10.000000 2.384337 33.000000 0.000000 1 0 0 0 0 0 0 0
EGO_STATUS -5.269329 43.789235 1.900000 1.574891 11.549207 4.000000 0.000000
DYNAMIC_OBS_INFO 0 -5.750000 57.324808 1.570796 26.051668 -5.750000 70.991395 9.320574 2.239614
DYNAMIC_OBS_INFO 1 -1.750000 31.186177 1.570796 13.464879 -1.750000 31.947477 7.726912 2.278198
STATIC_OBS_INFO 0 -6.300000 76.628124 31.700714 
STATIC_OBS_INFO 1 -6.300000 67.008125 22.088008 
Parent: 514.962660 26.382293 265.000000 3021.080741 2550.450000 0.000000 -10.000000 2.284338 32.000000 0.000000 1 0 0 0 0 0 0 0
EGO_STATUS -5.269860 44.944152 2.000000 1.566811 11.549207 4.000000 0.000000
DYNAMIC_OBS_INFO 0 -5.750000 57.324808 1.570796 25.840325 -5.750000 71.934650 9.544535 2.239614
DYNAMIC_OBS_INFO 1 -1.750000 31.186177 1.570796 13.820134 -1.750000 32.731559 7.954732 2.278198
STATIC_OBS_INFO 0 -6.300000 76.628124 30.546889 
STATIC_OBS_INFO 1 -6.300000 67.008125 20.935057 
Parent: 516.886781 25.227379 254.000000 3021.080453 2563.900000 0.000000 -10.000000 2.184339 30.000000 0.000000 1 0 0 0 0 0 0 0
EGO_STATUS -5.258203 46.099006 2.100000 1.553830 11.549207 4.000000 0.000000
DYNAMIC_OBS_INFO 0 -5.750000 57.324808 1.570796 25.652057 -5.750000 72.900302 9.768496 2.239614
DYNAMIC_OBS_INFO 1 -1.750000 31.186177 1.570796 14.149454 -1.750000 33.538423 8.182552 2.278198
STATIC_OBS_INFO 0 -6.300000 76.628124 29.394107 
STATIC_OBS_INFO 1 -6.300000 67.008125 19.783603 
Parent: 701.502926 10.000000 101.000000 0.000000 2055.350000 544.052726 -10.000000 2.950199 39.000000 0.000000 0 0 0 0 0 0 0 0
Child: 544.052726 24.072465 242.000000 3021.080797 2548.800000 0.000000 -10.000000 0.000000 0.000000 0.000000 1 0 0 0 0 0 0 0
EGO_STATUS -5.228887 47.253539 2.200000 1.536320 11.549207 4.000000 0.000000
DYNAMIC_OBS_INFO 0 -5.750000 57.324808 1.570796 25.487518 -5.750000 73.888350 9.992458 2.239614
DYNAMIC_OBS_INFO 1 -1.750000 31.186177 1.570796 14.451430 -1.750000 34.368070 8.410372 2.278198
STATIC_OBS_INFO 0 -6.300000 76.628124 28.243185 
STATIC_OBS_INFO 1 -6.300000 67.008125 18.634719 
Parent: 702.213779 10.000000 101.000000 0.000000 2055.350000 543.863579 -10.000000 2.850200 38.000000 0.000000 0 0 0 0 0 0 0 0
Child: 543.863579 22.917549 231.000000 3021.079837 2561.650000 0.000000 -10.000000 0.000000 0.000000 0.000000 1 0 0 0 0 0 0 0
EGO_STATUS -5.177039 48.407273 2.300000 1.514914 11.549207 4.000000 0.000000
DYNAMIC_OBS_INFO 0 -5.750000 57.324808 1.570796 25.347662 -5.750000 74.898794 10.216419 2.239614
DYNAMIC_OBS_INFO 1 -1.750000 31.186177 1.570796 14.724828 -1.750000 35.220498 8.638191 2.278198
STATIC_OBS_INFO 0 -6.300000 76.628124 27.095268 
STATIC_OBS_INFO 1 -6.300000 67.008125 17.489931 
Parent: 702.491192 10.000000 101.000000 0.000000 2055.350000 543.240992 -10.000000 2.750200 37.000000 0.000000 0 0 0 0 0 0 0 0
Child: 543.240992 21.762633 219.000000 3021.080866 2546.250000 0.000000 -10.000000 0.000000 0.000000 0.000000 1 0 0 0 0 0 0 0
EGO_STATUS -5.098663 49.559501 2.400000 1.490468 11.549207 4.000000 0.000000
DYNAMIC_OBS_INFO 0 -5.750000 57.324808 1.570796 25.233707 -5.750000 75.931633 10.440380 2.239614
DYNAMIC_OBS_INFO 1 -1.750000 31.186177 1.570796 14.968694 -1.750000 36.095708 8.866011 2.278198
STATIC_OBS_INFO 0 -6.300000 76.628124 25.951816 
STATIC_OBS_INFO 1 -6.300000 67.008125 16.351267 
Parent: 702.712318 10.000000 101.000000 0.000000 2055.350000 542.562117 -10.000000 2.650201 36.000000 0.000000 0 0 0 0 0 0 0 0
Child: 542.562117 20.607715 208.000000 3021.079223 2556.100000 0.000000 -10.000000 0.000000 0.000000 0.000000 1 0 0 0 0 0 0 0
EGO_STATUS -4.990887 50.709347 2.500000 1.464020 11.549207 4.000000 0.000000
DYNAMIC_OBS_INFO 0 -5.750000 57.324808 1.570796 25.147035 -5.750000 76.986870 10.664342 2.239614
DYNAMIC_OBS_INFO 1 -1.750000 31.186177 1.570796 15.182469 -1.750000 36.993700 9.093831 2.278198
STATIC_OBS_INFO 0 -6.300000 76.628124 24.814531 
STATIC_OBS_INFO 1 -6.300000 67.008125 15.221273 
Parent: 702.187709 10.000000 101.000000 0.000000 2055.350000 541.137508 -10.000000 2.550201 35.000000 0.000000 0 0 0 0 0 0 0 0
Child: 541.137508 19.452796 196.000000 3021.080880 2532.000000 0.000000 -10.000000 0.000000 0.000000 0.000000 1 0 0 0 0 0 0 0
EGO_STATUS -4.852151 51.855868 2.600000 1.436749 11.549207 4.000000 0.000000
DYNAMIC_OBS_INFO 0 -5.750000 57.324808 1.570796 25.089030 -5.750000 78.064502 10.888303 2.239614
DYNAMIC_OBS_INFO 1 -1.750000 31.186177 1.570796 15.366111 -1.750000 37.914474 9.321651 2.278198
STATIC_OBS_INFO 0 -6.300000 76.628124 23.685231 
STATIC_OBS_INFO 1 -6.300000 67.008125 14.103008 
Parent: 702.356260 10.000000 101.000000 0.000000 2055.350000 540.406059 -10.000000 2.450201 34.000000 0.000000 0 0 0 0 0 0 0 0
Child: 540.406059 18.297877 184.000000 3021.079608 2513.700000 0.000000 -10.000000 0.000000 0.000000 0.000000 1 0 0 0 0 0 0 0
EGO_STATUS -4.682336 52.998200 2.700000 1.409924 11.549207 4.000000 0.000000
DYNAMIC_OBS_INFO 0 -5.750000 57.324808 1.570796 25.060862 -5.750000 79.164530 11.112265 2.239614
DYNAMIC_OBS_INFO 1 -1.750000 31.186177 1.570796 15.520190 -1.750000 38.858030 9.549471 2.278198
STATIC_OBS_INFO 0 -6.300000 76.628124 22.565685 
STATIC_OBS_INFO 1 -6.300000 67.008125 13.000031 
Parent: 476.628051 27.330352 275.000000 13.712281 5180.950000 0.000000 -10.000000 2.366427 32.000000 0.000000 0 0 0 0 0 0 0 0
EGO_STATUS -4.482821 54.135725 2.800000 1.384861 11.549207 4.000000 0.000000
DYNAMIC_OBS_INFO 0 -5.750000 57.324808 1.570796 25.063270 -5.750000 80.286955 11.336226 2.239614
DYNAMIC_OBS_INFO 1 -1.750000 31.186177 1.570796 15.645930 -1.750000 39.824368 9.777290 2.278198
STATIC_OBS_INFO 0 -6.300000 76.628124 21.457430 
STATIC_OBS_INFO 1 -6.300000 67.008125 11.916428 
Parent: 699.848367 10.000000 101.000000 0.000000 2055.350000 535.097972 -10.000000 2.250395 31.000000 0.000000 0 0 0 0 0 0 0 0
Child: 535.097972 15.990273 161.000000 3021.634778 2466.750000 0.000000 -10.000000 0.000000 0.000000 0.000000 1 0 0 0 0 0 0 0
EGO_STATUS -4.256476 55.268224 2.900000 1.362844 11.549207 4.000000 0.000000
DYNAMIC_OBS_INFO 0 -5.750000 57.324808 1.570796 25.096380 -5.750000 81.431775 11.560187 2.239614
DYNAMIC_OBS_INFO 1 -1.750000 31.186177 1.570796 15.745148 -1.750000 40.813488 10.005110 2.278198
STATIC_OBS_INFO 0 -6.300000 76.628124 20.361631 
STATIC_OBS_INFO 1 -6.300000 67.008125 10.856965 
Parent: 467.531820 25.004075 252.000000 14.167255 5079.100000 0.000000 -10.000000 2.165004 30.000000 0.000000 0 0 0 0 0 0 0 0
EGO_STATUS -4.007462 56.395964 3.000000 1.344882 11.549207 4.000000 0.000000
DYNAMIC_OBS_INFO 0 -5.750000 57.324808 1.570796 25.159632 -5.750000 82.598992 11.784149 2.239614
DYNAMIC_OBS_INFO 1 -1.750000 31.186177 1.570796 15.820092 -1.750000 41.825390 10.232930 2.278198
STATIC_OBS_INFO 0 -6.300000 76.628124 19.279018 
STATIC_OBS_INFO 1 -6.300000 67.008125 9.827458 
Parent: 704.788223 33.800435 340.000000 33.653884 7423.900000 0.000000 0.000000 2.410081 39.000000 0.000000 0 0 1 0 0 0 0 0
EGO_STATUS -3.740941 57.519703 3.100000 1.331886 11.549207 4.000000 0.000000
DYNAMIC_OBS_INFO 0 -5.750000 57.324808 1.570796 25.242019 -5.750000 83.788605 12.008110 2.239614
DYNAMIC_OBS_INFO 1 -1.750000 31.186177 1.570796 15.882930 -1.750000 42.860074 10.460750 2.278198
STATIC_OBS_INFO 0 -6.300000 76.628124 18.200363 
STATIC_OBS_INFO 1 -6.300000 67.008125 8.826708 
Parent: 690.289490 32.635226 328.000000 33.653307 7363.300000 0.000000 -10.000000 2.310080 38.000000 0.000000 0 0 1 0 0 0 0 0
EGO_STATUS -3.460423 58.650638 3.200000 1.324399 11.754627 5.000000 2.054202
DYNAMIC_OBS_INFO 0 -5.750000 57.324808 1.570796 25.332215 -5.750000 85.000614 12.232071 2.239614
DYNAMIC_OBS_INFO 1 -1.750000 31.186177 1.570796 15.945941 -1.750000 43.917540 10.688570 2.278198
STATIC_OBS_INFO 0 -6.300000 76.628124 17.116647 
STATIC_OBS_INFO 1 -6.300000 67.008125 7.858375 
Parent: 675.498107 31.449484 316.000000 33.652871 7203.700000 0.000000 -10.000000 2.210080 37.000000 0.000000 0 0 1 0 0 0 0 0
EGO_STATUS -3.169606 59.800164 3.300000 1.322558 11.960048 5.000000 2.054203
DYNAMIC_OBS_INFO 0 -5.750000 57.324808 1.570796 25.428201 -5.750000 86.235019 12.456033 2.239614
DYNAMIC_OBS_INFO 1 -1.750000 31.186177 1.570796 16.011658 -1.750000 44.997788 10.916390 2.278198
STATIC_OBS_INFO 0 -6.300000 76.628124 16.028473 
STATIC_OBS_INFO 1 -6.300000 67.008125 6.942032 
Parent: 656.563897 30.243206 304.000000 33.652866 7007.200000 0.000000 -10.000000 2.110079 36.000000 0.000000 0 0 1 0 0 0 0 0
EGO_STATUS -2.874878 60.969884 3.400000 1.326260 12.165468 5.000000 2.054203
DYNAMIC_OBS_INFO 0 -5.750000 57.324808 1.570796 25.527677 -5.750000 87.491821 12.679994 2.239614
DYNAMIC_OBS_INFO 1 -1.750000 31.186177 1.570796 16.082152 -1.750000 46.100818 11.144209 2.278198
STATIC_OBS_INFO 0 -6.300000 76.628124 14.936692 
STATIC_OBS_INFO 1 -6.300000 67.008125 6.108142 
Parent: 637.097835 29.016374 292.000000 33.652725 6800.200000 0.000000 -10.000000 2.010078 34.000000 0.000000 0 0 1 0 0 0 0 0
EGO_STATUS -2.582655 62.161400 3.500000 1.335081 12.370888 5.000000 2.054203
DYNAMIC_OBS_INFO 0 -5.750000 57.324808 1.570796 25.628339 -5.750000 88.771018 12.903956 2.239614
DYNAMIC_OBS_INFO 1 -1.750000 31.186177 1.570796 16.158788 -1.750000 47.226630 11.372029 2.278198
STATIC_OBS_INFO 0 -6.300000 76.628124 13.842845 
STATIC_OBS_INFO 1 -6.300000 67.008125 5.403665 
Parent: 614.995108 27.768996 279.000000 33.651937 6558.150000 0.000000 -10.000000 1.910077 33.000000 0.000000 0 0 1 0 0 0 0 0
EGO_STATUS -2.299011 63.376089 3.600000 1.348311 12.576309 5.000000 2.054204
DYNAMIC_OBS_INFO 0 -5.750000 57.324808 1.570796 25.728091 -5.750000 90.072612 13.127917 2.239614
DYNAMIC_OBS_INFO 1 -1.750000 31.186177 1.570796 16.242154 -1.750000 48.375224 11.599849 2.278198
STATIC_OBS_INFO 0 -6.300000 76.628124 12.749682 
STATIC_OBS_INFO 1 -6.300000 67.008125 4.895491 
Parent: 591.895743 26.501080 267.000000 33.651794 6334.650000 0.000000 -10.000000 1.810076 32.000000 0.000000 0 0 1 0 0 0 0 0
EGO_STATUS -2.029324 64.614976 3.700000 1.365025 12.781729 5.000000 2.054206
DYNAMIC_OBS_INFO 0 -5.750000 57.324808 1.570796 25.825231 -5.750000 91.396602 13.351878 2.239614
DYNAMIC_OBS_INFO 1 -1.750000 31.186177 1.570796 16.332078 -1.750000 49.546600 11.827669 2.278198
STATIC_OBS_INFO 0 -6.300000 76.628124 11.661892 
STATIC_OBS_INFO 1 -6.300000 67.008125 4.660935 
Parent: 567.118638 25.212629 254.000000 33.651589 6075.500000 0.000000 -10.000000 1.710076 31.000000 0.000000 0 0 1 0 0 0 0 0
EGO_STATUS -1.777986 65.878654 3.800000 1.384146 12.987150 5.000000 2.054207
DYNAMIC_OBS_INFO 0 -5.750000 57.324808 1.570796 25.918560 -5.750000 92.742988 13.575840 2.239614
DYNAMIC_OBS_INFO 1 -1.750000 31.186177 1.570796 16.427771 -1.750000 50.740758 12.055489 2.278198
STATIC_OBS_INFO 0 -6.300000 76.628124 10.587129 
STATIC_OBS_INFO 1 -6.300000 67.008125 4.754497 
Parent: 953.559672 10.000000 102.000000 0.000000 535.500000 957.154961 -10.000000 2.904711 49.000000 0.000000 0 0 0 0 0 0 0 0
Child: 957.154961 34.126427 343.000000 3061.490816 6659.250000 0.000000 -10.000000 0.000000 0.000000 0.000000 1 0 1 0 0 0 0 0
EGO_STATUS -1.548168 67.167289 3.900000 1.404523 13.192571 5.000000 2.054207
DYNAMIC_OBS_INFO 0 -5.750000 57.324808 1.570796 26.010363 -5.750000 94.111770 13.799801 2.239614
DYNAMIC_OBS_INFO 1 -1.750000 31.186177 1.570796 16.524959 -1.750000 51.957698 12.283309 2.278198
STATIC_OBS_INFO 0 -6.300000 76.628124 9.539985 
STATIC_OBS_INFO 1 -6.300000 67.008125 5.171078 
Parent: 907.691039 42.596648 427.000000 33.468127 9618.250000 0.000000 -10.000000 2.855342 48.000000 0.000000 0 0 1 0 0 0 0 0
EGO_STATUS -1.342115 68.477622 4.000000 1.424989 13.336456 5.000000 1.438857
DYNAMIC_OBS_INFO 0 -5.750000 57.324808 1.570796 26.105042 -5.750000 95.502948 14.023762 2.239614
DYNAMIC_OBS_INFO 1 -1.750000 31.186177 1.570796 16.617489 -1.750000 53.197419 12.511128 2.278198
STATIC_OBS_INFO 0 -6.300000 76.628124 8.542478 
STATIC_OBS_INFO 1 -6.300000 67.008125 5.850728 
Parent: 879.128319 41.257457 414.000000 32.977446 9333.000000 0.000000 -10.000000 2.755342 47.000000 0.000000 0 0 1 0 0 0 0 0
EGO_STATUS -1.160785 69.804459 4.100000 1.444759 13.447250 5.000000 1.107939
DYNAMIC_OBS_INFO 0 -5.750000 57.324808 1.570796 26.204378 -5.750000 96.916522 14.247724 2.239614
DYNAMIC_OBS_INFO 1 -1.750000 31.186177 1.570796 16.702307 -1.750000 54.459923 12.738948 2.278198
STATIC_OBS_INFO 0 -6.300000 76.628124 7.622892 
STATIC_OBS_INFO 1 -6.300000 67.008125 6.720729 
Parent: 850.791270 39.907186 401.000000 32.344810 9042.650000 0.000000 -10.000000 2.655342 45.000000 0.000000 0 0 1 0 0 0 0 0
EGO_STATUS -1.003785 71.145553 4.200000 1.463525 13.558044 5.000000 1.107939
DYNAMIC_OBS_INFO 0 -5.750000 57.324808 1.570796 26.308716 -5.750000 98.352493 14.471685 2.239614
DYNAMIC_OBS_INFO 1 -1.750000 31.186177 1.570796 16.778187 -1.750000 55.745209 12.966768 2.278198
STATIC_OBS_INFO 0 -6.300000 76.628124 6.820730 
STATIC_OBS_INFO 1 -6.300000 67.008125 7.723185 
Parent: 820.586656 38.545837 387.000000 31.639909 8723.550000 0.000000 -10.000000 2.555341 44.000000 0.000000 0 0 1 0 0 0 0 0
EGO_STATUS -0.870129 72.500309 4.300000 1.481149 13.668838 5.000000 1.107939
DYNAMIC_OBS_INFO 0 -5.750000 57.324808 1.570796 26.418472 -5.750000 99.810859 14.695647 2.239614
DYNAMIC_OBS_INFO 1 -1.750000 31.186177 1.570796 16.844109 -1.750000 57.053277 13.194588 2.278198
STATIC_OBS_INFO 0 -6.300000 76.628124 6.190614 
STATIC_OBS_INFO 1 -6.300000 67.008125 8.818556 
Parent: 771.490620 10.000000 102.000000 0.000000 15.300000 820.544832 -10.000000 2.445788 43.000000 0.000000 0 0 0 0 0 0 0 0
Child: 820.544832 27.853131 280.000000 3108.642649 5240.600000 0.000000 -10.000000 0.000000 0.000000 0.000000 1 0 1 0 0 0 0 0
EGO_STATUS -0.758660 73.868188 4.400000 1.497586 13.779632 5.000000 1.107939
DYNAMIC_OBS_INFO 0 -5.750000 57.324808 1.570796 26.532287 -5.750000 101.291622 14.919608 2.239614
DYNAMIC_OBS_INFO 1 -1.750000 31.186177 1.570796 16.901110 -1.750000 58.384127 13.422408 2.278198
STATIC_OBS_INFO 0 -6.300000 76.628124 5.797948 
STATIC_OBS_INFO 1 -6.300000 67.008125 9.982808 
Parent: 741.091885 10.000000 102.000000 0.000000 15.300000 788.246098 -10.000000 2.345787 41.000000 0.000000 0 0 0 0 0 0 0 0
Child: 788.246098 26.467765 266.000000 3108.641874 4913.700000 0.000000 -10.000000 0.000000 0.000000 0.000000 1 0 1 0 0 0 0 0
EGO_STATUS -0.668078 75.250571 4.500000 1.512980 13.927500 5.000000 1.478680
DYNAMIC_OBS_INFO 0 -5.750000 57.324808 1.570796 26.648623 -5.750000 102.794781 15.143569 2.239614
DYNAMIC_OBS_INFO 1 -1.750000 31.186177 1.570796 16.950381 -1.750000 59.737758 13.650228 2.278198
STATIC_OBS_INFO 0 -6.300000 76.628124 5.702140 
STATIC_OBS_INFO 1 -6.300000 67.008125 11.200861 
Parent: 693.036870 34.852610 350.000000 3052.397122 4386.500000 0.000000 -10.000000 2.279784 40.000000 0.000000 1 0 1 0 0 0 0 0
EGO_STATUS -0.597898 76.648941 4.600000 1.528491 14.075368 5.000000 1.478681
DYNAMIC_OBS_INFO 0 -5.750000 57.324808 1.570796 26.769180 -5.750000 104.320336 15.367531 2.239614
DYNAMIC_OBS_INFO 1 -1.750000 31.186177 1.570796 16.989210 -1.750000 61.114172 13.878047 2.278198
STATIC_OBS_INFO 0 -6.300000 76.628124 5.925402 
STATIC_OBS_INFO 1 -6.300000 67.008125 12.458850 
Parent: 643.138574 10.000000 101.000000 0.000000 15.150000 696.852729 -10.000000 2.785845 48.000000 0.000000 0 0 0 0 0 0 0 0
Child: 696.852729 33.439769 336.000000 3052.397099 4050.000000 0.000000 -10.000000 0.000000 0.000000 0.000000 1 0 1 0 0 0 0 0
EGO_STATUS -0.550451 78.060982 4.700000 1.546519 14.181721 5.000000 1.063536
DYNAMIC_OBS_INFO 0 -5.750000 57.324808 1.570796 26.895117 -5.750000 105.868287 15.591492 2.239614
DYNAMIC_OBS_INFO 1 -1.750000 31.186177 1.570796 17.014643 -1.750000 62.513368 14.105867 2.278198
STATIC_OBS_INFO 0 -6.300000 76.628124 6.436946 
STATIC_OBS_INFO 1 -6.300000 67.008125 13.745248 
Parent: 577.204440 10.000000 101.000000 0.000000 15.150000 630.047271 -10.000000 2.657169 47.000000 0.000000 0 0 0 0 0 0 0 0
Child: 630.047271 10.000000 102.000000 0.000000 15.300000 638.547271 -10.000000 0.000000 0.000000 0.000000 0 0 0 0 0 0 0 0
Child: 638.547271 22.245115 224.000000 3120.128887 3410.500000 0.000000 -10.000000 0.000000 0.000000 0.000000 1 0 1 0 0 0 0 0
EGO_STATUS -0.531427 79.484318 4.800000 1.569167 14.288075 5.000000 1.063536
DYNAMIC_OBS_INFO 0 -5.750000 57.324808 1.570796 27.023277 -5.750000 107.438634 15.815453 2.239614
DYNAMIC_OBS_INFO 1 -1.750000 31.186177 1.570796 17.027716 -1.750000 63.935346 14.333687 2.278198
STATIC_OBS_INFO 0 -6.300000 76.628124 7.176544 
STATIC_OBS_INFO 1 -6.300000 67.008125 15.054404 
Parent: 549.228226 10.000000 101.000000 0.000000 15.150000 601.140510 -10.000000 2.587716 46.000000 0.000000 0 0 0 0 0 0 0 0
Child: 601.140510 30.657340 308.000000 3063.643812 3076.200000 0.000000 -10.000000 0.000000 0.000000 0.000000 1 0 1 0 0 0 0 0
EGO_STATUS -0.548727 80.920635 4.900000 1.597436 14.441144 5.000000 1.530694
DYNAMIC_OBS_INFO 0 -5.750000 57.324808 1.570796 27.153449 -5.750000 109.031378 16.039415 2.239614
DYNAMIC_OBS_INFO 1 -1.750000 31.186177 1.570796 17.026480 -1.750000 65.380105 14.561507 2.278198
STATIC_OBS_INFO 0 -6.300000 76.628124 8.081289 
STATIC_OBS_INFO 1 -6.300000 67.008125 16.379758 
Parent: 497.660517 10.000000 101.000000 0.000000 15.150000 547.701342 -10.000000 2.459175 44.000000 0.000000 0 0 0 0 0 0 0 0
Child: 547.701342 10.000000 102.000000 0.000000 15.300000 556.201342 -10.000000 0.000000 0.000000 0.000000 0 0 0 0 0 0 0 0
Child: 556.201342 19.357418 195.000000 3145.568530 2558.150000 0.000000 -10.000000 0.000000 0.000000 0.000000 1 0 1 0 1 0 0 0
EGO_STATUS -0.611827 82.368501 5.000000 1.632367 14.545040 5.000000 1.038958
DYNAMIC_OBS_INFO 0 -5.750000 57.324808 1.570796 27.286134 -5.750000 110.646517 16.263376 2.239614
DYNAMIC_OBS_INFO 1 -1.750000 31.186177 1.570796 17.008682 -1.750000 66.847647 14.789327 2.278198
STATIC_OBS_INFO 0 -6.300000 76.628124 9.100150 
STATIC_OBS_INFO 1 -6.300000 67.008125 17.715552 
Parent: 472.148322 10.000000 101.000000 0.000000 15.150000 521.256815 -10.000000 2.391508 43.000000 0.000000 0 0 0 0 0 0 0 0
Child: 521.256815 27.854586 280.000000 3079.802326 2260.500000 0.000000 -10.000000 0.000000 0.000000 0.000000 1 0 1 0 0 0 0 0
EGO_STATUS -0.731705 83.825820 5.100000 1.674431 14.701806 5.000000 1.567663
DYNAMIC_OBS_INFO 0 -5.750000 57.324808 1.570796 27.423944 -5.750000 112.284053 16.487337 2.239614
DYNAMIC_OBS_INFO 1 -1.750000 31.186177 1.570796 16.971247 -1.750000 68.337971 15.017146 2.278198
STATIC_OBS_INFO 0 -6.300000 76.628124 10.196002 
STATIC_OBS_INFO 1 -6.300000 67.008125 19.056125 
Parent: 423.383634 10.000000 101.000000 0.000000 15.150000 470.622761 -10.000000 2.260873 41.000000 0.000000 0 0 0 0 0 0 0 0
Child: 470.622761 10.000000 102.000000 0.000000 15.300000 479.122761 -10.000000 0.000000 0.000000 0.000000 0 0 0 0 0 0 0 0
Child: 479.122761 16.414291 166.000000 3149.566199 1797.000000 0.000000 -10.000000 0.000000 0.000000 0.000000 1 0 1 0 1 0 0 0
EGO_STATUS -0.919510 85.288886 5.200000 1.723499 14.802520 5.000000 1.007139
DYNAMIC_OBS_INFO 0 -5.750000 57.324808 1.570796 27.571358 -5.750000 113.943985 16.711299 2.239614
DYNAMIC_OBS_INFO 1 -1.750000 31.186177 1.570796 16.911434 -1.750000 69.851076 15.244966 2.278198
STATIC_OBS_INFO 0 -6.300000 76.628124 11.343416 
STATIC_OBS_INFO 1 -6.300000 67.008125 20.396610 
Parent: 390.887834 10.000000 101.000000 0.000000 15.150000 437.226959 -10.000000 2.160874 40.000000 0.000000 0 0 0 0 0 0 0 0
Child: 437.226959 10.000000 102.000000 0.000000 15.300000 445.726959 -10.000000 0.000000 0.000000 0.000000 0 0 0 0 0 0 0 0
Child: 445.726959 14.925965 151.000000 3149.556887 1460.850000 0.000000 -10.000000 0.000000 0.000000 0.000000 1 0 1 0 1 0 0 0
EGO_STATUS -1.185486 86.753086 5.300000 1.778067 14.964377 5.000000 1.618571
DYNAMIC_OBS_INFO 0 -5.750000 57.324808 1.570796 27.732449 -5.750000 115.626313 16.935260 2.239614
DYNAMIC_OBS_INFO 1 -1.750000 31.186177 1.570796 16.830090 -1.750000 71.386964 15.472786 2.278198
STATIC_OBS_INFO 0 -6.300000 76.628124 12.528217 
STATIC_OBS_INFO 1 -6.300000 67.008125 21.735816 
Parent: 342.106528 10.000000 101.000000 0.000000 15.150000 395.939592 -10.000000 2.666936 48.000000 0.000000 0 0 0 0 0 0 0 0
Child: 395.939592 10.000000 101.000000 0.000000 15.150000 404.439592 -10.000000 0.000000 0.000000 0.000000 0 0 0 0 0 0 0 0
Child: 404.439592 10.000000 102.000000 0.000000 15.300000 412.939592 -10.000000 0.000000 0.000000 0.000000 0 0 0 0 0 0 0 0
Child: 412.939592 13.421452 136.000000 3149.560186 1136.100000 0.000000 -10.000000 0.000000 0.000000 0.000000 1 0 1 0 1 0 0 0
EGO_STATUS -1.537219 88.215709 5.400000 1.835703 15.126234 5.000000 1.618569
DYNAMIC_OBS_INFO 0 -5.750000 57.324808 1.570796 27.916054 -5.750000 117.331037 17.159222 2.239614
DYNAMIC_OBS_INFO 1 -1.750000 31.186177 1.570796 16.726959 -1.750000 72.945633 15.700606 2.278198
STATIC_OBS_INFO 0 -6.300000 76.628124 13.740477 
STATIC_OBS_INFO 1 -6.300000 67.008125 23.071429 
Parent: 311.407157 10.000000 101.000000 0.000000 15.150000 364.340220 -10.000000 2.566936 47.000000 0.000000 0 0 0 0 0 0 0 0
Child: 364.340220 10.000000 101.000000 0.000000 15.150000 372.840220 -10.000000 0.000000 0.000000 0.000000 0 0 0 0 0 0 0 0
Child: 372.840220 10.000000 102.000000 0.000000 15.300000 381.340220 -10.000000 0.000000 0.000000 0.000000 0 0 0 0 0 0 0 0
Child: 381.340220 11.900741 121.000000 3149.576009 829.350000 0.000000 -10.000000 0.000000 0.000000 0.000000 1 0 1 0 1 0 0 0
EGO_STATUS -1.977622 89.671043 5.500000 1.892955 15.288091 5.000000 1.618567
DYNAMIC_OBS_INFO 0 -5.750000 57.324808 1.570796 28.130754 -5.750000 119.058157 17.383183 2.239614
DYNAMIC_OBS_INFO 1 -1.750000 31.186177 1.570796 16.605487 -1.750000 74.527085 15.928426 2.278198
STATIC_OBS_INFO 0 -6.300000 76.628124 14.976961 
STATIC_OBS_INFO 1 -6.300000 67.008125 24.404743 
Parent: 286.184758 10.000000 101.000000 0.000000 15.150000 337.217822 -10.000000 2.466936 45.000000 0.000000 0 0 0 0 0 0 0 0
Child: 337.217822 10.000000 101.000000 0.000000 15.150000 345.717822 -10.000000 0.000000 0.000000 0.000000 0 0 0 0 0 0 0 0
Child: 345.717822 10.000000 102.000000 0.000000 15.300000 354.217822 -10.000000 0.000000 0.000000 0.000000 0 0 0 0 0 0 0 0
Child: 354.217822 10.363831 105.000000 3149.582229 540.450000 0.000000 -10.000000 0.000000 0.000000 0.000000 1 0 1 0 1 0 0 0
EGO_STATUS -2.502061 91.115533 5.600000 1.943050 15.449948 5.000000 1.618566
DYNAMIC_OBS_INFO 0 -5.750000 57.324808 1.570796 28.380570 -5.750000 120.807673 17.607144 2.239614
DYNAMIC_OBS_INFO 1 -1.750000 31.186177 1.570796 16.475263 -1.750000 76.131319 16.156246 2.278198
STATIC_OBS_INFO 0 -6.300000 76.628124 16.243372 
STATIC_OBS_INFO 1 -6.300000 67.008125 25.744168 
Parent: 257.534123 10.000000 101.000000 0.000000 15.150000 307.667189 -10.000000 2.366935 44.000000 0.000000 0 0 0 0 0 0 0 0
Child: 307.667189 10.000000 101.000000 0.000000 15.150000 316.167189 -10.000000 0.000000 0.000000 0.000000 0 0 0 0 0 0 0 0
Child: 316.167189 10.000000 102.000000 0.000000 15.300000 324.667189 -10.000000 0.000000 0.000000 0.000000 0 0 0 0 0 0 0 0
Child: 324.667189 8.810726 90.000000 3149.565721 269.000000 0.000000 -10.000000 0.000000 0.000000 0.000000 1 0 1 0 1 0 0 0
EGO_STATUS -3.092959 92.551755 5.700000 1.974952 15.611804 5.000000 1.618567
DYNAMIC_OBS_INFO 0 -5.750000 57.324808 1.570796 28.659287 -5.750000 122.579586 17.831106 2.239614
DYNAMIC_OBS_INFO 1 -1.750000 31.186177 1.570796 16.352773 -1.750000 77.758334 16.384065 2.278198
STATIC_OBS_INFO 0 -6.300000 76.628124 17.555965 
STATIC_OBS_INFO 1 -6.300000 67.008125 27.108119 
Parent: 242.043102 10.000000 101.000000 0.000000 15.150000 291.276168 -10.000000 2.266934 43.000000 0.000000 0 0 0 0 0 0 0 0
Child: 291.276168 10.000000 101.000000 0.000000 15.150000 299.776168 -10.000000 0.000000 0.000000 0.000000 0 0 0 0 0 0 0 0
Child: 299.776168 10.000000 102.000000 0.000000 15.300000 308.276168 -10.000000 0.000000 0.000000 0.000000 0 0 0 0 0 0 0 0
Child: 308.276168 7.241431 74.000000 3149.556020 102.900000 0.000000 -10.000000 0.000000 0.000000 0.000000 1 0 1 0 1 0 0 0
EGO_STATUS -3.714569 93.992670 5.800000 1.974659 15.773661 5.000000 1.618571
DYNAMIC_OBS_INFO 0 -5.750000 57.324808 1.570796 28.947915 -5.750000 124.373894 18.055067 2.239614
DYNAMIC_OBS_INFO 1 -1.750000 31.186177 1.570796 16.256553 -1.750000 79.408132 16.611885 2.278198
STATIC_OBS_INFO 0 -6.300000 76.628124 18.938489 
STATIC_OBS_INFO 1 -6.300000 67.008125 28.523161 
Parent: 237.245541 10.000000 101.000000 0.000000 15.150000 284.578608 -10.000000 2.166933 41.000000 0.000000 0 0 0 0 0 0 0 0
Child: 284.578608 10.000000 101.000000 0.000000 15.150000 293.078608 -10.000000 0.000000 0.000000 0.000000 0 0 0 0 0 0 0 0
Child: 293.078608 10.000000 102.000000 0.000000 15.300000 301.578608 -10.000000 0.000000 0.000000 0.000000 0 0 0 0 0 0 0 0
Child: 301.578608 5.655957 58.000000 3149.537233 45.600000 0.000000 -10.000000 0.000000 0.000000 0.000000 1 0 1 0 1 0 0 0
EGO_STATUS -4.310301 95.461803 5.900000 1.929239 15.935519 5.000000 1.618575
DYNAMIC_OBS_INFO 0 -5.750000 57.324808 1.570796 29.221657 -5.750000 126.190599 18.279028 2.239614
DYNAMIC_OBS_INFO 1 -1.750000 31.186177 1.570796 16.194425 -1.750000 81.080711 16.839705 2.278198
STATIC_OBS_INFO 0 -6.300000 76.628124 20.410832 
STATIC_OBS_INFO 1 -6.300000 67.008125 30.013284 
Parent: 232.013306 10.000000 101.000000 0.000000 15.150000 278.446374 -10.000000 2.066933 40.000000 0.000000 0 0 0 0 0 0 0 0
Child: 278.446374 10.000000 101.000000 0.000000 15.150000 286.946374 -10.000000 0.000000 0.000000 0.000000 0 0 0 0 0 0 0 0
Child: 286.946374 10.000000 102.000000 0.000000 15.300000 295.446374 -10.000000 0.000000 0.000000 0.000000 0 0 0 0 0 0 0 0
Child: 295.446374 4.054314 42.000000 3149.521701 14.700000 0.000000 -10.000000 0.000000 0.000000 0.000000 1 0 1 0 1 0 0 0
EGO_STATUS -4.805899 96.984197 6.000000 1.834156 16.097377 5.000000 1.618580
DYNAMIC_OBS_INFO 0 -5.750000 57.324808 1.570796 29.467592 -5.750000 128.029700 18.502990 2.239614
DYNAMIC_OBS_INFO 1 -1.750000 31.186177 1.570796 16.149612 -1.750000 82.776073 17.067525 2.278198
STATIC_OBS_INFO 0 -6.300000 76.628124 21.971917 
STATIC_OBS_INFO 1 -6.300000 67.008125 31.582370 
Parent: 206.027371 10.000000 101.000000 0.000000 15.150000 259.954377 -10.000000 2.572993 48.000000 0.000000 0 0 0 0 0 0 0 0
Child: 259.954377 10.000000 101.000000 0.000000 15.150000 268.454377 -10.000000 0.000000 0.000000 0.000000 0 0 0 0 0 0 0 0
Child: 268.454377 10.000000 101.000000 0.000000 15.150000 276.954377 -10.000000 0.000000 0.000000 0.000000 0 0 0 0 0 0 0 0
Child: 276.954377 10.000000 102.000000 0.000000 15.300000 285.454377 -10.000000 0.000000 0.000000 0.000000 0 0 0 0 0 0 0 0
Child: 285.454377 2.436482 26.000000 3148.929937 3.900000 0.000000 -10.000000 0.000000 0.000000 0.000000 1 0 1 0 1 0 0 0
EGO_STATUS -5.126827 98.568698 6.100000 1.704498 16.259235 5.000000 1.618579
DYNAMIC_OBS_INFO 0 -5.750000 57.324808 1.570796 29.697934 -5.750000 129.891197 18.726951 2.239614
DYNAMIC_OBS_INFO 1 -1.750000 31.186177 1.570796 16.087446 -1.750000 84.494216 17.295345 2.278198
STATIC_OBS_INFO 0 -6.300000 76.628124 23.593071 
STATIC_OBS_INFO 1 -6.300000 67.008125 33.206226 
Parent: 143.638457 10.000000 102.000000 0.000000 15.300000 205.059403 -10.000000 3.079054 56.000000 0.000000 0 0 0 0 0 0 0 0
Child: 205.059403 10.000000 101.000000 0.000000 15.150000 213.559403 -10.000000 0.000000 0.000000 0.000000 0 0 0 0 0 0 0 0
Child: 213.559403 10.000000 101.000000 0.000000 15.150000 222.059403 -10.000000 0.000000 0.000000 0.000000 0 0 0 0 0 0 0 0
Child: 222.059403 10.000000 101.000000 0.000000 15.150000 230.559403 -10.000000 0.000000 0.000000 0.000000 0 0 0 0 0 0 0 0
Child: 230.559403 10.000000 102.000000 0.000000 15.300000 239.059403 -10.000000 0.000000 0.000000 0.000000 0 0 0 0 0 0 0 0
Child: 239.059403 0.802467 10.000000 3102.171528 1.500000 0.000000 -10.000000 0.000000 0.000000 0.000000 1 0 1 0 1 0 0 0
EGO_STATUS -5.244377 100.197568 6.200000 1.590963 16.421093 5.000000 1.618580
DYNAMIC_OBS_INFO 0 -5.750000 57.324808 1.570796 29.933657 -5.750000 131.775090 18.950913 2.239614
DYNAMIC_OBS_INFO 1 -1.750000 31.186177 1.570796 15.998022 -1.750000 86.235142 17.523165 2.278198
STATIC_OBS_INFO 0 -6.300000 76.628124 25.239336 
STATIC_OBS_INFO 1 -6.300000 67.008125 34.853305 
Parent: -94.647787 10.000000 102.000000 0.000000 15.300000 -34.126841 -10.000000 2.979054 55.000000 0.000000 0 0 0 0 0 0 0 0
Child: -34.126841 10.000000 101.000000 0.000000 15.150000 -25.626841 -10.000000 0.000000 0.000000 0.000000 0 0 0 0 0 0 0 0
Child: -25.626841 10.000000 101.000000 0.000000 15.150000 -17.126841 -10.000000 0.000000 0.000000 0.000000 0 0 0 0 0 0 0 0
Child: -17.126841 10.000000 101.000000 0.000000 15.150000 -8.626841 -10.000000 0.000000 0.000000 0.000000 0 0 0 0 0 0 0 0
Child: -8.626841 9.154390 93.000000 0.000000 13.950000 0.000000 -10.000000 0.000000 0.000000 0.000000 0 0 0 0 0 0 0 0
EGO_STATUS -5.250000 101.845610 6.300000 1.570796 16.500000 5.000000 0.000000
DYNAMIC_OBS_INFO 0 -5.750000 57.324808 1.570796 30.189911 -5.750000 133.681380 19.174874 2.239614
DYNAMIC_OBS_INFO 1 -1.750000 31.186177 1.570796 15.887089 -1.750000 87.998849 17.750984 2.278198
STATIC_OBS_INFO 0 -6.300000 76.628124 26.887995 
STATIC_OBS_INFO 1 -6.300000 67.008125 36.502589 
Parent: -92.995287 10.000000 102.000000 0.000000 15.300000 -34.374341 -10.000000 2.879054 53.000000 0.000000 0 0 0 0 0 0 0 0
Child: -34.374341 10.000000 101.000000 0.000000 15.150000 -25.874341 -10.000000 0.000000 0.000000 0.000000 0 0 0 0 0 0 0 0
Child: -25.874341 10.000000 101.000000 0.000000 15.150000 -17.374341 -10.000000 0.000000 0.000000 0.000000 0 0 0 0 0 0 0 0
Child: -17.374341 10.000000 101.000000 0.000000 15.150000 -8.874341 -10.000000 0.000000 0.000000 0.000000 0 0 0 0 0 0 0 0
Child: -8.874341 7.504390 77.000000 0.000000 11.550000 0.000000 -10.000000 0.000000 0.000000 0.000000 0 0 0 0 0 0 0 0
EGO_STATUS -5.250000 103.495610 6.400000 1.570796 16.500000 5.000000 0.000000
DYNAMIC_OBS_INFO 0 -5.750000 57.324808 1.570796 30.468558 -5.750000 135.610065 19.398835 2.239614
DYNAMIC_OBS_INFO 1 -1.750000 31.186177 1.570796 15.753981 -1.750000 89.785339 17.978804 2.278198
STATIC_OBS_INFO 0 -6.300000 76.628124 28.536809 
STATIC_OBS_INFO 1 -6.300000 67.008125 38.151936 
Parent: -91.342787 10.000000 102.000000 0.000000 15.300000 -34.621841 -10.000000 2.779054 51.000000 0.000000 0 0 0 0 0 0 0 0
Child: -34.621841 10.000000 101.000000 0.000000 15.150000 -26.121841 -10.000000 0.000000 0.000000 0.000000 0 0 0 0 0 0 0 0
Child: -26.121841 10.000000 101.000000 0.000000 15.150000 -17.621841 -10.000000 0.000000 0.000000 0.000000 0 0 0 0 0 0 0 0
Child: -17.621841 10.000000 101.000000 0.000000 15.150000 -9.121841 -10.000000 0.000000 0.000000 0.000000 0 0 0 0 0 0 0 0
Child: -9.121841 5.854390 60.000000 0.000000 9.000000 0.000000 -10.000000 0.000000 0.000000 0.000000 0 0 0 0 0 0 0 0
EGO_STATUS -5.250000 105.145610 6.500000 1.570796 16.500000 5.000000 0.000000
DYNAMIC_OBS_INFO 0 -5.750000 57.324808 1.570796 30.769600 -5.750000 137.561147 19.622797 2.239614
DYNAMIC_OBS_INFO 1 -1.750000 31.186177 1.570796 15.598730 -1.750000 91.594610 18.206624 2.278198
STATIC_OBS_INFO 0 -6.300000 76.628124 30.185753 
STATIC_OBS_INFO 1 -6.300000 67.008125 39.801337 
Parent: -90.690287 10.000000 102.000000 0.000000 15.300000 -34.869341 -10.000000 2.679054 50.000000 0.000000 0 0 0 0 0 0 0 0
Child: -34.869341 10.000000 101.000000 0.000000 15.150000 -26.369341 -10.000000 0.000000 0.000000 0.000000 0 0 0 0 0 0 0 0
Child: -26.369341 10.000000 101.000000 0.000000 15.150000 -17.869341 -10.000000 0.000000 0.000000 0.000000 0 0 0 0 0 0 0 0
Child: -17.869341 10.000000 101.000000 0.000000 15.150000 -9.369341 -10.000000 0.000000 0.000000 0.000000 0 0 0 0 0 0 0 0
Child: -9.369341 4.204390 44.000000 0.000000 6.600000 0.000000 -10.000000 0.000000 0.000000 0.000000 0 0 0 0 0 0 0 0
EGO_STATUS -5.250000 106.795610 6.600000 1.570796 16.500000 5.000000 0.000000
DYNAMIC_OBS_INFO 0 -5.750000 57.324808 1.570796 31.093035 -5.750000 139.534624 19.846758 2.239614
DYNAMIC_OBS_INFO 1 -1.750000 31.186177 1.570796 15.421373 -1.750000 93.426663 18.434444 2.278198
STATIC_OBS_INFO 0 -6.300000 76.628124 31.834806 
STATIC_OBS_INFO 1 -6.300000 67.008125 41.450786 
Parent: -106.931727 10.000000 101.000000 0.000000 15.150000 -43.616841 -10.000000 3.185115 58.000000 0.000000 0 0 0 0 0 0 0 0
Child: -43.616841 10.000000 102.000000 0.000000 15.300000 -35.116841 -10.000000 0.000000 0.000000 0.000000 0 0 0 0 0 0 0 0
Child: -35.116841 10.000000 101.000000 0.000000 15.150000 -26.616841 -10.000000 0.000000 0.000000 0.000000 0 0 0 0 0 0 0 0
Child: -26.616841 10.000000 101.000000 0.000000 15.150000 -18.116841 -10.000000 0.000000 0.000000 0.000000 0 0 0 0 0 0 0 0
Child: -18.116841 10.000000 101.000000 0.000000 15.150000 -9.616841 -10.000000 0.000000 0.000000 0.000000 0 0 0 0 0 0 0 0
Child: -9.616841 2.554390 27.000000 0.000000 4.050000 0.000000 -10.000000 0.000000 0.000000 0.000000 0 0 0 0 0 0 0 0
EGO_STATUS -5.250000 108.445610 6.700000 1.570796 16.500000 5.000000 0.000000
DYNAMIC_OBS_INFO 0 -5.750000 57.324808 1.570796 31.438865 -5.750000 141.530498 20.070719 2.239614
DYNAMIC_OBS_INFO 1 -1.750000 31.186177 1.570796 15.221954 -1.750000 95.281499 18.662264 2.278198
STATIC_OBS_INFO 0 -6.300000 76.628124 33.483953 
STATIC_OBS_INFO 1 -6.300000 67.008125 43.100276 
Parent: -105.279227 10.000000 101.000000 0.000000 15.150000 -43.864341 -10.000000 3.085115 56.000000 0.000000 0 0 0 0 0 0 0 0
Child: -43.864341 10.000000 102.000000 0.000000 15.300000 -35.364341 -10.000000 0.000000 0.000000 0.000000 0 0 0 0 0 0 0 0
Child: -35.364341 10.000000 101.000000 0.000000 15.150000 -26.864341 -10.000000 0.000000 0.000000 0.000000 0 0 0 0 0 0 0 0
Child: -26.864341 10.000000 101.000000 0.000000 15.150000 -18.364341 -10.000000 0.000000 0.000000 0.000000 0 0 0 0 0 0 0 0
Child: -18.364341 10.000000 101.000000 0.000000 15.150000 -9.864341 -10.000000 0.000000 0.000000 0.000000 0 0 0 0 0 0 0 0
Child: -9.864341 0.904390 11.000000 0.000000 1.650000 0.000000 -10.000000 0.000000 0.000000 0.000000 0 0 0 0 0 0 0 0
EGO_STATUS -5.250000 110.095610 6.800000 1.570796 16.500000 5.000000 0.000000
DYNAMIC_OBS_INFO 0 -5.750000 57.324808 1.570796 31.807089 -5.750000 143.548768 20.294681 2.239614
DYNAMIC_OBS_INFO 1 -1.750000 31.186177 1.570796 15.000526 -1.750000 97.159116 18.890083 2.278198
STATIC_OBS_INFO 0 -6.300000 76.628124 35.133179 
STATIC_OBS_INFO 1 -6.300000 67.008125 44.749805 
Parent: -94.626727 10.000000 101.000000 0.000000 15.150000 -34.111841 -10.000000 2.985115 55.000000 0.000000 0 0 0 0 0 0 0 0
Child: -34.111841 10.000000 102.000000 0.000000 15.300000 -25.611841 -10.000000 0.000000 0.000000 0.000000 0 0 0 0 0 0 0 0
Child: -25.611841 10.000000 101.000000 0.000000 15.150000 -17.111841 -10.000000 0.000000 0.000000 0.000000 0 0 0 0 0 0 0 0
Child: -17.111841 10.000000 101.000000 0.000000 15.150000 -8.611841 -10.000000 0.000000 0.000000 0.000000 0 0 0 0 0 0 0 0
Child: -8.611841 9.254390 94.000000 0.000000 14.100000 0.000000 -10.000000 0.000000 0.000000 0.000000 0 0 0 0 0 0 0 0
EGO_STATUS -5.250000 111.745610 6.900000 1.570796 16.500000 5.000000 0.000000
DYNAMIC_OBS_INFO 0 -5.750000 57.324808 1.570796 32.197707 -5.750000 145.589434 20.518642 2.239614
DYNAMIC_OBS_INFO 1 -1.750000 31.186177 1.570796 14.757154 -1.750000 99.059515 19.117903 2.278198
STATIC_OBS_INFO 0 -6.300000 76.628124 36.782475 
STATIC_OBS_INFO 1 -6.300000 67.008125 46.399367 
Parent: -92.974227 10.000000 101.000000 0.000000 15.150000 -34.359341 -10.000000 2.885115 53.000000 0.000000 0 0 0 0 0 0 0 0
Child: -34.359341 10.000000 102.000000 0.000000 15.300000 -25.859341 -10.000000 0.000000 0.000000 0.000000 0 0 0 0 0 0 0 0
Child: -25.859341 10.000000 101.000000 0.000000 15.150000 -17.359341 -10.000000 0.000000 0.000000 0.000000 0 0 0 0 0 0 0 0
Child: -17.359341 10.000000 101.000000 0.000000 15.150000 -8.859341 -10.000000 0.000000 0.000000 0.000000 0 0 0 0 0 0 0 0
Child: -8.859341 7.604390 78.000000 0.000000 11.700000 0.000000 -10.000000 0.000000 0.000000 0.000000 0 0 0 0 0 0 0 0
EGO_STATUS -5.250000 113.395610 7.000000 1.570796 16.500000 5.000000 0.000000
DYNAMIC_OBS_INFO 0 -5.750000 57.324808 1.570796 32.610720 -5.750000 147.652497 20.742604 2.239614
DYNAMIC_OBS_INFO 1 -1.750000 31.186177 1.570796 14.491912 -1.750000 100.982697 19.345723 2.278198
STATIC_OBS_INFO 0 -6.300000 76.628124 38.431832 
STATIC_OBS_INFO 1 -6.300000 67.008125 48.048959 
Parent: -91.321727 10.000000 101.000000 0.000000 15.150000 -34.606841 -10.000000 2.785115 51.000000 0.000000 0 0 0 0 0 0 0 0
Child: -34.606841 10.000000 102.000000 0.000000 15.300000 -26.106841 -10.000000 0.000000 0.000000 0.000000 0 0 0 0 0 0 0 0
Child: -26.106841 10.000000 101.000000 0.000000 15.150000 -17.606841 -10.000000 0.000000 0.000000 0.000000 0 0 0 0 0 0 0 0
Child: -17.606841 10.000000 101.000000 0.000000 15.150000 -9.106841 -10.000000 0.000000 0.000000 0.000000 0 0 0 0 0 0 0 0
Child: -9.106841 5.954390 61.000000 0.000000 9.150000 0.000000 -10.000000 0.000000 0.000000 0.000000 0 0 0 0 0 0 0 0
EGO_STATUS -5.250000 115.045610 7.100000 1.570796 16.500000 5.000000 0.000000
DYNAMIC_OBS_INFO 0 -5.750000 57.324808 1.570796 33.046128 -5.750000 149.737955 20.966565 2.239614
DYNAMIC_OBS_INFO 1 -1.750000 31.186177 1.570796 14.204890 -1.750000 102.928660 19.573543 2.278198
STATIC_OBS_INFO 0 -6.300000 76.628124 40.081241 
STATIC_OBS_INFO 1 -6.300000 67.008125 49.698578 
Parent: -90.669227 10.000000 101.000000 0.000000 15.150000 -34.854341 -10.000000 2.685115 50.000000 0.000000 0 0 0 0 0 0 0 0
Child: -34.854341 10.000000 102.000000 0.000000 15.300000 -26.354341 -10.000000 0.000000 0.000000 0.000000 0 0 0 0 0 0 0 0
Child: -26.354341 10.000000 101.000000 0.000000 15.150000 -17.854341 -10.000000 0.000000 0.000000 0.000000 0 0 0 0 0 0 0 0
Child: -17.854341 10.000000 101.000000 0.000000 15.150000 -9.354341 -10.000000 0.000000 0.000000 0.000000 0 0 0 0 0 0 0 0
Child: -9.354341 4.304390 45.000000 0.000000 6.750000 0.000000 -10.000000 0.000000 0.000000 0.000000 0 0 0 0 0 0 0 0
EGO_STATUS -5.250000 116.695610 7.200000 1.570796 16.500000 5.000000 0.000000
DYNAMIC_OBS_INFO 0 -5.750000 57.324808 1.570796 33.503931 -5.750000 151.845810 21.190526 2.239614
DYNAMIC_OBS_INFO 1 -1.750000 31.186177 1.570796 13.896194 -1.750000 104.897405 19.801363 2.278198
STATIC_OBS_INFO 0 -6.300000 76.628124 41.730697 
STATIC_OBS_INFO 1 -6.300000 67.008125 51.348221 
Parent: -106.910666 10.000000 102.000000 0.000000 15.300000 -43.601841 -10.000000 3.191175 58.000000 0.000000 0 0 0 0 0 0 0 0
Child: -43.601841 10.000000 101.000000 0.000000 15.150000 -35.101841 -10.000000 0.000000 0.000000 0.000000 0 0 0 0 0 0 0 0
Child: -35.101841 10.000000 102.000000 0.000000 15.300000 -26.601841 -10.000000 0.000000 0.000000 0.000000 0 0 0 0 0 0 0 0
Child: -26.601841 10.000000 101.000000 0.000000 15.150000 -18.101841 -10.000000 0.000000 0.000000 0.000000 0 0 0 0 0 0 0 0
Child: -18.101841 10.000000 101.000000 0.000000 15.150000 -9.601841 -10.000000 0.000000 0.000000 0.000000 0 0 0 0 0 0 0 0
Child: -9.601841 2.654390 28.000000 0.000000 4.200000 0.000000 -10.000000 0.000000 0.000000 0.000000 0 0 0 0 0 0 0 0
EGO_STATUS -5.250000 118.345610 7.300000 1.570796 16.500000 5.000000 0.000000
DYNAMIC_OBS_INFO 0 -5.750000 57.324808 1.570796 33.984129 -5.750000 153.976060 21.414488 2.239614
DYNAMIC_OBS_INFO 1 -1.750000 31.186177 1.570796 13.565949 -1.750000 106.888933 20.029183 2.278198
STATIC_OBS_INFO 0 -6.300000 76.628124 43.380195 
STATIC_OBS_INFO 1 -6.300000 67.008125 52.997887 
Parent: -106.258166 10.000000 102.000000 0.000000 15.300000 -43.849341 -10.000000 3.091175 57.000000 0.000000 0 0 0 0 0 0 0 0
Child: -43.849341 10.000000 101.000000 0.000000 15.150000 -35.349341 -10.000000 0.000000 0.000000 0.000000 0 0 0 0 0 0 0 0
Child: -35.349341 10.000000 102.000000 0.000000 15.300000 -26.849341 -10.000000 0.000000 0.000000 0.000000 0 0 0 0 0 0 0 0
Child: -26.849341 10.000000 101.000000 0.000000 15.150000 -18.349341 -10.000000 0.000000 0.000000 0.000000 0 0 0 0 0 0 0 0
Child: -18.349341 10.000000 101.000000 0.000000 15.150000 -9.849341 -10.000000 0.000000 0.000000 0.000000 0 0 0 0 0 0 0 0
Child: -9.849341 1.004390 12.000000 0.000000 1.800000 0.000000 -10.000000 0.000000 0.000000 0.000000 0 0 0 0 0 0 0 0
EGO_STATUS -5.250000 119.995610 7.400000 1.570796 16.500000 5.000000 0.000000
DONE
FINISHED
