Parent: 175.786828 10.000000 102.000000 0.000000 15.300000 222.056838 -10.000000 2.229990 40.000000 0.000000 0 0 0 0 0 0 0 0
Child: 222.056838 10.000000 102.000000 0.000000 15.300000 230.556838 -10.000000 0.000000 0.000000 0.000000 0 0 0 0 0 0 0 0
Child: 230.556838 10.000000 101.000000 0.000000 1651.350000 77.056838 -10.000000 0.000000 0.000000 0.000000 0 0 0 0 0 0 0 0
Child: 77.056838 4.277977 44.000000 0.000000 895.400000 0.000000 -10.000000 0.000000 0.000000 0.000000 0 0 0 0 0 0 0 0
EGO_STATUS -1.750000 163.722023 0.000000 1.570796 15.371362 4.000000 0.000000
DYNAMIC_OBS_INFO 0 1.750000 232.240409 -1.570000 67.072632 1.750000 232.240409 0.000000 0.000000
DYNAMIC_OBS_INFO 1 35.725117 209.500000 3.140000 57.979621 35.725117 209.500000 7.241987 2.827358
DYNAMIC_OBS_INFO 2 -74.911601 212.500000 0.000000 87.087984 -74.911601 212.500000 7.994220 1.937780
Parent: 144.722545 10.876814 110.000000 30.047901 12.930768 194.236902 -10.000000 4.235907 48.000000 0.000000 0 0 0 1 0 0 0 0
Child: 194.236902 10.000000 102.000000 20.000000 15.300000 190.776118 0.000000 0.000000 0.000000 0.000000 0 0 0 1 0 0 0 0
Child: 190.776118 10.000000 102.000000 0.000000 15.300000 199.276118 -10.000000 0.000000 0.000000 0.000000 0 0 0 0 0 0 0 0
Child: 199.276118 10.000000 101.000000 0.000000 1651.350000 45.776118 -10.000000 0.000000 0.000000 0.000000 0 0 0 0 0 0 0 0
Child: 45.776118 2.740841 29.000000 0.000000 590.150000 0.000000 -10.000000 0.000000 0.000000 0.000000 0 0 0 0 0 0 0 0
EGO_STATUS -1.750000 165.259159 0.100000 1.570796 15.371362 4.000000 0.000000
DYNAMIC_OBS_INFO 0 1.750000 232.240409 -1.570000 65.537639 1.750000 232.240409 0.000000 0.000000
DYNAMIC_OBS_INFO 1 35.725117 209.500000 3.140000 56.815410 35.725117 209.500000 7.241987 2.827358
DYNAMIC_OBS_INFO 2 -74.911601 212.500000 0.000000 86.263831 -74.911601 212.500000 7.994220 1.937780
Parent: 114.341824 10.876814 110.000000 30.047901 12.930768 162.956181 -10.000000 4.135907 47.000000 0.000000 0 0 0 1 0 0 0 0
Child: 162.956181 10.000000 102.000000 20.000000 15.300000 159.495397 0.000000 0.000000 0.000000 0.000000 0 0 0 1 0 0 0 0
Child: 159.495397 10.000000 102.000000 0.000000 15.300000 167.995397 -10.000000 0.000000 0.000000 0.000000 0 0 0 0 0 0 0 0
Child: 167.995397 10.000000 101.000000 0.000000 1651.350000 14.495397 -10.000000 0.000000 0.000000 0.000000 0 0 0 0 0 0 0 0
Child: 14.495397 1.203705 14.000000 0.000000 284.900000 0.000000 -10.000000 0.000000 0.000000 0.000000 0 0 0 0 0 0 0 0
EGO_STATUS -1.750000 166.796295 0.200000 1.570796 15.371362 4.000000 0.000000
DYNAMIC_OBS_INFO 0 1.750000 232.240409 -1.570000 64.002749 1.750000 232.240409 0.000000 0.000000
DYNAMIC_OBS_INFO 1 35.725117 209.500000 3.140000 55.669299 35.725117 209.500000 7.241987 2.827358
DYNAMIC_OBS_INFO 2 -74.911601 212.500000 0.000000 85.459380 -74.911601 212.500000 7.994220 1.937780
Parent: 93.118670 10.876814 110.000000 30.047901 12.930768 139.833027 -10.000000 4.035907 45.000000 0.000000 0 0 0 1 0 0 0 0
Child: 139.833027 10.000000 102.000000 20.000000 15.300000 136.372242 0.000000 0.000000 0.000000 0.000000 0 0 0 1 0 0 0 0
Child: 136.372242 10.000000 102.000000 0.000000 15.300000 144.872242 -10.000000 0.000000 0.000000 0.000000 0 0 0 0 0 0 0 0
Child: 144.872242 9.666569 98.000000 0.000000 1570.100000 0.000000 -10.000000 0.000000 0.000000 0.000000 0 0 0 0 0 0 0 0
EGO_STATUS -1.750000 168.333431 0.300000 1.570796 15.371362 4.000000 0.000000
DYNAMIC_OBS_INFO 0 1.750000 232.240409 -1.570000 62.467969 1.750000 232.240409 0.000000 0.000000
DYNAMIC_OBS_INFO 1 35.725117 209.500000 3.140000 54.542427 35.725117 209.500000 7.241987 2.827358
DYNAMIC_OBS_INFO 2 -74.911601 212.500000 0.000000 84.675194 -74.911601 212.500000 7.994220 1.937780
Parent: 59.430654 10.876814 110.000000 9.434603 12.930768 106.885698 -10.000000 4.333465 44.000000 0.000000 0 0 0 0 0 0 0 0
Child: 106.885698 10.000000 102.000000 0.000000 15.300000 115.385698 -10.000000 0.000000 0.000000 0.000000 0 0 0 0 0 0 0 0
Child: 115.385698 10.000000 102.000000 0.000000 15.300000 123.885698 -10.000000 0.000000 0.000000 0.000000 0 0 0 0 0 0 0 0
Child: 123.885698 8.129433 83.000000 0.000000 1264.850000 0.000000 0.000000 0.000000 0.000000 0.000000 0 0 0 0 0 0 0 0
EGO_STATUS -1.750000 169.870567 0.400000 1.570796 15.371362 4.000000 0.000000
DYNAMIC_OBS_INFO 0 1.750000 232.240409 -1.570000 60.947996 1.750000 232.240409 0.000000 0.000000
DYNAMIC_OBS_INFO 1 35.725117 209.500000 3.140000 53.446501 35.725117 209.500000 7.241987 2.827358
DYNAMIC_OBS_INFO 2 -74.911601 212.500000 0.000000 83.919044 -74.911601 212.500000 7.994220 1.937780
Parent: 20.681497 10.876814 110.000000 9.434573 12.930768 66.236540 -10.000000 4.233469 42.000000 0.000000 0 0 0 0 0 0 0 0
Child: 66.236540 10.000000 102.000000 0.000000 15.300000 74.736540 -10.000000 0.000000 0.000000 0.000000 0 0 0 0 0 0 0 0
Child: 74.736540 10.000000 102.000000 0.000000 15.300000 83.236540 -10.000000 0.000000 0.000000 0.000000 0 0 0 0 0 0 0 0
Child: 83.236540 6.607008 68.000000 0.000000 959.600000 0.000000 -10.000000 0.000000 0.000000 0.000000 0 0 0 0 0 0 0 0
EGO_STATUS -1.750000 171.392992 0.500000 1.570796 15.077362 3.000000 -2.940000
DYNAMIC_OBS_INFO 0 1.750000 232.240409 -1.570000 59.457489 1.750000 232.240409 0.000000 0.000000
DYNAMIC_OBS_INFO 1 35.725117 209.500000 3.140000 52.392439 35.725117 209.500000 7.241987 2.827358
DYNAMIC_OBS_INFO 2 -74.911601 212.500000 0.000000 83.197878 -74.911601 212.500000 7.994220 1.937780
Parent: -8.516737 10.876814 110.000000 9.434561 12.930768 36.138306 -10.000000 4.133471 41.000000 0.000000 0 0 0 0 0 0 0 0
Child: 36.138306 10.000000 102.000000 0.000000 15.300000 44.638306 -10.000000 0.000000 0.000000 0.000000 0 0 0 0 0 0 0 0
Child: 44.638306 10.000000 102.000000 0.000000 15.300000 53.138306 -10.000000 0.000000 0.000000 0.000000 0 0 0 0 0 0 0 0
Child: 53.138306 5.113976 53.000000 0.000000 654.350000 0.000000 -10.000000 0.000000 0.000000 0.000000 0 0 0 0 0 0 0 0
EGO_STATUS -1.750000 172.886024 0.600000 1.570796 14.783362 3.000000 -2.940000
DYNAMIC_OBS_INFO 0 1.750000 232.240409 -1.570000 57.996472 1.750000 232.240409 0.000000 0.000000
DYNAMIC_OBS_INFO 1 35.725117 209.500000 3.140000 51.380268 35.725117 209.500000 7.241987 2.827358
DYNAMIC_OBS_INFO 2 -74.911601 212.500000 0.000000 82.511027 -74.911601 212.500000 7.994220 1.937780
Parent: 286.565263 21.972263 221.000000 3041.945948 220.464113 6.535245 0.000000 4.674671 49.000000 0.000000 1 0 0 0 0 0 0 0
Child: 6.535245 10.000000 102.000000 0.000000 15.300000 15.035245 -10.000000 0.000000 0.000000 0.000000 0 0 0 0 0 0 0 0
Child: 15.035245 10.000000 102.000000 0.000000 15.300000 23.535245 -10.000000 0.000000 0.000000 0.000000 0 0 0 0 0 0 0 0
Child: 23.535245 3.650356 38.000000 0.000000 349.100000 0.000000 -10.000000 0.000000 0.000000 0.000000 0 0 0 0 0 0 0 0
EGO_STATUS -1.750000 174.349644 0.700000 1.570796 14.489362 3.000000 -2.940000
DYNAMIC_OBS_INFO 0 1.750000 232.240409 -1.570000 56.564932 1.750000 232.240409 0.000000 0.000000
DYNAMIC_OBS_INFO 1 35.725117 209.500000 3.140000 50.409942 35.725117 209.500000 7.241987 2.827358
DYNAMIC_OBS_INFO 2 -74.911601 212.500000 0.000000 81.135427 -74.102490 212.500000 8.187998 1.937780
Parent: 259.858181 21.972263 221.000000 3041.945891 220.464113 -21.071835 0.000000 4.574674 48.000000 0.000000 1 0 0 0 0 0 0 0
Child: -21.071835 10.000000 102.000000 0.000000 15.300000 -12.571835 -10.000000 0.000000 0.000000 0.000000 0 0 0 0 0 0 0 0
Child: -12.571835 10.000000 102.000000 0.000000 15.300000 -4.071835 -10.000000 0.000000 0.000000 0.000000 0 0 0 0 0 0 0 0
Child: -4.071835 2.216136 24.000000 0.000000 64.200000 0.000000 -10.000000 0.000000 0.000000 0.000000 0 0 0 0 0 0 0 0
EGO_STATUS -1.750000 175.783864 0.800000 1.570796 14.195362 3.000000 -2.940000
DYNAMIC_OBS_INFO 0 1.750000 232.240409 -1.570000 55.162860 1.750000 232.240409 0.000000 0.000000
DYNAMIC_OBS_INFO 1 35.725117 209.500000 3.140000 49.481358 35.725117 209.500000 7.241987 2.827358
DYNAMIC_OBS_INFO 2 -74.911601 212.500000 0.000000 79.765725 -73.274001 212.500000 8.381776 1.937780
Parent: 255.951711 21.972263 221.000000 3041.945878 220.464113 -26.878304 0.000000 4.474675 46.000000 0.000000 1 0 0 0 0 0 0 0
Child: -26.878304 10.000000 102.000000 0.000000 15.300000 -18.378304 -10.000000 0.000000 0.000000 0.000000 0 0 0 0 0 0 0 0
Child: -18.378304 10.000000 102.000000 0.000000 15.300000 -9.878304 -10.000000 0.000000 0.000000 0.000000 0 0 0 0 0 0 0 0
Child: -9.878304 0.811304 10.000000 0.000000 1.500000 0.000000 -10.000000 0.000000 0.000000 0.000000 0 0 0 0 0 0 0 0
EGO_STATUS -1.750000 177.188696 0.900000 1.570796 13.901362 3.000000 -2.940000
DYNAMIC_OBS_INFO 0 1.750000 232.240409 -1.570000 53.790284 1.750000 232.240409 0.000000 0.000000
DYNAMIC_OBS_INFO 1 35.725117 209.500000 3.140000 48.594377 35.725117 209.500000 7.241987 2.827358
DYNAMIC_OBS_INFO 2 -74.911601 212.500000 0.000000 78.401278 -72.426135 212.500000 8.575554 1.937780
Parent: 266.645396 21.972263 221.000000 3041.945815 220.464113 -17.084617 0.000000 4.374679 45.000000 0.000000 1 0 0 0 0 0 0 0
Child: -17.084617 10.000000 102.000000 0.000000 15.300000 -8.584617 -10.000000 0.000000 0.000000 0.000000 0 0 0 0 0 0 0 0
Child: -8.584617 9.435886 96.000000 0.000000 14.400000 0.000000 -10.000000 0.000000 0.000000 0.000000 0 0 0 0 0 0 0 0
EGO_STATUS -1.750000 178.564114 1.000000 1.570796 13.607362 3.000000 -2.940000
DYNAMIC_OBS_INFO 0 1.750000 232.240409 -1.570000 52.447194 1.750000 232.240409 0.000000 0.000000
DYNAMIC_OBS_INFO 1 35.725117 209.500000 3.140000 47.748768 35.725117 209.500000 7.241987 2.827358
DYNAMIC_OBS_INFO 2 -74.911601 212.500000 0.000000 77.041423 -71.558891 212.500000 8.769332 1.937780
Parent: 267.343492 21.972263 221.000000 3041.945743 220.464113 -17.286519 0.000000 4.274684 44.000000 0.000000 1 0 0 0 0 0 0 0
Child: -17.286519 10.000000 102.000000 0.000000 15.300000 -8.786519 -10.000000 0.000000 0.000000 0.000000 0 0 0 0 0 0 0 0
Child: -8.786519 8.089870 82.000000 0.000000 12.300000 0.000000 -10.000000 0.000000 0.000000 0.000000 0 0 0 0 0 0 0 0
EGO_STATUS -1.750000 179.910130 1.100000 1.570796 13.313362 3.000000 -2.940000
DYNAMIC_OBS_INFO 0 1.750000 232.240409 -1.570000 51.133580 1.750000 232.240409 0.000000 0.000000
DYNAMIC_OBS_INFO 1 35.725117 209.500000 3.140000 46.944231 35.725117 209.500000 7.241987 2.827358
DYNAMIC_OBS_INFO 2 -74.911601 212.500000 0.000000 75.685501 -70.672269 212.500000 8.963110 1.937780
Parent: 269.045997 21.972263 221.000000 3041.945701 220.464113 -17.484013 0.000000 4.174687 42.000000 0.000000 1 0 0 0 0 0 0 0
Child: -17.484013 10.000000 102.000000 0.000000 15.300000 -8.984013 -10.000000 0.000000 0.000000 0.000000 0 0 0 0 0 0 0 0
Child: -8.984013 6.773246 69.000000 0.000000 10.350000 0.000000 -10.000000 0.000000 0.000000 0.000000 0 0 0 0 0 0 0 0
EGO_STATUS -1.750000 181.226754 1.200000 1.570796 13.019362 3.000000 -2.940000
DYNAMIC_OBS_INFO 0 1.750000 232.240409 -1.570000 49.849451 1.750000 232.240409 0.000000 0.000000
DYNAMIC_OBS_INFO 1 35.725117 209.500000 3.140000 46.180404 35.725117 209.500000 7.241987 2.827358
DYNAMIC_OBS_INFO 2 -74.911601 212.500000 0.000000 74.332861 -69.766269 212.500000 9.156888 1.937780
Parent: -53.032129 10.876814 110.000000 9.434295 12.930768 -17.677097 -10.000000 3.433508 31.000000 0.000000 0 0 0 0 0 0 0 0
Child: -17.677097 10.000000 102.000000 0.000000 15.300000 -9.177097 -10.000000 0.000000 0.000000 0.000000 0 0 0 0 0 0 0 0
Child: -9.177097 5.486020 56.000000 0.000000 8.400000 0.000000 -10.000000 0.000000 0.000000 0.000000 0 0 0 0 0 0 0 0
EGO_STATUS -1.750000 182.513980 1.300000 1.570796 12.725362 3.000000 -2.940000
DYNAMIC_OBS_INFO 0 1.750000 232.240409 -1.570000 48.594823 1.750000 232.240409 0.000000 0.000000
DYNAMIC_OBS_INFO 1 35.725117 209.500000 3.140000 45.456848 35.725117 209.500000 7.241987 2.827358
DYNAMIC_OBS_INFO 2 -74.911601 212.500000 0.000000 72.982858 -68.840891 212.500000 9.350666 1.937780
Parent: -52.320798 10.876814 110.000000 9.434232 12.930768 -17.865769 -10.000000 3.333517 30.000000 0.000000 0 0 0 0 0 0 0 0
Child: -17.865769 10.000000 102.000000 0.000000 15.300000 -9.365769 -10.000000 0.000000 0.000000 0.000000 0 0 0 0 0 0 0 0
Child: -9.365769 4.228207 44.000000 0.000000 6.600000 0.000000 -10.000000 0.000000 0.000000 0.000000 0 0 0 0 0 0 0 0
EGO_STATUS -1.750000 183.771793 1.400000 1.570796 12.431362 3.000000 -2.940000
DYNAMIC_OBS_INFO 0 1.750000 232.240409 -1.570000 47.369680 1.750000 232.240409 0.000000 0.000000
DYNAMIC_OBS_INFO 1 35.725117 209.500000 3.140000 44.773030 35.725117 209.500000 7.241987 2.827358
DYNAMIC_OBS_INFO 2 -74.911601 212.500000 0.000000 71.634836 -67.896135 212.500000 9.544444 1.937780
Parent: 272.179972 21.972263 221.000000 3041.945515 220.464113 -18.050031 0.000000 3.874699 38.000000 0.000000 1 0 0 0 0 0 0 0
Child: -18.050031 10.000000 102.000000 0.000000 15.300000 -9.550031 -10.000000 0.000000 0.000000 0.000000 0 0 0 0 0 0 0 0
Child: -9.550031 2.999791 31.000000 0.000000 4.650000 0.000000 -10.000000 0.000000 0.000000 0.000000 0 0 0 0 0 0 0 0
EGO_STATUS -1.750000 185.000209 1.500000 1.570796 12.137362 3.000000 -2.940000
DYNAMIC_OBS_INFO 0 1.750000 232.240409 -1.570000 46.174007 1.750000 232.240409 0.000000 0.000000
DYNAMIC_OBS_INFO 1 35.725117 209.500000 3.140000 44.128332 35.725117 209.500000 7.241987 2.827358
DYNAMIC_OBS_INFO 2 -74.911601 212.500000 0.000000 70.288144 -66.932002 212.500000 9.738222 1.937780
Parent: 272.900117 21.972263 221.000000 3041.945511 220.464113 -18.229887 0.000000 3.774699 37.000000 0.000000 1 0 0 0 0 0 0 0
Child: -18.229887 10.000000 102.000000 0.000000 15.300000 -9.729887 -10.000000 0.000000 0.000000 0.000000 0 0 0 0 0 0 0 0
Child: -9.729887 1.800756 20.000000 0.000000 3.000000 0.000000 -10.000000 0.000000 0.000000 0.000000 0 0 0 0 0 0 0 0
EGO_STATUS -1.750000 186.199244 1.600000 1.570796 11.843362 3.000000 -2.940000
DYNAMIC_OBS_INFO 0 1.750000 232.240409 -1.570000 45.007846 1.750000 232.240409 0.000000 0.000000
DYNAMIC_OBS_INFO 1 35.725117 209.500000 3.140000 43.522085 35.725117 209.500000 7.241987 2.827358
DYNAMIC_OBS_INFO 2 -74.911601 212.500000 0.000000 68.942154 -65.948491 212.500000 9.932000 1.937780
Parent: 273.624672 21.972263 221.000000 3041.945430 220.464113 -18.405329 0.000000 3.674704 36.000000 0.000000 1 0 0 0 0 0 0 0
Child: -18.405329 10.000000 102.000000 0.000000 15.300000 -9.905329 -10.000000 0.000000 0.000000 0.000000 0 0 0 0 0 0 0 0
Child: -9.905329 0.631143 8.000000 0.000000 1.200000 0.000000 -10.000000 0.000000 0.000000 0.000000 0 0 0 0 0 0 0 0
EGO_STATUS -1.750000 187.368857 1.700000 1.570796 11.549362 3.000000 -2.940000
DYNAMIC_OBS_INFO 0 1.750000 232.240409 -1.570000 43.871162 1.750000 232.240409 0.000000 0.000000
DYNAMIC_OBS_INFO 1 35.725117 209.500000 3.140000 42.953498 35.725117 209.500000 7.241987 2.827358
DYNAMIC_OBS_INFO 2 -74.911601 212.500000 0.000000 67.596214 -64.945602 212.500000 10.125778 1.937780
Parent: 284.353637 21.972263 221.000000 3041.945397 220.464113 -8.576362 0.000000 3.574707 35.000000 0.000000 1 0 0 0 0 0 0 0
Child: -8.576362 9.490917 96.000000 0.000000 14.400000 0.000000 -10.000000 0.000000 0.000000 0.000000 0 0 0 0 0 0 0 0
EGO_STATUS -1.750000 188.509083 1.800000 1.570796 11.255362 3.000000 -2.940000
DYNAMIC_OBS_INFO 0 1.750000 232.240409 -1.570000 42.763970 1.750000 232.240409 0.000000 0.000000
DYNAMIC_OBS_INFO 1 35.725117 209.500000 3.140000 42.421722 35.725117 209.500000 7.241987 2.827358
DYNAMIC_OBS_INFO 2 -74.911601 212.500000 0.000000 66.249696 -63.923335 212.500000 10.319556 1.937780
Parent: 475.790539 33.451863 336.000000 3164.955953 1931.054087 0.000000 0.000000 2.436286 34.000000 0.000000 1 0 1 0 0 0 0 0
EGO_STATUS -1.750000 189.619908 1.900000 1.570796 10.961362 3.000000 -2.940000
DYNAMIC_OBS_INFO 0 1.750000 232.240409 -1.570000 41.660275 1.750000 232.240409 0.000000 0.000000
DYNAMIC_OBS_INFO 1 35.725117 209.500000 3.140000 41.914130 35.725117 209.500000 7.241987 2.827358
DYNAMIC_OBS_INFO 2 -74.911601 212.500000 0.000000 64.893212 -62.881691 212.500000 10.513334 1.937780
Parent: 482.019433 25.478720 256.000000 3162.353517 2159.149586 -6.941895 -10.000000 2.332071 33.000000 0.000000 1 0 1 0 0 0 0 0
Child: -6.941895 7.272583 74.000000 20.016837 11.100000 0.000000 -10.000000 0.000000 0.000000 0.000000 0 0 1 0 0 0 0 0
EGO_STATUS -1.750000 190.727417 2.000000 1.570798 11.188701 5.000000 2.273394
DYNAMIC_OBS_INFO 0 1.750000 232.240409 -1.570000 40.530800 1.750000 232.240409 0.000000 0.000000
DYNAMIC_OBS_INFO 1 35.725117 209.500000 3.140000 40.752510 34.986783 209.501176 7.524723 2.827358
DYNAMIC_OBS_INFO 2 -74.911601 212.500000 0.000000 63.517339 -61.820669 212.500000 10.707112 1.937780
Parent: 482.732692 25.478720 256.000000 3162.353492 2159.149586 -7.128631 -10.000000 2.232069 32.000000 0.000000 1 0 1 0 0 0 0 0
Child: -7.128631 6.138988 63.000000 20.016782 9.450000 0.000000 -10.000000 0.000000 0.000000 0.000000 0 0 1 0 0 0 0 0
EGO_STATUS -1.750006 191.861012 2.100000 1.570807 11.482701 5.000000 2.940000
DYNAMIC_OBS_INFO 0 1.750000 232.240409 -1.570000 39.372280 1.750000 232.240409 0.000000 0.000000
DYNAMIC_OBS_INFO 1 35.725117 209.500000 3.140000 39.565043 34.220175 209.502397 7.807458 2.827358
DYNAMIC_OBS_INFO 2 -74.911601 212.500000 0.000000 62.122163 -60.740268 212.500000 10.900890 1.937780
Parent: 469.418062 30.075445 302.000000 3164.836084 1929.081394 0.000000 -10.000000 2.127224 30.000000 0.000000 1 0 1 0 0 0 0 0
EGO_STATUS -1.750025 193.024007 2.200000 1.570816 11.776701 5.000000 2.940000
DYNAMIC_OBS_INFO 0 1.750000 232.240409 -1.570000 38.188354 1.750000 232.240409 0.000000 0.000000
DYNAMIC_OBS_INFO 1 35.725117 209.500000 3.140000 38.355117 33.425293 209.503663 8.090194 2.827358
DYNAMIC_OBS_INFO 2 -74.911601 212.500000 0.000000 60.710183 -59.640491 212.500000 11.094668 1.937780
Parent: 684.747279 34.393635 345.000000 3362.070103 3948.246294 2.521517 -10.000000 2.447930 39.000000 0.000000 1 1 1 0 0 0 0 0
Child: 2.521517 3.787213 39.000000 20.116105 5.850000 0.000000 0.000000 0.000000 0.000000 0.000000 0 0 1 0 0 0 0 0
EGO_STATUS -1.750041 194.212787 2.300000 1.570794 11.998741 5.000000 2.220405
DYNAMIC_OBS_INFO 0 1.750000 232.240409 -1.570000 36.979042 1.750000 232.240409 0.000000 0.000000
DYNAMIC_OBS_INFO 1 35.725117 209.500000 3.140000 37.124750 32.602138 209.504974 8.372930 2.827358
DYNAMIC_OBS_INFO 2 -74.911601 212.500000 0.000000 59.282890 -58.521335 212.500000 11.288446 1.937780
Parent: 659.010586 34.393635 345.000000 3095.103291 3948.246294 -7.697393 0.000000 2.544522 38.000000 0.000000 1 0 1 0 0 0 0 0
Child: -7.697393 2.572627 27.000000 20.116107 4.050000 0.000000 -10.000000 0.000000 0.000000 0.000000 0 0 1 0 0 0 0 0
EGO_STATUS -1.749983 195.427373 2.400000 1.570711 12.292741 0.000000 2.940000
DYNAMIC_OBS_INFO 0 1.750000 232.240409 -1.570000 35.740819 1.750000 232.240409 0.000000 0.000000
DYNAMIC_OBS_INFO 1 35.725117 209.500000 3.140000 35.875194 31.750709 209.506330 8.655666 2.827358
DYNAMIC_OBS_INFO 2 -74.911601 212.500000 0.000000 57.840825 -57.382801 212.500000 11.482224 1.937780
Parent: 658.889149 34.393635 345.000000 3086.746286 3948.246294 1.979685 -10.000000 2.579129 37.000000 0.000000 1 0 1 0 0 0 0 0
Child: 1.979685 1.328630 15.000000 20.100299 2.250000 0.000000 0.000000 0.000000 0.000000 0.000000 0 0 1 0 0 0 0 0
EGO_STATUS -1.749938 196.671370 2.500000 1.570839 12.586741 0.000000 2.940000
DYNAMIC_OBS_INFO 0 1.750000 232.240409 -1.570000 34.483539 1.750000 232.240409 0.000000 0.000000
DYNAMIC_OBS_INFO 1 35.725117 209.500000 3.140000 34.612993 30.871007 209.507731 8.938401 2.827358
DYNAMIC_OBS_INFO 2 -74.911601 212.500000 0.000000 56.388424 -56.224890 212.500000 11.676002 1.937780
Parent: 686.087216 34.393635 345.000000 3360.322737 3948.246294 -8.688123 0.000000 2.171705 36.000000 0.000000 1 1 1 0 0 0 0 0
Child: -8.688123 0.065049 2.000000 40.035065 0.300000 0.000000 -10.000000 0.000000 0.000000 0.000000 0 0 1 0 1 0 0 0
EGO_STATUS -1.750000 197.934951 2.600000 1.570799 12.684741 2.000000 0.980000
DYNAMIC_OBS_INFO 0 1.750000 232.240409 -1.570000 33.207911 1.750000 232.240409 0.000000 0.000000
DYNAMIC_OBS_INFO 1 35.725117 209.500000 3.140000 33.338558 29.963031 209.509177 9.221137 2.827358
DYNAMIC_OBS_INFO 2 -74.911601 212.500000 0.000000 54.930641 -55.047601 212.500000 11.869780 1.937780
Parent: 641.681669 10.000000 101.000000 20.000000 2055.350680 477.843014 -10.000000 2.358390 34.000000 0.000000 0 0 1 0 0 0 0 0
Child: 477.843014 23.310609 235.000000 3170.328301 1646.924927 0.000000 0.000000 0.000000 0.000000 0.000000 1 0 1 0 1 0 0 0
EGO_STATUS -1.747120 199.217152 2.700000 1.563793 12.968692 0.000000 2.940000
DYNAMIC_OBS_INFO 0 1.750000 232.240409 -1.570000 31.911497 1.750000 232.240409 0.000000 0.000000
DYNAMIC_OBS_INFO 1 35.725117 209.500000 3.140000 32.039730 29.026782 209.510668 9.503873 2.827358
DYNAMIC_OBS_INFO 2 -74.911601 212.500000 0.000000 53.484909 -53.850934 212.500000 12.063558 1.937780
Parent: 809.005375 42.318474 425.000000 3103.475336 5524.238056 0.000000 -10.000000 2.919108 43.000000 0.000000 1 0 1 0 0 0 0 0
EGO_STATUS -1.725276 200.518712 2.800000 1.541939 13.066692 2.000000 0.980000
DYNAMIC_OBS_INFO 0 1.750000 232.240409 -1.570000 30.602778 1.750000 232.240409 0.000000 0.000000
DYNAMIC_OBS_INFO 1 35.725117 209.500000 3.140000 30.705017 28.062259 209.512204 9.786609 2.827358
DYNAMIC_OBS_INFO 2 -74.911601 212.500000 0.000000 52.074072 -52.634889 212.500000 12.257336 1.937780
Parent: 670.002157 41.095448 412.000000 3392.688795 3720.875672 0.000000 0.000000 2.450897 42.000000 0.000000 1 1 1 0 0 0 0 0
EGO_STATUS -1.665918 201.828873 2.900000 1.507246 13.164692 2.000000 0.980000
DYNAMIC_OBS_INFO 0 1.750000 232.240409 -1.570000 29.272188 1.750000 232.240409 0.000000 0.000000
DYNAMIC_OBS_INFO 1 35.725117 209.500000 3.140000 29.319396 27.069463 209.513785 10.069344 2.827358
DYNAMIC_OBS_INFO 2 -74.911601 212.500000 0.000000 50.715758 -51.399467 212.500000 12.451114 1.937780
Parent: 640.320876 39.764141 399.000000 3079.341940 3717.464518 0.000000 0.000000 2.954532 40.000000 0.000000 1 0 0 0 0 0 0 0
EGO_STATUS -1.552097 203.155066 3.000000 1.461606 13.458692 0.000000 2.940000
DYNAMIC_OBS_INFO 0 1.750000 232.240409 -1.570000 27.926864 1.750000 232.240409 0.000000 0.000000
DYNAMIC_OBS_INFO 1 35.725117 209.500000 3.140000 27.875050 26.048393 209.515412 10.352080 2.827358
DYNAMIC_OBS_INFO 2 -74.911601 212.500000 0.000000 49.428665 -50.144666 212.500000 12.644892 1.937780
Parent: 678.508066 10.000000 101.000000 270.000000 15.147906 706.512158 -10.000000 2.763442 49.000000 0.000000 0 1 1 0 0 0 0 0
Child: 706.512158 38.418140 386.000000 3389.286280 3709.279493 0.000000 0.000000 0.000000 0.000000 0.000000 1 1 1 0 0 0 0 0
EGO_STATUS -1.369610 204.488332 3.100000 1.406654 13.458692 4.000000 0.000000
DYNAMIC_OBS_INFO 0 1.750000 232.240409 -1.570000 26.571469 1.750000 232.240409 0.000000 0.000000
DYNAMIC_OBS_INFO 1 35.725117 209.500000 3.140000 26.364827 24.999049 209.517083 10.634816 2.827358
DYNAMIC_OBS_INFO 2 -74.911601 212.500000 0.000000 48.229263 -48.870488 212.500000 12.838670 1.937780
Parent: 623.150328 10.000000 101.000000 0.000000 15.147906 676.228846 -10.000000 3.421689 48.000000 0.000000 0 0 0 0 0 0 0 0
Child: 676.228846 37.057430 372.000000 3082.845524 3705.459254 0.000000 0.000000 0.000000 0.000000 0.000000 1 0 0 0 0 0 0 0
EGO_STATUS -1.105676 205.822838 3.200000 1.343267 13.752692 0.000000 2.940000
DYNAMIC_OBS_INFO 0 1.750000 232.240409 -1.570000 25.213876 1.750000 232.240409 0.000000 0.000000
DYNAMIC_OBS_INFO 1 35.725117 209.500000 3.140000 24.783466 23.921432 209.518799 10.917552 2.827358
DYNAMIC_OBS_INFO 2 -74.911601 212.500000 0.000000 47.132849 -47.576932 212.500000 13.032448 1.937780
Parent: 993.061948 45.572630 457.000000 3070.871565 7425.866102 0.000000 -10.000000 3.313724 47.000000 0.000000 1 0 0 0 0 0 0 0
EGO_STATUS -0.748631 207.150643 3.300000 1.271829 13.752692 4.000000 0.000000
DYNAMIC_OBS_INFO 0 1.750000 232.240409 -1.570000 23.880073 1.750000 232.240409 0.000000 0.000000
DYNAMIC_OBS_INFO 1 35.725117 209.500000 3.140000 23.133523 22.815542 209.520560 11.200287 2.827358
DYNAMIC_OBS_INFO 2 -74.911601 212.500000 0.000000 46.149140 -46.263999 212.500000 13.226226 1.937780
Parent: 687.122578 10.000000 101.000000 270.000000 15.147906 712.351418 -10.000000 2.538695 46.000000 0.000000 0 1 1 0 0 0 0 0
Child: 712.351418 34.387991 345.000000 3382.318487 3764.398429 0.000000 0.000000 0.000000 0.000000 0.000000 1 1 1 0 0 0 0 0
EGO_STATUS -0.293099 208.447897 3.400000 1.193284 13.752692 4.000000 0.000000
DYNAMIC_OBS_INFO 0 1.750000 232.240409 -1.570000 22.572132 1.750000 232.240409 0.000000 0.000000
DYNAMIC_OBS_INFO 1 35.725117 209.500000 3.140000 21.408627 21.681377 209.522367 11.483023 2.827358
DYNAMIC_OBS_INFO 2 -74.911601 212.500000 0.000000 45.290928 -44.931687 212.500000 13.420004 1.937780
Parent: 631.372093 10.000000 101.000000 0.000000 15.147906 681.811226 -10.000000 3.061075 45.000000 0.000000 0 0 0 0 0 0 0 0
Child: 681.811226 32.997973 331.000000 3085.385146 3753.808137 0.000000 0.000000 0.000000 0.000000 0.000000 1 0 0 0 0 0 0 0
EGO_STATUS 0.273632 209.716611 3.500000 1.107035 14.046692 0.000000 2.940000
DYNAMIC_OBS_INFO 0 1.750000 232.240409 -1.570000 21.313088 1.750000 232.240409 0.000000 0.000000
DYNAMIC_OBS_INFO 1 35.725117 209.500000 3.140000 19.611010 20.518940 209.524218 11.765759 2.827358
DYNAMIC_OBS_INFO 2 -74.911601 212.500000 0.000000 44.566485 -43.579998 212.500000 13.613782 1.937780
Parent: 5733.142423 41.524982 417.000000 53367.502241 4613.584080 0.000000 0.000000 2.368928 43.000000 0.000000 1 1 1 0 0 0 0 5
EGO_STATUS 0.959246 210.941996 3.600000 1.013274 14.046692 4.000000 0.000000
DYNAMIC_OBS_INFO 0 1.750000 232.240409 -1.570000 20.133608 1.750000 232.240409 0.000000 0.000000
DYNAMIC_OBS_INFO 1 35.725117 209.500000 3.140000 17.747614 19.328229 209.526115 12.048495 2.827358
DYNAMIC_OBS_INFO 2 -74.911601 212.500000 0.000000 43.979936 -42.208931 212.500000 13.807560 1.937780
Parent: 634.706488 10.000000 101.000000 0.000000 15.147906 683.402885 -10.000000 2.803810 43.000000 0.000000 0 0 0 0 0 0 0 0
Child: 683.402885 30.208577 304.000000 3087.404647 3789.929359 0.000000 0.000000 0.000000 0.000000 0.000000 1 0 0 0 0 0 0 0
EGO_STATUS 1.769248 212.106811 3.700000 0.912110 14.340692 0.000000 2.940000
DYNAMIC_OBS_INFO 0 1.750000 232.240409 -1.570000 19.072774 1.750000 232.240409 0.000000 0.000000
DYNAMIC_OBS_INFO 1 35.725117 209.500000 3.140000 15.832818 18.109244 209.528056 12.331231 2.827358
DYNAMIC_OBS_INFO 2 -74.911601 212.500000 0.000000 43.530093 -40.818486 212.500000 14.001338 1.937780
Parent: 10614.308519 18.285185 184.000000 103099.437109 3905.871711 0.000000 0.000000 2.548335 22.000000 0.000000 1 0 0 1 0 0 0 10
EGO_STATUS 2.706113 213.191616 3.800000 0.803988 14.340692 4.000000 0.000000
DYNAMIC_OBS_INFO 0 1.750000 232.240409 -1.570000 18.201344 1.750000 232.240409 0.000000 0.000000
DYNAMIC_OBS_INFO 1 35.725117 209.500000 3.140000 13.916066 16.861986 209.530042 12.613966 2.827358
DYNAMIC_OBS_INFO 2 -74.911601 212.500000 0.000000 43.174436 -39.408663 212.500000 14.195116 1.937780
Parent: 654.134892 10.000000 101.000000 0.000000 15.147906 700.908542 -10.000000 2.726558 41.000000 0.000000 0 0 0 0 0 0 0 0
Child: 700.908542 27.497507 276.000000 3075.691950 3959.518800 0.000000 0.000000 0.000000 0.000000 0.000000 1 0 0 0 0 0 0 0
EGO_STATUS 3.734325 214.147555 3.900000 0.693407 13.752692 1.000000 -5.880000
DYNAMIC_OBS_INFO 0 1.750000 232.240409 -1.570000 17.547654 1.750000 232.240409 0.000000 0.000000
DYNAMIC_OBS_INFO 1 35.725117 209.500000 3.140000 12.044065 15.586454 209.532074 12.896702 2.827358
DYNAMIC_OBS_INFO 2 -74.911601 212.500000 0.000000 42.888650 -37.979462 212.500000 14.388894 1.937780
Parent: 1614.942579 10.000000 101.000000 0.000000 15.147906 1660.816236 -10.000000 2.626551 40.000000 0.000000 0 0 0 0 0 0 0 0
Child: 1660.816236 26.122147 263.000000 13075.341703 3746.578718 0.000000 -10.000000 0.000000 0.000000 0.000000 1 0 0 0 0 0 0 1
EGO_STATUS 4.838197 214.966637 4.000000 0.583476 13.752692 4.000000 0.000000
DYNAMIC_OBS_INFO 0 1.750000 232.240409 -1.570000 17.122346 1.750000 232.240409 0.000000 0.000000
DYNAMIC_OBS_INFO 1 35.725117 209.500000 3.140000 10.282019 14.282649 209.534150 13.179438 2.827358
DYNAMIC_OBS_INFO 2 -74.911601 212.500000 0.000000 42.672986 -36.530884 212.500000 14.582672 1.937780
Parent: 10508.291507 30.072872 302.000000 10.578468 765.402495 10486.782189 -10.000000 3.237875 49.000000 0.000000 0 0 0 0 0 0 0 0
Child: 10486.782189 14.456622 146.000000 103163.882938 2844.989121 0.000000 -10.000000 0.000000 0.000000 0.000000 1 0 0 0 1 0 0 10
EGO_STATUS 6.024916 215.660306 4.100000 0.474928 13.752692 4.000000 0.000000
DYNAMIC_OBS_INFO 0 1.750000 232.240409 -1.570000 16.945340 1.750000 232.240409 0.000000 0.000000
DYNAMIC_OBS_INFO 1 35.725117 209.500000 3.140000 8.767552 12.950570 209.536272 13.462174 2.827358
DYNAMIC_OBS_INFO 2 -74.911601 212.500000 0.000000 42.505521 -35.062928 212.500000 14.776450 1.937780
Parent: 485.652556 10.000000 101.000000 0.000000 15.147906 538.994011 -10.000000 3.158752 48.000000 0.000000 0 0 0 0 0 0 0 0
Child: 538.994011 10.000000 101.000000 0.000000 15.147906 547.494218 -10.000000 0.000000 0.000000 0.000000 0 0 0 0 0 0 0 0
Child: 547.494218 23.441347 236.000000 3102.462179 2510.211565 0.000000 -10.000000 0.000000 0.000000 0.000000 1 0 0 0 0 0 0 0
EGO_STATUS 7.279273 216.222553 4.200000 0.367714 13.752692 4.000000 0.000000
DYNAMIC_OBS_INFO 0 1.750000 232.240409 -1.570000 17.030312 1.750000 232.240409 0.000000 0.000000
DYNAMIC_OBS_INFO 1 35.725117 209.500000 3.140000 7.713025 11.590217 209.538439 13.744909 2.827358
DYNAMIC_OBS_INFO 2 -74.911601 212.500000 0.000000 42.366501 -33.575594 212.500000 14.970228 1.937780
Parent: 458.071461 10.000000 101.000000 0.000000 15.147906 510.512920 -10.000000 3.058748 47.000000 0.000000 0 0 0 0 0 0 0 0
Child: 510.512920 10.000000 101.000000 0.000000 15.147906 519.013128 -10.000000 0.000000 0.000000 0.000000 0 0 0 0 0 0 0 0
Child: 519.013128 22.066017 222.000000 3102.456940 2219.795653 0.000000 -10.000000 0.000000 0.000000 0.000000 1 0 0 0 0 0 0 0
EGO_STATUS 8.587837 216.643118 4.300000 0.251753 13.752692 4.000000 0.000000
DYNAMIC_OBS_INFO 0 1.750000 232.240409 -1.570000 17.390798 1.750000 232.240409 0.000000 0.000000
DYNAMIC_OBS_INFO 1 35.725117 209.500000 3.140000 7.361965 10.201591 209.540650 14.027645 2.827358
DYNAMIC_OBS_INFO 2 -74.911601 212.500000 0.000000 42.236718 -32.068882 212.500000 15.164006 1.937780
Parent: 431.340060 10.000000 101.000000 0.000000 15.147906 481.881523 -10.000000 2.958745 45.000000 0.000000 0 0 0 0 0 0 0 0
Child: 481.881523 10.000000 101.000000 0.000000 15.147906 490.381730 -10.000000 0.000000 0.000000 0.000000 0 0 0 0 0 0 0 0
Child: 490.381730 20.690707 208.000000 3102.448323 1927.800239 0.000000 -10.000000 0.000000 0.000000 0.000000 1 0 0 0 0 0 0 0
EGO_STATUS 9.938245 216.897903 4.400000 0.118493 13.752692 4.000000 0.000000
DYNAMIC_OBS_INFO 0 1.750000 232.240409 -1.570000 18.024137 1.750000 232.240409 0.000000 0.000000
DYNAMIC_OBS_INFO 1 35.725117 209.500000 3.140000 7.836417 8.784692 209.542907 14.310381 2.827358
DYNAMIC_OBS_INFO 2 -74.911601 212.500000 0.000000 42.090677 -30.542793 212.500000 15.357784 1.937780
Parent: 399.181174 10.000000 101.000000 0.000000 15.147906 448.822640 -10.000000 2.858742 44.000000 0.000000 0 0 0 0 0 0 0 0
Child: 448.822640 10.000000 101.000000 0.000000 15.147906 457.322848 -10.000000 0.000000 0.000000 0.000000 0 0 0 0 0 0 0 0
Child: 457.322848 19.315393 195.000000 3102.442795 1615.450134 0.000000 -10.000000 0.000000 0.000000 0.000000 1 0 0 0 0 0 0 0
EGO_STATUS 11.310816 216.961001 4.500000 -0.027753 13.752692 4.000000 0.000000
DYNAMIC_OBS_INFO 0 1.750000 232.240409 -1.570000 18.898684 1.750000 232.240409 0.000000 0.000000
DYNAMIC_OBS_INFO 1 35.725117 209.500000 3.140000 9.024394 7.339519 209.545208 14.593117 2.827358
DYNAMIC_OBS_INFO 2 -74.911601 212.500000 0.000000 41.898498 -28.997326 212.500000 15.551562 1.937780
Parent: 369.172999 10.000000 101.000000 0.000000 15.147906 417.914469 -10.000000 2.758738 43.000000 0.000000 0 0 0 0 0 0 0 0
Child: 417.914469 10.000000 101.000000 0.000000 15.147906 426.414676 -10.000000 0.000000 0.000000 0.000000 0 0 0 0 0 0 0 0
Child: 426.414676 17.940074 181.000000 3097.400640 1305.650047 0.000000 -10.000000 0.000000 0.000000 0.000000 1 0 0 0 0 0 0 0
EGO_STATUS 12.677721 216.821422 4.600000 -0.174411 13.752692 4.000000 0.000000
DYNAMIC_OBS_INFO 0 1.750000 232.240409 -1.570000 19.959104 1.750000 232.240409 0.000000 0.000000
DYNAMIC_OBS_INFO 1 35.725117 209.500000 3.140000 10.704248 5.866072 209.547555 14.875852 2.827358
DYNAMIC_OBS_INFO 2 -74.911601 212.500000 0.000000 41.636227 -27.432480 212.500000 15.745340 1.937780
Parent: 339.965671 10.000000 101.000000 0.000000 15.147906 386.807143 -10.000000 2.658735 41.000000 0.000000 0 0 0 0 0 0 0 0
Child: 386.807143 10.000000 101.000000 0.000000 15.147906 395.307350 -10.000000 0.000000 0.000000 0.000000 0 0 0 0 0 0 0 0
Child: 395.307350 16.564763 167.000000 3081.313394 1004.849956 0.000000 -10.000000 0.000000 0.000000 0.000000 1 0 0 0 0 0 0 0
EGO_STATUS 14.011928 216.492046 4.700000 -0.305633 13.752692 4.000000 0.000000
DYNAMIC_OBS_INFO 0 1.750000 232.240409 -1.570000 21.143169 1.750000 232.240409 0.000000 0.000000
DYNAMIC_OBS_INFO 1 35.725117 209.500000 3.140000 12.699744 4.364352 209.549947 15.158588 2.827358
DYNAMIC_OBS_INFO 2 -74.911601 212.500000 0.000000 41.296525 -25.848257 212.500000 15.939118 1.937780
Parent: 313.423604 10.000000 101.000000 0.000000 15.147906 359.365079 -10.000000 2.558733 40.000000 0.000000 0 0 0 0 0 0 0 0
Child: 359.365079 10.000000 101.000000 0.000000 15.147906 367.865286 -10.000000 0.000000 0.000000 0.000000 0 0 0 0 0 0 0 0
Child: 367.865286 15.189464 153.000000 3072.900719 733.249896 0.000000 -10.000000 0.000000 0.000000 0.000000 1 0 0 0 0 0 0 0
EGO_STATUS 15.298921 216.008948 4.800000 -0.406294 13.752692 4.000000 0.000000
DYNAMIC_OBS_INFO 0 1.750000 232.240409 -1.570000 22.397262 1.750000 232.240409 0.000000 0.000000
DYNAMIC_OBS_INFO 1 35.725117 209.500000 3.140000 14.913423 2.834358 209.552384 15.441324 2.827358
DYNAMIC_OBS_INFO 2 -74.911601 212.500000 0.000000 40.892639 -24.244657 212.500000 16.132896 1.937780
Parent: 268.341706 10.000000 101.000000 0.000000 15.147906 322.656052 -10.000000 3.185862 49.000000 0.000000 0 0 0 0 0 0 0 0
Child: 322.656052 10.000000 101.000000 0.000000 15.147906 331.156260 -10.000000 0.000000 0.000000 0.000000 0 0 0 0 0 0 0 0
Child: 331.156260 10.000000 101.000000 0.000000 15.147906 339.656467 -10.000000 0.000000 0.000000 0.000000 0 0 0 0 0 0 0 0
Child: 339.656467 13.814173 140.000000 3072.900367 470.699769 0.000000 -10.000000 0.000000 0.000000 0.000000 1 0 0 0 0 0 0 0
EGO_STATUS 16.543317 215.423896 4.900000 -0.464994 13.752692 4.000000 0.000000
DYNAMIC_OBS_INFO 0 1.750000 232.240409 -1.570000 23.682422 1.750000 232.240409 0.000000 0.000000
DYNAMIC_OBS_INFO 1 35.725117 209.500000 3.140000 17.303212 1.276091 209.554865 15.724060 2.827358
DYNAMIC_OBS_INFO 2 -74.911601 212.500000 0.000000 40.453464 -22.621678 212.500000 16.326674 1.937780
Parent: 246.085643 10.000000 101.000000 0.000000 15.147906 299.499990 -10.000000 3.085860 48.000000 0.000000 0 0 0 0 0 0 0 0
Child: 299.499990 10.000000 101.000000 0.000000 15.147906 308.000198 -10.000000 0.000000 0.000000 0.000000 0 0 0 0 0 0 0 0
Child: 308.000198 10.000000 101.000000 0.000000 15.147906 316.500405 -10.000000 0.000000 0.000000 0.000000 0 0 0 0 0 0 0 0
Child: 316.500405 12.438882 126.000000 3072.895225 234.399645 0.000000 -10.000000 0.000000 0.000000 0.000000 1 0 0 0 0 0 0 0
EGO_STATUS 17.766606 214.795483 5.000000 -0.476092 13.752692 4.000000 0.000000
DYNAMIC_OBS_INFO 0 1.750000 232.240409 -1.570000 24.971364 1.750000 232.240409 0.000000 0.000000
DYNAMIC_OBS_INFO 1 35.725117 209.500000 3.140000 19.854292 -0.310449 209.557392 16.006795 2.827358
DYNAMIC_OBS_INFO 2 -74.911601 212.500000 0.000000 40.012329 -20.979322 212.500000 16.520452 1.937780
Parent: 234.277178 10.000000 101.000000 0.000000 15.147906 285.791527 -10.000000 2.985858 46.000000 0.000000 0 0 0 0 0 0 0 0
Child: 285.791527 10.000000 101.000000 0.000000 15.147906 294.291734 -10.000000 0.000000 0.000000 0.000000 0 0 0 0 0 0 0 0
Child: 294.291734 10.000000 101.000000 0.000000 15.147906 302.791941 -10.000000 0.000000 0.000000 0.000000 0 0 0 0 0 0 0 0
Child: 302.791941 11.063591 112.000000 3072.885642 93.599500 0.000000 -10.000000 0.000000 0.000000 0.000000 1 0 0 0 0 0 0 0
EGO_STATUS 18.997618 214.182483 5.100000 -0.440740 13.752692 4.000000 0.000000
DYNAMIC_OBS_INFO 0 1.750000 232.240409 -1.570000 26.242292 1.750000 232.240409 0.000000 0.000000
DYNAMIC_OBS_INFO 1 35.725117 209.500000 3.140000 22.557626 -1.925264 209.559964 16.289531 2.827358
DYNAMIC_OBS_INFO 2 -74.911601 212.500000 0.000000 39.594495 -19.317588 212.500000 16.714230 1.937780
Parent: 230.945081 10.000000 101.000000 0.000000 15.147906 281.559432 -10.000000 2.885857 45.000000 0.000000 0 0 0 0 0 0 0 0
Child: 281.559432 10.000000 101.000000 0.000000 15.147906 290.059639 -10.000000 0.000000 0.000000 0.000000 0 0 0 0 0 0 0 0
Child: 290.059639 10.000000 101.000000 0.000000 15.147906 298.559846 -10.000000 0.000000 0.000000 0.000000 0 0 0 0 0 0 0 0
Child: 298.559846 9.688306 98.000000 3072.872229 48.299364 0.000000 -10.000000 0.000000 0.000000 0.000000 1 0 0 0 0 0 0 0
EGO_STATUS 20.260526 213.638841 5.200000 -0.366941 13.752692 4.000000 0.000000
DYNAMIC_OBS_INFO 0 1.750000 232.240409 -1.570000 27.475707 1.750000 232.240409 0.000000 0.000000
DYNAMIC_OBS_INFO 1 35.725117 209.500000 3.140000 25.397132 -3.568352 209.562581 16.572267 2.827358
DYNAMIC_OBS_INFO 2 -74.911601 212.500000 0.000000 39.208709 -17.636476 212.500000 16.908008 1.937780
Parent: 225.940291 10.000000 101.000000 0.000000 15.147906 275.654642 -10.000000 2.785857 44.000000 0.000000 0 0 0 0 0 0 0 0
Child: 275.654642 10.000000 101.000000 0.000000 15.147906 284.154849 -10.000000 0.000000 0.000000 0.000000 0 0 0 0 0 0 0 0
Child: 284.154849 10.000000 101.000000 0.000000 15.147906 292.655056 -10.000000 0.000000 0.000000 0.000000 0 0 0 0 0 0 0 0
Child: 292.655056 8.313030 85.000000 3072.872208 21.749136 0.000000 -10.000000 0.000000 0.000000 0.000000 1 0 0 0 0 0 0 0
EGO_STATUS 21.565847 213.207629 5.300000 -0.268616 13.752692 4.000000 0.000000
DYNAMIC_OBS_INFO 0 1.750000 232.240409 -1.570000 28.657034 1.750000 232.240409 0.000000 0.000000
DYNAMIC_OBS_INFO 1 35.725117 209.500000 3.140000 28.346691 -5.239713 209.565243 16.855003 2.827358
DYNAMIC_OBS_INFO 2 -74.911601 212.500000 0.000000 38.846757 -15.935986 212.500000 17.101786 1.937780
Parent: 226.240545 10.000000 101.000000 0.000000 15.147906 274.054895 -10.000000 2.685857 42.000000 0.000000 0 0 0 0 0 0 0 0
Child: 274.054895 10.000000 101.000000 0.000000 15.147906 282.555102 -10.000000 0.000000 0.000000 0.000000 0 0 0 0 0 0 0 0
Child: 282.555102 10.000000 101.000000 0.000000 15.147906 291.055310 -10.000000 0.000000 0.000000 0.000000 0 0 0 0 0 0 0 0
Child: 291.055310 6.937762 71.000000 3070.005139 10.948890 0.000000 -10.000000 0.000000 0.000000 0.000000 1 0 0 0 0 0 0 0
EGO_STATUS 22.908573 212.913216 5.400000 -0.163689 13.752692 4.000000 0.000000
DYNAMIC_OBS_INFO 0 1.750000 232.240409 -1.570000 29.783108 1.750000 232.240409 0.000000 0.000000
DYNAMIC_OBS_INFO 1 35.725117 209.500000 3.140000 31.375758 -6.939348 209.567950 17.137738 2.827358
DYNAMIC_OBS_INFO 2 -74.911601 212.500000 0.000000 38.491124 -14.216119 212.500000 17.295564 1.937780
Parent: 225.079643 10.000000 101.000000 0.000000 15.147906 271.993993 -10.000000 2.585857 41.000000 0.000000 0 0 0 0 0 0 0 0
Child: 271.993993 10.000000 101.000000 0.000000 15.147906 280.494201 -10.000000 0.000000 0.000000 0.000000 0 0 0 0 0 0 0 0
Child: 280.494201 10.000000 101.000000 0.000000 15.147906 288.994408 -10.000000 0.000000 0.000000 0.000000 0 0 0 0 0 0 0 0
Child: 288.994408 5.562498 57.000000 3055.305050 8.548818 0.000000 -10.000000 0.000000 0.000000 0.000000 1 0 0 0 0 0 0 0
EGO_STATUS 24.274163 212.754629 5.500000 -0.071188 13.752692 4.000000 0.000000
DYNAMIC_OBS_INFO 0 1.750000 232.240409 -1.570000 30.867031 1.750000 232.240409 0.000000 0.000000
DYNAMIC_OBS_INFO 1 35.725117 209.500000 3.140000 34.458352 -8.667256 209.570702 17.420474 2.827358
DYNAMIC_OBS_INFO 2 -74.911601 212.500000 0.000000 38.125707 -12.476873 212.500000 17.489342 1.937780
Parent: 222.807850 10.000000 101.000000 0.000000 15.147906 268.822200 -10.000000 2.485857 40.000000 0.000000 0 0 0 0 0 0 0 0
Child: 268.822200 10.000000 101.000000 0.000000 15.147906 277.322408 -10.000000 0.000000 0.000000 0.000000 0 0 0 0 0 0 0 0
Child: 277.322408 10.000000 101.000000 0.000000 15.147906 285.822615 -10.000000 0.000000 0.000000 0.000000 0 0 0 0 0 0 0 0
Child: 285.822615 4.187232 43.000000 3031.446135 6.449108 0.000000 -10.000000 0.000000 0.000000 0.000000 1 0 0 0 0 0 0 0
EGO_STATUS 25.648285 212.704657 5.600000 -0.007359 13.752692 4.000000 0.000000
DYNAMIC_OBS_INFO 0 1.750000 232.240409 -1.570000 31.935965 1.750000 232.240409 0.000000 0.000000
DYNAMIC_OBS_INFO 1 35.725117 209.500000 3.140000 37.578614 -10.423438 209.573499 17.703210 2.827358
DYNAMIC_OBS_INFO 2 -74.911601 212.500000 0.000000 37.742330 -10.718250 212.500000 17.683120 1.937780
TIMEOUT
