Parent: 24.211034 32.626471 328.000000 32.144686 537.986208 2.548931 0.000000 4.950642 40.000000 0.000000 0 0 0 1 0 0 0 0
Child: 2.548931 4.070536 42.000000 20.000000 6.300000 0.000000 0.000000 0.000000 0.000000 0.000000 0 0 1 0 0 0 0 0
EGO_STATUS -1.750000 186.929464 0.000000 1.570796 13.138935 4.000000 0.000000
DYNAMIC_OBS_INFO 0 1.750000 228.649760 -1.570000 40.543043 1.750000 228.649760 0.000000 0.000000
DYNAMIC_OBS_INFO 1 25.401425 209.500000 3.140000 34.473458 25.401425 209.500000 14.250797 2.964441
DYNAMIC_OBS_INFO 2 -31.090205 212.500000 0.000000 38.059409 -31.090205 212.500000 15.929697 2.505398
Parent: 260.290839 10.000000 101.000000 0.000000 15.147906 313.465470 -10.000000 3.325576 48.000000 0.000000 0 0 0 0 0 0 0 0
Child: 313.465470 21.930324 221.000000 3105.254309 235.940030 -8.088711 -10.000000 0.000000 0.000000 0.000000 1 0 0 0 0 0 0 0
Child: -8.088711 10.000000 102.000000 0.000000 15.300000 0.411289 -10.000000 0.000000 0.000000 0.000000 0 0 0 0 0 0 0 0
Child: 0.411289 2.741926 29.000000 0.000000 4.350000 0.000000 0.000000 0.000000 0.000000 0.000000 0 0 0 0 0 0 0 0
EGO_STATUS -1.750000 188.258074 0.100000 1.570796 13.432935 0.000000 2.940000
DYNAMIC_OBS_INFO 0 1.750000 228.649760 -1.570000 39.204936 1.750000 228.649760 0.000000 0.000000
DYNAMIC_OBS_INFO 1 25.401425 209.500000 3.140000 33.662374 25.401425 209.500000 14.250797 2.964441
DYNAMIC_OBS_INFO 2 -31.090205 212.500000 0.000000 37.218208 -31.090205 212.500000 15.929697 2.505398
Parent: 250.989345 10.000000 101.000000 0.000000 15.147906 303.263976 -10.000000 3.225576 47.000000 0.000000 0 0 0 0 0 0 0 0
Child: 303.263976 21.930324 221.000000 3105.254309 235.940030 -18.290205 -10.000000 0.000000 0.000000 0.000000 1 0 0 0 0 0 0 0
Child: -18.290205 10.000000 102.000000 0.000000 15.300000 -9.790205 -10.000000 0.000000 0.000000 0.000000 0 0 0 0 0 0 0 0
Child: -9.790205 1.398633 15.000000 0.000000 2.250000 0.000000 -10.000000 0.000000 0.000000 0.000000 0 0 0 0 0 0 0 0
EGO_STATUS -1.750000 189.601367 0.200000 1.570796 13.432935 4.000000 0.000000
DYNAMIC_OBS_INFO 0 1.750000 228.649760 -1.570000 37.867196 1.750000 228.649760 0.000000 0.000000
DYNAMIC_OBS_INFO 1 25.401425 209.500000 3.140000 32.886174 25.401425 209.500000 14.250797 2.964441
DYNAMIC_OBS_INFO 2 -31.090205 212.500000 0.000000 36.407146 -31.090205 212.500000 15.929697 2.505398
Parent: 251.687851 10.000000 101.000000 0.000000 15.147906 303.062482 -10.000000 3.125576 46.000000 0.000000 0 0 0 0 0 0 0 0
Child: 303.062482 21.930324 221.000000 3105.254309 235.940030 -18.491699 -10.000000 0.000000 0.000000 0.000000 1 0 0 0 0 0 0 0
Child: -18.491699 10.000000 102.000000 0.000000 15.300000 -9.991699 -10.000000 0.000000 0.000000 0.000000 0 0 0 0 0 0 0 0
Child: -9.991699 0.055339 2.000000 0.000000 0.300000 0.000000 -10.000000 0.000000 0.000000 0.000000 0 0 0 0 0 0 0 0
EGO_STATUS -1.750000 190.944661 0.300000 1.570796 13.432935 4.000000 0.000000
DYNAMIC_OBS_INFO 0 1.750000 228.649760 -1.570000 36.529864 1.750000 228.649760 0.000000 0.000000
DYNAMIC_OBS_INFO 1 25.401425 209.500000 3.140000 32.147385 25.401425 209.500000 14.250797 2.964441
DYNAMIC_OBS_INFO 2 -31.090205 212.500000 0.000000 35.628281 -31.090205 212.500000 15.929697 2.505398
Parent: 263.386357 10.000000 101.000000 0.000000 15.147906 312.860988 -10.000000 3.025576 44.000000 0.000000 0 0 0 0 0 0 0 0
Child: 312.860988 21.930324 221.000000 3105.254309 235.940030 -8.693193 -10.000000 0.000000 0.000000 0.000000 1 0 0 0 0 0 0 0
Child: -8.693193 8.712046 89.000000 0.000000 13.350000 0.000000 -10.000000 0.000000 0.000000 0.000000 0 0 0 0 0 0 0 0
EGO_STATUS -1.750000 192.287954 0.400000 1.570796 13.432935 4.000000 0.000000
DYNAMIC_OBS_INFO 0 1.750000 228.649760 -1.570000 35.192986 1.750000 228.649760 0.000000 0.000000
DYNAMIC_OBS_INFO 1 25.401425 209.500000 3.140000 31.448643 25.401425 209.500000 14.250797 2.964441
DYNAMIC_OBS_INFO 2 -31.090205 212.500000 0.000000 34.883771 -31.090205 212.500000 15.929697 2.505398
Parent: 264.084863 10.000000 101.000000 0.000000 15.147906 312.659494 -10.000000 2.925576 43.000000 0.000000 0 0 0 0 0 0 0 0
Child: 312.659494 21.930324 221.000000 3105.254309 235.940030 -8.894687 -10.000000 0.000000 0.000000 0.000000 1 0 0 0 0 0 0 0
Child: -8.894687 7.368752 75.000000 0.000000 11.250000 0.000000 -10.000000 0.000000 0.000000 0.000000 0 0 0 0 0 0 0 0
EGO_STATUS -1.750000 193.631248 0.500000 1.570796 13.432935 4.000000 0.000000
DYNAMIC_OBS_INFO 0 1.750000 228.649760 -1.570000 33.856615 1.750000 228.649760 0.000000 0.000000
DYNAMIC_OBS_INFO 1 25.401425 209.500000 3.140000 30.792675 25.401425 209.500000 14.250797 2.964441
DYNAMIC_OBS_INFO 2 -31.090205 212.500000 0.000000 34.175859 -31.090205 212.500000 15.929697 2.505398
Parent: 264.783369 10.000000 101.000000 0.000000 15.147906 312.458000 -10.000000 2.825576 42.000000 0.000000 0 0 0 0 0 0 0 0
Child: 312.458000 21.930324 221.000000 3105.254309 235.940030 -9.096181 -10.000000 0.000000 0.000000 0.000000 1 0 0 0 0 0 0 0
Child: -9.096181 6.025459 62.000000 0.000000 9.300000 0.000000 -10.000000 0.000000 0.000000 0.000000 0 0 0 0 0 0 0 0
EGO_STATUS -1.750000 194.974541 0.600000 1.570796 13.432935 4.000000 0.000000
DYNAMIC_OBS_INFO 0 1.750000 228.649760 -1.570000 32.520815 1.750000 228.649760 0.000000 0.000000
DYNAMIC_OBS_INFO 1 25.401425 209.500000 3.140000 30.182269 25.401425 209.500000 14.250797 2.964441
DYNAMIC_OBS_INFO 2 -31.090205 212.500000 0.000000 33.506867 -31.090205 212.500000 15.929697 2.505398
Parent: 266.481875 10.000000 101.000000 0.000000 15.147906 312.256506 -10.000000 2.725576 40.000000 0.000000 0 0 0 0 0 0 0 0
Child: 312.256506 21.930324 221.000000 3105.254309 235.940030 -9.297675 -10.000000 0.000000 0.000000 0.000000 1 0 0 0 0 0 0 0
Child: -9.297675 4.682165 48.000000 0.000000 7.200000 0.000000 -10.000000 0.000000 0.000000 0.000000 0 0 0 0 0 0 0 0
EGO_STATUS -1.750000 196.317835 0.700000 1.570796 13.432935 4.000000 0.000000
DYNAMIC_OBS_INFO 0 1.750000 228.649760 -1.570000 31.185659 1.750000 228.649760 0.000000 0.000000
DYNAMIC_OBS_INFO 1 25.401425 209.500000 3.140000 29.620242 25.401425 209.500000 14.250797 2.964441
DYNAMIC_OBS_INFO 2 -31.090205 212.500000 0.000000 32.879169 -31.090205 212.500000 15.929697 2.505398
Parent: 245.265399 10.000000 102.000000 0.000000 15.297885 299.328488 -10.000000 3.437118 49.000000 0.000000 0 0 0 0 0 0 0 0
Child: 299.328488 10.000000 101.000000 0.000000 15.147906 307.828696 -10.000000 0.000000 0.000000 0.000000 0 0 0 0 0 0 0 0
Child: 307.828696 26.170580 263.000000 3128.547404 65.456971 0.000000 -10.000000 0.000000 0.000000 0.000000 1 0 0 0 0 0 0 0
EGO_STATUS -1.750000 197.661128 0.800000 1.570796 13.432935 4.000000 0.000000
DYNAMIC_OBS_INFO 0 1.750000 228.649760 -1.570000 29.851226 1.750000 228.649760 0.000000 0.000000
DYNAMIC_OBS_INFO 1 25.401425 209.500000 3.140000 29.109341 25.401425 209.500000 14.250797 2.964441
DYNAMIC_OBS_INFO 2 -31.090205 212.500000 0.000000 32.295229 -31.090205 212.500000 15.929697 2.505398
Parent: 246.325123 10.000000 102.000000 0.000000 15.297885 298.488196 -10.000000 3.337135 47.000000 0.000000 0 0 0 0 0 0 0 0
Child: 298.488196 10.000000 101.000000 0.000000 15.147906 306.988403 -10.000000 0.000000 0.000000 0.000000 0 0 0 0 0 0 0 0
Child: 306.988403 24.827514 250.000000 3128.543186 63.363179 0.000000 -10.000000 0.000000 0.000000 0.000000 1 0 0 0 0 0 0 0
EGO_STATUS -1.749940 199.004422 0.900000 1.570578 13.432935 4.000000 0.000000
DYNAMIC_OBS_INFO 0 1.750000 228.649760 -1.570000 28.517425 1.750000 228.649760 0.000000 0.000000
DYNAMIC_OBS_INFO 1 25.401425 209.500000 3.140000 28.650803 25.401425 209.500000 14.250797 2.964441
DYNAMIC_OBS_INFO 2 -31.090205 212.500000 0.000000 31.758922 -31.090205 212.500000 15.929697 2.505398
Parent: 247.681325 10.000000 102.000000 0.000000 15.297885 298.944394 -10.000000 3.237138 46.000000 0.000000 0 0 0 0 0 0 0 0
Child: 298.944394 10.000000 101.000000 0.000000 15.147906 307.444602 -10.000000 0.000000 0.000000 0.000000 0 0 0 0 0 0 0 0
Child: 307.444602 23.484267 236.000000 3128.537069 61.552896 0.000000 -10.000000 0.000000 0.000000 0.000000 1 0 0 0 0 0 0 0
EGO_STATUS -1.748238 200.347713 1.000000 1.567636 13.432935 4.000000 0.000000
DYNAMIC_OBS_INFO 0 1.750000 228.649760 -1.570000 27.183470 1.750000 228.649760 0.000000 0.000000
DYNAMIC_OBS_INFO 1 25.401425 209.500000 3.140000 28.240275 25.401425 209.500000 14.250797 2.964441
DYNAMIC_OBS_INFO 2 -31.090205 212.500000 0.000000 31.279467 -31.090205 212.500000 15.929697 2.505398
Parent: 247.689465 10.000000 102.000000 0.000000 15.297885 298.052539 -10.000000 3.137133 45.000000 0.000000 0 0 0 0 0 0 0 0
Child: 298.052539 10.000000 101.000000 0.000000 15.147906 306.552746 -10.000000 0.000000 0.000000 0.000000 0 0 0 0 0 0 0 0
Child: 306.552746 22.140909 223.000000 3128.528964 59.743970 0.000000 -10.000000 0.000000 0.000000 0.000000 1 0 0 0 0 0 0 0
EGO_STATUS -1.737698 201.690958 1.100000 1.556325 13.432935 4.000000 0.000000
DYNAMIC_OBS_INFO 0 1.750000 228.649760 -1.570000 25.847615 1.750000 228.649760 0.000000 0.000000
DYNAMIC_OBS_INFO 1 25.401425 209.500000 3.140000 27.864493 25.401425 209.500000 14.250797 2.964441
DYNAMIC_OBS_INFO 2 -31.090205 212.500000 0.000000 30.874792 -31.090205 212.500000 15.929697 2.505398
Parent: 249.056156 10.000000 102.000000 0.000000 15.297885 298.519240 -10.000000 3.037123 44.000000 0.000000 0 0 0 0 0 0 0 0
Child: 298.519240 10.000000 101.000000 0.000000 15.147906 307.019447 -10.000000 0.000000 0.000000 0.000000 0 0 0 0 0 0 0 0
Child: 307.019447 20.797480 209.000000 3128.526083 57.295753 0.000000 -10.000000 0.000000 0.000000 0.000000 1 0 0 0 0 0 0 0
EGO_STATUS -1.702404 203.033747 1.200000 1.529601 13.432935 4.000000 0.000000
DYNAMIC_OBS_INFO 0 1.750000 228.649760 -1.570000 24.507965 1.750000 228.649760 0.000000 0.000000
DYNAMIC_OBS_INFO 1 25.401425 209.500000 3.140000 27.500379 25.401425 209.500000 14.250797 2.964441
DYNAMIC_OBS_INFO 2 -31.090205 212.500000 0.000000 30.572812 -31.090205 212.500000 15.929697 2.505398
Parent: 31286.991729 20.685958 208.000000 313083.711688 1701.327839 0.000000 0.000000 3.077596 22.000000 0.000000 1 0 0 1 0 0 0 31
EGO_STATUS -1.617030 204.374188 1.300000 1.480670 13.432935 4.000000 0.000000
DYNAMIC_OBS_INFO 0 1.750000 228.649760 -1.570000 23.194513 1.750000 228.649760 0.000000 0.000000
DYNAMIC_OBS_INFO 1 25.401425 209.500000 3.140000 27.125427 25.401425 209.500000 14.250797 2.964441
DYNAMIC_OBS_INFO 2 -31.090205 212.500000 0.000000 30.412024 -31.090205 212.500000 15.929697 2.505398
Parent: 24339.500260 20.245424 204.000000 243086.196974 2347.015047 0.000000 0.000000 3.149829 21.000000 0.000000 1 0 0 1 0 0 0 24
EGO_STATUS -1.453321 205.677512 1.400000 1.406599 12.844935 1.000000 -5.880000
DYNAMIC_OBS_INFO 0 1.750000 228.649760 -1.570000 21.934328 1.750000 228.649760 0.000000 0.000000
DYNAMIC_OBS_INFO 1 25.401425 209.500000 3.140000 25.284252 23.961524 209.502293 14.547241 2.964441
DYNAMIC_OBS_INFO 2 -31.090205 212.500000 0.000000 30.417810 -31.090205 212.500000 15.929697 2.505398
Parent: 33084.180166 17.550503 177.000000 333085.084707 748.119166 0.000000 0.000000 2.819935 20.000000 0.000000 1 0 0 1 0 0 0 33
EGO_STATUS -1.189832 206.913337 1.500000 1.311577 12.437454 7.000000 -4.074803
DYNAMIC_OBS_INFO 0 1.750000 228.649760 -1.570000 20.740729 1.750000 228.649760 0.000000 0.000000
DYNAMIC_OBS_INFO 1 25.401425 209.500000 3.140000 23.353748 22.491980 209.504634 14.843685 2.964441
DYNAMIC_OBS_INFO 2 -31.090205 212.500000 0.000000 30.595258 -31.090205 212.500000 15.929697 2.505398
Parent: 35849.658777 10.000000 102.000000 20.000000 15.297885 35892.406255 -10.000000 2.791944 39.000000 0.000000 0 0 1 0 0 0 0 0
Child: 35892.406255 10.000000 101.000000 20.000000 15.147906 35888.926265 0.000000 0.000000 0.000000 0.000000 0 0 1 0 0 0 0 0
Child: 35888.926265 16.101936 163.000000 363127.548432 176.290397 0.000000 0.000000 0.000000 0.000000 0.000000 1 0 0 0 1 0 0 36
EGO_STATUS -0.817573 208.068570 1.600000 1.204757 11.849454 1.000000 -5.880000
DYNAMIC_OBS_INFO 0 1.750000 228.649760 -1.570000 19.611681 1.750000 228.649760 0.000000 0.000000
DYNAMIC_OBS_INFO 1 25.401425 209.500000 3.140000 21.328256 20.992791 209.507021 15.140129 2.964441
DYNAMIC_OBS_INFO 2 -31.090205 212.500000 0.000000 30.939755 -31.090205 212.500000 15.929697 2.505398
Parent: 55048.064764 15.587372 157.000000 553089.391708 1523.617071 0.000000 0.000000 2.628683 18.000000 0.000000 1 0 0 1 0 0 0 55
EGO_STATUS -0.332459 209.148956 1.700000 1.091589 11.849454 4.000000 0.000000
DYNAMIC_OBS_INFO 0 1.750000 228.649760 -1.570000 18.562996 1.750000 228.649760 0.000000 0.000000
DYNAMIC_OBS_INFO 1 25.401425 209.500000 3.140000 19.211523 19.463958 209.509456 15.436573 2.964441
DYNAMIC_OBS_INFO 2 -31.090205 212.500000 0.000000 29.840666 -29.484708 212.500000 16.180237 2.505398
Parent: 46902.499564 10.000000 102.000000 0.000000 15.297885 46945.676896 -10.000000 2.322876 37.000000 0.000000 0 0 0 0 0 0 0 0
Child: 46945.676896 10.000000 101.000000 20.000000 15.147906 46952.196905 -10.000000 0.000000 0.000000 0.000000 0 0 1 0 0 0 0 0
Child: 46952.196905 13.885721 140.000000 473170.562622 215.553199 0.000000 0.000000 0.000000 0.000000 0.000000 1 0 1 0 1 0 0 47
EGO_STATUS 0.262997 210.146419 1.800000 0.972498 11.399060 7.000000 -4.503949
DYNAMIC_OBS_INFO 0 1.750000 228.649760 -1.570000 17.609135 1.750000 228.649760 0.000000 0.000000
DYNAMIC_OBS_INFO 1 25.401425 209.500000 3.140000 17.005331 17.905481 209.511938 15.733017 2.964441
DYNAMIC_OBS_INFO 2 -31.090205 212.500000 0.000000 28.860776 -27.854158 212.500000 16.430777 2.505398
Parent: 54621.422610 13.203006 134.000000 553094.834704 1408.589353 0.000000 0.000000 2.256334 16.000000 0.000000 1 0 0 1 0 0 0 55
EGO_STATUS 0.970566 211.057884 1.900000 0.848386 11.693060 5.000000 2.940000
DYNAMIC_OBS_INFO 0 1.750000 228.649760 -1.570000 16.784533 1.750000 228.649760 0.000000 0.000000
DYNAMIC_OBS_INFO 1 25.401425 209.500000 3.140000 14.727161 16.317359 209.514468 16.029461 2.964441
DYNAMIC_OBS_INFO 2 -31.090205 212.500000 0.000000 27.984780 -26.198553 212.500000 16.681317 2.505398
Parent: 53797.831497 12.059629 122.000000 543090.569100 1390.903081 0.000000 -10.000000 2.156341 16.000000 0.000000 1 0 0 1 0 0 0 54
EGO_STATUS 1.779027 211.865253 2.000000 0.720564 11.175270 7.000000 -5.177894
DYNAMIC_OBS_INFO 0 1.750000 228.649760 -1.570000 16.140460 1.750000 228.649760 0.000000 0.000000
DYNAMIC_OBS_INFO 1 25.401425 209.500000 3.140000 12.430215 14.699592 209.517044 16.325905 2.964441
DYNAMIC_OBS_INFO 2 -31.090205 212.500000 0.000000 27.158953 -24.517894 212.500000 16.931857 2.505398
Parent: 45843.490114 10.000000 102.000000 20.000000 1555.501027 45731.813963 -10.000000 2.215266 35.000000 0.000000 0 0 1 0 0 0 0 0
Child: 45731.813963 10.000000 101.000000 20.000000 1540.251017 45587.333665 -10.000000 0.000000 0.000000 0.000000 0 0 1 0 0 0 0 0
Child: 45587.333665 10.612384 108.000000 463109.612477 823.086950 0.000000 0.000000 0.000000 0.000000 0.000000 1 0 1 0 1 0 0 46
EGO_STATUS 2.641038 212.533914 2.100000 0.600618 10.657482 7.000000 -5.177878
DYNAMIC_OBS_INFO 0 1.750000 228.649760 -1.570000 15.658620 1.750000 228.649760 0.000000 0.000000
DYNAMIC_OBS_INFO 1 25.401425 209.500000 3.140000 10.140943 13.052182 209.519668 16.622349 2.964441
DYNAMIC_OBS_INFO 2 -31.090205 212.500000 0.000000 26.381882 -22.812182 212.500000 17.182396 2.505398
Parent: 58181.370520 29.777423 299.000000 583070.537206 1558.195078 0.000000 -10.000000 2.169458 34.000000 0.000000 1 0 1 0 0 0 0 58
EGO_STATUS 3.562957 213.096447 2.200000 0.498865 10.951482 5.000000 2.940000
DYNAMIC_OBS_INFO 0 1.750000 228.649760 -1.570000 15.325884 1.750000 228.649760 0.000000 0.000000
DYNAMIC_OBS_INFO 1 25.401425 209.500000 3.140000 7.935159 11.375127 209.522339 16.918793 2.964441
DYNAMIC_OBS_INFO 2 -31.090205 212.500000 0.000000 25.662123 -21.081415 212.500000 17.432936 2.505398
Parent: 53621.738003 10.000000 102.000000 20.000000 1555.501027 53508.256923 -10.000000 2.020195 33.000000 0.000000 0 0 1 0 0 0 0 0
Child: 53508.256923 10.000000 101.000000 20.000000 1540.251017 53363.776624 -10.000000 0.000000 0.000000 0.000000 0 0 1 0 0 0 0 0
Child: 53363.776624 8.436807 86.000000 543116.710777 945.159453 0.000000 -10.000000 0.000000 0.000000 0.000000 1 0 1 0 1 0 0 54
EGO_STATUS 4.557833 213.583282 2.300000 0.413814 11.207238 5.000000 2.557559
DYNAMIC_OBS_INFO 0 1.750000 228.649760 -1.570000 15.152033 1.750000 228.649760 0.000000 0.000000
DYNAMIC_OBS_INFO 1 25.401425 209.500000 3.140000 6.037430 9.668427 209.525057 17.215237 2.964441
DYNAMIC_OBS_INFO 2 -31.090205 212.500000 0.000000 24.984813 -19.325594 212.500000 17.683476 2.505398
Parent: 29846.788337 10.000000 102.000000 20.000000 1555.501027 29732.407260 -10.000000 1.920192 32.000000 0.000000 0 0 1 0 0 0 0 0
Child: 29732.407260 10.000000 101.000000 20.000000 1540.251017 29587.926961 -10.000000 0.000000 0.000000 0.000000 0 0 1 0 0 0 0 0
Child: 29587.926961 7.301328 75.000000 303116.694900 916.298921 0.000000 -10.000000 0.000000 0.000000 0.000000 1 0 1 0 1 0 0 30
EGO_STATUS 5.614225 213.998758 2.400000 0.336092 11.501238 5.000000 2.940000
DYNAMIC_OBS_INFO 0 1.750000 228.649760 -1.570000 15.155739 1.750000 228.649760 0.000000 0.000000
DYNAMIC_OBS_INFO 1 25.401425 209.500000 3.140000 4.955655 7.932084 209.527823 17.511681 2.964441
DYNAMIC_OBS_INFO 2 -31.090205 212.500000 0.000000 24.343007 -17.544720 212.500000 17.934016 2.505398
Parent: 29885.611545 20.000000 202.000000 20.000000 3080.502035 29607.727381 0.000000 1.903764 31.000000 0.000000 0 0 1 0 0 0 0 0
Child: 29607.727381 6.136456 63.000000 303113.594001 854.496041 0.000000 0.000000 0.000000 0.000000 0.000000 1 0 1 0 1 0 0 30
EGO_STATUS 6.729010 214.335226 2.500000 0.246999 11.795238 5.000000 2.940000
DYNAMIC_OBS_INFO 0 1.750000 228.649760 -1.570000 15.368961 1.750000 228.649760 0.000000 0.000000
DYNAMIC_OBS_INFO 1 25.401425 209.500000 3.140000 5.317923 6.166096 209.530635 17.808126 2.964441
DYNAMIC_OBS_INFO 2 -31.090205 212.500000 0.000000 23.719555 -15.738791 212.500000 18.184556 2.505398
Parent: 10222.224708 10.000000 102.000000 20.000000 15.297885 10257.015812 -10.000000 1.748319 30.000000 0.000000 0 0 1 0 0 0 0 0
Child: 10257.015812 15.118055 153.000000 103094.543109 710.041599 0.000000 0.000000 0.000000 0.000000 0.000000 1 0 1 0 0 0 0 10
EGO_STATUS 7.891051 214.561026 2.600000 0.133505 11.893238 2.000000 0.980000
DYNAMIC_OBS_INFO 0 1.750000 228.649760 -1.570000 15.810424 1.750000 228.649760 0.000000 0.000000
DYNAMIC_OBS_INFO 1 25.401425 209.500000 3.140000 6.959461 4.370463 209.533495 18.104570 2.964441
DYNAMIC_OBS_INFO 2 -31.090205 212.500000 0.000000 23.099039 -13.907809 212.500000 18.435096 2.505398
Parent: 14701.388785 30.000000 302.000000 140270.000000 4605.503042 356.592088 -10.000000 2.190435 39.000000 0.000000 0 1 1 0 0 0 0 14
Child: 356.592088 3.748412 39.000000 3111.779845 598.348674 0.000000 0.000000 0.000000 0.000000 0.000000 1 0 1 0 1 0 0 0
EGO_STATUS 9.091230 214.647052 2.700000 0.010968 12.187238 5.000000 2.940000
DYNAMIC_OBS_INFO 0 1.750000 228.649760 -1.570000 16.461166 1.750000 228.649760 0.000000 0.000000
DYNAMIC_OBS_INFO 1 25.401425 209.500000 3.140000 9.279631 2.545186 209.536402 18.401014 2.964441
DYNAMIC_OBS_INFO 2 -31.090205 212.500000 0.000000 22.473098 -12.051772 212.500000 18.685635 2.505398
Parent: 21452.063906 10.000000 101.000000 210270.000000 499.951047 629.661488 -10.000000 2.090433 38.000000 0.000000 0 1 1 0 0 0 0 21
Child: 629.661488 10.000000 102.000000 270.000000 1555.501027 460.690799 -10.000000 0.000000 0.000000 0.000000 0 1 1 0 0 0 0 0
Child: 460.690799 10.000000 101.000000 20.000000 1540.251017 316.210500 -10.000000 0.000000 0.000000 0.000000 0 0 1 0 0 0 0 0
Child: 316.210500 2.514967 27.000000 3090.356110 411.750272 0.000000 -10.000000 0.000000 0.000000 0.000000 1 0 1 0 1 0 0 0
EGO_STATUS 10.323240 214.597374 2.800000 -0.076592 12.481238 0.000000 2.940000
DYNAMIC_OBS_INFO 0 1.750000 228.649760 -1.570000 17.219865 1.750000 228.649760 0.000000 0.000000
DYNAMIC_OBS_INFO 1 25.401425 209.500000 3.140000 11.974911 0.690265 209.539356 18.697458 2.964441
DYNAMIC_OBS_INFO 2 -31.090205 212.500000 0.000000 21.846861 -10.170682 212.500000 18.936175 2.505398
Parent: 11646.456038 30.000000 302.000000 110270.000000 4605.503042 279.991794 -10.000000 1.990432 37.000000 0.000000 0 1 1 0 0 0 0 11
Child: 279.991794 1.252118 14.000000 3070.114987 172.300142 0.000000 -10.000000 0.000000 0.000000 0.000000 1 0 1 0 0 0 0 0
EGO_STATUS 11.583189 214.513560 2.900000 -0.037284 12.775238 0.000000 2.940000
DYNAMIC_OBS_INFO 0 1.750000 228.649760 -1.570000 17.999654 1.750000 228.649760 0.000000 0.000000
DYNAMIC_OBS_INFO 1 25.401425 209.500000 3.140000 14.917483 -1.194301 209.542358 18.993902 2.964441
DYNAMIC_OBS_INFO 2 -31.090205 212.500000 0.000000 21.234213 -8.264537 212.500000 19.186715 2.505398
Parent: 24535.108244 20.484091 206.000000 243040.662938 3928.701632 0.000000 0.000000 3.132306 26.000000 0.000000 1 0 0 1 0 0 0 24
EGO_STATUS 12.875279 214.500000 3.000000 0.000000 13.069238 0.000000 2.940000
DYNAMIC_OBS_INFO 0 1.750000 228.649760 -1.570000 18.816020 1.750000 228.649760 0.000000 0.000000
DYNAMIC_OBS_INFO 1 25.401425 209.500000 3.140000 17.958297 -3.108511 209.545406 19.290346 2.964441
DYNAMIC_OBS_INFO 2 -31.090205 212.500000 0.000000 20.583510 -6.333338 212.500000 19.437255 2.505398
Parent: 32600.627956 10.000000 102.000000 330020.000000 1555.501027 123.623070 -10.000000 3.602825 24.000000 0.000000 0 0 0 1 0 0 0 33
Child: 123.623070 8.682457 88.000000 22.619658 1331.700887 0.000000 -10.000000 0.000000 0.000000 0.000000 0 0 0 1 0 0 0 0
EGO_STATUS 14.152770 214.500065 3.100000 0.000244 12.481238 1.000000 -5.880000
DYNAMIC_OBS_INFO 0 1.750000 228.649760 -1.570000 19.639711 1.750000 228.649760 0.000000 0.000000
DYNAMIC_OBS_INFO 1 25.401425 209.500000 3.140000 21.015817 -5.052365 209.548502 19.586790 2.964441
DYNAMIC_OBS_INFO 2 -31.090205 212.500000 0.000000 19.849710 -4.377086 212.500000 19.687795 2.505398
Parent: 28660.357144 10.000000 102.000000 290020.000000 1555.501027 104.020871 -10.000000 3.502839 23.000000 0.000000 0 0 0 1 0 0 0 29
Child: 104.020871 7.463765 76.000000 22.620017 1138.400766 0.000000 -10.000000 0.000000 0.000000 0.000000 0 0 0 1 0 0 0 0
EGO_STATUS 15.371461 214.501473 3.200000 0.002487 11.893238 1.000000 -5.880000
DYNAMIC_OBS_INFO 0 1.750000 228.649760 -1.570000 20.458005 1.750000 228.649760 0.000000 0.000000
DYNAMIC_OBS_INFO 1 25.401425 209.500000 3.140000 24.072551 -7.025864 209.551645 19.883234 2.964441
DYNAMIC_OBS_INFO 2 -31.090205 212.500000 0.000000 19.033119 -2.395780 212.500000 19.938335 2.505398
Parent: 29625.956533 10.000000 102.000000 300020.000000 1555.501027 88.328079 -10.000000 3.402863 22.000000 0.000000 0 0 0 1 0 0 0 30
Child: 88.328079 6.303896 65.000000 22.618369 991.250655 0.000000 -10.000000 0.000000 0.000000 0.000000 0 0 0 1 0 0 0 0
EGO_STATUS 16.531320 214.506121 3.300000 0.005283 11.305238 1.000000 -5.880000
DYNAMIC_OBS_INFO 0 1.750000 228.649760 -1.570000 21.263192 1.750000 228.649760 0.000000 0.000000
DYNAMIC_OBS_INFO 1 25.401425 209.500000 3.140000 27.118387 -9.029007 209.554836 20.179678 2.964441
DYNAMIC_OBS_INFO 2 -31.090205 212.500000 0.000000 18.133825 -0.389419 212.500000 20.188875 2.505398
Parent: 30590.442185 10.000000 102.000000 310020.000000 1555.501027 71.521573 -10.000000 3.302864 21.000000 0.000000 0 0 0 1 0 0 0 31
Child: 71.521573 5.202775 54.000000 22.618063 823.500544 0.000000 -10.000000 0.000000 0.000000 0.000000 0 0 0 1 0 0 0 0
EGO_STATUS 17.632424 214.512153 3.400000 0.004995 10.717238 1.000000 -5.880000
DYNAMIC_OBS_INFO 0 1.750000 228.649760 -1.570000 22.050403 1.750000 228.649760 0.000000 0.000000
DYNAMIC_OBS_INFO 1 25.401425 209.500000 3.140000 30.146874 -11.061794 209.558073 20.476122 2.964441
DYNAMIC_OBS_INFO 2 -31.090205 212.500000 0.000000 17.151517 1.641995 212.500000 20.439414 2.505398
Parent: 24832.270761 14.160742 143.000000 250022.619275 1016.851474 0.000000 -10.000000 2.793256 20.000000 0.000000 0 0 0 1 0 0 0 25
EGO_STATUS 18.674672 214.515555 3.500000 0.001050 10.129238 1.000000 -5.880000
DYNAMIC_OBS_INFO 0 1.750000 228.649760 -1.570000 22.814906 1.750000 228.649760 0.000000 0.000000
DYNAMIC_OBS_INFO 1 25.401425 209.500000 3.140000 33.154386 -13.124226 209.561358 20.772566 2.964441
DYNAMIC_OBS_INFO 2 -31.090205 212.500000 0.000000 16.086267 3.698464 212.500000 20.689954 2.505398
Parent: 32522.101945 10.000000 102.000000 330020.000000 1555.501027 40.596968 -10.000000 3.102915 19.000000 0.000000 0 0 0 1 0 0 0 33
Child: 40.596968 3.177045 33.000000 22.300895 503.250332 0.000000 -10.000000 0.000000 0.000000 0.000000 0 0 0 1 0 0 0 0
EGO_STATUS 19.658149 214.514056 3.600000 -0.004096 9.541238 1.000000 -5.880000
DYNAMIC_OBS_INFO 0 1.750000 228.649760 -1.570000 23.551028 1.750000 228.649760 0.000000 0.000000
DYNAMIC_OBS_INFO 1 25.401425 209.500000 3.140000 36.138835 -15.216302 209.564690 21.069010 2.964441
DYNAMIC_OBS_INFO 2 -31.090205 212.500000 0.000000 14.938431 5.779986 212.500000 20.940494 2.505398
Parent: 33765.044986 12.255077 124.000000 340023.799684 1875.201245 0.000000 -10.000000 2.734520 18.000000 0.000000 0 0 0 1 0 0 0 34
EGO_STATUS 20.582787 214.508437 3.700000 -0.007430 8.953238 1.000000 -5.880000
DYNAMIC_OBS_INFO 0 1.750000 228.649760 -1.570000 24.252357 1.750000 228.649760 0.000000 0.000000
DYNAMIC_OBS_INFO 1 25.401425 209.500000 3.140000 39.099251 -17.338023 209.568069 21.365455 2.964441
DYNAMIC_OBS_INFO 2 -31.090205 212.500000 0.000000 13.709091 7.886563 212.500000 21.191034 2.505398
Parent: 34456.367831 10.000000 102.000000 350020.000000 1555.501027 12.278470 -10.000000 2.902986 17.000000 0.000000 0 0 0 1 0 0 0 35
Child: 12.278470 1.386559 15.000000 22.561638 218.450151 0.000000 -10.000000 0.000000 0.000000 0.000000 0 0 0 1 0 0 0 0
EGO_STATUS 21.448597 214.502600 3.800000 -0.004950 8.365238 1.000000 -5.880000
DYNAMIC_OBS_INFO 0 1.750000 228.649760 -1.570000 24.913519 1.750000 228.649760 0.000000 0.000000
DYNAMIC_OBS_INFO 1 25.401425 209.500000 3.140000 42.035064 -19.489388 209.571496 21.661899 2.964441
DYNAMIC_OBS_INFO 2 -31.090205 212.500000 0.000000 12.399935 10.018193 212.500000 21.441574 2.505398
Parent: 30524.027436 10.000000 102.000000 310020.000000 1555.501027 0.606689 -10.000000 2.803000 16.000000 0.000000 0 0 0 1 0 0 0 31
Child: 0.606689 0.579467 7.000000 21.379344 106.750071 0.000000 -10.000000 0.000000 0.000000 0.000000 0 0 0 1 0 0 0 0
EGO_STATUS 22.255685 214.500545 3.900000 -0.001443 7.777238 1.000000 -5.880000
DYNAMIC_OBS_INFO 0 1.750000 228.649760 -1.570000 25.533183 1.750000 228.649760 0.000000 0.000000
DYNAMIC_OBS_INFO 1 25.401425 209.500000 3.140000 44.944939 -21.670397 209.574969 21.958343 2.964441
DYNAMIC_OBS_INFO 2 -31.090205 212.500000 0.000000 11.012150 12.174877 212.500000 21.692114 2.505398
Parent: 36505.306081 9.831265 100.000000 370020.000000 1525.001007 0.000000 -10.000000 2.731196 15.000000 0.000000 0 0 0 1 0 0 0 37
EGO_STATUS 23.003887 214.500000 4.000000 0.000000 7.189238 1.000000 -5.880000
DYNAMIC_OBS_INFO 0 1.750000 228.649760 -1.570000 26.109887 1.750000 228.649760 0.000000 0.000000
DYNAMIC_OBS_INFO 1 25.401425 209.500000 3.140000 47.828283 -23.881051 209.578490 22.254787 2.964441
DYNAMIC_OBS_INFO 2 -31.090205 212.500000 0.000000 9.548537 14.356616 212.500000 21.942653 2.505398
Parent: 32557.805083 9.141804 93.000000 330020.000000 1418.250937 0.000000 -10.000000 2.765535 15.000000 0.000000 0 0 0 1 0 0 0 33
EGO_STATUS 23.693348 214.500000 4.100000 0.000000 6.601238 1.000000 -5.880000
DYNAMIC_OBS_INFO 0 1.750000 228.649760 -1.570000 26.642008 1.750000 228.649760 0.000000 0.000000
DYNAMIC_OBS_INFO 1 25.401425 209.500000 3.140000 50.684406 -26.121349 209.582058 22.551231 2.964441
DYNAMIC_OBS_INFO 2 -31.090205 212.500000 0.000000 8.014063 16.563408 212.500000 22.193193 2.505398
Parent: 28481.426921 8.511254 87.000000 290020.000000 1326.750876 0.000000 -10.000000 2.826139 14.000000 0.000000 0 0 0 1 0 0 0 29
EGO_STATUS 24.323898 214.500000 4.200000 0.000000 6.013238 1.000000 -5.880000
DYNAMIC_OBS_INFO 0 1.750000 228.649760 -1.570000 27.128131 1.750000 228.649760 0.000000 0.000000
DYNAMIC_OBS_INFO 1 25.401425 209.500000 3.140000 53.513041 -28.391291 209.585673 22.847675 2.964441
DYNAMIC_OBS_INFO 2 -31.090205 212.500000 0.000000 6.419850 18.795254 212.500000 22.443733 2.505398
Parent: 19705.740690 7.939531 81.000000 200020.000000 1235.250816 0.000000 -10.000000 2.921503 14.000000 0.000000 0 0 0 1 0 0 0 20
EGO_STATUS 24.895621 214.500000 4.300000 0.000000 5.425238 1.000000 -5.880000
DYNAMIC_OBS_INFO 0 1.750000 228.649760 -1.570000 27.567101 1.750000 228.649760 0.000000 0.000000
DYNAMIC_OBS_INFO 1 25.401425 209.500000 3.140000 56.313995 -30.690878 209.589336 23.144119 2.964441
DYNAMIC_OBS_INFO 2 -31.090205 212.500000 0.000000 4.793602 21.052155 212.500000 22.694273 2.505398
CRASH 25.408600 214.500000 4.300000
FINISHED
