Parent: -34.609693 10.000000 101.000000 0.000000 15.150000 -0.072052 -10.000000 3.962359 30.000000 0.000000 0 0 0 0 0 0 0 0
Child: -0.072052 10.000000 102.000000 20.000000 15.300000 -3.532837 0.000000 0.000000 0.000000 0.000000 0 0 0 1 0 0 0 0
Child: -3.532837 4.234452 44.000000 0.000000 67.200000 0.000000 -10.000000 0.000000 0.000000 0.000000 0 0 0 0 0 0 0 0
EGO_STATUS -1.750000 175.765548 0.000000 1.570796 13.170835 4.000000 0.000000
DYNAMIC_OBS_INFO 0 1.750000 228.619882 -1.570000 51.655960 1.750000 228.619882 0.000000 0.000000
DYNAMIC_OBS_INFO 1 25.417786 209.500000 3.140000 42.296269 25.417786 209.500000 14.168189 0.206692
DYNAMIC_OBS_INFO 2 -47.576312 212.500000 0.000000 57.917535 -47.576312 212.500000 14.580010 2.440317
Parent: 254.029571 21.774281 219.000000 3094.663712 276.677098 -26.562395 -10.000000 3.393228 48.000000 0.000000 1 0 0 0 0 0 0 0
Child: -26.562395 10.000000 101.000000 0.000000 15.150000 -18.062395 -10.000000 0.000000 0.000000 0.000000 0 0 0 0 0 0 0 0
Child: -18.062395 10.000000 102.000000 0.000000 15.300000 -9.562395 -10.000000 0.000000 0.000000 0.000000 0 0 0 0 0 0 0 0
Child: -9.562395 2.917369 31.000000 0.000000 4.650000 0.000000 -10.000000 0.000000 0.000000 0.000000 0 0 0 0 0 0 0 0
EGO_STATUS -1.750000 177.082631 0.100000 1.570796 13.170835 4.000000 0.000000
DYNAMIC_OBS_INFO 0 1.750000 228.619882 -1.570000 50.341983 1.750000 228.619882 0.000000 0.000000
DYNAMIC_OBS_INFO 1 25.417786 209.500000 3.140000 41.295476 25.417786 209.500000 14.168189 0.206692
DYNAMIC_OBS_INFO 2 -47.576312 212.500000 0.000000 57.121627 -47.576312 212.500000 14.580010 2.440317
Parent: 254.732009 21.774281 219.000000 3094.663712 276.677098 -26.759957 -10.000000 3.293228 47.000000 0.000000 1 0 0 0 0 0 0 0
Child: -26.759957 10.000000 101.000000 0.000000 15.150000 -18.259957 -10.000000 0.000000 0.000000 0.000000 0 0 0 0 0 0 0 0
Child: -18.259957 10.000000 102.000000 0.000000 15.300000 -9.759957 -10.000000 0.000000 0.000000 0.000000 0 0 0 0 0 0 0 0
Child: -9.759957 1.600285 18.000000 0.000000 2.700000 0.000000 -10.000000 0.000000 0.000000 0.000000 0 0 0 0 0 0 0 0
EGO_STATUS -1.750000 178.399715 0.200000 1.570796 13.170835 4.000000 0.000000
DYNAMIC_OBS_INFO 0 1.750000 228.619882 -1.570000 49.028172 1.750000 228.619882 0.000000 0.000000
DYNAMIC_OBS_INFO 1 25.417786 209.500000 3.140000 40.312873 25.417786 209.500000 14.168189 0.206692
DYNAMIC_OBS_INFO 2 -47.576312 212.500000 0.000000 56.345267 -47.576312 212.500000 14.580010 2.440317
Parent: 255.434446 21.774281 219.000000 3094.663712 276.677098 -26.957520 -10.000000 3.193228 46.000000 0.000000 1 0 0 0 0 0 0 0
Child: -26.957520 10.000000 101.000000 0.000000 15.150000 -18.457520 -10.000000 0.000000 0.000000 0.000000 0 0 0 0 0 0 0 0
Child: -18.457520 10.000000 102.000000 0.000000 15.300000 -9.957520 -10.000000 0.000000 0.000000 0.000000 0 0 0 0 0 0 0 0
Child: -9.957520 0.283202 4.000000 0.000000 0.600000 0.000000 -10.000000 0.000000 0.000000 0.000000 0 0 0 0 0 0 0 0
EGO_STATUS -1.750000 179.716798 0.300000 1.570796 13.170835 4.000000 0.000000
DYNAMIC_OBS_INFO 0 1.750000 228.619882 -1.570000 47.714541 1.750000 228.619882 0.000000 0.000000
DYNAMIC_OBS_INFO 1 25.417786 209.500000 3.140000 39.349822 25.417786 209.500000 14.168189 0.206692
DYNAMIC_OBS_INFO 2 -47.576312 212.500000 0.000000 55.589274 -47.576312 212.500000 14.580010 2.440317
Parent: 267.136884 21.774281 219.000000 3094.663712 276.677098 -17.155082 -10.000000 3.093228 44.000000 0.000000 1 0 0 0 0 0 0 0
Child: -17.155082 10.000000 101.000000 0.000000 15.150000 -8.655082 -10.000000 0.000000 0.000000 0.000000 0 0 0 0 0 0 0 0
Child: -8.655082 8.966118 91.000000 0.000000 13.650000 0.000000 -10.000000 0.000000 0.000000 0.000000 0 0 0 0 0 0 0 0
EGO_STATUS -1.750000 181.033882 0.400000 1.570796 13.170835 4.000000 0.000000
DYNAMIC_OBS_INFO 0 1.750000 228.619882 -1.570000 46.401107 1.750000 228.619882 0.000000 0.000000
DYNAMIC_OBS_INFO 1 25.417786 209.500000 3.140000 38.407795 25.417786 209.500000 14.168189 0.206692
DYNAMIC_OBS_INFO 2 -47.576312 212.500000 0.000000 54.854491 -47.576312 212.500000 14.580010 2.440317
Parent: 267.839321 21.774281 219.000000 3094.663712 276.677098 -17.352645 -10.000000 2.993228 43.000000 0.000000 1 0 0 0 0 0 0 0
Child: -17.352645 10.000000 101.000000 0.000000 15.150000 -8.852645 -10.000000 0.000000 0.000000 0.000000 0 0 0 0 0 0 0 0
Child: -8.852645 7.649035 78.000000 0.000000 11.700000 0.000000 -10.000000 0.000000 0.000000 0.000000 0 0 0 0 0 0 0 0
EGO_STATUS -1.750000 182.350965 0.500000 1.570796 13.170835 4.000000 0.000000
DYNAMIC_OBS_INFO 0 1.750000 228.619882 -1.570000 45.087885 1.750000 228.619882 0.000000 0.000000
DYNAMIC_OBS_INFO 1 25.417786 209.500000 3.140000 37.488376 25.417786 209.500000 14.168189 0.206692
DYNAMIC_OBS_INFO 2 -47.576312 212.500000 0.000000 54.141779 -47.576312 212.500000 14.580010 2.440317
Parent: 282.924716 21.774281 219.000000 3140.612016 276.677098 -17.550207 0.000000 2.707732 42.000000 0.000000 1 0 1 0 0 0 0 0
Child: -17.550207 10.000000 101.000000 0.000000 15.150000 -9.050207 -10.000000 0.000000 0.000000 0.000000 0 0 0 0 0 0 0 0
Child: -9.050207 6.331951 65.000000 0.000000 9.750000 0.000000 -10.000000 0.000000 0.000000 0.000000 0 0 0 0 0 0 0 0
EGO_STATUS -1.750000 183.668049 0.600000 1.570796 13.170835 4.000000 0.000000
DYNAMIC_OBS_INFO 0 1.750000 228.619882 -1.570000 43.774895 1.750000 228.619882 0.000000 0.000000
DYNAMIC_OBS_INFO 1 25.417786 209.500000 3.140000 36.593269 25.417786 209.500000 14.168189 0.206692
DYNAMIC_OBS_INFO 2 -47.576312 212.500000 0.000000 53.452023 -47.576312 212.500000 14.580010 2.440317
Parent: 282.224874 21.774281 219.000000 3125.555996 276.677098 -17.747770 0.000000 2.702411 41.000000 0.000000 1 0 1 0 0 0 0 0
Child: -17.747770 10.000000 101.000000 0.000000 15.150000 -9.247770 -10.000000 0.000000 0.000000 0.000000 0 0 0 0 0 0 0 0
Child: -9.247770 5.014868 52.000000 0.000000 7.800000 0.000000 -10.000000 0.000000 0.000000 0.000000 0 0 0 0 0 0 0 0
EGO_STATUS -1.750000 184.985132 0.700000 1.570796 13.170835 4.000000 0.000000
DYNAMIC_OBS_INFO 0 1.750000 228.619882 -1.570000 42.462159 1.750000 228.619882 0.000000 0.000000
DYNAMIC_OBS_INFO 1 25.417786 209.500000 3.140000 35.724303 25.417786 209.500000 14.168189 0.206692
DYNAMIC_OBS_INFO 2 -47.576312 212.500000 0.000000 51.514933 -46.106109 212.500000 14.824042 2.440317
Parent: 279.212946 31.804219 320.000000 3127.951458 304.945111 -5.965134 -10.000000 2.988721 49.000000 0.000000 1 0 0 0 0 0 0 0
Child: -5.965134 10.000000 101.000000 20.000000 15.150000 -9.445332 0.000000 0.000000 0.000000 0.000000 0 0 1 0 0 0 0 0
Child: -9.445332 3.697784 38.000000 0.000000 5.700000 0.000000 -10.000000 0.000000 0.000000 0.000000 0 0 0 0 0 0 0 0
EGO_STATUS -1.750000 186.302216 0.800000 1.570796 13.170835 4.000000 0.000000
DYNAMIC_OBS_INFO 0 1.750000 228.619882 -1.570000 41.149700 1.750000 228.619882 0.000000 0.000000
DYNAMIC_OBS_INFO 1 25.417786 209.500000 3.140000 34.883430 25.417786 209.500000 14.168189 0.206692
DYNAMIC_OBS_INFO 2 -47.576312 212.500000 0.000000 49.559638 -44.611503 212.500000 15.068074 2.440317
Parent: 278.695720 10.000000 101.000000 0.000000 15.147906 332.226359 -10.000000 2.969568 48.000000 0.000000 0 0 0 0 0 0 0 0
Child: 332.226359 21.774281 219.000000 3126.751092 276.677098 -6.162697 0.000000 0.000000 0.000000 0.000000 1 0 0 0 0 0 0 0
Child: -6.162697 10.000000 101.000000 20.000000 15.150000 -9.642895 0.000000 0.000000 0.000000 0.000000 0 0 1 0 0 0 0 0
Child: -9.642895 2.380701 25.000000 0.000000 3.750000 0.000000 -10.000000 0.000000 0.000000 0.000000 0 0 0 0 0 0 0 0
EGO_STATUS -1.750000 187.619299 0.900000 1.570796 13.170835 4.000000 0.000000
DYNAMIC_OBS_INFO 0 1.750000 228.619882 -1.570000 39.837547 1.750000 228.619882 0.000000 0.000000
DYNAMIC_OBS_INFO 1 25.417786 209.500000 3.140000 34.072731 25.417786 209.500000 14.168189 0.206692
DYNAMIC_OBS_INFO 2 -47.576312 212.500000 0.000000 47.586194 -43.092494 212.500000 15.312105 2.440317
Parent: 280.617821 31.804219 320.000000 3127.951458 304.945111 -6.360259 -10.000000 2.788721 47.000000 0.000000 1 0 0 0 0 0 0 0
Child: -6.360259 10.000000 101.000000 20.000000 15.150000 -9.840457 0.000000 0.000000 0.000000 0.000000 0 0 1 0 0 0 0 0
Child: -9.840457 1.063617 12.000000 0.000000 1.800000 0.000000 -10.000000 0.000000 0.000000 0.000000 0 0 0 0 0 0 0 0
EGO_STATUS -1.750000 188.936383 1.000000 1.570796 13.170835 4.000000 0.000000
DYNAMIC_OBS_INFO 0 1.750000 228.619882 -1.570000 38.525168 1.750000 228.619882 0.000000 0.000000
DYNAMIC_OBS_INFO 1 25.417786 209.500000 3.140000 33.294082 25.417786 209.500000 14.168189 0.206692
DYNAMIC_OBS_INFO 2 -47.576312 212.500000 0.000000 45.594408 -41.549082 212.500000 15.556137 2.440317
Parent: 271.988892 10.000000 101.000000 0.000000 15.147906 322.826316 -10.000000 2.662782 45.000000 0.000000 0 0 0 0 0 0 0 0
Child: 322.826316 21.774281 219.000000 3136.874031 276.677098 -6.569222 -10.000000 0.000000 0.000000 0.000000 1 0 0 0 0 0 0 0
Child: -6.569222 9.745969 99.000000 20.000000 14.850000 0.000000 -10.000000 0.000000 0.000000 0.000000 0 0 1 0 0 0 0 0
EGO_STATUS -1.750000 190.254031 1.100000 1.570796 13.227413 5.000000 2.940000
DYNAMIC_OBS_INFO 0 1.750000 228.619882 -1.570000 37.193437 1.750000 228.619882 0.000000 0.000000
DYNAMIC_OBS_INFO 1 25.417786 209.500000 3.140000 32.539258 25.417786 209.500000 14.168189 0.206692
DYNAMIC_OBS_INFO 2 -47.576312 212.500000 0.000000 43.575171 -39.981267 212.500000 15.800169 2.440317
Parent: 272.674853 10.000000 101.000000 0.000000 15.147906 322.612279 -10.000000 2.562781 44.000000 0.000000 0 0 0 0 0 0 0 0
Child: 322.612279 21.774281 219.000000 3136.873999 276.677098 -6.783257 -10.000000 0.000000 0.000000 0.000000 1 0 0 0 0 0 0 0
Child: -6.783257 8.408509 86.000000 20.000000 12.900000 0.000000 -10.000000 0.000000 0.000000 0.000000 0 0 1 0 0 0 0 0
EGO_STATUS -1.750000 191.591491 1.200000 1.570796 13.521413 5.000000 2.940000
DYNAMIC_OBS_INFO 0 1.750000 228.619882 -1.570000 35.832875 1.750000 228.619882 0.000000 0.000000
DYNAMIC_OBS_INFO 1 25.417786 209.500000 3.140000 31.807464 25.417786 209.500000 14.168189 0.206692
DYNAMIC_OBS_INFO 2 -47.576312 212.500000 0.000000 41.524643 -38.389048 212.500000 16.044200 2.440317
Parent: 45625.228081 10.000000 101.000000 270.000000 2570.450516 45394.506808 -10.000000 2.488549 43.000000 0.000000 0 1 1 0 0 0 0 0
Child: 45394.506808 26.442218 266.000000 453439.766188 3284.308227 3.012261 -10.000000 0.000000 0.000000 0.000000 1 1 1 0 0 0 0 45
Child: 3.012261 7.041650 72.000000 20.000000 10.800000 0.000000 0.000000 0.000000 0.000000 0.000000 0 0 1 0 0 0 0 0
EGO_STATUS -1.750000 192.958350 1.300000 1.570796 13.815413 5.000000 2.940000
DYNAMIC_OBS_INFO 0 1.750000 228.619882 -1.570000 34.443577 1.750000 228.619882 0.000000 0.000000
DYNAMIC_OBS_INFO 1 25.417786 209.500000 3.140000 31.104211 25.417786 209.500000 14.168189 0.206692
DYNAMIC_OBS_INFO 2 -47.576312 212.500000 0.000000 39.443962 -36.772427 212.500000 16.288232 2.440317
Parent: 32694.020817 10.000000 101.000000 270.000000 2570.450516 32461.399544 -10.000000 2.388549 41.000000 0.000000 0 1 1 0 0 0 0 0
Child: 32461.399544 26.442218 266.000000 323439.766180 3284.308227 -7.206497 -10.000000 0.000000 0.000000 0.000000 1 1 1 0 0 0 0 32
Child: -7.206497 5.645406 58.000000 20.000000 8.700000 0.000000 -10.000000 0.000000 0.000000 0.000000 0 0 1 0 0 0 0 0
EGO_STATUS -1.750000 194.354594 1.400000 1.570796 14.109413 0.000000 2.940000
DYNAMIC_OBS_INFO 0 1.750000 228.619882 -1.570000 33.025619 1.750000 228.619882 0.000000 0.000000
DYNAMIC_OBS_INFO 1 25.417786 209.500000 3.140000 29.177949 23.999936 209.502258 14.188858 0.206692
DYNAMIC_OBS_INFO 2 -47.576312 212.500000 0.000000 37.334543 -35.131402 212.500000 16.532264 2.440317
Parent: 32694.678341 10.000000 101.000000 270.000000 2570.450516 32461.157068 -10.000000 2.288549 40.000000 0.000000 0 1 1 0 0 0 0 0
Child: 32461.157068 26.442218 266.000000 323439.766140 3284.308227 -7.448969 -10.000000 0.000000 0.000000 0.000000 1 1 1 0 0 0 0 32
Child: -7.448969 4.219751 44.000000 20.000000 6.600000 0.000000 -10.000000 0.000000 0.000000 0.000000 0 0 1 0 0 0 0 0
EGO_STATUS -1.750000 195.780249 1.500000 1.570796 14.403413 0.000000 2.940000
DYNAMIC_OBS_INFO 0 1.750000 228.619882 -1.570000 31.579132 1.750000 228.619882 0.000000 0.000000
DYNAMIC_OBS_INFO 1 25.417786 209.500000 3.140000 27.248548 22.580018 209.504520 14.209528 0.206692
DYNAMIC_OBS_INFO 2 -47.576312 212.500000 0.000000 35.198208 -33.465974 212.500000 16.776295 2.440317
Parent: 41888.055453 20.000000 201.000000 270.000000 5115.451027 41407.542539 -10.000000 2.647140 48.000000 0.000000 0 1 1 0 0 0 0 0
Child: 41407.542539 26.442218 266.000000 413439.766091 3284.308227 -7.678611 -10.000000 0.000000 0.000000 0.000000 1 1 1 0 0 0 0 41
Child: -7.678611 2.764693 29.000000 20.000000 4.350000 0.000000 -10.000000 0.000000 0.000000 0.000000 0 0 1 0 0 0 0 0
EGO_STATUS -1.750000 197.235307 1.600000 1.570796 14.697413 0.000000 2.940000
DYNAMIC_OBS_INFO 0 1.750000 228.619882 -1.570000 30.104277 1.750000 228.619882 0.000000 0.000000
DYNAMIC_OBS_INFO 1 25.417786 209.500000 3.140000 25.320702 21.158034 209.506784 14.230197 0.206692
DYNAMIC_OBS_INFO 2 -47.576312 212.500000 0.000000 33.037318 -31.776143 212.500000 17.020327 2.440317
Parent: 23022.617235 20.000000 201.000000 270.000000 5115.451027 22541.187056 -10.000000 2.564406 47.000000 0.000000 0 1 1 0 0 0 0 0
Child: 22541.187056 28.111043 283.000000 223454.890909 3572.827588 0.000000 -10.000000 0.000000 0.000000 0.000000 1 1 1 0 0 0 0 22
EGO_STATUS -1.750000 198.719757 1.700000 1.570796 14.991413 0.000000 2.940000
DYNAMIC_OBS_INFO 0 1.750000 228.619882 -1.570000 28.601230 1.750000 228.619882 0.000000 0.000000
DYNAMIC_OBS_INFO 1 25.417786 209.500000 3.140000 23.400715 19.733982 209.509052 14.250866 0.206692
DYNAMIC_OBS_INFO 2 -47.576312 212.500000 0.000000 30.855002 -30.061909 212.500000 17.264359 2.440317
Parent: 38028.207774 20.000000 201.000000 270.000000 5115.451027 37544.877597 -10.000000 2.464403 45.000000 0.000000 0 1 1 0 0 0 0 0
Child: 37544.877597 26.597143 267.000000 373454.889456 3546.216108 0.000000 -10.000000 0.000000 0.000000 0.000000 1 1 1 0 0 0 0 37
EGO_STATUS -1.749955 200.233606 1.800000 1.570650 15.285413 0.000000 2.940000
DYNAMIC_OBS_INFO 0 1.750000 228.619882 -1.570000 27.070057 1.750000 228.619882 0.000000 0.000000
DYNAMIC_OBS_INFO 1 25.417786 209.500000 3.140000 21.496127 18.307864 209.511324 14.271535 0.206692
DYNAMIC_OBS_INFO 2 -47.576312 212.500000 0.000000 28.656572 -28.323271 212.500000 17.508390 2.440317
Parent: 30001.615566 20.000000 201.000000 270.000000 5115.451027 29517.385427 -10.000000 2.364364 44.000000 0.000000 0 1 1 0 0 0 0 0
Child: 29517.385427 25.053030 252.000000 293454.893227 3551.142389 0.000000 -10.000000 0.000000 0.000000 0.000000 1 1 1 0 0 0 0 29
EGO_STATUS -1.748595 201.776861 1.900000 1.568572 15.579413 0.000000 2.940000
DYNAMIC_OBS_INFO 0 1.750000 228.619882 -1.570000 25.510207 1.750000 228.619882 0.000000 0.000000
DYNAMIC_OBS_INFO 1 25.417786 209.500000 3.140000 19.613149 16.879679 209.513598 14.292204 0.206692
DYNAMIC_OBS_INFO 2 -47.576312 212.500000 0.000000 26.453607 -26.560231 212.500000 17.752422 2.440317
Parent: 26022.136329 10.000000 101.000000 270.000000 2055.350685 25841.625142 -10.000000 2.278447 42.000000 0.000000 0 1 1 0 0 0 0 0
Child: 25841.625142 33.797965 339.000000 253462.319750 5834.380852 0.000000 -10.000000 0.000000 0.000000 0.000000 1 1 1 0 0 0 0 25
EGO_STATUS -1.739647 203.349484 2.000000 1.560143 15.873413 0.000000 2.940000
DYNAMIC_OBS_INFO 0 1.750000 228.619882 -1.570000 23.919953 1.750000 228.619882 0.000000 0.000000
DYNAMIC_OBS_INFO 1 25.417786 209.500000 3.140000 17.754119 15.449427 209.515876 14.312873 0.206692
DYNAMIC_OBS_INFO 2 -47.576312 212.500000 0.000000 24.268823 -24.772787 212.500000 17.996454 2.440317
Parent: 40832.043787 20.000000 201.000000 10270.000000 5115.451027 39349.987413 -10.000000 2.165725 41.000000 0.000000 0 1 1 0 0 0 0 1
Child: 39349.987413 21.909004 221.000000 393457.465341 3573.698312 0.000000 -10.000000 0.000000 0.000000 0.000000 1 1 1 0 0 0 0 39
EGO_STATUS -1.707854 204.951181 2.100000 1.539188 16.167413 0.000000 2.940000
DYNAMIC_OBS_INFO 0 1.750000 228.619882 -1.570000 22.296541 1.750000 228.619882 0.000000 0.000000
DYNAMIC_OBS_INFO 1 25.417786 209.500000 3.140000 15.917124 14.017108 209.518157 14.333543 0.206692
DYNAMIC_OBS_INFO 2 -47.576312 212.500000 0.000000 22.140356 -22.960940 212.500000 18.240485 2.440317
Parent: 24274.907068 10.000000 101.000000 0.000000 15.147906 24339.100842 -10.000000 3.306434 59.000000 0.000000 0 0 0 0 0 0 0 0
Child: 24339.100842 20.435104 206.000000 3371.182903 2085.101425 23797.839978 0.000000 0.000000 0.000000 0.000000 1 1 0 1 0 0 0 0
Child: 23797.839978 30.455326 306.000000 233461.416079 5747.941780 0.000000 -10.000000 0.000000 0.000000 0.000000 1 1 1 0 0 0 0 23
EGO_STATUS -1.626581 206.580498 2.200000 1.499195 16.461413 0.000000 2.940000
DYNAMIC_OBS_INFO 0 1.750000 228.619882 -1.570000 20.638233 1.750000 228.619882 0.000000 0.000000
DYNAMIC_OBS_INFO 1 25.417786 209.500000 3.140000 14.099231 12.582722 209.520442 14.354212 0.206692
DYNAMIC_OBS_INFO 2 -47.576312 212.500000 0.000000 20.124821 -21.124690 212.500000 18.484517 2.440317
Parent: 47689.801657 20.000000 201.000000 270.000000 30.145832 47725.095044 -10.000000 2.841356 58.000000 0.000000 0 1 1 0 0 0 0 0
Child: 47725.095044 39.475847 396.000000 473460.305059 5391.927451 0.000000 -10.000000 0.000000 0.000000 0.000000 1 1 1 0 0 0 0 47
EGO_STATUS -1.457553 208.232429 2.300000 1.434088 16.755413 0.000000 2.940000
DYNAMIC_OBS_INFO 0 1.750000 228.619882 -1.570000 18.949229 1.750000 228.619882 0.000000 0.000000
DYNAMIC_OBS_INFO 1 25.417786 209.500000 3.140000 12.304198 11.146269 209.522730 14.374881 0.206692
DYNAMIC_OBS_INFO 2 -47.576312 212.500000 0.000000 18.298206 -19.264037 212.500000 18.728549 2.440317
Parent: 29746.354945 20.000000 201.000000 270.000000 30.145832 29780.748335 -10.000000 2.741353 57.000000 0.000000 0 1 1 0 0 0 0 0
Child: 29780.748335 37.785540 379.000000 293460.303811 5349.598164 0.000000 -10.000000 0.000000 0.000000 0.000000 1 1 1 0 0 0 0 29
EGO_STATUS -1.152319 209.894237 2.400000 1.339356 17.049413 0.000000 2.940000
DYNAMIC_OBS_INFO 0 1.750000 228.619882 -1.570000 17.248749 1.750000 228.619882 0.000000 0.000000
DYNAMIC_OBS_INFO 1 25.417786 209.500000 3.140000 10.559378 9.707749 209.525021 14.395550 0.206692
DYNAMIC_OBS_INFO 2 -47.576312 212.500000 0.000000 16.748921 -17.378980 212.500000 18.972580 2.440317
Parent: 34700.861974 20.000000 201.000000 270.000000 30.145832 34734.355368 -10.000000 2.641349 56.000000 0.000000 0 1 1 0 0 0 0 0
Child: 34734.355368 36.065795 362.000000 343460.302225 5276.132779 0.000000 -10.000000 0.000000 0.000000 0.000000 1 1 1 0 0 0 0 34
EGO_STATUS -0.657595 211.539987 2.500000 1.213528 17.343413 0.000000 2.940000
DYNAMIC_OBS_INFO 0 1.750000 228.619882 -1.570000 15.583979 1.750000 228.619882 0.000000 0.000000
DYNAMIC_OBS_INFO 1 25.417786 209.500000 3.140000 8.947579 8.267163 209.527315 14.416219 0.206692
DYNAMIC_OBS_INFO 2 -47.576312 212.500000 0.000000 15.557371 -15.469521 212.500000 19.216612 2.440317
Parent: 38890.436396 20.000000 201.000000 270.000000 994.952084 38827.044532 -10.000000 2.525985 55.000000 0.000000 0 1 1 0 0 0 0 0
Child: 38827.044532 33.931325 341.000000 383457.488764 6843.574415 0.000000 -10.000000 0.000000 0.000000 0.000000 1 1 1 0 0 0 0 38
EGO_STATUS 0.075244 213.126154 2.600000 1.058480 17.637413 0.000000 2.940000
DYNAMIC_OBS_INFO 0 1.750000 228.619882 -1.570000 14.044508 1.750000 228.619882 0.000000 0.000000
DYNAMIC_OBS_INFO 1 25.417786 209.500000 3.140000 7.657281 6.824509 209.529613 14.436889 0.206692
DYNAMIC_OBS_INFO 2 -47.576312 212.500000 0.000000 14.763441 -13.535658 212.500000 19.460644 2.440317
Parent: 22946.352665 20.000000 201.000000 270.000000 994.952084 22882.060804 -10.000000 2.425982 54.000000 0.000000 0 1 1 0 0 0 0 0
Child: 22882.060804 32.152798 323.000000 223457.485363 6511.168233 0.000000 -10.000000 0.000000 0.000000 0.000000 1 1 1 0 0 0 0 22
EGO_STATUS 1.078895 214.591417 2.700000 0.879080 17.931413 0.000000 2.940000
DYNAMIC_OBS_INFO 0 1.750000 228.619882 -1.570000 12.771426 1.750000 228.619882 0.000000 0.000000
DYNAMIC_OBS_INFO 1 25.417786 209.500000 3.140000 7.014498 5.379789 209.531914 14.457558 0.206692
DYNAMIC_OBS_INFO 2 -47.576312 212.500000 0.000000 14.337215 -11.577392 212.500000 19.704675 2.440317
Parent: 21210.085392 10.000000 101.000000 270.000000 2055.350685 21040.536305 -10.000000 2.316346 53.000000 0.000000 0 1 1 0 0 0 0 0
Child: 21040.536305 10.000000 101.000000 150270.000000 2055.350685 5968.818415 -10.000000 0.000000 0.000000 0.000000 0 1 1 0 0 0 0 15
Child: 5968.818415 10.000000 101.000000 270.000000 2055.350685 5748.585674 -10.000000 0.000000 0.000000 0.000000 0 1 1 0 0 0 0 0
Child: 5748.585674 20.103596 203.000000 53457.549846 4690.897532 0.000000 -10.000000 0.000000 0.000000 0.000000 1 1 1 0 0 0 0 5
EGO_STATUS 2.359818 215.863024 2.800000 0.682991 18.225413 0.000000 2.940000
DYNAMIC_OBS_INFO 0 1.750000 228.619882 -1.570000 11.943421 1.750000 228.619882 0.000000 0.000000
DYNAMIC_OBS_INFO 1 25.417786 209.500000 3.140000 7.336110 3.933001 209.534218 14.478227 0.206692
DYNAMIC_OBS_INFO 2 -47.576312 212.500000 0.000000 14.177665 -9.594723 212.500000 19.948707 2.440317
Parent: 37214.819130 30.000000 301.000000 360270.000000 6125.352041 756.793613 -10.000000 2.216343 52.000000 0.000000 0 1 1 0 0 0 0 36
Child: 756.793613 18.266281 184.000000 3457.491621 4266.577826 0.000000 -10.000000 0.000000 0.000000 0.000000 1 1 1 0 0 0 0 0
EGO_STATUS 3.892582 216.870216 2.900000 0.480194 18.519413 0.000000 2.940000
DYNAMIC_OBS_INFO 0 1.750000 228.619882 -1.570000 11.717363 1.750000 228.619882 0.000000 0.000000
DYNAMIC_OBS_INFO 1 25.417786 209.500000 3.140000 8.616837 2.484147 209.536525 14.498896 0.206692
DYNAMIC_OBS_INFO 2 -47.576312 212.500000 0.000000 14.147262 -7.587650 212.500000 20.192739 2.440317
Parent: 39925.861958 10.000000 101.000000 380270.000000 2055.350685 2130.750498 -10.000000 2.116342 51.000000 0.000000 0 1 1 0 0 0 0 38
Child: 2130.750498 20.000000 201.000000 10270.000000 4090.351363 711.859815 -10.000000 0.000000 0.000000 0.000000 0 1 1 0 0 0 0 1
Child: 711.859815 16.399617 165.000000 3450.681350 3812.102109 0.000000 -10.000000 0.000000 0.000000 0.000000 1 1 1 0 0 0 0 0
EGO_STATUS 5.623298 217.561213 3.000000 0.281908 18.813413 0.000000 2.940000
DYNAMIC_OBS_INFO 0 1.750000 228.619882 -1.570000 12.141806 1.750000 228.619882 0.000000 0.000000
DYNAMIC_OBS_INFO 1 25.417786 209.500000 3.140000 10.573088 1.033226 209.538836 14.519565 0.206692
DYNAMIC_OBS_INFO 2 -47.576312 212.500000 0.000000 14.119576 -5.556175 212.500000 20.436770 2.440317
Parent: 28149.583916 30.000000 301.000000 270270.000000 6125.352041 659.858067 -10.000000 2.016344 50.000000 0.000000 0 1 1 0 0 0 0 27
Child: 659.858067 14.503605 147.000000 3431.489267 3357.797650 0.000000 -10.000000 0.000000 0.000000 0.000000 1 1 1 0 0 0 0 0
EGO_STATUS 7.483022 217.916803 3.100000 0.100261 19.107413 0.000000 2.940000
DYNAMIC_OBS_INFO 0 1.750000 228.619882 -1.570000 13.126647 1.750000 228.619882 0.000000 0.000000
DYNAMIC_OBS_INFO 1 25.417786 209.500000 3.140000 12.937526 -0.419762 209.541150 14.540234 0.206692
DYNAMIC_OBS_INFO 2 -47.576312 212.500000 0.000000 14.012795 -3.500296 212.500000 20.680802 2.440317
Parent: 49863.530036 10.000000 102.000000 230270.000000 2075.700691 27150.232947 -10.000000 2.306824 58.000000 0.000000 0 1 1 0 0 0 0 23
Child: 27150.232947 30.000000 301.000000 260270.000000 6125.352041 609.201183 -10.000000 0.000000 0.000000 0.000000 0 1 1 0 0 0 0 26
Child: 609.201183 12.578171 127.000000 3398.735779 2853.250227 0.000000 -10.000000 0.000000 0.000000 0.000000 1 1 1 0 0 0 0 0
EGO_STATUS 9.406172 217.957242 3.200000 -0.051706 19.401413 0.000000 2.940000
DYNAMIC_OBS_INFO 0 1.750000 228.619882 -1.570000 14.507207 1.750000 228.619882 0.000000 0.000000
DYNAMIC_OBS_INFO 1 25.417786 209.500000 3.140000 15.558162 -1.874817 209.543468 14.560904 0.206692
DYNAMIC_OBS_INFO 2 -47.576312 212.500000 0.000000 13.802179 -1.420015 212.500000 20.924833 2.440317
Parent: 56013.160053 10.000000 101.000000 270.000000 2055.350685 55856.345223 -10.000000 2.582088 66.000000 0.000000 0 1 1 0 0 0 0 0
Child: 55856.345223 20.000000 202.000000 530270.000000 4110.701369 2957.364890 -10.000000 0.000000 0.000000 0.000000 0 1 1 0 0 0 0 53
Child: 2957.364890 30.656055 308.000000 23352.579166 6460.402017 0.000000 -10.000000 0.000000 0.000000 0.000000 1 1 1 0 0 0 0 2
EGO_STATUS 11.348109 217.741677 3.300000 -0.160924 19.695413 0.000000 2.940000
DYNAMIC_OBS_INFO 0 1.750000 228.619882 -1.570000 16.126804 1.750000 228.619882 0.000000 0.000000
DYNAMIC_OBS_INFO 1 25.417786 209.500000 3.140000 18.371629 -3.331939 209.545788 14.581573 0.206692
DYNAMIC_OBS_INFO 2 -47.576312 212.500000 0.000000 13.514435 0.684670 212.500000 21.168865 2.440317
Parent: 60485.464508 10.000000 101.000000 270.000000 2055.350685 60326.750816 -10.000000 2.480951 64.000000 0.000000 0 1 1 0 0 0 0 0
Child: 60326.750816 10.000000 102.000000 480270.000000 2075.700691 13047.956630 -10.000000 0.000000 0.000000 0.000000 0 1 1 0 0 0 0 48
Child: 13047.956630 10.000000 101.000000 70270.000000 2055.350685 5897.030820 -10.000000 0.000000 0.000000 0.000000 0 1 1 0 0 0 0 7
Child: 5897.030820 10.000000 101.000000 50270.000000 2055.350685 726.303030 -10.000000 0.000000 0.000000 0.000000 0 1 1 0 0 0 0 5
Child: 726.303030 10.000000 101.000000 270.000000 2055.350685 506.070289 -10.000000 0.000000 0.000000 0.000000 0 1 1 0 0 0 0 0
Child: 506.070289 8.640773 88.000000 3371.400475 1884.400561 0.000000 -10.000000 0.000000 0.000000 0.000000 1 1 1 0 0 0 0 0
EGO_STATUS 13.295020 217.359940 3.400000 -0.216757 19.989413 0.000000 2.940000
DYNAMIC_OBS_INFO 0 1.750000 228.619882 -1.570000 17.872831 1.750000 228.619882 0.000000 0.000000
DYNAMIC_OBS_INFO 1 25.417786 209.500000 3.140000 21.362384 -4.791128 209.548112 14.602242 0.206692
DYNAMIC_OBS_INFO 2 -47.576312 212.500000 0.000000 13.206832 2.813758 212.500000 21.412897 2.440317
Parent: 68050.667504 50.043740 502.000000 650283.807481 8906.804182 2406.412886 -10.000000 2.382554 62.000000 0.000000 0 1 1 0 0 0 0 65
Child: 2406.412886 6.627123 68.000000 23371.380289 1423.100445 0.000000 -10.000000 0.000000 0.000000 0.000000 1 1 1 0 0 0 0 2
EGO_STATUS 15.259621 216.918248 3.500000 -0.215912 20.283413 0.000000 2.940000
DYNAMIC_OBS_INFO 0 1.750000 228.619882 -1.570000 19.668835 1.750000 228.619882 0.000000 0.000000
DYNAMIC_OBS_INFO 1 25.417786 209.500000 3.140000 24.531902 -6.252384 209.550440 14.622911 0.206692
DYNAMIC_OBS_INFO 2 -47.576312 212.500000 0.000000 12.941928 4.967250 212.500000 21.656928 2.440317
Parent: 74705.032871 10.000000 101.000000 270270.000000 2055.350685 47809.845788 -10.000000 2.281075 60.000000 0.000000 0 1 1 0 0 0 0 27
Child: 47809.845788 20.000000 202.000000 410270.000000 4110.701369 6792.053573 -10.000000 0.000000 0.000000 0.000000 0 1 1 0 0 0 0 41
Child: 6792.053573 10.000000 101.000000 30270.000000 2055.350685 3601.523803 -10.000000 0.000000 0.000000 0.000000 0 1 1 0 0 0 0 3
Child: 3601.523803 14.587474 147.000000 33372.676215 3021.150984 0.000000 -10.000000 0.000000 0.000000 0.000000 1 1 1 0 0 0 0 3
EGO_STATUS 17.265347 216.531166 3.600000 -0.156312 20.577413 0.000000 2.940000
DYNAMIC_OBS_INFO 0 1.750000 228.619882 -1.570000 21.459789 1.750000 228.619882 0.000000 0.000000
DYNAMIC_OBS_INFO 1 25.417786 209.500000 3.140000 27.870622 -7.715707 209.552770 14.643580 0.206692
DYNAMIC_OBS_INFO 2 -47.576312 212.500000 0.000000 12.759999 7.145144 212.500000 21.900960 2.440317
Parent: 83711.350922 10.000000 101.000000 270.000000 2055.350685 83556.577677 -10.000000 2.540504 68.000000 0.000000 0 1 1 0 0 0 0 0
Child: 83556.577677 20.000000 202.000000 600270.000000 4110.701369 23726.904274 -10.000000 0.000000 0.000000 0.000000 0 1 1 0 0 0 0 60
Child: 23726.904274 20.000000 201.000000 150270.000000 4090.351363 8377.665332 -10.000000 0.000000 0.000000 0.000000 0 1 1 0 0 0 0 15
Child: 8377.665332 10.000000 101.000000 60270.000000 2055.350685 2216.838532 -10.000000 0.000000 0.000000 0.000000 0 1 1 0 0 0 0 6
Child: 2216.838532 2.511518 27.000000 23389.814169 549.750183 0.000000 -10.000000 0.000000 0.000000 0.000000 1 1 1 0 1 0 0 2
EGO_STATUS 19.324608 216.305026 3.700000 -0.060948 20.871413 0.000000 2.940000
DYNAMIC_OBS_INFO 0 1.750000 228.619882 -1.570000 23.240513 1.750000 228.619882 0.000000 0.000000
DYNAMIC_OBS_INFO 1 25.417786 209.500000 3.140000 31.330384 -9.181096 209.555104 14.664249 0.206692
DYNAMIC_OBS_INFO 2 -47.576312 212.500000 0.000000 12.646996 9.347442 212.500000 22.144992 2.440317
Parent: 80344.972282 10.000000 101.000000 270.000000 2055.350685 80188.299037 -10.000000 2.440504 66.000000 0.000000 0 1 1 0 0 0 0 0
Child: 80188.299037 10.000000 101.000000 430270.000000 2055.350685 37393.808870 -10.000000 0.000000 0.000000 0.000000 0 1 1 0 0 0 0 43
Child: 37393.808870 10.000000 102.000000 110270.000000 2075.700691 26389.524489 -10.000000 0.000000 0.000000 0.000000 0 1 1 0 0 0 0 11
Child: 26389.524489 10.000000 101.000000 130270.000000 2055.350685 13298.004619 -10.000000 0.000000 0.000000 0.000000 0 1 1 0 0 0 0 13
Child: 13298.004619 10.000000 101.000000 30270.000000 2055.350685 10107.474848 -10.000000 0.000000 0.000000 0.000000 0 1 1 0 0 0 0 3
Child: 10107.474848 10.000000 101.000000 70270.000000 2055.350685 2956.549038 -10.000000 0.000000 0.000000 0.000000 0 1 1 0 0 0 0 7
Child: 2956.549038 0.409678 6.000000 43324.925040 122.100041 0.000000 -10.000000 0.000000 0.000000 0.000000 1 1 1 0 1 0 0 4
EGO_STATUS 21.425475 216.250682 3.800000 -0.004458 21.165413 0.000000 2.940000
DYNAMIC_OBS_INFO 0 1.750000 228.619882 -1.570000 25.070841 1.750000 228.619882 0.000000 0.000000
DYNAMIC_OBS_INFO 1 25.417786 209.500000 3.140000 34.853853 -10.648553 209.557441 14.684919 0.206692
DYNAMIC_OBS_INFO 2 -47.576312 212.500000 0.000000 12.555663 11.574142 212.500000 22.389023 2.440317
Parent: 84858.314016 10.000000 101.000000 120270.000000 2055.350685 72818.552652 -10.000000 2.340504 64.000000 0.000000 0 1 1 0 0 0 0 12
Child: 72818.552652 48.278431 484.000000 720270.000000 9849.403281 0.000000 -10.000000 0.000000 0.000000 0.000000 0 1 1 0 0 0 0 72
EGO_STATUS 23.556721 216.250000 3.900000 -0.000000 21.459413 0.000000 2.940000
DYNAMIC_OBS_INFO 0 1.750000 228.619882 -1.570000 26.971259 1.750000 228.619882 0.000000 0.000000
DYNAMIC_OBS_INFO 1 25.417786 209.500000 3.140000 38.422389 -12.118076 209.559782 14.705588 0.206692
DYNAMIC_OBS_INFO 2 -47.576312 212.500000 0.000000 12.469366 13.825246 212.500000 22.633055 2.440317
Parent: 88256.120942 10.000000 101.000000 60270.000000 2055.350685 82155.053638 -10.000000 2.240503 62.000000 0.000000 0 1 1 0 0 0 0 6
Child: 82155.053638 20.000000 202.000000 530270.000000 4110.701369 29256.073305 -10.000000 0.000000 0.000000 0.000000 0 1 1 0 0 0 0 53
Child: 29256.073305 10.000000 101.000000 120270.000000 2055.350685 17154.652445 -10.000000 0.000000 0.000000 0.000000 0 1 1 0 0 0 0 12
Child: 17154.652445 16.117783 163.000000 170270.000000 3317.051105 0.000000 -10.000000 0.000000 0.000000 0.000000 0 1 1 0 0 0 0 17
EGO_STATUS 25.717370 216.250000 4.000000 -0.000000 21.753413 0.000000 2.940000
DYNAMIC_OBS_INFO 0 1.750000 228.619882 -1.570000 28.934828 1.750000 228.619882 0.000000 0.000000
DYNAMIC_OBS_INFO 1 25.417786 209.500000 3.140000 42.032551 -13.589667 209.562125 14.726257 0.206692
DYNAMIC_OBS_INFO 2 -47.576312 212.500000 0.000000 12.387886 16.100753 212.500000 22.877087 2.440317
Parent: 91739.283258 30.000000 302.000000 440270.000000 6145.702047 47469.865468 -10.000000 2.487123 69.000000 0.000000 0 1 1 0 0 0 0 44
Child: 47469.865468 33.927739 341.000000 470270.000000 6939.352312 0.000000 -10.000000 0.000000 0.000000 0.000000 0 1 1 0 0 0 0 47
EGO_STATUS 27.907414 216.250000 4.100000 0.000000 22.047413 0.000000 2.940000
DYNAMIC_OBS_INFO 0 1.750000 228.619882 -1.570000 30.955777 1.750000 228.619882 0.000000 0.000000
DYNAMIC_OBS_INFO 1 25.417786 209.500000 3.140000 45.682042 -15.063324 209.564472 14.746926 0.206692
DYNAMIC_OBS_INFO 2 -47.576312 212.500000 0.000000 12.311221 18.400664 212.500000 23.121118 2.440317
Parent: 99286.529869 20.000000 202.000000 310270.000000 4110.701369 68234.340630 -10.000000 2.387123 67.000000 0.000000 0 1 1 0 0 0 0 31
Child: 68234.340630 10.000000 101.000000 140270.000000 2055.350685 54152.721750 -10.000000 0.000000 0.000000 0.000000 0 1 1 0 0 0 0 14
Child: 54152.721750 10.000000 102.000000 210270.000000 2075.700691 33344.515800 -10.000000 0.000000 0.000000 0.000000 0 1 1 0 0 0 0 21
Child: 33344.515800 20.000000 201.000000 240270.000000 4090.351363 9040.052978 -10.000000 0.000000 0.000000 0.000000 0 1 1 0 0 0 0 24
Child: 9040.052978 1.708293 19.000000 100270.000000 386.650129 0.000000 -10.000000 0.000000 0.000000 0.000000 0 1 1 0 0 0 0 10
EGO_STATUS 30.126860 216.250000 4.200000 0.000000 22.341413 0.000000 2.940000
DYNAMIC_OBS_INFO 0 1.750000 228.619882 -1.570000 33.029502 1.750000 228.619882 0.000000 0.000000
DYNAMIC_OBS_INFO 1 25.417786 209.500000 3.140000 49.369203 -16.539048 209.566823 14.767595 0.206692
DYNAMIC_OBS_INFO 2 -47.576312 212.500000 0.000000 12.239364 20.724977 212.500000 23.365150 2.440317
Parent: 109376.040764 20.000000 202.000000 310270.000000 4110.701369 78321.951525 -10.000000 2.287123 65.000000 0.000000 0 1 1 0 0 0 0 31
Child: 78321.951525 10.000000 101.000000 280270.000000 2055.350685 50378.946507 -10.000000 0.000000 0.000000 0.000000 0 1 1 0 0 0 0 28
Child: 50378.946507 29.459444 296.000000 500270.000000 6023.602007 0.000000 -10.000000 0.000000 0.000000 0.000000 0 1 1 0 0 0 0 50
EGO_STATUS 32.375708 216.250000 4.300000 -0.000000 22.635413 0.000000 2.940000
DYNAMIC_OBS_INFO 0 1.750000 228.619882 -1.570000 35.152300 1.750000 228.619882 0.000000 0.000000
DYNAMIC_OBS_INFO 1 25.417786 209.500000 3.140000 53.092804 -18.016839 209.569176 14.788265 0.206692
DYNAMIC_OBS_INFO 2 -47.576312 212.500000 0.000000 12.172302 23.073694 212.500000 23.609182 2.440317
Parent: 118438.271584 20.000000 202.000000 480270.000000 4110.701369 70550.599177 -10.000000 2.187123 63.000000 0.000000 0 1 1 0 0 0 0 48
Child: 70550.599177 37.181198 373.000000 700270.000000 7590.552529 0.000000 -10.000000 0.000000 0.000000 0.000000 0 1 1 0 0 0 0 70
EGO_STATUS 34.653954 216.250000 4.400000 -0.000000 22.929413 0.000000 2.940000
DYNAMIC_OBS_INFO 0 1.750000 228.619882 -1.570000 37.321181 1.750000 228.619882 0.000000 0.000000
DYNAMIC_OBS_INFO 1 25.417786 209.500000 3.140000 56.851921 -19.496697 209.571533 14.808934 0.206692
DYNAMIC_OBS_INFO 2 -47.576312 212.500000 0.000000 12.110027 25.446813 212.500000 23.853213 2.440317
Parent: 127225.882944 10.000000 101.000000 270.000000 2055.350685 127073.228094 -10.000000 2.422109 70.000000 0.000000 0 1 1 0 0 0 0 0
Child: 127073.228094 10.000000 102.000000 330270.000000 2075.700691 94500.316262 -10.000000 0.000000 0.000000 0.000000 0 1 1 0 0 0 0 33
Child: 94500.316262 10.000000 101.000000 170270.000000 2055.350685 77448.400352 -10.000000 0.000000 0.000000 0.000000 0 1 1 0 0 0 0 17
Child: 77448.400352 34.873555 350.000000 770270.000000 7122.502373 0.000000 -10.000000 0.000000 0.000000 0.000000 0 1 1 0 0 0 0 77
EGO_STATUS 36.961597 216.250000 4.500000 -0.000000 23.223413 0.000000 2.940000
DYNAMIC_OBS_INFO 0 1.750000 228.619882 -1.570000 39.533716 1.750000 228.619882 0.000000 0.000000
DYNAMIC_OBS_INFO 1 25.417786 209.500000 3.140000 60.645852 -20.978622 209.573893 14.829603 0.206692
DYNAMIC_OBS_INFO 2 -47.576312 212.500000 0.000000 12.052538 27.844336 212.500000 24.097245 2.440317
Parent: 135190.755259 20.000000 201.000000 270.000000 4090.351363 134842.242893 -10.000000 2.646559 78.000000 0.000000 0 1 1 0 0 0 0 0
Child: 134842.242893 10.000000 102.000000 330270.000000 2075.700691 102269.331061 -10.000000 0.000000 0.000000 0.000000 0 1 1 0 0 0 0 33
Child: 102269.331061 20.000000 201.000000 470270.000000 4090.351363 55079.296099 -10.000000 0.000000 0.000000 0.000000 0 1 1 0 0 0 0 47
Child: 55079.296099 22.536507 227.000000 550270.000000 4619.451539 0.000000 -10.000000 0.000000 0.000000 0.000000 0 1 1 0 0 0 0 55
EGO_STATUS 39.298645 216.250000 4.600000 -0.000000 23.517413 0.000000 2.940000
DONE
FINISHED
