Parent: 83.683633 10.011239 102.000000 11.422733 15.308876 128.469352 -10.000000 2.590590 40.000000 0.000000 0 0 0 0 0 0 0 0
Child: 128.469352 10.000000 101.000000 0.000000 15.150000 136.969352 -10.000000 0.000000 0.000000 0.000000 0 0 0 0 0 0 0 0
Child: 136.969352 10.000000 101.000000 0.000000 641.350000 83.469352 -10.000000 0.000000 0.000000 0.000000 0 0 0 0 0 0 0 0
Child: 83.469352 4.593089 47.000000 0.000000 956.450000 0.000000 -10.000000 0.000000 0.000000 0.000000 0 0 0 0 0 0 0 0
EGO_STATUS -1.750000 168.406911 0.000000 1.570796 13.357703 4.000000 0.000000
DYNAMIC_OBS_INFO 0 1.750000 233.783552 -1.570000 64.136441 1.750000 233.783552 0.000000 0.000000
DYNAMIC_OBS_INFO 1 26.299088 209.500000 3.140000 48.655891 26.299088 209.500000 5.741989 1.265840
DYNAMIC_OBS_INFO 2 -50.839856 212.500000 0.000000 65.099940 -50.839856 212.500000 14.557740 1.805492
Parent: 348.568133 12.283117 124.000000 3115.173886 16.827248 93.910119 -10.000000 3.410143 49.000000 0.000000 1 0 0 0 0 0 0 0
Child: 93.910119 10.011239 102.000000 11.422733 15.308876 101.286428 -10.000000 0.000000 0.000000 0.000000 0 0 0 0 0 0 0 0
Child: 101.286428 10.000000 101.000000 0.000000 15.150000 109.786428 -10.000000 0.000000 0.000000 0.000000 0 0 0 0 0 0 0 0
Child: 109.786428 10.000000 101.000000 0.000000 641.350000 56.286428 -10.000000 0.000000 0.000000 0.000000 0 0 0 0 0 0 0 0
Child: 56.286428 3.257318 34.000000 0.000000 691.900000 0.000000 -10.000000 0.000000 0.000000 0.000000 0 0 0 0 0 0 0 0
EGO_STATUS -1.750000 169.742682 0.100000 1.570796 13.357703 4.000000 0.000000
DYNAMIC_OBS_INFO 0 1.750000 233.783552 -1.570000 62.802703 1.750000 233.783552 0.000000 0.000000
DYNAMIC_OBS_INFO 1 26.299088 209.500000 3.140000 47.570650 26.299088 209.500000 5.741989 1.265840
DYNAMIC_OBS_INFO 2 -50.839856 212.500000 0.000000 64.230512 -50.839856 212.500000 14.557740 1.805492
Parent: 323.285208 12.283117 124.000000 3115.173886 16.827248 66.727194 -10.000000 3.310143 47.000000 0.000000 1 0 0 0 0 0 0 0
Child: 66.727194 10.011239 102.000000 11.422733 15.308876 74.103503 -10.000000 0.000000 0.000000 0.000000 0 0 0 0 0 0 0 0
Child: 74.103503 10.000000 101.000000 0.000000 15.150000 82.603503 -10.000000 0.000000 0.000000 0.000000 0 0 0 0 0 0 0 0
Child: 82.603503 10.000000 101.000000 0.000000 641.350000 29.103503 -10.000000 0.000000 0.000000 0.000000 0 0 0 0 0 0 0 0
Child: 29.103503 1.921548 21.000000 0.000000 427.350000 0.000000 -10.000000 0.000000 0.000000 0.000000 0 0 0 0 0 0 0 0
EGO_STATUS -1.750000 171.078452 0.200000 1.570796 13.357703 4.000000 0.000000
DYNAMIC_OBS_INFO 0 1.750000 233.783552 -1.570000 61.469054 1.750000 233.783552 0.000000 0.000000
DYNAMIC_OBS_INFO 1 26.299088 209.500000 3.140000 46.498454 26.299088 209.500000 5.741989 1.265840
DYNAMIC_OBS_INFO 2 -50.839856 212.500000 0.000000 63.377311 -50.839856 212.500000 14.557740 1.805492
Parent: 17.069065 10.011239 102.000000 0.401665 15.308876 56.920578 -10.000000 4.606506 36.000000 0.000000 0 0 0 0 0 0 0 0
Child: 56.920578 10.000000 101.000000 0.000000 15.150000 65.420578 -10.000000 0.000000 0.000000 0.000000 0 0 0 0 0 0 0 0
Child: 65.420578 10.000000 101.000000 0.000000 641.350000 11.920578 -10.000000 0.000000 0.000000 0.000000 0 0 0 0 0 0 0 0
Child: 11.920578 0.585778 7.000000 0.000000 142.450000 0.000000 0.000000 0.000000 0.000000 0.000000 0 0 0 0 0 0 0 0
EGO_STATUS -1.750000 172.414222 0.300000 1.570796 13.357703 4.000000 0.000000
DYNAMIC_OBS_INFO 0 1.750000 233.783552 -1.570000 60.150194 1.750000 233.783552 0.000000 0.000000
DYNAMIC_OBS_INFO 1 26.299088 209.500000 3.140000 45.451810 26.299088 209.500000 5.741989 1.265840
DYNAMIC_OBS_INFO 2 -50.839856 212.500000 0.000000 62.550124 -50.839856 212.500000 14.557740 1.805492
Parent: -10.270392 10.011239 102.000000 0.401664 15.308876 28.681116 -10.000000 4.506511 35.000000 0.000000 0 0 0 0 0 0 0 0
Child: 28.681116 10.000000 101.000000 0.000000 15.150000 37.181116 -10.000000 0.000000 0.000000 0.000000 0 0 0 0 0 0 0 0
Child: 37.181116 9.264727 94.000000 0.000000 478.700000 0.000000 -10.000000 0.000000 0.000000 0.000000 0 0 0 0 0 0 0 0
EGO_STATUS -1.750000 173.735273 0.400000 1.570796 13.063703 3.000000 -2.940000
DYNAMIC_OBS_INFO 0 1.750000 233.783552 -1.570000 58.860767 1.750000 233.783552 0.000000 0.000000
DYNAMIC_OBS_INFO 1 26.299088 209.500000 3.140000 44.079221 25.718561 209.500925 5.868573 1.265840
DYNAMIC_OBS_INFO 2 -50.839856 212.500000 0.000000 60.600135 -49.375055 212.500000 14.738289 1.805492
Parent: -34.472104 10.011239 102.000000 0.401664 15.308876 2.579403 -10.000000 4.406513 33.000000 0.000000 0 0 0 0 0 0 0 0
Child: 2.579403 10.000000 101.000000 0.000000 15.150000 11.079403 -10.000000 0.000000 0.000000 0.000000 0 0 0 0 0 0 0 0
Child: 11.079403 7.973064 81.000000 0.000000 214.150000 0.000000 -10.000000 0.000000 0.000000 0.000000 0 0 0 0 0 0 0 0
EGO_STATUS -1.750000 175.026936 0.500000 1.570796 12.769703 3.000000 -2.940000
DYNAMIC_OBS_INFO 0 1.750000 233.783552 -1.570000 57.600801 1.750000 233.783552 0.000000 0.000000
DYNAMIC_OBS_INFO 1 26.299088 209.500000 3.140000 42.724328 25.125375 209.501869 5.995157 1.265840
DYNAMIC_OBS_INFO 2 -50.839856 212.500000 0.000000 58.654289 -47.892198 212.500000 14.918838 1.805492
Parent: -53.644879 10.011239 102.000000 0.401663 15.308876 -17.493378 -10.000000 4.306519 32.000000 0.000000 0 0 0 0 0 0 0 0
Child: -17.493378 10.000000 101.000000 0.000000 15.150000 -8.993378 -10.000000 0.000000 0.000000 0.000000 0 0 0 0 0 0 0 0
Child: -8.993378 6.710816 69.000000 0.000000 10.350000 0.000000 -10.000000 0.000000 0.000000 0.000000 0 0 0 0 0 0 0 0
EGO_STATUS -1.750000 176.289184 0.600000 1.570796 12.475703 3.000000 -2.940000
DYNAMIC_OBS_INFO 0 1.750000 233.783552 -1.570000 56.370281 1.750000 233.783552 0.000000 0.000000
DYNAMIC_OBS_INFO 1 26.299088 209.500000 3.140000 41.386712 24.519531 209.502834 6.121741 1.265840
DYNAMIC_OBS_INFO 2 -50.839856 212.500000 0.000000 56.712456 -46.391287 212.500000 15.099387 1.805492
Parent: -52.929800 10.011239 102.000000 0.401662 15.308876 -17.678305 -10.000000 4.206525 31.000000 0.000000 0 0 0 0 0 0 0 0
Child: -17.678305 10.000000 101.000000 0.000000 15.150000 -9.178305 -10.000000 0.000000 0.000000 0.000000 0 0 0 0 0 0 0 0
Child: -9.178305 5.477967 56.000000 0.000000 8.400000 0.000000 -10.000000 0.000000 0.000000 0.000000 0 0 0 0 0 0 0 0
EGO_STATUS -1.750000 177.522033 0.700000 1.570796 12.181703 3.000000 -2.940000
DYNAMIC_OBS_INFO 0 1.750000 233.783552 -1.570000 55.169186 1.750000 233.783552 0.000000 0.000000
DYNAMIC_OBS_INFO 1 26.299088 209.500000 3.140000 40.065948 23.901028 209.503819 6.248325 1.265840
DYNAMIC_OBS_INFO 2 -50.839856 212.500000 0.000000 54.774551 -44.872321 212.500000 15.279937 1.805492
Parent: -52.210319 10.011239 102.000000 0.401661 15.308876 -17.858825 -10.000000 4.106526 30.000000 0.000000 0 0 0 0 0 0 0 0
Child: -17.858825 10.000000 101.000000 0.000000 15.150000 -9.358825 -10.000000 0.000000 0.000000 0.000000 0 0 0 0 0 0 0 0
Child: -9.358825 4.274501 44.000000 0.000000 6.600000 0.000000 -10.000000 0.000000 0.000000 0.000000 0 0 0 0 0 0 0 0
EGO_STATUS -1.750000 178.725499 0.800000 1.570796 11.887703 3.000000 -2.940000
DYNAMIC_OBS_INFO 0 1.750000 233.783552 -1.570000 53.997553 1.750000 233.783552 0.000000 0.000000
DYNAMIC_OBS_INFO 1 26.299088 209.500000 3.140000 38.761658 23.269867 209.504825 6.374909 1.265840
DYNAMIC_OBS_INFO 2 -50.839856 212.500000 0.000000 52.840577 -43.335300 212.500000 15.460486 1.805492
Parent: -51.486421 10.011239 102.000000 0.401660 15.308876 -18.034932 -10.000000 4.006531 29.000000 0.000000 0 0 0 0 0 0 0 0
Child: -18.034932 10.000000 101.000000 0.000000 15.150000 -9.534932 -10.000000 0.000000 0.000000 0.000000 0 0 0 0 0 0 0 0
Child: -9.534932 3.100451 33.000000 0.000000 4.950000 0.000000 -10.000000 0.000000 0.000000 0.000000 0 0 0 0 0 0 0 0
EGO_STATUS -1.750000 179.899549 0.900000 1.570796 11.593703 3.000000 -2.940000
DYNAMIC_OBS_INFO 0 1.750000 233.783552 -1.570000 52.855371 1.750000 233.783552 0.000000 0.000000
DYNAMIC_OBS_INFO 1 26.299088 209.500000 3.140000 37.473428 22.626048 209.505850 6.501493 1.265840
DYNAMIC_OBS_INFO 2 -50.839856 212.500000 0.000000 50.910576 -41.780224 212.500000 15.641035 1.805492
Parent: 275.035391 12.283117 124.000000 3111.126665 16.827248 7.672350 -10.000000 4.516077 37.000000 0.000000 1 0 1 0 0 0 0 0
Child: 7.672350 10.011239 102.000000 24.414045 15.308876 3.773569 0.000000 0.000000 0.000000 0.000000 0 0 1 0 0 0 0 0
Child: 3.773569 10.000000 101.000000 20.000000 15.150000 0.293371 0.000000 0.000000 0.000000 0.000000 0 0 0 1 0 0 0 0
Child: 0.293371 1.955810 21.000000 0.000000 3.150000 0.000000 0.000000 0.000000 0.000000 0.000000 0 0 0 0 0 0 0 0
EGO_STATUS -1.750000 181.044190 1.000000 1.570796 11.299703 3.000000 -2.940000
DYNAMIC_OBS_INFO 0 1.750000 233.783552 -1.570000 51.727935 1.750000 233.783552 0.000000 0.000000
DYNAMIC_OBS_INFO 1 26.299088 209.500000 3.140000 36.189728 21.969570 209.506895 6.628077 1.265840
DYNAMIC_OBS_INFO 2 -50.839856 212.500000 0.000000 48.975550 -40.207093 212.500000 15.821584 1.805492
Parent: -27.250772 10.011239 102.000000 20.396218 15.308876 -8.376124 0.000000 3.620919 26.000000 0.000000 0 0 0 1 0 0 0 0
Child: -8.376124 10.000000 101.000000 0.000000 15.150000 0.123876 -10.000000 0.000000 0.000000 0.000000 0 0 0 0 0 0 0 0
Child: 0.123876 0.825839 10.000000 0.000000 1.500000 0.000000 0.000000 0.000000 0.000000 0.000000 0 0 0 0 0 0 0 0
EGO_STATUS -1.750000 182.174161 1.100000 1.570796 11.299703 4.000000 0.000000
DYNAMIC_OBS_INFO 0 1.750000 233.783552 -1.570000 50.615288 1.750000 233.783552 0.000000 0.000000
DYNAMIC_OBS_INFO 1 26.299088 209.500000 3.140000 34.910377 21.300434 209.507961 6.754661 1.265840
DYNAMIC_OBS_INFO 2 -50.839856 212.500000 0.000000 47.035658 -38.615907 212.500000 16.002134 1.805492
Parent: 276.467247 12.283117 124.000000 3109.090645 16.827248 7.297282 -10.000000 4.524684 35.000000 0.000000 1 0 1 0 0 0 0 0
Child: 7.297282 10.011239 102.000000 24.212116 15.308876 3.418321 0.000000 0.000000 0.000000 0.000000 0 0 1 0 0 0 0 0
Child: 3.418321 9.710581 99.000000 20.000000 14.850000 0.000000 0.000000 0.000000 0.000000 0.000000 0 0 0 1 0 0 0 0
EGO_STATUS -1.750000 183.289419 1.200000 1.570796 11.005703 3.000000 -2.940000
DYNAMIC_OBS_INFO 0 1.750000 233.783552 -1.570000 49.546793 1.750000 233.783552 0.000000 0.000000
DYNAMIC_OBS_INFO 1 26.299088 209.500000 3.140000 33.657150 20.618640 209.509047 6.881245 1.265840
DYNAMIC_OBS_INFO 2 -50.839856 212.500000 0.000000 45.109445 -37.006666 212.500000 16.182683 1.805492
Parent: 267.208369 12.283117 124.000000 3109.090224 16.827248 -2.861608 -10.000000 4.424738 34.000000 0.000000 1 0 1 0 0 0 0 0
Child: -2.861608 10.011239 102.000000 24.212074 15.308876 -6.740565 0.000000 0.000000 0.000000 0.000000 0 0 1 0 0 0 0 0
Child: -6.740565 8.639466 88.000000 20.000000 13.200000 0.000000 -10.000000 0.000000 0.000000 0.000000 0 0 0 1 0 0 0 0
EGO_STATUS -1.750000 184.360534 1.300000 1.570796 10.417703 1.000000 -5.880000
DYNAMIC_OBS_INFO 0 1.750000 233.783552 -1.570000 48.537037 1.750000 233.783552 0.000000 0.000000
DYNAMIC_OBS_INFO 1 26.299088 209.500000 3.140000 32.440388 19.924187 209.510153 7.007829 1.265840
DYNAMIC_OBS_INFO 2 -50.839856 212.500000 0.000000 43.206662 -35.379370 212.500000 16.363232 1.805492
Parent: 267.948683 12.283117 124.000000 3109.089973 16.827248 -3.021302 -10.000000 4.324770 33.000000 0.000000 1 0 1 0 0 0 0 0
Child: -3.021302 10.011239 102.000000 24.212049 15.308876 -6.900257 0.000000 0.000000 0.000000 0.000000 0 0 1 0 0 0 0 0
Child: -6.900257 7.627129 78.000000 20.000000 11.700000 0.000000 -10.000000 0.000000 0.000000 0.000000 0 0 0 1 0 0 0 0
EGO_STATUS -1.750000 185.372871 1.400000 1.570796 9.829703 1.000000 -5.880000
DYNAMIC_OBS_INFO 0 1.750000 233.783552 -1.570000 47.586084 1.750000 233.783552 0.000000 0.000000
DYNAMIC_OBS_INFO 1 26.299088 209.500000 3.140000 31.259541 19.217076 209.511279 7.134413 1.265840
DYNAMIC_OBS_INFO 2 -50.839856 212.500000 0.000000 41.328406 -33.734020 212.500000 16.543781 1.805492
Parent: 268.712835 12.283117 124.000000 3109.089323 16.827248 -3.157168 -10.000000 4.224853 32.000000 0.000000 1 0 1 0 0 0 0 0
Child: -3.157168 10.011239 102.000000 24.211985 15.308876 -7.036117 0.000000 0.000000 0.000000 0.000000 0 0 1 0 0 0 0 0
Child: -7.036117 6.673644 68.000000 20.000000 10.200000 0.000000 -10.000000 0.000000 0.000000 0.000000 0 0 0 1 0 0 0 0
EGO_STATUS -1.750000 186.326356 1.500000 1.570796 9.241703 1.000000 -5.880000
DYNAMIC_OBS_INFO 0 1.750000 233.783552 -1.570000 46.693803 1.750000 233.783552 0.000000 0.000000
DYNAMIC_OBS_INFO 1 26.299088 209.500000 3.140000 30.114055 18.497306 209.512426 7.260997 1.265840
DYNAMIC_OBS_INFO 2 -50.839856 212.500000 0.000000 39.476095 -32.070614 212.500000 16.724331 1.805492
Parent: 269.474735 12.283117 124.000000 3109.089176 16.827248 -3.295272 -10.000000 4.124872 31.000000 0.000000 1 0 1 0 0 0 0 0
Child: -3.295272 10.011239 102.000000 24.211970 15.308876 -7.174219 0.000000 0.000000 0.000000 0.000000 0 0 1 0 0 0 0 0
Child: -7.174219 5.778893 59.000000 20.000000 8.850000 0.000000 -10.000000 0.000000 0.000000 0.000000 0 0 0 1 0 0 0 0
EGO_STATUS -1.750000 187.221107 1.600000 1.570796 8.653703 1.000000 -5.880000
DYNAMIC_OBS_INFO 0 1.750000 233.783552 -1.570000 45.860331 1.750000 233.783552 0.000000 0.000000
DYNAMIC_OBS_INFO 1 26.299088 209.500000 3.140000 29.003741 17.764878 209.513592 7.387581 1.265840
DYNAMIC_OBS_INFO 2 -50.839856 212.500000 0.000000 37.651862 -30.389154 212.500000 16.904880 1.805492
Parent: 270.228865 12.283117 124.000000 3109.088385 16.827248 -3.441164 -10.000000 4.024973 30.000000 0.000000 1 0 1 0 0 0 0 0
Child: -3.441164 10.011239 102.000000 24.211892 15.308876 -7.320104 0.000000 0.000000 0.000000 0.000000 0 0 1 0 0 0 0 0
Child: -7.320104 4.943027 51.000000 20.000000 7.650000 0.000000 -10.000000 0.000000 0.000000 0.000000 0 0 0 1 0 0 0 0
EGO_STATUS -1.750000 188.056973 1.700000 1.570796 8.065703 1.000000 -5.880000
DYNAMIC_OBS_INFO 0 1.750000 233.783552 -1.570000 45.085559 1.750000 233.783552 0.000000 0.000000
DYNAMIC_OBS_INFO 1 26.299088 209.500000 3.140000 27.928437 17.019792 209.514779 7.514165 1.265840
DYNAMIC_OBS_INFO 2 -50.839856 212.500000 0.000000 35.858350 -28.689638 212.500000 17.085429 1.805492
Parent: 270.011526 12.283117 124.000000 3109.087684 16.827248 -3.558524 -10.000000 3.925062 30.000000 0.000000 1 0 1 0 0 0 0 0
Child: -3.558524 10.011239 102.000000 24.211822 15.308876 -7.437457 0.000000 0.000000 0.000000 0.000000 0 0 1 0 0 0 0 0
Child: -7.437457 4.165949 43.000000 20.000000 6.450000 0.000000 -10.000000 0.000000 0.000000 0.000000 0 0 0 1 0 0 0 0
EGO_STATUS -1.750000 188.834051 1.800000 1.570796 7.477703 1.000000 -5.880000
DYNAMIC_OBS_INFO 0 1.750000 233.783552 -1.570000 44.369485 1.750000 233.783552 0.000000 0.000000
DYNAMIC_OBS_INFO 1 26.299088 209.500000 3.140000 26.888315 16.262047 209.515986 7.640749 1.265840
DYNAMIC_OBS_INFO 2 -50.839856 212.500000 0.000000 34.099096 -26.972068 212.500000 17.265978 1.805492
Parent: 265.971866 22.563186 227.000000 3094.624468 64.812114 -3.688550 -10.000000 4.620960 39.000000 0.000000 1 0 1 0 0 0 0 0
Child: -3.688550 10.011239 102.000000 24.211752 15.308876 -7.567476 0.000000 0.000000 0.000000 0.000000 0 0 1 0 0 0 0 0
Child: -7.567476 3.447672 36.000000 20.000000 5.400000 0.000000 -10.000000 0.000000 0.000000 0.000000 0 0 0 1 0 0 0 0
EGO_STATUS -1.750000 189.552328 1.900000 1.570796 6.889703 1.000000 -5.880000
DYNAMIC_OBS_INFO 0 1.750000 233.783552 -1.570000 43.712178 1.750000 233.783552 0.000000 0.000000
DYNAMIC_OBS_INFO 1 26.299088 209.500000 3.140000 25.883901 15.491644 209.517213 7.767333 1.265840
DYNAMIC_OBS_INFO 2 -50.839856 212.500000 0.000000 32.378703 -25.236442 212.500000 17.446528 1.805492
Parent: 266.780566 22.563186 227.000000 3094.623118 64.812114 -3.779893 -10.000000 4.521138 38.000000 0.000000 1 0 1 0 0 0 0 0
Child: -3.779893 10.011239 102.000000 24.211618 15.308876 -7.658806 0.000000 0.000000 0.000000 0.000000 0 0 1 0 0 0 0 0
Child: -7.658806 2.788280 29.000000 20.000000 4.350000 0.000000 -10.000000 0.000000 0.000000 0.000000 0 0 0 1 0 0 0 0
EGO_STATUS -1.750000 190.211720 2.000000 1.570796 6.301703 1.000000 -5.880000
DYNAMIC_OBS_INFO 0 1.750000 233.783552 -1.570000 43.113370 1.750000 233.783552 0.000000 0.000000
DYNAMIC_OBS_INFO 1 26.299088 209.500000 3.140000 24.915828 14.708582 209.518460 7.893917 1.265840
DYNAMIC_OBS_INFO 2 -50.839856 212.500000 0.000000 30.702790 -23.482762 212.500000 17.627077 1.805492
Parent: 266.569689 22.563186 227.000000 3094.623066 64.812114 -3.890772 -10.000000 4.421145 38.000000 0.000000 1 0 1 0 0 0 0 0
Child: -3.890772 10.011239 102.000000 24.211613 15.308876 -7.769684 0.000000 0.000000 0.000000 0.000000 0 0 1 0 0 0 0 0
Child: -7.769684 2.187517 23.000000 20.000000 3.450000 0.000000 -10.000000 0.000000 0.000000 0.000000 0 0 0 1 0 0 0 0
EGO_STATUS -1.750000 190.812483 2.100000 1.570796 5.713703 1.000000 -5.880000
DYNAMIC_OBS_INFO 0 1.750000 233.783552 -1.570000 42.573484 1.750000 233.783552 0.000000 0.000000
DYNAMIC_OBS_INFO 1 26.299088 209.500000 3.140000 23.985669 13.912862 209.519727 8.020501 1.265840
DYNAMIC_OBS_INFO 2 -50.839856 212.500000 0.000000 29.079001 -21.711027 212.500000 17.807626 1.805492
Parent: 267.314981 22.563186 227.000000 3094.620996 64.812114 -4.045547 -10.000000 4.321418 37.000000 0.000000 1 0 1 0 0 0 0 0
Child: -4.045547 10.011239 102.000000 24.211407 15.308876 -7.924439 0.000000 0.000000 0.000000 0.000000 0 0 1 0 0 0 0 0
Child: -7.924439 1.645820 18.000000 20.000000 2.700000 0.000000 -10.000000 0.000000 0.000000 0.000000 0 0 0 1 0 0 0 0
EGO_STATUS -1.750000 191.354180 2.200000 1.570796 5.125703 1.000000 -5.880000
DYNAMIC_OBS_INFO 0 1.750000 233.783552 -1.570000 42.092165 1.750000 233.783552 0.000000 0.000000
DYNAMIC_OBS_INFO 1 26.299088 209.500000 3.140000 23.094906 13.104484 209.521014 8.147085 1.265840
DYNAMIC_OBS_INFO 2 -50.839856 212.500000 0.000000 27.516306 -19.921237 212.500000 17.988175 1.805492
Parent: 264.000818 22.563186 227.000000 3058.341138 64.812114 -4.304039 -10.000000 4.871867 37.000000 0.000000 1 0 1 0 0 0 0 0
Child: -4.304039 10.011239 102.000000 22.720277 15.308876 1.963423 -10.000000 0.000000 0.000000 0.000000 0 0 1 0 0 0 0 0
Child: 1.963423 1.162847 13.000000 20.000000 1.950000 0.000000 0.000000 0.000000 0.000000 0.000000 0 0 1 0 0 0 0 0
EGO_STATUS -1.750000 191.837153 2.300000 1.570796 4.537703 1.000000 -5.880000
DYNAMIC_OBS_INFO 0 1.750000 233.783552 -1.570000 41.635046 1.750000 233.783552 0.000000 0.000000
DYNAMIC_OBS_INFO 1 26.299088 209.500000 3.140000 22.219091 12.283447 209.522322 8.273669 1.265840
DYNAMIC_OBS_INFO 2 -50.839856 212.500000 0.000000 25.999368 -18.113392 212.500000 18.168725 1.805492
Parent: 271.971499 22.563186 227.000000 3066.765936 64.812114 -8.256796 0.000000 4.957903 36.000000 0.000000 1 0 1 0 0 0 0 0
Child: -8.256796 10.011239 102.000000 1.375744 15.308876 0.105618 -10.000000 0.000000 0.000000 0.000000 0 0 0 0 0 0 0 0
Child: 0.105618 0.704122 9.000000 0.000000 1.350000 0.000000 0.000000 0.000000 0.000000 0.000000 0 0 0 0 0 0 0 0
EGO_STATUS -1.750000 192.295878 2.400000 1.570796 4.635703 2.000000 0.980000
DYNAMIC_OBS_INFO 0 1.750000 233.783552 -1.570000 41.173135 1.750000 233.783552 0.000000 0.000000
DYNAMIC_OBS_INFO 1 26.299088 209.500000 3.140000 21.337102 11.449752 209.523650 8.400253 1.265840
DYNAMIC_OBS_INFO 2 -50.839856 212.500000 0.000000 24.515873 -16.287492 212.500000 18.349274 1.805492
Parent: 261.801964 22.563186 227.000000 3066.765936 64.812114 -18.326332 0.000000 4.857903 36.000000 0.000000 1 0 1 0 0 0 0 0
Child: -18.326332 10.011239 102.000000 1.375744 15.308876 -9.963917 -10.000000 0.000000 0.000000 0.000000 0 0 0 0 0 0 0 0
Child: -9.963917 0.240551 4.000000 0.000000 0.600000 0.000000 -10.000000 0.000000 0.000000 0.000000 0 0 0 0 0 0 0 0
EGO_STATUS -1.750000 192.759449 2.500000 1.570796 4.635703 4.000000 0.000000
DYNAMIC_OBS_INFO 0 1.750000 233.783552 -1.570000 40.711261 1.750000 233.783552 0.000000 0.000000
DYNAMIC_OBS_INFO 1 26.299088 209.500000 3.140000 20.453871 10.603399 209.524998 8.526837 1.265840
DYNAMIC_OBS_INFO 2 -50.839856 212.500000 0.000000 23.080902 -14.443537 212.500000 18.529823 1.805492
Parent: 272.633427 22.563186 227.000000 3066.765936 64.812114 -8.394868 0.000000 4.757903 35.000000 0.000000 1 0 1 0 0 0 0 0
Child: -8.394868 9.788220 99.000000 1.375744 14.858876 0.000000 -10.000000 0.000000 0.000000 0.000000 0 0 0 0 0 0 0 0
EGO_STATUS -1.749995 193.223019 2.600000 1.570738 4.635703 4.000000 0.000000
DYNAMIC_OBS_INFO 0 1.750000 233.783552 -1.570000 40.249417 1.750000 233.783552 0.000000 0.000000
DYNAMIC_OBS_INFO 1 26.299088 209.500000 3.140000 19.570815 9.744387 209.526366 8.653421 1.265840
DYNAMIC_OBS_INFO 2 -50.839856 212.500000 0.000000 21.708730 -12.581527 212.500000 18.710372 1.805492
Parent: 272.462899 22.563186 227.000000 3066.765936 64.812114 -8.465396 0.000000 4.657903 35.000000 0.000000 1 0 1 0 0 0 0 0
Child: -8.465396 9.324650 95.000000 1.375744 14.258876 0.000000 -10.000000 0.000000 0.000000 0.000000 0 0 0 0 0 0 0 0
EGO_STATUS -1.749884 193.686589 2.700000 1.570327 4.635703 4.000000 0.000000
DYNAMIC_OBS_INFO 0 1.750000 233.783552 -1.570000 39.787591 1.750000 233.783552 0.000000 0.000000
DYNAMIC_OBS_INFO 1 26.299088 209.500000 3.140000 18.689631 8.872717 209.527754 8.780005 1.265840
DYNAMIC_OBS_INFO 2 -50.839856 212.500000 0.000000 20.417002 -10.701463 212.500000 18.890922 1.805492
Parent: 273.293782 22.563186 227.000000 3066.765936 64.812114 -8.534513 0.000000 4.557903 34.000000 0.000000 1 0 1 0 0 0 0 0
Child: -8.534513 8.861079 90.000000 1.375744 13.508876 0.000000 -10.000000 0.000000 0.000000 0.000000 0 0 0 0 0 0 0 0
EGO_STATUS -1.749518 194.150159 2.800000 1.569670 4.635703 4.000000 0.000000
DYNAMIC_OBS_INFO 0 1.750000 233.783552 -1.570000 39.325777 1.750000 233.783552 0.000000 0.000000
DYNAMIC_OBS_INFO 1 26.299088 209.500000 3.140000 17.812452 7.988388 209.529163 8.906589 1.265840
DYNAMIC_OBS_INFO 2 -50.839856 212.500000 0.000000 19.227193 -8.803343 212.500000 19.071471 1.805492
Parent: 273.124714 22.563186 227.000000 3066.765936 64.812114 -8.603581 0.000000 4.457903 34.000000 0.000000 1 0 1 0 0 0 0 0
Child: -8.603581 8.397509 85.000000 1.375744 12.758876 0.000000 -10.000000 0.000000 0.000000 0.000000 0 0 0 0 0 0 0 0
EGO_STATUS -1.748822 194.613729 2.900000 1.568924 4.635703 4.000000 0.000000
DYNAMIC_OBS_INFO 0 1.750000 233.783552 -1.570000 38.863975 1.750000 233.783552 0.000000 0.000000
DYNAMIC_OBS_INFO 1 26.299088 209.500000 3.140000 16.941927 7.091401 209.530591 9.033173 1.265840
DYNAMIC_OBS_INFO 2 -50.839856 212.500000 0.000000 18.164906 -6.887169 212.500000 19.252020 1.805492
Parent: 273.954010 22.563186 227.000000 3066.765936 64.812114 -8.674286 0.000000 4.357903 33.000000 0.000000 1 0 1 0 0 0 0 0
Child: -8.674286 7.933939 81.000000 1.375744 12.158876 0.000000 -10.000000 0.000000 0.000000 0.000000 0 0 0 0 0 0 0 0
EGO_STATUS -1.747785 195.077298 3.000000 1.568216 4.635703 4.000000 0.000000
DYNAMIC_OBS_INFO 0 1.750000 233.783552 -1.570000 38.402189 1.750000 233.783552 0.000000 0.000000
DYNAMIC_OBS_INFO 1 26.299088 209.500000 3.140000 16.081337 6.181756 209.532040 9.159757 1.265840
DYNAMIC_OBS_INFO 2 -50.839856 212.500000 0.000000 17.259600 -4.952939 212.500000 19.432569 1.805492
Parent: 273.784951 22.563186 227.000000 3066.765936 64.812114 -8.743344 0.000000 4.257903 33.000000 0.000000 1 0 1 0 0 0 0 0
Child: -8.743344 7.470369 76.000000 1.375744 11.408876 0.000000 -10.000000 0.000000 0.000000 0.000000 0 0 0 0 0 0 0 0
EGO_STATUS -1.746450 195.540866 3.100000 1.567654 4.635703 4.000000 0.000000
DYNAMIC_OBS_INFO 0 1.750000 233.783552 -1.570000 37.940428 1.750000 233.783552 0.000000 0.000000
DYNAMIC_OBS_INFO 1 26.299088 209.500000 3.140000 15.234726 5.259452 209.533509 9.286341 1.265840
DYNAMIC_OBS_INFO 2 -50.839856 212.500000 0.000000 16.543295 -3.000655 212.500000 19.613118 1.805492
Parent: 274.614658 22.563186 227.000000 3066.765936 64.812114 -8.813638 0.000000 4.157903 32.000000 0.000000 1 0 1 0 0 0 0 0
Child: -8.813638 7.006798 72.000000 1.375744 10.815002 0.000000 -10.000000 0.000000 0.000000 0.000000 0 0 0 0 0 0 0 0
EGO_STATUS -1.744904 196.004434 3.200000 1.567314 4.635703 4.000000 0.000000
DYNAMIC_OBS_INFO 0 1.750000 233.783552 -1.570000 37.478703 1.750000 233.783552 0.000000 0.000000
DYNAMIC_OBS_INFO 1 26.299088 209.500000 3.140000 14.407083 4.324490 209.534998 9.412925 1.265840
DYNAMIC_OBS_INFO 2 -50.839856 212.500000 0.000000 16.047843 -1.030315 212.500000 19.793668 1.805492
Parent: 273.135990 22.563186 227.000000 3044.591148 64.812114 -8.883294 0.000000 4.953005 32.000000 0.000000 1 0 1 0 0 0 0 0
Child: -8.883294 6.543228 67.000000 1.375744 10.058876 0.000000 -10.000000 0.000000 0.000000 0.000000 0 0 0 0 0 0 0 0
EGO_STATUS -1.743264 196.468001 3.300000 1.567251 4.635703 4.000000 0.000000
DYNAMIC_OBS_INFO 0 1.750000 233.783552 -1.570000 37.017028 1.750000 233.783552 0.000000 0.000000
DYNAMIC_OBS_INFO 1 26.299088 209.500000 3.140000 13.604554 3.376870 209.536507 9.539509 1.265840
DYNAMIC_OBS_INFO 2 -50.839856 212.500000 0.000000 15.800781 0.958079 212.500000 19.974217 1.805492
Parent: 272.967007 22.563186 227.000000 3044.591148 64.812114 -8.952277 0.000000 4.853005 32.000000 0.000000 1 0 1 0 0 0 0 0
Child: -8.952277 6.079658 62.000000 1.375744 9.308876 0.000000 -10.000000 0.000000 0.000000 0.000000 0 0 0 0 0 0 0 0
EGO_STATUS -1.741666 196.931569 3.400000 1.567494 4.635703 4.000000 0.000000
DYNAMIC_OBS_INFO 0 1.750000 233.783552 -1.570000 36.555418 1.750000 233.783552 0.000000 0.000000
DYNAMIC_OBS_INFO 1 26.299088 209.500000 3.140000 12.834694 2.416591 209.538037 9.666093 1.265840
DYNAMIC_OBS_INFO 2 -50.839856 212.500000 0.000000 15.820615 2.964528 212.500000 20.154766 1.805492
Parent: 273.795768 22.563186 227.000000 3044.591148 64.812114 -9.023515 0.000000 4.753005 31.000000 0.000000 1 0 1 0 0 0 0 0
Child: -9.023515 5.616088 58.000000 1.375744 8.708876 0.000000 -10.000000 0.000000 0.000000 0.000000 0 0 0 0 0 0 0 0
EGO_STATUS -1.740253 197.395137 3.500000 1.568044 4.635703 4.000000 0.000000
DYNAMIC_OBS_INFO 0 1.750000 233.783552 -1.570000 36.093889 1.750000 233.783552 0.000000 0.000000
DYNAMIC_OBS_INFO 1 26.299088 209.500000 3.140000 12.106746 1.443653 209.539586 9.792677 1.265840
DYNAMIC_OBS_INFO 2 -50.839856 212.500000 0.000000 16.113228 4.989032 212.500000 20.335315 1.805492
Parent: 273.626770 22.563186 227.000000 3044.591148 64.812114 -9.092513 0.000000 4.653005 31.000000 0.000000 1 0 1 0 0 0 0 0
Child: -9.092513 5.152517 53.000000 1.375744 7.958876 0.000000 -10.000000 0.000000 0.000000 0.000000 0 0 0 0 0 0 0 0
EGO_STATUS -1.739163 197.858706 3.600000 1.568879 4.635703 4.000000 0.000000
DYNAMIC_OBS_INFO 0 1.750000 233.783552 -1.570000 35.632455 1.750000 233.783552 0.000000 0.000000
DYNAMIC_OBS_INFO 1 26.299088 209.500000 3.140000 11.431895 0.458058 209.541156 9.919261 1.265840
DYNAMIC_OBS_INFO 2 -50.839856 212.500000 0.000000 16.671013 7.031591 212.500000 20.515865 1.805492
Parent: 274.457884 22.563186 227.000000 3044.591148 64.812114 -9.161399 0.000000 4.553005 30.000000 0.000000 1 0 1 0 0 0 0 0
Child: -9.161399 4.688947 48.000000 1.375744 7.208876 0.000000 -10.000000 0.000000 0.000000 0.000000 0 0 0 0 0 0 0 0
EGO_STATUS -1.738518 198.322276 3.700000 1.569951 4.635703 4.000000 0.000000
DYNAMIC_OBS_INFO 0 1.750000 233.783552 -1.570000 35.171131 1.750000 233.783552 0.000000 0.000000
DYNAMIC_OBS_INFO 1 26.299088 209.500000 3.140000 10.823429 -0.540196 209.542746 10.045845 1.265840
DYNAMIC_OBS_INFO 2 -50.839856 212.500000 0.000000 17.475133 9.092205 212.500000 20.696414 1.805492
Parent: 274.286057 22.563186 227.000000 3044.591148 64.812114 -9.233227 0.000000 4.453005 30.000000 0.000000 1 0 1 0 0 0 0 0
Child: -9.233227 4.225377 44.000000 1.375744 6.608876 0.000000 -10.000000 0.000000 0.000000 0.000000 0 0 0 0 0 0 0 0
EGO_STATUS -1.738411 198.785846 3.800000 1.571187 4.635703 4.000000 0.000000
DYNAMIC_OBS_INFO 0 1.750000 233.783552 -1.570000 34.709926 1.750000 233.783552 0.000000 0.000000
DYNAMIC_OBS_INFO 1 26.299088 209.500000 3.140000 10.296653 -1.551109 209.544356 10.172429 1.265840
DYNAMIC_OBS_INFO 2 -50.839856 212.500000 0.000000 18.499734 11.170874 212.500000 20.876963 1.805492
Parent: 260.646597 10.000000 101.000000 20.000000 15.147906 301.968219 -10.000000 4.198387 39.000000 0.000000 0 0 1 0 0 0 0 0
Child: 301.968219 22.563186 227.000000 3066.765936 64.812114 -9.302173 0.000000 0.000000 0.000000 0.000000 1 0 1 0 0 0 0 0
Child: -9.302173 3.761806 39.000000 1.375744 5.858876 0.000000 -10.000000 0.000000 0.000000 0.000000 0 0 0 0 0 0 0 0
EGO_STATUS -1.738897 199.249416 3.900000 1.572487 4.635703 4.000000 0.000000
DYNAMIC_OBS_INFO 0 1.750000 233.783552 -1.570000 34.248846 1.750000 233.783552 0.000000 0.000000
DYNAMIC_OBS_INFO 1 26.299088 209.500000 3.140000 9.868366 -2.574679 209.545986 10.299013 1.265840
DYNAMIC_OBS_INFO 2 -50.839856 212.500000 0.000000 19.716364 13.267598 212.500000 21.057512 1.805492
Parent: 260.477823 10.000000 101.000000 20.000000 15.147906 301.899446 -10.000000 4.098387 39.000000 0.000000 0 0 1 0 0 0 0 0
Child: 301.899446 22.563186 227.000000 3066.765936 64.812114 -9.370947 0.000000 0.000000 0.000000 0.000000 1 0 1 0 0 0 0 0
Child: -9.370947 3.298236 34.000000 1.375744 5.108876 0.000000 -10.000000 0.000000 0.000000 0.000000 0 0 0 0 0 0 0 0
EGO_STATUS -1.739976 199.712985 4.000000 1.573728 4.635703 4.000000 0.000000
DYNAMIC_OBS_INFO 0 1.750000 233.783552 -1.570000 33.787891 1.750000 233.783552 0.000000 0.000000
DYNAMIC_OBS_INFO 1 26.299088 209.500000 3.140000 9.555709 -3.610909 209.547636 10.425597 1.265840
DYNAMIC_OBS_INFO 2 -50.839856 212.500000 0.000000 21.097334 15.382376 212.500000 21.238062 1.805492
Parent: 261.304801 10.000000 101.000000 20.000000 15.147906 301.826423 -10.000000 3.998387 38.000000 0.000000 0 0 1 0 0 0 0 0
Child: 301.826423 22.563186 227.000000 3066.765936 64.812114 -9.443969 0.000000 0.000000 0.000000 0.000000 1 0 1 0 0 0 0 0
Child: -9.443969 2.834666 30.000000 1.375744 4.508876 0.000000 -10.000000 0.000000 0.000000 0.000000 0 0 0 0 0 0 0 0
EGO_STATUS -1.741587 200.176552 4.100000 1.574760 4.635703 4.000000 0.000000
DYNAMIC_OBS_INFO 0 1.750000 233.783552 -1.570000 33.327052 1.750000 233.783552 0.000000 0.000000
DYNAMIC_OBS_INFO 1 26.299088 209.500000 3.140000 9.374320 -4.659796 209.549307 10.552181 1.265840
DYNAMIC_OBS_INFO 2 -50.839856 212.500000 0.000000 22.617656 17.515210 212.500000 21.418611 1.805492
Parent: 261.135757 10.000000 101.000000 20.000000 15.147906 301.757379 -10.000000 3.898387 38.000000 0.000000 0 0 1 0 0 0 0 0
Child: 301.757379 22.563186 227.000000 3066.765936 64.812114 -9.513013 0.000000 0.000000 0.000000 0.000000 1 0 1 0 0 0 0 0
Child: -9.513013 2.371096 25.000000 1.375744 3.758876 0.000000 -10.000000 0.000000 0.000000 0.000000 0 0 0 0 0 0 0 0
EGO_STATUS -1.743595 200.640118 4.200000 1.575411 4.635703 4.000000 0.000000
DYNAMIC_OBS_INFO 0 1.750000 233.783552 -1.570000 32.866309 1.750000 233.783552 0.000000 0.000000
DYNAMIC_OBS_INFO 1 26.299088 209.500000 3.140000 9.336072 -5.721342 209.550997 10.678765 1.265840
DYNAMIC_OBS_INFO 2 -50.839856 212.500000 0.000000 24.255812 19.666098 212.500000 21.599160 1.805492
Parent: 261.064939 10.000000 101.000000 20.000000 15.147906 299.478735 -10.000000 5.106213 37.000000 0.000000 0 0 1 0 0 0 0 0
Child: 299.478735 22.563186 227.000000 3044.591148 64.812114 -9.587543 0.000000 0.000000 0.000000 0.000000 1 0 1 0 0 0 0 0
Child: -9.587543 1.907525 21.000000 1.375744 3.165002 0.000000 -10.000000 0.000000 0.000000 0.000000 0 0 0 0 0 0 0 0
EGO_STATUS -1.745776 201.103683 4.300000 1.575482 4.635703 4.000000 0.000000
DYNAMIC_OBS_INFO 0 1.750000 233.783552 -1.570000 32.405630 1.750000 233.783552 0.000000 0.000000
DYNAMIC_OBS_INFO 1 26.299088 209.500000 3.140000 9.447074 -6.795546 209.552708 10.805349 1.265840
DYNAMIC_OBS_INFO 2 -50.839856 212.500000 0.000000 25.993768 21.835042 212.500000 21.779709 1.805492
Parent: 260.894091 10.000000 101.000000 20.000000 15.147906 299.407888 -10.000000 5.006213 37.000000 0.000000 0 0 1 0 0 0 0 0
Child: 299.407888 22.563186 227.000000 3044.591148 64.812114 -9.658391 0.000000 0.000000 0.000000 0.000000 1 0 1 0 0 0 0 0
Child: -9.658391 1.443955 16.000000 1.375744 2.409516 0.000000 -10.000000 0.000000 0.000000 0.000000 0 0 0 0 0 0 0 0
EGO_STATUS -1.747811 201.567249 4.400000 1.574750 4.635703 4.000000 0.000000
DYNAMIC_OBS_INFO 0 1.750000 233.783552 -1.570000 31.944969 1.750000 233.783552 0.000000 0.000000
DYNAMIC_OBS_INFO 1 26.299088 209.500000 3.140000 9.706714 -7.882409 209.554439 10.931933 1.265840
DYNAMIC_OBS_INFO 2 -50.839856 212.500000 0.000000 27.816617 24.022040 212.500000 21.960259 1.805492
Parent: 261.723181 10.000000 101.000000 20.000000 15.147906 299.336977 -10.000000 4.906213 36.000000 0.000000 0 0 1 0 0 0 0 0
Child: 299.336977 22.563186 227.000000 3044.591148 64.812114 -9.729301 0.000000 0.000000 0.000000 0.000000 1 0 1 0 0 0 0 0
Child: -9.729301 0.980385 11.000000 1.375744 1.661516 0.000000 -10.000000 0.000000 0.000000 0.000000 0 0 0 0 0 0 0 0
EGO_STATUS -1.749269 202.030817 4.500000 1.572969 4.635703 4.000000 0.000000
DYNAMIC_OBS_INFO 0 1.750000 233.783552 -1.570000 31.484267 1.750000 233.783552 0.000000 0.000000
DYNAMIC_OBS_INFO 1 26.299088 209.500000 3.140000 10.108195 -8.981930 209.556190 11.058517 1.265840
DYNAMIC_OBS_INFO 2 -50.839856 212.500000 0.000000 29.712084 26.227094 212.500000 22.140808 1.805492
Parent: 261.534165 10.000000 101.000000 20.000000 15.147906 299.247962 -10.000000 4.806213 36.000000 0.000000 0 0 1 0 0 0 0 0
Child: 299.247962 22.563186 227.000000 3044.591148 64.812114 -9.818317 0.000000 0.000000 0.000000 0.000000 1 0 1 0 0 0 0 0
Child: -9.818317 0.516815 7.000000 1.399402 1.061407 0.000000 -10.000000 0.000000 0.000000 0.000000 0 0 0 0 0 0 0 0
EGO_STATUS -1.749605 202.494387 4.600000 1.569871 4.635703 4.000000 0.000000
DYNAMIC_OBS_INFO 0 1.750000 233.783552 -1.570000 31.023449 1.750000 233.783552 0.000000 0.000000
DYNAMIC_OBS_INFO 1 26.299088 209.500000 3.140000 10.640273 -10.094110 209.557962 11.185101 1.265840
DYNAMIC_OBS_INFO 2 -50.839856 212.500000 0.000000 31.670020 28.450202 212.500000 22.321357 1.805492
Parent: 261.829795 10.000000 101.000000 20.000000 15.147906 299.643592 -10.000000 4.706213 36.000000 0.000000 0 0 1 0 0 0 0 0
Child: 299.643592 22.563186 227.000000 3044.591148 64.812114 -9.422687 0.000000 0.000000 0.000000 0.000000 1 0 1 0 0 0 0 0
Child: -9.422687 0.053244 2.000000 21.375744 0.309700 0.000000 -10.000000 0.000000 0.000000 0.000000 0 0 0 0 1 0 0 0
EGO_STATUS -1.748134 202.957954 4.700000 1.565082 4.635703 4.000000 0.000000
DYNAMIC_OBS_INFO 0 1.750000 233.783552 -1.570000 30.558542 1.750000 233.783552 0.000000 0.000000
DYNAMIC_OBS_INFO 1 26.299088 209.500000 3.140000 11.287754 -11.218948 209.559753 11.311685 1.265840
DYNAMIC_OBS_INFO 2 -50.839856 212.500000 0.000000 33.680474 30.691365 212.500000 22.501906 1.805492
Parent: -28.542921 10.000000 101.000000 20.000000 15.147906 8.015159 -10.000000 4.961929 35.000000 0.000000 0 0 1 0 0 0 0 0
Child: 8.015159 10.408939 106.000000 34.395428 15.726112 3.093347 0.000000 0.000000 0.000000 0.000000 0 0 1 0 0 0 0 0
Child: 3.093347 11.856406 120.000000 14.445281 16.862828 0.000000 0.000000 0.000000 0.000000 0.000000 0 0 0 0 0 0 0 0
EGO_STATUS -1.743575 203.425366 4.800000 1.555658 4.722447 2.000000 0.980000
DYNAMIC_OBS_INFO 0 1.750000 233.783552 -1.570000 30.088293 1.750000 233.783552 0.000000 0.000000
DYNAMIC_OBS_INFO 1 26.299088 209.500000 3.140000 12.039536 -12.356444 209.561565 11.438269 1.265840
DYNAMIC_OBS_INFO 2 -50.839856 212.500000 0.000000 35.733999 32.950583 212.500000 22.682456 1.805492
Parent: -38.707539 10.000000 101.000000 20.000000 15.147906 -2.049460 -10.000000 4.861931 35.000000 0.000000 0 0 1 0 0 0 0 0
Child: -2.049460 10.408939 106.000000 34.395428 15.726112 -6.971272 0.000000 0.000000 0.000000 0.000000 0 0 1 0 0 0 0 0
Child: -6.971272 11.384167 115.000000 14.449282 16.146171 0.000000 -10.000000 0.000000 0.000000 0.000000 0 0 0 0 0 0 0 0
EGO_STATUS -1.732485 203.897473 4.900000 1.537853 4.722447 4.000000 0.000000
DYNAMIC_OBS_INFO 0 1.750000 233.783552 -1.570000 29.617267 1.750000 233.783552 0.000000 0.000000
DYNAMIC_OBS_INFO 1 26.299088 209.500000 3.140000 12.888431 -13.506599 209.563397 11.564853 1.265840
DYNAMIC_OBS_INFO 2 -50.839856 212.500000 0.000000 37.823286 35.227856 212.500000 22.863005 1.805492
Parent: -37.888670 10.000000 101.000000 20.000000 15.147906 -2.130591 -10.000000 4.761930 34.000000 0.000000 0 0 1 0 0 0 0 0
Child: -2.130591 10.408939 106.000000 34.395428 15.726112 -7.052403 0.000000 0.000000 0.000000 0.000000 0 0 1 0 0 0 0 0
Child: -7.052403 10.911919 111.000000 14.453913 15.530114 0.000000 -10.000000 0.000000 0.000000 0.000000 0 0 0 0 0 0 0 0
EGO_STATUS -1.711167 204.369222 5.000000 1.512517 4.722447 4.000000 0.000000
DYNAMIC_OBS_INFO 0 1.750000 233.783552 -1.570000 29.145493 1.750000 233.783552 0.000000 0.000000
DYNAMIC_OBS_INFO 1 26.299088 209.500000 3.140000 13.825621 -14.669412 209.565249 11.691437 1.265840
DYNAMIC_OBS_INFO 2 -50.839856 212.500000 0.000000 39.940855 37.523184 212.500000 23.043554 1.805492
Parent: -37.947029 10.000000 101.000000 20.000000 15.147906 -2.088947 -10.000000 4.661927 34.000000 0.000000 0 0 1 0 0 0 0 0
Child: -2.088947 10.408939 106.000000 34.395428 15.726112 -7.010759 0.000000 0.000000 0.000000 0.000000 0 0 1 0 0 0 0 0
Child: -7.010759 10.439661 106.000000 14.458801 15.892720 0.000000 -10.000000 0.000000 0.000000 0.000000 0 0 0 0 0 0 0 0
EGO_STATUS -1.676288 204.840153 5.100000 1.480511 4.722447 4.000000 0.000000
DYNAMIC_OBS_INFO 0 1.750000 233.783552 -1.570000 28.673299 1.750000 233.783552 0.000000 0.000000
DYNAMIC_OBS_INFO 1 26.299088 209.500000 3.140000 14.843627 -15.844883 209.567121 11.818021 1.265840
DYNAMIC_OBS_INFO 2 -50.839856 212.500000 0.000000 42.080396 39.836567 212.500000 23.224103 1.805492
Parent: -37.201670 10.000000 101.000000 20.000000 15.147906 -2.243583 -10.000000 4.561922 33.000000 0.000000 0 0 1 0 0 0 0 0
Child: -2.243583 10.408939 106.000000 34.395428 15.726112 -7.165395 0.000000 0.000000 0.000000 0.000000 0 0 1 0 0 0 0 0
Child: -7.165395 9.967392 101.000000 14.463864 14.259306 0.000000 -10.000000 0.000000 0.000000 0.000000 0 0 0 0 0 0 0 0
EGO_STATUS -1.624950 205.309567 5.200000 1.442697 4.722447 4.000000 0.000000
DYNAMIC_OBS_INFO 0 1.750000 233.783552 -1.570000 28.201332 1.750000 233.783552 0.000000 0.000000
DYNAMIC_OBS_INFO 1 26.299088 209.500000 3.140000 15.936157 -17.033013 209.569013 11.944605 1.265840
DYNAMIC_OBS_INFO 2 -50.839856 212.500000 0.000000 44.236642 42.168005 212.500000 23.404653 1.805492
Parent: -37.357899 10.000000 101.000000 20.000000 15.147906 -2.299804 -10.000000 4.461915 33.000000 0.000000 0 0 1 0 0 0 0 0
Child: -2.299804 10.408939 106.000000 34.395428 15.726112 -7.221616 0.000000 0.000000 0.000000 0.000000 0 0 1 0 0 0 0 0
Child: -7.221616 9.495114 96.000000 14.469024 13.621722 0.000000 -10.000000 0.000000 0.000000 0.000000 0 0 0 0 0 0 0 0
EGO_STATUS -1.554704 205.776516 5.300000 1.399920 4.722447 4.000000 0.000000
DYNAMIC_OBS_INFO 0 1.750000 233.783552 -1.570000 27.730552 1.750000 233.783552 0.000000 0.000000
DYNAMIC_OBS_INFO 1 26.299088 209.500000 3.140000 17.097877 -18.233801 209.570926 12.071189 1.265840
DYNAMIC_OBS_INFO 2 -50.839856 212.500000 0.000000 46.405246 44.517498 212.500000 23.585202 1.805492
Parent: -37.454669 10.000000 101.000000 20.000000 15.147906 -2.296565 -10.000000 4.361906 33.000000 0.000000 0 0 1 0 0 0 0 0
Child: -2.296565 10.408939 106.000000 34.395428 15.726112 -7.218377 0.000000 0.000000 0.000000 0.000000 0 0 1 0 0 0 0 0
Child: -7.218377 9.022829 92.000000 14.474209 13.888216 0.000000 -10.000000 0.000000 0.000000 0.000000 0 0 0 0 0 0 0 0
EGO_STATUS -1.463554 206.239830 5.400000 1.352986 4.722447 4.000000 0.000000
DYNAMIC_OBS_INFO 0 1.750000 233.783552 -1.570000 27.262222 1.750000 233.783552 0.000000 0.000000
DYNAMIC_OBS_INFO 1 26.299088 209.500000 3.140000 18.324189 -19.447247 209.572858 12.197773 1.265840
DYNAMIC_OBS_INFO 2 -50.839856 212.500000 0.000000 48.582680 46.885045 212.500000 23.765751 1.805492
Parent: -36.617691 10.000000 101.000000 20.000000 15.147906 -2.359578 -10.000000 4.261896 32.000000 0.000000 0 0 1 0 0 0 0 0
Child: -2.359578 10.408939 106.000000 34.395428 15.726112 -7.281390 0.000000 0.000000 0.000000 0.000000 0 0 1 0 0 0 0 0
Child: -7.281390 8.550537 87.000000 14.479362 13.181952 0.000000 -10.000000 0.000000 0.000000 0.000000 0 0 0 0 0 0 0 0
EGO_STATUS -1.349956 206.698150 5.500000 1.302652 4.722447 4.000000 0.000000
DYNAMIC_OBS_INFO 0 1.750000 233.783552 -1.570000 26.797867 1.750000 233.783552 0.000000 0.000000
DYNAMIC_OBS_INFO 1 26.299088 209.500000 3.140000 19.611037 -20.673352 209.574811 12.324357 1.265840
DYNAMIC_OBS_INFO 2 -50.839856 212.500000 0.000000 50.766147 49.270648 212.500000 23.946300 1.805492
Parent: -36.723136 10.000000 101.000000 20.000000 15.147906 -2.365012 -10.000000 4.161885 32.000000 0.000000 0 0 1 0 0 0 0 0
Child: -2.365012 10.408939 106.000000 34.395428 15.726112 -7.286823 0.000000 0.000000 0.000000 0.000000 0 0 1 0 0 0 0 0
Child: -7.286823 8.078241 82.000000 14.484445 13.056261 0.000000 -10.000000 0.000000 0.000000 0.000000 0 0 0 0 0 0 0 0
EGO_STATUS -1.212804 207.149973 5.600000 1.249612 4.722447 4.000000 0.000000
DYNAMIC_OBS_INFO 0 1.750000 233.783552 -1.570000 26.339243 1.750000 233.783552 0.000000 0.000000
DYNAMIC_OBS_INFO 1 26.299088 209.500000 3.140000 20.954757 -21.912116 209.576784 12.450941 1.265840
DYNAMIC_OBS_INFO 2 -50.839856 212.500000 0.000000 52.953491 51.674305 212.500000 24.126850 1.805492
Parent: -36.866260 10.000000 101.000000 20.000000 15.147906 -2.408125 -10.000000 4.061874 32.000000 0.000000 0 0 1 0 0 0 0 0
Child: -2.408125 10.408939 106.000000 34.395428 15.726112 -7.329937 0.000000 0.000000 0.000000 0.000000 0 0 1 0 0 0 0 0
Child: -7.329937 7.605944 78.000000 14.489479 12.892390 0.000000 -10.000000 0.000000 0.000000 0.000000 0 0 0 0 0 0 0 0
EGO_STATUS -1.051405 207.593709 5.700000 1.194487 4.722447 4.000000 0.000000
DYNAMIC_OBS_INFO 0 1.750000 233.783552 -1.570000 25.888286 1.750000 233.783552 0.000000 0.000000
DYNAMIC_OBS_INFO 1 26.299088 209.500000 3.140000 22.351969 -23.163537 209.578777 12.577525 1.265840
DYNAMIC_OBS_INFO 2 -50.839856 212.500000 0.000000 55.143124 54.096018 212.500000 24.307399 1.805492
Parent: -35.931011 10.000000 101.000000 20.000000 15.147906 -2.372865 -10.000000 3.961863 31.000000 0.000000 0 0 1 0 0 0 0 0
Child: -2.372865 10.408939 106.000000 34.395428 15.726112 -7.294677 0.000000 0.000000 0.000000 0.000000 0 0 1 0 0 0 0 0
Child: -7.294677 7.133646 73.000000 14.495066 13.189040 0.000000 -10.000000 0.000000 0.000000 0.000000 0 0 0 0 0 0 0 0
EGO_STATUS -0.865450 208.027722 5.800000 1.137818 4.722447 4.000000 0.000000
DYNAMIC_OBS_INFO 0 1.750000 233.783552 -1.570000 25.447070 1.750000 233.783552 0.000000 0.000000
DYNAMIC_OBS_INFO 1 26.299088 209.500000 3.140000 23.799512 -24.427617 209.580790 12.704109 1.265840
DYNAMIC_OBS_INFO 2 -50.839856 212.500000 0.000000 57.333946 56.535785 212.500000 24.487948 1.805492
Parent: -36.218806 10.000000 101.000000 20.000000 15.147906 -2.560648 -10.000000 3.861852 31.000000 0.000000 0 0 1 0 0 0 0 0
Child: -2.560648 10.408939 106.000000 34.395428 15.726112 -7.482460 0.000000 0.000000 0.000000 0.000000 0 0 1 0 0 0 0 0
Child: -7.482460 6.661348 68.000000 14.500680 11.198729 0.000000 -10.000000 0.000000 0.000000 0.000000 0 0 0 0 0 0 0 0
EGO_STATUS -0.654966 208.450381 5.900000 1.080063 4.722447 4.000000 0.000000
DYNAMIC_OBS_INFO 0 1.750000 233.783552 -1.570000 25.017771 1.750000 233.783552 0.000000 0.000000
DYNAMIC_OBS_INFO 1 26.299088 209.500000 3.140000 25.294405 -25.704356 209.582824 12.830693 1.265840
DYNAMIC_OBS_INFO 2 -50.839856 212.500000 0.000000 59.525278 58.993607 212.500000 24.668497 1.805492
Parent: -36.113129 10.000000 101.000000 20.000000 15.147906 -14.564690 0.000000 4.971570 30.000000 0.000000 0 0 1 0 0 0 0 0
Child: -14.564690 10.408939 106.000000 14.395428 15.726112 -7.522551 -10.000000 0.000000 0.000000 0.000000 0 0 0 0 0 0 0 0
Child: -7.522551 6.189053 63.000000 14.506382 10.712228 0.000000 -10.000000 0.000000 0.000000 0.000000 0 0 0 0 0 0 0 0
EGO_STATUS -0.420278 208.860094 6.000000 1.021591 4.722447 4.000000 0.000000
DYNAMIC_OBS_INFO 0 1.750000 233.783552 -1.570000 24.602628 1.750000 233.783552 0.000000 0.000000
DYNAMIC_OBS_INFO 1 26.299088 209.500000 3.140000 26.833821 -26.993753 209.584877 12.957277 1.265840
DYNAMIC_OBS_INFO 2 -50.839856 212.500000 0.000000 61.716791 61.469485 212.500000 24.849047 1.805492
Parent: -36.328250 10.000000 101.000000 20.000000 15.147906 -14.679800 0.000000 4.871559 30.000000 0.000000 0 0 1 0 0 0 0 0
Child: -14.679800 10.408939 106.000000 14.395428 15.726112 -7.637661 -10.000000 0.000000 0.000000 0.000000 0 0 0 0 0 0 0 0
Child: -7.637661 5.716760 59.000000 14.512245 9.868346 0.000000 -10.000000 0.000000 0.000000 0.000000 0 0 0 0 0 0 0 0
EGO_STATUS -0.161956 209.255329 6.100000 0.962688 4.722447 4.000000 0.000000
DYNAMIC_OBS_INFO 0 1.750000 233.783552 -1.570000 24.203917 1.750000 233.783552 0.000000 0.000000
DYNAMIC_OBS_INFO 1 26.299088 209.500000 3.140000 28.415083 -28.295808 209.586951 13.083861 1.265840
DYNAMIC_OBS_INFO 2 -50.839856 212.500000 0.000000 63.908449 63.963417 212.500000 25.029596 1.805492
Parent: -36.413651 10.000000 101.000000 20.000000 15.147906 -14.665227 0.000000 4.771586 30.000000 0.000000 0 0 1 0 0 0 0 0
Child: -14.665227 10.408939 106.000000 14.395428 15.726112 -7.623088 -10.000000 0.000000 0.000000 0.000000 0 0 0 0 0 0 0 0
Child: -7.623088 5.244640 54.000000 14.627361 9.845860 0.000000 -10.000000 0.000000 0.000000 0.000000 0 0 0 0 0 0 0 0
EGO_STATUS 0.119235 209.634634 6.200000 0.903552 4.722447 4.000000 0.000000
DYNAMIC_OBS_INFO 0 1.750000 233.783552 -1.570000 23.823933 1.750000 233.783552 0.000000 0.000000
DYNAMIC_OBS_INFO 1 26.299088 209.500000 3.140000 30.035661 -29.610522 209.589045 13.210445 1.265840
DYNAMIC_OBS_INFO 2 -50.839856 212.500000 0.000000 66.100450 66.475404 212.500000 25.210145 1.805492
Parent: -50.658173 10.000000 101.000000 20.000000 15.147906 -9.365984 -10.000000 4.227820 39.000000 0.000000 0 0 1 0 0 0 0 0
Child: -9.365984 10.000000 101.000000 20.000000 15.147906 -2.845974 -10.000000 0.000000 0.000000 0.000000 0 0 1 0 0 0 0 0
Child: -2.845974 10.408939 106.000000 34.395428 15.726112 -7.767786 0.000000 0.000000 0.000000 0.000000 0 0 1 0 0 0 0 0
Child: -7.767786 4.772321 49.000000 14.606418 8.312928 0.000000 -10.000000 0.000000 0.000000 0.000000 0 0 0 0 0 0 0 0
EGO_STATUS 0.422374 209.996639 6.300000 0.844309 4.722447 4.000000 0.000000
DYNAMIC_OBS_INFO 0 1.750000 233.783552 -1.570000 23.464970 1.750000 233.783552 0.000000 0.000000
DYNAMIC_OBS_INFO 1 26.299088 209.500000 3.140000 31.693166 -30.937894 209.591159 13.337029 1.265840
DYNAMIC_OBS_INFO 2 -50.839856 212.500000 0.000000 68.293188 69.005446 212.500000 25.390694 1.805492
Parent: -50.940814 10.000000 101.000000 20.000000 15.147906 -9.548612 -10.000000 4.127807 39.000000 0.000000 0 0 1 0 0 0 0 0
Child: -9.548612 10.000000 101.000000 20.000000 15.147906 -3.028603 -10.000000 0.000000 0.000000 0.000000 0 0 1 0 0 0 0 0
Child: -3.028603 10.408939 106.000000 34.395428 15.726112 -7.950415 0.000000 0.000000 0.000000 0.000000 0 0 1 0 0 0 0 0
Child: -7.950415 4.300018 45.000000 14.589144 6.859917 0.000000 -10.000000 0.000000 0.000000 0.000000 0 0 0 0 0 0 0 0
EGO_STATUS 0.746423 210.340053 6.400000 0.785024 4.722447 4.000000 0.000000
DYNAMIC_OBS_INFO 0 1.750000 233.783552 -1.570000 23.129305 1.750000 233.783552 0.000000 0.000000
DYNAMIC_OBS_INFO 1 26.299088 209.500000 3.140000 33.385342 -32.277924 209.593293 13.463613 1.265840
DYNAMIC_OBS_INFO 2 -50.839856 212.500000 0.000000 70.487212 71.553543 212.500000 25.571244 1.805492
Parent: -51.084118 10.000000 101.000000 20.000000 15.147906 -9.591906 -10.000000 4.027798 39.000000 0.000000 0 0 1 0 0 0 0 0
Child: -9.591906 10.000000 101.000000 20.000000 15.147906 -3.071897 -10.000000 0.000000 0.000000 0.000000 0 0 1 0 0 0 0 0
Child: -3.071897 10.408939 106.000000 34.395428 15.726112 -7.993709 0.000000 0.000000 0.000000 0.000000 0 0 1 0 0 0 0 0
Child: -7.993709 3.827727 40.000000 14.575752 6.390125 0.000000 -10.000000 0.000000 0.000000 0.000000 0 0 0 0 0 0 0 0
EGO_STATUS 1.090255 210.663658 6.500000 0.725707 4.722447 4.000000 0.000000
DYNAMIC_OBS_INFO 0 1.750000 233.783552 -1.570000 22.819192 1.750000 233.783552 0.000000 0.000000
DYNAMIC_OBS_INFO 1 26.299088 209.500000 3.140000 35.110062 -33.630613 209.595447 13.590197 1.265840
DYNAMIC_OBS_INFO 2 -50.839856 212.500000 0.000000 72.683201 74.119694 212.500000 25.751793 1.805492
Parent: -50.296135 10.000000 101.000000 20.000000 15.147906 -9.703915 -10.000000 3.927790 38.000000 0.000000 0 0 1 0 0 0 0 0
Child: -9.703915 10.000000 101.000000 20.000000 15.147906 -3.183906 -10.000000 0.000000 0.000000 0.000000 0 0 1 0 0 0 0 0
Child: -3.183906 10.408939 106.000000 34.395428 15.726112 -8.105718 0.000000 0.000000 0.000000 0.000000 0 0 1 0 0 0 0 0
Child: -8.105718 3.355446 35.000000 14.566625 5.192262 0.000000 -10.000000 0.000000 0.000000 0.000000 0 0 0 0 0 0 0 0
EGO_STATUS 1.452677 210.966297 6.600000 0.666299 4.722447 4.000000 0.000000
DYNAMIC_OBS_INFO 0 1.750000 233.783552 -1.570000 22.536855 1.750000 233.783552 0.000000 0.000000
DYNAMIC_OBS_INFO 1 26.299088 209.500000 3.140000 36.865323 -34.995960 209.597622 13.716781 1.265840
DYNAMIC_OBS_INFO 2 -50.839856 212.500000 0.000000 74.881933 76.703901 212.500000 25.932342 1.805492
Parent: -50.482574 10.000000 101.000000 20.000000 15.147906 -9.790348 -10.000000 3.827784 38.000000 0.000000 0 0 1 0 0 0 0 0
Child: -9.790348 10.000000 101.000000 20.000000 15.147906 -3.270339 -10.000000 0.000000 0.000000 0.000000 0 0 1 0 0 0 0 0
Child: -3.270339 10.408939 106.000000 34.395428 15.726112 -8.192151 0.000000 0.000000 0.000000 0.000000 0 0 1 0 0 0 0 0
Child: -8.192151 2.883173 30.000000 14.563156 4.247883 0.000000 -10.000000 0.000000 0.000000 0.000000 0 0 0 0 0 0 0 0
EGO_STATUS 1.832455 211.246847 6.700000 0.606682 4.722447 4.000000 0.000000
DYNAMIC_OBS_INFO 0 1.750000 233.783552 -1.570000 22.284480 1.750000 233.783552 0.000000 0.000000
DYNAMIC_OBS_INFO 1 26.299088 209.500000 3.140000 38.649227 -36.373965 209.599817 13.843365 1.265840
DYNAMIC_OBS_INFO 2 -50.839856 212.500000 0.000000 77.084280 79.306163 212.500000 26.112891 1.805492
Parent: -49.739827 10.000000 101.000000 20.000000 15.147906 -9.947597 -10.000000 3.727779 37.000000 0.000000 0 0 1 0 0 0 0 0
Child: -9.947597 10.000000 101.000000 20.000000 15.147906 -3.427587 -10.000000 0.000000 0.000000 0.000000 0 0 1 0 0 0 0 0
Child: -3.427587 10.408939 106.000000 34.395428 15.726112 -8.349399 0.000000 0.000000 0.000000 0.000000 0 0 1 0 0 0 0 0
Child: -8.349399 2.410907 26.000000 14.562934 3.237677 0.000000 -10.000000 0.000000 0.000000 0.000000 0 0 0 0 0 0 0 0
EGO_STATUS 2.228315 211.504206 6.800000 0.546715 4.722447 4.000000 0.000000
DYNAMIC_OBS_INFO 0 1.750000 233.783552 -1.570000 22.064183 1.750000 233.783552 0.000000 0.000000
DYNAMIC_OBS_INFO 1 26.299088 209.500000 3.140000 40.459952 -37.764629 209.602031 13.969949 1.265840
DYNAMIC_OBS_INFO 2 -50.839856 212.500000 0.000000 79.291208 81.926479 212.500000 26.293441 1.805492
Parent: -49.906835 10.000000 101.000000 20.000000 15.147906 -10.014602 -10.000000 3.627776 37.000000 0.000000 0 0 1 0 0 0 0 0
Child: -10.014602 10.000000 101.000000 20.000000 15.147906 -3.494593 -10.000000 0.000000 0.000000 0.000000 0 0 1 0 0 0 0 0
Child: -3.494593 10.408939 106.000000 34.395428 15.726112 -8.416404 0.000000 0.000000 0.000000 0.000000 0 0 1 0 0 0 0 0
Child: -8.416404 1.938648 21.000000 14.568804 2.585168 0.000000 -10.000000 0.000000 0.000000 0.000000 0 0 0 0 0 0 0 0
EGO_STATUS 2.638940 211.737284 6.900000 0.486288 4.722447 4.000000 0.000000
DYNAMIC_OBS_INFO 0 1.750000 233.783552 -1.570000 21.877948 1.750000 233.783552 0.000000 0.000000
DYNAMIC_OBS_INFO 1 26.299088 209.500000 3.140000 42.295713 -39.167952 209.604266 14.096533 1.265840
DYNAMIC_OBS_INFO 2 -50.839856 212.500000 0.000000 81.503801 84.564851 212.500000 26.473990 1.805492
Parent: -50.651760 10.000000 101.000000 20.000000 15.147906 -12.063262 -10.000000 4.931511 37.000000 0.000000 0 0 1 0 0 0 0 0
Child: -12.063262 10.000000 101.000000 20.000000 15.147906 -15.543252 0.000000 0.000000 0.000000 0.000000 0 0 1 0 0 0 0 0
Child: -15.543252 10.408939 106.000000 14.395428 15.726112 -8.501113 -10.000000 0.000000 0.000000 0.000000 0 0 0 0 0 0 0 0
Child: -8.501113 1.466394 16.000000 14.600094 1.754442 0.000000 -10.000000 0.000000 0.000000 0.000000 0 0 0 0 0 0 0 0
EGO_STATUS 3.062939 211.945035 7.000000 0.425389 4.722447 4.000000 0.000000
DYNAMIC_OBS_INFO 0 1.750000 233.783552 -1.570000 21.727532 1.750000 233.783552 0.000000 0.000000
DYNAMIC_OBS_INFO 1 26.299088 209.500000 3.140000 44.154731 -40.583932 209.606522 14.223117 1.265840
DYNAMIC_OBS_INFO 2 -50.839856 212.500000 0.000000 83.723280 87.221277 212.500000 26.654539 1.805492
Parent: -39.475615 10.000000 101.000000 20.000000 15.147906 -0.555207 -10.000000 3.599602 36.000000 0.000000 0 0 1 0 0 0 0 0
Child: -0.555207 10.000000 101.000000 20.000000 15.147906 5.964802 -10.000000 0.000000 0.000000 0.000000 0 0 1 0 0 0 0 0
Child: 5.964802 10.408939 106.000000 30.622162 15.726112 1.413516 0.000000 0.000000 0.000000 0.000000 0 0 1 0 0 0 0 0
Child: 1.413516 0.994145 11.000000 14.475071 1.165181 0.000000 0.000000 0.000000 0.000000 0.000000 0 0 0 0 0 0 0 0
EGO_STATUS 3.498830 212.126514 7.100000 0.364160 4.722447 4.000000 0.000000
DYNAMIC_OBS_INFO 0 1.750000 233.783552 -1.570000 21.617352 1.750000 233.783552 0.000000 0.000000
DYNAMIC_OBS_INFO 1 26.299088 209.500000 3.140000 46.020778 -42.012571 209.608797 14.349701 1.265840
DYNAMIC_OBS_INFO 2 -50.839856 212.500000 0.000000 85.965227 89.895759 212.500000 26.835088 1.805492
Parent: -48.424259 10.000000 101.000000 20.000000 15.147906 -9.403928 -10.000000 3.499678 36.000000 0.000000 0 0 1 0 0 0 0 0
Child: -9.403928 10.000000 101.000000 20.000000 15.147906 -2.883919 -10.000000 0.000000 0.000000 0.000000 0 0 1 0 0 0 0 0
Child: -2.883919 10.408939 106.000000 30.621470 15.726112 -7.435138 0.000000 0.000000 0.000000 0.000000 0 0 1 0 0 0 0 0
Child: -7.435138 0.536782 7.000000 32.712544 0.734967 0.000000 -10.000000 0.000000 0.000000 0.000000 0 0 0 0 1 0 0 0
EGO_STATUS 3.930822 212.276485 7.200000 0.304846 4.428447 3.000000 -2.940000
DYNAMIC_OBS_INFO 0 1.750000 233.783552 -1.570000 21.546607 1.750000 233.783552 0.000000 0.000000
DYNAMIC_OBS_INFO 1 26.299088 209.500000 3.140000 47.877212 -43.453869 209.611092 14.476285 1.265840
DYNAMIC_OBS_INFO 2 -50.839856 212.500000 0.000000 88.245933 92.588295 212.500000 27.015638 1.805492
Parent: -32.389886 10.000000 101.000000 20.000000 15.147906 5.397774 -10.000000 4.732349 36.000000 0.000000 0 0 1 0 0 0 0 0
Child: 5.397774 10.000000 101.000000 20.000000 15.147906 11.917784 -10.000000 0.000000 0.000000 0.000000 0 0 1 0 0 0 0 0
Child: 11.917784 10.539258 107.000000 54.035445 66.960058 0.000000 0.000000 0.000000 0.000000 0.000000 0 0 1 0 1 0 0 0
EGO_STATUS 4.342426 212.393470 7.300000 0.249323 4.134447 3.000000 -2.940000
DYNAMIC_OBS_INFO 0 1.750000 233.783552 -1.570000 21.508768 1.750000 233.783552 0.000000 0.000000
DYNAMIC_OBS_INFO 1 26.299088 209.500000 3.140000 49.741375 -44.907825 209.613408 14.602869 1.265840
DYNAMIC_OBS_INFO 2 -50.839856 212.500000 0.000000 90.548302 95.298886 212.500000 27.196187 1.805492
Parent: -41.630244 10.000000 101.000000 20.000000 15.147906 -4.742575 -10.000000 4.632340 35.000000 0.000000 0 0 1 0 0 0 0 0
Child: -4.742575 10.000000 101.000000 20.000000 15.147906 1.777434 -10.000000 0.000000 0.000000 0.000000 0 0 1 0 0 0 0 0
Child: 1.777434 10.120836 103.000000 54.017058 65.842186 0.000000 -10.000000 0.000000 0.000000 0.000000 0 0 1 0 1 0 0 0
EGO_STATUS 4.750585 212.485111 7.400000 0.192907 4.232447 2.000000 0.980000
DYNAMIC_OBS_INFO 0 1.750000 233.783552 -1.570000 21.502758 1.750000 233.783552 0.000000 0.000000
DYNAMIC_OBS_INFO 1 26.299088 209.500000 3.140000 51.631142 -46.374439 209.615744 14.729453 1.265840
DYNAMIC_OBS_INFO 2 -50.839856 212.500000 0.000000 92.854576 98.027532 212.500000 27.376736 1.805492
Parent: -41.734424 10.000000 101.000000 20.000000 15.147906 -4.746744 -10.000000 4.532330 35.000000 0.000000 0 0 1 0 0 0 0 0
Child: -4.746744 10.000000 101.000000 20.000000 15.147906 1.773265 -10.000000 0.000000 0.000000 0.000000 0 0 1 0 0 0 0 0
Child: 1.773265 9.692597 98.000000 54.030198 65.007045 0.000000 -10.000000 0.000000 0.000000 0.000000 0 0 1 0 1 0 0 0
EGO_STATUS 5.172973 212.554990 7.500000 0.135824 4.330447 2.000000 0.980000
DYNAMIC_OBS_INFO 0 1.750000 233.783552 -1.570000 21.530284 1.750000 233.783552 0.000000 0.000000
DYNAMIC_OBS_INFO 1 26.299088 209.500000 3.140000 53.545305 -47.853712 209.618100 14.856037 1.265840
DYNAMIC_OBS_INFO 2 -50.839856 212.500000 0.000000 95.165890 100.774234 212.500000 27.557285 1.805492
Parent: -41.906307 10.000000 101.000000 20.000000 15.147906 -4.818616 -10.000000 4.432318 35.000000 0.000000 0 0 1 0 0 0 0 0
Child: -4.818616 10.000000 101.000000 20.000000 15.147906 1.701393 -10.000000 0.000000 0.000000 0.000000 0 0 1 0 0 0 0 0
Child: 1.701393 9.254554 94.000000 54.029254 64.823688 0.000000 -10.000000 0.000000 0.000000 0.000000 0 0 1 0 1 0 0 0
EGO_STATUS 5.608398 212.601817 7.600000 0.079633 4.428447 2.000000 0.980000
DYNAMIC_OBS_INFO 0 1.750000 233.783552 -1.570000 21.591925 1.750000 233.783552 0.000000 0.000000
DYNAMIC_OBS_INFO 1 26.299088 209.500000 3.140000 55.482594 -49.345643 209.620476 14.982621 1.265840
DYNAMIC_OBS_INFO 2 -50.839856 212.500000 0.000000 97.483543 103.538990 212.500000 27.737835 1.805492
Parent: -41.218361 10.000000 101.000000 20.000000 15.147906 -5.030659 -10.000000 4.332308 34.000000 0.000000 0 0 1 0 0 0 0 0
Child: -5.030659 10.000000 101.000000 20.000000 15.147906 1.489350 -10.000000 0.000000 0.000000 0.000000 0 0 1 0 0 0 0 0
Child: 1.489350 8.806717 90.000000 54.009662 63.405434 0.000000 -10.000000 0.000000 0.000000 0.000000 0 0 1 0 1 0 0 0
EGO_STATUS 6.055527 212.625252 7.700000 0.026663 4.526447 2.000000 0.980000
DYNAMIC_OBS_INFO 0 1.750000 233.783552 -1.570000 21.686795 1.750000 233.783552 0.000000 0.000000
DYNAMIC_OBS_INFO 1 26.299088 209.500000 3.140000 57.441882 -50.850232 209.622872 15.109205 1.265840
DYNAMIC_OBS_INFO 2 -50.839856 212.500000 0.000000 99.808802 106.321800 212.500000 27.918384 1.805492
Parent: -41.311306 10.000000 101.000000 20.000000 15.147906 -5.023595 -10.000000 4.232299 34.000000 0.000000 0 0 1 0 0 0 0 0
Child: -5.023595 10.000000 101.000000 20.000000 15.147906 1.496415 -10.000000 0.000000 0.000000 0.000000 0 0 1 0 0 0 0 0
Child: 1.496415 8.349090 85.000000 54.015681 63.026439 0.000000 -10.000000 0.000000 0.000000 0.000000 0 0 1 0 1 0 0 0
EGO_STATUS 6.513078 212.626279 7.800000 -0.020269 4.624447 2.000000 0.980000
DYNAMIC_OBS_INFO 0 1.750000 233.783552 -1.570000 21.812410 1.750000 233.783552 0.000000 0.000000
DYNAMIC_OBS_INFO 1 26.299088 209.500000 3.140000 59.422416 -52.367480 209.625289 15.235789 1.265840
DYNAMIC_OBS_INFO 2 -50.839856 212.500000 0.000000 102.142664 109.122666 212.500000 28.098933 1.805492
Parent: -40.615776 10.000000 101.000000 20.000000 15.147906 -5.228057 -10.000000 4.132291 33.000000 0.000000 0 0 1 0 0 0 0 0
Child: -5.228057 10.000000 101.000000 20.000000 15.147906 1.291952 -10.000000 0.000000 0.000000 0.000000 0 0 1 0 0 0 0 0
Child: 1.291952 7.881678 80.000000 54.012190 60.602517 0.000000 -10.000000 0.000000 0.000000 0.000000 0 0 1 0 1 0 0 0
EGO_STATUS 6.980059 212.607440 7.900000 -0.058195 4.722447 2.000000 0.980000
DYNAMIC_OBS_INFO 0 1.750000 233.783552 -1.570000 21.964747 1.750000 233.783552 0.000000 0.000000
DYNAMIC_OBS_INFO 1 26.299088 209.500000 3.140000 61.424007 -53.897386 209.627725 15.362373 1.265840
DYNAMIC_OBS_INFO 2 -50.839856 212.500000 0.000000 104.485639 111.941587 212.500000 28.279482 1.805492
Parent: -41.111753 10.000000 101.000000 20.000000 15.147906 -5.624028 -10.000000 4.032285 33.000000 0.000000 0 0 1 0 0 0 0 0
Child: -5.624028 10.000000 101.000000 20.000000 15.147906 0.895981 -10.000000 0.000000 0.000000 0.000000 0 0 1 0 0 0 0 0
Child: 0.895981 7.404481 76.000000 53.995868 57.841089 0.000000 -10.000000 0.000000 0.000000 0.000000 0 0 1 0 1 0 0 0
EGO_STATUS 7.455973 212.572894 8.000000 -0.084366 4.820447 2.000000 0.980000
DYNAMIC_OBS_INFO 0 1.750000 233.783552 -1.570000 22.138504 1.750000 233.783552 0.000000 0.000000
DYNAMIC_OBS_INFO 1 26.299088 209.500000 3.140000 63.447064 -55.439950 209.630182 15.488957 1.265840
DYNAMIC_OBS_INFO 2 -50.839856 212.500000 0.000000 106.837676 114.778563 212.500000 28.460032 1.805492
Parent: -40.571349 10.000000 101.000000 20.000000 15.147906 -5.983621 -10.000000 3.932281 32.000000 0.000000 0 0 1 0 0 0 0 0
Child: -5.983621 10.000000 101.000000 20.000000 15.147906 0.536388 -10.000000 0.000000 0.000000 0.000000 0 0 1 0 0 0 0 0
Child: 0.536388 6.917503 71.000000 53.981216 54.162372 0.000000 -10.000000 0.000000 0.000000 0.000000 0 0 1 0 1 0 0 0
EGO_STATUS 7.940890 212.528288 8.100000 -0.096642 4.918447 2.000000 0.980000
DYNAMIC_OBS_INFO 0 1.750000 233.783552 -1.570000 22.327477 1.750000 233.783552 0.000000 0.000000
DYNAMIC_OBS_INFO 1 26.299088 209.500000 3.140000 65.492448 -56.995173 209.632659 15.615541 1.265840
DYNAMIC_OBS_INFO 2 -50.839856 212.500000 0.000000 109.198264 117.633593 212.500000 28.640581 1.805492
Parent: -41.081789 10.000000 101.000000 20.000000 15.147906 -6.394060 -10.000000 3.832280 32.000000 0.000000 0 0 1 0 0 0 0 0
Child: -6.394060 10.000000 101.000000 20.000000 15.147906 0.125950 -10.000000 0.000000 0.000000 0.000000 0 0 1 0 0 0 0 0
Child: 0.125950 6.420748 66.000000 53.981002 50.105416 0.000000 -10.000000 0.000000 0.000000 0.000000 0 0 1 0 1 0 0 0
EGO_STATUS 8.435331 212.480440 8.200000 -0.093874 5.016447 2.000000 0.980000
DYNAMIC_OBS_INFO 0 1.750000 233.783552 -1.570000 22.525040 1.750000 233.783552 0.000000 0.000000
DYNAMIC_OBS_INFO 1 26.299088 209.500000 3.140000 67.561173 -58.563054 209.635156 15.742125 1.265840
DYNAMIC_OBS_INFO 2 -50.839856 212.500000 0.000000 111.566695 120.506679 212.500000 28.821130 1.805492
Parent: -40.754729 10.000000 101.000000 20.000000 15.147906 -6.966997 -10.000000 3.732278 31.000000 0.000000 0 0 1 0 0 0 0 0
Child: -6.966997 10.000000 101.000000 20.000000 15.147906 -0.446988 -10.000000 0.000000 0.000000 0.000000 0 0 1 0 0 0 0 0
Child: -0.446988 5.914187 61.000000 53.981100 44.550398 0.000000 -10.000000 0.000000 0.000000 0.000000 0 0 1 0 1 0 0 0
EGO_STATUS 8.940001 212.436859 8.300000 -0.076219 5.114447 2.000000 0.980000
DYNAMIC_OBS_INFO 0 1.750000 233.783552 -1.570000 22.724729 1.750000 233.783552 0.000000 0.000000
DYNAMIC_OBS_INFO 1 26.299088 209.500000 3.140000 69.653957 -60.143594 209.637673 15.868709 1.265840
DYNAMIC_OBS_INFO 2 -50.839856 212.500000 0.000000 113.942492 123.397819 212.500000 29.001679 1.805492
Parent: -41.266704 10.000000 101.000000 20.000000 15.147906 -7.378970 -10.000000 3.632274 31.000000 0.000000 0 0 1 0 0 0 0 0
Child: -7.378970 10.000000 101.000000 20.000000 15.147906 -0.858960 -10.000000 0.000000 0.000000 0.000000 0 0 1 0 0 0 0 0
Child: -0.858960 5.397811 55.000000 53.991695 39.149245 0.000000 -10.000000 0.000000 0.000000 0.000000 0 0 1 0 1 0 0 0
EGO_STATUS 9.455367 212.405043 8.400000 -0.045487 5.212447 2.000000 0.980000
DYNAMIC_OBS_INFO 0 1.750000 233.783552 -1.570000 22.921058 1.750000 233.783552 0.000000 0.000000
DYNAMIC_OBS_INFO 1 26.299088 209.500000 3.140000 71.770876 -61.736792 209.640211 15.995293 1.265840
DYNAMIC_OBS_INFO 2 -50.839856 212.500000 0.000000 116.325735 126.307015 212.500000 29.182229 1.805492
Parent: -41.031319 10.000000 101.000000 20.000000 15.147906 -8.043580 -10.000000 3.532270 30.000000 0.000000 0 0 1 0 0 0 0 0
Child: -8.043580 10.000000 101.000000 20.000000 15.147906 -1.523570 -10.000000 0.000000 0.000000 0.000000 0 0 1 0 0 0 0 0
Child: -1.523570 4.871627 50.000000 53.999099 32.998839 0.000000 -10.000000 0.000000 0.000000 0.000000 0 0 1 0 1 0 0 0
EGO_STATUS 9.981331 212.391494 8.500000 -0.005283 5.310447 2.000000 0.980000
DYNAMIC_OBS_INFO 0 1.750000 233.783552 -1.570000 23.110446 1.750000 233.783552 0.000000 0.000000
DYNAMIC_OBS_INFO 1 26.299088 209.500000 3.140000 73.911305 -63.342649 209.642768 16.121877 1.265840
DYNAMIC_OBS_INFO 2 -50.839856 212.500000 0.000000 118.717120 129.234265 212.500000 29.362778 1.805492
Parent: -41.906035 10.000000 101.000000 20.000000 15.147906 -8.818291 -10.000000 3.432265 30.000000 0.000000 0 0 1 0 0 0 0 0
Child: -8.818291 10.000000 101.000000 20.000000 15.147906 -2.298282 -10.000000 0.000000 0.000000 0.000000 0 0 1 0 0 0 0 0
Child: -2.298282 4.335640 45.000000 53.987847 25.948975 0.000000 -10.000000 0.000000 0.000000 0.000000 0 0 1 0 1 0 0 0
EGO_STATUS 10.517186 212.400635 8.600000 0.039069 5.408447 2.000000 0.980000
DYNAMIC_OBS_INFO 0 1.750000 233.783552 -1.570000 23.292194 1.750000 233.783552 0.000000 0.000000
DYNAMIC_OBS_INFO 1 26.299088 209.500000 3.140000 76.074205 -64.961163 209.645346 16.248461 1.265840
DYNAMIC_OBS_INFO 2 -50.839856 212.500000 0.000000 121.117667 132.179570 212.500000 29.543327 1.805492
Parent: -57.015769 10.000000 102.000000 20.000000 15.297885 -15.883990 -10.000000 4.407645 39.000000 0.000000 0 0 1 0 0 0 0 0
Child: -15.883990 10.000000 101.000000 20.000000 15.147906 -9.363981 -10.000000 0.000000 0.000000 0.000000 0 0 1 0 0 0 0 0
Child: -9.363981 10.000000 101.000000 20.000000 15.147906 -2.843972 -10.000000 0.000000 0.000000 0.000000 0 0 1 0 0 0 0 0
Child: -2.843972 3.789854 39.000000 53.990947 19.649126 0.000000 -10.000000 0.000000 0.000000 0.000000 0 0 1 0 1 0 0 0
EGO_STATUS 11.061922 212.433741 8.700000 0.080859 5.506447 2.000000 0.980000
DYNAMIC_OBS_INFO 0 1.750000 233.783552 -1.570000 23.469337 1.750000 233.783552 0.000000 0.000000
DYNAMIC_OBS_INFO 1 26.299088 209.500000 3.140000 78.258702 -66.592337 209.647944 16.375045 1.265840
DYNAMIC_OBS_INFO 2 -50.839856 212.500000 0.000000 123.528120 135.142930 212.500000 29.723876 1.805492
Parent: -57.766801 10.000000 102.000000 20.000000 15.297885 -16.535019 -10.000000 4.307641 39.000000 0.000000 0 0 1 0 0 0 0 0
Child: -16.535019 10.000000 101.000000 20.000000 15.147906 -10.015009 -10.000000 0.000000 0.000000 0.000000 0 0 1 0 0 0 0 0
Child: -10.015009 10.000000 101.000000 20.000000 15.147906 -3.495000 -10.000000 0.000000 0.000000 0.000000 0 0 1 0 0 0 0 0
Child: -3.495000 3.234267 34.000000 53.984087 14.399252 0.000000 -10.000000 0.000000 0.000000 0.000000 0 0 1 0 1 0 0 0
EGO_STATUS 11.614811 212.488122 8.800000 0.112675 5.604447 2.000000 0.980000
DYNAMIC_OBS_INFO 0 1.750000 233.783552 -1.570000 23.649016 1.750000 233.783552 0.000000 0.000000
DYNAMIC_OBS_INFO 1 26.299088 209.500000 3.140000 80.464665 -68.236168 209.650562 16.501629 1.265840
DYNAMIC_OBS_INFO 2 -50.839856 212.500000 0.000000 125.948363 138.124346 212.500000 29.904425 1.805492
Parent: -57.340469 10.000000 102.000000 20.000000 15.297885 -17.008682 -10.000000 4.207636 38.000000 0.000000 0 0 1 0 0 0 0 0
Child: -17.008682 10.000000 101.000000 20.000000 15.147906 -10.488673 -10.000000 0.000000 0.000000 0.000000 0 0 1 0 0 0 0 0
Child: -10.488673 10.000000 101.000000 20.000000 15.147906 -3.968663 -10.000000 0.000000 0.000000 0.000000 0 0 1 0 0 0 0 0
Child: -3.968663 2.668882 28.000000 53.977067 9.299397 0.000000 -10.000000 0.000000 0.000000 0.000000 0 0 1 0 1 0 0 0
EGO_STATUS 12.175996 212.556810 8.900000 0.127533 5.702447 2.000000 0.980000
DYNAMIC_OBS_INFO 0 1.750000 233.783552 -1.570000 23.841964 1.750000 233.783552 0.000000 0.000000
DYNAMIC_OBS_INFO 1 26.299088 209.500000 3.140000 82.692834 -69.892658 209.653200 16.628213 1.265840
DYNAMIC_OBS_INFO 2 -50.839856 212.500000 0.000000 128.377267 141.123816 212.500000 30.084975 1.805492
Parent: -57.825623 10.000000 102.000000 20.000000 15.297885 -17.393833 -10.000000 4.107633 38.000000 0.000000 0 0 1 0 0 0 0 0
Child: -17.393833 10.000000 101.000000 20.000000 15.147906 -10.873824 -10.000000 0.000000 0.000000 0.000000 0 0 1 0 0 0 0 0
Child: -10.873824 10.000000 101.000000 20.000000 15.147906 -4.353814 -10.000000 0.000000 0.000000 0.000000 0 0 1 0 0 0 0 0
Child: -4.353814 2.093703 22.000000 53.928895 5.399535 0.000000 -10.000000 0.000000 0.000000 0.000000 0 0 1 0 1 0 0 0
EGO_STATUS 12.746614 212.629031 9.000000 0.120583 5.800447 2.000000 0.980000
DYNAMIC_OBS_INFO 0 1.750000 233.783552 -1.570000 24.060644 1.750000 233.783552 0.000000 0.000000
DYNAMIC_OBS_INFO 1 26.299088 209.500000 3.140000 84.944250 -71.561806 209.655859 16.754797 1.265840
DYNAMIC_OBS_INFO 2 -50.839856 212.500000 0.000000 130.813309 144.141340 212.500000 30.265524 1.805492
Parent: -57.537382 10.000000 102.000000 20.000000 15.297885 -18.005589 -10.000000 4.007631 37.000000 0.000000 0 0 1 0 0 0 0 0
Child: -18.005589 10.000000 101.000000 20.000000 15.147906 -11.485580 -10.000000 0.000000 0.000000 0.000000 0 0 1 0 0 0 0 0
Child: -11.485580 10.000000 101.000000 20.000000 15.147906 -4.965571 -10.000000 0.000000 0.000000 0.000000 0 0 1 0 0 0 0 0
Child: -4.965571 1.508736 17.000000 53.876856 2.849646 0.000000 -10.000000 0.000000 0.000000 0.000000 0 0 1 0 1 0 0 0
EGO_STATUS 13.328172 212.691834 9.100000 0.091472 5.898447 2.000000 0.980000
DYNAMIC_OBS_INFO 0 1.750000 233.783552 -1.570000 24.315631 1.750000 233.783552 0.000000 0.000000
DYNAMIC_OBS_INFO 1 26.299088 209.500000 3.140000 87.219247 -73.243613 209.658537 16.881381 1.265840
DYNAMIC_OBS_INFO 2 -50.839856 212.500000 0.000000 133.255711 147.176920 212.500000 30.446073 1.805492
Parent: -57.058303 10.000000 102.000000 20.000000 15.297885 -18.426510 -10.000000 3.907630 36.000000 0.000000 0 0 1 0 0 0 0 0
Child: -18.426510 10.000000 101.000000 20.000000 15.147906 -11.906501 -10.000000 0.000000 0.000000 0.000000 0 0 1 0 0 0 0 0
Child: -11.906501 10.000000 101.000000 20.000000 15.147906 -5.386492 -10.000000 0.000000 0.000000 0.000000 0 0 1 0 0 0 0 0
Child: -5.386492 0.913986 11.000000 53.874722 1.649772 0.000000 -10.000000 0.000000 0.000000 0.000000 0 0 1 0 1 0 0 0
EGO_STATUS 13.921414 212.733454 9.200000 0.047506 5.996447 2.000000 0.980000
DYNAMIC_OBS_INFO 0 1.750000 233.783552 -1.570000 24.610230 1.750000 233.783552 0.000000 0.000000
DYNAMIC_OBS_INFO 1 26.299088 209.500000 3.140000 89.517071 -74.938078 209.661236 17.007965 1.265840
DYNAMIC_OBS_INFO 2 -50.839856 212.500000 0.000000 135.705068 150.230555 212.500000 30.626622 1.805492
Parent: -58.732861 10.000000 102.000000 20.000000 15.297885 -20.001068 -10.000000 3.807630 36.000000 0.000000 0 0 1 0 0 0 0 0
Child: -20.001068 10.000000 101.000000 20.000000 15.147906 -13.481058 -10.000000 0.000000 0.000000 0.000000 0 0 1 0 0 0 0 0
Child: -13.481058 10.000000 101.000000 20.000000 15.147906 -6.961049 -10.000000 0.000000 0.000000 0.000000 0 0 1 0 0 0 0 0
Child: -6.961049 0.309438 5.000000 48.354479 0.749896 0.000000 -10.000000 0.000000 0.000000 0.000000 0 0 1 0 1 0 0 0
EGO_STATUS 14.525716 212.749186 9.300000 0.007706 6.094447 2.000000 0.980000
DYNAMIC_OBS_INFO 0 1.750000 233.783552 -1.570000 24.933995 1.750000 233.783552 0.000000 0.000000
DYNAMIC_OBS_INFO 1 26.299088 209.500000 3.140000 91.837132 -76.645202 209.663955 17.134549 1.265840
DYNAMIC_OBS_INFO 2 -50.839856 212.500000 0.000000 138.162406 153.302245 212.500000 30.807172 1.805492
Parent: -50.919152 10.000000 102.000000 20.000000 15.297885 -13.087358 -10.000000 3.707629 35.000000 0.000000 0 0 1 0 0 0 0 0
Child: -13.087358 10.000000 101.000000 20.000000 15.147906 -6.567349 -10.000000 0.000000 0.000000 0.000000 0 0 1 0 0 0 0 0
Child: -6.567349 9.695087 98.000000 20.000000 14.697968 0.000000 -10.000000 0.000000 0.000000 0.000000 0 0 1 0 0 0 0 0
EGO_STATUS 15.140065 212.750000 9.400000 -0.000000 6.192447 2.000000 0.980000
DYNAMIC_OBS_INFO 0 1.750000 233.783552 -1.570000 25.274671 1.750000 233.783552 0.000000 0.000000
DYNAMIC_OBS_INFO 1 26.299088 209.500000 3.140000 94.179701 -78.364984 209.666694 17.261133 1.265840
DYNAMIC_OBS_INFO 2 -50.839856 212.500000 0.000000 140.627980 156.391989 212.500000 30.987721 1.805492
Parent: -51.119417 10.000000 102.000000 20.000000 15.297885 -13.187620 -10.000000 3.607627 35.000000 0.000000 0 0 1 0 0 0 0 0
Child: -13.187620 10.000000 101.000000 20.000000 15.147906 -6.667611 -10.000000 0.000000 0.000000 0.000000 0 0 1 0 0 0 0 0
Child: -6.667611 9.070920 92.000000 20.000000 13.798092 0.000000 -10.000000 0.000000 0.000000 0.000000 0 0 1 0 0 0 0 0
EGO_STATUS 15.764232 212.750000 9.500000 -0.000000 6.290447 2.000000 0.980000
DYNAMIC_OBS_INFO 0 1.750000 233.783552 -1.570000 25.631624 1.750000 233.783552 0.000000 0.000000
DYNAMIC_OBS_INFO 1 26.299088 209.500000 3.140000 96.544787 -80.097424 209.669453 17.387717 1.265840
DYNAMIC_OBS_INFO 2 -50.839856 212.500000 0.000000 143.101804 159.499789 212.500000 31.168270 1.805492
Parent: -50.324360 10.000000 102.000000 20.000000 15.297885 -13.292561 -10.000000 3.507624 34.000000 0.000000 0 0 1 0 0 0 0 0
Child: -13.292561 10.000000 101.000000 20.000000 15.147906 -6.772552 -10.000000 0.000000 0.000000 0.000000 0 0 1 0 0 0 0 0
Child: -6.772552 8.436948 86.000000 20.000000 12.898217 0.000000 -10.000000 0.000000 0.000000 0.000000 0 0 1 0 0 0 0 0
EGO_STATUS 16.398204 212.750000 9.600000 -0.000000 6.388447 2.000000 0.980000
DYNAMIC_OBS_INFO 0 1.750000 233.783552 -1.570000 26.004901 1.750000 233.783552 0.000000 0.000000
DYNAMIC_OBS_INFO 1 26.299088 209.500000 3.140000 98.932386 -81.842523 209.672232 17.514301 1.265840
DYNAMIC_OBS_INFO 2 -50.839856 212.500000 0.000000 145.583881 162.625644 212.500000 31.348819 1.805492
Parent: -49.510041 10.000000 102.000000 20.000000 15.297885 -13.378239 -10.000000 3.407621 33.000000 0.000000 0 0 1 0 0 0 0 0
Child: -13.378239 10.000000 101.000000 20.000000 15.147906 -6.858230 -10.000000 0.000000 0.000000 0.000000 0 0 1 0 0 0 0 0
Child: -6.858230 7.793175 79.000000 20.000000 11.848362 0.000000 -10.000000 0.000000 0.000000 0.000000 0 0 1 0 0 0 0 0
EGO_STATUS 17.041977 212.750000 9.700000 -0.000000 6.486447 2.000000 0.980000
DYNAMIC_OBS_INFO 0 1.750000 233.783552 -1.570000 26.394523 1.750000 233.783552 0.000000 0.000000
DYNAMIC_OBS_INFO 1 26.299088 209.500000 3.140000 101.342491 -83.600280 209.675032 17.640885 1.265840
DYNAMIC_OBS_INFO 2 -50.839856 212.500000 0.000000 148.074214 165.769553 212.500000 31.529369 1.805492
Parent: -49.724966 10.000000 102.000000 20.000000 15.297885 -13.493162 -10.000000 3.307618 33.000000 0.000000 0 0 1 0 0 0 0 0
Child: -13.493162 10.000000 101.000000 20.000000 15.147906 -6.973152 -10.000000 0.000000 0.000000 0.000000 0 0 1 0 0 0 0 0
Child: -6.973152 7.139602 73.000000 20.000000 10.948486 0.000000 -10.000000 0.000000 0.000000 0.000000 0 0 1 0 0 0 0 0
EGO_STATUS 17.695550 212.750000 9.800000 -0.000000 6.584447 2.000000 0.980000
DYNAMIC_OBS_INFO 0 1.750000 233.783552 -1.570000 26.800495 1.750000 233.783552 0.000000 0.000000
DYNAMIC_OBS_INFO 1 26.299088 209.500000 3.140000 103.775099 -85.370695 209.677851 17.767469 1.265840
DYNAMIC_OBS_INFO 2 -50.839856 212.500000 0.000000 150.572805 168.931517 212.500000 31.709918 1.805492
Parent: -48.918021 10.000000 102.000000 20.000000 15.297885 -13.586214 -10.000000 3.207616 32.000000 0.000000 0 0 1 0 0 0 0 0
Child: -13.586214 10.000000 101.000000 20.000000 15.147906 -7.066205 -10.000000 0.000000 0.000000 0.000000 0 0 1 0 0 0 0 0
Child: -7.066205 6.476232 66.000000 20.000000 9.898631 0.000000 -10.000000 0.000000 0.000000 0.000000 0 0 1 0 0 0 0 0
EGO_STATUS 18.358920 212.750000 9.900000 -0.000000 6.682447 2.000000 0.980000
DYNAMIC_OBS_INFO 0 1.750000 233.783552 -1.570000 27.222799 1.750000 233.783552 0.000000 0.000000
DYNAMIC_OBS_INFO 1 26.299088 209.500000 3.140000 106.230204 -87.153769 209.680691 17.894053 1.265840
DYNAMIC_OBS_INFO 2 -50.839856 212.500000 0.000000 153.079655 172.111537 212.500000 31.890467 1.805492
Parent: -48.147124 10.000000 102.000000 20.000000 15.297885 -13.715314 -10.000000 3.107614 31.000000 0.000000 0 0 1 0 0 0 0 0
Child: -13.715314 10.000000 101.000000 20.000000 15.147906 -7.195305 -10.000000 0.000000 0.000000 0.000000 0 0 1 0 0 0 0 0
Child: -7.195305 5.803067 60.000000 20.000000 8.998756 0.000000 -10.000000 0.000000 0.000000 0.000000 0 0 1 0 0 0 0 0
EGO_STATUS 19.032086 212.750000 10.000000 -0.000000 6.780447 2.000000 0.980000
DYNAMIC_OBS_INFO 0 1.750000 233.783552 -1.570000 27.661401 1.750000 233.783552 0.000000 0.000000
DYNAMIC_OBS_INFO 1 26.299088 209.500000 3.140000 108.707804 -88.949501 209.683551 18.020637 1.265840
DYNAMIC_OBS_INFO 2 -50.839856 212.500000 0.000000 155.594767 175.309611 212.500000 32.071016 1.805492
Parent: -48.351794 10.000000 102.000000 20.000000 15.297885 -13.819983 -10.000000 3.007612 31.000000 0.000000 0 0 1 0 0 0 0 0
Child: -13.819983 10.000000 101.000000 20.000000 15.147906 -7.299974 -10.000000 0.000000 0.000000 0.000000 0 0 1 0 0 0 0 0
Child: -7.299974 5.120107 53.000000 20.000000 7.948901 0.000000 -10.000000 0.000000 0.000000 0.000000 0 0 1 0 0 0 0 0
EGO_STATUS 19.715045 212.750000 10.100000 0.000000 6.878447 2.000000 0.980000
DYNAMIC_OBS_INFO 0 1.750000 233.783552 -1.570000 28.116253 1.750000 233.783552 0.000000 0.000000
DYNAMIC_OBS_INFO 1 26.299088 209.500000 3.140000 111.207894 -90.757892 209.686431 18.147221 1.265840
DYNAMIC_OBS_INFO 2 -50.839856 212.500000 0.000000 158.118141 178.525740 212.500000 32.251566 1.805492
Parent: -47.562872 10.000000 102.000000 20.000000 15.297885 -13.931060 -10.000000 2.907611 30.000000 0.000000 0 0 1 0 0 0 0 0
Child: -13.931060 10.000000 101.000000 20.000000 15.147906 -7.411051 -10.000000 0.000000 0.000000 0.000000 0 0 1 0 0 0 0 0
Child: -7.411051 4.427356 46.000000 20.000000 6.899046 0.000000 -10.000000 0.000000 0.000000 0.000000 0 0 1 0 0 0 0 0
EGO_STATUS 20.407796 212.750000 10.200000 0.000000 6.976447 2.000000 0.980000
DYNAMIC_OBS_INFO 0 1.750000 233.783552 -1.570000 28.587291 1.750000 233.783552 0.000000 0.000000
DYNAMIC_OBS_INFO 1 26.299088 209.500000 3.140000 113.730475 -92.578941 209.689332 18.273805 1.265840
DYNAMIC_OBS_INFO 2 -50.839856 212.500000 0.000000 160.649775 181.759924 212.500000 32.432115 1.805492
Parent: -62.351715 10.000000 102.000000 20.000000 15.297885 -20.590630 -10.000000 3.778338 39.000000 0.000000 0 0 1 0 0 0 0 0
Child: -20.590630 10.000000 102.000000 20.000000 15.297885 -14.051207 -10.000000 0.000000 0.000000 0.000000 0 0 1 0 0 0 0 0
Child: -14.051207 10.000000 101.000000 20.000000 15.147906 -7.531198 -10.000000 0.000000 0.000000 0.000000 0 0 1 0 0 0 0 0
Child: -7.531198 3.724809 39.000000 20.000000 5.849191 0.000000 -10.000000 0.000000 0.000000 0.000000 0 0 1 0 0 0 0 0
EGO_STATUS 21.110343 212.750000 10.300000 -0.000000 7.074447 2.000000 0.980000
DYNAMIC_OBS_INFO 0 1.750000 233.783552 -1.570000 29.074448 1.750000 233.783552 0.000000 0.000000
DYNAMIC_OBS_INFO 1 26.299088 209.500000 3.140000 116.275559 -94.412648 209.692252 18.400389 1.265840
DYNAMIC_OBS_INFO 2 -50.839856 212.500000 0.000000 163.189656 185.012163 212.500000 32.612664 1.805492
Parent: -62.585929 10.000000 102.000000 20.000000 15.297885 -20.724843 -10.000000 3.678337 39.000000 0.000000 0 0 1 0 0 0 0 0
Child: -20.724843 10.000000 102.000000 20.000000 15.297885 -14.185420 -10.000000 0.000000 0.000000 0.000000 0 0 1 0 0 0 0 0
Child: -14.185420 10.000000 101.000000 20.000000 15.147906 -7.665411 -10.000000 0.000000 0.000000 0.000000 0 0 1 0 0 0 0 0
Child: -7.665411 3.012454 32.000000 20.000000 4.799336 0.000000 -10.000000 0.000000 0.000000 0.000000 0 0 1 0 0 0 0 0
EGO_STATUS 21.822698 212.750000 10.400000 -0.000000 7.172447 2.000000 0.980000
DYNAMIC_OBS_INFO 0 1.750000 233.783552 -1.570000 29.577634 1.750000 233.783552 0.000000 0.000000
DYNAMIC_OBS_INFO 1 26.299088 209.500000 3.140000 118.843140 -96.259014 209.695193 18.526973 1.265840
DYNAMIC_OBS_INFO 2 -50.839856 212.500000 0.000000 165.737786 188.282457 212.500000 32.793213 1.805492
Parent: -61.768446 10.000000 102.000000 20.000000 15.297885 -20.807358 -10.000000 3.578335 38.000000 0.000000 0 0 1 0 0 0 0 0
Child: -20.807358 10.000000 102.000000 20.000000 15.297885 -14.267935 -10.000000 0.000000 0.000000 0.000000 0 0 1 0 0 0 0 0
Child: -14.267935 10.000000 101.000000 20.000000 15.147906 -7.747926 -10.000000 0.000000 0.000000 0.000000 0 0 1 0 0 0 0 0
Child: -7.747926 2.290293 24.000000 20.000000 3.599502 0.000000 -10.000000 0.000000 0.000000 0.000000 0 0 1 0 0 0 0 0
EGO_STATUS 22.544859 212.750000 10.500000 -0.000000 7.270447 2.000000 0.980000
DYNAMIC_OBS_INFO 0 1.750000 233.783552 -1.570000 30.096751 1.750000 233.783552 0.000000 0.000000
DYNAMIC_OBS_INFO 1 26.299088 209.500000 3.140000 121.433216 -98.118038 209.698154 18.653557 1.265840
DYNAMIC_OBS_INFO 2 -50.839856 212.500000 0.000000 168.294168 191.570805 212.500000 32.973763 1.805492
Parent: -61.053477 10.000000 102.000000 20.000000 15.297885 -20.992387 -10.000000 3.478334 37.000000 0.000000 0 0 1 0 0 0 0 0
Child: -20.992387 10.000000 102.000000 20.000000 15.297885 -14.452964 -10.000000 0.000000 0.000000 0.000000 0 0 1 0 0 0 0 0
Child: -14.452964 10.000000 101.000000 20.000000 15.147906 -7.932955 -10.000000 0.000000 0.000000 0.000000 0 0 1 0 0 0 0 0
Child: -7.932955 1.558329 17.000000 20.000000 2.549647 0.000000 -10.000000 0.000000 0.000000 0.000000 0 0 1 0 0 0 0 0
EGO_STATUS 23.276823 212.750000 10.600000 -0.000000 7.368447 2.000000 0.980000
DYNAMIC_OBS_INFO 0 1.750000 233.783552 -1.570000 30.631689 1.750000 233.783552 0.000000 0.000000
DYNAMIC_OBS_INFO 1 26.299088 209.500000 3.140000 124.045783 -99.989720 209.701134 18.780140 1.265840
DYNAMIC_OBS_INFO 2 -50.839856 212.500000 0.000000 170.858803 194.877209 212.500000 33.154312 1.805492
Parent: -60.464931 10.000000 102.000000 20.000000 15.297885 -21.303839 -10.000000 3.378332 36.000000 0.000000 0 0 1 0 0 0 0 0
Child: -21.303839 10.000000 102.000000 20.000000 15.297885 -14.764416 -10.000000 0.000000 0.000000 0.000000 0 0 1 0 0 0 0 0
Child: -14.764416 10.000000 101.000000 20.000000 15.147906 -8.244407 -10.000000 0.000000 0.000000 0.000000 0 0 1 0 0 0 0 0
Child: -8.244407 0.816563 10.000000 20.000000 1.499793 0.000000 -10.000000 0.000000 0.000000 0.000000 0 0 1 0 0 0 0 0
EGO_STATUS 24.018589 212.750000 10.700000 -0.000000 7.466447 2.000000 0.980000
DYNAMIC_OBS_INFO 0 1.750000 233.783552 -1.570000 31.182332 1.750000 233.783552 0.000000 0.000000
DYNAMIC_OBS_INFO 1 26.299088 209.500000 3.140000 126.680838 -101.874061 209.704136 18.906724 1.265840
DYNAMIC_OBS_INFO 2 -50.839856 212.500000 0.000000 173.431693 198.201668 212.500000 33.334861 1.805492
Parent: -61.660809 10.000000 102.000000 20.000000 15.297885 -22.399715 -10.000000 3.278330 36.000000 0.000000 0 0 1 0 0 0 0 0
Child: -22.399715 10.000000 102.000000 20.000000 15.297885 -15.860292 -10.000000 0.000000 0.000000 0.000000 0 0 1 0 0 0 0 0
Child: -15.860292 10.000000 101.000000 20.000000 15.147906 -9.340283 -10.000000 0.000000 0.000000 0.000000 0 0 1 0 0 0 0 0
Child: -9.340283 0.064997 2.000000 20.000000 0.299959 0.000000 -10.000000 0.000000 0.000000 0.000000 0 0 1 0 0 0 0 0
EGO_STATUS 24.770155 212.750000 10.800000 -0.000000 7.564447 2.000000 0.980000
DYNAMIC_OBS_INFO 0 1.750000 233.783552 -1.570000 31.748546 1.750000 233.783552 0.000000 0.000000
DYNAMIC_OBS_INFO 1 26.299088 209.500000 3.140000 129.338361 -103.771060 209.707157 19.033308 1.265840
DYNAMIC_OBS_INFO 2 -50.839856 212.500000 0.000000 176.012856 201.544181 212.500000 33.515410 1.805492
Parent: -51.546499 10.000000 102.000000 20.000000 15.297885 -13.185406 -10.000000 3.178329 35.000000 0.000000 0 0 1 0 0 0 0 0
Child: -13.185406 10.000000 102.000000 20.000000 15.297885 -6.645983 -10.000000 0.000000 0.000000 0.000000 0 0 1 0 0 0 0 0
Child: -6.645983 9.303649 95.000000 20.000000 14.248030 0.000000 -10.000000 0.000000 0.000000 0.000000 0 0 1 0 0 0 0 0
EGO_STATUS 25.531503 212.750000 10.900000 -0.000000 7.662447 2.000000 0.980000
DYNAMIC_OBS_INFO 0 1.750000 233.783552 -1.570000 32.330228 1.750000 233.783552 0.000000 0.000000
DYNAMIC_OBS_INFO 1 26.299088 209.500000 3.140000 132.018383 -105.680718 209.710198 19.159892 1.265840
DYNAMIC_OBS_INFO 2 -50.839856 212.500000 0.000000 178.602261 204.904750 212.500000 33.695960 1.805492
Parent: -50.759331 10.000000 102.000000 20.000000 15.297885 -13.298235 -10.000000 3.078328 34.000000 0.000000 0 0 1 0 0 0 0 0
Child: -13.298235 10.000000 102.000000 20.000000 15.297885 -6.758812 -10.000000 0.000000 0.000000 0.000000 0 0 1 0 0 0 0 0
Child: -6.758812 8.532488 87.000000 20.000000 13.048196 0.000000 -10.000000 0.000000 0.000000 0.000000 0 0 1 0 0 0 0 0
EGO_STATUS 26.302664 212.750000 11.000000 -0.000000 7.760447 2.000000 0.980000
DYNAMIC_OBS_INFO 0 1.750000 233.783552 -1.570000 32.927233 1.750000 233.783552 0.000000 0.000000
DYNAMIC_OBS_INFO 1 26.299088 209.500000 3.140000 134.720885 -107.603034 209.713260 19.286476 1.265840
DYNAMIC_OBS_INFO 2 -50.839856 212.500000 0.000000 181.199925 208.283373 212.500000 33.876509 1.805492
Parent: -49.975538 10.000000 102.000000 20.000000 15.297885 -13.414441 -10.000000 2.978327 33.000000 0.000000 0 0 1 0 0 0 0 0
Child: -13.414441 10.000000 102.000000 20.000000 15.297885 -6.875018 -10.000000 0.000000 0.000000 0.000000 0 0 1 0 0 0 0 0
Child: -6.875018 7.751531 79.000000 20.000000 11.848362 0.000000 -10.000000 0.000000 0.000000 0.000000 0 0 1 0 0 0 0 0
EGO_STATUS 27.083621 212.750000 11.100000 -0.000000 7.858447 2.000000 0.980000
DYNAMIC_OBS_INFO 0 1.750000 233.783552 -1.570000 33.539426 1.750000 233.783552 0.000000 0.000000
DYNAMIC_OBS_INFO 1 26.299088 209.500000 3.140000 137.445864 -109.538008 209.716342 19.413060 1.265840
DYNAMIC_OBS_INFO 2 -50.839856 212.500000 0.000000 183.805849 211.680052 212.500000 34.057058 1.805492
Parent: -50.195764 10.000000 102.000000 20.000000 15.297885 -13.534667 -10.000000 2.878326 33.000000 0.000000 0 0 1 0 0 0 0 0
Child: -13.534667 10.000000 102.000000 20.000000 15.297885 -6.995244 -10.000000 0.000000 0.000000 0.000000 0 0 1 0 0 0 0 0
Child: -6.995244 6.960780 71.000000 20.000000 10.648528 0.000000 -10.000000 0.000000 0.000000 0.000000 0 0 1 0 0 0 0 0
EGO_STATUS 27.874372 212.750000 11.200000 -0.000000 7.956447 2.000000 0.980000
DYNAMIC_OBS_INFO 0 1.750000 233.783552 -1.570000 34.166672 1.750000 233.783552 0.000000 0.000000
DYNAMIC_OBS_INFO 1 26.299088 209.500000 3.140000 140.193318 -111.485641 209.719444 19.539644 1.265840
DYNAMIC_OBS_INFO 2 -50.839856 212.500000 0.000000 186.420035 215.094785 212.500000 34.237607 1.805492
Parent: -49.420983 10.000000 102.000000 20.000000 15.297885 -13.659885 -10.000000 2.778326 32.000000 0.000000 0 0 1 0 0 0 0 0
Child: -13.659885 10.000000 102.000000 20.000000 15.297885 -7.120462 -10.000000 0.000000 0.000000 0.000000 0 0 1 0 0 0 0 0
Child: -7.120462 6.160235 63.000000 20.000000 9.448694 0.000000 -10.000000 0.000000 0.000000 0.000000 0 0 1 0 0 0 0 0
EGO_STATUS 28.674917 212.750000 11.300000 -0.000000 8.054447 2.000000 0.980000
DYNAMIC_OBS_INFO 0 1.750000 233.783552 -1.570000 34.808841 1.750000 233.783552 0.000000 0.000000
DYNAMIC_OBS_INFO 1 26.299088 209.500000 3.140000 142.963260 -113.445932 209.722566 19.666228 1.265840
DYNAMIC_OBS_INFO 2 -50.839856 212.500000 0.000000 189.042470 218.527573 212.500000 34.418157 1.805492
Parent: -48.652737 10.000000 102.000000 20.000000 15.297885 -13.791639 -10.000000 2.678325 31.000000 0.000000 0 0 1 0 0 0 0 0
Child: -13.791639 10.000000 102.000000 20.000000 15.297885 -7.252216 -10.000000 0.000000 0.000000 0.000000 0 0 1 0 0 0 0 0
Child: -7.252216 5.349883 55.000000 20.000000 8.248859 0.000000 -10.000000 0.000000 0.000000 0.000000 0 0 1 0 0 0 0 0
EGO_STATUS 29.485269 212.750000 11.400000 -0.000000 8.152447 2.000000 0.980000
DYNAMIC_OBS_INFO 0 1.750000 233.783552 -1.570000 35.465795 1.750000 233.783552 0.000000 0.000000
DYNAMIC_OBS_INFO 1 26.299088 209.500000 3.140000 145.755686 -115.418882 209.725708 19.792812 1.265840
DYNAMIC_OBS_INFO 2 -50.839856 212.500000 0.000000 191.673154 221.978416 212.500000 34.598706 1.805492
Parent: -47.893613 10.000000 102.000000 20.000000 15.297885 -13.932514 -10.000000 2.578324 30.000000 0.000000 0 0 1 0 0 0 0 0
Child: -13.932514 10.000000 102.000000 20.000000 15.297885 -7.393091 -10.000000 0.000000 0.000000 0.000000 0 0 1 0 0 0 0 0
Child: -7.393091 4.529727 47.000000 20.000000 7.049025 0.000000 -10.000000 0.000000 0.000000 0.000000 0 0 1 0 0 0 0 0
EGO_STATUS 30.305425 212.750000 11.500000 -0.000000 8.250447 2.000000 0.980000
DYNAMIC_OBS_INFO 0 1.750000 233.783552 -1.570000 36.137392 1.750000 233.783552 0.000000 0.000000
DYNAMIC_OBS_INFO 1 26.299088 209.500000 3.140000 148.570594 -117.404490 209.728870 19.919396 1.265840
DYNAMIC_OBS_INFO 2 -50.839856 212.500000 0.000000 194.312091 225.447314 212.500000 34.779255 1.805492
Parent: -62.726667 10.000000 101.000000 20.000000 15.147906 -20.576712 -10.000000 3.370053 39.000000 0.000000 0 0 1 0 0 0 0 0
Child: -20.576712 10.000000 102.000000 20.000000 15.297885 -14.037288 -10.000000 0.000000 0.000000 0.000000 0 0 1 0 0 0 0 0
Child: -14.037288 10.000000 102.000000 20.000000 15.297885 -7.497865 -10.000000 0.000000 0.000000 0.000000 0 0 1 0 0 0 0 0
Child: -7.497865 3.699768 38.000000 20.000000 5.699212 0.000000 -10.000000 0.000000 0.000000 0.000000 0 0 1 0 0 0 0 0
EGO_STATUS 31.135384 212.750000 11.600000 -0.000000 8.348447 2.000000 0.980000
DYNAMIC_OBS_INFO 0 1.750000 233.783552 -1.570000 36.823494 1.750000 233.783552 0.000000 0.000000
DYNAMIC_OBS_INFO 1 26.299088 209.500000 3.140000 151.407982 -119.402756 209.732053 20.045980 1.265840
DYNAMIC_OBS_INFO 2 -50.839856 212.500000 0.000000 196.959280 228.934267 212.500000 34.959804 1.805492
Parent: -61.993191 10.000000 101.000000 20.000000 15.147906 -20.743233 -10.000000 3.270052 38.000000 0.000000 0 0 1 0 0 0 0 0
Child: -20.743233 10.000000 102.000000 20.000000 15.297885 -14.203810 -10.000000 0.000000 0.000000 0.000000 0 0 1 0 0 0 0 0
Child: -14.203810 10.000000 102.000000 20.000000 15.297885 -7.664387 -10.000000 0.000000 0.000000 0.000000 0 0 1 0 0 0 0 0
Child: -7.664387 2.860007 30.000000 20.000000 4.499378 0.000000 -10.000000 0.000000 0.000000 0.000000 0 0 1 0 0 0 0 0
EGO_STATUS 31.975146 212.750000 11.700000 -0.000000 8.446447 2.000000 0.980000
DYNAMIC_OBS_INFO 0 1.750000 233.783552 -1.570000 37.523962 1.750000 233.783552 0.000000 0.000000
DYNAMIC_OBS_INFO 1 26.299088 209.500000 3.140000 154.267848 -121.413681 209.735255 20.172564 1.265840
DYNAMIC_OBS_INFO 2 -50.839856 212.500000 0.000000 199.614725 232.439275 212.500000 35.140354 1.805492
Parent: -62.299602 10.000000 101.000000 20.000000 15.147906 -20.949644 -10.000000 3.170051 38.000000 0.000000 0 0 1 0 0 0 0 0
Child: -20.949644 10.000000 102.000000 20.000000 15.297885 -14.410221 -10.000000 0.000000 0.000000 0.000000 0 0 1 0 0 0 0 0
Child: -14.410221 10.000000 102.000000 20.000000 15.297885 -7.870797 -10.000000 0.000000 0.000000 0.000000 0 0 1 0 0 0 0 0
Child: -7.870797 2.010445 22.000000 20.000000 3.299544 0.000000 -10.000000 0.000000 0.000000 0.000000 0 0 1 0 0 0 0 0
EGO_STATUS 32.824707 212.750000 11.800000 -0.000000 8.544447 2.000000 0.980000
DYNAMIC_OBS_INFO 0 1.750000 233.783552 -1.570000 38.238658 1.750000 233.783552 0.000000 0.000000
DYNAMIC_OBS_INFO 1 26.299088 209.500000 3.140000 157.150189 -123.437264 209.738478 20.299148 1.265840
DYNAMIC_OBS_INFO 2 -50.839856 212.500000 0.000000 202.278425 235.962338 212.500000 35.320903 1.805492
Parent: -61.585268 10.000000 101.000000 20.000000 15.147906 -21.135308 -10.000000 3.070049 37.000000 0.000000 0 0 1 0 0 0 0 0
Child: -21.135308 10.000000 102.000000 20.000000 15.297885 -14.595885 -10.000000 0.000000 0.000000 0.000000 0 0 1 0 0 0 0 0
Child: -14.595885 10.000000 102.000000 20.000000 15.297885 -8.056462 -10.000000 0.000000 0.000000 0.000000 0 0 1 0 0 0 0 0
Child: -8.056462 1.151085 13.000000 20.000000 1.949730 0.000000 -10.000000 0.000000 0.000000 0.000000 0 0 1 0 0 0 0 0
EGO_STATUS 33.684067 212.750000 11.900000 -0.000000 8.642447 2.000000 0.980000
DYNAMIC_OBS_INFO 0 1.750000 233.783552 -1.570000 38.967447 1.750000 233.783552 0.000000 0.000000
DYNAMIC_OBS_INFO 1 26.299088 209.500000 3.140000 160.055004 -125.473505 209.741721 20.425732 1.265840
DYNAMIC_OBS_INFO 2 -50.839856 212.500000 0.000000 204.950382 239.503456 212.500000 35.501452 1.805492
Parent: -61.176892 10.000000 101.000000 20.000000 15.147906 -21.626931 -10.000000 2.970048 36.000000 0.000000 0 0 1 0 0 0 0 0
Child: -21.626931 10.000000 102.000000 20.000000 15.297885 -15.087508 -10.000000 0.000000 0.000000 0.000000 0 0 1 0 0 0 0 0
Child: -15.087508 10.000000 102.000000 20.000000 15.297885 -8.548085 -10.000000 0.000000 0.000000 0.000000 0 0 1 0 0 0 0 0
Child: -8.548085 0.281926 4.000000 20.000000 0.599917 0.000000 -10.000000 0.000000 0.000000 0.000000 0 0 1 0 0 0 0 0
EGO_STATUS 34.553226 212.750000 12.000000 0.000000 8.740447 2.000000 0.980000
DYNAMIC_OBS_INFO 0 1.750000 233.783552 -1.570000 39.710188 1.750000 233.783552 0.000000 0.000000
DYNAMIC_OBS_INFO 1 26.299088 209.500000 3.140000 162.982282 -127.522405 209.744985 20.552316 1.265840
DYNAMIC_OBS_INFO 2 -50.839856 212.500000 0.000000 207.630607 243.062628 212.500000 35.682001 1.805492
Parent: -51.820178 10.000000 101.000000 20.000000 15.147906 -13.170217 -10.000000 2.870048 35.000000 0.000000 0 0 1 0 0 0 0 0
Child: -13.170217 10.000000 102.000000 20.000000 15.297885 -6.630794 -10.000000 0.000000 0.000000 0.000000 0 0 1 0 0 0 0 0
Child: -6.630794 9.402980 96.000000 20.000000 14.398009 0.000000 -10.000000 0.000000 0.000000 0.000000 0 0 1 0 0 0 0 0
EGO_STATUS 35.432172 212.750000 12.100000 0.000000 8.838447 2.000000 0.980000
DYNAMIC_OBS_INFO 0 1.750000 233.783552 -1.570000 40.466764 1.750000 233.783552 0.000000 0.000000
DYNAMIC_OBS_INFO 1 26.299088 209.500000 3.140000 165.932039 -129.583963 209.748268 20.678900 1.265840
DYNAMIC_OBS_INFO 2 -50.839856 212.500000 0.000000 210.319082 246.639856 212.500000 35.862551 1.805492
Parent: -51.055133 10.000000 101.000000 20.000000 15.147906 -13.305171 -10.000000 2.770047 34.000000 0.000000 0 0 1 0 0 0 0 0
Child: -13.305171 10.000000 102.000000 20.000000 15.297885 -6.765748 -10.000000 0.000000 0.000000 0.000000 0 0 1 0 0 0 0 0
Child: -6.765748 8.514229 87.000000 20.000000 13.048196 0.000000 -10.000000 0.000000 0.000000 0.000000 0 0 1 0 0 0 0 0
EGO_STATUS 36.320923 212.750000 12.200000 -0.000000 8.936447 2.000000 0.980000
DYNAMIC_OBS_INFO 0 1.750000 233.783552 -1.570000 41.237040 1.750000 233.783552 0.000000 0.000000
DYNAMIC_OBS_INFO 1 26.299088 209.500000 3.140000 168.904265 -131.658180 209.751571 20.805484 1.265840
DYNAMIC_OBS_INFO 2 -50.839856 212.500000 0.000000 213.015817 250.235139 212.500000 36.043100 1.805492
Parent: -50.294451 10.000000 101.000000 20.000000 15.147906 -13.444489 -10.000000 2.670047 33.000000 0.000000 0 0 1 0 0 0 0 0
Child: -13.444489 10.000000 102.000000 20.000000 15.297885 -6.905066 -10.000000 0.000000 0.000000 0.000000 0 0 1 0 0 0 0 0
Child: -6.905066 7.615684 78.000000 20.000000 11.698383 0.000000 -10.000000 0.000000 0.000000 0.000000 0 0 1 0 0 0 0 0
EGO_STATUS 37.219469 212.750000 12.300000 -0.000000 9.034447 2.000000 0.980000
DYNAMIC_OBS_INFO 0 1.750000 233.783552 -1.570000 42.020899 1.750000 233.783552 0.000000 0.000000
DYNAMIC_OBS_INFO 1 26.299088 209.500000 3.140000 171.898967 -133.745055 209.754895 20.932068 1.265840
DYNAMIC_OBS_INFO 2 -50.839856 212.500000 0.000000 215.720803 253.848476 212.500000 36.223649 1.805492
Parent: -49.539270 10.000000 101.000000 20.000000 15.147906 -13.589307 -10.000000 2.570047 32.000000 0.000000 0 0 1 0 0 0 0 0
Child: -13.589307 10.000000 102.000000 20.000000 15.297885 -7.049884 -10.000000 0.000000 0.000000 0.000000 0 0 1 0 0 0 0 0
Child: -7.049884 6.707334 69.000000 20.000000 10.348569 0.000000 -10.000000 0.000000 0.000000 0.000000 0 0 1 0 0 0 0 0
EGO_STATUS 38.127818 212.750000 12.400000 -0.000000 9.132447 2.000000 0.980000
DYNAMIC_OBS_INFO 0 1.750000 233.783552 -1.570000 42.818217 1.750000 233.783552 0.000000 0.000000
DYNAMIC_OBS_INFO 1 26.299088 209.500000 3.140000 174.916146 -135.844588 209.758239 21.058652 1.265840
DYNAMIC_OBS_INFO 2 -50.839856 212.500000 0.000000 218.434041 257.479868 212.500000 36.404198 1.805492
Parent: -48.758695 10.000000 101.000000 20.000000 15.147906 -13.708732 -10.000000 2.470046 31.000000 0.000000 0 0 1 0 0 0 0 0
Child: -13.708732 10.000000 102.000000 20.000000 15.297885 -7.169309 -10.000000 0.000000 0.000000 0.000000 0 0 1 0 0 0 0 0
Child: -7.169309 5.789181 59.000000 20.000000 8.848777 0.000000 -10.000000 0.000000 0.000000 0.000000 0 0 1 0 0 0 0 0
EGO_STATUS 39.045971 212.750000 12.500000 0.000000 9.230447 2.000000 0.980000
DYNAMIC_OBS_INFO 0 1.750000 233.783552 -1.570000 43.628877 1.750000 233.783552 0.000000 0.000000
DYNAMIC_OBS_INFO 1 26.299088 209.500000 3.140000 177.955801 -137.956780 209.761603 21.185236 1.265840
DYNAMIC_OBS_INFO 2 -50.839856 212.500000 0.000000 221.155530 261.129316 212.500000 36.584748 1.805492
Parent: -48.015814 10.000000 101.000000 20.000000 15.147906 -13.865850 -10.000000 2.370045 30.000000 0.000000 0 0 1 0 0 0 0 0
Child: -13.865850 10.000000 102.000000 20.000000 15.297885 -7.326427 -10.000000 0.000000 0.000000 0.000000 0 0 1 0 0 0 0 0
Child: -7.326427 4.861225 50.000000 20.000000 7.498963 0.000000 -10.000000 0.000000 0.000000 0.000000 0 0 1 0 0 0 0 0
EGO_STATUS 39.973927 212.750000 12.600000 0.000000 9.328447 2.000000 0.980000
DONE
FINISHED
