Parent: -14.531483 10.876814 110.000000 5.719195 12.930768 28.931611 -10.000000 4.692795 40.000000 0.000000 0 0 0 0 0 0 0 0
Child: 28.931611 10.000000 102.000000 20.000000 15.300000 25.470827 0.000000 0.000000 0.000000 0.000000 0 0 0 1 0 0 0 0
Child: 25.470827 10.000000 102.000000 0.000000 15.300000 33.970827 -10.000000 0.000000 0.000000 0.000000 0 0 0 0 0 0 0 0
Child: 33.970827 4.193735 43.000000 0.000000 450.850000 0.000000 -10.000000 0.000000 0.000000 0.000000 0 0 0 0 0 0 0 0
EGO_STATUS -1.750000 173.806265 0.000000 1.570796 13.066894 4.000000 0.000000
DYNAMIC_OBS_INFO 0 1.750000 228.642211 -1.570000 53.643558 1.750000 228.642211 0.000000 0.000000
DYNAMIC_OBS_INFO 1 67.625576 209.500000 3.140000 77.430224 67.625576 209.500000 14.025997 1.330145
DYNAMIC_OBS_INFO 2 -31.460142 212.500000 0.000000 47.754410 -31.460142 212.500000 13.683894 0.741452
Parent: 266.592965 21.972263 221.000000 3101.047670 220.464113 -9.071445 -10.000000 3.433051 48.000000 0.000000 1 0 0 0 0 0 0 0
Child: -9.071445 10.000000 102.000000 0.000000 15.300000 -0.571445 -10.000000 0.000000 0.000000 0.000000 0 0 0 0 0 0 0 0
Child: -0.571445 10.000000 102.000000 0.000000 15.300000 7.928555 -10.000000 0.000000 0.000000 0.000000 0 0 0 0 0 0 0 0
Child: 7.928555 2.887046 30.000000 0.000000 186.300000 0.000000 -10.000000 0.000000 0.000000 0.000000 0 0 0 0 0 0 0 0
EGO_STATUS -1.750000 175.112954 0.100000 1.570796 13.066894 4.000000 0.000000
DYNAMIC_OBS_INFO 0 1.750000 228.642211 -1.570000 52.339722 1.750000 228.642211 0.000000 0.000000
DYNAMIC_OBS_INFO 1 67.625576 209.500000 3.140000 76.858835 67.625576 209.500000 14.025997 1.330145
DYNAMIC_OBS_INFO 2 -31.460142 212.500000 0.000000 46.738471 -31.460142 212.500000 13.683894 0.741452
Parent: 249.801463 21.972263 221.000000 3101.047670 220.464113 -26.762947 -10.000000 3.333051 47.000000 0.000000 1 0 0 0 0 0 0 0
Child: -26.762947 10.000000 102.000000 0.000000 15.300000 -18.262947 -10.000000 0.000000 0.000000 0.000000 0 0 0 0 0 0 0 0
Child: -18.262947 10.000000 102.000000 0.000000 15.300000 -9.762947 -10.000000 0.000000 0.000000 0.000000 0 0 0 0 0 0 0 0
Child: -9.762947 1.580357 17.000000 0.000000 2.550000 0.000000 -10.000000 0.000000 0.000000 0.000000 0 0 0 0 0 0 0 0
EGO_STATUS -1.750000 176.419643 0.200000 1.570796 13.066894 4.000000 0.000000
DYNAMIC_OBS_INFO 0 1.750000 228.642211 -1.570000 51.036033 1.750000 228.642211 0.000000 0.000000
DYNAMIC_OBS_INFO 1 67.625576 209.500000 3.140000 76.305547 67.625576 209.500000 14.025997 1.330145
DYNAMIC_OBS_INFO 2 -31.460142 212.500000 0.000000 45.737298 -31.460142 212.500000 13.683894 0.741452
Parent: 250.505460 21.972263 221.000000 3101.047670 220.464113 -26.958950 -10.000000 3.233051 46.000000 0.000000 1 0 0 0 0 0 0 0
Child: -26.958950 10.000000 102.000000 0.000000 15.300000 -18.458950 -10.000000 0.000000 0.000000 0.000000 0 0 0 0 0 0 0 0
Child: -18.458950 10.000000 102.000000 0.000000 15.300000 -9.958950 -10.000000 0.000000 0.000000 0.000000 0 0 0 0 0 0 0 0
Child: -9.958950 0.273667 4.000000 0.000000 0.600000 0.000000 -10.000000 0.000000 0.000000 0.000000 0 0 0 0 0 0 0 0
EGO_STATUS -1.750000 177.726333 0.300000 1.570796 13.066894 4.000000 0.000000
DYNAMIC_OBS_INFO 0 1.750000 228.642211 -1.570000 49.732500 1.750000 228.642211 0.000000 0.000000
DYNAMIC_OBS_INFO 1 67.625576 209.500000 3.140000 75.770755 67.625576 209.500000 14.025997 1.330145
DYNAMIC_OBS_INFO 2 -31.460142 212.500000 0.000000 44.751884 -31.460142 212.500000 13.683894 0.741452
Parent: 262.209457 21.972263 221.000000 3101.047670 220.464113 -17.154953 -10.000000 3.133051 44.000000 0.000000 1 0 0 0 0 0 0 0
Child: -17.154953 10.000000 102.000000 0.000000 15.300000 -8.654953 -10.000000 0.000000 0.000000 0.000000 0 0 0 0 0 0 0 0
Child: -8.654953 8.966978 91.000000 0.000000 13.650000 0.000000 -10.000000 0.000000 0.000000 0.000000 0 0 0 0 0 0 0 0
EGO_STATUS -1.750000 179.033022 0.400000 1.570796 13.066894 4.000000 0.000000
DYNAMIC_OBS_INFO 0 1.750000 228.642211 -1.570000 48.429138 1.750000 228.642211 0.000000 0.000000
DYNAMIC_OBS_INFO 1 67.625576 209.500000 3.140000 75.254854 67.625576 209.500000 14.025997 1.330145
DYNAMIC_OBS_INFO 2 -31.460142 212.500000 0.000000 43.783292 -31.460142 212.500000 13.683894 0.741452
Parent: 262.913453 21.972263 221.000000 3101.047670 220.464113 -17.350957 -10.000000 3.033051 43.000000 0.000000 1 0 0 0 0 0 0 0
Child: -17.350957 10.000000 102.000000 0.000000 15.300000 -8.850957 -10.000000 0.000000 0.000000 0.000000 0 0 0 0 0 0 0 0
Child: -8.850957 7.660288 78.000000 0.000000 11.700000 0.000000 -10.000000 0.000000 0.000000 0.000000 0 0 0 0 0 0 0 0
EGO_STATUS -1.750000 180.339712 0.500000 1.570796 13.066894 4.000000 0.000000
DYNAMIC_OBS_INFO 0 1.750000 228.642211 -1.570000 47.125961 1.750000 228.642211 0.000000 0.000000
DYNAMIC_OBS_INFO 1 67.625576 209.500000 3.140000 74.758234 67.625576 209.500000 14.025997 1.330145
DYNAMIC_OBS_INFO 2 -31.460142 212.500000 0.000000 42.832664 -31.460142 212.500000 13.683894 0.741452
Parent: 0.077936 32.632348 328.000000 34.092043 309.531326 2.907993 0.000000 4.983243 42.000000 0.000000 0 0 0 1 0 0 0 0
Child: 2.907993 6.353599 65.000000 20.000000 9.750000 0.000000 0.000000 0.000000 0.000000 0.000000 0 0 1 0 0 0 0 0
EGO_STATUS -1.750000 181.646401 0.600000 1.570796 13.066894 4.000000 0.000000
DYNAMIC_OBS_INFO 0 1.750000 228.642211 -1.570000 45.808312 1.750000 228.642211 0.000000 0.000000
DYNAMIC_OBS_INFO 1 67.625576 209.500000 3.140000 74.276026 67.625576 209.500000 14.025997 1.330145
DYNAMIC_OBS_INFO 2 -31.460142 212.500000 0.000000 41.890848 -31.460142 212.500000 13.683894 0.741452
Parent: -9.239769 32.632348 328.000000 34.092036 309.531326 -7.309711 0.000000 4.883243 41.000000 0.000000 0 0 0 1 0 0 0 0
Child: -7.309711 5.032196 52.000000 20.000000 7.800000 0.000000 -10.000000 0.000000 0.000000 0.000000 0 0 1 0 0 0 0 0
EGO_STATUS -1.750000 182.967804 0.700000 1.570796 13.360894 0.000000 2.940000
DYNAMIC_OBS_INFO 0 1.750000 228.642211 -1.570000 44.461571 1.750000 228.642211 0.000000 0.000000
DYNAMIC_OBS_INFO 1 67.625576 209.500000 3.140000 73.804287 67.625576 209.500000 14.025997 1.330145
DYNAMIC_OBS_INFO 2 -31.460142 212.500000 0.000000 40.949763 -31.460142 212.500000 13.683894 0.741452
Parent: 259.051251 10.000000 101.000000 0.000000 15.147910 313.208067 -10.000000 3.343391 49.000000 0.000000 0 0 0 0 0 0 0 0
Child: 313.208067 21.972263 221.000000 3110.346417 220.464113 -7.947792 -10.000000 0.000000 0.000000 0.000000 1 0 0 0 0 0 0 0
Child: -7.947792 10.000000 102.000000 0.000000 15.300000 0.552208 -10.000000 0.000000 0.000000 0.000000 0 0 0 0 0 0 0 0
Child: 0.552208 3.681387 38.000000 0.000000 5.700000 0.000000 0.000000 0.000000 0.000000 0.000000 0 0 0 0 0 0 0 0
EGO_STATUS -1.750000 184.318613 0.800000 1.570796 13.654894 0.000000 2.940000
DYNAMIC_OBS_INFO 0 1.750000 228.642211 -1.570000 43.100453 1.750000 228.642211 0.000000 0.000000
DYNAMIC_OBS_INFO 1 67.625576 209.500000 3.140000 73.349626 67.625576 209.500000 14.025997 1.330145
DYNAMIC_OBS_INFO 2 -31.460142 212.500000 0.000000 40.022305 -31.460142 212.500000 13.683894 0.741452
Parent: 249.746428 10.000000 101.000000 0.000000 15.147910 303.003244 -10.000000 3.243391 48.000000 0.000000 0 0 0 0 0 0 0 0
Child: 303.003244 21.972263 221.000000 3110.346417 220.464113 -18.152615 -10.000000 0.000000 0.000000 0.000000 1 0 0 0 0 0 0 0
Child: -18.152615 10.000000 102.000000 0.000000 15.300000 -9.652615 -10.000000 0.000000 0.000000 0.000000 0 0 0 0 0 0 0 0
Child: -9.652615 2.315898 25.000000 0.000000 3.750000 0.000000 -10.000000 0.000000 0.000000 0.000000 0 0 0 0 0 0 0 0
EGO_STATUS -1.750000 185.684102 0.900000 1.570796 13.654894 4.000000 0.000000
DYNAMIC_OBS_INFO 0 1.750000 228.642211 -1.570000 41.739621 1.750000 228.642211 0.000000 0.000000
DYNAMIC_OBS_INFO 1 67.625576 209.500000 3.140000 72.917703 67.625576 209.500000 14.025997 1.330145
DYNAMIC_OBS_INFO 2 -31.460142 212.500000 0.000000 39.120529 -31.460142 212.500000 13.683894 0.741452
Parent: 251.441605 10.000000 101.000000 0.000000 15.147910 302.798420 -10.000000 3.143391 46.000000 0.000000 0 0 0 0 0 0 0 0
Child: 302.798420 21.972263 221.000000 3110.346417 220.464113 -18.357439 -10.000000 0.000000 0.000000 0.000000 1 0 0 0 0 0 0 0
Child: -18.357439 10.000000 102.000000 0.000000 15.300000 -9.857439 -10.000000 0.000000 0.000000 0.000000 0 0 0 0 0 0 0 0
Child: -9.857439 0.950408 11.000000 0.000000 1.650000 0.000000 -10.000000 0.000000 0.000000 0.000000 0 0 0 0 0 0 0 0
EGO_STATUS -1.750000 187.049592 1.000000 1.570796 13.654894 4.000000 0.000000
DYNAMIC_OBS_INFO 0 1.750000 228.642211 -1.570000 40.379103 1.750000 228.642211 0.000000 0.000000
DYNAMIC_OBS_INFO 1 67.625576 209.500000 3.140000 72.508926 67.625576 209.500000 14.025997 1.330145
DYNAMIC_OBS_INFO 2 -31.460142 212.500000 0.000000 38.246253 -31.460142 212.500000 13.683894 0.741452
Parent: 262.136781 10.000000 101.000000 0.000000 15.147910 312.593597 -10.000000 3.043391 45.000000 0.000000 0 0 0 0 0 0 0 0
Child: 312.593597 21.972263 221.000000 3110.346417 220.464113 -8.562262 -10.000000 0.000000 0.000000 0.000000 1 0 0 0 0 0 0 0
Child: -8.562262 9.584919 97.000000 0.000000 14.550000 0.000000 -10.000000 0.000000 0.000000 0.000000 0 0 0 0 0 0 0 0
EGO_STATUS -1.750000 188.415081 1.100000 1.570796 13.654894 4.000000 0.000000
DYNAMIC_OBS_INFO 0 1.750000 228.642211 -1.570000 39.018932 1.750000 228.642211 0.000000 0.000000
DYNAMIC_OBS_INFO 1 67.625576 209.500000 3.140000 72.123689 67.625576 209.500000 14.025997 1.330145
DYNAMIC_OBS_INFO 2 -31.460142 212.500000 0.000000 37.401404 -31.460142 212.500000 13.683894 0.741452
Parent: 262.831958 10.000000 101.000000 0.000000 15.147910 312.388774 -10.000000 2.943391 44.000000 0.000000 0 0 0 0 0 0 0 0
Child: 312.388774 21.972263 221.000000 3110.346417 220.464113 -8.767086 -10.000000 0.000000 0.000000 0.000000 1 0 0 0 0 0 0 0
Child: -8.767086 8.219429 84.000000 0.000000 12.600000 0.000000 -10.000000 0.000000 0.000000 0.000000 0 0 0 0 0 0 0 0
EGO_STATUS -1.750000 189.780571 1.200000 1.570796 13.654894 4.000000 0.000000
DYNAMIC_OBS_INFO 0 1.750000 228.642211 -1.570000 37.659147 1.750000 228.642211 0.000000 0.000000
DYNAMIC_OBS_INFO 1 67.625576 209.500000 3.140000 71.762370 67.625576 209.500000 14.025997 1.330145
DYNAMIC_OBS_INFO 2 -31.460142 212.500000 0.000000 36.588021 -31.460142 212.500000 13.683894 0.741452
Parent: 302.114357 10.000000 101.000000 0.000000 15.147910 340.134003 0.000000 2.480562 42.000000 0.000000 0 0 0 0 0 0 0 0
Child: 340.134003 21.972263 221.000000 3170.612591 220.464113 2.986360 0.000000 0.000000 0.000000 0.000000 1 0 1 0 0 0 0 0
Child: 2.986360 6.853940 70.000000 20.000000 10.500000 0.000000 0.000000 0.000000 0.000000 0.000000 0 0 1 0 0 0 0 0
EGO_STATUS -1.750000 191.146060 1.300000 1.570796 13.654894 4.000000 0.000000
DYNAMIC_OBS_INFO 0 1.750000 228.642211 -1.570000 36.285146 1.750000 228.642211 0.000000 0.000000
DYNAMIC_OBS_INFO 1 67.625576 209.500000 3.140000 71.421834 67.625576 209.500000 14.025997 1.330145
DYNAMIC_OBS_INFO 2 -31.460142 212.500000 0.000000 35.800038 -31.460142 212.500000 13.683894 0.741452
Parent: 282.892182 10.000000 101.000000 0.000000 15.147910 330.016445 -10.000000 2.375944 41.000000 0.000000 0 0 0 0 0 0 0 0
Child: 330.016445 21.972263 221.000000 3171.546330 220.464113 -7.224032 0.000000 0.000000 0.000000 0.000000 1 0 1 0 0 0 0 0
Child: -7.224032 5.473739 56.000000 20.000000 8.400000 0.000000 -10.000000 0.000000 0.000000 0.000000 0 0 1 0 0 0 0 0
EGO_STATUS -1.750000 192.526261 1.400000 1.570796 13.948894 0.000000 2.940000
DYNAMIC_OBS_INFO 0 1.750000 228.642211 -1.570000 34.882388 1.750000 228.642211 0.000000 0.000000
DYNAMIC_OBS_INFO 1 67.625576 209.500000 3.140000 69.726137 66.216328 209.502244 14.159011 1.330145
DYNAMIC_OBS_INFO 2 -31.460142 212.500000 0.000000 35.033126 -31.460142 212.500000 13.683894 0.741452
Parent: 283.561141 10.000000 101.000000 0.000000 15.147910 329.785404 -10.000000 2.275944 40.000000 0.000000 0 0 0 0 0 0 0 0
Child: 329.785404 21.972263 221.000000 3171.546322 220.464113 -7.455072 0.000000 0.000000 0.000000 0.000000 1 0 1 0 0 0 0 0
Child: -7.455072 4.064143 42.000000 20.000000 6.300000 0.000000 -10.000000 0.000000 0.000000 0.000000 0 0 1 0 0 0 0 0
EGO_STATUS -1.750000 193.935857 1.500000 1.570796 14.242894 0.000000 2.940000
DYNAMIC_OBS_INFO 0 1.750000 228.642211 -1.570000 33.450956 1.750000 228.642211 0.000000 0.000000
DYNAMIC_OBS_INFO 1 67.625576 209.500000 3.140000 68.027357 64.793778 209.504510 14.292026 1.330145
DYNAMIC_OBS_INFO 2 -31.460142 212.500000 0.000000 34.292315 -31.460142 212.500000 13.683894 0.741452
Parent: 724.357376 10.000000 101.000000 0.000000 2055.350685 575.713897 -10.000000 3.143411 48.000000 0.000000 0 0 0 0 0 0 0 0
Child: 575.713897 33.070288 332.000000 3079.410321 2796.748942 0.393771 -10.000000 0.000000 0.000000 0.000000 1 0 0 0 0 0 0 0
Child: 0.393771 2.625137 28.000000 0.000000 4.200000 0.000000 0.000000 0.000000 0.000000 0.000000 0 0 0 0 0 0 0 0
EGO_STATUS -1.750000 195.374863 1.600000 1.570796 14.536894 0.000000 2.940000
DYNAMIC_OBS_INFO 0 1.750000 228.642211 -1.570000 32.005607 1.750000 228.642211 0.000000 0.000000
DYNAMIC_OBS_INFO 1 67.625576 209.500000 3.140000 66.330837 63.357926 209.506797 14.425040 1.330145
DYNAMIC_OBS_INFO 2 -31.460142 212.500000 0.000000 33.589981 -31.460142 212.500000 13.683894 0.741452
Parent: 715.039322 10.000000 101.000000 0.000000 2055.350685 565.495844 -10.000000 3.043411 47.000000 0.000000 0 0 0 0 0 0 0 0
Child: 565.495844 33.070288 332.000000 3079.410321 2796.748942 -9.824283 -10.000000 0.000000 0.000000 0.000000 1 0 0 0 0 0 0 0
Child: -9.824283 1.171448 13.000000 0.000000 1.950000 0.000000 -10.000000 0.000000 0.000000 0.000000 0 0 0 0 0 0 0 0
EGO_STATUS -1.750000 196.828552 1.700000 1.570796 14.536894 4.000000 0.000000
DYNAMIC_OBS_INFO 0 1.750000 228.642211 -1.570000 30.561043 1.750000 228.642211 0.000000 0.000000
DYNAMIC_OBS_INFO 1 67.625576 209.500000 3.140000 64.641125 61.908773 209.509105 14.558055 1.330145
DYNAMIC_OBS_INFO 2 -31.460142 212.500000 0.000000 32.936915 -31.460142 212.500000 13.683894 0.741452
Parent: 726.838587 10.000000 101.000000 0.000000 2055.350685 575.395136 -10.000000 2.943384 45.000000 0.000000 0 0 0 0 0 0 0 0
Child: 575.395136 32.787653 329.000000 3079.412685 2794.597251 0.000000 -10.000000 0.000000 0.000000 0.000000 1 0 0 0 0 0 0 0
EGO_STATUS -1.749947 198.282241 1.800000 1.570280 14.536894 4.000000 0.000000
DYNAMIC_OBS_INFO 0 1.750000 228.642211 -1.570000 29.116165 1.750000 228.642211 0.000000 0.000000
DYNAMIC_OBS_INFO 1 67.625576 209.500000 3.140000 62.949198 60.446319 209.511434 14.691069 1.330145
DYNAMIC_OBS_INFO 2 -31.460142 212.500000 0.000000 31.089861 -30.088045 212.500000 13.758040 0.741452
Parent: 727.911979 10.000000 101.000000 0.000000 2055.350685 575.568531 -10.000000 2.843381 44.000000 0.000000 0 0 0 0 0 0 0 0
Child: 575.568531 31.333920 315.000000 3079.410704 2807.311661 0.000000 -10.000000 0.000000 0.000000 0.000000 1 0 0 0 0 0 0 0
EGO_STATUS -1.739209 199.735871 1.900000 1.552499 14.536894 4.000000 0.000000
DYNAMIC_OBS_INFO 0 1.750000 228.642211 -1.570000 27.667886 1.750000 228.642211 0.000000 0.000000
DYNAMIC_OBS_INFO 1 67.625576 209.500000 3.140000 61.224976 58.970563 209.513784 14.824084 1.330145
DYNAMIC_OBS_INFO 2 -31.460142 212.500000 0.000000 29.294744 -28.708534 212.500000 13.832185 0.741452
Parent: 728.989107 10.000000 101.000000 0.000000 2055.350685 574.745663 -10.000000 2.743377 42.000000 0.000000 0 0 0 0 0 0 0 0
Child: 574.745663 29.880176 300.000000 3079.409110 2791.496698 0.000000 -10.000000 0.000000 0.000000 0.000000 1 0 0 0 0 0 0 0
EGO_STATUS -1.685739 201.188475 2.000000 1.512109 14.536894 4.000000 0.000000
DYNAMIC_OBS_INFO 0 1.750000 228.642211 -1.570000 26.215494 1.750000 228.642211 0.000000 0.000000
DYNAMIC_OBS_INFO 1 67.625576 209.500000 3.140000 59.440451 57.481506 209.516156 14.957098 1.330145
DYNAMIC_OBS_INFO 2 -31.460142 212.500000 0.000000 27.585817 -27.321608 212.500000 13.906330 0.741452
Parent: 730.015470 10.000000 101.000000 0.000000 2055.350685 574.872029 -10.000000 2.643373 41.000000 0.000000 0 0 0 0 0 0 0 0
Child: 574.872029 28.426431 286.000000 3079.408012 2805.023941 0.000000 -10.000000 0.000000 0.000000 0.000000 1 0 0 0 0 0 0 0
EGO_STATUS -1.559470 202.636451 2.100000 1.452725 14.536894 4.000000 0.000000
DYNAMIC_OBS_INFO 0 1.750000 228.642211 -1.570000 24.762749 1.750000 228.642211 0.000000 0.000000
DYNAMIC_OBS_INFO 1 67.625576 209.500000 3.140000 57.573208 55.979147 209.518549 15.090113 1.330145
DYNAMIC_OBS_INFO 2 -31.460142 212.500000 0.000000 25.995349 -25.927268 212.500000 13.980475 0.741452
Parent: 729.133071 10.000000 101.000000 0.000000 2055.350685 573.089634 -10.000000 2.543369 40.000000 0.000000 0 0 0 0 0 0 0 0
Child: 573.089634 26.972688 271.000000 3079.407423 2779.010967 0.000000 -10.000000 0.000000 0.000000 0.000000 1 0 0 0 0 0 0 0
EGO_STATUS -1.335901 204.072495 2.200000 1.377753 14.536894 4.000000 0.000000
DYNAMIC_OBS_INFO 0 1.750000 228.642211 -1.570000 23.319017 1.750000 228.642211 0.000000 0.000000
DYNAMIC_OBS_INFO 1 67.625576 209.500000 3.140000 55.606407 54.463487 209.520963 15.223127 1.330145
DYNAMIC_OBS_INFO 2 -31.460142 212.500000 0.000000 24.552550 -24.525513 212.500000 14.054620 0.741452
Parent: 913.641292 10.000000 101.000000 0.000000 2055.350685 765.009953 -10.000000 3.131270 48.000000 0.000000 0 0 0 0 0 0 0 0
Child: 765.009953 10.000000 101.000000 0.000000 2055.350685 571.509886 -10.000000 0.000000 0.000000 0.000000 0 0 0 0 0 0 0 0
Child: 571.509886 25.518945 257.000000 3079.406352 2776.950208 0.000000 -10.000000 0.000000 0.000000 0.000000 1 0 0 0 0 0 0 0
EGO_STATUS -0.996294 205.485474 2.300000 1.290393 14.536894 4.000000 0.000000
DYNAMIC_OBS_INFO 0 1.750000 228.642211 -1.570000 21.899967 1.750000 228.642211 0.000000 0.000000
DYNAMIC_OBS_INFO 1 67.625576 209.500000 3.140000 53.528704 52.934526 209.523398 15.356142 1.330145
DYNAMIC_OBS_INFO 2 -31.460142 212.500000 0.000000 23.281633 -23.116344 212.500000 14.128766 0.741452
Parent: 910.795476 10.000000 101.000000 0.000000 2055.350685 761.264141 -10.000000 3.031267 47.000000 0.000000 0 0 0 0 0 0 0 0
Child: 761.264141 10.000000 101.000000 0.000000 2055.350685 567.764073 -10.000000 0.000000 0.000000 0.000000 0 0 0 0 0 0 0 0
Child: 567.764073 24.065202 242.000000 3079.405963 2730.597568 0.000000 -10.000000 0.000000 0.000000 0.000000 1 0 0 0 0 0 0 0
EGO_STATUS -0.527928 206.861036 2.400000 1.193636 14.536894 4.000000 0.000000
DYNAMIC_OBS_INFO 0 1.750000 228.642211 -1.570000 20.527881 1.750000 228.642211 0.000000 0.000000
DYNAMIC_OBS_INFO 1 67.625576 209.500000 3.140000 51.334063 51.392263 209.525854 15.489156 1.330145
DYNAMIC_OBS_INFO 2 -31.460142 212.500000 0.000000 22.199388 -21.699760 212.500000 14.202911 0.741452
Parent: 908.366127 10.000000 101.000000 0.000000 2055.350685 757.934797 -10.000000 2.931263 46.000000 0.000000 0 0 0 0 0 0 0 0
Child: 757.934797 10.000000 101.000000 0.000000 2055.350685 564.434729 -10.000000 0.000000 0.000000 0.000000 0 0 0 0 0 0 0 0
Child: 564.434729 22.611459 228.000000 3079.404464 2712.840976 0.000000 -10.000000 0.000000 0.000000 0.000000 1 0 0 0 0 0 0 0
EGO_STATUS 0.075774 208.182717 2.500000 1.090264 14.536894 4.000000 0.000000
DYNAMIC_OBS_INFO 0 1.750000 228.642211 -1.570000 19.231574 1.750000 228.642211 0.000000 0.000000
DYNAMIC_OBS_INFO 1 67.625576 209.500000 3.140000 49.021395 49.836698 209.528332 15.622171 1.330145
DYNAMIC_OBS_INFO 2 -31.460142 212.500000 0.000000 21.312935 -20.275761 212.500000 14.277056 0.741452
Parent: 906.179432 10.000000 101.000000 0.000000 2055.350685 753.848105 -10.000000 2.831260 44.000000 0.000000 0 0 0 0 0 0 0 0
Child: 753.848105 10.000000 101.000000 0.000000 2055.350685 560.348037 -10.000000 0.000000 0.000000 0.000000 0 0 0 0 0 0 0 0
Child: 560.348037 21.157719 213.000000 3079.404217 2662.430802 0.000000 -10.000000 0.000000 0.000000 0.000000 1 0 0 0 0 0 0 0
EGO_STATUS 0.815396 209.433360 2.600000 0.982854 14.536894 4.000000 0.000000
DYNAMIC_OBS_INFO 0 1.750000 228.642211 -1.570000 18.045730 1.750000 228.642211 0.000000 0.000000
DYNAMIC_OBS_INFO 1 67.625576 209.500000 3.140000 46.594015 48.267833 209.530830 15.755185 1.330145
DYNAMIC_OBS_INFO 2 -31.460142 212.500000 0.000000 20.618402 -18.844349 212.500000 14.351201 0.741452
Parent: 904.167083 10.000000 101.000000 0.000000 2055.350685 750.935759 -10.000000 2.731257 43.000000 0.000000 0 0 0 0 0 0 0 0
Child: 750.935759 10.000000 101.000000 0.000000 2055.350685 557.435691 -10.000000 0.000000 0.000000 0.000000 0 0 0 0 0 0 0 0
Child: 557.435691 19.703986 199.000000 3079.359351 2651.445781 0.000000 -10.000000 0.000000 0.000000 0.000000 1 0 0 0 0 0 0 0
EGO_STATUS 1.686008 210.596595 2.700000 0.873770 14.536894 4.000000 0.000000
DYNAMIC_OBS_INFO 0 1.750000 228.642211 -1.570000 17.009334 1.750000 228.642211 0.000000 0.000000
DYNAMIC_OBS_INFO 1 67.625576 209.500000 3.140000 44.058922 46.685665 209.533350 15.888200 1.330145
DYNAMIC_OBS_INFO 2 -31.460142 212.500000 0.000000 20.101167 -17.405521 212.500000 14.425346 0.741452
Parent: 902.776731 10.000000 101.000000 0.000000 2055.350685 748.645409 -10.000000 2.631254 42.000000 0.000000 0 0 0 0 0 0 0 0
Child: 748.645409 10.000000 101.000000 0.000000 2055.350685 555.145341 -10.000000 0.000000 0.000000 0.000000 0 0 0 0 0 0 0 0
Child: 555.145341 18.250261 184.000000 3078.273125 2619.549074 0.000000 -10.000000 0.000000 0.000000 0.000000 1 0 0 0 0 0 0 0
EGO_STATUS 2.678012 211.658212 2.800000 0.765172 14.536894 4.000000 0.000000
DYNAMIC_OBS_INFO 0 1.750000 228.642211 -1.570000 16.162726 1.750000 228.642211 0.000000 0.000000
DYNAMIC_OBS_INFO 1 67.625576 209.500000 3.140000 41.425963 45.090197 209.535891 16.021214 1.330145
DYNAMIC_OBS_INFO 2 -31.460142 212.500000 0.000000 19.737818 -15.959279 212.500000 14.499492 0.741452
Parent: 903.715750 10.000000 101.000000 0.000000 2055.350685 748.684430 -10.000000 2.531252 41.000000 0.000000 0 0 0 0 0 0 0 0
Child: 748.684430 10.000000 101.000000 0.000000 2055.350685 555.184362 -10.000000 0.000000 0.000000 0.000000 0 0 0 0 0 0 0 0
Child: 555.184362 16.796546 169.000000 3075.844759 2610.810008 0.000000 -10.000000 0.000000 0.000000 0.000000 1 0 0 0 0 0 0 0
EGO_STATUS 3.778248 212.607251 2.900000 0.659011 14.536894 4.000000 0.000000
DYNAMIC_OBS_INFO 0 1.750000 228.642211 -1.570000 15.542949 1.750000 228.642211 0.000000 0.000000
DYNAMIC_OBS_INFO 1 67.625576 209.500000 3.140000 38.706954 43.481427 209.538453 16.154228 1.330145
DYNAMIC_OBS_INFO 2 -31.460142 212.500000 0.000000 19.499411 -14.505623 212.500000 14.573637 0.741452
Parent: 899.894081 10.000000 101.000000 0.000000 2055.350685 743.962762 -10.000000 2.431251 40.000000 0.000000 0 0 0 0 0 0 0 0
Child: 743.962762 10.000000 101.000000 0.000000 2055.350685 550.462695 -10.000000 0.000000 0.000000 0.000000 0 0 0 0 0 0 0 0
Child: 550.462695 15.342839 155.000000 3072.225392 2589.811304 0.000000 -10.000000 0.000000 0.000000 0.000000 1 0 0 0 0 0 0 0
EGO_STATUS 4.971276 213.436730 3.000000 0.557027 14.536894 4.000000 0.000000
DYNAMIC_OBS_INFO 0 1.750000 228.642211 -1.570000 15.177798 1.750000 228.642211 0.000000 0.000000
DYNAMIC_OBS_INFO 1 67.625576 209.500000 3.140000 35.914858 41.859355 209.541037 16.287243 1.330145
DYNAMIC_OBS_INFO 2 -31.460142 212.500000 0.000000 19.355173 -13.044552 212.500000 14.647782 0.741452
Parent: 1015.650618 10.000000 101.000000 20.000000 15.147906 1067.976960 -10.000000 3.193668 49.000000 0.000000 0 0 1 0 0 0 0 0
Child: 1067.976960 20.435104 206.000000 3075.125747 2085.101425 556.084828 0.000000 0.000000 0.000000 0.000000 1 0 1 0 0 0 0 0
Child: 556.084828 13.889139 140.000000 3067.566138 2537.667954 0.000000 0.000000 0.000000 0.000000 0.000000 1 0 0 0 0 0 0 0
EGO_STATUS 6.240679 214.143957 3.100000 0.460757 14.536894 4.000000 0.000000
DYNAMIC_OBS_INFO 0 1.750000 228.642211 -1.570000 15.079822 1.750000 228.642211 0.000000 0.000000
DYNAMIC_OBS_INFO 1 67.625576 209.500000 3.140000 33.075811 40.223982 209.543641 16.420257 1.330145
DYNAMIC_OBS_INFO 2 -31.460142 212.500000 0.000000 19.261570 -11.576066 212.500000 14.721927 0.741452
Parent: 991.921463 10.000000 101.000000 20.000000 15.147906 1043.347803 -10.000000 3.093669 48.000000 0.000000 0 0 1 0 0 0 0 0
Child: 1043.347803 20.435104 206.000000 3075.125729 2085.101425 531.455674 0.000000 0.000000 0.000000 0.000000 1 0 1 0 0 0 0 0
Child: 531.455674 12.450162 126.000000 3059.592710 2420.128406 0.000000 -10.000000 0.000000 0.000000 0.000000 1 0 0 0 0 0 0 0
EGO_STATUS 7.556546 214.725133 3.200000 0.372391 14.242894 3.000000 -2.940000
DYNAMIC_OBS_INFO 0 1.750000 228.642211 -1.570000 15.233577 1.750000 228.642211 0.000000 0.000000
DYNAMIC_OBS_INFO 1 67.625576 209.500000 3.140000 30.217373 38.575308 209.546267 16.553272 1.330145
DYNAMIC_OBS_INFO 2 -31.460142 212.500000 0.000000 19.177704 -10.100166 212.500000 14.796072 0.741452
Parent: 963.370493 10.000000 101.000000 0.000000 15.147906 1015.897297 -10.000000 2.973403 47.000000 0.000000 0 0 0 0 0 0 0 0
Child: 1015.897297 20.435104 206.000000 3047.608712 2085.101425 516.734843 -10.000000 0.000000 0.000000 0.000000 1 0 0 0 0 0 0 0
Child: 516.734843 11.040584 112.000000 3051.561220 2190.398998 0.000000 0.000000 0.000000 0.000000 0.000000 1 0 0 0 0 0 0 0
EGO_STATUS 8.888673 215.184825 3.300000 0.293561 13.948894 3.000000 -2.940000
DYNAMIC_OBS_INFO 0 1.750000 228.642211 -1.570000 15.610303 1.750000 228.642211 0.000000 0.000000
DYNAMIC_OBS_INFO 1 67.625576 209.500000 3.140000 27.340842 36.913332 209.548914 16.686286 1.330145
DYNAMIC_OBS_INFO 2 -31.460142 212.500000 0.000000 19.097585 -8.616852 212.500000 14.870218 0.741452
Parent: 952.422884 10.000000 101.000000 0.000000 15.147906 1003.088023 -10.000000 2.835069 45.000000 0.000000 0 0 0 0 0 0 0 0
Child: 1003.088023 20.435104 206.000000 3077.125565 2085.101425 490.997510 0.000000 0.000000 0.000000 0.000000 1 0 1 0 0 0 0 0
Child: 490.997510 9.645700 98.000000 3045.518121 1943.000688 0.000000 0.000000 0.000000 0.000000 0.000000 1 0 0 0 0 0 0 0
EGO_STATUS 10.237116 215.540668 3.400000 0.223913 13.948894 4.000000 0.000000
DYNAMIC_OBS_INFO 0 1.750000 228.642211 -1.570000 16.175158 1.750000 228.642211 0.000000 0.000000
DYNAMIC_OBS_INFO 1 67.625576 209.500000 3.140000 24.459634 35.238055 209.551582 16.819301 1.330145
DYNAMIC_OBS_INFO 2 -31.460142 212.500000 0.000000 19.007187 -7.126123 212.500000 14.944363 0.741452
Parent: 916.762582 10.000000 101.000000 0.000000 15.147906 966.527719 -10.000000 2.735070 44.000000 0.000000 0 0 0 0 0 0 0 0
Child: 966.527719 20.435104 206.000000 3077.125545 2085.101425 454.437208 0.000000 0.000000 0.000000 0.000000 1 0 1 0 0 0 0 0
Child: 454.437208 8.265525 84.000000 3037.532745 1682.400582 0.000000 -10.000000 0.000000 0.000000 0.000000 1 0 0 0 0 0 0 0
EGO_STATUS 11.591436 215.805472 3.500000 0.163810 13.654894 3.000000 -2.940000
DYNAMIC_OBS_INFO 0 1.750000 228.642211 -1.570000 16.882490 1.750000 228.642211 0.000000 0.000000
DYNAMIC_OBS_INFO 1 67.625576 209.500000 3.140000 21.601660 33.549476 209.554271 16.952315 1.330145
DYNAMIC_OBS_INFO 2 -31.460142 212.500000 0.000000 18.882766 -5.627979 212.500000 15.018508 0.741452
Parent: 740.634580 37.189131 373.000000 3030.007914 4791.752759 0.000000 0.000000 2.783431 42.000000 0.000000 1 0 0 0 0 0 0 0
EGO_STATUS 12.929208 215.991370 3.600000 0.113898 13.360894 3.000000 -2.940000
DYNAMIC_OBS_INFO 0 1.750000 228.642211 -1.570000 17.703376 1.750000 228.642211 0.000000 0.000000
DYNAMIC_OBS_INFO 1 67.625576 209.500000 3.140000 18.771114 31.847596 209.556982 17.085330 1.330145
DYNAMIC_OBS_INFO 2 -31.460142 212.500000 0.000000 18.734017 -4.122421 212.500000 15.092653 0.741452
Parent: 704.395943 35.853027 360.000000 3026.578574 4531.402631 0.000000 -10.000000 2.683430 41.000000 0.000000 1 0 0 0 0 0 0 0
EGO_STATUS 14.259443 216.115306 3.700000 0.073420 13.360894 4.000000 0.000000
DYNAMIC_OBS_INFO 0 1.750000 228.642211 -1.570000 18.619010 1.750000 228.642211 0.000000 0.000000
DYNAMIC_OBS_INFO 1 67.625576 209.500000 3.140000 15.980006 30.132415 209.559714 17.218344 1.330145
DYNAMIC_OBS_INFO 2 -31.460142 212.500000 0.000000 18.573238 -2.609449 212.500000 15.166798 0.741452
Parent: 676.994522 34.516927 347.000000 3026.580111 4255.952547 0.000000 -10.000000 2.583430 40.000000 0.000000 1 0 0 0 0 0 0 0
EGO_STATUS 15.593323 216.191108 3.800000 0.041519 13.360894 4.000000 0.000000
DYNAMIC_OBS_INFO 0 1.750000 228.642211 -1.570000 19.607909 1.750000 228.642211 0.000000 0.000000
DYNAMIC_OBS_INFO 1 67.625576 209.500000 3.140000 13.271341 28.403932 209.562467 17.351359 1.330145
DYNAMIC_OBS_INFO 2 -31.460142 212.500000 0.000000 18.399837 -1.089062 212.500000 15.240944 0.741452
Parent: 502.686543 10.000000 101.000000 0.000000 15.147906 556.388411 -10.000000 2.798340 48.000000 0.000000 0 0 0 0 0 0 0 0
Child: 556.388411 10.000000 101.000000 0.000000 15.147906 564.888618 -10.000000 0.000000 0.000000 0.000000 0 0 0 0 0 0 0 0
Child: 564.888618 20.435104 206.000000 3081.884292 2085.101425 52.326042 0.000000 0.000000 0.000000 0.000000 1 0 1 0 0 0 0 0
Child: 52.326042 2.906419 31.000000 33.922140 630.850210 0.000000 -10.000000 0.000000 0.000000 0.000000 0 0 0 0 1 0 0 0
EGO_STATUS 16.928825 216.229581 3.900000 0.017281 13.360894 4.000000 0.000000
DYNAMIC_OBS_INFO 0 1.750000 228.642211 -1.570000 20.651820 1.750000 228.642211 0.000000 0.000000
DYNAMIC_OBS_INFO 1 67.625576 209.500000 3.140000 10.728370 26.662147 209.565241 17.484373 1.330145
DYNAMIC_OBS_INFO 2 -31.460142 212.500000 0.000000 18.214689 0.438740 212.500000 15.315089 0.741452
Parent: 399.478823 40.218448 404.000000 34.521529 4091.202870 32.844720 0.000000 2.915710 47.000000 0.000000 0 0 1 0 0 0 0 0
Child: 32.844720 1.570330 17.000000 9.618547 345.950115 0.000000 0.000000 0.000000 0.000000 0.000000 0 0 0 0 0 0 0 0
EGO_STATUS 18.264845 216.242309 4.000000 0.005967 13.360894 4.000000 0.000000
DYNAMIC_OBS_INFO 0 1.750000 228.642211 -1.570000 21.718678 1.750000 228.642211 0.000000 0.000000
DYNAMIC_OBS_INFO 1 67.625576 209.500000 3.140000 8.541546 24.907061 209.568036 17.617388 1.330145
DYNAMIC_OBS_INFO 2 -31.460142 212.500000 0.000000 18.007006 1.973956 212.500000 15.389234 0.741452
Parent: 364.397179 40.218448 404.000000 34.521524 4091.202870 -3.136926 0.000000 2.815711 46.000000 0.000000 0 0 1 0 0 0 0 0
Child: -3.136926 0.248955 4.000000 28.869916 81.400027 0.000000 -10.000000 0.000000 0.000000 0.000000 0 0 0 0 1 0 0 0
EGO_STATUS 19.586197 216.249833 4.100000 0.001643 13.066894 3.000000 -2.940000
DYNAMIC_OBS_INFO 0 1.750000 228.642211 -1.570000 22.802652 1.750000 228.642211 0.000000 0.000000
DYNAMIC_OBS_INFO 1 67.625576 209.500000 3.140000 7.046610 23.138674 209.570852 17.750402 1.330145
DYNAMIC_OBS_INFO 2 -31.460142 212.500000 0.000000 17.774389 3.516587 212.500000 15.463379 0.741452
Parent: 336.956720 39.162530 393.000000 34.520596 3871.552791 0.000000 -10.000000 2.715708 45.000000 0.000000 0 0 1 0 0 0 0 0
EGO_STATUS 20.891023 216.249383 4.200000 -0.001714 13.090047 2.000000 0.980000
DYNAMIC_OBS_INFO 0 1.750000 228.642211 -1.570000 23.919313 1.750000 228.642211 0.000000 0.000000
DYNAMIC_OBS_INFO 1 67.625576 209.500000 3.140000 6.723415 21.356985 209.573690 17.883417 1.330145
DYNAMIC_OBS_INFO 2 -31.460142 212.500000 0.000000 17.542348 5.066632 212.500000 15.537524 0.741452
Parent: 312.227824 37.848628 380.000000 34.520780 3606.102704 0.000000 -10.000000 2.615708 43.000000 0.000000 0 0 1 0 0 0 0 0
EGO_STATUS 22.204915 216.243422 4.300000 -0.008054 13.188047 2.000000 0.980000
DYNAMIC_OBS_INFO 0 1.750000 228.642211 -1.570000 25.069026 1.750000 228.642211 0.000000 0.000000
DYNAMIC_OBS_INFO 1 67.625576 209.500000 3.140000 7.742973 19.561995 209.576549 18.016431 1.330145
DYNAMIC_OBS_INFO 2 -31.460142 212.500000 0.000000 17.310267 6.624092 212.500000 15.611670 0.741452
Parent: 286.243792 36.524923 367.000000 34.520903 3338.852618 0.000000 -10.000000 2.515708 42.000000 0.000000 0 0 1 0 0 0 0 0
EGO_STATUS 23.528509 216.226390 4.400000 -0.018216 13.286047 2.000000 0.980000
DYNAMIC_OBS_INFO 0 1.750000 228.642211 -1.570000 26.250978 1.750000 228.642211 0.000000 0.000000
DYNAMIC_OBS_INFO 1 67.625576 209.500000 3.140000 9.709265 17.753704 209.579429 18.149446 1.330145
DYNAMIC_OBS_INFO 2 -31.460142 212.500000 0.000000 17.076880 8.188966 212.500000 15.685815 0.741452
Parent: 260.030782 35.191415 353.000000 34.520733 3061.152515 0.000000 -10.000000 2.415708 41.000000 0.000000 0 0 1 0 0 0 0 0
EGO_STATUS 24.861608 216.193620 4.500000 -0.031322 13.384047 2.000000 0.980000
DYNAMIC_OBS_INFO 0 1.750000 228.642211 -1.570000 27.463805 1.750000 228.642211 0.000000 0.000000
DYNAMIC_OBS_INFO 1 67.625576 209.500000 3.140000 12.187385 15.932111 209.582330 18.282460 1.330145
DYNAMIC_OBS_INFO 2 -31.460142 212.500000 0.000000 16.841051 9.761255 212.500000 15.759960 0.741452
Parent: 408.375275 10.000000 102.000000 0.000000 15.297885 462.995645 -10.000000 2.879838 49.000000 0.000000 0 0 0 0 0 0 0 0
Child: 462.995645 10.000000 101.000000 0.000000 15.147906 471.495852 -10.000000 0.000000 0.000000 0.000000 0 0 0 0 0 0 0 0
Child: 471.495852 10.000000 101.000000 20.000000 15.147906 468.015862 0.000000 0.000000 0.000000 0.000000 0 0 1 0 0 0 0 0
Child: 468.015862 14.226382 144.000000 3198.794506 1639.701055 0.000000 -10.000000 0.000000 0.000000 0.000000 1 0 1 0 1 0 0 0
EGO_STATUS 26.203895 216.141507 4.600000 -0.046529 13.482047 2.000000 0.980000
DYNAMIC_OBS_INFO 0 1.750000 228.642211 -1.570000 28.705874 1.750000 228.642211 0.000000 0.000000
DYNAMIC_OBS_INFO 1 67.625576 209.500000 3.140000 14.937386 14.097216 209.585252 18.415475 1.330145
DYNAMIC_OBS_INFO 2 -31.460142 212.500000 0.000000 16.601745 11.340958 212.500000 15.834105 0.741452
Parent: 384.179914 10.000000 102.000000 0.000000 15.297885 437.900285 -10.000000 2.779836 48.000000 0.000000 0 0 0 0 0 0 0 0
Child: 437.900285 10.000000 101.000000 0.000000 15.147906 446.400493 -10.000000 0.000000 0.000000 0.000000 0 0 0 0 0 0 0 0
Child: 446.400493 10.000000 101.000000 20.000000 15.147906 442.920502 0.000000 0.000000 0.000000 0.000000 0 0 1 0 0 0 0 0
Child: 442.920502 12.873253 130.000000 3198.797335 1375.000992 0.000000 -10.000000 0.000000 0.000000 0.000000 1 0 1 0 1 0 0 0
EGO_STATUS 27.554944 216.067154 4.700000 -0.064227 13.580047 2.000000 0.980000
DYNAMIC_OBS_INFO 0 1.750000 228.642211 -1.570000 29.977944 1.750000 228.642211 0.000000 0.000000
DYNAMIC_OBS_INFO 1 67.625576 209.500000 3.140000 17.841610 12.249021 209.588196 18.548489 1.330145
DYNAMIC_OBS_INFO 2 -31.460142 212.500000 0.000000 16.355963 12.928076 212.500000 15.908250 0.741452
Parent: 356.439978 10.000000 102.000000 0.000000 15.297885 408.260349 -10.000000 2.679836 46.000000 0.000000 0 0 0 0 0 0 0 0
Child: 408.260349 10.000000 101.000000 0.000000 15.147906 416.760556 -10.000000 0.000000 0.000000 0.000000 0 0 0 0 0 0 0 0
Child: 416.760556 10.000000 101.000000 20.000000 15.147906 413.280566 0.000000 0.000000 0.000000 0.000000 0 0 1 0 0 0 0 0
Child: 413.280566 11.510348 117.000000 3198.797140 1103.750867 0.000000 -10.000000 0.000000 0.000000 0.000000 1 0 1 0 1 0 0 0
EGO_STATUS 28.913660 215.961016 4.800000 -0.095388 13.678047 2.000000 0.980000
DYNAMIC_OBS_INFO 0 1.750000 228.642211 -1.570000 31.286418 1.750000 228.642211 0.000000 0.000000
DYNAMIC_OBS_INFO 1 67.625576 209.500000 3.140000 20.832504 10.387523 209.591160 18.681503 1.330145
DYNAMIC_OBS_INFO 2 -31.460142 212.500000 0.000000 16.093450 14.522608 212.500000 15.982396 0.741452
Parent: 332.271269 10.000000 102.000000 0.000000 15.297885 383.191639 -10.000000 2.579837 45.000000 0.000000 0 0 0 0 0 0 0 0
Child: 383.191639 10.000000 101.000000 0.000000 15.147906 391.691846 -10.000000 0.000000 0.000000 0.000000 0 0 0 0 0 0 0 0
Child: 391.691846 10.000000 101.000000 20.000000 15.147906 388.211856 0.000000 0.000000 0.000000 0.000000 0 0 1 0 0 0 0 0
Child: 388.211856 10.137655 103.000000 3198.737871 847.150761 0.000000 -10.000000 0.000000 0.000000 0.000000 1 0 1 0 1 0 0 0
EGO_STATUS 30.275723 215.792188 4.900000 -0.157225 13.776047 2.000000 0.980000
DYNAMIC_OBS_INFO 0 1.750000 228.642211 -1.570000 32.636533 1.750000 228.642211 0.000000 0.000000
DYNAMIC_OBS_INFO 1 67.625576 209.500000 3.140000 23.862100 8.512725 209.594146 18.814518 1.330145
DYNAMIC_OBS_INFO 2 -31.460142 212.500000 0.000000 15.794604 16.124555 212.500000 16.056541 0.741452
Parent: 307.357771 10.000000 102.000000 0.000000 15.297885 357.378141 -10.000000 2.479838 44.000000 0.000000 0 0 0 0 0 0 0 0
Child: 357.378141 10.000000 101.000000 0.000000 15.147906 365.878348 -10.000000 0.000000 0.000000 0.000000 0 0 0 0 0 0 0 0
Child: 365.878348 10.000000 101.000000 20.000000 15.147906 362.398357 0.000000 0.000000 0.000000 0.000000 0 0 1 0 0 0 0 0
Child: 362.398357 8.755168 89.000000 3198.736880 586.850694 0.000000 -10.000000 0.000000 0.000000 0.000000 1 0 1 0 1 0 0 0
EGO_STATUS 31.629143 215.512850 5.000000 -0.254899 13.874047 2.000000 0.980000
DYNAMIC_OBS_INFO 0 1.750000 228.642211 -1.570000 34.021202 1.750000 228.642211 0.000000 0.000000
DYNAMIC_OBS_INFO 1 67.625576 209.500000 3.140000 26.894353 6.624624 209.597153 18.947532 1.330145
DYNAMIC_OBS_INFO 2 -31.460142 212.500000 0.000000 15.437186 17.733916 212.500000 16.130686 0.741452
Parent: 284.447046 10.000000 102.000000 0.000000 15.297885 332.567414 -10.000000 2.379839 42.000000 0.000000 0 0 0 0 0 0 0 0
Child: 332.567414 10.000000 101.000000 0.000000 15.147906 341.067621 -10.000000 0.000000 0.000000 0.000000 0 0 0 0 0 0 0 0
Child: 341.067621 10.000000 101.000000 20.000000 15.147906 337.587631 0.000000 0.000000 0.000000 0.000000 0 0 1 0 0 0 0 0
Child: 337.587631 7.362881 75.000000 3198.756790 341.850576 0.000000 -10.000000 0.000000 0.000000 0.000000 1 0 1 0 1 0 0 0
EGO_STATUS 32.953171 215.084764 5.100000 -0.370505 13.972047 2.000000 0.980000
DYNAMIC_OBS_INFO 0 1.750000 228.642211 -1.570000 35.422715 1.750000 228.642211 0.000000 0.000000
DYNAMIC_OBS_INFO 1 67.625576 209.500000 3.140000 29.915348 4.723223 209.600182 19.080547 1.330145
DYNAMIC_OBS_INFO 2 -31.460142 212.500000 0.000000 15.017270 19.350692 212.500000 16.204831 0.741452
Parent: 261.703971 10.000000 102.000000 0.000000 15.297885 308.924339 -10.000000 2.279840 41.000000 0.000000 0 0 0 0 0 0 0 0
Child: 308.924339 10.000000 101.000000 0.000000 15.147906 317.424546 -10.000000 0.000000 0.000000 0.000000 0 0 0 0 0 0 0 0
Child: 317.424546 10.000000 101.000000 20.000000 15.147906 313.944555 0.000000 0.000000 0.000000 0.000000 0 0 1 0 0 0 0 0
Child: 313.944555 5.960783 61.000000 3198.753723 116.350446 0.000000 -10.000000 0.000000 0.000000 0.000000 1 0 1 0 1 0 0 0
EGO_STATUS 34.232527 214.512308 5.200000 -0.462594 14.070047 2.000000 0.980000
DYNAMIC_OBS_INFO 0 1.750000 228.642211 -1.570000 36.831422 1.750000 228.642211 0.000000 0.000000
DYNAMIC_OBS_INFO 1 67.625576 209.500000 3.140000 32.953529 2.808520 209.603231 19.213561 1.330145
DYNAMIC_OBS_INFO 2 -31.460142 212.500000 0.000000 14.574596 20.974882 212.500000 16.278976 0.741452
Parent: 252.727064 10.000000 102.000000 0.000000 15.297885 299.047434 -10.000000 2.179838 40.000000 0.000000 0 0 0 0 0 0 0 0
Child: 299.047434 10.000000 101.000000 0.000000 15.147906 307.547641 -10.000000 0.000000 0.000000 0.000000 0 0 0 0 0 0 0 0
Child: 307.547641 10.000000 101.000000 20.000000 15.147906 304.067651 0.000000 0.000000 0.000000 0.000000 0 0 1 0 0 0 0 0
Child: 304.067651 4.548848 47.000000 3198.686508 46.350250 0.000000 -10.000000 0.000000 0.000000 0.000000 1 0 1 0 1 0 0 0
EGO_STATUS 35.485704 213.861955 5.300000 -0.477824 14.168047 2.000000 0.980000
DYNAMIC_OBS_INFO 0 1.750000 228.642211 -1.570000 38.252087 1.750000 228.642211 0.000000 0.000000
DYNAMIC_OBS_INFO 1 67.625576 209.500000 3.140000 36.077955 0.880516 209.606302 19.346576 1.330145
DYNAMIC_OBS_INFO 2 -31.460142 212.500000 0.000000 14.186869 22.606487 212.500000 16.353122 0.741452
Parent: 272.679179 20.000000 202.000000 270.000000 30.295811 289.369534 0.000000 2.577386 49.000000 0.000000 0 1 1 0 0 0 0 0
Child: 289.369534 10.000000 101.000000 0.000000 15.147906 297.869742 -10.000000 0.000000 0.000000 0.000000 0 0 0 0 0 0 0 0
Child: 297.869742 10.000000 101.000000 20.000000 15.147906 294.389751 0.000000 0.000000 0.000000 0.000000 0 0 1 0 0 0 0 0
Child: 294.389751 3.127096 33.000000 3198.551554 13.650054 0.000000 -10.000000 0.000000 0.000000 0.000000 1 0 1 0 1 0 0 0
EGO_STATUS 36.772985 213.259992 5.400000 -0.376791 14.266047 2.000000 0.980000
DYNAMIC_OBS_INFO 0 1.750000 228.642211 -1.570000 39.668998 1.750000 228.642211 0.000000 0.000000
DYNAMIC_OBS_INFO 1 67.625576 209.500000 3.140000 39.341453 -1.060790 209.609394 19.479590 1.330145
DYNAMIC_OBS_INFO 2 -31.460142 212.500000 0.000000 13.905102 24.245507 212.500000 16.427267 0.741452
Parent: 271.708847 20.000000 202.000000 270.000000 30.295811 286.499203 0.000000 2.477385 47.000000 0.000000 0 1 1 0 0 0 0 0
Child: 286.499203 10.000000 101.000000 0.000000 15.147906 294.999411 -10.000000 0.000000 0.000000 0.000000 0 0 0 0 0 0 0 0
Child: 294.999411 10.000000 101.000000 20.000000 15.147906 291.519420 0.000000 0.000000 0.000000 0.000000 0 0 1 0 0 0 0 0
Child: 291.519420 1.695582 18.000000 3198.176470 2.699828 0.000000 -10.000000 0.000000 0.000000 0.000000 1 0 1 0 1 0 0 0
EGO_STATUS 38.145859 212.863401 5.500000 -0.175861 14.364047 2.000000 0.980000
DYNAMIC_OBS_INFO 0 1.750000 228.642211 -1.570000 41.033162 1.750000 228.642211 0.000000 0.000000
DYNAMIC_OBS_INFO 1 67.625576 209.500000 3.140000 42.711685 -3.015398 209.612507 19.612605 1.330145
DYNAMIC_OBS_INFO 2 -31.460142 212.500000 0.000000 13.691210 25.891941 212.500000 16.501412 0.741452
Parent: 167.467543 20.000000 202.000000 270.000000 30.295811 181.357897 0.000000 2.377387 46.000000 0.000000 0 1 1 0 0 0 0 0
Child: 181.357897 10.000000 101.000000 0.000000 15.147906 189.858105 -10.000000 0.000000 0.000000 0.000000 0 0 0 0 0 0 0 0
Child: 189.858105 10.000000 101.000000 20.000000 15.147906 186.378114 0.000000 0.000000 0.000000 0.000000 0 0 1 0 0 0 0 0
Child: 186.378114 0.254294 4.000000 3088.390852 0.599917 0.000000 -10.000000 0.000000 0.000000 0.000000 1 0 1 0 1 0 0 0
EGO_STATUS 39.580859 212.750500 5.600000 -0.006361 14.462047 2.000000 0.980000
DONE
FINISHED
