Parent: -44.360004 11.719061 119.000000 29.176068 25.328180 -4.347707 -10.000000 4.620151 40.000000 0.000000 0 0 0 1 0 0 0 0
Child: -4.347707 10.000000 102.000000 20.000000 15.300000 -7.808491 0.000000 0.000000 0.000000 0.000000 0 0 0 1 0 0 0 0
Child: -7.808491 10.000000 101.000000 0.000000 15.150000 -9.308491 0.000000 0.000000 0.000000 0.000000 0 0 0 0 0 0 0 0
Child: -9.308491 4.610057 48.000000 0.000000 7.200000 0.000000 -10.000000 0.000000 0.000000 0.000000 0 0 0 0 0 0 0 0
EGO_STATUS -1.750000 176.389943 0.000000 1.570796 15.769901 4.000000 0.000000
DYNAMIC_OBS_INFO 0 1.750000 230.684779 -1.570000 52.833902 1.750000 230.684779 0.000000 0.000000
DYNAMIC_OBS_INFO 1 25.502098 209.500000 3.140000 41.677466 25.502098 209.500000 12.978138 0.064360
DYNAMIC_OBS_INFO 2 -54.077742 212.500000 0.000000 62.695497 -54.077742 212.500000 14.655910 2.504721
Parent: 252.810641 21.930324 221.000000 3145.062786 235.940030 -26.545040 -10.000000 2.851216 49.000000 0.000000 1 0 0 0 0 0 0 0
Child: -26.545040 10.000000 102.000000 0.000000 15.300000 -18.045040 -10.000000 0.000000 0.000000 0.000000 0 0 0 0 0 0 0 0
Child: -18.045040 10.000000 101.000000 0.000000 15.150000 -9.545040 -10.000000 0.000000 0.000000 0.000000 0 0 0 0 0 0 0 0
Child: -9.545040 3.033067 32.000000 0.000000 4.800000 0.000000 -10.000000 0.000000 0.000000 0.000000 0 0 0 0 0 0 0 0
EGO_STATUS -1.750000 177.966933 0.100000 1.570796 15.769901 4.000000 0.000000
DYNAMIC_OBS_INFO 0 1.750000 230.684779 -1.570000 51.260482 1.750000 230.684779 0.000000 0.000000
DYNAMIC_OBS_INFO 1 25.502098 209.500000 3.140000 40.497449 25.502098 209.500000 12.978138 0.064360
DYNAMIC_OBS_INFO 2 -54.077742 212.500000 0.000000 61.840889 -54.077742 212.500000 14.655910 2.504721
Parent: 254.180595 10.922452 111.000000 34.303305 22.066912 290.695628 0.000000 4.938111 47.000000 0.000000 0 0 1 0 0 0 0 0
Child: 290.695628 11.719061 119.000000 3058.524916 25.328180 -3.000709 -10.000000 0.000000 0.000000 0.000000 1 0 0 1 0 0 0 0
Child: -3.000709 10.000000 102.000000 20.000000 15.300000 -6.461493 0.000000 0.000000 0.000000 0.000000 0 0 0 1 0 0 0 0
Child: -6.461493 10.000000 101.000000 0.000000 15.150000 2.038507 -10.000000 0.000000 0.000000 0.000000 0 0 0 0 0 0 0 0
Child: 2.038507 1.456076 16.000000 20.000000 2.400000 0.000000 0.000000 0.000000 0.000000 0.000000 0 0 1 0 0 0 0 0
EGO_STATUS -1.750000 179.543924 0.200000 1.570796 15.769901 4.000000 0.000000
DYNAMIC_OBS_INFO 0 1.750000 230.684779 -1.570000 49.672700 1.750000 230.684779 0.000000 0.000000
DYNAMIC_OBS_INFO 1 25.502098 209.500000 3.140000 39.334712 25.502098 209.500000 12.978138 0.064360
DYNAMIC_OBS_INFO 2 -54.077742 212.500000 0.000000 61.007557 -54.077742 212.500000 14.655910 2.504721
Parent: 254.021756 10.922452 111.000000 34.303305 22.066912 288.636790 0.000000 4.838111 45.000000 0.000000 0 0 1 0 0 0 0 0
Child: 288.636790 11.719061 119.000000 3058.524916 25.328180 -5.059547 -10.000000 0.000000 0.000000 0.000000 1 0 0 1 0 0 0 0
Child: -5.059547 10.000000 102.000000 20.000000 15.300000 -8.520331 0.000000 0.000000 0.000000 0.000000 0 0 0 1 0 0 0 0
Child: -8.520331 9.864461 100.000000 0.000000 15.000000 0.000000 -10.000000 0.000000 0.000000 0.000000 0 0 0 0 0 0 0 0
EGO_STATUS -1.750000 181.135539 0.300000 1.570796 16.045398 5.000000 0.749924
DYNAMIC_OBS_INFO 0 1.750000 230.684779 -1.570000 48.068541 1.750000 230.684779 0.000000 0.000000
DYNAMIC_OBS_INFO 1 25.502098 209.500000 3.140000 38.191223 25.502098 209.500000 12.978138 0.064360
DYNAMIC_OBS_INFO 2 -54.077742 212.500000 0.000000 60.196531 -54.077742 212.500000 14.655910 2.504721
Parent: 254.680513 10.922452 111.000000 34.303305 22.066912 288.395546 0.000000 4.738111 44.000000 0.000000 0 0 1 0 0 0 0 0
Child: 288.395546 11.719061 119.000000 3058.524916 25.328180 -5.300790 -10.000000 0.000000 0.000000 0.000000 1 0 0 1 0 0 0 0
Child: -5.300790 10.000000 102.000000 20.000000 15.300000 -8.761574 0.000000 0.000000 0.000000 0.000000 0 0 0 1 0 0 0 0
Child: -8.761574 8.256171 84.000000 0.000000 12.600000 0.000000 -10.000000 0.000000 0.000000 0.000000 0 0 0 0 0 0 0 0
EGO_STATUS -1.750000 182.743829 0.400000 1.570796 16.120390 5.000000 0.749925
DYNAMIC_OBS_INFO 0 1.750000 230.684779 -1.570000 46.457188 1.750000 230.684779 0.000000 0.000000
DYNAMIC_OBS_INFO 1 25.502098 209.500000 3.140000 37.077157 25.502098 209.500000 12.978138 0.064360
DYNAMIC_OBS_INFO 2 -54.077742 212.500000 0.000000 59.414423 -54.077742 212.500000 14.655910 2.504721
Parent: 35.595761 38.744921 389.000000 29.326129 701.728556 0.000000 0.000000 4.781735 42.000000 0.000000 0 0 0 1 0 0 0 0
EGO_STATUS -1.750000 184.359620 0.500000 1.570796 16.195383 5.000000 0.749925
DYNAMIC_OBS_INFO 0 1.750000 230.684779 -1.570000 44.871739 1.750000 230.684779 0.000000 0.000000
DYNAMIC_OBS_INFO 1 25.502098 209.500000 3.140000 36.017928 25.502098 209.500000 12.978138 0.064360
DYNAMIC_OBS_INFO 2 -54.077742 212.500000 0.000000 58.678010 -54.077742 212.500000 14.655910 2.504721
Parent: 26.251010 37.154784 373.000000 29.326222 698.435867 0.000000 -10.000000 4.758132 41.000000 0.000000 0 0 0 1 0 0 0 0
EGO_STATUS -1.749997 185.949747 0.600000 1.570788 15.607383 1.000000 -5.880000
DYNAMIC_OBS_INFO 0 1.750000 230.684779 -1.570000 43.345253 1.750000 230.684779 0.000000 0.000000
DYNAMIC_OBS_INFO 1 25.502098 209.500000 3.140000 35.035789 25.502098 209.500000 12.978138 0.064360
DYNAMIC_OBS_INFO 2 -54.077742 212.500000 0.000000 58.001277 -54.077742 212.500000 14.655910 2.504721
Parent: 261.591889 10.000000 101.000000 0.000000 15.147906 315.756469 -10.000000 3.335628 49.000000 0.000000 0 0 0 0 0 0 0 0
Child: 315.756469 21.930324 221.000000 3107.444842 235.940030 -6.015083 -10.000000 0.000000 0.000000 0.000000 1 0 0 0 0 0 0 0
Child: -6.015083 10.000000 102.000000 0.000000 15.300000 -7.515083 0.000000 0.000000 0.000000 0.000000 0 0 0 0 0 0 0 0
Child: -7.515083 3.518942 37.000000 20.577713 5.550000 0.000000 -10.000000 0.000000 0.000000 0.000000 0 0 0 1 0 0 0 0
EGO_STATUS -1.749924 187.481058 0.700000 1.570672 15.019383 1.000000 -5.880000
DYNAMIC_OBS_INFO 0 1.750000 230.684779 -1.570000 41.877695 1.750000 230.684779 0.000000 0.000000
DYNAMIC_OBS_INFO 1 25.502098 209.500000 3.140000 34.129352 25.502098 209.500000 12.978138 0.064360
DYNAMIC_OBS_INFO 2 -54.077742 212.500000 0.000000 57.381754 -54.077742 212.500000 14.655910 2.504721
Parent: 261.575206 10.000000 101.000000 0.000000 15.147906 315.028113 -10.000000 3.047300 48.000000 0.000000 0 0 0 0 0 0 0 0
Child: 315.028113 21.930324 221.000000 3121.482569 235.940030 -8.136435 -10.000000 0.000000 0.000000 0.000000 1 0 0 0 0 0 0 0
Child: -8.136435 10.000000 102.000000 0.000000 15.300000 0.363565 -10.000000 0.000000 0.000000 0.000000 0 0 0 0 0 0 0 0
Child: 0.363565 2.046432 22.000000 0.608480 3.300000 0.000000 0.000000 0.000000 0.000000 0.000000 0 0 0 0 0 0 0 0
EGO_STATUS -1.749631 188.953568 0.800000 1.570691 14.431383 1.000000 -5.880000
DYNAMIC_OBS_INFO 0 1.750000 230.684779 -1.570000 40.439811 1.750000 230.684779 0.000000 0.000000
DYNAMIC_OBS_INFO 1 25.502098 209.500000 3.140000 33.280756 25.502098 209.500000 12.978138 0.064360
DYNAMIC_OBS_INFO 2 -54.077742 212.500000 0.000000 56.804541 -54.077742 212.500000 14.655910 2.504721
Parent: 253.245829 10.000000 101.000000 0.000000 15.147906 304.798737 -10.000000 2.947300 46.000000 0.000000 0 0 0 0 0 0 0 0
Child: 304.798737 21.930324 221.000000 3121.482569 235.940030 -18.365811 -10.000000 0.000000 0.000000 0.000000 1 0 0 0 0 0 0 0
Child: -18.365811 10.000000 102.000000 0.000000 15.300000 -9.865811 -10.000000 0.000000 0.000000 0.000000 0 0 0 0 0 0 0 0
Child: -9.865811 0.603294 8.000000 0.579421 1.200000 0.000000 -10.000000 0.000000 0.000000 0.000000 0 0 0 0 0 0 0 0
EGO_STATUS -1.749927 190.396706 0.900000 1.571070 14.431383 4.000000 0.000000
DYNAMIC_OBS_INFO 0 1.750000 230.684779 -1.570000 39.002294 1.750000 230.684779 0.000000 0.000000
DYNAMIC_OBS_INFO 1 25.502098 209.500000 3.140000 32.473958 25.502098 209.500000 12.978138 0.064360
DYNAMIC_OBS_INFO 2 -54.077742 212.500000 0.000000 54.886489 -52.599628 212.500000 14.906383 2.504721
Parent: 263.885664 10.000000 101.000000 0.000000 15.147906 314.538571 -10.000000 2.847300 45.000000 0.000000 0 0 0 0 0 0 0 0
Child: 314.538571 21.930324 221.000000 3121.482569 235.940030 -8.625977 -10.000000 0.000000 0.000000 0.000000 1 0 0 0 0 0 0 0
Child: -8.625977 9.160156 93.000000 0.000000 13.950000 0.000000 -10.000000 0.000000 0.000000 0.000000 0 0 0 0 0 0 0 0
EGO_STATUS -1.750000 191.839844 1.000000 1.570796 14.431383 4.000000 0.000000
DYNAMIC_OBS_INFO 0 1.750000 230.684779 -1.570000 37.565201 1.750000 230.684779 0.000000 0.000000
DYNAMIC_OBS_INFO 1 25.502098 209.500000 3.140000 31.712277 25.502098 209.500000 12.978138 0.064360
DYNAMIC_OBS_INFO 2 -54.077742 212.500000 0.000000 52.956279 -51.096466 212.500000 15.156855 2.504721
Parent: 265.569193 10.000000 101.000000 0.000000 15.147906 314.322100 -10.000000 2.747300 43.000000 0.000000 0 0 0 0 0 0 0 0
Child: 314.322100 21.930324 221.000000 3121.482569 235.940030 -8.842447 -10.000000 0.000000 0.000000 0.000000 1 0 0 0 0 0 0 0
Child: -8.842447 7.717017 79.000000 0.000000 11.850000 0.000000 -10.000000 0.000000 0.000000 0.000000 0 0 0 0 0 0 0 0
EGO_STATUS -1.750000 193.282983 1.100000 1.570796 14.431383 4.000000 0.000000
DYNAMIC_OBS_INFO 0 1.750000 230.684779 -1.570000 36.128591 1.750000 230.684779 0.000000 0.000000
DYNAMIC_OBS_INFO 1 25.502098 209.500000 3.140000 30.999103 25.502098 209.500000 12.978138 0.064360
DYNAMIC_OBS_INFO 2 -54.077742 212.500000 0.000000 51.014669 -49.568257 212.500000 15.407327 2.504721
Parent: 266.252722 10.000000 101.000000 0.000000 15.147906 314.105629 -10.000000 2.647300 42.000000 0.000000 0 0 0 0 0 0 0 0
Child: 314.105629 21.930324 221.000000 3121.482569 235.940030 -9.058918 -10.000000 0.000000 0.000000 0.000000 1 0 0 0 0 0 0 0
Child: -9.058918 6.273879 64.000000 0.000000 9.600000 0.000000 -10.000000 0.000000 0.000000 0.000000 0 0 0 0 0 0 0 0
EGO_STATUS -1.750000 194.726121 1.200000 1.570796 14.431383 4.000000 0.000000
DYNAMIC_OBS_INFO 0 1.750000 230.684779 -1.570000 34.692522 1.750000 230.684779 0.000000 0.000000
DYNAMIC_OBS_INFO 1 25.502098 209.500000 3.140000 30.337856 25.502098 209.500000 12.978138 0.064360
DYNAMIC_OBS_INFO 2 -54.077742 212.500000 0.000000 49.062647 -48.015001 212.500000 15.657799 2.504721
Parent: 8853.850224 41.469383 416.000000 83449.083401 5746.240560 0.000000 0.000000 2.323596 40.000000 0.000000 1 1 1 0 0 0 0 8
EGO_STATUS -1.750000 196.169259 1.300000 1.570796 14.431383 4.000000 0.000000
DYNAMIC_OBS_INFO 0 1.750000 230.684779 -1.570000 33.242428 1.750000 230.684779 0.000000 0.000000
DYNAMIC_OBS_INFO 1 25.502098 209.500000 3.140000 29.726103 25.502098 209.500000 12.978138 0.064360
DYNAMIC_OBS_INFO 2 -54.077742 212.500000 0.000000 47.096766 -46.436697 212.500000 15.908271 2.504721
Parent: 938.453449 10.000000 102.000000 270.000000 1555.501027 815.823124 -10.000000 2.659636 49.000000 0.000000 0 1 1 0 0 0 0 0
Child: 815.823124 39.562443 397.000000 3462.231135 4824.713711 0.000000 -10.000000 0.000000 0.000000 0.000000 1 1 1 0 0 0 0 0
EGO_STATUS -1.749980 197.627114 1.400000 1.570730 14.725383 0.000000 2.940000
DYNAMIC_OBS_INFO 0 1.750000 230.684779 -1.570000 31.763769 1.750000 230.684779 0.000000 0.000000
DYNAMIC_OBS_INFO 1 25.502098 209.500000 3.140000 27.954972 24.203965 209.502067 12.984574 0.064360
DYNAMIC_OBS_INFO 2 -54.077742 212.500000 0.000000 45.115449 -44.833346 212.500000 16.158743 2.504721
Parent: 5999.944580 10.000000 102.000000 0.000000 2075.700691 5850.221248 -10.000000 3.223265 47.000000 0.000000 0 0 0 0 0 0 0 0
Child: 5850.221248 38.411445 386.000000 53118.004042 5671.384840 0.000000 0.000000 0.000000 0.000000 0.000000 1 0 0 0 0 0 0 5
EGO_STATUS -1.749378 199.114359 1.500000 1.569762 15.019383 0.000000 2.940000
DYNAMIC_OBS_INFO 0 1.750000 230.684779 -1.570000 30.270964 1.750000 230.684779 0.000000 0.000000
DYNAMIC_OBS_INFO 1 25.502098 209.500000 3.140000 26.203847 22.905187 209.504136 12.991010 0.064360
DYNAMIC_OBS_INFO 2 -54.077742 212.500000 0.000000 43.129141 -43.204948 212.500000 16.409215 2.504721
Parent: 5062.546582 10.000000 102.000000 270.000000 2075.700691 4886.068163 -10.000000 2.507764 46.000000 0.000000 0 1 1 0 0 0 0 0
Child: 4886.068163 36.909716 371.000000 43442.613222 5669.964352 0.000000 0.000000 0.000000 0.000000 0.000000 1 1 1 0 0 0 0 4
EGO_STATUS -1.745326 200.616291 1.600000 1.565680 15.019383 4.000000 0.000000
DYNAMIC_OBS_INFO 0 1.750000 230.684779 -1.570000 28.763296 1.750000 230.684779 0.000000 0.000000
DYNAMIC_OBS_INFO 1 25.502098 209.500000 3.140000 24.473580 21.605766 209.506206 12.997446 0.064360
DYNAMIC_OBS_INFO 2 -54.077742 212.500000 0.000000 41.148211 -41.551503 212.500000 16.659687 2.504721
Parent: 1027.170651 10.000000 102.000000 0.000000 2075.700691 874.706309 -10.000000 2.964275 44.000000 0.000000 0 0 0 0 0 0 0 0
Child: 874.706309 35.393072 355.000000 3122.665969 5650.823463 0.000000 0.000000 0.000000 0.000000 0.000000 1 0 0 0 0 0 0 0
EGO_STATUS -1.730684 202.132861 1.700000 1.555283 15.313383 0.000000 2.940000
DYNAMIC_OBS_INFO 0 1.750000 230.684779 -1.570000 27.239520 1.750000 230.684779 0.000000 0.000000
DYNAMIC_OBS_INFO 1 25.502098 209.500000 3.140000 22.761671 20.305701 209.508276 13.003882 0.064360
DYNAMIC_OBS_INFO 2 -54.077742 212.500000 0.000000 39.189381 -39.873011 212.500000 16.910160 2.504721
Parent: 16024.373728 10.000000 102.000000 270.000000 2075.700691 15845.064011 -10.000000 2.339061 43.000000 0.000000 0 1 1 0 0 0 0 0
Child: 15845.064011 33.861608 340.000000 153437.938863 5660.287163 0.000000 0.000000 0.000000 0.000000 0.000000 1 1 1 0 0 0 0 15
EGO_STATUS -1.692814 203.663704 1.800000 1.534933 15.313383 4.000000 0.000000
DYNAMIC_OBS_INFO 0 1.750000 230.684779 -1.570000 25.698163 1.750000 230.684779 0.000000 0.000000
DYNAMIC_OBS_INFO 1 25.502098 209.500000 3.140000 21.062216 19.004993 209.510348 13.010318 0.064360
DYNAMIC_OBS_INFO 2 -54.077742 212.500000 0.000000 37.276682 -38.169471 212.500000 17.160632 2.504721
Parent: 963.915941 10.000000 102.000000 270.000000 1555.501027 833.705719 -10.000000 2.239534 41.000000 0.000000 0 1 1 0 0 0 0 0
Child: 833.705719 32.326067 325.000000 3457.253373 5025.199988 0.000000 -10.000000 0.000000 0.000000 0.000000 1 1 1 0 0 0 0 0
EGO_STATUS -1.613046 205.207622 1.900000 1.500954 15.607383 0.000000 2.940000
DYNAMIC_OBS_INFO 0 1.750000 230.684779 -1.570000 24.124048 1.750000 230.684779 0.000000 0.000000
DYNAMIC_OBS_INFO 1 25.502098 209.500000 3.140000 19.363009 17.703641 209.512420 13.016754 0.064360
DYNAMIC_OBS_INFO 2 -54.077742 212.500000 0.000000 35.441161 -36.440885 212.500000 17.411104 2.504721
Parent: 7792.116416 41.389894 415.000000 73129.074049 5374.343469 0.000000 0.000000 2.602912 40.000000 0.000000 1 0 0 0 0 0 0 7
EGO_STATUS -1.465024 206.775924 2.000000 1.449407 15.901383 0.000000 2.940000
DYNAMIC_OBS_INFO 0 1.750000 230.684779 -1.570000 22.534665 1.750000 230.684779 0.000000 0.000000
DYNAMIC_OBS_INFO 1 25.502098 209.500000 3.140000 17.658956 16.401645 209.514494 13.023190 0.064360
DYNAMIC_OBS_INFO 2 -54.077742 212.500000 0.000000 33.725350 -34.687251 212.500000 17.661576 2.504721
Parent: 8817.208116 49.893218 500.000000 83429.928001 5396.445078 0.000000 0.000000 2.540850 49.000000 0.000000 1 1 1 0 0 0 0 8
EGO_STATUS -1.218643 208.346509 2.100000 1.377532 15.901383 4.000000 0.000000
DYNAMIC_OBS_INFO 0 1.750000 230.684779 -1.570000 20.940178 1.750000 230.684779 0.000000 0.000000
DYNAMIC_OBS_INFO 1 25.502098 209.500000 3.140000 15.943435 15.099006 209.516569 13.029626 0.064360
DYNAMIC_OBS_INFO 2 -54.077742 212.500000 0.000000 32.173675 -32.908569 212.500000 17.912048 2.504721
Parent: 5778.610710 10.000000 101.000000 0.000000 15.147906 5832.134968 -10.000000 2.975950 48.000000 0.000000 0 0 0 0 0 0 0 0
Child: 5832.134968 38.196644 383.000000 53133.821552 5345.338729 0.000000 0.000000 0.000000 0.000000 0.000000 1 0 0 0 0 0 0 5
EGO_STATUS -0.839688 209.905352 2.200000 1.283562 16.195383 0.000000 2.940000
DYNAMIC_OBS_INFO 0 1.750000 230.684779 -1.570000 19.363617 1.750000 230.684779 0.000000 0.000000
DYNAMIC_OBS_INFO 1 25.502098 209.500000 3.140000 14.219207 13.795723 209.518644 13.036062 0.064360
DYNAMIC_OBS_INFO 2 -54.077742 212.500000 0.000000 30.828919 -31.104841 212.500000 18.162520 2.504721
Parent: 17629.577245 20.000000 202.000000 270.000000 30.295811 17654.473931 -10.000000 2.371056 47.000000 0.000000 0 1 1 0 0 0 0 0
Child: 17654.473931 26.664371 268.000000 173485.420790 3957.318332 0.000000 0.000000 0.000000 0.000000 0.000000 1 1 1 0 1 0 0 17
EGO_STATUS -0.294517 211.429400 2.300000 1.167694 16.195383 4.000000 0.000000
DYNAMIC_OBS_INFO 0 1.750000 230.684779 -1.570000 17.847034 1.750000 230.684779 0.000000 0.000000
DYNAMIC_OBS_INFO 1 25.502098 209.500000 3.140000 12.508326 12.491797 209.520721 13.042498 0.064360
DYNAMIC_OBS_INFO 2 -54.077742 212.500000 0.000000 29.723118 -29.276065 212.500000 18.412992 2.504721
Parent: 680.858311 30.000000 302.000000 270.000000 45.293737 712.846247 -10.000000 2.691494 56.000000 0.000000 0 1 1 0 0 0 0 0
Child: 712.846247 25.029968 252.000000 3485.418759 3792.147542 0.000000 -10.000000 0.000000 0.000000 0.000000 1 1 1 0 1 0 0 0
EGO_STATUS 0.444552 212.885554 2.400000 1.031702 16.489383 0.000000 2.940000
DYNAMIC_OBS_INFO 0 1.750000 230.684779 -1.570000 16.446222 1.750000 230.684779 0.000000 0.000000
DYNAMIC_OBS_INFO 1 25.502098 209.500000 3.140000 10.861560 11.187227 209.522799 13.048934 0.064360
DYNAMIC_OBS_INFO 2 -54.077742 212.500000 0.000000 28.879384 -27.422243 212.500000 18.663464 2.504721
Parent: 14534.656018 10.000000 101.000000 0.000000 15.147906 14594.933965 -10.000000 3.222261 55.000000 0.000000 0 0 0 0 0 0 0 0
Child: 14594.933965 10.000000 101.000000 0.000000 15.147906 14603.434172 -10.000000 0.000000 0.000000 0.000000 0 0 0 0 0 0 0 0
Child: 14603.434172 10.000000 102.000000 0.000000 15.297885 14611.934379 -10.000000 0.000000 0.000000 0.000000 0 0 0 0 0 0 0 0
Child: 14611.934379 23.366252 235.000000 143441.810139 3513.919140 0.000000 0.000000 0.000000 0.000000 0.000000 1 1 0 0 1 0 0 14
EGO_STATUS 1.404544 214.242185 2.500000 0.875448 16.783383 0.000000 2.940000
DYNAMIC_OBS_INFO 0 1.750000 230.684779 -1.570000 15.276217 1.750000 230.684779 0.000000 0.000000
DYNAMIC_OBS_INFO 1 25.502098 209.500000 3.140000 9.388393 9.882013 209.524877 13.055370 0.064360
DYNAMIC_OBS_INFO 2 -54.077742 212.500000 0.000000 28.280096 -25.543372 212.500000 18.913937 2.504721
Parent: 11517.340857 10.000000 101.000000 0.000000 15.147906 11576.718819 -10.000000 3.122246 54.000000 0.000000 0 0 0 0 0 0 0 0
Child: 11576.718819 10.000000 101.000000 0.000000 15.147906 11585.219026 -10.000000 0.000000 0.000000 0.000000 0 0 0 0 0 0 0 0
Child: 11585.219026 10.000000 102.000000 0.000000 15.297885 11593.719233 -10.000000 0.000000 0.000000 0.000000 0 0 0 0 0 0 0 0
Child: 11593.719233 21.688679 218.000000 113441.808137 3190.965068 0.000000 -10.000000 0.000000 0.000000 0.000000 1 1 0 0 1 0 0 11
EGO_STATUS 2.584388 215.431366 2.600000 0.700525 16.763200 5.000000 -0.201828
DYNAMIC_OBS_INFO 0 1.750000 230.684779 -1.570000 14.469634 1.750000 230.684779 0.000000 0.000000
DYNAMIC_OBS_INFO 1 25.502098 209.500000 3.140000 8.267317 8.576156 209.526957 13.061806 0.064360
DYNAMIC_OBS_INFO 2 -54.077742 212.500000 0.000000 27.870384 -23.639455 212.500000 19.164409 2.504721
Parent: 593.195065 30.000000 302.000000 270.000000 45.293737 612.078141 0.000000 2.796353 53.000000 0.000000 0 1 1 0 0 0 0 0
Child: 612.078141 20.013198 202.000000 3441.803329 2837.042631 0.000000 -10.000000 0.000000 0.000000 0.000000 1 1 0 0 1 0 0 0
EGO_STATUS 3.958863 216.384736 2.700000 0.510125 16.743017 5.000000 -0.201831
DYNAMIC_OBS_INFO 0 1.750000 230.684779 -1.570000 14.138140 1.750000 230.684779 0.000000 0.000000
DYNAMIC_OBS_INFO 1 25.502098 209.500000 3.140000 7.728960 7.269655 209.529038 13.068242 0.064360
DYNAMIC_OBS_INFO 2 -54.077742 212.500000 0.000000 27.579364 -21.710491 212.500000 19.414881 2.504721
Parent: 558.948850 30.000000 302.000000 270.000000 45.293737 586.948112 -10.000000 2.680168 52.000000 0.000000 0 1 1 0 0 0 0 0
Child: 586.948112 18.339822 185.000000 3462.964388 2457.780168 0.000000 0.000000 0.000000 0.000000 0.000000 1 1 1 0 1 0 0 0
EGO_STATUS 5.490870 217.050524 2.800000 0.308576 16.722834 5.000000 -0.201832
DYNAMIC_OBS_INFO 0 1.750000 230.684779 -1.570000 14.339958 1.750000 230.684779 0.000000 0.000000
DYNAMIC_OBS_INFO 1 25.502098 209.500000 3.140000 7.947303 5.962511 209.531120 13.074678 0.064360
DYNAMIC_OBS_INFO 2 -54.077742 212.500000 0.000000 27.327771 -19.756479 212.500000 19.665353 2.504721
Parent: 521.621349 30.000000 302.000000 270.000000 45.293737 538.835209 0.000000 2.465571 51.000000 0.000000 0 1 1 0 0 0 0 0
Child: 538.835209 16.662633 168.000000 3462.148890 2071.449370 0.000000 -10.000000 0.000000 0.000000 0.000000 1 1 1 0 1 0 0 0
EGO_STATUS 7.129822 217.392228 2.900000 0.102859 16.820834 2.000000 0.980000
DYNAMIC_OBS_INFO 0 1.750000 230.684779 -1.570000 15.049999 1.750000 230.684779 0.000000 0.000000
DYNAMIC_OBS_INFO 1 25.502098 209.500000 3.140000 8.894747 4.654723 209.533203 13.081114 0.064360
DYNAMIC_OBS_INFO 2 -54.077742 212.500000 0.000000 27.038295 -17.777420 212.500000 19.915825 2.504721
Parent: 471.516588 30.000000 302.000000 270.000000 45.293737 497.715848 -10.000000 2.480170 50.000000 0.000000 0 1 1 0 0 0 0 0
Child: 497.715848 14.975692 151.000000 3451.853023 1667.449180 0.000000 -10.000000 0.000000 0.000000 0.000000 1 1 1 0 1 0 0 0
EGO_STATUS 8.813982 217.395587 3.000000 -0.096386 16.918834 2.000000 0.980000
DYNAMIC_OBS_INFO 0 1.750000 230.684779 -1.570000 16.164990 1.750000 230.684779 0.000000 0.000000
DYNAMIC_OBS_INFO 1 25.502098 209.500000 3.140000 10.381633 3.346291 209.535287 13.087550 0.064360
DYNAMIC_OBS_INFO 2 -54.077742 212.500000 0.000000 26.648331 -15.773314 212.500000 20.166297 2.504721
Parent: 433.891576 40.000000 402.000000 270.000000 60.291664 456.323044 0.000000 2.703690 58.000000 0.000000 0 1 1 0 0 0 0 0
Child: 456.323044 13.278955 134.000000 3434.937369 1270.800892 0.000000 -10.000000 0.000000 0.000000 0.000000 1 1 1 0 1 0 0 0
EGO_STATUS 10.478664 217.078996 3.100000 -0.274400 17.016834 2.000000 0.980000
DYNAMIC_OBS_INFO 0 1.750000 230.684779 -1.570000 17.550828 1.750000 230.684779 0.000000 0.000000
DYNAMIC_OBS_INFO 1 25.502098 209.500000 3.140000 12.219785 2.037216 209.537371 13.093986 0.064360
DYNAMIC_OBS_INFO 2 -54.077742 212.500000 0.000000 26.133084 -13.744161 212.500000 20.416769 2.504721
Parent: 397.665184 40.000000 402.000000 270.000000 60.291664 418.196651 0.000000 2.603691 56.000000 0.000000 0 1 1 0 0 0 0 0
Child: 418.196651 11.572391 117.000000 3434.933182 894.250789 0.000000 -10.000000 0.000000 0.000000 0.000000 1 1 1 0 1 0 0 0
EGO_STATUS 12.081447 216.497011 3.200000 -0.414266 17.114834 2.000000 0.980000
DYNAMIC_OBS_INFO 0 1.750000 230.684779 -1.570000 19.089658 1.750000 230.684779 0.000000 0.000000
DYNAMIC_OBS_INFO 1 25.502098 209.500000 3.140000 14.300381 0.727497 209.539457 13.100422 0.064360
DYNAMIC_OBS_INFO 2 -54.077742 212.500000 0.000000 25.512970 -11.689960 212.500000 20.667241 2.504721
Parent: 363.221570 40.000000 402.000000 270.000000 60.291664 382.853037 0.000000 2.503691 55.000000 0.000000 0 1 1 0 0 0 0 0
Child: 382.853037 9.856001 100.000000 3434.926824 551.000674 0.000000 -10.000000 0.000000 0.000000 0.000000 1 1 1 0 1 0 0 0
EGO_STATUS 13.617438 215.732221 3.300000 -0.499155 17.212834 2.000000 0.980000
DYNAMIC_OBS_INFO 0 1.750000 230.684779 -1.570000 20.698748 1.750000 230.684779 0.000000 0.000000
DYNAMIC_OBS_INFO 1 25.502098 209.500000 3.140000 16.587837 -0.582865 209.541544 13.106858 0.064360
DYNAMIC_OBS_INFO 2 -54.077742 212.500000 0.000000 24.846372 -9.610712 212.500000 20.917714 2.504721
Parent: 332.258839 40.000000 402.000000 270.000000 60.291664 349.990308 0.000000 2.403689 53.000000 0.000000 0 1 1 0 0 0 0 0
Child: 349.990308 8.129792 83.000000 3434.921366 240.350537 0.000000 -10.000000 0.000000 0.000000 0.000000 1 1 1 0 1 0 0 0
EGO_STATUS 15.120993 214.884313 3.400000 -0.515634 17.310834 2.000000 0.980000
DYNAMIC_OBS_INFO 0 1.750000 230.684779 -1.570000 22.322574 1.750000 230.684779 0.000000 0.000000
DYNAMIC_OBS_INFO 1 25.502098 209.500000 3.140000 19.086747 -1.893871 209.543632 13.113294 0.064360
DYNAMIC_OBS_INFO 2 -54.077742 212.500000 0.000000 24.207042 -7.506418 212.500000 21.168186 2.504721
Parent: 317.385368 30.000000 301.000000 270.000000 45.143758 345.734434 -10.000000 2.241257 52.000000 0.000000 0 1 1 0 0 0 0 0
Child: 345.734434 16.401821 166.000000 3411.818347 87.300187 0.000000 0.000000 0.000000 0.000000 0.000000 1 1 1 0 0 0 0 0
EGO_STATUS 16.650113 214.062988 3.500000 -0.458137 17.408834 2.000000 0.980000
DYNAMIC_OBS_INFO 0 1.750000 230.684779 -1.570000 23.922182 1.750000 230.684779 0.000000 0.000000
DYNAMIC_OBS_INFO 1 25.502098 209.500000 3.140000 21.810446 -3.205521 209.545721 13.119731 0.064360
DYNAMIC_OBS_INFO 2 -54.077742 212.500000 0.000000 23.658910 -5.377075 212.500000 21.418658 2.504721
Parent: 298.247547 40.000000 402.000000 270.000000 60.291664 323.241736 -10.000000 2.140969 50.000000 0.000000 0 1 1 0 0 0 0 0
Child: 323.241736 4.639317 48.000000 3424.435975 23.400084 0.000000 -10.000000 0.000000 0.000000 0.000000 1 1 1 0 0 0 0 0
EGO_STATUS 18.265520 213.378468 3.600000 -0.334811 17.702834 0.000000 2.940000
DYNAMIC_OBS_INFO 0 1.750000 230.684779 -1.570000 25.456868 1.750000 230.684779 0.000000 0.000000
DYNAMIC_OBS_INFO 1 25.502098 209.500000 3.140000 24.740129 -4.517814 209.547811 13.126167 0.064360
DYNAMIC_OBS_INFO 2 -54.077742 212.500000 0.000000 23.217062 -3.222686 212.500000 21.669130 2.504721
Parent: 285.139015 50.000000 502.000000 270.000000 75.289590 316.300066 -10.000000 2.447556 58.000000 0.000000 0 1 1 0 0 0 0 0
Child: 316.300066 2.854333 30.000000 3424.423833 5.099819 0.000000 -10.000000 0.000000 0.000000 0.000000 1 1 1 0 0 0 0 0
EGO_STATUS 19.990449 212.927016 3.700000 -0.173459 17.996834 0.000000 2.940000
DYNAMIC_OBS_INFO 0 1.750000 230.684779 -1.570000 26.891641 1.750000 230.684779 0.000000 0.000000
DYNAMIC_OBS_INFO 1 25.502098 209.500000 3.140000 27.811730 -5.830751 209.549902 13.132603 0.064360
DYNAMIC_OBS_INFO 2 -54.077742 212.500000 0.000000 22.839975 -1.043249 212.500000 21.919602 2.504721
Parent: 250.759569 50.000000 502.000000 270.000000 75.289590 281.020619 -10.000000 2.347556 57.000000 0.000000 0 1 1 0 0 0 0 0
Child: 281.020619 1.039957 12.000000 3356.269933 1.799751 0.000000 -10.000000 0.000000 0.000000 0.000000 1 1 1 0 0 0 0 0
EGO_STATUS 21.795262 212.758601 3.800000 -0.025769 18.290834 0.000000 2.940000
DYNAMIC_OBS_INFO 0 1.750000 230.684779 -1.570000 28.298123 1.750000 230.684779 0.000000 0.000000
DYNAMIC_OBS_INFO 1 25.502098 209.500000 3.140000 30.948982 -7.144331 209.551994 13.139039 0.064360
DYNAMIC_OBS_INFO 2 -54.077742 212.500000 0.000000 22.479136 1.161234 212.500000 22.170074 2.504721
TIMEOUT
