Parent: 24.201321 32.626471 328.000000 32.221186 537.986208 2.533058 0.000000 4.949192 40.000000 0.000000 0 0 0 1 0 0 0 0
Child: 2.533058 4.118015 43.000000 20.000000 6.450000 0.000000 0.000000 0.000000 0.000000 0.000000 0 0 1 0 0 0 0 0
EGO_STATUS -1.750000 186.881985 0.000000 1.570796 13.143574 4.000000 0.000000
DYNAMIC_OBS_INFO 0 1.750000 229.916566 -1.570000 41.852112 1.750000 229.916566 0.000000 0.000000
DYNAMIC_OBS_INFO 1 68.919600 209.500000 3.140000 73.806581 68.919600 209.500000 13.653350 0.206155
DYNAMIC_OBS_INFO 2 -52.705745 212.500000 0.000000 56.448566 -52.705745 212.500000 15.935188 2.490289
Parent: 260.307458 10.000000 101.000000 0.000000 15.147906 313.479738 -10.000000 3.327927 48.000000 0.000000 0 0 0 0 0 0 0 0
Child: 313.479738 21.930324 221.000000 3105.327029 235.940030 -8.081659 -10.000000 0.000000 0.000000 0.000000 1 0 0 0 0 0 0 0
Child: -8.081659 10.000000 102.000000 0.000000 15.300000 0.418341 -10.000000 0.000000 0.000000 0.000000 0 0 0 0 0 0 0 0
Child: 0.418341 2.788941 29.000000 0.000000 4.350000 0.000000 0.000000 0.000000 0.000000 0.000000 0 0 0 0 0 0 0 0
EGO_STATUS -1.750000 188.211059 0.100000 1.570796 13.437574 0.000000 2.940000
DYNAMIC_OBS_INFO 0 1.750000 229.916566 -1.570000 40.513217 1.750000 229.916566 0.000000 0.000000
DYNAMIC_OBS_INFO 1 68.919600 209.500000 3.140000 73.430257 68.919600 209.500000 13.653350 0.206155
DYNAMIC_OBS_INFO 2 -52.705745 212.500000 0.000000 55.883534 -52.705745 212.500000 15.935188 2.490289
Parent: 251.005894 10.000000 101.000000 0.000000 15.147906 303.278175 -10.000000 3.227927 47.000000 0.000000 0 0 0 0 0 0 0 0
Child: 303.278175 21.930324 221.000000 3105.327029 235.940030 -18.283223 -10.000000 0.000000 0.000000 0.000000 1 0 0 0 0 0 0 0
Child: -18.283223 10.000000 102.000000 0.000000 15.300000 -9.783223 -10.000000 0.000000 0.000000 0.000000 0 0 0 0 0 0 0 0
Child: -9.783223 1.445183 16.000000 0.000000 2.400000 0.000000 -10.000000 0.000000 0.000000 0.000000 0 0 0 0 0 0 0 0
EGO_STATUS -1.750000 189.554817 0.200000 1.570796 13.437574 4.000000 0.000000
DYNAMIC_OBS_INFO 0 1.750000 229.916566 -1.570000 39.174656 1.750000 229.916566 0.000000 0.000000
DYNAMIC_OBS_INFO 1 68.919600 209.500000 3.140000 73.076709 68.919600 209.500000 13.653350 0.206155
DYNAMIC_OBS_INFO 2 -52.705745 212.500000 0.000000 55.345366 -52.705745 212.500000 15.935188 2.490289
Parent: 251.704330 10.000000 101.000000 0.000000 15.147906 303.076611 -10.000000 3.127927 46.000000 0.000000 0 0 0 0 0 0 0 0
Child: 303.076611 21.930324 221.000000 3105.327029 235.940030 -18.484786 -10.000000 0.000000 0.000000 0.000000 1 0 0 0 0 0 0 0
Child: -18.484786 10.000000 102.000000 0.000000 15.300000 -9.984786 -10.000000 0.000000 0.000000 0.000000 0 0 0 0 0 0 0 0
Child: -9.984786 0.101426 3.000000 0.000000 0.450000 0.000000 -10.000000 0.000000 0.000000 0.000000 0 0 0 0 0 0 0 0
EGO_STATUS -1.750000 190.898574 0.300000 1.570796 13.437574 4.000000 0.000000
DYNAMIC_OBS_INFO 0 1.750000 229.916566 -1.570000 37.836463 1.750000 229.916566 0.000000 0.000000
DYNAMIC_OBS_INFO 1 68.919600 209.500000 3.140000 72.746268 68.919600 209.500000 13.653350 0.206155
DYNAMIC_OBS_INFO 2 -52.705745 212.500000 0.000000 54.834853 -52.705745 212.500000 15.935188 2.490289
Parent: 263.402767 10.000000 101.000000 0.000000 15.147906 312.875047 -10.000000 3.027927 44.000000 0.000000 0 0 0 0 0 0 0 0
Child: 312.875047 21.930324 221.000000 3105.327029 235.940030 -8.686350 -10.000000 0.000000 0.000000 0.000000 1 0 0 0 0 0 0 0
Child: -8.686350 8.757668 89.000000 0.000000 13.350000 0.000000 -10.000000 0.000000 0.000000 0.000000 0 0 0 0 0 0 0 0
EGO_STATUS -1.750000 192.242332 0.400000 1.570796 13.437574 4.000000 0.000000
DYNAMIC_OBS_INFO 0 1.750000 229.916566 -1.570000 36.498678 1.750000 229.916566 0.000000 0.000000
DYNAMIC_OBS_INFO 1 68.919600 209.500000 3.140000 72.439250 68.919600 209.500000 13.653350 0.206155
DYNAMIC_OBS_INFO 2 -52.705745 212.500000 0.000000 54.352774 -52.705745 212.500000 15.935188 2.490289
Parent: 264.101203 10.000000 101.000000 0.000000 15.147906 312.673484 -10.000000 2.927927 43.000000 0.000000 0 0 0 0 0 0 0 0
Child: 312.673484 21.930324 221.000000 3105.327029 235.940030 -8.887913 -10.000000 0.000000 0.000000 0.000000 1 0 0 0 0 0 0 0
Child: -8.887913 7.413911 76.000000 0.000000 11.400000 0.000000 -10.000000 0.000000 0.000000 0.000000 0 0 0 0 0 0 0 0
EGO_STATUS -1.750000 193.586089 0.500000 1.570796 13.437574 4.000000 0.000000
DYNAMIC_OBS_INFO 0 1.750000 229.916566 -1.570000 35.161350 1.750000 229.916566 0.000000 0.000000
DYNAMIC_OBS_INFO 1 68.919600 209.500000 3.140000 72.155954 68.919600 209.500000 13.653350 0.206155
DYNAMIC_OBS_INFO 2 -52.705745 212.500000 0.000000 53.899891 -52.705745 212.500000 15.935188 2.490289
Parent: 264.799640 10.000000 101.000000 0.000000 15.147906 312.471920 -10.000000 2.827927 42.000000 0.000000 0 0 0 0 0 0 0 0
Child: 312.471920 21.930324 221.000000 3105.327029 235.940030 -9.089477 -10.000000 0.000000 0.000000 0.000000 1 0 0 0 0 0 0 0
Child: -9.089477 6.070153 62.000000 0.000000 9.300000 0.000000 -10.000000 0.000000 0.000000 0.000000 0 0 0 0 0 0 0 0
EGO_STATUS -1.750000 194.929847 0.600000 1.570796 13.437574 4.000000 0.000000
DYNAMIC_OBS_INFO 0 1.750000 229.916566 -1.570000 33.824531 1.750000 229.916566 0.000000 0.000000
DYNAMIC_OBS_INFO 1 68.919600 209.500000 3.140000 71.896661 68.919600 209.500000 13.653350 0.206155
DYNAMIC_OBS_INFO 2 -52.705745 212.500000 0.000000 53.476947 -52.705745 212.500000 15.935188 2.490289
Parent: 266.498076 10.000000 101.000000 0.000000 15.147906 312.270356 -10.000000 2.727927 40.000000 0.000000 0 0 0 0 0 0 0 0
Child: 312.270356 21.930324 221.000000 3105.327029 235.940030 -9.291041 -10.000000 0.000000 0.000000 0.000000 1 0 0 0 0 0 0 0
Child: -9.291041 4.726396 49.000000 0.000000 7.350000 0.000000 -10.000000 0.000000 0.000000 0.000000 0 0 0 0 0 0 0 0
EGO_STATUS -1.750000 196.273604 0.700000 1.570796 13.437574 4.000000 0.000000
DYNAMIC_OBS_INFO 0 1.750000 229.916566 -1.570000 32.488284 1.750000 229.916566 0.000000 0.000000
DYNAMIC_OBS_INFO 1 68.919600 209.500000 3.140000 71.661632 68.919600 209.500000 13.653350 0.206155
DYNAMIC_OBS_INFO 2 -52.705745 212.500000 0.000000 51.545060 -51.099775 212.500000 16.184216 2.490289
Parent: 245.320473 10.000000 102.000000 0.000000 15.297885 299.382813 -10.000000 3.437867 49.000000 0.000000 0 0 0 0 0 0 0 0
Child: 299.382813 10.000000 101.000000 0.000000 15.147906 307.883020 -10.000000 0.000000 0.000000 0.000000 0 0 0 0 0 0 0 0
Child: 307.883020 26.196599 263.000000 3128.256447 63.120935 0.000000 -10.000000 0.000000 0.000000 0.000000 1 0 0 0 0 0 0 0
EGO_STATUS -1.750000 197.617362 0.800000 1.570796 13.437574 4.000000 0.000000
DYNAMIC_OBS_INFO 0 1.750000 229.916566 -1.570000 31.152677 1.750000 229.916566 0.000000 0.000000
DYNAMIC_OBS_INFO 1 68.919600 209.500000 3.140000 71.451045 68.919600 209.500000 13.653350 0.206155
DYNAMIC_OBS_INFO 2 -52.705745 212.500000 0.000000 49.602426 -49.468902 212.500000 16.433245 2.490289
Parent: 245.314600 10.000000 102.000000 0.000000 15.297885 298.476923 -10.000000 3.337884 48.000000 0.000000 0 0 0 0 0 0 0 0
Child: 298.476923 10.000000 101.000000 0.000000 15.147906 306.977130 -10.000000 0.000000 0.000000 0.000000 0 0 0 0 0 0 0 0
Child: 306.977130 24.853068 250.000000 3128.245441 60.265695 0.000000 -10.000000 0.000000 0.000000 0.000000 1 0 0 0 0 0 0 0
EGO_STATUS -1.749940 198.961119 0.900000 1.570580 13.437574 4.000000 0.000000
DYNAMIC_OBS_INFO 0 1.750000 229.916566 -1.570000 29.817612 1.750000 229.916566 0.000000 0.000000
DYNAMIC_OBS_INFO 1 68.919600 209.500000 3.140000 71.263561 68.919600 209.500000 13.653350 0.206155
DYNAMIC_OBS_INFO 2 -52.705745 212.500000 0.000000 47.651799 -47.813126 212.500000 16.682274 2.490289
Parent: 246.460516 10.000000 102.000000 0.000000 15.297885 297.722836 -10.000000 3.237888 46.000000 0.000000 0 0 0 0 0 0 0 0
Child: 297.722836 10.000000 101.000000 0.000000 15.147906 306.223043 -10.000000 0.000000 0.000000 0.000000 0 0 0 0 0 0 0 0
Child: 306.223043 23.509357 237.000000 3128.244501 59.629231 0.000000 -10.000000 0.000000 0.000000 0.000000 1 0 0 0 0 0 0 0
EGO_STATUS -1.748249 200.304875 1.000000 1.567656 13.437574 4.000000 0.000000
DYNAMIC_OBS_INFO 0 1.750000 229.916566 -1.570000 28.482334 1.750000 229.916566 0.000000 0.000000
DYNAMIC_OBS_INFO 1 68.919600 209.500000 3.140000 71.092258 68.919600 209.500000 13.653350 0.206155
DYNAMIC_OBS_INFO 2 -52.705745 212.500000 0.000000 45.701644 -46.132447 212.500000 16.931303 2.490289
Parent: 247.700718 10.000000 102.000000 0.000000 15.297885 298.063043 -10.000000 3.137883 45.000000 0.000000 0 0 0 0 0 0 0 0
Child: 298.063043 10.000000 101.000000 0.000000 15.147906 306.563250 -10.000000 0.000000 0.000000 0.000000 0 0 0 0 0 0 0 0
Child: 306.563250 22.165536 223.000000 3128.234646 56.601725 0.000000 -10.000000 0.000000 0.000000 0.000000 1 0 0 0 0 0 0 0
EGO_STATUS -1.737773 201.648584 1.100000 1.556417 13.437574 4.000000 0.000000
DYNAMIC_OBS_INFO 0 1.750000 229.916566 -1.570000 27.145197 1.750000 229.916566 0.000000 0.000000
DYNAMIC_OBS_INFO 1 68.919600 209.500000 3.140000 70.921532 68.919600 209.500000 13.653350 0.206155
DYNAMIC_OBS_INFO 2 -52.705745 212.500000 0.000000 43.769400 -44.426865 212.500000 17.180332 2.490289
Parent: 247.727949 10.000000 102.000000 0.000000 15.297885 297.190284 -10.000000 3.037873 44.000000 0.000000 0 0 0 0 0 0 0 0
Child: 297.190284 10.000000 101.000000 0.000000 15.147906 305.690491 -10.000000 0.000000 0.000000 0.000000 0 0 0 0 0 0 0 0
Child: 305.690491 20.821643 210.000000 3128.232021 55.714719 0.000000 -10.000000 0.000000 0.000000 0.000000 1 0 0 0 0 0 0 0
EGO_STATUS -1.702689 202.991843 1.200000 1.529857 13.437574 4.000000 0.000000
DYNAMIC_OBS_INFO 0 1.750000 229.916566 -1.570000 25.804499 1.750000 229.916566 0.000000 0.000000
DYNAMIC_OBS_INFO 1 68.919600 209.500000 3.140000 70.726415 68.919600 209.500000 13.653350 0.206155
DYNAMIC_OBS_INFO 2 -52.705745 212.500000 0.000000 41.882607 -42.696381 212.500000 17.429361 2.490289
Parent: 250.128749 10.000000 102.000000 0.000000 15.297885 297.691097 -10.000000 2.937859 42.000000 0.000000 0 0 0 0 0 0 0 0
Child: 297.691097 10.000000 101.000000 0.000000 15.147906 306.191304 -10.000000 0.000000 0.000000 0.000000 0 0 0 0 0 0 0 0
Child: 306.191304 19.477706 196.000000 3128.226083 53.539620 0.000000 -10.000000 0.000000 0.000000 0.000000 1 0 0 0 0 0 0 0
EGO_STATUS -1.617806 204.332781 1.300000 1.481213 13.437574 4.000000 0.000000
DYNAMIC_OBS_INFO 0 1.750000 229.916566 -1.570000 24.461094 1.750000 229.916566 0.000000 0.000000
DYNAMIC_OBS_INFO 1 68.919600 209.500000 3.140000 70.474044 68.919600 209.500000 13.653350 0.206155
DYNAMIC_OBS_INFO 2 -52.705745 212.500000 0.000000 40.077943 -40.940993 212.500000 17.678389 2.490289
Parent: 249.798859 10.000000 102.000000 0.000000 15.297885 296.461222 -10.000000 2.837844 41.000000 0.000000 0 0 0 0 0 0 0 0
Child: 296.461222 10.000000 101.000000 0.000000 15.147906 304.961429 -10.000000 0.000000 0.000000 0.000000 0 0 0 0 0 0 0 0
Child: 304.961429 18.133746 183.000000 3128.222035 50.268585 0.000000 -10.000000 0.000000 0.000000 0.000000 1 0 0 0 0 0 0 0
EGO_STATUS -1.450060 205.665695 1.400000 1.405259 13.437574 4.000000 0.000000
DYNAMIC_OBS_INFO 0 1.750000 229.916566 -1.570000 23.123097 1.750000 229.916566 0.000000 0.000000
DYNAMIC_OBS_INFO 1 68.919600 209.500000 3.140000 68.761683 67.553236 209.502176 13.673965 0.206155
DYNAMIC_OBS_INFO 2 -52.705745 212.500000 0.000000 38.397814 -39.160703 212.500000 17.927418 2.490289
Parent: 251.130782 10.000000 102.000000 0.000000 15.297885 296.893160 -10.000000 2.737829 40.000000 0.000000 0 0 0 0 0 0 0 0
Child: 296.893160 10.000000 101.000000 0.000000 15.147906 305.393367 -10.000000 0.000000 0.000000 0.000000 0 0 0 0 0 0 0 0
Child: 305.393367 16.789785 169.000000 3128.220014 46.417321 0.000000 -10.000000 0.000000 0.000000 0.000000 1 0 0 0 0 0 0 0
EGO_STATUS -1.162085 206.977574 1.500000 1.299253 13.437574 4.000000 0.000000
DYNAMIC_OBS_INFO 0 1.750000 229.916566 -1.570000 21.811940 1.750000 229.916566 0.000000 0.000000
DYNAMIC_OBS_INFO 1 68.919600 209.500000 3.140000 66.914616 66.184810 209.504356 13.694581 0.206155
DYNAMIC_OBS_INFO 2 -52.705745 212.500000 0.000000 36.883852 -37.355510 212.500000 18.176447 2.490289
Parent: 245.951778 10.000000 101.000000 0.000000 15.147906 300.600555 -10.000000 2.851431 49.000000 0.000000 0 0 0 0 0 0 0 0
Child: 300.600555 10.000000 102.000000 0.000000 15.297885 309.100762 -10.000000 0.000000 0.000000 0.000000 0 0 0 0 0 0 0 0
Child: 309.100762 10.000000 101.000000 0.000000 15.147906 317.600970 -10.000000 0.000000 0.000000 0.000000 0 0 0 0 0 0 0 0
Child: 317.600970 15.445840 156.000000 3165.441103 42.267301 0.000000 0.000000 0.000000 0.000000 0.000000 1 0 1 0 0 0 0 0
EGO_STATUS -0.717948 208.244695 1.600000 1.163549 13.437574 4.000000 0.000000
DYNAMIC_OBS_INFO 0 1.750000 229.916566 -1.570000 20.554687 1.750000 229.916566 0.000000 0.000000
DYNAMIC_OBS_INFO 1 68.919600 209.500000 3.140000 64.897056 64.814323 209.506538 13.715196 0.206155
DYNAMIC_OBS_INFO 2 -52.705745 212.500000 0.000000 35.574239 -35.525413 212.500000 18.425476 2.490289
Parent: 719.693575 10.000000 101.000000 270.000000 2055.350685 544.877575 -10.000000 2.583259 48.000000 0.000000 0 1 1 0 0 0 0 0
Child: 544.877575 35.281862 354.000000 3459.589488 2007.430943 0.000000 0.000000 0.000000 0.000000 0.000000 1 1 1 0 1 0 0 0
EGO_STATUS -0.082702 209.443746 1.700000 0.999966 13.731574 5.000000 2.940000
DYNAMIC_OBS_INFO 0 1.750000 229.916566 -1.570000 19.405444 1.750000 229.916566 0.000000 0.000000
DYNAMIC_OBS_INFO 1 68.919600 209.500000 3.140000 62.679810 63.441775 209.508724 13.735812 0.206155
DYNAMIC_OBS_INFO 2 -52.705745 212.500000 0.000000 34.496757 -33.670414 212.500000 18.674505 2.490289
Parent: 709.534702 10.000000 101.000000 270.000000 2055.350685 533.818705 -10.000000 2.483256 47.000000 0.000000 0 1 1 0 0 0 0 0
Child: 533.818705 33.893935 340.000000 3459.590901 1995.613959 0.000000 -10.000000 0.000000 0.000000 0.000000 1 1 1 0 1 0 0 0
EGO_STATUS 0.770382 210.535864 1.800000 0.812909 14.025574 0.000000 2.940000
DYNAMIC_OBS_INFO 0 1.750000 229.916566 -1.570000 18.456011 1.750000 229.916566 0.000000 0.000000
DYNAMIC_OBS_INFO 1 68.919600 209.500000 3.140000 60.257693 62.067164 209.510914 13.756427 0.206155
DYNAMIC_OBS_INFO 2 -52.705745 212.500000 0.000000 33.647592 -31.790512 212.500000 18.923534 2.490289
Parent: 710.829664 10.000000 101.000000 270.000000 2055.350685 534.213697 -10.000000 2.383226 46.000000 0.000000 0 1 1 0 0 0 0 0
Child: 534.213697 32.476049 326.000000 3459.581809 2003.326145 0.000000 -10.000000 0.000000 0.000000 0.000000 1 1 1 0 1 0 0 0
EGO_STATUS 1.841027 211.460779 1.900000 0.611406 14.319574 0.000000 2.940000
DYNAMIC_OBS_INFO 0 1.750000 229.916566 -1.570000 17.804389 1.750000 229.916566 0.000000 0.000000
DYNAMIC_OBS_INFO 1 68.919600 209.500000 3.140000 57.648909 60.690493 209.513106 13.777043 0.206155
DYNAMIC_OBS_INFO 2 -52.705745 212.500000 0.000000 32.989970 -29.885708 212.500000 19.172563 2.490289
Parent: 710.586899 10.000000 101.000000 270.000000 2055.350685 533.070939 -10.000000 2.283220 45.000000 0.000000 0 1 1 0 0 0 0 0
Child: 533.070939 31.029246 312.000000 3459.572271 2001.022291 0.000000 -10.000000 0.000000 0.000000 0.000000 1 1 1 0 1 0 0 0
EGO_STATUS 3.102547 212.163625 2.000000 0.406604 14.613574 0.000000 2.940000
DYNAMIC_OBS_INFO 0 1.750000 229.916566 -1.570000 17.525786 1.750000 229.916566 0.000000 0.000000
DYNAMIC_OBS_INFO 1 68.919600 209.500000 3.140000 54.891711 59.311759 209.515302 13.797658 0.206155
DYNAMIC_OBS_INFO 2 -52.705745 212.500000 0.000000 32.463483 -27.956000 212.500000 19.421591 2.490289
Parent: 663.707391 10.000000 101.000000 0.000000 2055.350685 510.719366 -10.000000 2.487957 43.000000 0.000000 0 0 0 0 0 0 0 0
Child: 510.719366 29.552905 297.000000 3139.365657 1993.248281 0.000000 0.000000 0.000000 0.000000 0.000000 1 0 0 0 0 0 0 0
EGO_STATUS 4.507300 212.609039 2.100000 0.210865 14.907574 0.000000 2.940000
DYNAMIC_OBS_INFO 0 1.750000 229.916566 -1.570000 17.642986 1.750000 229.916566 0.000000 0.000000
DYNAMIC_OBS_INFO 1 68.919600 209.500000 3.140000 52.044643 57.930964 209.517501 13.818274 0.206155
DYNAMIC_OBS_INFO 2 -52.705745 212.500000 0.000000 31.992047 -26.001389 212.500000 19.670620 2.490289
Parent: 722.044770 10.000000 101.000000 270.000000 2055.350685 541.707708 -10.000000 2.104321 42.000000 0.000000 0 1 1 0 0 0 0 0
Child: 541.707708 28.057782 282.000000 3456.733793 1987.801209 0.000000 0.000000 0.000000 0.000000 0.000000 1 1 1 0 1 0 0 0
EGO_STATUS 5.989339 212.790476 2.200000 0.037923 14.992193 5.000000 0.846181
DYNAMIC_OBS_INFO 0 1.750000 229.916566 -1.570000 18.116162 1.750000 229.916566 0.000000 0.000000
DYNAMIC_OBS_INFO 1 68.919600 209.500000 3.140000 49.152449 56.548108 209.519704 13.838889 0.206155
DYNAMIC_OBS_INFO 2 -52.705745 212.500000 0.000000 31.523870 -24.021876 212.500000 19.919649 2.490289
Parent: 662.646306 10.000000 101.000000 0.000000 2055.350685 507.870028 -10.000000 2.276210 41.000000 0.000000 0 0 0 0 0 0 0 0
Child: 507.870028 26.543844 267.000000 3120.591357 1987.986640 0.000000 0.000000 0.000000 0.000000 0.000000 1 0 0 0 0 0 0 0
EGO_STATUS 7.501100 212.737504 2.300000 -0.101177 15.286193 0.000000 2.940000
DYNAMIC_OBS_INFO 0 1.750000 229.916566 -1.570000 18.867668 1.750000 229.916566 0.000000 0.000000
DYNAMIC_OBS_INFO 1 68.919600 209.500000 3.140000 46.244628 55.163190 209.521909 13.859505 0.206155
DYNAMIC_OBS_INFO 2 -52.705745 212.500000 0.000000 31.032245 -22.017460 212.500000 20.168678 2.490289
Parent: 1091.855933 20.000000 201.000000 270.000000 5115.451027 612.569949 -10.000000 2.420210 49.000000 0.000000 0 1 1 0 0 0 0 0
Child: 612.569949 25.782093 259.000000 3499.675647 2654.037868 0.000000 0.000000 0.000000 0.000000 0.000000 1 1 1 0 1 0 0 0
EGO_STATUS 9.014786 212.503588 2.400000 -0.197495 15.358869 5.000000 0.726766
DYNAMIC_OBS_INFO 0 1.750000 229.916566 -1.570000 19.809766 1.750000 229.916566 0.000000 0.000000
DYNAMIC_OBS_INFO 1 68.919600 209.500000 3.140000 43.330308 53.776211 209.524118 13.880120 0.206155
DYNAMIC_OBS_INFO 2 -52.705745 212.500000 0.000000 30.516025 -19.988140 212.500000 20.417707 2.490289
Parent: 891.358901 10.000000 101.000000 270.000000 2055.350685 716.841778 -10.000000 2.284382 48.000000 0.000000 0 1 1 0 0 0 0 0
Child: 716.841778 33.428181 336.000000 3386.492645 3919.284433 0.000000 -10.000000 0.000000 0.000000 0.000000 1 1 1 0 0 0 0 0
EGO_STATUS 10.525955 212.156796 2.500000 -0.245113 15.652869 0.000000 2.940000
DYNAMIC_OBS_INFO 0 1.750000 229.916566 -1.570000 20.869989 1.750000 229.916566 0.000000 0.000000
DYNAMIC_OBS_INFO 1 68.919600 209.500000 3.140000 40.391704 52.387170 209.526330 13.900736 0.206155
DYNAMIC_OBS_INFO 2 -52.705745 212.500000 0.000000 30.000624 -17.933918 212.500000 20.666736 2.490289
Parent: 890.321693 20.000000 201.000000 270.000000 4090.351363 500.003835 0.000000 2.452050 46.000000 0.000000 0 1 1 0 0 0 0 0
Child: 500.003835 21.876302 220.000000 3122.125590 1906.185122 0.000000 0.000000 0.000000 0.000000 0.000000 1 0 0 0 0 0 0 0
EGO_STATUS 12.057818 211.769793 2.600000 -0.241172 15.946869 0.000000 2.940000
DYNAMIC_OBS_INFO 0 1.750000 229.916566 -1.570000 21.972365 1.750000 229.916566 0.000000 0.000000
DYNAMIC_OBS_INFO 1 68.919600 209.500000 3.140000 37.427613 50.996067 209.528546 13.921351 0.206155
DYNAMIC_OBS_INFO 2 -52.705745 212.500000 0.000000 29.490911 -15.854793 212.500000 20.915765 2.490289
Parent: 907.758558 20.000000 201.000000 270.000000 4090.351363 526.782724 -10.000000 2.110027 45.000000 0.000000 0 1 1 0 0 0 0 0
Child: 526.782724 20.279628 204.000000 3450.808727 1848.286184 0.000000 0.000000 0.000000 0.000000 0.000000 1 1 1 0 1 0 0 0
EGO_STATUS 13.616485 211.424098 2.700000 -0.187763 15.987889 5.000000 0.410201
DYNAMIC_OBS_INFO 0 1.750000 229.916566 -1.570000 23.060463 1.750000 229.916566 0.000000 0.000000
DYNAMIC_OBS_INFO 1 68.919600 209.500000 3.140000 34.430239 49.602903 209.530765 13.941967 0.206155
DYNAMIC_OBS_INFO 2 -52.705745 212.500000 0.000000 28.993055 -13.750765 212.500000 21.164793 2.490289
Parent: 880.672102 20.000000 201.000000 270.000000 4090.351363 487.563873 0.000000 2.242422 43.000000 0.000000 0 1 1 0 0 0 0 0
Child: 487.563873 18.666170 188.000000 3122.806864 1787.788475 0.000000 0.000000 0.000000 0.000000 0.000000 1 0 0 0 0 0 0 0
EGO_STATUS 15.212858 211.193949 2.800000 -0.092753 16.281889 0.000000 2.940000
DYNAMIC_OBS_INFO 0 1.750000 229.916566 -1.570000 24.087370 1.750000 229.916566 0.000000 0.000000
DYNAMIC_OBS_INFO 1 68.919600 209.500000 3.140000 31.408817 48.207677 209.532987 13.962582 0.206155
DYNAMIC_OBS_INFO 2 -52.705745 212.500000 0.000000 28.494313 -11.621834 212.500000 21.413822 2.490289
Parent: 912.703053 10.000000 101.000000 270.000000 2055.350685 732.323021 -10.000000 2.147290 42.000000 0.000000 0 1 1 0 0 0 0 0
Child: 732.323021 27.262390 274.000000 3387.400185 3972.794851 0.000000 0.000000 0.000000 0.000000 0.000000 1 1 1 0 0 0 0 0
EGO_STATUS 16.840092 211.141835 2.900000 0.032268 16.301042 5.000000 0.191525
DYNAMIC_OBS_INFO 0 1.750000 229.916566 -1.570000 25.014071 1.750000 229.916566 0.000000 0.000000
DYNAMIC_OBS_INFO 1 68.919600 209.500000 3.140000 28.400391 46.810390 209.535212 13.983198 0.206155
DYNAMIC_OBS_INFO 2 -52.705745 212.500000 0.000000 27.958793 -9.468001 212.500000 21.662851 2.490289
Parent: 780.593397 10.000000 102.000000 270.000000 15.297885 810.265458 -10.000000 2.357558 50.000000 0.000000 0 1 1 0 0 0 0 0
Child: 810.265458 36.832074 370.000000 3432.596573 4706.999925 0.000000 0.000000 0.000000 0.000000 0.000000 1 1 1 0 0 0 0 0
EGO_STATUS 18.465345 211.307402 3.000000 0.171535 16.399042 2.000000 0.980000
DYNAMIC_OBS_INFO 0 1.750000 229.916566 -1.570000 25.834153 1.750000 229.916566 0.000000 0.000000
DYNAMIC_OBS_INFO 1 68.919600 209.500000 3.140000 25.432612 45.411041 209.537441 14.003813 0.206155
DYNAMIC_OBS_INFO 2 -52.705745 212.500000 0.000000 27.371634 -7.289264 212.500000 21.911880 2.490289
Parent: 2285.894524 30.000000 301.000000 10270.000000 6125.352041 717.176865 -10.000000 2.629417 58.000000 0.000000 0 1 1 0 0 0 0 1
Child: 717.176865 24.056296 242.000000 3419.707037 3895.500747 0.000000 -10.000000 0.000000 0.000000 0.000000 1 1 1 0 0 0 0 0
EGO_STATUS 20.070748 211.702459 3.100000 0.308862 16.693042 0.000000 2.940000
DYNAMIC_OBS_INFO 0 1.750000 229.916566 -1.570000 26.561038 1.750000 229.916566 0.000000 0.000000
DYNAMIC_OBS_INFO 1 68.919600 209.500000 3.140000 22.541515 44.009631 209.539673 14.024429 0.206155
DYNAMIC_OBS_INFO 2 -52.705745 212.500000 0.000000 26.725587 -5.085625 212.500000 22.160909 2.490289
Parent: 3254.142469 40.000000 401.000000 20270.000000 8160.352719 482.679305 -10.000000 2.517756 57.000000 0.000000 0 1 1 0 0 0 0 2
Child: 482.679305 12.087703 122.000000 3431.563186 1541.000809 0.000000 -10.000000 0.000000 0.000000 0.000000 1 1 1 0 0 0 0 0
EGO_STATUS 21.639304 212.312467 3.200000 0.428224 16.987042 0.000000 2.940000
DYNAMIC_OBS_INFO 0 1.750000 229.916566 -1.570000 27.230317 1.750000 229.916566 0.000000 0.000000
DYNAMIC_OBS_INFO 1 68.919600 209.500000 3.140000 19.765041 42.606159 209.541908 14.045044 0.206155
DYNAMIC_OBS_INFO 2 -52.705745 212.500000 0.000000 26.026956 -2.857082 212.500000 22.409938 2.490289
Parent: 1219.773018 20.000000 201.000000 270.000000 994.952084 1156.484906 -10.000000 2.422233 55.000000 0.000000 0 1 1 0 0 0 0 0
Child: 1156.484906 20.109224 203.000000 3326.793120 3600.051693 480.310162 -10.000000 0.000000 0.000000 0.000000 1 1 1 0 0 0 0 0
Child: 480.310162 10.374287 105.000000 3431.565099 1530.950959 0.000000 -10.000000 0.000000 0.000000 0.000000 1 1 1 0 0 0 0 0
EGO_STATUS 23.163076 213.094842 3.300000 0.512654 17.281042 0.000000 2.940000
DYNAMIC_OBS_INFO 0 1.750000 229.916566 -1.570000 27.913657 1.750000 229.916566 0.000000 0.000000
DYNAMIC_OBS_INFO 1 68.919600 209.500000 3.140000 17.119074 41.200626 209.544147 14.065660 0.206155
DYNAMIC_OBS_INFO 2 -52.705745 212.500000 0.000000 25.312447 -0.603637 212.500000 22.658967 2.490289
Parent: 7209.152307 30.000000 301.000000 270.000000 6125.352041 6633.423226 -10.000000 2.318578 54.000000 0.000000 0 1 1 0 0 0 0 0
Child: 6633.423226 18.651542 188.000000 63416.419136 3546.601380 0.000000 -10.000000 0.000000 0.000000 0.000000 1 1 1 0 0 0 0 6
EGO_STATUS 24.665637 213.977751 3.400000 0.537573 17.575042 0.000000 2.940000
DYNAMIC_OBS_INFO 0 1.750000 229.916566 -1.570000 28.723475 1.750000 229.916566 0.000000 0.000000
DYNAMIC_OBS_INFO 1 68.919600 209.500000 3.140000 14.586011 39.793031 209.546389 14.086275 0.206155
DYNAMIC_OBS_INFO 2 -52.705745 212.500000 0.000000 24.644344 1.674711 212.500000 22.907995 2.490289
Parent: 1135.358915 40.218448 404.000000 3304.300521 4091.202870 458.905148 -10.000000 2.226869 52.000000 0.000000 1 1 1 0 0 0 0 0
Child: 458.905148 6.863229 70.000000 3440.495028 1342.000518 0.000000 -10.000000 0.000000 0.000000 0.000000 1 1 1 0 0 0 0 0
EGO_STATUS 26.206490 214.852764 3.500000 0.481705 17.869042 0.000000 2.940000
DYNAMIC_OBS_INFO 0 1.750000 229.916566 -1.570000 29.772567 1.750000 229.916566 0.000000 0.000000
DYNAMIC_OBS_INFO 1 68.919600 209.500000 3.140000 12.143812 38.383374 209.548634 14.106891 0.206155
DYNAMIC_OBS_INFO 2 -52.705745 212.500000 0.000000 24.070140 3.977962 212.500000 23.157024 2.490289
Parent: 6035.411946 20.000000 201.000000 270.000000 994.952084 5968.423672 -10.000000 2.122395 51.000000 0.000000 0 1 1 0 0 0 0 0
Child: 5968.423672 20.109224 203.000000 3326.796030 3600.051693 5292.248640 -10.000000 0.000000 0.000000 0.000000 1 1 1 0 0 0 0 0
Child: 5292.248640 5.061628 52.000000 53440.482470 1031.500365 0.000000 -10.000000 0.000000 0.000000 0.000000 1 1 1 0 0 0 0 5
EGO_STATUS 27.848941 215.589982 3.600000 0.351574 18.163042 0.000000 2.940000
DYNAMIC_OBS_INFO 0 1.750000 229.916566 -1.570000 31.116519 1.750000 229.916566 0.000000 0.000000
DYNAMIC_OBS_INFO 1 68.919600 209.500000 3.140000 9.827820 36.971656 209.550882 14.127506 0.206155
DYNAMIC_OBS_INFO 2 -52.705745 212.500000 0.000000 23.579429 6.306116 212.500000 23.406053 2.490289
Parent: 19947.345366 10.000000 102.000000 140270.000000 2075.700691 6058.466248 -10.000000 2.418266 59.000000 0.000000 0 1 1 0 0 0 0 14
Child: 6058.466248 40.000000 401.000000 20270.000000 8160.352719 3232.520840 -10.000000 0.000000 0.000000 0.000000 0 1 1 0 0 0 0 2
Child: 3232.520840 3.230619 34.000000 33437.563026 687.700232 0.000000 -10.000000 0.000000 0.000000 0.000000 1 1 1 0 0 0 0 3
EGO_STATUS 29.614244 216.066597 3.700000 0.172824 18.457042 0.000000 2.940000
DYNAMIC_OBS_INFO 0 1.750000 229.916566 -1.570000 32.712097 1.750000 229.916566 0.000000 0.000000
DYNAMIC_OBS_INFO 1 68.919600 209.500000 3.140000 7.838451 35.557876 209.553134 14.148122 0.206155
DYNAMIC_OBS_INFO 2 -52.705745 212.500000 0.000000 23.110201 8.659172 212.500000 23.655082 2.490289
Parent: 12104.657096 10.000000 102.000000 110270.000000 2075.700691 1155.054448 -10.000000 2.318266 57.000000 0.000000 0 1 1 0 0 0 0 11
Child: 1155.054448 40.000000 401.000000 270.000000 8160.352719 324.121509 -10.000000 0.000000 0.000000 0.000000 0 1 1 0 0 0 0 0
Child: 324.121509 1.370217 15.000000 3352.435254 305.250102 0.000000 -10.000000 0.000000 0.000000 0.000000 1 1 1 0 0 0 0 0
EGO_STATUS 31.465034 216.238188 3.800000 0.028366 18.751042 0.000000 2.940000
DYNAMIC_OBS_INFO 0 1.750000 229.916566 -1.570000 34.433051 1.750000 229.916566 0.000000 0.000000
DYNAMIC_OBS_INFO 1 68.919600 209.500000 3.140000 6.740745 34.142035 209.555389 14.168737 0.206155
DYNAMIC_OBS_INFO 2 -52.705745 212.500000 0.000000 22.630475 11.037132 212.500000 23.904111 2.490289
TIMEOUT
