Parent: 24.361060 32.626471 328.000000 32.618887 537.986208 2.643035 0.000000 4.959394 40.000000 0.000000 0 0 0 1 0 0 0 0
Child: 2.643035 4.592335 47.000000 20.000000 7.050000 0.000000 0.000000 0.000000 0.000000 0.000000 0 0 1 0 0 0 0 0
EGO_STATUS -1.750000 186.407665 0.000000 1.570796 13.115963 4.000000 0.000000
DYNAMIC_OBS_INFO 0 1.750000 232.248167 -1.570000 44.651574 1.750000 232.248167 0.000000 0.000000
DYNAMIC_OBS_INFO 1 68.256188 209.500000 3.140000 73.311842 68.256188 209.500000 11.352784 0.250175
DYNAMIC_OBS_INFO 2 -53.311976 212.500000 0.000000 57.201340 -53.311976 212.500000 14.696669 1.899782
Parent: 259.378540 10.000000 101.000000 0.000000 15.147906 313.508392 -10.000000 3.370356 49.000000 0.000000 0 0 0 0 0 0 0 0
Child: 313.508392 21.930324 221.000000 3104.894620 235.940030 -8.010097 -10.000000 0.000000 0.000000 0.000000 1 0 0 0 0 0 0 0
Child: -8.010097 10.000000 102.000000 0.000000 15.300000 0.489903 -10.000000 0.000000 0.000000 0.000000 0 0 0 0 0 0 0 0
Child: 0.489903 3.266023 34.000000 0.000000 5.100000 0.000000 0.000000 0.000000 0.000000 0.000000 0 0 0 0 0 0 0 0
EGO_STATUS -1.750000 187.733977 0.100000 1.570796 13.409963 0.000000 2.940000
DYNAMIC_OBS_INFO 0 1.750000 232.248167 -1.570000 43.314832 1.750000 232.248167 0.000000 0.000000
DYNAMIC_OBS_INFO 1 68.256188 209.500000 3.140000 72.924948 68.256188 209.500000 11.352784 0.250175
DYNAMIC_OBS_INFO 2 -53.311976 212.500000 0.000000 56.633641 -53.311976 212.500000 14.696669 1.899782
Parent: 251.077391 10.000000 101.000000 0.000000 15.147906 303.307242 -10.000000 3.270356 47.000000 0.000000 0 0 0 0 0 0 0 0
Child: 303.307242 21.930324 221.000000 3104.894620 235.940030 -18.211246 -10.000000 0.000000 0.000000 0.000000 1 0 0 0 0 0 0 0
Child: -18.211246 10.000000 102.000000 0.000000 15.300000 -9.711246 -10.000000 0.000000 0.000000 0.000000 0 0 0 0 0 0 0 0
Child: -9.711246 1.925027 21.000000 0.000000 3.150000 0.000000 -10.000000 0.000000 0.000000 0.000000 0 0 0 0 0 0 0 0
EGO_STATUS -1.750000 189.074973 0.200000 1.570796 13.409963 4.000000 0.000000
DYNAMIC_OBS_INFO 0 1.750000 232.248167 -1.570000 41.978360 1.750000 232.248167 0.000000 0.000000
DYNAMIC_OBS_INFO 1 68.256188 209.500000 3.140000 72.560779 68.256188 209.500000 11.352784 0.250175
DYNAMIC_OBS_INFO 2 -53.311976 212.500000 0.000000 56.092261 -53.311976 212.500000 14.696669 1.899782
Parent: 251.776241 10.000000 101.000000 0.000000 15.147906 303.106093 -10.000000 3.170356 46.000000 0.000000 0 0 0 0 0 0 0 0
Child: 303.106093 21.930324 221.000000 3104.894620 235.940030 -18.412395 -10.000000 0.000000 0.000000 0.000000 1 0 0 0 0 0 0 0
Child: -18.412395 10.000000 102.000000 0.000000 15.300000 -9.912395 -10.000000 0.000000 0.000000 0.000000 0 0 0 0 0 0 0 0
Child: -9.912395 0.584030 7.000000 0.000000 1.050000 0.000000 -10.000000 0.000000 0.000000 0.000000 0 0 0 0 0 0 0 0
EGO_STATUS -1.750000 190.415970 0.300000 1.570796 13.409963 4.000000 0.000000
DYNAMIC_OBS_INFO 0 1.750000 232.248167 -1.570000 40.642187 1.750000 232.248167 0.000000 0.000000
DYNAMIC_OBS_INFO 1 68.256188 209.500000 3.140000 72.219676 68.256188 209.500000 11.352784 0.250175
DYNAMIC_OBS_INFO 2 -53.311976 212.500000 0.000000 55.577971 -53.311976 212.500000 14.696669 1.899782
Parent: 262.475092 10.000000 101.000000 0.000000 15.147906 312.904943 -10.000000 3.070356 45.000000 0.000000 0 0 0 0 0 0 0 0
Child: 312.904943 21.930324 221.000000 3104.894620 235.940030 -8.613545 -10.000000 0.000000 0.000000 0.000000 1 0 0 0 0 0 0 0
Child: -8.613545 9.243034 94.000000 0.000000 14.100000 0.000000 -10.000000 0.000000 0.000000 0.000000 0 0 0 0 0 0 0 0
EGO_STATUS -1.750000 191.756966 0.400000 1.570796 13.409963 4.000000 0.000000
DYNAMIC_OBS_INFO 0 1.750000 232.248167 -1.570000 39.306342 1.750000 232.248167 0.000000 0.000000
DYNAMIC_OBS_INFO 1 68.256188 209.500000 3.140000 71.901970 68.256188 209.500000 11.352784 0.250175
DYNAMIC_OBS_INFO 2 -53.311976 212.500000 0.000000 55.091528 -53.311976 212.500000 14.696669 1.899782
Parent: 264.173942 10.000000 101.000000 0.000000 15.147906 312.703794 -10.000000 2.970356 43.000000 0.000000 0 0 0 0 0 0 0 0
Child: 312.703794 21.930324 221.000000 3104.894620 235.940030 -8.814694 -10.000000 0.000000 0.000000 0.000000 1 0 0 0 0 0 0 0
Child: -8.814694 7.902038 81.000000 0.000000 12.150000 0.000000 -10.000000 0.000000 0.000000 0.000000 0 0 0 0 0 0 0 0
EGO_STATUS -1.750000 193.097962 0.500000 1.570796 13.409963 4.000000 0.000000
DYNAMIC_OBS_INFO 0 1.750000 232.248167 -1.570000 37.970860 1.750000 232.248167 0.000000 0.000000
DYNAMIC_OBS_INFO 1 68.256188 209.500000 3.140000 71.607970 68.256188 209.500000 11.352784 0.250175
DYNAMIC_OBS_INFO 2 -53.311976 212.500000 0.000000 53.239920 -51.832810 212.500000 14.886647 1.899782
Parent: 264.872793 10.000000 101.000000 0.000000 15.147906 312.502644 -10.000000 2.870356 42.000000 0.000000 0 0 0 0 0 0 0 0
Child: 312.502644 21.930324 221.000000 3104.894620 235.940030 -9.015844 -10.000000 0.000000 0.000000 0.000000 1 0 0 0 0 0 0 0
Child: -9.015844 6.561042 67.000000 0.000000 10.050000 0.000000 -10.000000 0.000000 0.000000 0.000000 0 0 0 0 0 0 0 0
EGO_STATUS -1.750000 194.438958 0.600000 1.570796 13.409963 4.000000 0.000000
DYNAMIC_OBS_INFO 0 1.750000 232.248167 -1.570000 36.635782 1.750000 232.248167 0.000000 0.000000
DYNAMIC_OBS_INFO 1 68.256188 209.500000 3.140000 71.337970 68.256188 209.500000 11.352784 0.250175
DYNAMIC_OBS_INFO 2 -53.311976 212.500000 0.000000 51.381201 -50.334647 212.500000 15.076625 1.899782
Parent: 265.571643 10.000000 101.000000 0.000000 15.147906 312.301495 -10.000000 2.770356 41.000000 0.000000 0 0 0 0 0 0 0 0
Child: 312.301495 21.930324 221.000000 3104.894620 235.940030 -9.216993 -10.000000 0.000000 0.000000 0.000000 1 0 0 0 0 0 0 0
Child: -9.216993 5.220045 54.000000 0.000000 8.100000 0.000000 -10.000000 0.000000 0.000000 0.000000 0 0 0 0 0 0 0 0
EGO_STATUS -1.750000 195.779955 0.700000 1.570796 13.409963 4.000000 0.000000
DYNAMIC_OBS_INFO 0 1.750000 232.248167 -1.570000 35.301151 1.750000 232.248167 0.000000 0.000000
DYNAMIC_OBS_INFO 1 68.256188 209.500000 3.140000 71.092245 68.256188 209.500000 11.352784 0.250175
DYNAMIC_OBS_INFO 2 -53.311976 212.500000 0.000000 49.516293 -48.817485 212.500000 15.266603 1.899782
Parent: 244.946760 10.000000 102.000000 0.000000 15.297885 298.979411 -10.000000 3.467556 49.000000 0.000000 0 0 0 0 0 0 0 0
Child: 298.979411 10.000000 101.000000 0.000000 15.147906 307.479618 -10.000000 0.000000 0.000000 0.000000 0 0 0 0 0 0 0 0
Child: 307.479618 26.499801 266.000000 3123.519114 63.281382 0.000000 -10.000000 0.000000 0.000000 0.000000 1 0 0 0 0 0 0 0
EGO_STATUS -1.750000 197.120951 0.800000 1.570796 13.409963 4.000000 0.000000
DYNAMIC_OBS_INFO 0 1.750000 232.248167 -1.570000 33.967017 1.750000 232.248167 0.000000 0.000000
DYNAMIC_OBS_INFO 1 68.256188 209.500000 3.140000 70.870991 68.256188 209.500000 11.352784 0.250175
DYNAMIC_OBS_INFO 2 -53.311976 212.500000 0.000000 47.646338 -47.281326 212.500000 15.456581 1.899782
Parent: 245.041826 10.000000 102.000000 0.000000 15.297885 298.174532 -10.000000 3.367501 48.000000 0.000000 0 0 0 0 0 0 0 0
Child: 298.174532 10.000000 101.000000 0.000000 15.147906 306.674739 -10.000000 0.000000 0.000000 0.000000 0 0 0 0 0 0 0 0
Child: 306.674739 25.158067 253.000000 3123.518969 61.094144 0.000000 -10.000000 0.000000 0.000000 0.000000 1 0 0 0 0 0 0 0
EGO_STATUS -1.749946 198.461947 0.900000 1.570600 13.409963 4.000000 0.000000
DYNAMIC_OBS_INFO 0 1.750000 232.248167 -1.570000 32.633288 1.750000 232.248167 0.000000 0.000000
DYNAMIC_OBS_INFO 1 68.256188 209.500000 3.140000 70.673034 68.256188 209.500000 11.352784 0.250175
DYNAMIC_OBS_INFO 2 -53.311976 212.500000 0.000000 45.773988 -45.726169 212.500000 15.646559 1.899782
Parent: 245.069666 10.000000 102.000000 0.000000 15.297885 297.302368 -10.000000 3.267505 47.000000 0.000000 0 0 0 0 0 0 0 0
Child: 297.302368 10.000000 101.000000 0.000000 15.147906 305.802575 -10.000000 0.000000 0.000000 0.000000 0 0 0 0 0 0 0 0
Child: 305.802575 23.817126 240.000000 3123.516739 58.757152 0.000000 -10.000000 0.000000 0.000000 0.000000 1 0 0 0 0 0 0 0
EGO_STATUS -1.748417 199.802942 1.000000 1.567950 13.409963 4.000000 0.000000
DYNAMIC_OBS_INFO 0 1.750000 232.248167 -1.570000 31.299331 1.750000 232.248167 0.000000 0.000000
DYNAMIC_OBS_INFO 1 68.256188 209.500000 3.140000 70.492132 68.256188 209.500000 11.352784 0.250175
DYNAMIC_OBS_INFO 2 -53.311976 212.500000 0.000000 43.907071 -44.152014 212.500000 15.836538 1.899782
Parent: 247.424860 10.000000 102.000000 0.000000 15.297885 297.757566 -10.000000 3.167502 45.000000 0.000000 0 0 0 0 0 0 0 0
Child: 297.757566 10.000000 101.000000 0.000000 15.147906 306.257773 -10.000000 0.000000 0.000000 0.000000 0 0 0 0 0 0 0 0
Child: 306.257773 22.476085 226.000000 3123.509949 56.503667 0.000000 -10.000000 0.000000 0.000000 0.000000 1 0 0 0 0 0 0 0
EGO_STATUS -1.738928 201.143899 1.100000 1.557731 13.409963 4.000000 0.000000
DYNAMIC_OBS_INFO 0 1.750000 232.248167 -1.570000 29.963781 1.750000 232.248167 0.000000 0.000000
DYNAMIC_OBS_INFO 1 68.256188 209.500000 3.140000 70.314113 68.256188 209.500000 11.352784 0.250175
DYNAMIC_OBS_INFO 2 -53.311976 212.500000 0.000000 42.061618 -42.558861 212.500000 16.026516 1.899782
Parent: 247.432917 10.000000 102.000000 0.000000 15.297885 296.865630 -10.000000 3.067494 44.000000 0.000000 0 0 0 0 0 0 0 0
Child: 296.865630 10.000000 101.000000 0.000000 15.147906 305.365838 -10.000000 0.000000 0.000000 0.000000 0 0 0 0 0 0 0 0
Child: 305.365838 21.134976 213.000000 3123.503443 54.778940 0.000000 -10.000000 0.000000 0.000000 0.000000 1 0 0 0 0 0 0 0
EGO_STATUS -1.707067 202.484483 1.200000 1.533501 13.409963 4.000000 0.000000
DYNAMIC_OBS_INFO 0 1.750000 232.248167 -1.570000 28.625254 1.750000 232.248167 0.000000 0.000000
DYNAMIC_OBS_INFO 1 68.256188 209.500000 3.140000 70.116142 68.256188 209.500000 11.352784 0.250175
DYNAMIC_OBS_INFO 2 -53.311976 212.500000 0.000000 40.263012 -40.946711 212.500000 16.216494 1.899782
Parent: 248.916126 10.000000 102.000000 0.000000 15.297885 297.448851 -10.000000 2.967482 43.000000 0.000000 0 0 0 0 0 0 0 0
Child: 297.448851 10.000000 101.000000 0.000000 15.147906 305.949058 -10.000000 0.000000 0.000000 0.000000 0 0 0 0 0 0 0 0
Child: 305.949058 19.793823 199.000000 3123.500935 52.937611 0.000000 -10.000000 0.000000 0.000000 0.000000 1 0 0 0 0 0 0 0
EGO_STATUS -1.629766 203.823136 1.300000 1.488951 13.409963 4.000000 0.000000
DYNAMIC_OBS_INFO 0 1.750000 232.248167 -1.570000 27.284547 1.750000 232.248167 0.000000 0.000000
DYNAMIC_OBS_INFO 1 68.256188 209.500000 3.140000 69.867905 68.256188 209.500000 11.352784 0.250175
DYNAMIC_OBS_INFO 2 -53.311976 212.500000 0.000000 38.545349 -39.315563 212.500000 16.406472 1.899782
Parent: 248.686141 10.000000 102.000000 0.000000 15.297885 296.318880 -10.000000 2.867468 42.000000 0.000000 0 0 0 0 0 0 0 0
Child: 296.318880 10.000000 101.000000 0.000000 15.147906 304.819087 -10.000000 0.000000 0.000000 0.000000 0 0 0 0 0 0 0 0
Child: 304.819087 18.452646 186.000000 3123.492094 49.838792 0.000000 -10.000000 0.000000 0.000000 0.000000 1 0 0 0 0 0 0 0
EGO_STATUS -1.476485 205.155062 1.400000 1.419069 13.409963 4.000000 0.000000
DYNAMIC_OBS_INFO 0 1.750000 232.248167 -1.570000 25.948597 1.750000 232.248167 0.000000 0.000000
DYNAMIC_OBS_INFO 1 68.256188 209.500000 3.140000 69.534504 68.256188 209.500000 11.352784 0.250175
DYNAMIC_OBS_INFO 2 -53.311976 212.500000 0.000000 36.948682 -37.665417 212.500000 16.596450 1.899782
Parent: 248.977747 10.000000 102.000000 0.000000 15.297885 294.710500 -10.000000 2.767455 40.000000 0.000000 0 0 0 0 0 0 0 0
Child: 294.710500 10.000000 101.000000 0.000000 15.147906 303.210707 -10.000000 0.000000 0.000000 0.000000 0 0 0 0 0 0 0 0
Child: 303.210707 17.111463 173.000000 3123.493647 43.123492 0.000000 -10.000000 0.000000 0.000000 0.000000 1 0 0 0 0 0 0 0
EGO_STATUS -1.212233 206.469205 1.500000 1.321013 13.409963 4.000000 0.000000
DYNAMIC_OBS_INFO 0 1.750000 232.248167 -1.570000 24.635652 1.750000 232.248167 0.000000 0.000000
DYNAMIC_OBS_INFO 1 68.256188 209.500000 3.140000 69.080932 68.256188 209.500000 11.352784 0.250175
DYNAMIC_OBS_INFO 2 -53.311976 212.500000 0.000000 35.513578 -35.996273 212.500000 16.786428 1.899782
Parent: 232.150239 10.000000 101.000000 0.000000 15.147906 286.237291 -10.000000 3.413156 49.000000 0.000000 0 0 0 0 0 0 0 0
Child: 286.237291 10.000000 102.000000 0.000000 15.297885 294.737498 -10.000000 0.000000 0.000000 0.000000 0 0 0 0 0 0 0 0
Child: 294.737498 10.000000 101.000000 0.000000 15.147906 303.237706 -10.000000 0.000000 0.000000 0.000000 0 0 0 0 0 0 0 0
Child: 303.237706 15.770291 159.000000 3123.488372 34.652093 0.000000 -10.000000 0.000000 0.000000 0.000000 1 0 0 0 0 0 0 0
EGO_STATUS -0.802450 207.745099 1.600000 1.194675 13.409963 4.000000 0.000000
DYNAMIC_OBS_INFO 0 1.750000 232.248167 -1.570000 23.379961 1.750000 232.248167 0.000000 0.000000
DYNAMIC_OBS_INFO 1 68.256188 209.500000 3.140000 68.477907 68.256188 209.500000 11.352784 0.250175
DYNAMIC_OBS_INFO 2 -53.311976 212.500000 0.000000 34.272825 -34.308131 212.500000 16.976407 1.899782
Parent: 231.177649 10.000000 101.000000 0.000000 15.147906 284.364712 -10.000000 3.313144 48.000000 0.000000 0 0 0 0 0 0 0 0
Child: 284.364712 10.000000 102.000000 0.000000 15.297885 292.864919 -10.000000 0.000000 0.000000 0.000000 0 0 0 0 0 0 0 0
Child: 292.864919 10.000000 101.000000 0.000000 15.147906 301.365127 -10.000000 0.000000 0.000000 0.000000 0 0 0 0 0 0 0 0
Child: 301.365127 14.429142 146.000000 3123.484290 27.036195 0.000000 -10.000000 0.000000 0.000000 0.000000 1 0 0 0 0 0 0 0
EGO_STATUS -0.219521 208.951309 1.700000 1.042961 13.409963 4.000000 0.000000
DYNAMIC_OBS_INFO 0 1.750000 232.248167 -1.570000 22.233209 1.750000 232.248167 0.000000 0.000000
DYNAMIC_OBS_INFO 1 68.256188 209.500000 3.140000 66.571692 67.119660 209.501810 11.377802 0.250175
DYNAMIC_OBS_INFO 2 -53.311976 212.500000 0.000000 33.241798 -32.600991 212.500000 17.166385 1.899782
Parent: 641.640606 10.000000 101.000000 0.000000 2055.350685 491.860107 -10.000000 3.280431 47.000000 0.000000 0 0 0 0 0 0 0 0
Child: 491.860107 33.990455 341.000000 3123.741153 1911.033956 0.000000 -10.000000 0.000000 0.000000 0.000000 1 0 0 0 0 0 0 0
EGO_STATUS 0.550203 210.047354 1.800000 0.871767 13.409963 4.000000 0.000000
DYNAMIC_OBS_INFO 0 1.750000 232.248167 -1.570000 21.259490 1.750000 232.248167 0.000000 0.000000
DYNAMIC_OBS_INFO 1 68.256188 209.500000 3.140000 64.496578 65.980631 209.503624 11.402819 0.250175
DYNAMIC_OBS_INFO 2 -53.311976 212.500000 0.000000 32.411227 -30.874854 212.500000 17.356363 1.899782
Parent: 654.537566 10.000000 101.000000 0.000000 2055.350685 504.248298 -10.000000 2.789200 46.000000 0.000000 0 0 0 0 0 0 0 0
Child: 504.248298 32.648816 328.000000 3144.616601 1921.216174 0.000000 0.000000 0.000000 0.000000 0.000000 1 0 1 0 0 0 0 0
EGO_STATUS 1.501185 210.990132 1.900000 0.689584 13.409963 4.000000 0.000000
DYNAMIC_OBS_INFO 0 1.750000 232.248167 -1.570000 20.519584 1.750000 232.248167 0.000000 0.000000
DYNAMIC_OBS_INFO 1 68.256188 209.500000 3.140000 62.264929 64.839099 209.505442 11.427837 0.250175
DYNAMIC_OBS_INFO 2 -53.311976 212.500000 0.000000 31.753177 -29.129719 212.500000 17.546341 1.899782
Parent: 644.776482 10.000000 101.000000 0.000000 2055.350685 493.587213 -10.000000 2.689201 45.000000 0.000000 0 0 0 0 0 0 0 0
Child: 493.587213 31.300747 315.000000 3143.905511 1924.023840 0.000000 -10.000000 0.000000 0.000000 0.000000 1 0 1 0 0 0 0 0
EGO_STATUS 2.614524 211.746802 2.000000 0.505117 13.551504 5.000000 1.415410
DYNAMIC_OBS_INFO 0 1.750000 232.248167 -1.570000 20.064201 1.750000 232.248167 0.000000 0.000000
DYNAMIC_OBS_INFO 1 68.256188 209.500000 3.140000 59.900470 63.695066 209.507264 11.452854 0.250175
DYNAMIC_OBS_INFO 2 -53.311976 212.500000 0.000000 31.225767 -27.365586 212.500000 17.736319 1.899782
Parent: 644.951857 10.000000 101.000000 0.000000 2055.350685 492.862601 -10.000000 2.589188 44.000000 0.000000 0 0 0 0 0 0 0 0
Child: 492.862601 29.938320 301.000000 3137.568481 1918.214367 0.000000 -10.000000 0.000000 0.000000 0.000000 1 0 1 0 0 0 0 0
EGO_STATUS 3.859509 212.295168 2.100000 0.327051 13.693045 5.000000 1.415409
DYNAMIC_OBS_INFO 0 1.750000 232.248167 -1.570000 19.920781 1.750000 232.248167 0.000000 0.000000
DYNAMIC_OBS_INFO 1 68.256188 209.500000 3.140000 57.439590 62.548531 209.509090 11.477872 0.250175
DYNAMIC_OBS_INFO 2 -53.311976 212.500000 0.000000 30.776360 -25.582455 212.500000 17.926298 1.899782
Parent: 643.505394 10.000000 101.000000 0.000000 2055.350685 490.516150 -10.000000 2.489176 43.000000 0.000000 0 0 0 0 0 0 0 0
Child: 490.516150 28.561760 287.000000 3124.888088 1904.498570 0.000000 -10.000000 0.000000 0.000000 0.000000 1 0 1 0 0 0 0 0
EGO_STATUS 5.193642 212.627289 2.200000 0.164680 13.834587 5.000000 1.415419
DYNAMIC_OBS_INFO 0 1.750000 232.248167 -1.570000 20.080542 1.750000 232.248167 0.000000 0.000000
DYNAMIC_OBS_INFO 1 68.256188 209.500000 3.140000 54.918436 61.399495 209.510920 11.502889 0.250175
DYNAMIC_OBS_INFO 2 -53.311976 212.500000 0.000000 30.358451 -23.780326 212.500000 18.116276 1.899782
Parent: 644.189353 10.000000 101.000000 0.000000 2055.350685 490.300114 -10.000000 2.389171 42.000000 0.000000 0 0 0 0 0 0 0 0
Child: 490.300114 27.171158 273.000000 3124.497355 1902.227430 0.000000 -10.000000 0.000000 0.000000 0.000000 1 0 1 0 0 0 0 0
EGO_STATUS 6.577042 212.756429 2.300000 0.026406 13.976129 5.000000 1.415428
DYNAMIC_OBS_INFO 0 1.750000 232.248167 -1.570000 20.503542 1.750000 232.248167 0.000000 0.000000
DYNAMIC_OBS_INFO 1 68.256188 209.500000 3.140000 52.365493 60.247956 209.512754 11.527907 0.250175
DYNAMIC_OBS_INFO 2 -53.311976 212.500000 0.000000 29.940381 -21.959200 212.500000 18.306254 1.899782
Parent: 637.361421 35.613700 358.000000 3346.484961 3441.709292 0.000000 0.000000 2.074518 40.000000 0.000000 1 1 1 0 0 0 0 0
EGO_STATUS 7.980416 212.714167 2.400000 -0.080766 14.117672 5.000000 1.415431
DYNAMIC_OBS_INFO 0 1.750000 232.248167 -1.570000 21.135878 1.750000 232.248167 0.000000 0.000000
DYNAMIC_OBS_INFO 1 68.256188 209.500000 3.140000 49.789768 59.093916 209.514592 11.552924 0.250175
DYNAMIC_OBS_INFO 2 -53.311976 212.500000 0.000000 29.515496 -20.119075 212.500000 18.496232 1.899782
Parent: 838.916743 10.000000 101.000000 0.000000 2055.350685 691.628116 -10.000000 2.788559 49.000000 0.000000 0 0 0 0 0 0 0 0
Child: 691.628116 10.000000 101.000000 0.000000 2055.350685 498.128049 -10.000000 0.000000 0.000000 0.000000 0 0 0 0 0 0 0 0
Child: 498.128049 24.365165 245.000000 3129.699933 1879.146685 0.000000 0.000000 0.000000 0.000000 0.000000 1 0 1 0 0 0 0 0
EGO_STATUS 9.396388 212.543901 2.500000 -0.152047 14.411672 0.000000 2.940000
DYNAMIC_OBS_INFO 0 1.750000 232.248167 -1.570000 21.917621 1.750000 232.248167 0.000000 0.000000
DYNAMIC_OBS_INFO 1 68.256188 209.500000 3.140000 47.196490 57.937374 209.516434 11.577942 0.250175
DYNAMIC_OBS_INFO 2 -53.311976 212.500000 0.000000 29.083504 -18.259953 212.500000 18.686210 1.899782
Parent: 805.080715 10.000000 101.000000 0.000000 2055.350685 656.861067 -10.000000 2.719581 48.000000 0.000000 0 0 0 0 0 0 0 0
Child: 656.861067 32.806215 330.000000 3072.105423 3635.896420 0.000000 -10.000000 0.000000 0.000000 0.000000 1 0 0 0 0 0 0 0
EGO_STATUS 10.822839 212.296582 2.600000 -0.184720 14.544144 5.000000 1.324713
DYNAMIC_OBS_INFO 0 1.750000 232.248167 -1.570000 22.786860 1.750000 232.248167 0.000000 0.000000
DYNAMIC_OBS_INFO 1 68.256188 209.500000 3.140000 44.592028 56.778331 209.518280 11.602959 0.250175
DYNAMIC_OBS_INFO 2 -53.311976 212.500000 0.000000 28.642718 -16.381833 212.500000 18.876188 1.899782
Parent: 780.630573 42.786430 429.000000 3430.210712 4834.347693 0.000000 0.000000 2.362620 46.000000 0.000000 1 1 1 0 0 0 0 0
EGO_STATUS 12.257000 212.028277 2.700000 -0.179012 14.636684 5.000000 0.925402
DYNAMIC_OBS_INFO 0 1.750000 232.248167 -1.570000 23.699927 1.750000 232.248167 0.000000 0.000000
DYNAMIC_OBS_INFO 1 68.256188 209.500000 3.140000 41.962179 55.616786 209.520130 11.627977 0.250175
DYNAMIC_OBS_INFO 2 -53.311976 212.500000 0.000000 28.209722 -14.484716 212.500000 19.066167 1.899782
Parent: 765.944960 41.307629 415.000000 3430.201586 4794.748233 0.000000 -10.000000 2.262600 45.000000 0.000000 1 1 1 0 0 0 0 0
EGO_STATUS 13.716093 211.790916 2.800000 -0.138242 14.930684 0.000000 2.940000
DYNAMIC_OBS_INFO 0 1.750000 232.248167 -1.570000 24.623250 1.750000 232.248167 0.000000 0.000000
DYNAMIC_OBS_INFO 1 68.256188 209.500000 3.140000 39.294239 54.452739 209.521984 11.652994 0.250175
DYNAMIC_OBS_INFO 2 -53.311976 212.500000 0.000000 27.797367 -12.568600 212.500000 19.256145 1.899782
Parent: 737.742143 40.241357 404.000000 3398.489158 4415.114924 0.000000 0.000000 2.449981 43.000000 0.000000 1 1 1 0 0 0 0 0
EGO_STATUS 15.215237 211.632837 2.900000 -0.067746 15.224684 0.000000 2.940000
DYNAMIC_OBS_INFO 0 1.750000 232.248167 -1.570000 25.518366 1.750000 232.248167 0.000000 0.000000
DYNAMIC_OBS_INFO 1 68.256188 209.500000 3.140000 36.603336 53.286190 209.523842 11.678011 0.250175
DYNAMIC_OBS_INFO 2 -53.311976 212.500000 0.000000 27.390006 -10.633487 212.500000 19.446123 1.899782
Parent: 751.295735 38.239585 384.000000 3385.327685 4658.000070 0.000000 -10.000000 2.323045 42.000000 0.000000 1 1 1 0 0 0 0 0
EGO_STATUS 16.741657 211.597811 3.000000 0.024456 15.322684 2.000000 0.980000
DYNAMIC_OBS_INFO 0 1.750000 232.248167 -1.570000 26.356497 1.750000 232.248167 0.000000 0.000000
DYNAMIC_OBS_INFO 1 68.256188 209.500000 3.140000 33.914153 52.117139 209.525704 11.703029 0.250175
DYNAMIC_OBS_INFO 2 -53.311976 212.500000 0.000000 26.964510 -8.679375 212.500000 19.636101 1.899782
Parent: 747.967695 36.702014 369.000000 3385.321573 4615.050981 0.000000 -10.000000 2.223022 40.000000 0.000000 1 1 1 0 0 0 0 0
EGO_STATUS 18.273690 211.714472 3.100000 0.128476 15.420684 2.000000 0.980000
DYNAMIC_OBS_INFO 0 1.750000 232.248167 -1.570000 27.126193 1.750000 232.248167 0.000000 0.000000
DYNAMIC_OBS_INFO 1 68.256188 209.500000 3.140000 31.248643 50.945587 209.527570 11.728046 0.250175
DYNAMIC_OBS_INFO 2 -53.311976 212.500000 0.000000 26.505534 -6.706266 212.500000 19.826079 1.899782
Parent: 766.194641 10.000000 102.000000 270.000000 15.297885 794.848985 -10.000000 2.375275 49.000000 0.000000 0 1 1 0 0 0 0 0
Child: 794.848985 35.154775 353.000000 3422.173455 4559.151693 0.000000 0.000000 0.000000 0.000000 0.000000 1 1 1 0 0 0 0 0
EGO_STATUS 19.794438 211.994066 3.200000 0.234464 15.518684 2.000000 0.980000
DYNAMIC_OBS_INFO 0 1.750000 232.248167 -1.570000 27.832979 1.750000 232.248167 0.000000 0.000000
DYNAMIC_OBS_INFO 1 68.256188 209.500000 3.140000 28.622171 49.771533 209.529440 11.753064 0.250175
DYNAMIC_OBS_INFO 2 -53.311976 212.500000 0.000000 26.011409 -4.714160 212.500000 20.016057 1.899782
Parent: 755.947569 10.000000 102.000000 270.000000 15.297885 782.701918 -10.000000 2.275270 47.000000 0.000000 0 1 1 0 0 0 0 0
Child: 782.701918 33.588106 337.000000 3422.174782 4531.252191 0.000000 -10.000000 0.000000 0.000000 0.000000 1 1 1 0 0 0 0 0
EGO_STATUS 21.297167 212.434460 3.300000 0.333465 15.812684 0.000000 2.940000
DYNAMIC_OBS_INFO 0 1.750000 232.248167 -1.570000 28.494606 1.750000 232.248167 0.000000 0.000000
DYNAMIC_OBS_INFO 1 68.256188 209.500000 3.140000 26.049243 48.594977 209.531314 11.778081 0.250175
DYNAMIC_OBS_INFO 2 -53.311976 212.500000 0.000000 25.489039 -2.703055 212.500000 20.206036 1.899782
Parent: 756.071192 10.000000 102.000000 270.000000 15.297885 781.925536 -10.000000 2.175275 46.000000 0.000000 0 1 1 0 0 0 0 0
Child: 781.925536 31.992246 321.000000 3422.176176 4523.752345 0.000000 -10.000000 0.000000 0.000000 0.000000 1 1 1 0 0 0 0 0
EGO_STATUS 22.780643 213.021764 3.400000 0.416864 16.106684 0.000000 2.940000
DYNAMIC_OBS_INFO 0 1.750000 232.248167 -1.570000 29.138354 1.750000 232.248167 0.000000 0.000000
DYNAMIC_OBS_INFO 1 68.256188 209.500000 3.140000 23.547660 47.415920 209.533191 11.803099 0.250175
DYNAMIC_OBS_INFO 2 -53.311976 212.500000 0.000000 24.947890 -0.672953 212.500000 20.396014 1.899782
Parent: 746.692626 20.000000 201.000000 270.000000 30.145832 778.319887 -10.000000 2.507482 54.000000 0.000000 0 1 1 0 0 0 0 0
Child: 778.319887 30.366983 305.000000 3422.177677 4495.552060 0.000000 -10.000000 0.000000 0.000000 0.000000 1 1 1 0 0 0 0 0
EGO_STATUS 24.244742 213.727090 3.500000 0.476153 16.400684 0.000000 2.940000
DYNAMIC_OBS_INFO 0 1.750000 232.248167 -1.570000 29.805091 1.750000 232.248167 0.000000 0.000000
DYNAMIC_OBS_INFO 1 68.256188 209.500000 3.140000 21.126235 46.234360 209.535073 11.828116 0.250175
DYNAMIC_OBS_INFO 2 -53.311976 212.500000 0.000000 24.409116 1.376148 212.500000 20.585992 1.899782
Parent: 740.516499 20.000000 201.000000 270.000000 30.145832 771.243758 -10.000000 2.407484 53.000000 0.000000 0 1 1 0 0 0 0 0
Child: 771.243758 28.712281 289.000000 3422.162879 4441.351879 0.000000 -10.000000 0.000000 0.000000 0.000000 1 1 1 0 0 0 0 0
EGO_STATUS 25.702333 214.510378 3.600000 0.504296 16.694684 0.000000 2.940000
DYNAMIC_OBS_INFO 0 1.750000 232.248167 -1.570000 30.545438 1.750000 232.248167 0.000000 0.000000
DYNAMIC_OBS_INFO 1 68.256188 209.500000 3.140000 18.785978 45.050299 209.536959 11.853134 0.250175
DYNAMIC_OBS_INFO 2 -53.311976 212.500000 0.000000 23.900581 3.444246 212.500000 20.775970 1.899782
Parent: 715.154978 20.000000 201.000000 270.000000 30.145832 743.982235 -10.000000 2.307486 51.000000 0.000000 0 1 1 0 0 0 0 0
Child: 743.982235 27.028165 272.000000 3422.156140 4165.601720 0.000000 -10.000000 0.000000 0.000000 0.000000 1 1 1 0 0 0 0 0
EGO_STATUS 27.177534 215.322910 3.700000 0.496369 16.988684 0.000000 2.940000
DYNAMIC_OBS_INFO 0 1.750000 232.248167 -1.570000 31.413342 1.750000 232.248167 0.000000 0.000000
DYNAMIC_OBS_INFO 1 68.256188 209.500000 3.140000 16.525583 43.863737 209.538849 11.878151 0.250175
DYNAMIC_OBS_INFO 2 -53.311976 212.500000 0.000000 23.448189 5.531342 212.500000 20.965948 1.899782
Parent: 683.668518 20.000000 201.000000 270.000000 30.145832 711.595774 -10.000000 2.207487 50.000000 0.000000 0 1 1 0 0 0 0 0
Child: 711.595774 25.314605 255.000000 3422.153227 3846.651593 0.000000 -10.000000 0.000000 0.000000 0.000000 1 1 1 0 0 0 0 0
EGO_STATUS 28.700189 216.108608 3.800000 0.450135 17.282684 0.000000 2.940000
DYNAMIC_OBS_INFO 0 1.750000 232.248167 -1.570000 32.456833 1.750000 232.248167 0.000000 0.000000
DYNAMIC_OBS_INFO 1 68.256188 209.500000 3.140000 14.351519 42.674672 209.540743 11.903169 0.250175
DYNAMIC_OBS_INFO 2 -53.311976 212.500000 0.000000 23.065311 7.637436 212.500000 21.155926 1.899782
Parent: 641.991492 30.000000 302.000000 270.000000 45.293737 676.153193 -10.000000 2.517729 58.000000 0.000000 0 1 1 0 0 0 0 0
Child: 676.153193 23.571587 237.000000 3422.160490 3476.751507 0.000000 -10.000000 0.000000 0.000000 0.000000 1 1 1 0 0 0 0 0
EGO_STATUS 30.297428 216.805034 3.900000 0.366564 17.576684 0.000000 2.940000
DYNAMIC_OBS_INFO 0 1.750000 232.248167 -1.570000 33.706918 1.750000 232.248167 0.000000 0.000000
DYNAMIC_OBS_INFO 1 68.256188 209.500000 3.140000 12.293593 41.483106 209.542640 11.928186 0.250175
DYNAMIC_OBS_INFO 2 -53.311976 212.500000 0.000000 22.743852 9.762527 212.500000 21.345905 1.899782
Parent: 604.895925 30.000000 302.000000 270.000000 45.293737 637.157628 -10.000000 2.417728 56.000000 0.000000 0 1 1 0 0 0 0 0
Child: 637.157628 21.799199 219.000000 3422.149843 3079.351398 0.000000 -10.000000 0.000000 0.000000 0.000000 1 1 1 0 0 0 0 0
EGO_STATUS 31.984016 217.346468 4.000000 0.250220 17.870684 0.000000 2.940000
DYNAMIC_OBS_INFO 0 1.750000 232.248167 -1.570000 35.168234 1.750000 232.248167 0.000000 0.000000
DYNAMIC_OBS_INFO 1 68.256188 209.500000 3.140000 10.427546 40.289038 209.544542 11.953204 0.250175
DYNAMIC_OBS_INFO 2 -53.311976 212.500000 0.000000 22.451762 11.906616 212.500000 21.535883 1.899782
Parent: 562.163992 30.000000 302.000000 270.000000 45.293737 593.525692 -10.000000 2.317730 55.000000 0.000000 0 1 1 0 0 0 0 0
Child: 593.525692 19.997481 201.000000 3422.145932 2644.051300 0.000000 -10.000000 0.000000 0.000000 0.000000 1 1 1 0 0 0 0 0
EGO_STATUS 33.754808 217.670892 4.100000 0.109375 18.164684 0.000000 2.940000
DYNAMIC_OBS_INFO 0 1.750000 232.248167 -1.570000 36.816211 1.750000 232.248167 0.000000 0.000000
DYNAMIC_OBS_INFO 1 68.256188 209.500000 3.140000 8.905126 39.092468 209.546448 11.978221 0.250175
DYNAMIC_OBS_INFO 2 -53.311976 212.500000 0.000000 22.140291 14.069704 212.500000 21.725861 1.899782
Parent: 516.854687 30.000000 302.000000 270.000000 45.293737 546.316387 -10.000000 2.217731 53.000000 0.000000 0 1 1 0 0 0 0 0
Child: 546.316387 18.166330 183.000000 3422.146985 2181.951210 0.000000 -10.000000 0.000000 0.000000 0.000000 1 1 1 0 0 0 0 0
EGO_STATUS 35.583179 217.730955 4.200000 -0.044136 18.458684 0.000000 2.940000
DYNAMIC_OBS_INFO 0 1.750000 232.248167 -1.570000 38.603832 1.750000 232.248167 0.000000 0.000000
DYNAMIC_OBS_INFO 1 68.256188 209.500000 3.140000 7.972009 37.893397 209.548357 12.003238 0.250175
DYNAMIC_OBS_INFO 2 -53.311976 212.500000 0.000000 21.760436 16.251789 212.500000 21.915839 1.899782
TIMEOUT
