Parent: 82.605442 10.011239 102.000000 7.956007 15.308876 127.918318 -10.000000 2.403690 40.000000 0.000000 0 0 0 0 0 0 0 0
Child: 127.918318 10.000000 101.000000 0.000000 15.150000 126.418318 0.000000 0.000000 0.000000 0.000000 0 0 0 0 0 0 0 0
Child: 126.418318 10.000000 101.000000 0.000000 641.350000 72.918318 -10.000000 0.000000 0.000000 0.000000 0 0 0 0 0 0 0 0
Child: 72.918318 4.074610 42.000000 0.000000 854.700000 0.000000 -10.000000 0.000000 0.000000 0.000000 0 0 0 0 0 0 0 0
EGO_STATUS -1.750000 168.925390 0.000000 1.570796 15.554501 4.000000 0.000000
DYNAMIC_OBS_INFO 0 1.750000 226.636684 -1.570000 56.264810 1.750000 226.636684 0.000000 0.000000
DYNAMIC_OBS_INFO 1 39.495712 209.500000 3.140000 56.777669 39.495712 209.500000 14.942930 1.665266
DYNAMIC_OBS_INFO 2 -36.333745 212.500000 0.000000 54.421000 -36.333745 212.500000 7.273770 1.844653
Parent: 338.729119 12.283117 124.000000 3057.544420 16.827248 88.548343 -10.000000 3.641530 48.000000 0.000000 1 0 0 0 0 0 0 0
Child: 88.548343 10.011239 102.000000 7.956007 15.308876 96.264909 -10.000000 0.000000 0.000000 0.000000 0 0 0 0 0 0 0 0
Child: 96.264909 10.000000 101.000000 0.000000 15.150000 94.764909 0.000000 0.000000 0.000000 0.000000 0 0 0 0 0 0 0 0
Child: 94.764909 10.000000 101.000000 0.000000 641.350000 41.264909 -10.000000 0.000000 0.000000 0.000000 0 0 0 0 0 0 0 0
Child: 41.264909 2.519160 27.000000 0.000000 549.450000 0.000000 -10.000000 0.000000 0.000000 0.000000 0 0 0 0 0 0 0 0
EGO_STATUS -1.750000 170.480840 0.100000 1.570796 15.554501 4.000000 0.000000
DYNAMIC_OBS_INFO 0 1.750000 226.636684 -1.570000 54.712458 1.750000 226.636684 0.000000 0.000000
DYNAMIC_OBS_INFO 1 39.495712 209.500000 3.140000 55.720179 39.495712 209.500000 14.942930 1.665266
DYNAMIC_OBS_INFO 2 -36.333745 212.500000 0.000000 53.229196 -36.333745 212.500000 7.273770 1.844653
Parent: 308.975710 12.283117 124.000000 3057.544420 16.827248 56.894934 -10.000000 3.541530 46.000000 0.000000 1 0 0 0 0 0 0 0
Child: 56.894934 10.011239 102.000000 7.956007 15.308876 64.611500 -10.000000 0.000000 0.000000 0.000000 0 0 0 0 0 0 0 0
Child: 64.611500 10.000000 101.000000 0.000000 15.150000 63.111500 0.000000 0.000000 0.000000 0.000000 0 0 0 0 0 0 0 0
Child: 63.111500 10.000000 101.000000 0.000000 641.350000 9.611500 -10.000000 0.000000 0.000000 0.000000 0 0 0 0 0 0 0 0
Child: 9.611500 0.963710 11.000000 0.000000 223.850000 0.000000 -10.000000 0.000000 0.000000 0.000000 0 0 0 0 0 0 0 0
EGO_STATUS -1.750000 172.036290 0.200000 1.570796 15.554501 4.000000 0.000000
DYNAMIC_OBS_INFO 0 1.750000 226.636684 -1.570000 53.160287 1.750000 226.636684 0.000000 0.000000
DYNAMIC_OBS_INFO 1 39.495712 209.500000 3.140000 54.686488 39.495712 209.500000 14.942930 1.665266
DYNAMIC_OBS_INFO 2 -36.333745 212.500000 0.000000 52.056586 -36.333745 212.500000 7.273770 1.844653
Parent: 287.666817 12.283117 124.000000 3057.544420 16.827248 34.686041 -10.000000 3.441530 45.000000 0.000000 1 0 0 0 0 0 0 0
Child: 34.686041 10.011239 102.000000 7.956007 15.308876 42.402607 -10.000000 0.000000 0.000000 0.000000 0 0 0 0 0 0 0 0
Child: 42.402607 10.000000 101.000000 0.000000 15.150000 40.902607 0.000000 0.000000 0.000000 0.000000 0 0 0 0 0 0 0 0
Child: 40.902607 9.408260 96.000000 0.000000 519.400000 0.000000 -10.000000 0.000000 0.000000 0.000000 0 0 0 0 0 0 0 0
EGO_STATUS -1.750000 173.591740 0.300000 1.570796 15.554501 4.000000 0.000000
DYNAMIC_OBS_INFO 0 1.750000 226.636684 -1.570000 51.608314 1.750000 226.636684 0.000000 0.000000
DYNAMIC_OBS_INFO 1 39.495712 209.500000 3.140000 53.677969 39.495712 209.500000 14.942930 1.665266
DYNAMIC_OBS_INFO 2 -36.333745 212.500000 0.000000 50.904497 -36.333745 212.500000 7.273770 1.844653
Parent: 255.848501 12.283117 124.000000 3030.554627 16.827248 2.516734 -10.000000 4.466060 43.000000 0.000000 1 0 0 0 0 0 0 0
Child: 2.516734 10.011239 102.000000 4.999977 15.308876 10.523432 -10.000000 0.000000 0.000000 0.000000 0 0 0 0 0 0 0 0
Child: 10.523432 10.000000 101.000000 0.000000 15.150000 19.023432 -10.000000 0.000000 0.000000 0.000000 0 0 0 0 0 0 0 0
Child: 19.023432 7.852810 80.000000 0.000000 193.800000 0.000000 0.000000 0.000000 0.000000 0.000000 0 0 0 0 0 0 0 0
EGO_STATUS -1.750000 175.147190 0.400000 1.570796 15.554501 4.000000 0.000000
DYNAMIC_OBS_INFO 0 1.750000 226.636684 -1.570000 50.071235 1.750000 226.636684 0.000000 0.000000
DYNAMIC_OBS_INFO 1 39.495712 209.500000 3.140000 52.705228 39.495712 209.500000 14.942930 1.665266
DYNAMIC_OBS_INFO 2 -36.333745 212.500000 0.000000 49.784939 -36.333745 212.500000 7.273770 1.844653
Parent: 103.387817 15.212671 154.000000 33.637811 1526.135391 -3.364107 -10.000000 4.671941 42.000000 0.000000 0 0 0 1 0 0 0 0
Child: -3.364107 10.011239 102.000000 27.371793 15.308876 -7.553189 0.000000 0.000000 0.000000 0.000000 0 0 0 1 0 0 0 0
Child: -7.553189 10.000000 101.000000 0.000000 15.150000 0.946811 -10.000000 0.000000 0.000000 0.000000 0 0 0 0 0 0 0 0
Child: 0.946811 6.312075 65.000000 0.000000 9.750000 0.000000 0.000000 0.000000 0.000000 0.000000 0 0 0 0 0 0 0 0
EGO_STATUS -1.750000 176.687925 0.500000 1.570796 15.260501 3.000000 -2.940000
DYNAMIC_OBS_INFO 0 1.750000 226.636684 -1.570000 48.549035 1.750000 226.636684 0.000000 0.000000
DYNAMIC_OBS_INFO 1 39.495712 209.500000 3.140000 51.768950 39.495712 209.500000 14.942930 1.665266
DYNAMIC_OBS_INFO 2 -36.333745 212.500000 0.000000 48.698737 -36.333745 212.500000 7.273770 1.844653
Parent: -11.353298 13.674694 138.000000 32.012771 365.947264 -15.732413 0.000000 4.944464 40.000000 0.000000 0 0 0 1 0 0 0 0
Child: -15.732413 10.011239 102.000000 5.574422 15.308876 -7.782096 -10.000000 0.000000 0.000000 0.000000 0 0 0 0 0 0 0 0
Child: -7.782096 10.000000 101.000000 0.000000 15.150000 0.717904 -10.000000 0.000000 0.000000 0.000000 0 0 0 0 0 0 0 0
Child: 0.717904 4.786025 49.000000 0.000000 7.350000 0.000000 0.000000 0.000000 0.000000 0.000000 0 0 0 0 0 0 0 0
EGO_STATUS -1.750000 178.213975 0.600000 1.570796 15.260501 4.000000 0.000000
DYNAMIC_OBS_INFO 0 1.750000 226.636684 -1.570000 47.041750 1.750000 226.636684 0.000000 0.000000
DYNAMIC_OBS_INFO 1 39.495712 209.500000 3.140000 50.869838 39.495712 209.500000 14.942930 1.665266
DYNAMIC_OBS_INFO 2 -36.333745 212.500000 0.000000 47.646775 -36.333745 212.500000 7.273770 1.844653
Parent: 239.856232 22.563186 227.000000 3058.820705 64.812114 -25.959115 0.000000 4.334689 49.000000 0.000000 1 0 0 0 0 0 0 0
Child: -25.959115 10.011239 102.000000 5.574419 15.308876 -18.008798 -10.000000 0.000000 0.000000 0.000000 0 0 0 0 0 0 0 0
Child: -18.008798 10.000000 101.000000 0.000000 15.150000 -9.508798 -10.000000 0.000000 0.000000 0.000000 0 0 0 0 0 0 0 0
Child: -9.508798 3.274682 34.000000 0.000000 5.100000 0.000000 -10.000000 0.000000 0.000000 0.000000 0 0 0 0 0 0 0 0
EGO_STATUS -1.750000 179.725318 0.700000 1.570796 14.966501 3.000000 -2.940000
DYNAMIC_OBS_INFO 0 1.750000 226.636684 -1.570000 45.564051 1.750000 226.636684 0.000000 0.000000
DYNAMIC_OBS_INFO 1 39.495712 209.500000 3.140000 50.016877 39.495712 209.500000 14.942930 1.665266
DYNAMIC_OBS_INFO 2 -36.333745 212.500000 0.000000 46.639802 -36.333745 212.500000 7.273770 1.844653
Parent: 241.533939 22.563186 227.000000 3058.820665 64.812114 -26.181406 0.000000 4.234691 47.000000 0.000000 1 0 0 0 0 0 0 0
Child: -26.181406 10.011239 102.000000 5.574415 15.308876 -18.231089 -10.000000 0.000000 0.000000 0.000000 0 0 0 0 0 0 0 0
Child: -18.231089 10.000000 101.000000 0.000000 15.150000 -9.731089 -10.000000 0.000000 0.000000 0.000000 0 0 0 0 0 0 0 0
Child: -9.731089 1.792742 19.000000 0.000000 2.850000 0.000000 -10.000000 0.000000 0.000000 0.000000 0 0 0 0 0 0 0 0
EGO_STATUS -1.750000 181.207258 0.800000 1.570796 14.672501 3.000000 -2.940000
DYNAMIC_OBS_INFO 0 1.750000 226.636684 -1.570000 44.115952 1.750000 226.636684 0.000000 0.000000
DYNAMIC_OBS_INFO 1 39.495712 209.500000 3.140000 49.209812 39.495712 209.500000 14.942930 1.665266
DYNAMIC_OBS_INFO 2 -36.333745 212.500000 0.000000 45.677933 -36.333745 212.500000 7.273770 1.844653
Parent: 242.216055 22.563186 227.000000 3058.820595 64.812114 -26.399287 0.000000 4.134694 46.000000 0.000000 1 0 0 0 0 0 0 0
Child: -26.399287 10.011239 102.000000 5.574409 15.308876 -18.448969 -10.000000 0.000000 0.000000 0.000000 0 0 0 0 0 0 0 0
Child: -18.448969 10.000000 101.000000 0.000000 15.150000 -9.948969 -10.000000 0.000000 0.000000 0.000000 0 0 0 0 0 0 0 0
Child: -9.948969 0.340209 5.000000 0.000000 0.750000 0.000000 -10.000000 0.000000 0.000000 0.000000 0 0 0 0 0 0 0 0
EGO_STATUS -1.750000 182.659791 0.900000 1.570796 14.378501 3.000000 -2.940000
DYNAMIC_OBS_INFO 0 1.750000 226.636684 -1.570000 42.697447 1.750000 226.636684 0.000000 0.000000
DYNAMIC_OBS_INFO 1 39.495712 209.500000 3.140000 48.448284 39.495712 209.500000 14.942930 1.665266
DYNAMIC_OBS_INFO 2 -36.333745 212.500000 0.000000 44.761203 -36.333745 212.500000 7.273770 1.844653
Parent: 253.902581 22.563186 227.000000 3058.820553 64.812114 -16.612758 0.000000 4.034696 44.000000 0.000000 1 0 0 0 0 0 0 0
Child: -16.612758 10.011239 102.000000 5.574405 15.308876 -8.662440 -10.000000 0.000000 0.000000 0.000000 0 0 0 0 0 0 0 0
Child: -8.662440 8.917070 91.000000 0.000000 13.650000 0.000000 -10.000000 0.000000 0.000000 0.000000 0 0 0 0 0 0 0 0
EGO_STATUS -1.750000 184.082930 1.000000 1.570796 14.084501 3.000000 -2.940000
DYNAMIC_OBS_INFO 0 1.750000 226.636684 -1.570000 41.308550 1.750000 226.636684 0.000000 0.000000
DYNAMIC_OBS_INFO 1 39.495712 209.500000 3.140000 47.731844 39.495712 209.500000 14.942930 1.665266
DYNAMIC_OBS_INFO 2 -36.333745 212.500000 0.000000 43.889583 -36.333745 212.500000 7.273770 1.844653
Parent: 254.593518 22.563186 227.000000 3058.820535 64.812114 -16.821820 0.000000 3.934697 43.000000 0.000000 1 0 0 0 0 0 0 0
Child: -16.821820 10.011239 102.000000 5.574403 15.308876 -8.871501 -10.000000 0.000000 0.000000 0.000000 0 0 0 0 0 0 0 0
Child: -8.871501 7.523324 77.000000 0.000000 11.550000 0.000000 -10.000000 0.000000 0.000000 0.000000 0 0 0 0 0 0 0 0
EGO_STATUS -1.750000 185.476676 1.100000 1.570796 13.790501 3.000000 -2.940000
DYNAMIC_OBS_INFO 0 1.750000 226.636684 -1.570000 39.949292 1.750000 226.636684 0.000000 0.000000
DYNAMIC_OBS_INFO 1 39.495712 209.500000 3.140000 47.059948 39.495712 209.500000 14.942930 1.665266
DYNAMIC_OBS_INFO 2 -36.333745 212.500000 0.000000 43.062969 -36.333745 212.500000 7.273770 1.844653
Parent: 242.725923 10.408939 106.000000 29.585446 15.726112 275.340957 0.000000 4.935483 42.000000 0.000000 0 0 1 0 0 0 0 0
Child: 275.340957 12.283117 124.000000 3035.619565 16.827248 -17.026470 -10.000000 0.000000 0.000000 0.000000 1 0 0 0 0 0 0 0
Child: -17.026470 10.011239 102.000000 5.574396 15.308876 -9.076151 -10.000000 0.000000 0.000000 0.000000 0 0 0 0 0 0 0 0
Child: -9.076151 6.158993 63.000000 0.000000 9.450000 0.000000 -10.000000 0.000000 0.000000 0.000000 0 0 0 0 0 0 0 0
EGO_STATUS -1.750000 186.841007 1.200000 1.570796 13.496501 3.000000 -2.940000
DYNAMIC_OBS_INFO 0 1.750000 226.636684 -1.570000 38.619671 1.750000 226.636684 0.000000 0.000000
DYNAMIC_OBS_INFO 1 39.495712 209.500000 3.140000 46.431933 39.495712 209.500000 14.942930 1.665266
DYNAMIC_OBS_INFO 2 -36.333745 212.500000 0.000000 42.281147 -36.333745 212.500000 7.273770 1.844653
Parent: -21.554064 10.011239 102.000000 20.826000 15.308876 2.653234 -10.000000 2.246086 20.000000 0.000000 0 0 0 1 0 0 0 0
Child: 2.653234 4.824062 50.000000 20.000000 7.500000 0.000000 0.000000 0.000000 0.000000 0.000000 0 0 0 1 0 0 0 0
EGO_STATUS -1.750000 188.175938 1.300000 1.570796 13.202501 3.000000 -2.940000
DYNAMIC_OBS_INFO 0 1.750000 226.636684 -1.570000 37.334332 1.750000 226.636684 0.000000 0.000000
DYNAMIC_OBS_INFO 1 39.495712 209.500000 3.140000 45.853451 39.495712 209.500000 14.942930 1.665266
DYNAMIC_OBS_INFO 2 -36.333745 212.500000 0.000000 41.551955 -36.333745 212.500000 7.273770 1.844653
Parent: -30.867458 10.011239 102.000000 20.825999 15.308876 -7.560164 -10.000000 2.146089 19.000000 0.000000 0 0 0 1 0 0 0 0
Child: -7.560164 3.533227 37.000000 20.000000 5.550000 0.000000 -10.000000 0.000000 0.000000 0.000000 0 0 0 1 0 0 0 0
EGO_STATUS -1.750000 189.466773 1.400000 1.570796 12.614501 1.000000 -5.880000
DYNAMIC_OBS_INFO 0 1.750000 226.636684 -1.570000 36.107936 1.750000 226.636684 0.000000 0.000000
DYNAMIC_OBS_INFO 1 39.495712 209.500000 3.140000 43.966914 37.993095 209.502393 15.109456 1.665266
DYNAMIC_OBS_INFO 2 -36.333745 212.500000 0.000000 40.881887 -36.333745 212.500000 7.273770 1.844653
Parent: -30.221127 10.011239 102.000000 20.825995 15.308876 -7.813840 -10.000000 2.046097 18.000000 0.000000 0 0 0 1 0 0 0 0
Child: -7.813840 2.301221 25.000000 20.000000 3.750000 0.000000 -10.000000 0.000000 0.000000 0.000000 0 0 0 1 0 0 0 0
EGO_STATUS -1.750000 190.698779 1.500000 1.570796 12.026501 1.000000 -5.880000
DYNAMIC_OBS_INFO 0 1.750000 226.636684 -1.570000 34.940440 1.750000 226.636684 0.000000 0.000000
DYNAMIC_OBS_INFO 1 39.495712 209.500000 3.140000 42.094862 36.473825 209.504813 15.275983 1.665266
DYNAMIC_OBS_INFO 2 -36.333745 212.500000 0.000000 40.268480 -36.333745 212.500000 7.273770 1.844653
Parent: -29.602669 10.011239 102.000000 20.825990 15.308876 -8.095390 -10.000000 1.946105 17.000000 0.000000 0 0 0 1 0 0 0 0
Child: -8.095390 1.128015 13.000000 20.000000 1.950000 0.000000 -10.000000 0.000000 0.000000 0.000000 0 0 0 1 0 0 0 0
EGO_STATUS -1.750000 191.871985 1.600000 1.570796 11.438501 1.000000 -5.880000
DYNAMIC_OBS_INFO 0 1.750000 226.636684 -1.570000 33.831784 1.750000 226.636684 0.000000 0.000000
DYNAMIC_OBS_INFO 1 39.495712 209.500000 3.140000 40.236053 34.937902 209.507259 15.442510 1.665266
DYNAMIC_OBS_INFO 2 -36.333745 212.500000 0.000000 39.709128 -36.333745 212.500000 7.273770 1.844653
Parent: -30.469544 10.011239 102.000000 20.825990 15.308876 -9.862265 -10.000000 1.846106 16.000000 0.000000 0 0 0 1 0 0 0 0
Child: -9.862265 0.013570 2.000000 20.000000 0.300000 0.000000 -10.000000 0.000000 0.000000 0.000000 0 0 0 1 0 0 0 0
EGO_STATUS -1.750000 192.986430 1.700000 1.570796 10.850501 1.000000 -5.880000
DYNAMIC_OBS_INFO 0 1.750000 226.636684 -1.570000 32.782009 1.750000 226.636684 0.000000 0.000000
DYNAMIC_OBS_INFO 1 39.495712 209.500000 3.140000 38.389007 33.385327 209.509732 15.609036 1.665266
DYNAMIC_OBS_INFO 2 -36.333745 212.500000 0.000000 39.201506 -36.333745 212.500000 7.273770 1.844653
Parent: -18.854911 8.969227 91.000000 20.824979 13.658876 0.000000 -10.000000 1.746260 14.000000 0.000000 0 0 0 1 0 0 0 0
EGO_STATUS -1.749634 194.042012 1.800000 1.569838 10.262501 1.000000 -5.880000
DYNAMIC_OBS_INFO 0 1.750000 226.636684 -1.570000 31.790853 1.750000 226.636684 0.000000 0.000000
DYNAMIC_OBS_INFO 1 39.495712 209.500000 3.140000 36.551607 31.816099 209.512231 15.775563 1.665266
DYNAMIC_OBS_INFO 2 -36.333745 212.500000 0.000000 38.087582 -35.597145 212.500000 7.458235 1.844653
Parent: -18.119316 7.972386 81.000000 20.701453 12.158876 0.000000 -10.000000 1.646422 13.000000 0.000000 0 0 0 1 0 0 0 0
EGO_STATUS -1.747889 195.038851 1.900000 1.568268 9.674501 1.000000 -5.880000
DYNAMIC_OBS_INFO 0 1.750000 226.636684 -1.570000 30.858432 1.750000 226.636684 0.000000 0.000000
DYNAMIC_OBS_INFO 1 39.495712 209.500000 3.140000 34.723057 30.230218 209.514757 15.942090 1.665266
DYNAMIC_OBS_INFO 2 -36.333745 212.500000 0.000000 36.992343 -34.842098 212.500000 7.642701 1.844653
Parent: -18.374871 7.034420 72.000000 20.700841 10.808876 0.000000 -10.000000 1.546621 13.000000 0.000000 0 0 0 1 0 0 0 0
EGO_STATUS -1.745003 195.976812 2.000000 1.567321 9.086501 1.000000 -5.880000
DYNAMIC_OBS_INFO 0 1.750000 226.636684 -1.570000 29.984716 1.750000 226.636684 0.000000 0.000000
DYNAMIC_OBS_INFO 1 39.495712 209.500000 3.140000 32.903215 28.627685 209.517309 16.108616 1.665266
DYNAMIC_OBS_INFO 2 -36.333745 212.500000 0.000000 35.913090 -34.068605 212.500000 7.827166 1.844653
Parent: -17.606496 6.155237 63.000000 20.700744 9.458876 0.000000 -10.000000 1.446844 12.000000 0.000000 0 0 0 1 0 0 0 0
EGO_STATUS -1.741914 196.855990 2.100000 1.567424 8.498501 1.000000 -5.880000
DYNAMIC_OBS_INFO 0 1.750000 226.636684 -1.570000 29.169800 1.750000 226.636684 0.000000 0.000000
DYNAMIC_OBS_INFO 1 39.495712 209.500000 3.140000 31.092096 27.008499 209.519888 16.275143 1.665266
DYNAMIC_OBS_INFO 2 -36.333745 212.500000 0.000000 34.847253 -33.276665 212.500000 8.011631 1.844653
Parent: -16.843921 5.334863 55.000000 20.700390 8.258876 0.000000 -10.000000 1.347103 11.000000 0.000000 0 0 0 1 0 0 0 0
EGO_STATUS -1.739532 197.676360 2.200000 1.568511 7.910501 1.000000 -5.880000
DYNAMIC_OBS_INFO 0 1.750000 226.636684 -1.570000 28.413758 1.750000 226.636684 0.000000 0.000000
DYNAMIC_OBS_INFO 1 39.495712 209.500000 3.140000 29.289576 25.372661 209.522493 16.441670 1.665266
DYNAMIC_OBS_INFO 2 -36.333745 212.500000 0.000000 33.792671 -32.466279 212.500000 8.196096 1.844653
Parent: -16.051467 4.573343 47.000000 20.700351 7.058876 0.000000 -10.000000 1.247417 10.000000 0.000000 0 0 0 1 0 0 0 0
EGO_STATUS -1.738418 198.437880 2.300000 1.570243 7.322501 1.000000 -5.880000
DYNAMIC_OBS_INFO 0 1.750000 226.636684 -1.570000 27.716413 1.750000 226.636684 0.000000 0.000000
DYNAMIC_OBS_INFO 1 39.495712 209.500000 3.140000 27.495276 23.720169 209.525125 16.608196 1.665266
DYNAMIC_OBS_INFO 2 -36.333745 212.500000 0.000000 32.747602 -31.637446 212.500000 8.380562 1.844653
Parent: -15.273662 3.870511 40.000000 20.639652 6.008876 0.000000 -10.000000 1.147753 9.000000 0.000000 0 0 0 1 0 0 0 0
EGO_STATUS -1.738703 199.140712 2.400000 1.572183 6.734501 1.000000 -5.880000
DYNAMIC_OBS_INFO 0 1.750000 226.636684 -1.570000 27.077988 1.750000 226.636684 0.000000 0.000000
DYNAMIC_OBS_INFO 1 39.495712 209.500000 3.140000 25.708970 22.051026 209.527783 16.774723 1.665266
DYNAMIC_OBS_INFO 2 -36.333745 212.500000 0.000000 31.710954 -30.790166 212.500000 8.565027 1.844653
Parent: -15.525015 3.226653 34.000000 20.462625 5.108876 0.000000 -10.000000 1.048210 9.000000 0.000000 0 0 0 1 0 0 0 0
EGO_STATUS -1.740168 199.784568 2.500000 1.573912 6.146501 1.000000 -5.880000
DYNAMIC_OBS_INFO 0 1.750000 226.636684 -1.570000 26.498139 1.750000 226.636684 0.000000 0.000000
DYNAMIC_OBS_INFO 1 39.495712 209.500000 3.140000 23.930431 20.365229 209.530468 16.941250 1.665266
DYNAMIC_OBS_INFO 2 -36.333745 212.500000 0.000000 30.681812 -29.924440 212.500000 8.749492 1.844653
Parent: -14.739350 2.641521 28.000000 20.297290 4.208876 0.000000 -10.000000 0.948737 8.000000 0.000000 0 0 0 1 0 0 0 0
EGO_STATUS -1.742366 200.369695 2.600000 1.575102 5.558501 1.000000 -5.880000
DYNAMIC_OBS_INFO 0 1.750000 226.636684 -1.570000 25.976935 1.750000 226.636684 0.000000 0.000000
DYNAMIC_OBS_INFO 1 39.495712 209.500000 3.140000 22.160124 18.662780 209.533180 17.107776 1.665266
DYNAMIC_OBS_INFO 2 -36.333745 212.500000 0.000000 29.659712 -29.040268 212.500000 8.933958 1.844653
Parent: -14.965738 2.115304 23.000000 20.297058 3.458876 0.000000 -10.000000 0.849434 8.000000 0.000000 0 0 0 1 0 0 0 0
EGO_STATUS -1.744783 200.895907 2.700000 1.575551 4.970501 1.000000 -5.880000
DYNAMIC_OBS_INFO 0 1.750000 226.636684 -1.570000 25.514246 1.750000 226.636684 0.000000 0.000000
DYNAMIC_OBS_INFO 1 39.495712 209.500000 3.140000 20.399330 16.943678 209.535918 17.274303 1.665266
DYNAMIC_OBS_INFO 2 -36.333745 212.500000 0.000000 28.644315 -28.137649 212.500000 9.118423 1.844653
Parent: -14.143509 1.647987 18.000000 20.294979 2.709007 0.000000 -10.000000 0.750364 7.000000 0.000000 0 0 0 1 0 0 0 0
EGO_STATUS -1.746952 201.363219 2.800000 1.575199 4.382501 1.000000 -5.880000
DYNAMIC_OBS_INFO 0 1.750000 226.636684 -1.570000 25.109709 1.750000 226.636684 0.000000 0.000000
DYNAMIC_OBS_INFO 1 39.495712 209.500000 3.140000 18.650607 15.207924 209.538682 17.440829 1.665266
DYNAMIC_OBS_INFO 2 -36.333745 212.500000 0.000000 27.635350 -27.216583 212.500000 9.302888 1.844653
Parent: -14.365190 1.239305 14.000000 20.294463 2.110377 0.000000 -10.000000 0.651494 7.000000 0.000000 0 0 0 1 0 0 0 0
EGO_STATUS -1.748556 201.771898 2.900000 1.574119 3.794501 1.000000 -5.880000
DYNAMIC_OBS_INFO 0 1.750000 226.636684 -1.570000 24.763957 1.750000 226.636684 0.000000 0.000000
DYNAMIC_OBS_INFO 1 39.495712 209.500000 3.140000 16.918948 13.455517 209.541473 17.607356 1.665266
DYNAMIC_OBS_INFO 2 -36.333745 212.500000 0.000000 26.633125 -26.277071 212.500000 9.487354 1.844653
Parent: -13.505921 0.889970 10.000000 20.294853 1.511516 0.000000 -10.000000 0.553378 6.000000 0.000000 0 0 0 1 0 0 0 0
EGO_STATUS -1.749444 202.121231 3.000000 1.572479 3.206501 1.000000 -5.880000
DYNAMIC_OBS_INFO 0 1.750000 226.636684 -1.570000 24.476022 1.750000 226.636684 0.000000 0.000000
DYNAMIC_OBS_INFO 1 39.495712 209.500000 3.140000 15.211727 11.686457 209.544291 17.773883 1.665266
DYNAMIC_OBS_INFO 2 -36.333745 212.500000 0.000000 25.637548 -25.319113 212.500000 9.671819 1.844653
Parent: -13.719257 0.599051 7.000000 20.263172 1.061407 0.000000 -10.000000 0.455812 6.000000 0.000000 0 0 0 1 0 0 0 0
EGO_STATUS -1.749659 202.412150 3.100000 1.570529 2.618501 1.000000 -5.880000
DYNAMIC_OBS_INFO 0 1.750000 226.636684 -1.570000 24.247535 1.750000 226.636684 0.000000 0.000000
DYNAMIC_OBS_INFO 1 39.495712 209.500000 3.140000 13.542241 9.900745 209.547135 17.940409 1.665266
DYNAMIC_OBS_INFO 2 -36.333745 212.500000 0.000000 24.649944 -24.342707 212.500000 9.856284 1.844653
Parent: -14.095791 0.368211 5.000000 20.194787 0.762015 0.000000 -10.000000 0.360903 6.000000 0.000000 0 0 0 1 0 0 0 0
EGO_STATUS -1.749366 202.642990 3.200000 1.568552 2.030501 1.000000 -5.880000
DYNAMIC_OBS_INFO 0 1.750000 226.636684 -1.570000 24.078216 1.750000 226.636684 0.000000 0.000000
DYNAMIC_OBS_INFO 1 39.495712 209.500000 3.140000 11.930666 8.098380 209.550005 18.106936 1.665266
DYNAMIC_OBS_INFO 2 -36.333745 212.500000 0.000000 23.671417 -23.347856 212.500000 10.040749 1.844653
Parent: -14.376468 0.197166 3.000000 20.110733 0.461462 0.000000 -10.000000 0.271485 6.000000 0.000000 0 0 0 1 0 0 0 0
EGO_STATUS -1.748827 202.814034 3.300000 1.566839 1.442501 1.000000 -5.880000
DYNAMIC_OBS_INFO 0 1.750000 226.636684 -1.570000 23.970797 1.750000 226.636684 0.000000 0.000000
DYNAMIC_OBS_INFO 1 39.495712 209.500000 3.140000 10.411801 6.279362 209.552902 18.273463 1.665266
DYNAMIC_OBS_INFO 2 -36.333745 212.500000 0.000000 22.705077 -22.334558 212.500000 10.225215 1.844653
Parent: -14.896131 0.088662 2.000000 20.039396 0.309700 0.000000 -10.000000 0.201771 6.000000 0.000000 0 0 0 1 0 0 0 0
EGO_STATUS -1.748331 202.922537 3.400000 1.565683 0.868839 1.000000 -5.880000
DYNAMIC_OBS_INFO 0 1.750000 226.636684 -1.570000 23.927290 1.750000 226.636684 0.000000 0.000000
DYNAMIC_OBS_INFO 1 39.495712 209.500000 3.140000 9.041986 4.443692 209.555826 18.439989 1.665266
DYNAMIC_OBS_INFO 2 -36.333745 212.500000 0.000000 21.754900 -21.302813 212.500000 10.409680 1.844653
Parent: -15.348260 0.044720 2.000000 20.011402 0.309700 0.000000 -10.000000 0.197358 6.000000 0.000000 0 0 0 1 0 0 0 0
EGO_STATUS -1.748078 202.966478 3.500000 1.565045 0.443189 1.000000 -5.880000
DYNAMIC_OBS_INFO 0 1.750000 226.636684 -1.570000 23.904855 1.750000 226.636684 0.000000 0.000000
DYNAMIC_OBS_INFO 1 39.495712 209.500000 3.140000 7.873358 2.591369 209.558776 18.606516 1.665266
DYNAMIC_OBS_INFO 2 -36.333745 212.500000 0.000000 20.805762 -20.252622 212.500000 10.594145 1.844653
Parent: -15.366534 0.022061 2.000000 40.003056 0.309700 0.000000 -10.000000 0.188800 6.000000 0.000000 0 0 0 1 1 0 0 0
EGO_STATUS -1.747941 202.989137 3.600000 1.564716 0.223695 1.000000 -5.880000
DYNAMIC_OBS_INFO 0 1.750000 226.636684 -1.570000 23.893285 1.750000 226.636684 0.000000 0.000000
DYNAMIC_OBS_INFO 1 39.495712 209.500000 3.140000 7.010564 0.722393 209.561753 18.773043 1.665266
DYNAMIC_OBS_INFO 2 -36.333745 212.500000 0.000000 19.855793 -19.183984 212.500000 10.778611 1.844653
Parent: -15.618650 0.010376 2.000000 40.000765 0.312252 0.000000 -10.000000 0.172204 6.000000 0.000000 0 0 0 1 1 0 0 0
EGO_STATUS -1.747868 203.000822 3.700000 1.564546 0.110509 1.000000 -5.880000
DYNAMIC_OBS_INFO 0 1.750000 226.636684 -1.570000 23.887320 1.750000 226.636684 0.000000 0.000000
DYNAMIC_OBS_INFO 1 39.495712 209.500000 3.140000 6.583914 -1.163235 209.564756 18.939569 1.665266
DYNAMIC_OBS_INFO 2 -36.333745 212.500000 0.000000 18.905344 -18.096899 212.500000 10.963076 1.844653
Parent: 15493.986512 10.000000 101.000000 20.000000 15.147906 15531.661095 -10.000000 4.845427 36.000000 0.000000 0 0 1 0 0 0 0 0
Child: 15531.661095 10.989704 111.000000 3082.667113 273.715835 15209.357904 -10.000000 0.000000 0.000000 0.000000 1 0 1 0 0 0 0 0
Child: 15209.357904 13.775845 139.000000 153072.287831 392.039512 0.000000 0.000000 0.000000 0.000000 0.000000 1 0 1 0 0 0 0 15
EGO_STATUS -1.747830 203.006847 3.800000 1.564458 0.052143 1.000000 -5.880000
DYNAMIC_OBS_INFO 0 1.750000 226.636684 -1.570000 23.846685 1.750000 226.636684 0.000000 0.000000
DYNAMIC_OBS_INFO 1 39.495712 209.500000 3.140000 6.651781 -3.065516 209.567785 19.106096 1.665266
DYNAMIC_OBS_INFO 2 -36.333745 212.500000 0.000000 17.936464 -16.991369 212.500000 11.147541 1.844653
Parent: 8519.995795 10.000000 101.000000 20.000000 15.147906 8557.771861 -10.000000 4.743943 36.000000 0.000000 0 0 1 0 0 0 0 0
Child: 8557.771861 10.989704 111.000000 3082.579527 273.715835 8235.477342 -10.000000 0.000000 0.000000 0.000000 1 0 1 0 0 0 0 0
Child: 8235.477342 13.734719 139.000000 83072.207325 374.808705 0.000000 -10.000000 0.000000 0.000000 0.000000 1 0 1 0 0 0 0 8
EGO_STATUS -1.747543 203.047882 3.900000 1.563938 0.346143 0.000000 2.940000
DYNAMIC_OBS_INFO 0 1.750000 226.636684 -1.570000 23.787892 1.750000 226.636684 0.000000 0.000000
DYNAMIC_OBS_INFO 1 39.495712 209.500000 3.140000 7.228998 -4.984449 209.570842 19.272623 1.665266
DYNAMIC_OBS_INFO 2 -36.333745 212.500000 0.000000 16.958961 -15.867391 212.500000 11.332007 1.844653
Parent: 13501.173113 10.000000 101.000000 20.000000 15.147906 13538.049889 -10.000000 4.643233 35.000000 0.000000 0 0 1 0 0 0 0 0
Child: 13538.049889 10.989704 111.000000 3082.537610 273.715835 13215.759520 -10.000000 0.000000 0.000000 0.000000 1 0 1 0 0 0 0 0
Child: 13215.759520 13.675254 138.000000 133072.168796 391.883386 0.000000 -10.000000 0.000000 0.000000 0.000000 1 0 1 0 0 0 0 13
EGO_STATUS -1.747099 203.107254 4.000000 1.563184 0.640143 0.000000 2.940000
DYNAMIC_OBS_INFO 0 1.750000 226.636684 -1.570000 23.706737 1.750000 226.636684 0.000000 0.000000
DYNAMIC_OBS_INFO 1 39.495712 209.500000 3.140000 8.217721 -6.920035 209.573924 19.439149 1.665266
DYNAMIC_OBS_INFO 2 -36.333745 212.500000 0.000000 15.972901 -14.724967 212.500000 11.516472 1.844653
Parent: 19468.773434 10.000000 101.000000 20.000000 15.147906 19505.750442 -10.000000 4.543002 35.000000 0.000000 0 0 1 0 0 0 0 0
Child: 19505.750442 10.989704 111.000000 3082.523974 273.715835 19183.461423 -10.000000 0.000000 0.000000 0.000000 1 0 1 0 0 0 0 0
Child: 19183.461423 13.593237 137.000000 193072.156262 369.931717 0.000000 -10.000000 0.000000 0.000000 0.000000 1 0 1 0 0 0 0 19
EGO_STATUS -1.746423 203.189202 4.100000 1.562144 0.934143 0.000000 2.940000
DYNAMIC_OBS_INFO 0 1.750000 226.636684 -1.570000 23.598995 1.750000 226.636684 0.000000 0.000000
DYNAMIC_OBS_INFO 1 39.495712 209.500000 3.140000 9.498354 -8.872274 209.577034 19.605676 1.665266
DYNAMIC_OBS_INFO 2 -36.333745 212.500000 0.000000 14.978604 -13.564097 212.500000 11.700937 1.844653
Parent: 11525.017591 10.000000 101.000000 20.000000 15.147906 11562.094649 -10.000000 4.442951 35.000000 0.000000 0 0 1 0 0 0 0 0
Child: 11562.094649 10.989704 111.000000 3082.520987 273.715835 11239.805926 -10.000000 0.000000 0.000000 0.000000 1 0 1 0 0 0 0 0
Child: 11239.805926 13.484400 136.000000 113072.153517 390.338274 0.000000 -10.000000 0.000000 0.000000 0.000000 1 0 1 0 0 0 0 11
EGO_STATUS -1.745401 203.297988 4.200000 1.560761 1.228143 0.000000 2.940000
DYNAMIC_OBS_INFO 0 1.750000 226.636684 -1.570000 23.461334 1.750000 226.636684 0.000000 0.000000
DYNAMIC_OBS_INFO 1 39.495712 209.500000 3.140000 10.977240 -10.841166 209.580169 19.772203 1.665266
DYNAMIC_OBS_INFO 2 -36.333745 212.500000 0.000000 13.977398 -12.384780 212.500000 11.885403 1.844653
Parent: 15444.795858 10.000000 101.000000 20.000000 15.147906 15481.973027 -10.000000 4.342841 35.000000 0.000000 0 0 1 0 0 0 0 0
Child: 15481.973027 10.989704 111.000000 3082.514485 273.715835 15159.684947 -10.000000 0.000000 0.000000 0.000000 1 0 1 0 0 0 0 0
Child: 15159.684947 13.345311 135.000000 153072.147541 383.060778 0.000000 -10.000000 0.000000 0.000000 0.000000 1 0 1 0 0 0 0 15
EGO_STATUS -1.743868 203.436963 4.300000 1.558988 1.522143 0.000000 2.940000
DYNAMIC_OBS_INFO 0 1.750000 226.636684 -1.570000 23.294990 1.750000 226.636684 0.000000 0.000000
DYNAMIC_OBS_INFO 1 39.495712 209.500000 3.140000 12.594431 -12.826710 209.583332 19.938729 1.665266
DYNAMIC_OBS_INFO 2 -36.333745 212.500000 0.000000 12.974498 -11.187016 212.500000 12.069868 1.844653
Parent: 8544.291495 10.000000 101.000000 20.000000 15.147906 8581.568741 -10.000000 4.242763 35.000000 0.000000 0 0 1 0 0 0 0 0
Child: 8581.568741 10.989704 111.000000 3082.509916 273.715835 8259.281114 -10.000000 0.000000 0.000000 0.000000 1 0 1 0 0 0 0 0
Child: 8259.281114 13.177290 133.000000 83072.143341 390.721425 0.000000 -10.000000 0.000000 0.000000 0.000000 1 0 1 0 0 0 0 8
EGO_STATUS -1.741690 203.604866 4.400000 1.556828 1.816143 0.000000 2.940000
DYNAMIC_OBS_INFO 0 1.750000 226.636684 -1.570000 23.100363 1.750000 226.636684 0.000000 0.000000
DYNAMIC_OBS_INFO 1 39.495712 209.500000 3.140000 14.311629 -14.828906 209.586520 20.105256 1.665266
DYNAMIC_OBS_INFO 2 -36.333745 212.500000 0.000000 11.976454 -9.970806 212.500000 12.254333 1.844653
Parent: 13499.660549 10.000000 101.000000 20.000000 15.147906 13537.037806 -10.000000 4.142752 35.000000 0.000000 0 0 1 0 0 0 0 0
Child: 13537.037806 10.989704 111.000000 3082.509253 273.715835 13214.750245 -10.000000 0.000000 0.000000 0.000000 1 0 1 0 0 0 0 0
Child: 13214.750245 12.980815 131.000000 133072.142732 389.603219 0.000000 -10.000000 0.000000 0.000000 0.000000 1 0 1 0 0 0 0 13
EGO_STATUS -1.738693 203.801278 4.500000 1.554259 2.110143 0.000000 2.940000
DYNAMIC_OBS_INFO 0 1.750000 226.636684 -1.570000 22.876200 1.750000 226.636684 0.000000 0.000000
DYNAMIC_OBS_INFO 1 39.495712 209.500000 3.140000 16.104248 -16.847756 209.589736 20.271782 1.665266
DYNAMIC_OBS_INFO 2 -36.333745 212.500000 0.000000 10.991183 -8.736150 212.500000 12.438798 1.844653
Parent: 18413.355797 10.000000 101.000000 20.000000 15.147906 18450.833095 -10.000000 4.042711 35.000000 0.000000 0 0 1 0 0 0 0 0
Child: 18450.833095 10.989704 111.000000 3082.506855 273.715835 18128.545771 -10.000000 0.000000 0.000000 0.000000 1 0 1 0 0 0 0 0
Child: 18128.545771 12.754520 129.000000 183072.140527 382.225265 0.000000 -10.000000 0.000000 0.000000 0.000000 1 0 1 0 0 0 0 18
EGO_STATUS -1.734595 204.027436 4.600000 1.551200 2.404143 0.000000 2.940000
DYNAMIC_OBS_INFO 0 1.750000 226.636684 -1.570000 22.622815 1.750000 226.636684 0.000000 0.000000
DYNAMIC_OBS_INFO 1 39.495712 209.500000 3.140000 17.957195 -18.883258 209.592978 20.438309 1.665266
DYNAMIC_OBS_INFO 2 -36.333745 212.500000 0.000000 10.031304 -7.483047 212.500000 12.623264 1.844653
Parent: 11299.611793 10.000000 101.000000 20.000000 15.147906 11336.166685 -10.000000 3.965118 34.000000 0.000000 0 0 1 0 0 0 0 0
Child: 11336.166685 23.810026 240.000000 113084.149349 1282.797841 0.000000 -10.000000 0.000000 0.000000 0.000000 1 0 1 0 0 0 0 11
EGO_STATUS -1.729107 204.282991 4.700000 1.547547 2.698143 0.000000 2.940000
DYNAMIC_OBS_INFO 0 1.750000 226.636684 -1.570000 22.340477 1.750000 226.636684 0.000000 0.000000
DYNAMIC_OBS_INFO 1 39.495712 209.500000 3.140000 19.860707 -20.935412 209.596246 20.604836 1.665266
DYNAMIC_OBS_INFO 2 -36.333745 212.500000 0.000000 9.114788 -6.211497 212.500000 12.807729 1.844653
Parent: 10485.640102 10.000000 101.000000 20.000000 15.147906 10521.058412 -10.000000 5.101699 34.000000 0.000000 0 0 1 0 0 0 0 0
Child: 10521.058412 10.989704 111.000000 3054.375262 273.715835 10191.556294 0.000000 0.000000 0.000000 0.000000 1 0 1 0 0 0 0 0
Child: 10191.556294 12.220142 124.000000 103041.239507 374.331385 0.000000 0.000000 0.000000 0.000000 0.000000 1 0 1 0 0 0 0 10
EGO_STATUS -1.721857 204.567630 4.800000 1.543123 2.992143 0.000000 2.940000
DYNAMIC_OBS_INFO 0 1.750000 226.636684 -1.570000 22.038778 1.750000 226.636684 0.000000 0.000000
DYNAMIC_OBS_INFO 1 39.495712 209.500000 3.140000 21.810185 -23.004220 209.599541 20.771362 1.665266
DYNAMIC_OBS_INFO 2 -36.333745 212.500000 0.000000 8.275798 -4.921501 212.500000 12.992194 1.844653
Parent: 5544.187862 10.000000 101.000000 20.000000 15.147906 5579.706181 -10.000000 5.001690 34.000000 0.000000 0 0 1 0 0 0 0 0
Child: 5579.706181 10.989704 111.000000 3054.375212 273.715835 5250.204068 0.000000 0.000000 0.000000 0.000000 1 0 1 0 0 0 0 0
Child: 5250.204068 11.915965 121.000000 53041.239427 373.208404 0.000000 -10.000000 0.000000 0.000000 0.000000 1 0 1 0 0 0 0 5
EGO_STATUS -1.712649 204.871625 4.900000 1.537833 3.090143 2.000000 0.980000
DYNAMIC_OBS_INFO 0 1.750000 226.636684 -1.570000 21.727163 1.750000 226.636684 0.000000 0.000000
DYNAMIC_OBS_INFO 1 39.495712 209.500000 3.140000 23.801870 -25.089680 209.602862 20.937889 1.665266
DYNAMIC_OBS_INFO 2 -36.333745 212.500000 0.000000 7.560304 -3.613058 212.500000 13.176660 1.844653
Parent: 9467.534779 10.000000 101.000000 20.000000 15.147906 9503.153268 -10.000000 4.901520 34.000000 0.000000 0 0 1 0 0 0 0 0
Child: 9503.153268 10.989704 111.000000 3054.374263 273.715835 9173.651249 0.000000 0.000000 0.000000 0.000000 1 0 1 0 0 0 0 0
Child: 9173.651249 11.600858 118.000000 93041.237919 371.749951 0.000000 -10.000000 0.000000 0.000000 0.000000 1 0 1 0 0 0 0 9
EGO_STATUS -1.701328 205.185392 5.000000 1.531568 3.188143 2.000000 0.980000
DYNAMIC_OBS_INFO 0 1.750000 226.636684 -1.570000 21.405598 1.750000 226.636684 0.000000 0.000000
DYNAMIC_OBS_INFO 1 39.495712 209.500000 3.140000 25.831399 -27.191792 209.606210 21.104416 1.665266
DYNAMIC_OBS_INFO 2 -36.333745 212.500000 0.000000 7.016705 -2.286169 212.500000 13.361125 1.844653
Parent: 12494.529801 10.000000 101.000000 20.000000 15.147906 12529.248302 -10.000000 4.801508 33.000000 0.000000 0 0 1 0 0 0 0 0
Child: 12529.248302 10.989704 111.000000 3054.374197 273.715835 12199.746290 0.000000 0.000000 0.000000 0.000000 1 0 1 0 0 0 0 0
Child: 12199.746290 11.277061 114.000000 123041.237813 387.298233 0.000000 -10.000000 0.000000 0.000000 0.000000 1 0 1 0 0 0 0 12
EGO_STATUS -1.687418 205.508888 5.100000 1.524025 3.286143 2.000000 0.980000
DYNAMIC_OBS_INFO 0 1.750000 226.636684 -1.570000 21.074036 1.750000 226.636684 0.000000 0.000000
DYNAMIC_OBS_INFO 1 39.495712 209.500000 3.140000 27.895845 -29.310557 209.609585 21.270942 1.665266
DYNAMIC_OBS_INFO 2 -36.333745 212.500000 0.000000 6.697785 -0.940833 212.500000 13.545590 1.844653
Parent: 6537.206175 10.000000 101.000000 20.000000 15.147906 6572.024694 -10.000000 4.701490 33.000000 0.000000 0 0 1 0 0 0 0 0
Child: 6572.024694 10.989704 111.000000 3054.374098 273.715835 6242.522691 0.000000 0.000000 0.000000 0.000000 1 0 1 0 0 0 0 0
Child: 6242.522691 10.943422 111.000000 63041.237656 378.596550 0.000000 -10.000000 0.000000 0.000000 0.000000 1 0 1 0 0 0 0 6
EGO_STATUS -1.670299 205.842057 5.200000 1.514843 3.384143 2.000000 0.980000
DYNAMIC_OBS_INFO 0 1.750000 226.636684 -1.570000 20.732421 1.750000 226.636684 0.000000 0.000000
DYNAMIC_OBS_INFO 1 39.495712 209.500000 3.140000 29.993355 -31.445975 209.612986 21.437469 1.665266
DYNAMIC_OBS_INFO 2 -36.333745 212.500000 0.000000 6.646446 0.422949 212.500000 13.730056 1.844653
Parent: 10268.709308 10.000000 101.000000 20.000000 15.147906 10293.157122 0.000000 5.072196 33.000000 0.000000 0 0 1 0 0 0 0 0
Child: 10293.157122 21.478973 216.000000 103044.419672 567.699856 0.000000 -10.000000 0.000000 0.000000 0.000000 1 0 1 0 0 0 0 10
EGO_STATUS -1.649180 206.184818 5.300000 1.503611 3.482143 2.000000 0.980000
DYNAMIC_OBS_INFO 0 1.750000 226.636684 -1.570000 20.380691 1.750000 226.636684 0.000000 0.000000
DYNAMIC_OBS_INFO 1 39.495712 209.500000 3.140000 32.122920 -33.598046 209.616413 21.603996 1.665266
DYNAMIC_OBS_INFO 2 -36.333745 212.500000 0.000000 6.878192 1.805178 212.500000 13.914521 1.844653
Parent: 324.486592 10.000000 101.000000 20.000000 15.147906 348.034450 0.000000 4.972151 32.000000 0.000000 0 0 1 0 0 0 0 0
Child: 348.034450 21.125491 213.000000 3044.418448 565.501827 0.000000 -10.000000 0.000000 0.000000 0.000000 1 0 1 0 0 0 0 0
EGO_STATUS -1.623063 206.537057 5.400000 1.489874 3.580143 2.000000 0.980000
DYNAMIC_OBS_INFO 0 1.750000 226.636684 -1.570000 20.018795 1.750000 226.636684 0.000000 0.000000
DYNAMIC_OBS_INFO 1 39.495712 209.500000 3.140000 34.284215 -35.766769 209.619867 21.770522 1.665266
DYNAMIC_OBS_INFO 2 -36.333745 212.500000 0.000000 7.374466 3.205853 212.500000 14.098986 1.844653
Parent: 314.853979 10.000000 101.000000 20.000000 15.147906 348.359833 -10.000000 5.014155 32.000000 0.000000 0 0 1 0 0 0 0 0
Child: 348.359833 20.762235 209.000000 3044.418452 562.958385 0.000000 -10.000000 0.000000 0.000000 0.000000 1 0 1 0 0 0 0 0
EGO_STATUS -1.590722 206.898607 5.500000 1.473162 3.678143 2.000000 0.980000
DYNAMIC_OBS_INFO 0 1.750000 226.636684 -1.570000 19.646704 1.750000 226.636684 0.000000 0.000000
DYNAMIC_OBS_INFO 1 39.495712 209.500000 3.140000 36.477501 -37.952145 209.623348 21.937049 1.665266
DYNAMIC_OBS_INFO 2 -36.333745 212.500000 0.000000 8.093194 4.624975 212.500000 14.283451 1.844653
Parent: 314.863890 10.000000 101.000000 20.000000 15.147906 348.469778 -10.000000 4.914121 32.000000 0.000000 0 0 1 0 0 0 0 0
Child: 348.469778 20.389228 205.000000 3044.417307 559.755720 0.000000 -10.000000 0.000000 0.000000 0.000000 1 0 1 0 0 0 0 0
EGO_STATUS -1.550686 207.269225 5.600000 1.453013 3.776143 2.000000 0.980000
DYNAMIC_OBS_INFO 0 1.750000 226.636684 -1.570000 19.264453 1.750000 226.636684 0.000000 0.000000
DYNAMIC_OBS_INFO 1 39.495712 209.500000 3.140000 38.703536 -40.154173 209.626855 22.103576 1.665266
DYNAMIC_OBS_INFO 2 -36.333745 212.500000 0.000000 8.985938 6.062544 212.500000 14.467917 1.844653
Parent: 312.877886 10.000000 101.000000 20.000000 15.147906 346.583801 -10.000000 4.814095 32.000000 0.000000 0 0 1 0 0 0 0 0
Child: 346.583801 20.006491 202.000000 3044.416057 555.911900 0.000000 -10.000000 0.000000 0.000000 0.000000 1 0 1 0 0 0 0 0
EGO_STATUS -1.501229 207.648566 5.700000 1.428985 3.874143 2.000000 0.980000
DYNAMIC_OBS_INFO 0 1.750000 226.636684 -1.570000 18.872170 1.750000 226.636684 0.000000 0.000000
DYNAMIC_OBS_INFO 1 39.495712 209.500000 3.140000 40.963513 -42.372854 209.630388 22.270102 1.665266
DYNAMIC_OBS_INFO 2 -36.333745 212.500000 0.000000 10.009424 7.518559 212.500000 14.652382 1.844653
Parent: 57.425513 20.915008 211.000000 31.280155 440.807448 36.773147 0.000000 4.857502 31.000000 0.000000 0 0 1 0 0 0 0 0
Child: 36.773147 8.746326 89.000000 12.734708 361.457847 0.000000 0.000000 0.000000 0.000000 0.000000 0 0 0 0 0 1 0 0
EGO_STATUS -1.440376 208.036139 5.800000 1.400665 3.972143 2.000000 0.980000
DYNAMIC_OBS_INFO 0 1.750000 226.636684 -1.570000 18.475029 1.750000 226.636684 0.000000 0.000000
DYNAMIC_OBS_INFO 1 39.495712 209.500000 3.140000 43.258173 -44.608188 209.633948 22.436629 1.665266
DYNAMIC_OBS_INFO 2 -36.333745 212.500000 0.000000 11.131979 8.993020 212.500000 14.836847 1.844653
Parent: 46.630404 20.915008 211.000000 31.280155 440.807448 26.078036 0.000000 4.757505 31.000000 0.000000 0 0 1 0 0 0 0 0
Child: 26.078036 8.349124 85.000000 12.733932 354.566031 0.000000 -10.000000 0.000000 0.000000 0.000000 0 0 0 0 0 1 0 0
EGO_STATUS -1.366871 208.426472 5.900000 1.368098 3.972143 4.000000 0.000000
DYNAMIC_OBS_INFO 0 1.750000 226.636684 -1.570000 18.078372 1.750000 226.636684 0.000000 0.000000
DYNAMIC_OBS_INFO 1 39.495712 209.500000 3.140000 45.587689 -46.860174 209.637535 22.603155 1.665266
DYNAMIC_OBS_INFO 2 -36.333745 212.500000 0.000000 12.329706 10.485928 212.500000 15.021313 1.844653
Parent: 45.759971 20.915008 211.000000 31.280155 440.807448 25.307601 0.000000 4.657507 31.000000 0.000000 0 0 1 0 0 0 0 0
Child: 25.307601 7.951917 81.000000 12.733076 346.918044 0.000000 -10.000000 0.000000 0.000000 0.000000 0 0 0 0 0 1 0 0
EGO_STATUS -1.279923 208.814028 6.000000 1.331542 3.972143 4.000000 0.000000
DYNAMIC_OBS_INFO 0 1.750000 226.636684 -1.570000 17.682864 1.750000 226.636684 0.000000 0.000000
DYNAMIC_OBS_INFO 1 39.495712 209.500000 3.140000 47.952766 -49.128813 209.641148 22.769682 1.665266
DYNAMIC_OBS_INFO 2 -36.333745 212.500000 0.000000 13.582865 11.997283 212.500000 15.205778 1.844653
Parent: 45.706584 20.915008 211.000000 31.280155 440.807448 24.354213 0.000000 4.557508 30.000000 0.000000 0 0 1 0 0 0 0 0
Child: 24.354213 7.554704 77.000000 12.732183 337.417123 0.000000 -10.000000 0.000000 0.000000 0.000000 0 0 0 0 0 0 0 0
EGO_STATUS -1.178096 209.197936 6.100000 1.290951 3.972143 4.000000 0.000000
DYNAMIC_OBS_INFO 0 1.750000 226.636684 -1.570000 17.289412 1.750000 226.636684 0.000000 0.000000
DYNAMIC_OBS_INFO 1 39.495712 209.500000 3.140000 50.354141 -51.414105 209.644788 22.936209 1.665266
DYNAMIC_OBS_INFO 2 -36.333745 212.500000 0.000000 14.877040 13.527084 212.500000 15.390243 1.844653
Parent: 45.621249 20.915008 211.000000 31.280155 440.807448 24.368878 0.000000 4.457507 30.000000 0.000000 0 0 1 0 0 0 0 0
Child: 24.368878 7.157488 73.000000 12.731299 337.800623 0.000000 -10.000000 0.000000 0.000000 0.000000 0 0 0 0 0 0 0 0
EGO_STATUS -1.060010 209.577153 6.200000 1.246339 3.972143 4.000000 0.000000
DYNAMIC_OBS_INFO 0 1.750000 226.636684 -1.570000 16.899193 1.750000 226.636684 0.000000 0.000000
DYNAMIC_OBS_INFO 1 39.495712 209.500000 3.140000 52.792520 -53.716049 209.648454 23.102735 1.665266
DYNAMIC_OBS_INFO 2 -36.333745 212.500000 0.000000 16.201586 15.075331 212.500000 15.574709 1.844653
Parent: 44.411342 20.915008 211.000000 31.280155 440.807448 23.258973 0.000000 4.357506 30.000000 0.000000 0 0 1 0 0 0 0 0
Child: 23.258973 6.760270 69.000000 12.730470 326.733653 0.000000 -10.000000 0.000000 0.000000 0.000000 0 0 0 0 0 0 0 0
EGO_STATUS -0.924393 209.950452 6.300000 1.197803 3.972143 4.000000 0.000000
DYNAMIC_OBS_INFO 0 1.750000 226.636684 -1.570000 16.513680 1.750000 226.636684 0.000000 0.000000
DYNAMIC_OBS_INFO 1 39.495712 209.500000 3.140000 55.268500 -56.034646 209.652147 23.269262 1.665266
DYNAMIC_OBS_INFO 2 -36.333745 212.500000 0.000000 17.548544 16.642025 212.500000 15.759174 1.844653
Parent: 43.122032 20.915008 211.000000 31.280155 440.807448 22.069664 0.000000 4.257505 30.000000 0.000000 0 0 1 0 0 0 0 0
Child: 22.069664 6.363050 65.000000 12.729739 314.869134 0.000000 -10.000000 0.000000 0.000000 0.000000 0 0 0 0 0 0 0 0
EGO_STATUS -0.770138 210.316435 6.400000 1.145546 3.972143 4.000000 0.000000
DYNAMIC_OBS_INFO 0 1.750000 226.636684 -1.570000 16.134650 1.750000 226.636684 0.000000 0.000000
DYNAMIC_OBS_INFO 1 39.495712 209.500000 3.140000 57.782498 -58.369896 209.655866 23.435789 1.665266
DYNAMIC_OBS_INFO 2 -36.333745 212.500000 0.000000 18.911929 18.227166 212.500000 15.943639 1.844653
Parent: 27.021763 10.000000 101.000000 20.000000 15.147906 67.610129 -10.000000 4.931644 39.000000 0.000000 0 0 1 0 0 0 0 0
Child: 67.610129 20.915008 211.000000 31.280155 440.807448 20.815265 0.000000 0.000000 0.000000 0.000000 0 0 1 0 0 0 0 0
Child: 20.815265 5.965831 61.000000 12.729139 302.353755 0.000000 -10.000000 0.000000 0.000000 0.000000 0 0 0 0 0 0 0 0
EGO_STATUS -0.596361 210.673555 6.500000 1.089886 3.972143 4.000000 0.000000
DYNAMIC_OBS_INFO 0 1.750000 226.636684 -1.570000 15.764173 1.750000 226.636684 0.000000 0.000000
DYNAMIC_OBS_INFO 1 39.495712 209.500000 3.140000 60.334680 -60.721798 209.659612 23.602315 1.665266
DYNAMIC_OBS_INFO 2 -36.333745 212.500000 0.000000 20.287259 19.830753 212.500000 16.128105 1.844653
Parent: 24.507625 10.000000 101.000000 20.000000 15.147906 65.195992 -10.000000 4.831643 39.000000 0.000000 0 0 1 0 0 0 0 0
Child: 65.195992 20.915008 211.000000 31.280155 440.807448 18.401129 0.000000 0.000000 0.000000 0.000000 0 0 1 0 0 0 0 0
Child: 18.401129 5.568611 57.000000 12.728688 277.983705 0.000000 -10.000000 0.000000 0.000000 0.000000 0 0 0 0 0 0 0 0
EGO_STATUS -0.402460 211.020153 6.600000 1.031263 3.972143 4.000000 0.000000
DYNAMIC_OBS_INFO 0 1.750000 226.636684 -1.570000 15.404576 1.750000 226.636684 0.000000 0.000000
DYNAMIC_OBS_INFO 1 39.495712 209.500000 3.140000 62.924913 -63.090353 209.663384 23.768842 1.665266
DYNAMIC_OBS_INFO 2 -36.333745 212.500000 0.000000 21.671251 21.452787 212.500000 16.312570 1.844653
Parent: 22.894056 10.000000 101.000000 20.000000 15.147906 63.682423 -10.000000 4.731642 39.000000 0.000000 0 0 1 0 0 0 0 0
Child: 63.682423 20.915008 211.000000 31.280155 440.807448 16.887560 0.000000 0.000000 0.000000 0.000000 0 0 1 0 0 0 0 0
Child: 16.887560 5.171393 53.000000 12.728380 262.833860 0.000000 -10.000000 0.000000 0.000000 0.000000 0 0 0 0 0 0 0 0
EGO_STATUS -0.188169 211.354522 6.700000 0.970230 3.972143 4.000000 0.000000
DYNAMIC_OBS_INFO 0 1.750000 226.636684 -1.570000 15.058383 1.750000 226.636684 0.000000 0.000000
DYNAMIC_OBS_INFO 1 39.495712 209.500000 3.140000 65.552730 -65.475560 209.667183 23.935369 1.665266
DYNAMIC_OBS_INFO 2 -36.333745 212.500000 0.000000 23.061615 23.093267 212.500000 16.497035 1.844653
Parent: 22.185045 10.000000 101.000000 20.000000 15.147906 63.073378 -10.000000 4.631676 39.000000 0.000000 0 0 1 0 0 0 0 0
Child: 63.073378 20.915008 211.000000 31.280155 440.807448 16.278515 0.000000 0.000000 0.000000 0.000000 0 0 1 0 0 0 0 0
Child: 16.278515 4.774317 49.000000 12.726569 256.976372 0.000000 -10.000000 0.000000 0.000000 0.000000 0 0 0 0 0 0 0 0
EGO_STATUS 0.046415 211.674976 6.800000 0.907443 3.972143 4.000000 0.000000
DYNAMIC_OBS_INFO 0 1.750000 226.636684 -1.570000 14.728221 1.750000 226.636684 0.000000 0.000000
DYNAMIC_OBS_INFO 1 39.495712 209.500000 3.140000 68.217322 -67.877420 209.671008 24.101895 1.665266
DYNAMIC_OBS_INFO 2 -36.333745 212.500000 0.000000 24.456909 24.752194 212.500000 16.681500 1.844653
Parent: 21.381926 10.000000 101.000000 20.000000 15.147906 61.370266 -10.000000 4.531669 38.000000 0.000000 0 0 1 0 0 0 0 0
Child: 61.370266 20.915008 211.000000 31.280155 440.807448 14.575403 0.000000 0.000000 0.000000 0.000000 0 0 1 0 0 0 0 0
Child: 14.575403 4.377073 45.000000 12.726419 239.929416 0.000000 -10.000000 0.000000 0.000000 0.000000 0 0 0 0 0 0 0 0
EGO_STATUS 0.300815 211.979933 6.900000 0.843640 3.972143 4.000000 0.000000
DYNAMIC_OBS_INFO 0 1.750000 226.636684 -1.570000 14.416712 1.750000 226.636684 0.000000 0.000000
DYNAMIC_OBS_INFO 1 39.495712 209.500000 3.140000 70.917551 -70.295933 209.674860 24.268422 1.665266
DYNAMIC_OBS_INFO 2 -36.333745 212.500000 0.000000 25.856416 26.429567 212.500000 16.865966 1.844653
Parent: 19.579975 10.000000 101.000000 20.000000 15.147906 59.668320 -10.000000 4.431665 38.000000 0.000000 0 0 1 0 0 0 0 0
Child: 59.668320 20.915008 211.000000 31.280155 440.807448 12.873457 0.000000 0.000000 0.000000 0.000000 0 0 1 0 0 0 0 0
Child: 12.873457 3.979841 41.000000 12.682746 222.957746 0.000000 -10.000000 0.000000 0.000000 0.000000 0 0 0 0 0 0 0 0
EGO_STATUS 0.574192 212.268001 7.000000 0.779618 3.972143 4.000000 0.000000
DYNAMIC_OBS_INFO 0 1.750000 226.636684 -1.570000 14.126352 1.750000 226.636684 0.000000 0.000000
DYNAMIC_OBS_INFO 1 39.495712 209.500000 3.140000 73.651998 -72.731099 209.678739 24.434949 1.665266
DYNAMIC_OBS_INFO 2 -36.333745 212.500000 0.000000 27.260037 28.125387 212.500000 17.050431 1.844653
TIMEOUT
