Parent: -23.567415 12.009971 122.000000 33.293124 21.095592 -3.810704 0.000000 4.889134 30.000000 0.000000 0 0 0 1 0 0 0 0
Child: -3.810704 10.000000 101.000000 20.000000 15.147360 2.709360 -10.000000 0.000000 0.000000 0.000000 0 0 1 0 0 0 0 0
Child: 2.709360 4.997372 51.000000 20.000000 7.650000 0.000000 0.000000 0.000000 0.000000 0.000000 0 0 1 0 0 0 0 0
EGO_STATUS -1.750000 187.002628 0.000000 1.570796 6.398976 4.000000 0.000000
DYNAMIC_OBS_INFO 0 1.750000 230.275749 -1.570000 42.771737 1.750000 230.275749 0.000000 0.000000
DYNAMIC_OBS_INFO 1 36.344228 209.500000 3.140000 43.917012 36.344228 209.500000 13.609233 0.159103
DYNAMIC_OBS_INFO 2 -39.569598 212.500000 0.000000 45.254514 -39.569598 212.500000 10.621025 1.585431
Parent: -33.789432 12.009971 122.000000 33.293105 21.095592 -13.932717 0.000000 4.789131 30.000000 0.000000 0 0 0 1 0 0 0 0
Child: -13.932717 10.000000 101.000000 20.000000 15.147360 -7.412653 -10.000000 0.000000 0.000000 0.000000 0 0 1 0 0 0 0 0
Child: -7.412653 4.352546 45.000000 20.000000 6.750000 0.000000 -10.000000 0.000000 0.000000 0.000000 0 0 1 0 0 0 0 0
EGO_STATUS -1.750000 187.647454 0.100000 1.570796 6.496976 2.000000 0.980000
DYNAMIC_OBS_INFO 0 1.750000 230.275749 -1.570000 42.119341 1.750000 230.275749 0.000000 0.000000
DYNAMIC_OBS_INFO 1 36.344228 209.500000 3.140000 43.594977 36.344228 209.500000 13.609233 0.159103
DYNAMIC_OBS_INFO 2 -39.569598 212.500000 0.000000 44.898345 -39.569598 212.500000 10.621025 1.585431
Parent: 261.365780 22.254332 224.000000 3074.579342 148.594773 -14.019101 -10.000000 4.163505 39.000000 0.000000 1 0 1 0 0 0 0 0
Child: -14.019101 10.000000 101.000000 20.000000 15.147360 -7.499038 -10.000000 0.000000 0.000000 0.000000 0 0 1 0 0 0 0 0
Child: -7.499038 3.697920 38.000000 20.000000 5.700000 0.000000 -10.000000 0.000000 0.000000 0.000000 0 0 1 0 0 0 0 0
EGO_STATUS -1.750000 188.302080 0.200000 1.570796 6.594976 2.000000 0.980000
DYNAMIC_OBS_INFO 0 1.750000 230.275749 -1.570000 41.457253 1.750000 230.275749 0.000000 0.000000
DYNAMIC_OBS_INFO 1 36.344228 209.500000 3.140000 43.275798 36.344228 209.500000 13.609233 0.159103
DYNAMIC_OBS_INFO 2 -39.569598 212.500000 0.000000 44.543771 -39.569598 212.500000 10.621025 1.585431
Parent: 261.115773 22.254332 224.000000 3074.579311 148.594773 -14.169103 -10.000000 4.063503 39.000000 0.000000 1 0 1 0 0 0 0 0
Child: -14.169103 10.000000 101.000000 20.000000 15.147360 -7.649039 -10.000000 0.000000 0.000000 0.000000 0 0 1 0 0 0 0 0
Child: -7.649039 3.033498 32.000000 20.000000 4.800000 0.000000 -10.000000 0.000000 0.000000 0.000000 0 0 1 0 0 0 0 0
EGO_STATUS -1.750000 188.966502 0.300000 1.570796 6.692976 2.000000 0.980000
DYNAMIC_OBS_INFO 0 1.750000 230.275749 -1.570000 40.785482 1.750000 230.275749 0.000000 0.000000
DYNAMIC_OBS_INFO 1 36.344228 209.500000 3.140000 42.959995 36.344228 209.500000 13.609233 0.159103
DYNAMIC_OBS_INFO 2 -39.569598 212.500000 0.000000 44.191274 -39.569598 212.500000 10.621025 1.585431
Parent: 261.906124 22.254332 224.000000 3074.579286 148.594773 -14.278747 -10.000000 3.963501 38.000000 0.000000 1 0 1 0 0 0 0 0
Child: -14.278747 10.000000 101.000000 20.000000 15.147360 -7.758684 -10.000000 0.000000 0.000000 0.000000 0 0 1 0 0 0 0 0
Child: -7.758684 2.359280 25.000000 20.000000 3.750000 0.000000 -10.000000 0.000000 0.000000 0.000000 0 0 1 0 0 0 0 0
EGO_STATUS -1.750000 189.640720 0.400000 1.570796 6.790976 2.000000 0.980000
DYNAMIC_OBS_INFO 0 1.750000 230.275749 -1.570000 40.104037 1.750000 230.275749 0.000000 0.000000
DYNAMIC_OBS_INFO 1 36.344228 209.500000 3.140000 42.648108 36.344228 209.500000 13.609233 0.159103
DYNAMIC_OBS_INFO 2 -39.569598 212.500000 0.000000 43.841356 -39.569598 212.500000 10.621025 1.585431
Parent: 262.677505 22.254332 224.000000 3074.579268 148.594773 -14.407364 -10.000000 3.863499 37.000000 0.000000 1 0 1 0 0 0 0 0
Child: -14.407364 10.000000 101.000000 20.000000 15.147360 -7.887300 -10.000000 0.000000 0.000000 0.000000 0 0 1 0 0 0 0 0
Child: -7.887300 1.675268 18.000000 20.000000 2.700000 0.000000 -10.000000 0.000000 0.000000 0.000000 0 0 1 0 0 0 0 0
EGO_STATUS -1.750000 190.324732 0.500000 1.570796 6.888976 2.000000 0.980000
DYNAMIC_OBS_INFO 0 1.750000 230.275749 -1.570000 39.412927 1.750000 230.275749 0.000000 0.000000
DYNAMIC_OBS_INFO 1 36.344228 209.500000 3.140000 42.340698 36.344228 209.500000 13.609233 0.159103
DYNAMIC_OBS_INFO 2 -39.569598 212.500000 0.000000 43.494544 -39.569598 212.500000 10.621025 1.585431
Parent: 263.396505 22.254332 224.000000 3074.579261 148.594773 -14.588362 -10.000000 3.763499 36.000000 0.000000 1 0 1 0 0 0 0 0
Child: -14.588362 10.000000 101.000000 20.000000 15.147360 -8.068298 -10.000000 0.000000 0.000000 0.000000 0 0 1 0 0 0 0 0
Child: -8.068298 0.981465 11.000000 20.000000 1.650000 0.000000 -10.000000 0.000000 0.000000 0.000000 0 0 1 0 0 0 0 0
EGO_STATUS -1.750000 191.018535 0.600000 1.570796 6.986976 2.000000 0.980000
DYNAMIC_OBS_INFO 0 1.750000 230.275749 -1.570000 38.712157 1.750000 230.275749 0.000000 0.000000
DYNAMIC_OBS_INFO 1 36.344228 209.500000 3.140000 42.038347 36.344228 209.500000 13.609233 0.159103
DYNAMIC_OBS_INFO 2 -39.569598 212.500000 0.000000 43.151380 -39.569598 212.500000 10.621025 1.585431
Parent: 262.795803 22.254332 224.000000 3074.579257 148.594773 -15.089064 -10.000000 3.663499 36.000000 0.000000 1 0 1 0 0 0 0 0
Child: -15.089064 10.000000 101.000000 20.000000 15.147360 -8.569000 -10.000000 0.000000 0.000000 0.000000 0 0 1 0 0 0 0 0
Child: -8.569000 0.277864 4.000000 20.000000 0.600000 0.000000 -10.000000 0.000000 0.000000 0.000000 0 0 1 0 0 0 0 0
EGO_STATUS -1.750000 191.722136 0.700000 1.570796 7.084976 2.000000 0.980000
DYNAMIC_OBS_INFO 0 1.750000 230.275749 -1.570000 38.001714 1.750000 230.275749 0.000000 0.000000
DYNAMIC_OBS_INFO 1 36.344228 209.500000 3.140000 41.741651 36.344228 209.500000 13.609233 0.159103
DYNAMIC_OBS_INFO 2 -39.569598 212.500000 0.000000 42.812427 -39.569598 212.500000 10.621025 1.585431
Parent: 272.191293 22.254332 224.000000 3074.579230 148.594773 -6.593569 -10.000000 3.563496 35.000000 0.000000 1 0 1 0 0 0 0 0
Child: -6.593569 9.564445 97.000000 20.000000 14.547100 0.000000 -10.000000 0.000000 0.000000 0.000000 0 0 1 0 0 0 0 0
EGO_STATUS -1.750000 192.435555 0.800000 1.570796 7.182976 2.000000 0.980000
DYNAMIC_OBS_INFO 0 1.750000 230.275749 -1.570000 37.281633 1.750000 230.275749 0.000000 0.000000
DYNAMIC_OBS_INFO 1 36.344228 209.500000 3.140000 41.451248 36.344228 209.500000 13.609233 0.159103
DYNAMIC_OBS_INFO 2 -39.569598 212.500000 0.000000 42.478291 -39.569598 212.500000 10.621025 1.585431
Parent: 272.975476 22.254332 224.000000 3074.579209 148.594773 -6.709382 -10.000000 3.463495 34.000000 0.000000 1 0 1 0 0 0 0 0
Child: -6.709382 8.841231 90.000000 20.000000 13.497100 0.000000 -10.000000 0.000000 0.000000 0.000000 0 0 1 0 0 0 0 0
EGO_STATUS -1.750000 193.158769 0.900000 1.570796 7.280976 2.000000 0.980000
DYNAMIC_OBS_INFO 0 1.750000 230.275749 -1.570000 36.551918 1.750000 230.275749 0.000000 0.000000
DYNAMIC_OBS_INFO 1 36.344228 209.500000 3.140000 41.167785 36.344228 209.500000 13.609233 0.159103
DYNAMIC_OBS_INFO 2 -39.569598 212.500000 0.000000 42.149586 -39.569598 212.500000 10.621025 1.585431
Parent: 272.754589 22.254332 224.000000 3074.579185 148.594773 -6.830265 -10.000000 3.363493 34.000000 0.000000 1 0 1 0 0 0 0 0
Child: -6.830265 8.108213 83.000000 20.000000 12.447100 0.000000 -10.000000 0.000000 0.000000 0.000000 0 0 1 0 0 0 0 0
EGO_STATUS -1.750000 193.891787 1.000000 1.570796 7.378976 2.000000 0.980000
DYNAMIC_OBS_INFO 0 1.750000 230.275749 -1.570000 35.812583 1.750000 230.275749 0.000000 0.000000
DYNAMIC_OBS_INFO 1 36.344228 209.500000 3.140000 40.891932 36.344228 209.500000 13.609233 0.159103
DYNAMIC_OBS_INFO 2 -39.569598 212.500000 0.000000 41.826957 -39.569598 212.500000 10.621025 1.585431
Parent: 273.553479 22.254332 224.000000 3074.579158 148.594773 -6.931370 -10.000000 3.263491 33.000000 0.000000 1 0 1 0 0 0 0 0
Child: -6.931370 7.365394 75.000000 20.000000 11.247100 0.000000 -10.000000 0.000000 0.000000 0.000000 0 0 1 0 0 0 0 0
EGO_STATUS -1.750000 194.634606 1.100000 1.570796 7.476976 2.000000 0.980000
DYNAMIC_OBS_INFO 0 1.750000 230.275749 -1.570000 35.063644 1.750000 230.275749 0.000000 0.000000
DYNAMIC_OBS_INFO 1 36.344228 209.500000 3.140000 40.624384 36.344228 209.500000 13.609233 0.159103
DYNAMIC_OBS_INFO 2 -39.569598 212.500000 0.000000 41.511072 -39.569598 212.500000 10.621025 1.585431
Parent: 274.321413 22.254332 224.000000 3074.579132 148.594773 -7.063432 -10.000000 3.163489 32.000000 0.000000 1 0 1 0 0 0 0 0
Child: -7.063432 6.612775 68.000000 20.000000 10.197100 0.000000 -10.000000 0.000000 0.000000 0.000000 0 0 1 0 0 0 0 0
EGO_STATUS -1.750000 195.387225 1.200000 1.570796 7.574976 2.000000 0.980000
DYNAMIC_OBS_INFO 0 1.750000 230.275749 -1.570000 34.305119 1.750000 230.275749 0.000000 0.000000
DYNAMIC_OBS_INFO 1 36.344228 209.500000 3.140000 40.365855 36.344228 209.500000 13.609233 0.159103
DYNAMIC_OBS_INFO 2 -39.569598 212.500000 0.000000 41.202624 -39.569598 212.500000 10.621025 1.585431
Parent: 275.112231 22.254332 224.000000 3074.579107 148.594773 -7.172610 -10.000000 3.063487 31.000000 0.000000 1 0 1 0 0 0 0 0
Child: -7.172610 5.850358 60.000000 20.000000 8.997100 0.000000 -10.000000 0.000000 0.000000 0.000000 0 0 1 0 0 0 0 0
EGO_STATUS -1.750000 196.149642 1.300000 1.570796 7.672976 2.000000 0.980000
DYNAMIC_OBS_INFO 0 1.750000 230.275749 -1.570000 33.537027 1.750000 230.275749 0.000000 0.000000
DYNAMIC_OBS_INFO 1 36.344228 209.500000 3.140000 40.117077 36.344228 209.500000 13.609233 0.159103
DYNAMIC_OBS_INFO 2 -39.569598 212.500000 0.000000 40.902330 -39.569598 212.500000 10.621025 1.585431
Parent: 274.899408 22.254332 224.000000 3074.579087 148.594773 -7.285429 -10.000000 2.963486 31.000000 0.000000 1 0 1 0 0 0 0 0
Child: -7.285429 5.078144 52.000000 20.000000 7.797100 0.000000 -10.000000 0.000000 0.000000 0.000000 0 0 1 0 0 0 0 0
EGO_STATUS -1.750000 196.921856 1.400000 1.570796 7.770976 2.000000 0.980000
DYNAMIC_OBS_INFO 0 1.750000 230.275749 -1.570000 32.759390 1.750000 230.275749 0.000000 0.000000
DYNAMIC_OBS_INFO 1 36.344228 209.500000 3.140000 39.878804 36.344228 209.500000 13.609233 0.159103
DYNAMIC_OBS_INFO 2 -39.569598 212.500000 0.000000 40.610930 -39.569598 212.500000 10.621025 1.585431
Parent: 275.681760 22.254332 224.000000 3074.579073 148.594773 -7.403074 -10.000000 2.863485 30.000000 0.000000 1 0 1 0 0 0 0 0
Child: -7.403074 4.296135 44.000000 20.000000 6.597100 0.000000 -10.000000 0.000000 0.000000 0.000000 0 0 1 0 0 0 0 0
EGO_STATUS -1.750000 197.703865 1.500000 1.570796 7.868976 2.000000 0.980000
DYNAMIC_OBS_INFO 0 1.750000 230.275749 -1.570000 31.972230 1.750000 230.275749 0.000000 0.000000
DYNAMIC_OBS_INFO 1 36.344228 209.500000 3.140000 39.651803 36.344228 209.500000 13.609233 0.159103
DYNAMIC_OBS_INFO 2 -39.569598 212.500000 0.000000 40.329187 -39.569598 212.500000 10.621025 1.585431
Parent: 260.784036 10.000000 101.000000 20.000000 15.147906 302.640957 -10.000000 3.663089 39.000000 0.000000 0 0 1 0 0 0 0 0
Child: 302.640957 22.254332 224.000000 3074.579066 148.594773 -7.580391 -10.000000 0.000000 0.000000 0.000000 1 0 1 0 0 0 0 0
Child: -7.580391 3.504332 37.000000 20.000000 5.547100 0.000000 -10.000000 0.000000 0.000000 0.000000 0 0 1 0 0 0 0 0
EGO_STATUS -1.750000 198.495668 1.600000 1.570796 7.966976 2.000000 0.980000
DYNAMIC_OBS_INFO 0 1.750000 230.275749 -1.570000 31.175573 1.750000 230.275749 0.000000 0.000000
DYNAMIC_OBS_INFO 1 36.344228 209.500000 3.140000 39.436860 36.344228 209.500000 13.609233 0.159103
DYNAMIC_OBS_INFO 2 -39.569598 212.500000 0.000000 40.057885 -39.569598 212.500000 10.621025 1.585431
Parent: 261.533521 10.000000 101.000000 20.000000 15.147906 302.490442 -10.000000 3.563088 38.000000 0.000000 0 0 1 0 0 0 0 0
Child: 302.490442 22.254332 224.000000 3074.579064 148.594773 -7.730907 -10.000000 0.000000 0.000000 0.000000 1 0 1 0 0 0 0 0
Child: -7.730907 2.702733 29.000000 20.000000 4.347100 0.000000 -10.000000 0.000000 0.000000 0.000000 0 0 1 0 0 0 0 0
EGO_STATUS -1.750000 199.297267 1.700000 1.570796 8.064976 2.000000 0.980000
DYNAMIC_OBS_INFO 0 1.750000 230.275749 -1.570000 30.369434 1.750000 230.275749 0.000000 0.000000
DYNAMIC_OBS_INFO 1 36.344228 209.500000 3.140000 39.234771 36.344228 209.500000 13.609233 0.159103
DYNAMIC_OBS_INFO 2 -39.569598 212.500000 0.000000 39.797827 -39.569598 212.500000 10.621025 1.585431
Parent: 810.020216 10.000000 101.000000 20.000000 2055.350685 648.514472 -10.000000 3.025478 37.000000 0.000000 0 0 1 0 0 0 0 0
Child: 648.514472 27.976608 281.000000 3127.087336 3386.660336 0.000000 0.000000 0.000000 0.000000 0.000000 1 0 1 0 0 0 0 0
EGO_STATUS -1.750000 200.108672 1.800000 1.570796 8.162976 2.000000 0.980000
DYNAMIC_OBS_INFO 0 1.750000 230.275749 -1.570000 29.544085 1.750000 230.275749 0.000000 0.000000
DYNAMIC_OBS_INFO 1 36.344228 209.500000 3.140000 39.044184 36.344228 209.500000 13.609233 0.159103
DYNAMIC_OBS_INFO 2 -39.569598 212.500000 0.000000 39.546966 -39.569598 212.500000 10.621025 1.585431
Parent: 800.474252 10.000000 101.000000 20.000000 2055.350685 639.068565 -10.000000 2.925422 37.000000 0.000000 0 0 1 0 0 0 0 0
Child: 639.068565 27.144699 273.000000 3127.091662 3400.728775 0.000000 -10.000000 0.000000 0.000000 0.000000 1 0 1 0 0 0 0 0
EGO_STATUS -1.749996 200.939714 1.900000 1.570771 8.456976 5.000000 2.940000
DYNAMIC_OBS_INFO 0 1.750000 230.275749 -1.570000 28.689864 1.750000 230.275749 0.000000 0.000000
DYNAMIC_OBS_INFO 1 36.344228 209.500000 3.140000 37.531157 34.982511 209.502169 13.625143 0.159103
DYNAMIC_OBS_INFO 2 -39.569598 212.500000 0.000000 38.275684 -38.499568 212.500000 10.779568 1.585431
Parent: 741.116650 38.474233 386.000000 3129.499909 4736.823318 0.000000 -10.000000 3.047346 36.000000 0.000000 1 0 1 0 0 0 0 0
EGO_STATUS -1.749856 201.800157 2.000000 1.570384 8.750976 5.000000 2.940000
DYNAMIC_OBS_INFO 0 1.750000 230.275749 -1.570000 27.808756 1.750000 230.275749 0.000000 0.000000
DYNAMIC_OBS_INFO 1 36.344228 209.500000 3.140000 36.018943 33.619202 209.504340 13.641053 0.159103
DYNAMIC_OBS_INFO 2 -39.569598 212.500000 0.000000 36.989912 -37.413684 212.500000 10.938111 1.585431
Parent: 742.038865 37.586299 377.000000 3129.500012 4735.134538 0.000000 -10.000000 2.947337 35.000000 0.000000 1 0 1 0 0 0 0 0
EGO_STATUS -1.748885 202.687985 2.100000 1.568718 9.005263 5.000000 2.542876
DYNAMIC_OBS_INFO 0 1.750000 230.275749 -1.570000 26.902540 1.750000 230.275749 0.000000 0.000000
DYNAMIC_OBS_INFO 1 36.344228 209.500000 3.140000 34.508604 32.254303 209.506514 13.656964 0.159103
DYNAMIC_OBS_INFO 2 -39.569598 212.500000 0.000000 35.693734 -36.311946 212.500000 11.096654 1.585431
Parent: 742.498312 36.672932 368.000000 3129.499407 4734.163247 0.000000 -10.000000 2.847327 34.000000 0.000000 1 0 1 0 0 0 0 0
EGO_STATUS -1.745277 203.601235 2.200000 1.564451 9.259552 5.000000 2.542884
DYNAMIC_OBS_INFO 0 1.750000 230.275749 -1.570000 25.970848 1.750000 230.275749 0.000000 0.000000
DYNAMIC_OBS_INFO 1 36.344228 209.500000 3.140000 32.999775 30.887813 209.508690 13.672874 0.159103
DYNAMIC_OBS_INFO 2 -39.569598 212.500000 0.000000 34.392474 -35.194353 212.500000 11.255198 1.585431
Parent: 741.473339 35.734015 359.000000 3129.501061 4724.070560 0.000000 -10.000000 2.747308 33.000000 0.000000 1 0 1 0 0 0 0 0
EGO_STATUS -1.735739 204.539887 2.300000 1.556069 9.513841 5.000000 2.542893
DYNAMIC_OBS_INFO 0 1.750000 230.275749 -1.570000 25.013149 1.750000 230.275749 0.000000 0.000000
DYNAMIC_OBS_INFO 1 36.344228 209.500000 3.140000 31.490917 29.519732 209.510869 13.688784 0.159103
DYNAMIC_OBS_INFO 2 -39.569598 212.500000 0.000000 33.093677 -34.060906 212.500000 11.413741 1.585431
Parent: 743.603769 34.769686 349.000000 3129.498559 4729.410886 0.000000 -10.000000 2.647290 32.000000 0.000000 1 0 1 0 0 0 0 0
EGO_STATUS -1.715203 205.503789 2.400000 1.541926 9.768132 5.000000 2.542911
DYNAMIC_OBS_INFO 0 1.750000 230.275749 -1.570000 24.028768 1.750000 230.275749 0.000000 0.000000
DYNAMIC_OBS_INFO 1 36.344228 209.500000 3.140000 29.979180 28.150060 209.513050 13.704695 0.159103
DYNAMIC_OBS_INFO 2 -39.569598 212.500000 0.000000 31.807497 -32.911605 212.500000 11.572284 1.585431
Parent: 742.906755 33.780063 339.000000 3129.497791 4721.874844 0.000000 -10.000000 2.547283 32.000000 0.000000 1 0 1 0 0 0 0 0
EGO_STATUS -1.676570 206.492554 2.500000 1.520291 10.022425 5.000000 2.542928
DYNAMIC_OBS_INFO 0 1.750000 230.275749 -1.570000 23.017050 1.750000 230.275749 0.000000 0.000000
DYNAMIC_OBS_INFO 1 36.344228 209.500000 3.140000 28.460298 26.778797 209.515234 13.720605 0.159103
DYNAMIC_OBS_INFO 2 -39.569598 212.500000 0.000000 30.547107 -31.746450 212.500000 11.730827 1.585431
Parent: 742.390025 32.764983 329.000000 3129.498513 4712.109743 0.000000 -10.000000 2.447274 31.000000 0.000000 1 0 1 0 0 0 0 0
EGO_STATUS -1.610442 207.505329 2.600000 1.489391 10.276718 5.000000 2.542935
DYNAMIC_OBS_INFO 0 1.750000 230.275749 -1.570000 21.977818 1.750000 230.275749 0.000000 0.000000
DYNAMIC_OBS_INFO 1 36.344228 209.500000 3.140000 26.928697 25.405942 209.517421 13.736515 0.159103
DYNAMIC_OBS_INFO 2 -39.569598 212.500000 0.000000 29.328946 -30.565440 212.500000 11.889370 1.585431
Parent: 739.606842 31.724381 319.000000 3129.499550 4686.123563 0.000000 -10.000000 2.347258 30.000000 0.000000 1 0 1 0 0 0 0 0
EGO_STATUS -1.505022 208.540309 2.700000 1.447498 10.531013 5.000000 2.542944
DYNAMIC_OBS_INFO 0 1.750000 230.275749 -1.570000 20.912114 1.750000 230.275749 0.000000 0.000000
DYNAMIC_OBS_INFO 1 36.344228 209.500000 3.140000 25.377796 24.031497 209.519610 13.752426 0.159103
DYNAMIC_OBS_INFO 2 -39.569598 212.500000 0.000000 28.172651 -29.368576 212.500000 12.047913 1.585431
Parent: 721.122367 10.000000 101.000000 0.000000 15.147906 765.769270 -10.000000 2.853304 39.000000 0.000000 0 0 0 0 0 0 0 0
Child: 765.769270 30.658370 308.000000 3129.497882 4664.032493 0.000000 -10.000000 0.000000 0.000000 0.000000 1 0 1 0 0 0 0 0
EGO_STATUS -1.346190 209.594111 2.800000 1.393023 10.785309 5.000000 2.542962
DYNAMIC_OBS_INFO 0 1.750000 230.275749 -1.570000 19.823313 1.750000 230.275749 0.000000 0.000000
DYNAMIC_OBS_INFO 1 36.344228 209.500000 3.140000 23.800492 22.655461 209.521801 13.768336 0.159103
DYNAMIC_OBS_INFO 2 -39.569598 212.500000 0.000000 27.100573 -28.155857 212.500000 12.206456 1.585431
Parent: 716.948187 10.000000 101.000000 0.000000 15.147906 761.695096 -10.000000 2.753299 39.000000 0.000000 0 0 0 0 0 0 0 0
Child: 761.695096 29.567050 297.000000 3129.496946 4622.153657 0.000000 -10.000000 0.000000 0.000000 0.000000 1 0 1 0 0 0 0 0
EGO_STATUS -1.117754 210.660966 2.900000 1.324603 11.039607 5.000000 2.542978
DYNAMIC_OBS_INFO 0 1.750000 230.275749 -1.570000 18.718801 1.750000 230.275749 0.000000 0.000000
DYNAMIC_OBS_INFO 1 36.344228 209.500000 3.140000 22.189849 21.277833 209.523996 13.784246 0.159103
DYNAMIC_OBS_INFO 2 -39.569598 212.500000 0.000000 26.136662 -26.927285 212.500000 12.364999 1.585431
Parent: 706.465864 10.000000 101.000000 0.000000 15.147906 750.312781 -10.000000 2.653291 38.000000 0.000000 0 0 0 0 0 0 0 0
Child: 750.312781 28.450258 286.000000 3129.497647 4513.647713 0.000000 -10.000000 0.000000 0.000000 0.000000 1 0 1 0 0 0 0 0
EGO_STATUS -0.801917 211.731714 3.000000 1.241183 11.293905 5.000000 2.542984
DYNAMIC_OBS_INFO 0 1.750000 230.275749 -1.570000 17.612353 1.750000 230.275749 0.000000 0.000000
DYNAMIC_OBS_INFO 1 36.344228 209.500000 3.140000 20.540488 19.898615 209.526192 13.800157 0.159103
DYNAMIC_OBS_INFO 2 -39.569598 212.500000 0.000000 25.304078 -25.682857 212.500000 12.523542 1.585431
Parent: 686.524953 10.000000 101.000000 0.000000 15.147906 729.471884 -10.000000 2.553277 37.000000 0.000000 0 0 0 0 0 0 0 0
Child: 729.471884 27.307961 275.000000 3129.496772 4317.224260 0.000000 -10.000000 0.000000 0.000000 0.000000 1 0 1 0 0 0 0 0
EGO_STATUS -0.380473 212.792727 3.100000 1.142161 11.548205 5.000000 2.542995
DYNAMIC_OBS_INFO 0 1.750000 230.275749 -1.570000 16.527007 1.750000 230.275749 0.000000 0.000000
DYNAMIC_OBS_INFO 1 36.344228 209.500000 3.140000 18.850487 18.517805 209.528391 13.816067 0.159103
DYNAMIC_OBS_INFO 2 -39.569598 212.500000 0.000000 24.621786 -24.422576 212.500000 12.682085 1.585431
Parent: 665.631240 10.000000 101.000000 0.000000 15.147906 708.678182 -10.000000 2.453265 37.000000 0.000000 0 0 0 0 0 0 0 0
Child: 708.678182 26.140260 263.000000 3129.495701 4101.203625 0.000000 -10.000000 0.000000 0.000000 0.000000 1 0 1 0 0 0 0 0
EGO_STATUS 0.163529 213.825062 3.200000 1.027503 11.802506 5.000000 2.543012
DYNAMIC_OBS_INFO 0 1.750000 230.275749 -1.570000 15.498170 1.750000 230.275749 0.000000 0.000000
DYNAMIC_OBS_INFO 1 36.344228 209.500000 3.140000 17.123943 17.135405 209.530593 13.831977 0.159103
DYNAMIC_OBS_INFO 2 -39.569598 212.500000 0.000000 24.100537 -23.146440 212.500000 12.840628 1.585431
Parent: 644.074718 10.000000 101.000000 0.000000 15.147906 686.221663 -10.000000 2.353262 36.000000 0.000000 0 0 0 0 0 0 0 0
Child: 686.221663 24.947245 251.000000 3129.494939 3875.352174 0.000000 -10.000000 0.000000 0.000000 0.000000 1 0 1 0 0 0 0 0
EGO_STATUS 0.843703 214.804101 3.300000 0.897842 12.056809 5.000000 2.543028
DYNAMIC_OBS_INFO 0 1.750000 230.275749 -1.570000 14.576086 1.750000 230.275749 0.000000 0.000000
DYNAMIC_OBS_INFO 1 36.344228 209.500000 3.140000 15.374501 15.751413 209.532797 13.847888 0.159103
DYNAMIC_OBS_INFO 2 -39.569598 212.500000 0.000000 23.739114 -21.854450 212.500000 12.999171 1.585431
Parent: 616.921906 10.000000 101.000000 0.000000 15.147906 659.168866 -10.000000 2.253247 36.000000 0.000000 0 0 0 0 0 0 0 0
Child: 659.168866 23.728642 239.000000 3129.493362 3610.519822 0.000000 -10.000000 0.000000 0.000000 0.000000 1 0 1 0 0 0 0 0
EGO_STATUS 1.668012 215.699894 3.400000 0.754570 12.311112 5.000000 2.543034
DYNAMIC_OBS_INFO 0 1.750000 230.275749 -1.570000 13.825173 1.750000 230.275749 0.000000 0.000000
DYNAMIC_OBS_INFO 1 36.344228 209.500000 3.140000 13.631138 14.365831 209.535004 13.863798 0.159103
DYNAMIC_OBS_INFO 2 -39.569598 212.500000 0.000000 23.521600 -20.546606 212.500000 13.157715 1.585431
Parent: 591.738166 10.000000 101.000000 0.000000 15.147906 633.085139 -10.000000 2.153234 35.000000 0.000000 0 0 0 0 0 0 0 0
Child: 633.085139 22.484628 226.000000 3129.489390 3334.359727 0.000000 -10.000000 0.000000 0.000000 0.000000 1 0 1 0 0 0 0 0
EGO_STATUS 2.636001 216.478995 3.500000 0.599960 12.565418 5.000000 2.543056
DYNAMIC_OBS_INFO 0 1.750000 230.275749 -1.570000 13.317266 1.750000 230.275749 0.000000 0.000000
DYNAMIC_OBS_INFO 1 36.344228 209.500000 3.140000 11.946433 12.978657 209.537213 13.879708 0.159103
DYNAMIC_OBS_INFO 2 -39.569598 212.500000 0.000000 23.417723 -19.222907 212.500000 13.316258 1.585431
Parent: 560.470457 10.000000 101.000000 0.000000 15.147906 600.917438 -10.000000 2.053226 34.000000 0.000000 0 0 0 0 0 0 0 0
Child: 600.917438 21.215252 214.000000 3129.489073 3032.885714 0.000000 -10.000000 0.000000 0.000000 0.000000 1 0 1 0 0 0 0 0
EGO_STATUS 3.737061 217.107561 3.600000 0.437219 12.819725 5.000000 2.543077
DYNAMIC_OBS_INFO 0 1.750000 230.275749 -1.570000 13.116649 1.750000 230.275749 0.000000 0.000000
DYNAMIC_OBS_INFO 1 36.344228 209.500000 3.140000 10.408787 11.589893 209.539425 13.895619 0.159103
DYNAMIC_OBS_INFO 2 -39.569598 212.500000 0.000000 23.386497 -17.883355 212.500000 13.474801 1.585431
Parent: 510.953585 10.000000 101.000000 0.000000 15.147906 560.894505 -10.000000 2.559287 44.000000 0.000000 0 0 0 0 0 0 0 0
Child: 560.894505 10.000000 101.000000 0.000000 15.147906 569.394713 -10.000000 0.000000 0.000000 0.000000 0 0 0 0 0 0 0 0
Child: 569.394713 19.920564 201.000000 3129.488632 2716.647857 0.000000 -10.000000 0.000000 0.000000 0.000000 1 0 1 0 0 0 0 0
EGO_STATUS 4.950182 217.555477 3.700000 0.270509 13.074035 5.000000 2.543091
DYNAMIC_OBS_INFO 0 1.750000 230.275749 -1.570000 13.260439 1.750000 230.275749 0.000000 0.000000
DYNAMIC_OBS_INFO 1 36.344228 209.500000 3.140000 9.156639 10.199537 209.541639 13.911529 0.159103
DYNAMIC_OBS_INFO 2 -39.569598 212.500000 0.000000 23.382468 -16.527947 212.500000 13.633344 1.585431
Parent: 478.283879 10.000000 101.000000 0.000000 15.147906 527.324800 -10.000000 2.459286 43.000000 0.000000 0 0 0 0 0 0 0 0
Child: 527.324800 10.000000 101.000000 0.000000 15.147906 535.825008 -10.000000 0.000000 0.000000 0.000000 0 0 0 0 0 0 0 0
Child: 535.825008 18.600432 188.000000 3128.690060 2388.122795 0.000000 -10.000000 0.000000 0.000000 0.000000 1 0 1 0 0 0 0 0
EGO_STATUS 6.245777 217.800685 3.800000 0.104930 13.328344 5.000000 2.543091
DYNAMIC_OBS_INFO 0 1.750000 230.275749 -1.570000 13.744361 1.750000 230.275749 0.000000 0.000000
DYNAMIC_OBS_INFO 1 36.344228 209.500000 3.140000 8.378735 8.807590 209.543856 13.927439 0.159103
DYNAMIC_OBS_INFO 2 -39.569598 212.500000 0.000000 23.363139 -15.156686 212.500000 13.791887 1.585431
Parent: 446.759591 10.000000 101.000000 0.000000 15.147906 494.900513 -10.000000 2.359285 42.000000 0.000000 0 0 0 0 0 0 0 0
Child: 494.900513 10.000000 101.000000 0.000000 15.147906 503.400720 -10.000000 0.000000 0.000000 0.000000 0 0 0 0 0 0 0 0
Child: 503.400720 17.254864 174.000000 3123.764294 2053.426758 0.000000 -10.000000 0.000000 0.000000 0.000000 1 0 1 0 0 0 0 0
EGO_STATUS 7.589505 217.833577 3.900000 -0.053561 13.582653 5.000000 2.543093
DYNAMIC_OBS_INFO 0 1.750000 230.275749 -1.570000 14.525538 1.750000 230.275749 0.000000 0.000000
DYNAMIC_OBS_INFO 1 36.344228 209.500000 3.140000 8.256854 7.414053 209.546076 13.943350 0.159103
DYNAMIC_OBS_INFO 2 -39.569598 212.500000 0.000000 23.296158 -13.769570 212.500000 13.950430 1.585431
Parent: 414.336775 10.000000 101.000000 0.000000 15.147906 460.577697 -10.000000 2.259285 40.000000 0.000000 0 0 0 0 0 0 0 0
Child: 460.577697 10.000000 101.000000 0.000000 15.147906 469.077905 -10.000000 0.000000 0.000000 0.000000 0 0 0 0 0 0 0 0
Child: 469.077905 15.883881 160.000000 3117.002706 1708.799203 0.000000 -10.000000 0.000000 0.000000 0.000000 1 0 1 0 0 0 0 0
EGO_STATUS 8.948132 217.659166 4.000000 -0.198332 13.836963 5.000000 2.543096
DYNAMIC_OBS_INFO 0 1.750000 230.275749 -1.570000 15.539627 1.750000 230.275749 0.000000 0.000000
DYNAMIC_OBS_INFO 1 36.344228 209.500000 3.140000 8.850619 6.018924 209.548298 13.959260 0.159103
DYNAMIC_OBS_INFO 2 -39.569598 212.500000 0.000000 23.164536 -12.366600 212.500000 14.108973 1.585431
Parent: 363.646280 10.000000 102.000000 0.000000 15.297885 418.381141 -10.000000 2.765347 49.000000 0.000000 0 0 0 0 0 0 0 0
Child: 418.381141 10.000000 101.000000 0.000000 15.147906 426.881348 -10.000000 0.000000 0.000000 0.000000 0 0 0 0 0 0 0 0
Child: 426.881348 10.000000 101.000000 0.000000 15.147906 435.381556 -10.000000 0.000000 0.000000 0.000000 0 0 0 0 0 0 0 0
Child: 435.381556 14.487490 146.000000 3117.002936 1371.400972 0.000000 -10.000000 0.000000 0.000000 0.000000 1 0 1 0 0 0 0 0
EGO_STATUS 10.295812 217.296955 4.100000 -0.322362 14.091272 5.000000 2.543096
DYNAMIC_OBS_INFO 0 1.750000 230.275749 -1.570000 16.720428 1.750000 230.275749 0.000000 0.000000
DYNAMIC_OBS_INFO 1 36.344228 209.500000 3.140000 10.060067 4.622204 209.550522 13.975170 0.159103
DYNAMIC_OBS_INFO 2 -39.569598 212.500000 0.000000 22.969058 -10.947775 212.500000 14.267516 1.585431
Parent: 331.583794 10.000000 102.000000 0.000000 15.297885 385.418656 -10.000000 2.665346 48.000000 0.000000 0 0 0 0 0 0 0 0
Child: 385.418656 10.000000 101.000000 0.000000 15.147906 393.918863 -10.000000 0.000000 0.000000 0.000000 0 0 0 0 0 0 0 0
Child: 393.918863 10.000000 101.000000 0.000000 15.147906 402.419070 -10.000000 0.000000 0.000000 0.000000 0 0 0 0 0 0 0 0
Child: 402.419070 13.065637 132.000000 3117.001688 1049.600893 0.000000 -10.000000 0.000000 0.000000 0.000000 1 0 1 0 0 0 0 0
EGO_STATUS 11.619246 216.778687 4.200000 -0.418605 14.345581 5.000000 2.543092
DYNAMIC_OBS_INFO 0 1.750000 230.275749 -1.570000 18.012226 1.750000 230.275749 0.000000 0.000000
DYNAMIC_OBS_INFO 1 36.344228 209.500000 3.140000 11.725575 3.223893 209.552749 13.991081 0.159103
DYNAMIC_OBS_INFO 2 -39.569598 212.500000 0.000000 22.727844 -9.513097 212.500000 14.426059 1.585431
Parent: 300.766806 10.000000 102.000000 0.000000 15.297885 352.701669 -10.000000 2.565344 46.000000 0.000000 0 0 0 0 0 0 0 0
Child: 352.701669 10.000000 101.000000 0.000000 15.147906 361.201876 -10.000000 0.000000 0.000000 0.000000 0 0 0 0 0 0 0 0
Child: 361.201876 10.000000 101.000000 0.000000 15.147906 369.702083 -10.000000 0.000000 0.000000 0.000000 0 0 0 0 0 0 0 0
Child: 369.702083 11.618335 118.000000 3116.990453 739.400768 0.000000 -10.000000 0.000000 0.000000 0.000000 1 0 1 0 0 0 0 0
EGO_STATUS 12.920461 216.145601 4.300000 -0.480620 14.599891 5.000000 2.543094
DYNAMIC_OBS_INFO 0 1.750000 230.275749 -1.570000 19.373697 1.750000 230.275749 0.000000 0.000000
DYNAMIC_OBS_INFO 1 36.344228 209.500000 3.140000 13.720842 1.823992 209.554979 14.006991 0.159103
DYNAMIC_OBS_INFO 2 -39.569598 212.500000 0.000000 22.472503 -8.062564 212.500000 14.584602 1.585431
Parent: 274.897518 10.000000 102.000000 0.000000 15.297885 325.932382 -10.000000 2.465343 45.000000 0.000000 0 0 0 0 0 0 0 0
Child: 325.932382 10.000000 101.000000 0.000000 15.147906 334.432590 -10.000000 0.000000 0.000000 0.000000 0 0 0 0 0 0 0 0
Child: 334.432590 10.000000 101.000000 0.000000 15.147906 342.932797 -10.000000 0.000000 0.000000 0.000000 0 0 0 0 0 0 0 0
Child: 342.932797 10.145604 103.000000 3116.986664 466.050695 0.000000 -10.000000 0.000000 0.000000 0.000000 1 0 1 0 0 0 0 0
EGO_STATUS 14.216072 215.445469 4.400000 -0.503319 14.854201 5.000000 2.543101
DYNAMIC_OBS_INFO 0 1.750000 230.275749 -1.570000 20.775121 1.750000 230.275749 0.000000 0.000000
DYNAMIC_OBS_INFO 1 36.344228 209.500000 3.140000 15.971557 0.422499 209.557211 14.022901 0.159103
DYNAMIC_OBS_INFO 2 -39.569598 212.500000 0.000000 22.241197 -6.596176 212.500000 14.743145 1.585431
Parent: 250.002765 10.000000 102.000000 0.000000 15.297885 300.137630 -10.000000 2.365343 44.000000 0.000000 0 0 0 0 0 0 0 0
Child: 300.137630 10.000000 101.000000 0.000000 15.147906 308.637837 -10.000000 0.000000 0.000000 0.000000 0 0 0 0 0 0 0 0
Child: 308.637837 10.000000 101.000000 0.000000 15.147906 317.138045 -10.000000 0.000000 0.000000 0.000000 0 0 0 0 0 0 0 0
Child: 317.138045 8.647468 88.000000 3116.983564 212.100564 0.000000 -10.000000 0.000000 0.000000 0.000000 1 0 1 0 0 0 0 0
EGO_STATUS 15.532842 214.731009 4.500000 -0.483959 15.108512 5.000000 2.543107
DYNAMIC_OBS_INFO 0 1.750000 230.275749 -1.570000 22.192393 1.750000 230.275749 0.000000 0.000000
DYNAMIC_OBS_INFO 1 36.344228 209.500000 3.140000 18.438039 -0.980585 209.559446 14.038812 0.159103
DYNAMIC_OBS_INFO 2 -39.569598 212.500000 0.000000 22.069053 -5.113934 212.500000 14.901688 1.585431
Parent: 235.625286 10.000000 102.000000 0.000000 15.297885 284.860152 -10.000000 2.265341 43.000000 0.000000 0 0 0 0 0 0 0 0
Child: 284.860152 10.000000 101.000000 0.000000 15.147906 293.360360 -10.000000 0.000000 0.000000 0.000000 0 0 0 0 0 0 0 0
Child: 293.360360 10.000000 101.000000 0.000000 15.147906 301.860567 -10.000000 0.000000 0.000000 0.000000 0 0 0 0 0 0 0 0
Child: 301.860567 7.123875 73.000000 3116.957222 78.750367 0.000000 -10.000000 0.000000 0.000000 0.000000 1 0 1 0 0 0 0 0
EGO_STATUS 16.899979 214.059078 4.600000 -0.423360 15.362822 5.000000 2.543107
DYNAMIC_OBS_INFO 0 1.750000 230.275749 -1.570000 23.601535 1.750000 230.275749 0.000000 0.000000
DYNAMIC_OBS_INFO 1 36.344228 209.500000 3.140000 21.093091 -2.385260 209.561683 14.054722 0.159103
DYNAMIC_OBS_INFO 2 -39.569598 212.500000 0.000000 21.977251 -3.615838 212.500000 15.060231 1.585431
Parent: 233.757365 10.000000 102.000000 0.000000 15.297885 281.092233 -10.000000 2.165339 41.000000 0.000000 0 0 0 0 0 0 0 0
Child: 281.092233 10.000000 101.000000 0.000000 15.147906 289.592441 -10.000000 0.000000 0.000000 0.000000 0 0 0 0 0 0 0 0
Child: 289.592441 10.000000 101.000000 0.000000 15.147906 298.092648 -10.000000 0.000000 0.000000 0.000000 0 0 0 0 0 0 0 0
Child: 298.092648 5.574847 57.000000 3116.941699 33.150196 0.000000 -10.000000 0.000000 0.000000 0.000000 1 0 1 0 0 0 0 0
EGO_STATUS 18.339196 213.487926 4.700000 -0.327582 15.617134 5.000000 2.543117
DYNAMIC_OBS_INFO 0 1.750000 230.275749 -1.570000 24.977969 1.750000 230.275749 0.000000 0.000000
DYNAMIC_OBS_INFO 1 36.344228 209.500000 3.140000 23.905754 -3.791526 209.563922 14.070632 0.159103
DYNAMIC_OBS_INFO 2 -39.569598 212.500000 0.000000 21.965145 -2.101888 212.500000 15.218775 1.585431
Parent: 224.445538 10.000000 102.000000 0.000000 15.297885 270.880407 -10.000000 2.065338 40.000000 0.000000 0 0 0 0 0 0 0 0
Child: 270.880407 10.000000 101.000000 0.000000 15.147906 279.380615 -10.000000 0.000000 0.000000 0.000000 0 0 0 0 0 0 0 0
Child: 279.380615 10.000000 101.000000 0.000000 15.147906 287.880822 -10.000000 0.000000 0.000000 0.000000 0 0 0 0 0 0 0 0
Child: 287.880822 4.000407 42.000000 3116.930767 10.499921 0.000000 -10.000000 0.000000 0.000000 0.000000 1 0 1 0 0 0 0 0
EGO_STATUS 19.855889 213.068898 4.800000 -0.209844 15.871447 5.000000 2.543130
DYNAMIC_OBS_INFO 0 1.750000 230.275749 -1.570000 26.304446 1.750000 230.275749 0.000000 0.000000
DYNAMIC_OBS_INFO 1 36.344228 209.500000 3.140000 26.835507 -5.199383 209.566165 14.086543 0.159103
DYNAMIC_OBS_INFO 2 -39.569598 212.500000 0.000000 22.011450 -0.572084 212.500000 15.377318 1.585431
Parent: 197.659101 10.000000 101.000000 0.000000 15.147906 251.587909 -10.000000 2.571399 48.000000 0.000000 0 0 0 0 0 0 0 0
Child: 251.587909 10.000000 102.000000 0.000000 15.297885 260.088116 -10.000000 0.000000 0.000000 0.000000 0 0 0 0 0 0 0 0
Child: 260.088116 10.000000 101.000000 0.000000 15.147906 268.588324 -10.000000 0.000000 0.000000 0.000000 0 0 0 0 0 0 0 0
Child: 268.588324 10.000000 101.000000 0.000000 15.147906 277.088531 -10.000000 0.000000 0.000000 0.000000 0 0 0 0 0 0 0 0
Child: 277.088531 2.400556 26.000000 3105.506310 3.899622 0.000000 -10.000000 0.000000 0.000000 0.000000 1 0 1 0 0 0 0 0
EGO_STATUS 21.436891 212.830113 4.900000 -0.092890 16.125761 5.000000 2.543138
DYNAMIC_OBS_INFO 0 1.750000 230.275749 -1.570000 27.589030 1.750000 230.275749 0.000000 0.000000
DYNAMIC_OBS_INFO 1 36.344228 209.500000 3.140000 29.839172 -6.608831 209.568409 14.102453 0.159103
DYNAMIC_OBS_INFO 2 -39.569598 212.500000 0.000000 22.087779 0.973575 212.500000 15.535861 1.585431
Parent: 158.193469 10.000000 102.000000 0.000000 15.297885 219.616216 -10.000000 3.077460 56.000000 0.000000 0 0 0 0 0 0 0 0
Child: 219.616216 10.000000 101.000000 0.000000 15.147906 228.116424 -10.000000 0.000000 0.000000 0.000000 0 0 0 0 0 0 0 0
Child: 228.116424 10.000000 102.000000 0.000000 15.297885 236.616631 -10.000000 0.000000 0.000000 0.000000 0 0 0 0 0 0 0 0
Child: 236.616631 10.000000 101.000000 0.000000 15.147906 245.116839 -10.000000 0.000000 0.000000 0.000000 0 0 0 0 0 0 0 0
Child: 245.116839 10.000000 101.000000 0.000000 15.147906 253.617046 -10.000000 0.000000 0.000000 0.000000 0 0 0 0 0 0 0 0
Child: 253.617046 0.775260 9.000000 3058.984135 1.349813 0.000000 -10.000000 0.000000 0.000000 0.000000 1 0 1 0 0 0 0 0
EGO_STATUS 23.059904 212.753118 5.000000 -0.011841 16.380074 5.000000 2.543128
DYNAMIC_OBS_INFO 0 1.750000 230.275749 -1.570000 28.882152 1.750000 230.275749 0.000000 0.000000
DYNAMIC_OBS_INFO 1 36.344228 209.500000 3.140000 32.881005 -8.019870 209.570657 14.118363 0.159103
DYNAMIC_OBS_INFO 2 -39.569598 212.500000 0.000000 22.173386 2.535089 212.500000 15.694404 1.585431
Parent: -94.654346 10.000000 102.000000 0.000000 15.297885 -34.131598 -10.000000 2.977460 55.000000 0.000000 0 0 0 0 0 0 0 0
Child: -34.131598 10.000000 101.000000 0.000000 15.147906 -25.631391 -10.000000 0.000000 0.000000 0.000000 0 0 0 0 0 0 0 0
Child: -25.631391 10.000000 102.000000 0.000000 15.297885 -17.131184 -10.000000 0.000000 0.000000 0.000000 0 0 0 0 0 0 0 0
Child: -17.131184 10.000000 101.000000 0.000000 15.147906 -8.630976 -10.000000 0.000000 0.000000 0.000000 0 0 0 0 0 0 0 0
Child: -8.630976 9.128087 93.000000 0.000000 13.948071 0.000000 -10.000000 0.000000 0.000000 0.000000 0 0 0 0 0 0 0 0
EGO_STATUS 24.707065 212.750000 5.100000 -0.000000 16.500000 5.000000 0.000000
DYNAMIC_OBS_INFO 0 1.750000 230.275749 -1.570000 30.210255 1.750000 230.275749 0.000000 0.000000
DYNAMIC_OBS_INFO 1 36.344228 209.500000 3.140000 35.930306 -9.432500 209.572907 14.134274 0.159103
DYNAMIC_OBS_INFO 2 -39.569598 212.500000 0.000000 22.246014 4.112456 212.500000 15.852947 1.585431
Parent: -93.001812 10.000000 102.000000 0.000000 15.297885 -34.379064 -10.000000 2.877460 53.000000 0.000000 0 0 0 0 0 0 0 0
Child: -34.379064 10.000000 101.000000 0.000000 15.147906 -25.878857 -10.000000 0.000000 0.000000 0.000000 0 0 0 0 0 0 0 0
Child: -25.878857 10.000000 102.000000 0.000000 15.297885 -17.378649 -10.000000 0.000000 0.000000 0.000000 0 0 0 0 0 0 0 0
Child: -17.378649 10.000000 101.000000 0.000000 15.147906 -8.878442 -10.000000 0.000000 0.000000 0.000000 0 0 0 0 0 0 0 0
Child: -8.878442 7.478087 76.000000 0.000000 11.398424 0.000000 -10.000000 0.000000 0.000000 0.000000 0 0 0 0 0 0 0 0
EGO_STATUS 26.357065 212.750000 5.200000 -0.000000 16.500000 5.000000 0.000000
DYNAMIC_OBS_INFO 0 1.750000 230.275749 -1.570000 31.568740 1.750000 230.275749 0.000000 0.000000
DYNAMIC_OBS_INFO 1 36.344228 209.500000 3.140000 38.983282 -10.846721 209.575159 14.150184 0.159103
DYNAMIC_OBS_INFO 2 -39.569598 212.500000 0.000000 22.302788 5.705678 212.500000 16.011490 1.585431
Parent: -91.349277 10.000000 102.000000 0.000000 15.297885 -34.626530 -10.000000 2.777460 51.000000 0.000000 0 0 0 0 0 0 0 0
Child: -34.626530 10.000000 101.000000 0.000000 15.147906 -26.126322 -10.000000 0.000000 0.000000 0.000000 0 0 0 0 0 0 0 0
Child: -26.126322 10.000000 102.000000 0.000000 15.297885 -17.626115 -10.000000 0.000000 0.000000 0.000000 0 0 0 0 0 0 0 0
Child: -17.626115 10.000000 101.000000 0.000000 15.147906 -9.125908 -10.000000 0.000000 0.000000 0.000000 0 0 0 0 0 0 0 0
Child: -9.125908 5.828087 60.000000 0.000000 8.998756 0.000000 -10.000000 0.000000 0.000000 0.000000 0 0 0 0 0 0 0 0
EGO_STATUS 28.007065 212.750000 5.300000 0.000000 16.500000 5.000000 0.000000
DYNAMIC_OBS_INFO 0 1.750000 230.275749 -1.570000 32.953849 1.750000 230.275749 0.000000 0.000000
DYNAMIC_OBS_INFO 1 36.344228 209.500000 3.140000 42.039481 -12.262533 209.577414 14.166094 0.159103
DYNAMIC_OBS_INFO 2 -39.569598 212.500000 0.000000 22.343709 7.314754 212.500000 16.170033 1.585431
Parent: -90.696743 10.000000 102.000000 0.000000 15.297885 -34.873996 -10.000000 2.677460 50.000000 0.000000 0 0 0 0 0 0 0 0
Child: -34.873996 10.000000 101.000000 0.000000 15.147906 -26.373788 -10.000000 0.000000 0.000000 0.000000 0 0 0 0 0 0 0 0
Child: -26.373788 10.000000 102.000000 0.000000 15.297885 -17.873581 -10.000000 0.000000 0.000000 0.000000 0 0 0 0 0 0 0 0
Child: -17.873581 10.000000 101.000000 0.000000 15.147906 -9.373374 -10.000000 0.000000 0.000000 0.000000 0 0 0 0 0 0 0 0
Child: -9.373374 4.178087 43.000000 0.000000 6.449108 0.000000 -10.000000 0.000000 0.000000 0.000000 0 0 0 0 0 0 0 0
EGO_STATUS 29.657065 212.750000 5.400000 0.000000 16.500000 5.000000 0.000000
DYNAMIC_OBS_INFO 0 1.750000 230.275749 -1.570000 34.362362 1.750000 230.275749 0.000000 0.000000
DYNAMIC_OBS_INFO 1 36.344228 209.500000 3.140000 45.098573 -13.679936 209.579671 14.182005 0.159103
DYNAMIC_OBS_INFO 2 -39.569598 212.500000 0.000000 22.368777 8.939685 212.500000 16.328576 1.585431
Parent: -106.938356 10.000000 101.000000 0.000000 15.147906 -43.621669 -10.000000 3.183520 58.000000 0.000000 0 0 0 0 0 0 0 0
Child: -43.621669 10.000000 102.000000 0.000000 15.297885 -35.121461 -10.000000 0.000000 0.000000 0.000000 0 0 0 0 0 0 0 0
Child: -35.121461 10.000000 101.000000 0.000000 15.147906 -26.621254 -10.000000 0.000000 0.000000 0.000000 0 0 0 0 0 0 0 0
Child: -26.621254 10.000000 102.000000 0.000000 15.297885 -18.121047 -10.000000 0.000000 0.000000 0.000000 0 0 0 0 0 0 0 0
Child: -18.121047 10.000000 101.000000 0.000000 15.147906 -9.620839 -10.000000 0.000000 0.000000 0.000000 0 0 0 0 0 0 0 0
Child: -9.620839 2.528087 27.000000 0.000000 4.049440 0.000000 -10.000000 0.000000 0.000000 0.000000 0 0 0 0 0 0 0 0
EGO_STATUS 31.307065 212.750000 5.500000 -0.000000 16.500000 5.000000 0.000000
DYNAMIC_OBS_INFO 0 1.750000 230.275749 -1.570000 35.791518 1.750000 230.275749 0.000000 0.000000
DYNAMIC_OBS_INFO 1 36.344228 209.500000 3.140000 48.160309 -15.098930 209.581931 14.197915 0.159103
DYNAMIC_OBS_INFO 2 -39.569598 212.500000 0.000000 22.377992 10.580469 212.500000 16.487119 1.585431
Parent: -105.285822 10.000000 101.000000 0.000000 15.147906 -43.869135 -10.000000 3.083520 56.000000 0.000000 0 0 0 0 0 0 0 0
Child: -43.869135 10.000000 102.000000 0.000000 15.297885 -35.368927 -10.000000 0.000000 0.000000 0.000000 0 0 0 0 0 0 0 0
Child: -35.368927 10.000000 101.000000 0.000000 15.147906 -26.868720 -10.000000 0.000000 0.000000 0.000000 0 0 0 0 0 0 0 0
Child: -26.868720 10.000000 102.000000 0.000000 15.297885 -18.368512 -10.000000 0.000000 0.000000 0.000000 0 0 0 0 0 0 0 0
Child: -18.368512 10.000000 101.000000 0.000000 15.147906 -9.868305 -10.000000 0.000000 0.000000 0.000000 0 0 0 0 0 0 0 0
Child: -9.868305 0.878087 10.000000 0.000000 1.499793 0.000000 -10.000000 0.000000 0.000000 0.000000 0 0 0 0 0 0 0 0
EGO_STATUS 32.957065 212.750000 5.600000 0.000000 16.500000 5.000000 0.000000
DYNAMIC_OBS_INFO 0 1.750000 230.275749 -1.570000 37.238939 1.750000 230.275749 0.000000 0.000000
DYNAMIC_OBS_INFO 1 36.344228 209.500000 3.140000 51.224502 -16.519516 209.584194 14.213825 0.159103
DYNAMIC_OBS_INFO 2 -39.569598 212.500000 0.000000 22.371353 12.237108 212.500000 16.645662 1.585431
Parent: -94.633287 10.000000 101.000000 0.000000 15.147906 -34.116600 -10.000000 2.983520 55.000000 0.000000 0 0 0 0 0 0 0 0
Child: -34.116600 10.000000 102.000000 0.000000 15.297885 -25.616393 -10.000000 0.000000 0.000000 0.000000 0 0 0 0 0 0 0 0
Child: -25.616393 10.000000 101.000000 0.000000 15.147906 -17.116186 -10.000000 0.000000 0.000000 0.000000 0 0 0 0 0 0 0 0
Child: -17.116186 10.000000 102.000000 0.000000 15.297885 -8.615978 -10.000000 0.000000 0.000000 0.000000 0 0 0 0 0 0 0 0
Child: -8.615978 9.228087 94.000000 0.000000 14.098051 0.000000 -10.000000 0.000000 0.000000 0.000000 0 0 0 0 0 0 0 0
EGO_STATUS 34.607065 212.750000 5.700000 0.000000 16.500000 5.000000 0.000000
DYNAMIC_OBS_INFO 0 1.750000 230.275749 -1.570000 38.702576 1.750000 230.275749 0.000000 0.000000
DYNAMIC_OBS_INFO 1 36.344228 209.500000 3.140000 54.291005 -17.941692 209.586459 14.229736 0.159103
DYNAMIC_OBS_INFO 2 -39.569598 212.500000 0.000000 22.348861 13.909602 212.500000 16.804205 1.585431
TIMEOUT
