Parent: 177.356183 10.000000 102.000000 0.000000 15.300000 213.946631 -10.000000 1.909553 30.000000 0.000000 0 0 0 0 0 0 0 0
Child: 213.946631 10.000000 101.000000 0.000000 1449.350000 80.446631 -10.000000 0.000000 0.000000 0.000000 0 0 0 0 0 0 0 0
Child: 80.446631 4.444552 46.000000 0.000000 936.100000 0.000000 -10.000000 0.000000 0.000000 0.000000 0 0 0 0 0 0 0 0
EGO_STATUS -1.750000 164.555448 0.000000 1.570796 12.801193 4.000000 0.000000
DYNAMIC_OBS_INFO 0 1.750000 233.806606 -1.570000 68.061091 1.750000 233.806606 0.000000 0.000000
DYNAMIC_OBS_INFO 1 70.144428 209.500000 3.140000 84.115346 70.144428 209.500000 11.104450 0.195965
DYNAMIC_OBS_INFO 2 -47.657391 212.500000 0.000000 65.460353 -47.657391 212.500000 8.028081 1.906625
Parent: 134.486933 10.000000 101.000000 0.000000 15.150000 179.396203 -10.000000 2.590730 39.000000 0.000000 0 0 0 0 0 0 0 0
Child: 179.396203 10.000000 102.000000 0.000000 15.300000 187.896203 -10.000000 0.000000 0.000000 0.000000 0 0 0 0 0 0 0 0
Child: 187.896203 10.000000 101.000000 0.000000 1449.350000 54.396203 -10.000000 0.000000 0.000000 0.000000 0 0 0 0 0 0 0 0
Child: 54.396203 3.164433 33.000000 0.000000 671.550000 0.000000 -10.000000 0.000000 0.000000 0.000000 0 0 0 0 0 0 0 0
EGO_STATUS -1.750000 165.835567 0.100000 1.570796 12.801193 4.000000 0.000000
DYNAMIC_OBS_INFO 0 1.750000 233.806606 -1.570000 66.782698 1.750000 233.806606 0.000000 0.000000
DYNAMIC_OBS_INFO 1 70.144428 209.500000 3.140000 83.458006 70.144428 209.500000 11.104450 0.195965
DYNAMIC_OBS_INFO 2 -47.657391 212.500000 0.000000 64.554043 -47.657391 212.500000 8.028081 1.906625
Parent: 110.336506 10.000000 101.000000 0.000000 15.150000 153.345776 -10.000000 2.490730 37.000000 0.000000 0 0 0 0 0 0 0 0
Child: 153.345776 10.000000 102.000000 0.000000 15.300000 161.845776 -10.000000 0.000000 0.000000 0.000000 0 0 0 0 0 0 0 0
Child: 161.845776 10.000000 101.000000 0.000000 1449.350000 28.345776 -10.000000 0.000000 0.000000 0.000000 0 0 0 0 0 0 0 0
Child: 28.345776 1.884313 20.000000 0.000000 407.000000 0.000000 -10.000000 0.000000 0.000000 0.000000 0 0 0 0 0 0 0 0
EGO_STATUS -1.750000 167.115687 0.200000 1.570796 12.801193 4.000000 0.000000
DYNAMIC_OBS_INFO 0 1.750000 233.806606 -1.570000 65.504372 1.750000 233.806606 0.000000 0.000000
DYNAMIC_OBS_INFO 1 70.144428 209.500000 3.140000 82.815237 70.144428 209.500000 11.104450 0.195965
DYNAMIC_OBS_INFO 2 -47.657391 212.500000 0.000000 63.660572 -47.657391 212.500000 8.028081 1.906625
Parent: 85.186079 10.000000 101.000000 0.000000 15.150000 127.295349 -10.000000 2.390730 36.000000 0.000000 0 0 0 0 0 0 0 0
Child: 127.295349 10.000000 102.000000 0.000000 15.300000 135.795349 -10.000000 0.000000 0.000000 0.000000 0 0 0 0 0 0 0 0
Child: 135.795349 10.000000 101.000000 0.000000 1449.350000 2.295349 -10.000000 0.000000 0.000000 0.000000 0 0 0 0 0 0 0 0
Child: 2.295349 0.604194 8.000000 0.000000 162.800000 0.000000 -10.000000 0.000000 0.000000 0.000000 0 0 0 0 0 0 0 0
EGO_STATUS -1.750000 168.395806 0.300000 1.570796 12.801193 4.000000 0.000000
DYNAMIC_OBS_INFO 0 1.750000 233.806606 -1.570000 64.226118 1.750000 233.806606 0.000000 0.000000
DYNAMIC_OBS_INFO 1 70.144428 209.500000 3.140000 82.187381 70.144428 209.500000 11.104450 0.195965
DYNAMIC_OBS_INFO 2 -47.657391 212.500000 0.000000 62.780490 -47.657391 212.500000 8.028081 1.906625
Parent: 68.575276 10.000000 101.000000 0.000000 15.150000 109.784546 -10.000000 2.290730 35.000000 0.000000 0 0 0 0 0 0 0 0
Child: 109.784546 10.000000 102.000000 0.000000 15.300000 118.284546 -10.000000 0.000000 0.000000 0.000000 0 0 0 0 0 0 0 0
Child: 118.284546 9.324075 95.000000 0.000000 1307.050000 0.000000 -10.000000 0.000000 0.000000 0.000000 0 0 0 0 0 0 0 0
EGO_STATUS -1.750000 169.675925 0.400000 1.570796 12.801193 4.000000 0.000000
DYNAMIC_OBS_INFO 0 1.750000 233.806606 -1.570000 62.947940 1.750000 233.806606 0.000000 0.000000
DYNAMIC_OBS_INFO 1 70.144428 209.500000 3.140000 81.574783 70.144428 209.500000 11.104450 0.195965
DYNAMIC_OBS_INFO 2 -47.657391 212.500000 0.000000 61.914367 -47.657391 212.500000 8.028081 1.906625
Parent: 43.456871 10.000000 101.000000 0.000000 15.150000 83.766141 -10.000000 2.190730 34.000000 0.000000 0 0 0 0 0 0 0 0
Child: 83.766141 10.000000 102.000000 0.000000 15.300000 92.266141 -10.000000 0.000000 0.000000 0.000000 0 0 0 0 0 0 0 0
Child: 92.266141 8.043955 82.000000 0.000000 1042.500000 0.000000 -10.000000 0.000000 0.000000 0.000000 0 0 0 0 0 0 0 0
EGO_STATUS -1.750000 170.956045 0.500000 1.570796 12.801193 4.000000 0.000000
DYNAMIC_OBS_INFO 0 1.750000 233.806606 -1.570000 61.669842 1.750000 233.806606 0.000000 0.000000
DYNAMIC_OBS_INFO 1 70.144428 209.500000 3.140000 80.977788 70.144428 209.500000 11.104450 0.195965
DYNAMIC_OBS_INFO 2 -47.657391 212.500000 0.000000 60.454446 -46.845050 212.500000 8.218743 1.906625
Parent: 19.350532 10.000000 101.000000 0.000000 15.150000 57.759802 -10.000000 2.090730 32.000000 0.000000 0 0 0 0 0 0 0 0
Child: 57.759802 10.000000 102.000000 0.000000 15.300000 66.259802 -10.000000 0.000000 0.000000 0.000000 0 0 0 0 0 0 0 0
Child: 66.259802 6.763836 69.000000 0.000000 777.950000 0.000000 -10.000000 0.000000 0.000000 0.000000 0 0 0 0 0 0 0 0
EGO_STATUS -1.750000 172.236164 0.600000 1.570796 12.801193 4.000000 0.000000
DYNAMIC_OBS_INFO 0 1.750000 233.806606 -1.570000 60.391829 1.750000 233.806606 0.000000 0.000000
DYNAMIC_OBS_INFO 1 70.144428 209.500000 3.140000 80.396745 70.144428 209.500000 11.104450 0.195965
DYNAMIC_OBS_INFO 2 -47.657391 212.500000 0.000000 58.983050 -46.013642 212.500000 8.409406 1.906625
Parent: -5.735337 10.000000 101.000000 0.000000 15.150000 31.773933 -10.000000 1.990730 31.000000 0.000000 0 0 0 0 0 0 0 0
Child: 31.773933 10.000000 102.000000 0.000000 15.300000 40.273933 -10.000000 0.000000 0.000000 0.000000 0 0 0 0 0 0 0 0
Child: 40.273933 5.483717 56.000000 0.000000 513.400000 0.000000 -10.000000 0.000000 0.000000 0.000000 0 0 0 0 0 0 0 0
EGO_STATUS -1.750000 173.516283 0.700000 1.570796 12.801193 4.000000 0.000000
DYNAMIC_OBS_INFO 0 1.750000 233.806606 -1.570000 59.113908 1.750000 233.806606 0.000000 0.000000
DYNAMIC_OBS_INFO 1 70.144428 209.500000 3.140000 79.832001 70.144428 209.500000 11.104450 0.195965
DYNAMIC_OBS_INFO 2 -47.657391 212.500000 0.000000 57.500126 -45.163169 212.500000 8.600068 1.906625
Parent: -29.390895 10.000000 101.000000 0.000000 15.150000 7.218375 -10.000000 1.890730 30.000000 0.000000 0 0 0 0 0 0 0 0
Child: 7.218375 10.000000 102.000000 0.000000 15.300000 15.718375 -10.000000 0.000000 0.000000 0.000000 0 0 0 0 0 0 0 0
Child: 15.718375 4.203598 44.000000 0.000000 269.200000 0.000000 -10.000000 0.000000 0.000000 0.000000 0 0 0 0 0 0 0 0
EGO_STATUS -1.750000 174.796402 0.800000 1.570796 12.801193 4.000000 0.000000
DYNAMIC_OBS_INFO 0 1.750000 233.806606 -1.570000 57.836084 1.750000 233.806606 0.000000 0.000000
DYNAMIC_OBS_INFO 1 70.144428 209.500000 3.140000 79.283905 70.144428 209.500000 11.104450 0.195965
DYNAMIC_OBS_INFO 2 -47.657391 212.500000 0.000000 56.005626 -44.293629 212.500000 8.790731 1.906625
Parent: -38.416200 10.000000 101.000000 0.000000 15.150000 -6.100694 -10.000000 4.184494 28.000000 0.000000 0 0 0 0 0 0 0 0
Child: -6.100694 10.000000 102.000000 20.000000 15.300000 -9.561478 0.000000 0.000000 0.000000 0.000000 0 0 0 1 0 0 0 0
Child: -9.561478 2.923478 31.000000 0.000000 4.650000 0.000000 -10.000000 0.000000 0.000000 0.000000 0 0 0 0 0 0 0 0
EGO_STATUS -1.750000 176.076522 0.900000 1.570796 12.801193 4.000000 0.000000
DYNAMIC_OBS_INFO 0 1.750000 233.806606 -1.570000 56.558364 1.750000 233.806606 0.000000 0.000000
DYNAMIC_OBS_INFO 1 70.144428 209.500000 3.140000 78.752805 70.144428 209.500000 11.104450 0.195965
DYNAMIC_OBS_INFO 2 -47.657391 212.500000 0.000000 54.499510 -43.405023 212.500000 8.981393 1.906625
Parent: -37.708217 10.000000 101.000000 0.000000 15.150000 -6.292712 -10.000000 4.084494 27.000000 0.000000 0 0 0 0 0 0 0 0
Child: -6.292712 10.000000 102.000000 20.000000 15.300000 -9.753496 0.000000 0.000000 0.000000 0.000000 0 0 0 1 0 0 0 0
Child: -9.753496 1.643359 18.000000 0.000000 2.700000 0.000000 -10.000000 0.000000 0.000000 0.000000 0 0 0 0 0 0 0 0
EGO_STATUS -1.750000 177.356641 1.000000 1.570796 12.801193 4.000000 0.000000
DYNAMIC_OBS_INFO 0 1.750000 233.806606 -1.570000 55.280755 1.750000 233.806606 0.000000 0.000000
DYNAMIC_OBS_INFO 1 70.144428 209.500000 3.140000 78.239046 70.144428 209.500000 11.104450 0.195965
DYNAMIC_OBS_INFO 2 -47.657391 212.500000 0.000000 52.981747 -42.497350 212.500000 9.172056 1.906625
Parent: -37.000235 10.000000 101.000000 0.000000 15.150000 -6.484730 -10.000000 3.984494 26.000000 0.000000 0 0 0 0 0 0 0 0
Child: -6.484730 10.000000 102.000000 20.000000 15.300000 -9.945514 0.000000 0.000000 0.000000 0.000000 0 0 0 1 0 0 0 0
Child: -9.945514 0.363240 5.000000 0.000000 0.750000 0.000000 -10.000000 0.000000 0.000000 0.000000 0 0 0 0 0 0 0 0
EGO_STATUS -1.750000 178.636760 1.100000 1.570796 12.801193 4.000000 0.000000
DYNAMIC_OBS_INFO 0 1.750000 233.806606 -1.570000 54.018319 1.750000 233.806606 0.000000 0.000000
DYNAMIC_OBS_INFO 1 70.144428 209.500000 3.140000 77.748714 70.144428 209.500000 11.104450 0.195965
DYNAMIC_OBS_INFO 2 -47.657391 212.500000 0.000000 51.461871 -41.570611 212.500000 9.362719 1.906625
Parent: -36.272902 10.000000 101.000000 0.000000 15.150000 -6.657398 -10.000000 3.884496 25.000000 0.000000 0 0 0 0 0 0 0 0
Child: -6.657398 9.098206 92.000000 20.000000 13.800000 0.000000 -10.000000 0.000000 0.000000 0.000000 0 0 0 1 0 0 0 0
EGO_STATUS -1.750000 179.901794 1.200000 1.570796 12.380041 7.000000 -5.880000
DYNAMIC_OBS_INFO 0 1.750000 233.806606 -1.570000 52.812329 1.750000 233.806606 0.000000 0.000000
DYNAMIC_OBS_INFO 1 70.144428 209.500000 3.140000 77.296696 70.144428 209.500000 11.104450 0.195965
DYNAMIC_OBS_INFO 2 -47.657391 212.500000 0.000000 49.965576 -40.624806 212.500000 9.553381 1.906625
Parent: -34.559648 10.000000 101.000000 0.000000 15.150000 -6.844152 -10.000000 3.784505 23.000000 0.000000 0 0 0 0 0 0 0 0
Child: -6.844152 7.889619 80.000000 20.000000 12.000000 0.000000 -10.000000 0.000000 0.000000 0.000000 0 0 0 1 0 0 0 0
EGO_STATUS -1.750000 181.110381 1.300000 1.570796 11.792041 7.000000 -5.880000
DYNAMIC_OBS_INFO 0 1.750000 233.806606 -1.570000 51.665168 1.750000 233.806606 0.000000 0.000000
DYNAMIC_OBS_INFO 1 70.144428 209.500000 3.140000 76.881854 70.144428 209.500000 11.104450 0.195965
DYNAMIC_OBS_INFO 2 -47.657391 212.500000 0.000000 48.493434 -39.659935 212.500000 9.744044 1.906625
Parent: -33.850897 10.000000 101.000000 0.000000 15.150000 -7.035432 -10.000000 3.684535 22.000000 0.000000 0 0 0 0 0 0 0 0
Child: -7.035432 6.739873 69.000000 20.000000 10.350000 0.000000 -10.000000 0.000000 0.000000 0.000000 0 0 0 1 0 0 0 0
EGO_STATUS -1.750000 182.260127 1.400000 1.570796 11.204041 7.000000 -5.880000
DYNAMIC_OBS_INFO 0 1.750000 233.806606 -1.570000 50.576745 1.750000 233.806606 0.000000 0.000000
DYNAMIC_OBS_INFO 1 70.144428 209.500000 3.140000 76.502112 70.144428 209.500000 11.104450 0.195965
DYNAMIC_OBS_INFO 2 -47.657391 212.500000 0.000000 47.044523 -38.675998 212.500000 9.934706 1.906625
Parent: -33.120227 10.000000 101.000000 0.000000 15.150000 -7.204773 -10.000000 3.584546 21.000000 0.000000 0 0 0 0 0 0 0 0
Child: -7.204773 5.648891 58.000000 20.000000 8.700000 0.000000 -10.000000 0.000000 0.000000 0.000000 0 0 0 1 0 0 0 0
EGO_STATUS -1.750000 183.351109 1.500000 1.570796 10.616041 7.000000 -5.880000
DYNAMIC_OBS_INFO 0 1.750000 233.806606 -1.570000 49.547131 1.750000 233.806606 0.000000 0.000000
DYNAMIC_OBS_INFO 1 70.144428 209.500000 3.140000 76.155498 70.144428 209.500000 11.104450 0.195965
DYNAMIC_OBS_INFO 2 -47.657391 212.500000 0.000000 45.618123 -37.672994 212.500000 10.125369 1.906625
Parent: -32.399262 10.000000 101.000000 0.000000 15.150000 -7.383841 -10.000000 3.484580 20.000000 0.000000 0 0 0 0 0 0 0 0
Child: -7.383841 4.616751 48.000000 20.000000 7.200000 0.000000 -10.000000 0.000000 0.000000 0.000000 0 0 0 1 0 0 0 0
EGO_STATUS -1.750000 184.383249 1.600000 1.570796 10.028041 7.000000 -5.880000
DYNAMIC_OBS_INFO 0 1.750000 233.806606 -1.570000 48.576271 1.750000 233.806606 0.000000 0.000000
DYNAMIC_OBS_INFO 1 70.144428 209.500000 3.140000 75.840049 70.144428 209.500000 11.104450 0.195965
DYNAMIC_OBS_INFO 2 -47.657391 212.500000 0.000000 44.213564 -36.650924 212.500000 10.316031 1.906625
Parent: 289.562154 21.788325 219.000000 3146.283999 270.399206 -4.055706 -10.000000 2.691810 39.000000 0.000000 1 0 1 0 0 0 0 0
Child: -4.055706 10.000000 101.000000 20.000000 15.150000 2.464096 -10.000000 0.000000 0.000000 0.000000 0 0 1 0 0 0 0 0
Child: 2.464096 3.643411 38.000000 20.000000 5.700000 0.000000 0.000000 0.000000 0.000000 0.000000 0 0 1 0 0 0 0 0
EGO_STATUS -1.750000 185.356589 1.700000 1.570796 9.440041 7.000000 -5.880000
DYNAMIC_OBS_INFO 0 1.750000 233.806606 -1.570000 47.620072 1.750000 233.806606 0.000000 0.000000
DYNAMIC_OBS_INFO 1 70.144428 209.500000 3.140000 75.540304 70.144428 209.500000 11.104450 0.195965
DYNAMIC_OBS_INFO 2 -47.657391 212.500000 0.000000 42.803296 -35.609788 212.500000 10.506694 1.906625
Parent: 280.318372 21.788325 219.000000 3146.283952 270.399206 -14.199481 -10.000000 2.591808 38.000000 0.000000 1 0 1 0 0 0 0 0
Child: -14.199481 10.000000 101.000000 20.000000 15.150000 -7.679679 -10.000000 0.000000 0.000000 0.000000 0 0 1 0 0 0 0 0
Child: -7.679679 2.684669 28.000000 20.000000 4.200000 0.000000 -10.000000 0.000000 0.000000 0.000000 0 0 1 0 0 0 0 0
EGO_STATUS -1.750000 186.315331 1.800000 1.570796 9.734041 5.000000 2.940000
DYNAMIC_OBS_INFO 0 1.750000 233.806606 -1.570000 46.634681 1.750000 233.806606 0.000000 0.000000
DYNAMIC_OBS_INFO 1 70.144428 209.500000 3.140000 75.242910 70.144428 209.500000 11.104450 0.195965
DYNAMIC_OBS_INFO 2 -47.657391 212.500000 0.000000 41.360354 -34.549585 212.500000 10.697356 1.906625
Parent: 281.037586 21.788325 219.000000 3146.283933 270.399206 -14.380264 -10.000000 2.491807 37.000000 0.000000 1 0 1 0 0 0 0 0
Child: -14.380264 10.000000 101.000000 20.000000 15.150000 -7.860462 -10.000000 0.000000 0.000000 0.000000 0 0 1 0 0 0 0 0
Child: -7.860462 1.696550 18.000000 20.000000 2.700000 0.000000 -10.000000 0.000000 0.000000 0.000000 0 0 1 0 0 0 0 0
EGO_STATUS -1.750000 187.303450 1.900000 1.570796 10.028041 5.000000 2.940000
DYNAMIC_OBS_INFO 0 1.750000 233.806606 -1.570000 45.620091 1.750000 233.806606 0.000000 0.000000
DYNAMIC_OBS_INFO 1 70.144428 209.500000 3.140000 74.949048 70.144428 209.500000 11.104450 0.195965
DYNAMIC_OBS_INFO 2 -47.657391 212.500000 0.000000 39.884881 -33.470316 212.500000 10.888019 1.906625
Parent: 281.597463 21.788325 219.000000 3146.283908 270.399206 -14.720384 -10.000000 2.391805 36.000000 0.000000 1 0 1 0 0 0 0 0
Child: -14.720384 10.000000 101.000000 20.000000 15.150000 -8.200582 -10.000000 0.000000 0.000000 0.000000 0 0 1 0 0 0 0 0
Child: -8.200582 0.679026 8.000000 20.000000 1.200000 0.000000 -10.000000 0.000000 0.000000 0.000000 0 0 1 0 0 0 0 0
EGO_STATUS -1.750000 188.320974 2.000000 1.570796 10.322041 5.000000 2.940000
DYNAMIC_OBS_INFO 0 1.750000 233.806606 -1.570000 44.576317 1.750000 233.806606 0.000000 0.000000
DYNAMIC_OBS_INFO 1 70.144428 209.500000 3.140000 74.659962 70.144428 209.500000 11.104450 0.195965
DYNAMIC_OBS_INFO 2 -47.657391 212.500000 0.000000 38.377070 -32.371981 212.500000 11.078681 1.906625
Parent: 290.628388 21.788325 219.000000 3146.283873 270.399206 -6.589453 -10.000000 2.291804 35.000000 0.000000 1 0 1 0 0 0 0 0
Child: -6.589453 9.632093 98.000000 20.000000 14.700000 0.000000 -10.000000 0.000000 0.000000 0.000000 0 0 1 0 0 0 0 0
EGO_STATUS -1.750000 189.367907 2.100000 1.570796 10.616041 5.000000 2.940000
DYNAMIC_OBS_INFO 0 1.750000 233.806606 -1.570000 43.503395 1.750000 233.806606 0.000000 0.000000
DYNAMIC_OBS_INFO 1 70.144428 209.500000 3.140000 73.303638 69.033004 209.501770 11.124046 0.195965
DYNAMIC_OBS_INFO 2 -47.657391 212.500000 0.000000 36.837170 -31.254580 212.500000 11.269344 1.906625
Parent: 291.368045 21.788325 219.000000 3146.283845 270.399206 -6.749792 -10.000000 2.191802 34.000000 0.000000 1 0 1 0 0 0 0 0
Child: -6.749792 8.555767 87.000000 20.000000 13.050000 0.000000 -10.000000 0.000000 0.000000 0.000000 0 0 1 0 0 0 0 0
EGO_STATUS -1.750000 190.444233 2.200000 1.570796 10.910041 5.000000 2.940000
DYNAMIC_OBS_INFO 0 1.750000 233.806606 -1.570000 42.401363 1.750000 233.806606 0.000000 0.000000
DYNAMIC_OBS_INFO 1 70.144428 209.500000 3.140000 71.945729 67.919621 209.503543 11.143643 0.195965
DYNAMIC_OBS_INFO 2 -47.657391 212.500000 0.000000 35.265489 -30.118113 212.500000 11.460006 1.906625
Parent: 292.095885 21.788325 219.000000 3146.283837 270.399206 -6.921950 -10.000000 2.091802 33.000000 0.000000 1 0 1 0 0 0 0 0
Child: -6.921950 7.450057 76.000000 20.000000 11.400000 0.000000 -10.000000 0.000000 0.000000 0.000000 0 0 1 0 0 0 0 0
EGO_STATUS -1.750000 191.549943 2.300000 1.570796 11.204041 5.000000 2.940000
DYNAMIC_OBS_INFO 0 1.750000 233.806606 -1.570000 41.270213 1.750000 233.806606 0.000000 0.000000
DYNAMIC_OBS_INFO 1 70.144428 209.500000 3.140000 70.587604 66.804278 209.505320 11.163239 0.195965
DYNAMIC_OBS_INFO 2 -47.657391 212.500000 0.000000 33.662379 -28.962579 212.500000 11.650669 1.906625
Parent: 292.808124 21.788325 219.000000 3146.283806 270.399206 -7.109706 -10.000000 1.991800 32.000000 0.000000 1 0 1 0 0 0 0 0
Child: -7.109706 6.314927 65.000000 20.000000 9.750000 0.000000 -10.000000 0.000000 0.000000 0.000000 0 0 1 0 0 0 0 0
EGO_STATUS -1.750000 192.685073 2.400000 1.570796 11.498041 5.000000 2.940000
DYNAMIC_OBS_INFO 0 1.750000 233.806606 -1.570000 40.110002 1.750000 233.806606 0.000000 0.000000
DYNAMIC_OBS_INFO 1 70.144428 209.500000 3.140000 69.230795 65.686976 209.507099 11.182836 0.195965
DYNAMIC_OBS_INFO 2 -47.657391 212.500000 0.000000 32.028327 -27.787979 212.500000 11.841331 1.906625
Parent: 293.533933 21.788325 219.000000 3146.283776 270.399206 -7.283893 -10.000000 1.891798 31.000000 0.000000 1 0 1 0 0 0 0 0
Child: -7.283893 5.150399 53.000000 20.000000 7.950000 0.000000 -10.000000 0.000000 0.000000 0.000000 0 0 1 0 0 0 0 0
EGO_STATUS -1.750000 193.849601 2.500000 1.570796 11.792041 5.000000 2.940000
DYNAMIC_OBS_INFO 0 1.750000 233.806606 -1.570000 38.920786 1.750000 233.806606 0.000000 0.000000
DYNAMIC_OBS_INFO 1 70.144428 209.500000 3.140000 67.876993 64.567714 209.508882 11.202432 0.195965
DYNAMIC_OBS_INFO 2 -47.657391 212.500000 0.000000 30.363941 -26.594313 212.500000 12.031994 1.906625
Parent: 277.347146 10.000000 101.000000 0.000000 15.147906 322.449495 -10.000000 2.397859 39.000000 0.000000 0 0 0 0 0 0 0 0
Child: 322.449495 21.788325 219.000000 3146.283768 270.399206 -7.476532 -10.000000 0.000000 0.000000 0.000000 1 0 1 0 0 0 0 0
Child: -7.476532 3.956489 41.000000 20.000000 6.150000 0.000000 -10.000000 0.000000 0.000000 0.000000 0 0 1 0 0 0 0 0
EGO_STATUS -1.750000 195.043511 2.600000 1.570796 12.086041 5.000000 2.940000
DYNAMIC_OBS_INFO 0 1.750000 233.806606 -1.570000 37.702581 1.750000 233.806606 0.000000 0.000000
DYNAMIC_OBS_INFO 1 70.144428 209.500000 3.140000 66.528053 63.446492 209.510667 11.222029 0.195965
DYNAMIC_OBS_INFO 2 -47.657391 212.500000 0.000000 28.669972 -25.381580 212.500000 12.222656 1.906625
Parent: 276.226593 10.000000 101.000000 0.000000 15.147906 320.392475 -10.000000 2.334325 38.000000 0.000000 0 0 0 0 0 0 0 0
Child: 320.392475 24.956174 251.000000 3166.621014 156.344721 0.000000 -10.000000 0.000000 0.000000 0.000000 1 0 1 0 0 0 0 0
EGO_STATUS -1.750000 196.266832 2.700000 1.570796 12.380041 5.000000 2.940000
DYNAMIC_OBS_INFO 0 1.750000 233.806606 -1.570000 36.458218 1.750000 233.806606 0.000000 0.000000
DYNAMIC_OBS_INFO 1 70.144428 209.500000 3.140000 65.186511 62.323311 209.512456 11.241625 0.195965
DYNAMIC_OBS_INFO 2 -47.657391 212.500000 0.000000 26.949003 -24.149781 212.500000 12.413319 1.906625
Parent: 276.100541 10.000000 101.000000 0.000000 15.147906 319.366491 -10.000000 2.234258 37.000000 0.000000 0 0 0 0 0 0 0 0
Child: 319.366491 23.705276 239.000000 3166.633406 154.086884 0.000000 -10.000000 0.000000 0.000000 0.000000 1 0 1 0 0 0 0 0
EGO_STATUS -1.749966 197.516774 2.800000 1.570664 12.618428 5.000000 2.383871
DYNAMIC_OBS_INFO 0 1.750000 233.806606 -1.570000 35.190437 1.750000 233.806606 0.000000 0.000000
DYNAMIC_OBS_INFO 1 70.144428 209.500000 3.140000 63.854035 61.198170 209.514248 11.261222 0.195965
DYNAMIC_OBS_INFO 2 -47.657391 212.500000 0.000000 25.204564 -22.898916 212.500000 12.603981 1.906625
Parent: 277.135057 10.000000 101.000000 0.000000 15.147906 319.501004 -10.000000 2.134261 36.000000 0.000000 0 0 0 0 0 0 0 0
Child: 319.501004 22.431560 226.000000 3166.625764 153.126637 0.000000 -10.000000 0.000000 0.000000 0.000000 1 0 1 0 0 0 0 0
EGO_STATUS -1.748951 198.790550 2.900000 1.568788 12.856825 5.000000 2.383969
DYNAMIC_OBS_INFO 0 1.750000 233.806606 -1.570000 33.898842 1.750000 233.806606 0.000000 0.000000
DYNAMIC_OBS_INFO 1 70.144428 209.500000 3.140000 62.528209 60.071070 209.516043 11.280818 0.195965
DYNAMIC_OBS_INFO 2 -47.657391 212.500000 0.000000 23.442164 -21.628985 212.500000 12.794644 1.906625
Parent: 260.831131 10.000000 101.000000 0.000000 15.147906 310.691008 -10.000000 2.640330 44.000000 0.000000 0 0 0 0 0 0 0 0
Child: 310.691008 10.000000 101.000000 0.000000 15.147906 319.191216 -10.000000 0.000000 0.000000 0.000000 0 0 0 0 0 0 0 0
Child: 319.191216 21.134074 213.000000 3166.621893 151.135379 0.000000 -10.000000 0.000000 0.000000 0.000000 1 0 1 0 0 0 0 0
EGO_STATUS -1.742290 200.088134 3.000000 1.561179 13.095221 5.000000 2.383964
DYNAMIC_OBS_INFO 0 1.750000 233.806606 -1.570000 32.582402 1.750000 233.806606 0.000000 0.000000
DYNAMIC_OBS_INFO 1 70.144428 209.500000 3.140000 61.200108 58.942009 209.517842 11.300415 0.195965
DYNAMIC_OBS_INFO 2 -47.657391 212.500000 0.000000 21.673940 -20.339988 212.500000 12.985306 1.906625
Parent: 261.006988 10.000000 101.000000 0.000000 15.147906 309.966867 -10.000000 2.540329 43.000000 0.000000 0 0 0 0 0 0 0 0
Child: 309.966867 10.000000 101.000000 0.000000 15.147906 318.467075 -10.000000 0.000000 0.000000 0.000000 0 0 0 0 0 0 0 0
Child: 318.467075 19.812613 200.000000 3166.618276 149.118692 0.000000 -10.000000 0.000000 0.000000 0.000000 1 0 1 0 0 0 0 0
EGO_STATUS -1.718568 201.409354 3.100000 1.542176 13.333616 5.000000 2.383951
DYNAMIC_OBS_INFO 0 1.750000 233.806606 -1.570000 31.239819 1.750000 233.806606 0.000000 0.000000
DYNAMIC_OBS_INFO 1 70.144428 209.500000 3.140000 59.852300 57.810989 209.519643 11.320012 0.195965
DYNAMIC_OBS_INFO 2 -47.657391 212.500000 0.000000 19.921533 -19.031924 212.500000 13.175969 1.906625
Parent: 262.428853 10.000000 101.000000 0.000000 15.147906 310.488739 -10.000000 2.440322 42.000000 0.000000 0 0 0 0 0 0 0 0
Child: 310.488739 10.000000 101.000000 0.000000 15.147906 318.988946 -10.000000 0.000000 0.000000 0.000000 0 0 0 0 0 0 0 0
Child: 318.988946 18.467227 186.000000 3166.608464 146.934257 0.000000 -10.000000 0.000000 0.000000 0.000000 1 0 1 0 0 0 0 0
EGO_STATUS -1.657598 202.753191 3.200000 1.505434 13.572011 5.000000 2.383953
DYNAMIC_OBS_INFO 0 1.750000 233.806606 -1.570000 29.871075 1.750000 233.806606 0.000000 0.000000
DYNAMIC_OBS_INFO 1 70.144428 209.500000 3.140000 58.458194 56.678010 209.521447 11.339608 0.195965
DYNAMIC_OBS_INFO 2 -47.657391 212.500000 0.000000 18.218711 -17.704794 212.500000 13.366632 1.906625
Parent: 264.249218 10.000000 101.000000 0.000000 15.147906 310.409111 -10.000000 2.340314 40.000000 0.000000 0 0 0 0 0 0 0 0
Child: 310.409111 10.000000 101.000000 0.000000 15.147906 318.909319 -10.000000 0.000000 0.000000 0.000000 0 0 0 0 0 0 0 0
Child: 318.909319 17.097998 172.000000 3166.605057 142.110044 0.000000 -10.000000 0.000000 0.000000 0.000000 1 0 1 0 0 0 0 0
EGO_STATUS -1.529747 204.116130 3.300000 1.444966 13.810408 5.000000 2.383967
DYNAMIC_OBS_INFO 0 1.750000 233.806606 -1.570000 28.481019 1.750000 233.806606 0.000000 0.000000
DYNAMIC_OBS_INFO 1 70.144428 209.500000 3.140000 56.983126 55.543071 209.523255 11.359205 0.195965
DYNAMIC_OBS_INFO 2 -47.657391 212.500000 0.000000 16.613335 -16.358598 212.500000 13.557294 1.906625
Parent: 244.326791 10.000000 102.000000 0.000000 15.297885 298.980625 -10.000000 2.846373 49.000000 0.000000 0 0 0 0 0 0 0 0
Child: 298.980625 10.000000 101.000000 0.000000 15.147906 307.480833 -10.000000 0.000000 0.000000 0.000000 0 0 0 0 0 0 0 0
Child: 307.480833 10.000000 101.000000 0.000000 15.147906 315.981040 -10.000000 0.000000 0.000000 0.000000 0 0 0 0 0 0 0 0
Child: 315.981040 15.705009 159.000000 3166.602139 133.681540 0.000000 -10.000000 0.000000 0.000000 0.000000 1 0 1 0 0 0 0 0
EGO_STATUS -1.297072 205.489054 3.400000 1.356182 14.048806 5.000000 2.383982
DYNAMIC_OBS_INFO 0 1.750000 233.806606 -1.570000 27.085234 1.750000 233.806606 0.000000 0.000000
DYNAMIC_OBS_INFO 1 70.144428 209.500000 3.140000 55.387404 54.406172 209.525066 11.378801 0.195965
DYNAMIC_OBS_INFO 2 -47.657391 212.500000 0.000000 15.167053 -14.993335 212.500000 13.747957 1.906625
Parent: 838.529551 10.000000 102.000000 0.000000 2075.700691 690.202900 -10.000000 2.826584 48.000000 0.000000 0 0 0 0 0 0 0 0
Child: 690.202900 10.000000 101.000000 0.000000 2055.350685 496.702832 -10.000000 0.000000 0.000000 0.000000 0 0 0 0 0 0 0 0
Child: 496.702832 24.852397 250.000000 3149.198084 1947.924176 0.000000 -10.000000 0.000000 0.000000 0.000000 1 0 1 0 0 0 0 0
EGO_STATUS -0.916738 206.852972 3.500000 1.236840 14.287205 5.000000 2.383986
DYNAMIC_OBS_INFO 0 1.750000 233.806606 -1.570000 25.721908 1.750000 233.806606 0.000000 0.000000
DYNAMIC_OBS_INFO 1 70.144428 209.500000 3.140000 53.634676 53.267313 209.526879 11.398398 0.195965
DYNAMIC_OBS_INFO 2 -47.657391 212.500000 0.000000 13.947742 -13.609006 212.500000 13.938619 1.906625
Parent: 730.670794 10.000000 102.000000 270.000000 2075.700691 555.290209 -10.000000 2.409929 47.000000 0.000000 0 1 1 0 0 0 0 0
Child: 555.290209 33.298866 334.000000 3407.985622 2161.781596 0.000000 0.000000 0.000000 0.000000 0.000000 1 1 1 0 0 0 0 0
EGO_STATUS -0.350211 208.170584 3.600000 1.088721 14.424266 5.000000 1.370608
DYNAMIC_OBS_INFO 0 1.750000 233.806606 -1.570000 24.443279 1.750000 233.806606 0.000000 0.000000
DYNAMIC_OBS_INFO 1 70.144428 209.500000 3.140000 51.696420 52.126495 209.528696 11.417994 0.195965
DYNAMIC_OBS_INFO 2 -47.657391 212.500000 0.000000 13.010803 -12.205611 212.500000 14.129282 1.906625
Parent: 720.092761 10.000000 102.000000 270.000000 2075.700691 543.812204 -10.000000 2.309901 46.000000 0.000000 0 1 1 0 0 0 0 0
Child: 543.812204 31.841131 320.000000 3407.984771 2157.769283 0.000000 -10.000000 0.000000 0.000000 0.000000 1 1 1 0 0 0 0 0
EGO_STATUS 0.430238 209.398982 3.700000 0.918756 14.718266 0.000000 2.940000
DYNAMIC_OBS_INFO 0 1.750000 233.806606 -1.570000 23.316219 1.750000 233.806606 0.000000 0.000000
DYNAMIC_OBS_INFO 1 70.144428 209.500000 3.140000 49.558927 50.983717 209.530516 11.437591 0.195965
DYNAMIC_OBS_INFO 2 -47.657391 212.500000 0.000000 12.381108 -10.783150 212.500000 14.319944 1.906625
Parent: 873.701732 20.000000 202.000000 270.000000 4110.701369 481.546313 0.000000 2.422611 44.000000 0.000000 0 1 1 0 0 0 0 0
Child: 481.546313 20.463653 206.000000 3177.643415 1669.904618 0.000000 0.000000 0.000000 0.000000 0.000000 1 0 1 0 1 0 0 0
EGO_STATUS 1.434129 210.492526 3.800000 0.737226 15.012266 0.000000 2.940000
DYNAMIC_OBS_INFO 0 1.750000 233.806606 -1.570000 22.425557 1.750000 233.806606 0.000000 0.000000
DYNAMIC_OBS_INFO 1 70.144428 209.500000 3.140000 47.241125 49.838980 209.532340 11.457187 0.195965
DYNAMIC_OBS_INFO 2 -47.657391 212.500000 0.000000 12.026898 -9.341622 212.500000 14.510607 1.906625
Parent: 799.268741 10.000000 102.000000 270.000000 2075.700691 620.171787 -10.000000 2.126299 43.000000 0.000000 0 1 1 0 0 0 0 0
Child: 620.171787 28.775022 289.000000 3400.926025 2827.727688 0.000000 0.000000 0.000000 0.000000 0.000000 1 1 1 0 0 0 0 0
EGO_STATUS 2.634729 211.398509 3.900000 0.557556 15.110266 2.000000 0.980000
DYNAMIC_OBS_INFO 0 1.750000 233.806606 -1.570000 21.827686 1.750000 233.806606 0.000000 0.000000
DYNAMIC_OBS_INFO 1 70.144428 209.500000 3.140000 44.774830 48.692283 209.534166 11.476784 0.195965
DYNAMIC_OBS_INFO 2 -47.657391 212.500000 0.000000 11.878662 -7.881029 212.500000 14.701269 1.906625
Parent: 786.635318 10.000000 102.000000 270.000000 2075.700691 606.638365 -10.000000 2.026297 42.000000 0.000000 0 1 1 0 0 0 0 0
Child: 606.638365 27.249270 274.000000 3384.457500 2816.035557 0.000000 -10.000000 0.000000 0.000000 0.000000 1 1 1 0 0 0 0 0
EGO_STATUS 3.990701 212.094233 4.000000 0.395335 15.404266 0.000000 2.940000
DYNAMIC_OBS_INFO 0 1.750000 233.806606 -1.570000 21.536388 1.750000 233.806606 0.000000 0.000000
DYNAMIC_OBS_INFO 1 70.144428 209.500000 3.140000 42.191875 47.543626 209.535995 11.496380 0.195965
DYNAMIC_OBS_INFO 2 -47.657391 212.500000 0.000000 11.864348 -6.401369 212.500000 14.891932 1.906625
Parent: 784.609425 10.000000 102.000000 270.000000 2075.700691 603.712473 -10.000000 1.926297 41.000000 0.000000 0 1 1 0 0 0 0 0
Child: 603.712473 25.694127 258.000000 3358.142724 2804.270182 0.000000 -10.000000 0.000000 0.000000 0.000000 1 1 1 0 0 0 0 0
EGO_STATUS 5.462618 212.592637 4.100000 0.264241 15.698266 0.000000 2.940000
DYNAMIC_OBS_INFO 0 1.750000 233.806606 -1.570000 21.529013 1.750000 233.806606 0.000000 0.000000
DYNAMIC_OBS_INFO 1 70.144428 209.500000 3.140000 39.528618 46.393010 209.537828 11.515977 0.195965
DYNAMIC_OBS_INFO 2 -47.657391 212.500000 0.000000 11.920624 -4.902642 212.500000 15.082594 1.906625
Parent: 976.016629 20.000000 201.000000 270.000000 4090.351363 598.870575 -10.000000 2.280246 49.000000 0.000000 0 1 1 0 0 0 0 0
Child: 598.870575 24.109604 243.000000 3327.106587 2809.682289 0.000000 -10.000000 0.000000 0.000000 0.000000 1 1 1 0 0 0 0 0
EGO_STATUS 7.010220 212.930100 4.200000 0.172284 15.992266 0.000000 2.940000
DYNAMIC_OBS_INFO 0 1.750000 233.806606 -1.570000 21.755192 1.750000 233.806606 0.000000 0.000000
DYNAMIC_OBS_INFO 1 70.144428 209.500000 3.140000 36.811489 45.240434 209.539663 11.535573 0.195965
DYNAMIC_OBS_INFO 2 -47.657391 212.500000 0.000000 12.010471 -3.384850 212.500000 15.273257 1.906625
Parent: 853.793025 43.556375 437.000000 3411.703713 5713.950541 0.000000 -10.000000 2.226840 48.000000 0.000000 1 1 1 0 0 0 0 0
EGO_STATUS 8.607448 213.160450 4.300000 0.120903 16.286266 0.000000 2.940000
DYNAMIC_OBS_INFO 0 1.750000 233.806606 -1.570000 22.156076 1.750000 233.806606 0.000000 0.000000
DYNAMIC_OBS_INFO 1 70.144428 209.500000 3.140000 34.057901 44.085898 209.541502 11.555170 0.195965
DYNAMIC_OBS_INFO 2 -47.657391 212.500000 0.000000 12.117991 -1.847991 212.500000 15.463919 1.906625
Parent: 860.670584 10.000000 102.000000 270.000000 15.297885 896.147116 -10.000000 2.553087 56.000000 0.000000 0 1 1 0 0 0 0 0
Child: 896.147116 41.912703 421.000000 3411.711335 5690.253241 0.000000 -10.000000 0.000000 0.000000 0.000000 1 1 1 0 0 0 0 0
EGO_STATUS 10.240711 213.342014 4.400000 0.106109 16.580266 0.000000 2.940000
DYNAMIC_OBS_INFO 0 1.750000 233.806606 -1.570000 22.678490 1.750000 233.806606 0.000000 0.000000
DYNAMIC_OBS_INFO 1 70.144428 209.500000 3.140000 31.281126 42.929403 209.543344 11.574766 0.195965
DYNAMIC_OBS_INFO 2 -47.657391 212.500000 0.000000 12.238382 -0.292066 212.500000 15.654582 1.906625
Parent: 860.034586 10.000000 102.000000 270.000000 15.297885 893.611129 -10.000000 2.453076 54.000000 0.000000 0 1 1 0 0 0 0 0
Child: 893.611129 40.239698 404.000000 3411.705353 5660.402985 0.000000 -10.000000 0.000000 0.000000 0.000000 1 1 1 0 0 0 0 0
EGO_STATUS 11.903079 213.527826 4.500000 0.120649 16.874266 0.000000 2.940000
DYNAMIC_OBS_INFO 0 1.750000 233.806606 -1.570000 23.281418 1.750000 233.806606 0.000000 0.000000
DYNAMIC_OBS_INFO 1 70.144428 209.500000 3.140000 28.495235 41.770948 209.545189 11.594363 0.195965
DYNAMIC_OBS_INFO 2 -47.657391 212.500000 0.000000 12.370610 1.282925 212.500000 15.845244 1.906625
Parent: 856.436021 10.000000 102.000000 270.000000 15.297885 889.112571 -10.000000 2.353069 53.000000 0.000000 0 1 1 0 0 0 0 0
Child: 889.112571 38.537409 387.000000 3411.706828 5617.352755 0.000000 -10.000000 0.000000 0.000000 0.000000 1 1 1 0 0 0 0 0
EGO_STATUS 13.589180 213.760204 4.600000 0.155813 17.168266 0.000000 2.940000
DYNAMIC_OBS_INFO 0 1.750000 233.806606 -1.570000 23.938275 1.750000 233.806606 0.000000 0.000000
DYNAMIC_OBS_INFO 1 70.144428 209.500000 3.140000 25.717912 40.610533 209.547037 11.613959 0.195965
DYNAMIC_OBS_INFO 2 -47.657391 212.500000 0.000000 12.514636 2.876983 212.500000 16.035907 1.906625
Parent: 851.585150 10.000000 102.000000 270.000000 15.297885 882.361705 -10.000000 2.253064 51.000000 0.000000 0 1 1 0 0 0 0 0
Child: 882.361705 36.805756 370.000000 3411.709314 5559.002548 0.000000 -10.000000 0.000000 0.000000 0.000000 1 1 1 0 0 0 0 0
EGO_STATUS 15.293046 214.067637 4.700000 0.202075 17.462266 0.000000 2.940000
DYNAMIC_OBS_INFO 0 1.750000 233.806606 -1.570000 24.637890 1.750000 233.806606 0.000000 0.000000
DYNAMIC_OBS_INFO 1 70.144428 209.500000 3.140000 22.970917 39.448159 209.548889 11.633556 0.195965
DYNAMIC_OBS_INFO 2 -47.657391 212.500000 0.000000 12.671744 4.490107 212.500000 16.226569 1.906625
Parent: 838.848693 20.000000 202.000000 270.000000 30.295811 875.558217 -10.000000 2.558218 59.000000 0.000000 0 1 1 0 0 0 0 0
Child: 875.558217 35.044779 352.000000 3411.703045 5483.102344 0.000000 -10.000000 0.000000 0.000000 0.000000 1 1 1 0 0 0 0 0
EGO_STATUS 17.008943 214.462608 4.800000 0.249660 17.756266 0.000000 2.940000
DYNAMIC_OBS_INFO 0 1.750000 233.806606 -1.570000 25.384404 1.750000 233.806606 0.000000 0.000000
DYNAMIC_OBS_INFO 1 70.144428 209.500000 3.140000 20.279276 38.283825 209.550743 11.653152 0.195965
DYNAMIC_OBS_INFO 2 -47.657391 212.500000 0.000000 12.845809 6.122297 212.500000 16.417232 1.906625
Parent: 813.889101 20.000000 202.000000 270.000000 30.295811 849.698622 -10.000000 2.458220 58.000000 0.000000 0 1 1 0 0 0 0 0
Child: 849.698622 33.254498 334.000000 3411.699483 5222.902168 0.000000 -10.000000 0.000000 0.000000 0.000000 1 1 1 0 0 0 0 0
EGO_STATUS 18.734045 214.941025 4.900000 0.289209 18.050266 0.000000 2.940000
DYNAMIC_OBS_INFO 0 1.750000 233.806606 -1.570000 26.195972 1.750000 233.806606 0.000000 0.000000
DYNAMIC_OBS_INFO 1 70.144428 209.500000 3.140000 17.671300 37.117531 209.552600 11.672749 0.195965
DYNAMIC_OBS_INFO 2 -47.657391 212.500000 0.000000 13.043275 7.773553 212.500000 16.607894 1.906625
Parent: 784.060749 20.000000 202.000000 270.000000 30.295811 817.970268 -10.000000 2.358222 56.000000 0.000000 0 1 1 0 0 0 0 0
Child: 817.970268 31.434829 316.000000 3411.705564 4911.502018 0.000000 -10.000000 0.000000 0.000000 0.000000 1 1 1 0 0 0 0 0
EGO_STATUS 20.471106 215.483147 5.000000 0.312419 18.344266 0.000000 2.940000
DYNAMIC_OBS_INFO 0 1.750000 233.806606 -1.570000 27.101839 1.750000 233.806606 0.000000 0.000000
DYNAMIC_OBS_INFO 1 70.144428 209.500000 3.140000 15.182138 35.949278 209.554461 11.692345 0.195965
DYNAMIC_OBS_INFO 2 -47.657391 212.500000 0.000000 13.270723 9.443876 212.500000 16.798557 1.906625
Parent: 752.756448 20.000000 202.000000 270.000000 30.295811 784.765966 -10.000000 2.258223 54.000000 0.000000 0 1 1 0 0 0 0 0
Child: 784.765966 29.585741 297.000000 3411.701454 4566.651870 0.000000 -10.000000 0.000000 0.000000 0.000000 1 1 1 0 0 0 0 0
EGO_STATUS 22.229439 216.055486 5.100000 0.312707 18.638266 0.000000 2.940000
DYNAMIC_OBS_INFO 0 1.750000 233.806606 -1.570000 28.137106 1.750000 233.806606 0.000000 0.000000
DYNAMIC_OBS_INFO 1 70.144428 209.500000 3.140000 12.864418 34.779065 209.556325 11.711942 0.195965
DYNAMIC_OBS_INFO 2 -47.657391 212.500000 0.000000 13.530307 11.133265 212.500000 16.989219 1.906625
Parent: 713.682182 20.000000 202.000000 270.000000 30.295811 743.791698 -10.000000 2.158225 52.000000 0.000000 0 1 1 0 0 0 0 0
Child: 743.791698 27.707256 279.000000 3411.702284 4178.651759 0.000000 -10.000000 0.000000 0.000000 0.000000 1 1 1 0 0 0 0 0
EGO_STATUS 24.023132 216.613459 5.200000 0.285821 18.932266 0.000000 2.940000
DYNAMIC_OBS_INFO 0 1.750000 233.806606 -1.570000 29.335386 1.750000 233.806606 0.000000 0.000000
DYNAMIC_OBS_INFO 1 70.144428 209.500000 3.140000 10.810229 33.606893 209.558192 11.731538 0.195965
DYNAMIC_OBS_INFO 2 -47.657391 212.500000 0.000000 13.814750 12.841720 212.500000 17.179882 1.906625
Parent: 674.760911 20.000000 202.000000 270.000000 30.295811 703.970426 -10.000000 2.058227 51.000000 0.000000 0 1 1 0 0 0 0 0
Child: 703.970426 25.799380 259.000000 3411.698236 3755.851666 0.000000 -10.000000 0.000000 0.000000 0.000000 1 1 1 0 0 0 0 0
EGO_STATUS 25.866518 217.104558 5.300000 0.230360 19.226266 0.000000 2.940000
DYNAMIC_OBS_INFO 0 1.750000 233.806606 -1.570000 30.720304 1.750000 233.806606 0.000000 0.000000
DYNAMIC_OBS_INFO 1 70.144428 209.500000 3.140000 9.185204 32.432761 209.560062 11.751135 0.195965
DYNAMIC_OBS_INFO 2 -47.657391 212.500000 0.000000 14.104403 14.569241 212.500000 17.370545 1.906625
Parent: 621.628775 30.000000 302.000000 270.000000 45.293737 656.963073 -10.000000 2.345132 59.000000 0.000000 0 1 1 0 0 0 0 0
Child: 656.963073 23.862071 240.000000 3411.681526 3296.501522 0.000000 -10.000000 0.000000 0.000000 0.000000 1 1 1 0 0 0 0 0
EGO_STATUS 27.768012 217.472589 5.400000 0.148158 19.520266 0.000000 2.940000
DYNAMIC_OBS_INFO 0 1.750000 233.806606 -1.570000 32.297798 1.750000 233.806606 0.000000 0.000000
DYNAMIC_OBS_INFO 1 70.144428 209.500000 3.140000 8.245914 31.256669 209.561935 11.770731 0.195965
DYNAMIC_OBS_INFO 2 -47.657391 212.500000 0.000000 14.368775 16.315829 212.500000 17.561207 1.906625
Parent: 568.925101 40.000000 402.000000 270.000000 60.291664 610.444209 -10.000000 2.616050 67.000000 0.000000 0 1 1 0 0 0 0 0
Child: 610.444209 21.895366 220.000000 3411.690445 2822.401452 0.000000 -10.000000 0.000000 0.000000 0.000000 1 1 1 0 0 0 0 0
EGO_STATUS 29.724491 217.664250 5.500000 0.044518 19.814266 0.000000 2.940000
DYNAMIC_OBS_INFO 0 1.750000 233.806606 -1.570000 34.052701 1.750000 233.806606 0.000000 0.000000
DYNAMIC_OBS_INFO 1 70.144428 209.500000 3.140000 8.239101 30.078617 209.563811 11.790328 0.195965
DYNAMIC_OBS_INFO 2 -47.657391 212.500000 0.000000 14.573548 18.081482 212.500000 17.751870 1.906625
Parent: 521.857643 40.000000 402.000000 270.000000 60.291664 561.476750 -10.000000 2.516051 65.000000 0.000000 0 1 1 0 0 0 0 0
Child: 561.476750 19.899284 200.000000 3411.690137 2332.001344 0.000000 -10.000000 0.000000 0.000000 0.000000 1 1 1 0 0 0 0 0
EGO_STATUS 31.719308 217.637901 5.600000 -0.071869 20.108266 0.000000 2.940000
DYNAMIC_OBS_INFO 0 1.750000 233.806606 -1.570000 35.951968 1.750000 233.806606 0.000000 0.000000
DYNAMIC_OBS_INFO 1 70.144428 209.500000 3.140000 9.179355 28.898606 209.565690 11.809924 0.195965
DYNAMIC_OBS_INFO 2 -47.657391 212.500000 0.000000 14.691747 19.866203 212.500000 17.942532 1.906625
Parent: 474.312712 40.000000 402.000000 270.000000 60.291664 512.031818 -10.000000 2.416052 63.000000 0.000000 0 1 1 0 0 0 0 0
Child: 512.031818 17.873775 180.000000 3411.682912 1845.501198 0.000000 -10.000000 0.000000 0.000000 0.000000 1 1 1 0 0 0 0 0
EGO_STATUS 33.726259 217.373016 5.700000 -0.189315 20.402266 0.000000 2.940000
DYNAMIC_OBS_INFO 0 1.750000 233.806606 -1.570000 37.954188 1.750000 233.806606 0.000000 0.000000
DYNAMIC_OBS_INFO 1 70.144428 209.500000 3.140000 10.839243 27.716636 209.567573 11.829521 0.195965
DYNAMIC_OBS_INFO 2 -47.657391 212.500000 0.000000 14.715959 21.669989 212.500000 18.133195 1.906625
Parent: 426.699063 40.000000 402.000000 270.000000 60.291664 462.518169 -10.000000 2.316052 61.000000 0.000000 0 1 1 0 0 0 0 0
Child: 462.518169 15.818850 160.000000 3411.691155 1367.601088 0.000000 -10.000000 0.000000 0.000000 0.000000 1 1 1 0 0 0 0 0
EGO_STATUS 35.719673 216.877880 5.800000 -0.293935 20.696266 0.000000 2.940000
DYNAMIC_OBS_INFO 0 1.750000 233.806606 -1.570000 40.022119 1.750000 233.806606 0.000000 0.000000
DYNAMIC_OBS_INFO 1 70.144428 209.500000 3.140000 12.972347 26.532705 209.569458 11.849117 0.195965
DYNAMIC_OBS_INFO 2 -47.657391 212.500000 0.000000 14.666737 23.492841 212.500000 18.323857 1.906625
TIMEOUT
