Parent: 24.194003 32.626471 328.000000 32.028716 537.986208 2.532217 0.000000 4.961860 40.000000 0.000000 0 0 0 1 0 0 0 0
Child: 2.532217 4.116648 43.000000 20.000000 6.450000 0.000000 0.000000 0.000000 0.000000 0.000000 0 0 1 0 0 0 0 0
EGO_STATUS -1.750000 186.883352 0.000000 1.570796 13.105434 4.000000 0.000000
DYNAMIC_OBS_INFO 0 1.750000 230.019852 -1.570000 41.957477 1.750000 230.019852 0.000000 0.000000
DYNAMIC_OBS_INFO 1 69.358102 209.500000 3.140000 74.227255 69.358102 209.500000 13.643284 0.213774
DYNAMIC_OBS_INFO 2 -53.434386 212.500000 0.000000 57.108208 -53.434386 212.500000 14.645327 2.560843
Parent: 260.258233 10.000000 101.000000 0.000000 15.147906 313.420858 -10.000000 3.337582 48.000000 0.000000 0 0 0 0 0 0 0 0
Child: 313.420858 21.930324 221.000000 3104.729973 235.940030 -8.081292 -10.000000 0.000000 0.000000 0.000000 1 0 0 0 0 0 0 0
Child: -8.081292 10.000000 102.000000 0.000000 15.300000 0.418708 -10.000000 0.000000 0.000000 0.000000 0 0 0 0 0 0 0 0
Child: 0.418708 2.791389 29.000000 0.000000 4.350000 0.000000 0.000000 0.000000 0.000000 0.000000 0 0 0 0 0 0 0 0
EGO_STATUS -1.750000 188.208611 0.100000 1.570796 13.399434 0.000000 2.940000
DYNAMIC_OBS_INFO 0 1.750000 230.019852 -1.570000 40.622357 1.750000 230.019852 0.000000 0.000000
DYNAMIC_OBS_INFO 1 69.358102 209.500000 3.140000 73.854061 69.358102 209.500000 13.643284 0.213774
DYNAMIC_OBS_INFO 2 -53.434386 212.500000 0.000000 56.551257 -53.434386 212.500000 14.645327 2.560843
Parent: 250.957242 10.000000 101.000000 0.000000 15.147906 303.219867 -10.000000 3.237582 47.000000 0.000000 0 0 0 0 0 0 0 0
Child: 303.219867 21.930324 221.000000 3104.729973 235.940030 -18.282283 -10.000000 0.000000 0.000000 0.000000 1 0 0 0 0 0 0 0
Child: -18.282283 10.000000 102.000000 0.000000 15.300000 -9.782283 -10.000000 0.000000 0.000000 0.000000 0 0 0 0 0 0 0 0
Child: -9.782283 1.451446 16.000000 0.000000 2.400000 0.000000 -10.000000 0.000000 0.000000 0.000000 0 0 0 0 0 0 0 0
EGO_STATUS -1.750000 189.548554 0.200000 1.570796 13.399434 4.000000 0.000000
DYNAMIC_OBS_INFO 0 1.750000 230.019852 -1.570000 39.287566 1.750000 230.019852 0.000000 0.000000
DYNAMIC_OBS_INFO 1 69.358102 209.500000 3.140000 73.503402 69.358102 209.500000 13.643284 0.213774
DYNAMIC_OBS_INFO 2 -53.434386 212.500000 0.000000 56.020825 -53.434386 212.500000 14.645327 2.560843
Parent: 251.656250 10.000000 101.000000 0.000000 15.147906 303.018875 -10.000000 3.137582 46.000000 0.000000 0 0 0 0 0 0 0 0
Child: 303.018875 21.930324 221.000000 3104.729973 235.940030 -18.483275 -10.000000 0.000000 0.000000 0.000000 1 0 0 0 0 0 0 0
Child: -18.483275 10.000000 102.000000 0.000000 15.300000 -9.983275 -10.000000 0.000000 0.000000 0.000000 0 0 0 0 0 0 0 0
Child: -9.983275 0.111502 3.000000 0.000000 0.450000 0.000000 -10.000000 0.000000 0.000000 0.000000 0 0 0 0 0 0 0 0
EGO_STATUS -1.750000 190.888498 0.300000 1.570796 13.399434 4.000000 0.000000
DYNAMIC_OBS_INFO 0 1.750000 230.019852 -1.570000 37.953138 1.750000 230.019852 0.000000 0.000000
DYNAMIC_OBS_INFO 1 69.358102 209.500000 3.140000 73.175603 69.358102 209.500000 13.643284 0.213774
DYNAMIC_OBS_INFO 2 -53.434386 212.500000 0.000000 55.517672 -53.434386 212.500000 14.645327 2.560843
Parent: 263.355258 10.000000 101.000000 0.000000 15.147906 312.817884 -10.000000 3.037582 44.000000 0.000000 0 0 0 0 0 0 0 0
Child: 312.817884 21.930324 221.000000 3104.729973 235.940030 -8.684266 -10.000000 0.000000 0.000000 0.000000 1 0 0 0 0 0 0 0
Child: -8.684266 8.771559 89.000000 0.000000 13.350000 0.000000 -10.000000 0.000000 0.000000 0.000000 0 0 0 0 0 0 0 0
EGO_STATUS -1.750000 192.228441 0.400000 1.570796 13.399434 4.000000 0.000000
DYNAMIC_OBS_INFO 0 1.750000 230.019852 -1.570000 36.619113 1.750000 230.019852 0.000000 0.000000
DYNAMIC_OBS_INFO 1 69.358102 209.500000 3.140000 72.870972 69.358102 209.500000 13.643284 0.213774
DYNAMIC_OBS_INFO 2 -53.434386 212.500000 0.000000 55.042546 -53.434386 212.500000 14.645327 2.560843
Parent: 264.054267 10.000000 101.000000 0.000000 15.147906 312.616892 -10.000000 2.937582 43.000000 0.000000 0 0 0 0 0 0 0 0
Child: 312.616892 21.930324 221.000000 3104.729973 235.940030 -8.885258 -10.000000 0.000000 0.000000 0.000000 1 0 0 0 0 0 0 0
Child: -8.885258 7.431616 76.000000 0.000000 11.400000 0.000000 -10.000000 0.000000 0.000000 0.000000 0 0 0 0 0 0 0 0
EGO_STATUS -1.750000 193.568384 0.500000 1.570796 13.399434 4.000000 0.000000
DYNAMIC_OBS_INFO 0 1.750000 230.019852 -1.570000 35.285537 1.750000 230.019852 0.000000 0.000000
DYNAMIC_OBS_INFO 1 69.358102 209.500000 3.140000 72.589800 69.358102 209.500000 13.643284 0.213774
DYNAMIC_OBS_INFO 2 -53.434386 212.500000 0.000000 54.596178 -53.434386 212.500000 14.645327 2.560843
Parent: 264.753275 10.000000 101.000000 0.000000 15.147906 312.415901 -10.000000 2.837582 42.000000 0.000000 0 0 0 0 0 0 0 0
Child: 312.415901 21.930324 221.000000 3104.729973 235.940030 -9.086249 -10.000000 0.000000 0.000000 0.000000 1 0 0 0 0 0 0 0
Child: -9.086249 6.091672 62.000000 0.000000 9.300000 0.000000 -10.000000 0.000000 0.000000 0.000000 0 0 0 0 0 0 0 0
EGO_STATUS -1.750000 194.908328 0.600000 1.570796 13.399434 4.000000 0.000000
DYNAMIC_OBS_INFO 0 1.750000 230.019852 -1.570000 33.952461 1.750000 230.019852 0.000000 0.000000
DYNAMIC_OBS_INFO 1 69.358102 209.500000 3.140000 72.332361 69.358102 209.500000 13.643284 0.213774
DYNAMIC_OBS_INFO 2 -53.434386 212.500000 0.000000 54.179281 -53.434386 212.500000 14.645327 2.560843
Parent: 266.452284 10.000000 101.000000 0.000000 15.147906 312.214909 -10.000000 2.737582 40.000000 0.000000 0 0 0 0 0 0 0 0
Child: 312.214909 21.930324 221.000000 3104.729973 235.940030 -9.287241 -10.000000 0.000000 0.000000 0.000000 1 0 0 0 0 0 0 0
Child: -9.287241 4.751729 49.000000 0.000000 7.350000 0.000000 -10.000000 0.000000 0.000000 0.000000 0 0 0 0 0 0 0 0
EGO_STATUS -1.750000 196.248271 0.700000 1.570796 13.399434 4.000000 0.000000
DYNAMIC_OBS_INFO 0 1.750000 230.019852 -1.570000 32.619949 1.750000 230.019852 0.000000 0.000000
DYNAMIC_OBS_INFO 1 69.358102 209.500000 3.140000 72.098909 69.358102 209.500000 13.643284 0.213774
DYNAMIC_OBS_INFO 2 -53.434386 212.500000 0.000000 53.792538 -53.434386 212.500000 14.645327 2.560843
Parent: 244.110858 10.000000 102.000000 0.000000 15.297885 298.162115 -10.000000 3.448950 49.000000 0.000000 0 0 0 0 0 0 0 0
Child: 298.162115 10.000000 101.000000 0.000000 15.147906 306.662323 -10.000000 0.000000 0.000000 0.000000 0 0 0 0 0 0 0 0
Child: 306.662323 26.213984 264.000000 3127.277086 61.816684 0.000000 -10.000000 0.000000 0.000000 0.000000 1 0 0 0 0 0 0 0
EGO_STATUS -1.750000 197.588215 0.800000 1.570796 13.399434 4.000000 0.000000
DYNAMIC_OBS_INFO 0 1.750000 230.019852 -1.570000 31.288065 1.750000 230.019852 0.000000 0.000000
DYNAMIC_OBS_INFO 1 69.358102 209.500000 3.140000 71.889621 69.358102 209.500000 13.643284 0.213774
DYNAMIC_OBS_INFO 2 -53.434386 212.500000 0.000000 53.436661 -53.434386 212.500000 14.645327 2.560843
Parent: 245.259817 10.000000 102.000000 0.000000 15.297885 298.411056 -10.000000 3.348967 48.000000 0.000000 0 0 0 0 0 0 0 0
Child: 298.411056 10.000000 101.000000 0.000000 15.147906 306.911264 -10.000000 0.000000 0.000000 0.000000 0 0 0 0 0 0 0 0
Child: 306.911264 24.874269 250.000000 3127.269310 57.862066 0.000000 -10.000000 0.000000 0.000000 0.000000 1 0 0 0 0 0 0 0
EGO_STATUS -1.749941 198.928158 0.900000 1.570583 13.399434 4.000000 0.000000
DYNAMIC_OBS_INFO 0 1.750000 230.019852 -1.570000 29.956714 1.750000 230.019852 0.000000 0.000000
DYNAMIC_OBS_INFO 1 69.358102 209.500000 3.140000 71.703178 69.358102 209.500000 13.643284 0.213774
DYNAMIC_OBS_INFO 2 -53.434386 212.500000 0.000000 53.113772 -53.434386 212.500000 14.645327 2.560843
Parent: 246.469560 10.000000 102.000000 0.000000 15.297885 297.720796 -10.000000 3.248971 46.000000 0.000000 0 0 0 0 0 0 0 0
Child: 297.720796 10.000000 101.000000 0.000000 15.147906 306.221003 -10.000000 0.000000 0.000000 0.000000 0 0 0 0 0 0 0 0
Child: 306.221003 23.534378 237.000000 3127.263537 57.200391 0.000000 -10.000000 0.000000 0.000000 0.000000 1 0 0 0 0 0 0 0
EGO_STATUS -1.748282 200.268100 1.000000 1.567707 13.399434 4.000000 0.000000
DYNAMIC_OBS_INFO 0 1.750000 230.019852 -1.570000 28.625157 1.750000 230.019852 0.000000 0.000000
DYNAMIC_OBS_INFO 1 69.358102 209.500000 3.140000 71.532786 69.358102 209.500000 13.643284 0.213774
DYNAMIC_OBS_INFO 2 -53.434386 212.500000 0.000000 52.831354 -53.434386 212.500000 14.645327 2.560843
Parent: 248.009037 10.000000 102.000000 0.000000 15.297885 298.360277 -10.000000 3.148967 45.000000 0.000000 0 0 0 0 0 0 0 0
Child: 298.360277 10.000000 101.000000 0.000000 15.147906 306.860485 -10.000000 0.000000 0.000000 0.000000 0 0 0 0 0 0 0 0
Child: 306.860485 22.194377 223.000000 3127.259150 56.425072 0.000000 -10.000000 0.000000 0.000000 0.000000 1 0 0 0 0 0 0 0
EGO_STATUS -1.738001 201.607997 1.100000 1.556640 13.399434 4.000000 0.000000
DYNAMIC_OBS_INFO 0 1.750000 230.019852 -1.570000 27.291784 1.750000 230.019852 0.000000 0.000000
DYNAMIC_OBS_INFO 1 69.358102 209.500000 3.140000 71.363114 69.358102 209.500000 13.643284 0.213774
DYNAMIC_OBS_INFO 2 -53.434386 212.500000 0.000000 52.605423 -53.434386 212.500000 14.645327 2.560843
Parent: 247.935253 10.000000 102.000000 0.000000 15.297885 297.386503 -10.000000 3.048957 44.000000 0.000000 0 0 0 0 0 0 0 0
Child: 297.386503 10.000000 101.000000 0.000000 15.147906 305.886710 -10.000000 0.000000 0.000000 0.000000 0 0 0 0 0 0 0 0
Child: 305.886710 20.854305 210.000000 3127.248298 53.687721 0.000000 -10.000000 0.000000 0.000000 0.000000 1 0 0 0 0 0 0 0
EGO_STATUS -1.703550 202.947458 1.200000 1.530473 13.399434 4.000000 0.000000
DYNAMIC_OBS_INFO 0 1.750000 230.019852 -1.570000 25.954911 1.750000 230.019852 0.000000 0.000000
DYNAMIC_OBS_INFO 1 69.358102 209.500000 3.140000 71.169606 69.358102 209.500000 13.643284 0.213774
DYNAMIC_OBS_INFO 2 -53.434386 212.500000 0.000000 52.461472 -53.434386 212.500000 14.645327 2.560843
Parent: 248.886591 10.000000 102.000000 0.000000 15.297885 296.437854 -10.000000 2.948944 42.000000 0.000000 0 0 0 0 0 0 0 0
Child: 296.437854 10.000000 101.000000 0.000000 15.147906 304.938062 -10.000000 0.000000 0.000000 0.000000 0 0 0 0 0 0 0 0
Child: 304.938062 19.514187 197.000000 3127.248946 52.119854 0.000000 -10.000000 0.000000 0.000000 0.000000 1 0 0 0 0 0 0 0
EGO_STATUS -1.620157 204.284673 1.300000 1.482514 13.399434 4.000000 0.000000
DYNAMIC_OBS_INFO 0 1.750000 230.019852 -1.570000 24.615321 1.750000 230.019852 0.000000 0.000000
DYNAMIC_OBS_INFO 1 69.358102 209.500000 3.140000 70.919891 69.358102 209.500000 13.643284 0.213774
DYNAMIC_OBS_INFO 2 -53.434386 212.500000 0.000000 52.433254 -53.434386 212.500000 14.645327 2.560843
Parent: 250.152456 10.000000 102.000000 0.000000 15.297885 296.803734 -10.000000 2.848930 41.000000 0.000000 0 0 0 0 0 0 0 0
Child: 296.803734 10.000000 101.000000 0.000000 15.147906 305.303941 -10.000000 0.000000 0.000000 0.000000 0 0 0 0 0 0 0 0
Child: 305.303941 18.174047 183.000000 3127.243152 47.647948 0.000000 -10.000000 0.000000 0.000000 0.000000 1 0 0 0 0 0 0 0
EGO_STATUS -1.455250 205.614107 1.400000 1.407566 13.399434 4.000000 0.000000
DYNAMIC_OBS_INFO 0 1.750000 230.019852 -1.570000 23.280827 1.750000 230.019852 0.000000 0.000000
DYNAMIC_OBS_INFO 1 69.358102 209.500000 3.140000 69.212708 67.992706 209.502175 13.664662 0.213774
DYNAMIC_OBS_INFO 2 -53.434386 212.500000 0.000000 52.559162 -53.434386 212.500000 14.645327 2.560843
Parent: 249.759563 10.000000 102.000000 0.000000 15.297885 295.510856 -10.000000 2.748915 40.000000 0.000000 0 0 0 0 0 0 0 0
Child: 295.510856 10.000000 101.000000 0.000000 15.147906 304.011063 -10.000000 0.000000 0.000000 0.000000 0 0 0 0 0 0 0 0
Child: 304.011063 16.833906 170.000000 3127.240058 43.852975 0.000000 -10.000000 0.000000 0.000000 0.000000 1 0 0 0 0 0 0 0
EGO_STATUS -1.171934 206.923116 1.500000 1.302860 13.399434 4.000000 0.000000
DYNAMIC_OBS_INFO 0 1.750000 230.019852 -1.570000 21.972199 1.750000 230.019852 0.000000 0.000000
DYNAMIC_OBS_INFO 1 69.358102 209.500000 3.140000 67.372573 66.625173 209.504353 13.686039 0.213774
DYNAMIC_OBS_INFO 2 -53.434386 212.500000 0.000000 52.875902 -53.434386 212.500000 14.645327 2.560843
Parent: 246.783867 10.000000 101.000000 0.000000 15.147906 301.426918 -10.000000 2.857156 49.000000 0.000000 0 0 0 0 0 0 0 0
Child: 301.426918 10.000000 102.000000 0.000000 15.297885 309.927125 -10.000000 0.000000 0.000000 0.000000 0 0 0 0 0 0 0 0
Child: 309.927125 10.000000 101.000000 0.000000 15.147906 318.427333 -10.000000 0.000000 0.000000 0.000000 0 0 0 0 0 0 0 0
Child: 318.427333 15.493779 156.000000 3164.631481 41.472427 0.000000 0.000000 0.000000 0.000000 0.000000 1 0 1 0 0 0 0 0
EGO_STATUS -0.734551 208.188577 1.600000 1.168660 13.399434 4.000000 0.000000
DYNAMIC_OBS_INFO 0 1.750000 230.019852 -1.570000 20.715352 1.750000 230.019852 0.000000 0.000000
DYNAMIC_OBS_INFO 1 69.358102 209.500000 3.140000 65.363749 65.255502 209.506534 13.707416 0.213774
DYNAMIC_OBS_INFO 2 -53.434386 212.500000 0.000000 53.416974 -53.434386 212.500000 14.645327 2.560843
Parent: 718.985100 10.000000 101.000000 270.000000 2055.350685 544.162205 -10.000000 2.590154 48.000000 0.000000 0 1 1 0 0 0 0 0
Child: 544.162205 35.330193 355.000000 3459.184371 2008.591591 0.000000 0.000000 0.000000 0.000000 0.000000 1 1 1 0 1 0 0 0
EGO_STATUS -0.108139 209.388004 1.700000 1.006650 13.693434 5.000000 2.940000
DYNAMIC_OBS_INFO 0 1.750000 230.019852 -1.570000 19.562801 1.750000 230.019852 0.000000 0.000000
DYNAMIC_OBS_INFO 1 69.358102 209.500000 3.140000 63.156696 63.883693 209.508719 13.728794 0.213774
DYNAMIC_OBS_INFO 2 -53.434386 212.500000 0.000000 54.206428 -53.434386 212.500000 14.645327 2.560843
Parent: 709.741367 10.000000 101.000000 270.000000 2055.350685 534.018476 -10.000000 2.490150 47.000000 0.000000 0 1 1 0 0 0 0 0
Child: 534.018476 33.946051 341.000000 3459.169213 2005.687356 0.000000 -10.000000 0.000000 0.000000 0.000000 1 1 1 0 1 0 0 0
EGO_STATUS 0.734519 210.483425 1.800000 0.821040 13.987434 0.000000 2.940000
DYNAMIC_OBS_INFO 0 1.750000 230.019852 -1.570000 18.604744 1.750000 230.019852 0.000000 0.000000
DYNAMIC_OBS_INFO 1 69.358102 209.500000 3.140000 60.745396 62.509746 209.510907 13.750171 0.213774
DYNAMIC_OBS_INFO 2 -53.434386 212.500000 0.000000 53.762201 -51.957049 212.500000 14.901411 2.560843
Parent: 795.228171 10.000000 101.000000 0.000000 2055.350685 644.789576 -10.000000 2.938527 46.000000 0.000000 0 0 0 0 0 0 0 0
Child: 644.789576 10.000000 102.000000 0.000000 2075.700691 451.289509 -10.000000 0.000000 0.000000 0.000000 0 0 0 0 0 0 0 0
Child: 451.289509 21.966375 221.000000 3165.869743 1374.478069 0.000000 0.000000 0.000000 0.000000 0.000000 1 0 0 0 1 0 0 0
EGO_STATUS 1.794205 211.415160 1.900000 0.620641 14.281434 0.000000 2.940000
DYNAMIC_OBS_INFO 0 1.750000 230.019852 -1.570000 17.943366 1.750000 230.019852 0.000000 0.000000
DYNAMIC_OBS_INFO 1 69.358102 209.500000 3.140000 58.160099 61.133662 209.513099 13.771549 0.213774
DYNAMIC_OBS_INFO 2 -53.434386 212.500000 0.000000 53.487560 -50.454104 212.500000 15.157496 2.560843
Parent: 701.469479 40.567227 407.000000 3410.278855 4055.798893 0.000000 0.000000 2.297321 45.000000 0.000000 1 1 1 0 0 0 0 0
EGO_STATUS 3.032123 212.122351 2.000000 0.418898 14.281434 4.000000 0.000000
DYNAMIC_OBS_INFO 0 1.750000 230.019852 -1.570000 17.639867 1.750000 230.019852 0.000000 0.000000
DYNAMIC_OBS_INFO 1 69.358102 209.500000 3.140000 55.441950 59.755440 209.515294 13.792926 0.213774
DYNAMIC_OBS_INFO 2 -53.434386 212.500000 0.000000 53.323865 -48.925550 212.500000 15.413580 2.560843
Parent: 667.729877 10.000000 101.000000 0.000000 2055.350685 515.549007 -10.000000 2.680802 44.000000 0.000000 0 0 0 0 0 0 0 0
Child: 515.549007 29.073859 292.000000 3127.115004 2050.742887 0.000000 0.000000 0.000000 0.000000 0.000000 1 0 0 0 0 0 0 0
EGO_STATUS 4.398255 212.579907 2.100000 0.232000 14.575434 0.000000 2.940000
DYNAMIC_OBS_INFO 0 1.750000 230.019852 -1.570000 17.699656 1.750000 230.019852 0.000000 0.000000
DYNAMIC_OBS_INFO 1 69.358102 209.500000 3.140000 52.639677 58.375081 209.517492 13.814303 0.213774
DYNAMIC_OBS_INFO 2 -53.434386 212.500000 0.000000 53.209994 -47.371388 212.500000 15.669664 2.560843
Parent: 670.184925 37.686765 378.000000 3098.651989 4118.962214 0.000000 -10.000000 2.585636 42.000000 0.000000 1 0 0 0 0 0 0 0
EGO_STATUS 5.837768 212.798703 2.200000 0.076357 14.575434 4.000000 0.000000
DYNAMIC_OBS_INFO 0 1.750000 230.019852 -1.570000 18.069417 1.750000 230.019852 0.000000 0.000000
DYNAMIC_OBS_INFO 1 69.358102 209.500000 3.140000 49.807846 56.992583 209.519694 13.835681 0.213774
DYNAMIC_OBS_INFO 2 -53.434386 212.500000 0.000000 53.086928 -45.791617 212.500000 15.925749 2.560843
Parent: 664.519572 10.000000 101.000000 0.000000 2055.350685 509.729592 -10.000000 2.289912 41.000000 0.000000 0 0 0 0 0 0 0 0
Child: 509.729592 26.163209 263.000000 3094.875518 2029.070994 0.000000 0.000000 0.000000 0.000000 0.000000 1 0 1 0 0 0 0 0
EGO_STATUS 7.294334 212.822056 2.300000 -0.036648 14.575434 4.000000 0.000000
DYNAMIC_OBS_INFO 0 1.750000 230.019852 -1.570000 18.669496 1.750000 230.019852 0.000000 0.000000
DYNAMIC_OBS_INFO 1 69.358102 209.500000 3.140000 46.963238 55.607948 209.521899 13.857058 0.213774
DYNAMIC_OBS_INFO 2 -53.434386 212.500000 0.000000 52.939966 -44.186238 212.500000 16.181833 2.560843
Parent: 655.364526 10.000000 101.000000 0.000000 2055.350685 499.674544 -10.000000 2.189915 40.000000 0.000000 0 0 0 0 0 0 0 0
Child: 499.674544 24.699988 248.000000 3094.881788 2022.500769 0.000000 -10.000000 0.000000 0.000000 0.000000 1 0 1 0 0 0 0 0
EGO_STATUS 8.753296 212.713670 2.400000 -0.103909 14.689730 5.000000 1.142955
DYNAMIC_OBS_INFO 0 1.750000 230.019852 -1.570000 19.423756 1.750000 230.019852 0.000000 0.000000
DYNAMIC_OBS_INFO 1 69.358102 209.500000 3.140000 44.106765 54.221175 209.524108 13.878435 0.213774
DYNAMIC_OBS_INFO 2 -53.434386 212.500000 0.000000 52.772831 -42.555251 212.500000 16.437917 2.560843
Parent: 863.007377 10.000000 101.000000 0.000000 2055.350685 714.771421 -10.000000 2.735889 48.000000 0.000000 0 0 0 0 0 0 0 0
Child: 714.771421 33.336095 335.000000 3067.999751 4215.349706 0.000000 -10.000000 0.000000 0.000000 0.000000 1 0 0 0 0 0 0 0
EGO_STATUS 10.217566 212.538930 2.500000 -0.126410 14.804025 5.000000 1.142953
DYNAMIC_OBS_INFO 0 1.750000 230.019852 -1.570000 20.265208 1.750000 230.019852 0.000000 0.000000
DYNAMIC_OBS_INFO 1 69.358102 209.500000 3.140000 41.238602 52.832264 209.526320 13.899813 0.213774
DYNAMIC_OBS_INFO 2 -53.434386 212.500000 0.000000 52.590010 -40.898655 212.500000 16.694001 2.560843
Parent: 838.838085 10.000000 101.000000 0.000000 2055.350685 689.740413 -10.000000 2.597605 47.000000 0.000000 0 0 0 0 0 0 0 0
Child: 689.740413 10.000000 101.000000 0.000000 2055.350685 496.240345 -10.000000 0.000000 0.000000 0.000000 0 0 0 0 0 0 0 0
Child: 496.240345 21.740770 219.000000 3095.131178 2004.349453 0.000000 -10.000000 0.000000 0.000000 0.000000 1 0 1 0 0 0 0 0
EGO_STATUS 11.691170 212.360526 2.600000 -0.108387 14.883655 5.000000 0.796297
DYNAMIC_OBS_INFO 0 1.750000 230.019852 -1.570000 21.142273 1.750000 230.019852 0.000000 0.000000
DYNAMIC_OBS_INFO 1 69.358102 209.500000 3.140000 38.356920 51.441216 209.528535 13.921190 0.213774
DYNAMIC_OBS_INFO 2 -53.434386 212.500000 0.000000 52.396919 -39.216450 212.500000 16.950086 2.560843
Parent: 726.886455 42.001432 422.000000 3101.148469 4727.887622 0.000000 -10.000000 2.666731 45.000000 0.000000 1 0 0 0 0 0 0 0
EGO_STATUS 13.179791 212.233464 2.700000 -0.057221 15.000317 5.000000 1.166629
DYNAMIC_OBS_INFO 0 1.750000 230.019852 -1.570000 22.016615 1.750000 230.019852 0.000000 0.000000
DYNAMIC_OBS_INFO 1 69.358102 209.500000 3.140000 35.466787 50.048030 209.530754 13.942568 0.213774
DYNAMIC_OBS_INFO 2 -53.434386 212.500000 0.000000 52.191429 -37.508638 212.500000 17.206170 2.560843
Parent: 726.366742 40.498201 406.000000 3101.148947 4696.402618 0.000000 -10.000000 2.566706 44.000000 0.000000 1 0 0 0 0 0 0 0
EGO_STATUS 14.681938 212.201425 2.800000 0.017563 15.056554 5.000000 0.562367
DYNAMIC_OBS_INFO 0 1.750000 230.019852 -1.570000 22.861791 1.750000 230.019852 0.000000 0.000000
DYNAMIC_OBS_INFO 1 69.358102 209.500000 3.140000 32.582728 48.652706 209.532977 13.963945 0.213774
DYNAMIC_OBS_INFO 2 -53.434386 212.500000 0.000000 51.962739 -35.775216 212.500000 17.462254 2.560843
Parent: 751.793043 38.502229 387.000000 3091.782359 4962.951996 0.000000 -10.000000 2.435864 42.000000 0.000000 1 0 0 0 0 0 0 0
EGO_STATUS 16.187111 212.293281 2.900000 0.105628 15.112792 5.000000 0.562373
DYNAMIC_OBS_INFO 0 1.750000 230.019852 -1.570000 23.665433 1.750000 230.019852 0.000000 0.000000
DYNAMIC_OBS_INFO 1 69.358102 209.500000 3.140000 29.722330 47.255244 209.535202 13.985322 0.213774
DYNAMIC_OBS_INFO 2 -53.434386 212.500000 0.000000 51.699540 -34.016187 212.500000 17.718339 2.560843
Parent: 752.432318 36.987938 371.000000 3091.782983 4943.452417 0.000000 -10.000000 2.335854 41.000000 0.000000 1 0 0 0 0 0 0 0
EGO_STATUS 17.683349 212.521819 3.000000 0.197229 15.169741 5.000000 0.569493
DYNAMIC_OBS_INFO 0 1.750000 230.019852 -1.570000 24.426900 1.750000 230.019852 0.000000 0.000000
DYNAMIC_OBS_INFO 1 69.358102 209.500000 3.140000 26.905977 45.855645 209.537431 14.006700 0.213774
DYNAMIC_OBS_INFO 2 -53.434386 212.500000 0.000000 51.391690 -32.231549 212.500000 17.974423 2.560843
Parent: 735.304466 10.000000 102.000000 0.000000 15.297885 789.962763 -10.000000 2.841911 49.000000 0.000000 0 0 0 0 0 0 0 0
Child: 789.962763 35.468062 356.000000 3091.782862 4937.602663 0.000000 -10.000000 0.000000 0.000000 0.000000 1 0 0 0 0 0 0 0
EGO_STATUS 19.158701 212.884783 3.100000 0.283574 15.226690 5.000000 0.569496
DYNAMIC_OBS_INFO 0 1.750000 230.019852 -1.570000 25.156486 1.750000 230.019852 0.000000 0.000000
DYNAMIC_OBS_INFO 1 69.358102 209.500000 3.140000 24.153480 44.453908 209.539664 14.028077 0.213774
DYNAMIC_OBS_INFO 2 -53.434386 212.500000 0.000000 51.034274 -30.421302 212.500000 18.230507 2.560843
Parent: 734.144524 10.000000 102.000000 0.000000 15.297885 787.902819 -10.000000 2.741913 48.000000 0.000000 0 0 0 0 0 0 0 0
Child: 787.902819 33.942581 341.000000 3091.780878 4924.252403 0.000000 -10.000000 0.000000 0.000000 0.000000 1 0 0 0 0 0 0 0
EGO_STATUS 20.605606 213.367076 3.200000 0.357140 15.283640 5.000000 0.569497
DYNAMIC_OBS_INFO 0 1.750000 230.019852 -1.570000 25.873962 1.750000 230.019852 0.000000 0.000000
DYNAMIC_OBS_INFO 1 69.358102 209.500000 3.140000 21.482100 43.050033 209.541900 14.049454 0.213774
DYNAMIC_OBS_INFO 2 -53.434386 212.500000 0.000000 50.629836 -28.585447 212.500000 18.486592 2.560843
Parent: 731.424837 10.000000 102.000000 0.000000 15.297885 783.283126 -10.000000 2.641918 46.000000 0.000000 0 0 0 0 0 0 0 0
Child: 783.283126 32.411449 326.000000 3091.777694 4887.202158 0.000000 -10.000000 0.000000 0.000000 0.000000 1 0 0 0 0 0 0 0
EGO_STATUS 22.023794 213.943932 3.300000 0.411860 15.340590 5.000000 0.569496
DYNAMIC_OBS_INFO 0 1.750000 230.019852 -1.570000 26.606233 1.750000 230.019852 0.000000 0.000000
DYNAMIC_OBS_INFO 1 69.358102 209.500000 3.140000 18.907190 41.644021 209.544139 14.070832 0.213774
DYNAMIC_OBS_INFO 2 -53.434386 212.500000 0.000000 50.188224 -26.723984 212.500000 18.742676 2.560843
Parent: 560.243895 10.000000 102.000000 0.000000 15.297885 611.217825 -10.000000 2.526278 45.000000 0.000000 0 0 0 0 0 0 0 0
Child: 611.217825 10.000000 101.000000 0.000000 15.147906 619.718032 -10.000000 0.000000 0.000000 0.000000 0 0 0 0 0 0 0 0
Child: 619.718032 20.959187 211.000000 3216.836116 3122.651446 0.000000 -10.000000 0.000000 0.000000 0.000000 1 0 0 0 1 0 0 0
EGO_STATUS 23.420949 214.584127 3.400000 0.443264 15.397539 5.000000 0.569495
DYNAMIC_OBS_INFO 0 1.750000 230.019852 -1.570000 27.385049 1.750000 230.019852 0.000000 0.000000
DYNAMIC_OBS_INFO 1 69.358102 209.500000 3.140000 16.445207 40.235870 209.546382 14.092209 0.213774
DYNAMIC_OBS_INFO 2 -53.434386 212.500000 0.000000 49.725691 -24.836912 212.500000 18.998760 2.560843
Parent: 549.206734 10.000000 102.000000 0.000000 15.297885 598.466590 -10.000000 3.240351 44.000000 0.000000 0 0 0 0 0 0 0 0
Child: 598.466590 10.000000 101.000000 0.000000 15.147906 596.966798 0.000000 0.000000 0.000000 0.000000 0 0 0 0 0 0 0 0
Child: 596.966798 19.415219 196.000000 3150.882071 2875.601312 0.000000 0.000000 0.000000 0.000000 0.000000 1 0 0 0 1 0 0 0
EGO_STATUS 24.812515 215.252952 3.500000 0.447943 15.481430 5.000000 0.838911
DYNAMIC_OBS_INFO 0 1.750000 230.019852 -1.570000 28.235355 1.750000 230.019852 0.000000 0.000000
DYNAMIC_OBS_INFO 1 69.358102 209.500000 3.140000 14.131894 38.825582 209.548628 14.113587 0.213774
DYNAMIC_OBS_INFO 2 -53.434386 212.500000 0.000000 49.243895 -22.924232 212.500000 19.254845 2.560843
Parent: 514.237817 10.000000 102.000000 0.000000 15.297885 561.597675 -10.000000 3.140349 42.000000 0.000000 0 0 0 0 0 0 0 0
Child: 561.597675 10.000000 101.000000 0.000000 15.147906 560.097883 0.000000 0.000000 0.000000 0.000000 0 0 0 0 0 0 0 0
Child: 560.097883 17.881758 180.000000 3150.874870 2587.801180 0.000000 -10.000000 0.000000 0.000000 0.000000 1 0 0 0 1 0 0 0
EGO_STATUS 26.202055 215.901342 3.600000 0.418776 15.187430 3.000000 -2.940000
DYNAMIC_OBS_INFO 0 1.750000 230.019852 -1.570000 29.181785 1.750000 230.019852 0.000000 0.000000
DYNAMIC_OBS_INFO 1 69.358102 209.500000 3.140000 12.010856 37.413157 209.550877 14.134964 0.213774
DYNAMIC_OBS_INFO 2 -53.434386 212.500000 0.000000 48.742398 -20.985943 212.500000 19.510929 2.560843
Parent: 487.259598 10.000000 102.000000 0.000000 15.297885 534.317269 -10.000000 2.442536 41.000000 0.000000 0 0 0 0 0 0 0 0
Child: 534.317269 10.000000 101.000000 0.000000 15.147906 542.817476 -10.000000 0.000000 0.000000 0.000000 0 0 0 0 0 0 0 0
Child: 542.817476 16.377742 165.000000 3182.844514 2285.851077 0.000000 0.000000 0.000000 0.000000 0.000000 1 0 0 0 1 0 0 0
EGO_STATUS 27.594613 216.468742 3.700000 0.347310 14.893430 3.000000 -2.940000
DYNAMIC_OBS_INFO 0 1.750000 230.019852 -1.570000 30.263111 1.750000 230.019852 0.000000 0.000000
DYNAMIC_OBS_INFO 1 69.358102 209.500000 3.140000 10.131007 35.998593 209.553130 14.156341 0.213774
DYNAMIC_OBS_INFO 2 -53.434386 212.500000 0.000000 48.242909 -19.022046 212.500000 19.767013 2.560843
Parent: 594.137104 30.072872 302.000000 12.406143 765.402495 572.708584 -10.000000 2.975078 49.000000 0.000000 0 0 0 0 0 0 0 0
Child: 572.708584 14.236248 144.000000 3135.310799 2758.801108 0.000000 -10.000000 0.000000 0.000000 0.000000 1 0 0 0 0 0 0 0
EGO_STATUS 29.020038 216.897317 3.800000 0.228972 14.893430 4.000000 0.000000
DYNAMIC_OBS_INFO 0 1.750000 230.019852 -1.570000 31.502402 1.750000 230.019852 0.000000 0.000000
DYNAMIC_OBS_INFO 1 69.358102 209.500000 3.140000 8.601280 34.581892 209.555387 14.177719 0.213774
DYNAMIC_OBS_INFO 2 -53.434386 212.500000 0.000000 47.747480 -17.032540 212.500000 20.023098 2.560843
Parent: 403.452912 10.000000 101.000000 0.000000 15.147906 457.039767 -10.000000 2.913352 48.000000 0.000000 0 0 0 0 0 0 0 0
Child: 457.039767 10.000000 102.000000 0.000000 15.297885 465.539975 -10.000000 0.000000 0.000000 0.000000 0 0 0 0 0 0 0 0
Child: 465.539975 10.000000 101.000000 0.000000 15.147906 474.040182 -10.000000 0.000000 0.000000 0.000000 0 0 0 0 0 0 0 0
Child: 474.040182 13.389803 135.000000 3198.587107 1681.650940 0.000000 -10.000000 0.000000 0.000000 0.000000 1 0 0 0 1 0 0 0
EGO_STATUS 30.490764 217.121409 3.900000 0.067648 14.893430 4.000000 0.000000
DYNAMIC_OBS_INFO 0 1.750000 230.019852 -1.570000 32.877863 1.750000 230.019852 0.000000 0.000000
DYNAMIC_OBS_INFO 1 69.358102 209.500000 3.140000 7.622675 33.163053 209.557646 14.199096 0.213774
DYNAMIC_OBS_INFO 2 -53.434386 212.500000 0.000000 47.218455 -15.017426 212.500000 20.279182 2.560843
Parent: 538.355140 30.072872 302.000000 31.302812 765.402495 501.974858 0.000000 3.045128 46.000000 0.000000 0 0 1 0 0 0 0 0
Child: 501.974858 11.299947 114.000000 3136.093893 1928.100951 0.000000 0.000000 0.000000 0.000000 0.000000 1 0 0 0 0 0 0 0
EGO_STATUS 31.977643 217.087585 4.000000 -0.114020 14.893430 4.000000 0.000000
DYNAMIC_OBS_INFO 0 1.750000 230.019852 -1.570000 34.322025 1.750000 230.019852 0.000000 0.000000
DYNAMIC_OBS_INFO 1 69.358102 209.500000 3.140000 7.423533 31.742076 209.559909 14.220474 0.213774
DYNAMIC_OBS_INFO 2 -53.434386 212.500000 0.000000 46.595000 -12.976704 212.500000 20.535266 2.560843
Parent: 380.703675 10.000000 101.000000 0.000000 15.147906 431.460557 -10.000000 2.743325 45.000000 0.000000 0 0 0 0 0 0 0 0
Child: 431.460557 10.000000 102.000000 0.000000 15.297885 439.960765 -10.000000 0.000000 0.000000 0.000000 0 0 0 0 0 0 0 0
Child: 439.960765 20.050978 202.000000 3114.004315 1318.301816 0.000000 0.000000 0.000000 0.000000 0.000000 1 0 0 0 0 0 0 0
EGO_STATUS 33.420268 216.791266 4.100000 -0.287268 14.599430 3.000000 -2.940000
DYNAMIC_OBS_INFO 0 1.750000 230.019852 -1.570000 35.779860 1.750000 230.019852 0.000000 0.000000
DYNAMIC_OBS_INFO 1 69.358102 209.500000 3.140000 8.071768 30.318962 209.562176 14.241851 0.213774
DYNAMIC_OBS_INFO 2 -53.434386 212.500000 0.000000 45.854890 -10.910373 212.500000 20.791350 2.560843
Parent: 336.756187 10.000000 101.000000 0.000000 15.147906 386.613071 -10.000000 2.643324 44.000000 0.000000 0 0 0 0 0 0 0 0
Child: 386.613071 10.000000 102.000000 0.000000 15.297885 395.113278 -10.000000 0.000000 0.000000 0.000000 0 0 0 0 0 0 0 0
Child: 395.113278 18.591018 187.000000 3071.129167 1003.751753 0.000000 -10.000000 0.000000 0.000000 0.000000 1 0 0 0 0 0 0 0
EGO_STATUS 34.788139 216.283775 4.200000 -0.411488 14.599430 4.000000 0.000000
DYNAMIC_OBS_INFO 0 1.750000 230.019852 -1.570000 37.238114 1.750000 230.019852 0.000000 0.000000
DYNAMIC_OBS_INFO 1 69.358102 209.500000 3.140000 9.445161 28.893710 209.564446 14.263228 0.213774
DYNAMIC_OBS_INFO 2 -53.434386 212.500000 0.000000 45.037675 -8.818434 212.500000 21.047435 2.560843
Parent: 309.254097 10.000000 101.000000 0.000000 15.147906 357.210983 -10.000000 2.543321 42.000000 0.000000 0 0 0 0 0 0 0 0
Child: 357.210983 10.000000 102.000000 0.000000 15.297885 365.711190 -10.000000 0.000000 0.000000 0.000000 0 0 0 0 0 0 0 0
Child: 365.711190 17.131041 173.000000 3071.115617 723.051622 0.000000 -10.000000 0.000000 0.000000 0.000000 1 0 0 0 0 0 0 0
EGO_STATUS 36.108210 215.660515 4.300000 -0.457080 14.599430 4.000000 0.000000
DYNAMIC_OBS_INFO 0 1.750000 230.019852 -1.570000 38.696099 1.750000 230.019852 0.000000 0.000000
DYNAMIC_OBS_INFO 1 69.358102 209.500000 3.140000 11.357221 27.466320 209.566719 14.284606 0.213774
DYNAMIC_OBS_INFO 2 -53.434386 212.500000 0.000000 44.197367 -6.700886 212.500000 21.303519 2.560843
TIMEOUT
