Parent: 24.169059 32.626471 328.000000 32.009604 537.986208 2.515490 0.000000 4.955545 40.000000 0.000000 0 0 0 1 0 0 0 0
Child: 2.515490 4.017133 42.000000 20.000000 6.300000 0.000000 0.000000 0.000000 0.000000 0.000000 0 0 1 0 0 0 0 0
EGO_STATUS -1.750000 186.982867 0.000000 1.570796 13.123923 4.000000 0.000000
DYNAMIC_OBS_INFO 0 1.750000 228.504564 -1.570000 40.346684 1.750000 228.504564 0.000000 0.000000
DYNAMIC_OBS_INFO 1 68.919600 209.500000 3.140000 73.778110 68.919600 209.500000 9.033138 0.401770
DYNAMIC_OBS_INFO 2 -31.189672 212.500000 0.000000 38.103170 -31.189672 212.500000 14.649585 2.504768
Parent: 260.259574 10.000000 101.000000 0.000000 15.147906 313.434353 -10.000000 3.325429 48.000000 0.000000 0 0 0 0 0 0 0 0
Child: 313.434353 21.930324 221.000000 3105.019185 235.940030 -8.096496 -10.000000 0.000000 0.000000 0.000000 1 0 0 0 0 0 0 0
Child: -8.096496 10.000000 102.000000 0.000000 15.300000 0.403504 -10.000000 0.000000 0.000000 0.000000 0 0 0 0 0 0 0 0
Child: 0.403504 2.690024 28.000000 0.000000 4.200000 0.000000 0.000000 0.000000 0.000000 0.000000 0 0 0 0 0 0 0 0
EGO_STATUS -1.750000 188.309976 0.100000 1.570796 13.417923 0.000000 2.940000
DYNAMIC_OBS_INFO 0 1.750000 228.504564 -1.570000 39.010123 1.750000 228.504564 0.000000 0.000000
DYNAMIC_OBS_INFO 1 68.919600 209.500000 3.140000 73.403983 68.919600 209.500000 9.033138 0.401770
DYNAMIC_OBS_INFO 2 -31.189672 212.500000 0.000000 37.265748 -31.189672 212.500000 14.649585 2.504768
Parent: 250.958305 10.000000 101.000000 0.000000 15.147906 303.233084 -10.000000 3.225429 47.000000 0.000000 0 0 0 0 0 0 0 0
Child: 303.233084 21.930324 221.000000 3105.019185 235.940030 -18.297765 -10.000000 0.000000 0.000000 0.000000 1 0 0 0 0 0 0 0
Child: -18.297765 10.000000 102.000000 0.000000 15.300000 -9.797765 -10.000000 0.000000 0.000000 0.000000 0 0 0 0 0 0 0 0
Child: -9.797765 1.348232 15.000000 0.000000 2.250000 0.000000 -10.000000 0.000000 0.000000 0.000000 0 0 0 0 0 0 0 0
EGO_STATUS -1.750000 189.651768 0.200000 1.570796 13.417923 4.000000 0.000000
DYNAMIC_OBS_INFO 0 1.750000 228.504564 -1.570000 37.673935 1.750000 228.504564 0.000000 0.000000
DYNAMIC_OBS_INFO 1 68.919600 209.500000 3.140000 73.052588 68.919600 209.500000 9.033138 0.401770
DYNAMIC_OBS_INFO 2 -31.189672 212.500000 0.000000 36.458486 -31.189672 212.500000 14.649585 2.504768
Parent: 261.657037 10.000000 101.000000 0.000000 15.147906 313.031815 -10.000000 3.125429 46.000000 0.000000 0 0 0 0 0 0 0 0
Child: 313.031815 21.930324 221.000000 3105.019185 235.940030 -8.499034 -10.000000 0.000000 0.000000 0.000000 1 0 0 0 0 0 0 0
Child: -8.499034 10.006440 102.000000 0.000003 15.300000 0.000000 -10.000000 0.000000 0.000000 0.000000 0 0 0 0 0 0 0 0
EGO_STATUS -1.750000 190.993560 0.300000 1.570796 13.417923 4.000000 0.000000
DYNAMIC_OBS_INFO 0 1.750000 228.504564 -1.570000 36.338159 1.750000 228.504564 0.000000 0.000000
DYNAMIC_OBS_INFO 1 68.919600 209.500000 3.140000 72.724256 68.919600 209.500000 9.033138 0.401770
DYNAMIC_OBS_INFO 2 -31.189672 212.500000 0.000000 35.683431 -31.189672 212.500000 14.649585 2.504768
Parent: 263.355768 10.000000 101.000000 0.000000 15.147906 312.830546 -10.000000 3.025429 44.000000 0.000000 0 0 0 0 0 0 0 0
Child: 312.830546 21.930324 221.000000 3105.019185 235.940030 -8.700303 -10.000000 0.000000 0.000000 0.000000 1 0 0 0 0 0 0 0
Child: -8.700303 8.664647 88.000000 0.000003 13.200000 0.000000 -10.000000 0.000000 0.000000 0.000000 0 0 0 0 0 0 0 0
EGO_STATUS -1.750000 192.335353 0.400000 1.570796 13.417923 4.000000 0.000000
DYNAMIC_OBS_INFO 0 1.750000 228.504564 -1.570000 35.002844 1.750000 228.504564 0.000000 0.000000
DYNAMIC_OBS_INFO 1 68.919600 209.500000 3.140000 72.419301 68.919600 209.500000 9.033138 0.401770
DYNAMIC_OBS_INFO 2 -31.189672 212.500000 0.000000 34.942727 -31.189672 212.500000 14.649585 2.504768
Parent: 317.114554 32.506211 327.000000 3424.271726 244.516169 3.051190 -10.000000 2.358794 43.000000 0.000000 1 1 1 0 0 0 0 0
Child: 3.051190 7.322855 75.000000 20.000004 11.250000 0.000000 0.000000 0.000000 0.000000 0.000000 0 0 1 0 0 0 0 0
EGO_STATUS -1.750000 193.677145 0.500000 1.570796 13.417923 4.000000 0.000000
DYNAMIC_OBS_INFO 0 1.750000 228.504564 -1.570000 33.653405 1.750000 228.504564 0.000000 0.000000
DYNAMIC_OBS_INFO 1 68.919600 209.500000 3.140000 72.135064 68.919600 209.500000 9.033138 0.401770
DYNAMIC_OBS_INFO 2 -31.189672 212.500000 0.000000 34.231089 -31.189672 212.500000 14.649585 2.504768
Parent: 282.863571 10.000000 101.000000 0.000000 15.147906 329.945982 -10.000000 2.417797 41.000000 0.000000 0 0 0 0 0 0 0 0
Child: 329.945982 21.930324 221.000000 3161.089705 235.940030 -7.148870 0.000000 0.000000 0.000000 0.000000 1 0 1 0 0 0 0 0
Child: -7.148870 5.966344 61.000000 20.000004 9.150000 0.000000 -10.000000 0.000000 0.000000 0.000000 0 0 1 0 0 0 0 0
EGO_STATUS -1.750000 195.033656 0.600000 1.570796 13.711923 0.000000 2.940000
DYNAMIC_OBS_INFO 0 1.750000 228.504564 -1.570000 32.275341 1.750000 228.504564 0.000000 0.000000
DYNAMIC_OBS_INFO 1 68.919600 209.500000 3.140000 71.869954 68.919600 209.500000 9.033138 0.401770
DYNAMIC_OBS_INFO 2 -31.189672 212.500000 0.000000 32.256234 -29.712189 212.500000 14.900062 2.504768
Parent: 309.499544 32.506211 327.000000 3424.271635 244.516169 -7.363809 -10.000000 2.158793 40.000000 0.000000 1 1 1 0 0 0 0 0
Child: -7.363809 4.580442 47.000000 20.000004 7.050000 0.000000 -10.000000 0.000000 0.000000 0.000000 0 0 1 0 0 0 0 0
EGO_STATUS -1.750000 196.419558 0.700000 1.570796 14.005923 0.000000 2.940000
DYNAMIC_OBS_INFO 0 1.750000 228.504564 -1.570000 30.868767 1.750000 228.504564 0.000000 0.000000
DYNAMIC_OBS_INFO 1 68.919600 209.500000 3.140000 71.625888 68.919600 209.500000 9.033138 0.401770
DYNAMIC_OBS_INFO 2 -31.189672 212.500000 0.000000 30.251941 -28.209659 212.500000 15.150538 2.504768
Parent: 312.815121 20.000000 202.000000 270.000000 30.295811 329.348523 0.000000 2.734339 49.000000 0.000000 0 1 1 0 0 0 0 0
Child: 329.348523 21.930324 221.000000 3159.685252 235.940030 -7.606962 0.000000 0.000000 0.000000 0.000000 1 0 1 0 0 0 0 0
Child: -7.606962 3.165141 33.000000 20.000004 4.950000 0.000000 -10.000000 0.000000 0.000000 0.000000 0 0 1 0 0 0 0 0
EGO_STATUS -1.750000 197.834859 0.800000 1.570796 14.299923 0.000000 2.940000
DYNAMIC_OBS_INFO 0 1.750000 228.504564 -1.570000 29.433830 1.750000 228.504564 0.000000 0.000000
DYNAMIC_OBS_INFO 1 68.919600 209.500000 3.140000 71.404829 68.919600 209.500000 9.033138 0.401770
DYNAMIC_OBS_INFO 2 -31.189672 212.500000 0.000000 28.220356 -26.682082 212.500000 15.401015 2.504768
Parent: 267.887330 10.000000 102.000000 0.000000 15.297885 320.663683 -10.000000 2.723855 47.000000 0.000000 0 0 0 0 0 0 0 0
Child: 320.663683 10.000000 101.000000 0.000000 15.147906 329.163890 -10.000000 0.000000 0.000000 0.000000 0 0 0 0 0 0 0 0
Child: 329.163890 21.930324 221.000000 3161.089631 235.940030 -7.930955 0.000000 0.000000 0.000000 0.000000 1 0 1 0 0 0 0 0
Child: -7.930955 1.720431 19.000000 20.000004 2.850000 0.000000 -10.000000 0.000000 0.000000 0.000000 0 0 1 0 0 0 0 0
EGO_STATUS -1.750000 199.279569 0.900000 1.570796 14.593923 0.000000 2.940000
DYNAMIC_OBS_INFO 0 1.750000 228.504564 -1.570000 27.970733 1.750000 228.504564 0.000000 0.000000
DYNAMIC_OBS_INFO 1 68.919600 209.500000 3.140000 71.208782 68.919600 209.500000 9.033138 0.401770
DYNAMIC_OBS_INFO 2 -31.189672 212.500000 0.000000 26.164387 -25.129456 212.500000 15.651492 2.504768
Parent: 314.611026 20.000000 202.000000 270.000000 30.295811 328.363422 0.000000 2.515345 46.000000 0.000000 0 1 1 0 0 0 0 0
Child: 328.363422 21.930324 221.000000 3161.089605 235.940030 -8.731420 0.000000 0.000000 0.000000 0.000000 1 0 1 0 0 0 0 0
Child: -8.731420 0.246326 4.000000 20.000002 0.600000 0.000000 -10.000000 0.000000 0.000000 0.000000 0 0 1 0 0 0 0 0
EGO_STATUS -1.750000 200.753674 1.000000 1.570796 14.887923 0.000000 2.940000
DYNAMIC_OBS_INFO 0 1.750000 228.504564 -1.570000 26.484757 1.750000 228.504564 0.000000 0.000000
DYNAMIC_OBS_INFO 1 68.919600 209.500000 3.140000 70.130115 68.014278 209.501442 9.073315 0.401770
DYNAMIC_OBS_INFO 2 -31.189672 212.500000 0.000000 24.099801 -23.551783 212.500000 15.901969 2.504768
Parent: 269.110225 10.000000 102.000000 0.000000 15.297885 319.086598 -10.000000 2.523835 44.000000 0.000000 0 0 0 0 0 0 0 0
Child: 319.086598 10.000000 101.000000 0.000000 15.147906 327.586805 -10.000000 0.000000 0.000000 0.000000 0 0 0 0 0 0 0 0
Child: 327.586805 20.679186 208.000000 3161.086431 234.504485 0.000000 -10.000000 0.000000 0.000000 0.000000 1 0 1 0 0 0 0 0
EGO_STATUS -1.740009 202.250761 1.100000 1.547391 15.030038 5.000000 1.120625
DYNAMIC_OBS_INFO 0 1.750000 228.504564 -1.570000 24.980762 1.750000 228.504564 0.000000 0.000000
DYNAMIC_OBS_INFO 1 68.919600 209.500000 3.140000 68.994634 67.104939 209.502890 9.113492 0.401770
DYNAMIC_OBS_INFO 2 -31.189672 212.500000 0.000000 22.102189 -21.949063 212.500000 16.152445 2.504768
Parent: 316.158379 20.000000 202.000000 270.000000 30.295811 327.110797 0.000000 2.315323 43.000000 0.000000 0 1 1 0 0 0 0 0
Child: 327.110797 19.170542 193.000000 3161.084962 232.787923 0.000000 -10.000000 0.000000 0.000000 0.000000 1 0 1 0 0 0 0 0
EGO_STATUS -1.649957 203.756256 1.200000 1.466337 15.142103 5.000000 1.120642
DYNAMIC_OBS_INFO 0 1.750000 228.504564 -1.570000 23.462570 1.750000 228.504564 0.000000 0.000000
DYNAMIC_OBS_INFO 1 68.919600 209.500000 3.140000 67.726884 66.191582 209.504345 9.153669 0.401770
DYNAMIC_OBS_INFO 2 -31.189672 212.500000 0.000000 20.259336 -20.321294 212.500000 16.402922 2.504768
Parent: 342.577902 20.000000 202.000000 270.000000 30.295811 361.786160 -10.000000 2.059483 41.000000 0.000000 0 1 1 0 0 0 0 0
Child: 361.786160 17.650662 178.000000 3420.840616 227.630763 0.000000 0.000000 0.000000 0.000000 0.000000 1 1 1 0 0 0 0 0
EGO_STATUS -1.401841 205.254658 1.300000 1.341128 15.254167 5.000000 1.120644
DYNAMIC_OBS_INFO 0 1.750000 228.504564 -1.570000 21.948179 1.750000 228.504564 0.000000 0.000000
DYNAMIC_OBS_INFO 1 68.919600 209.500000 3.140000 66.270765 65.274208 209.505806 9.193846 0.401770
DYNAMIC_OBS_INFO 2 -31.189672 212.500000 0.000000 18.648270 -18.668478 212.500000 16.653399 2.504768
Parent: 330.993496 20.000000 202.000000 270.000000 30.295811 349.301759 -10.000000 1.959478 40.000000 0.000000 0 1 1 0 0 0 0 0
Child: 349.301759 16.110441 163.000000 3420.839298 214.454526 0.000000 -10.000000 0.000000 0.000000 0.000000 1 1 1 0 0 0 0 0
EGO_STATUS -0.938046 206.721613 1.400000 1.184328 15.548167 0.000000 2.940000
DYNAMIC_OBS_INFO 0 1.750000 228.504564 -1.570000 20.483632 1.750000 228.504564 0.000000 0.000000
DYNAMIC_OBS_INFO 1 68.919600 209.500000 3.140000 64.590116 64.352816 209.507273 9.234023 0.401770
DYNAMIC_OBS_INFO 2 -31.189672 212.500000 0.000000 17.331887 -16.990615 212.500000 16.903876 2.504768
Parent: 320.192297 10.000000 101.000000 0.000000 15.147906 375.087740 -10.000000 2.604764 49.000000 0.000000 0 0 0 0 0 0 0 0
Child: 375.087740 20.000000 202.000000 250.000000 30.295811 347.335680 0.000000 0.000000 0.000000 0.000000 0 1 0 0 0 0 0 0
Child: 347.335680 14.540845 147.000000 3420.835296 191.633153 0.000000 -10.000000 0.000000 0.000000 0.000000 1 1 1 0 0 0 0 0
EGO_STATUS -0.222317 208.116108 1.500000 1.007166 15.842167 0.000000 2.940000
DYNAMIC_OBS_INFO 0 1.750000 228.504564 -1.570000 19.149916 1.750000 228.504564 0.000000 0.000000
DYNAMIC_OBS_INFO 1 68.919600 209.500000 3.140000 62.675161 63.427406 209.508747 9.274200 0.401770
DYNAMIC_OBS_INFO 2 -31.189672 212.500000 0.000000 16.340578 -15.287703 212.500000 17.154352 2.504768
Parent: 740.842330 10.000000 101.000000 270.000000 2055.350685 566.378848 -10.000000 2.230741 48.000000 0.000000 0 1 1 0 0 0 0 0
Child: 566.378848 33.310621 335.000000 3420.834840 2375.722114 0.000000 -10.000000 0.000000 0.000000 0.000000 1 1 1 0 0 0 0 0
EGO_STATUS 0.752376 209.380651 1.600000 0.821100 16.136167 0.000000 2.940000
DYNAMIC_OBS_INFO 0 1.750000 228.504564 -1.570000 18.043200 1.750000 228.504564 0.000000 0.000000
DYNAMIC_OBS_INFO 1 68.919600 209.500000 3.140000 60.539371 62.497978 209.510227 9.314377 0.401770
DYNAMIC_OBS_INFO 2 -31.189672 212.500000 0.000000 15.658946 -13.559744 212.500000 17.404829 2.504768
Parent: 780.065986 51.635209 518.000000 3417.677786 5044.327203 0.000000 -10.000000 2.557503 56.000000 0.000000 1 1 1 0 0 0 0 0
EGO_STATUS 1.966099 210.462658 1.700000 0.636946 16.430167 0.000000 2.940000
DYNAMIC_OBS_INFO 0 1.750000 228.504564 -1.570000 17.254717 1.750000 228.504564 0.000000 0.000000
DYNAMIC_OBS_INFO 1 68.919600 209.500000 3.140000 58.214519 61.564533 209.511714 9.354554 0.401770
DYNAMIC_OBS_INFO 2 -31.189672 212.500000 0.000000 15.230306 -11.806737 212.500000 17.655306 2.504768
Parent: 919.870315 20.000000 201.000000 270.000000 4090.351363 548.544250 -10.000000 2.460258 55.000000 0.000000 0 1 1 0 0 0 0 0
Child: 548.544250 30.043485 302.000000 3406.417880 2208.122572 0.000000 -10.000000 0.000000 0.000000 0.000000 1 1 1 0 0 0 0 0
EGO_STATUS 3.378319 211.326850 1.800000 0.464789 16.724167 0.000000 2.940000
DYNAMIC_OBS_INFO 0 1.750000 228.504564 -1.570000 16.846669 1.750000 228.504564 0.000000 0.000000
DYNAMIC_OBS_INFO 1 68.919600 209.500000 3.140000 55.741575 60.627070 209.513207 9.394731 0.401770
DYNAMIC_OBS_INFO 2 -31.189672 212.500000 0.000000 14.977663 -10.028683 212.500000 17.905783 2.504768
Parent: 831.210343 10.000000 101.000000 270.000000 2055.350685 661.621413 -10.000000 2.356189 53.000000 0.000000 0 1 1 0 0 0 0 0
Child: 661.621413 38.258912 384.000000 3388.200519 3352.781076 0.000000 -10.000000 0.000000 0.000000 0.000000 1 1 1 0 0 0 0 0
EGO_STATUS 4.939334 211.962545 1.900000 0.313187 17.018167 0.000000 2.940000
DYNAMIC_OBS_INFO 0 1.750000 228.504564 -1.570000 16.834696 1.750000 228.504564 0.000000 0.000000
DYNAMIC_OBS_INFO 1 68.919600 209.500000 3.140000 53.160995 59.685589 209.514707 9.434908 0.401770
DYNAMIC_OBS_INFO 2 -31.189672 212.500000 0.000000 14.828130 -8.225581 212.500000 18.156260 2.504768
Parent: 826.911544 10.000000 101.000000 270.000000 2055.350685 656.422614 -10.000000 2.256189 52.000000 0.000000 0 1 1 0 0 0 0 0
Child: 656.422614 36.542388 367.000000 3364.010562 3328.959228 0.000000 -10.000000 0.000000 0.000000 0.000000 1 1 1 0 0 0 0 0
EGO_STATUS 6.602097 212.384262 2.000000 0.189042 17.312167 0.000000 2.940000
DYNAMIC_OBS_INFO 0 1.750000 228.504564 -1.570000 17.186257 1.750000 228.504564 0.000000 0.000000
DYNAMIC_OBS_INFO 1 68.919600 209.500000 3.140000 50.505735 58.740091 209.516212 9.475085 0.401770
DYNAMIC_OBS_INFO 2 -31.189672 212.500000 0.000000 14.728293 -6.397431 212.500000 18.406736 2.504768
Parent: 825.001551 10.000000 101.000000 270.000000 2055.350685 652.612622 -10.000000 2.156189 50.000000 0.000000 0 1 1 0 0 0 0 0
Child: 652.612622 34.796473 349.000000 3336.278189 3309.562085 0.000000 -10.000000 0.000000 0.000000 0.000000 1 1 1 0 0 0 0 0
EGO_STATUS 8.330306 212.627946 2.100000 0.096996 17.606167 0.000000 2.940000
DYNAMIC_OBS_INFO 0 1.750000 228.504564 -1.570000 17.837523 1.750000 228.504564 0.000000 0.000000
DYNAMIC_OBS_INFO 1 68.919600 209.500000 3.140000 47.797872 57.790575 209.517725 9.515262 0.401770
DYNAMIC_OBS_INFO 2 -31.189672 212.500000 0.000000 14.647891 -4.544233 212.500000 18.657213 2.504768
Parent: 1017.963109 20.000000 201.000000 270.000000 4090.351363 649.633685 -10.000000 2.463616 58.000000 0.000000 0 1 1 0 0 0 0 0
Child: 649.633685 33.021168 332.000000 3320.257921 3311.802629 0.000000 -10.000000 0.000000 0.000000 0.000000 1 1 1 0 0 0 0 0
EGO_STATUS 10.101642 212.742987 2.200000 0.038424 17.900167 0.000000 2.940000
DYNAMIC_OBS_INFO 0 1.750000 228.504564 -1.570000 18.716003 1.750000 228.504564 0.000000 0.000000
DYNAMIC_OBS_INFO 1 68.919600 209.500000 3.140000 45.049621 56.837041 209.519243 9.555439 0.401770
DYNAMIC_OBS_INFO 2 -31.189672 212.500000 0.000000 14.574597 -2.665988 212.500000 18.907690 2.504768
Parent: 1019.350312 20.000000 201.000000 270.000000 4090.351363 649.120888 -10.000000 2.363617 56.000000 0.000000 0 1 1 0 0 0 0 0
Child: 649.120888 31.216468 314.000000 3320.257765 3309.703001 0.000000 -10.000000 0.000000 0.000000 0.000000 1 1 1 0 0 0 0 0
EGO_STATUS 11.905848 212.783638 2.300000 0.011735 18.194167 0.000000 2.940000
DYNAMIC_OBS_INFO 0 1.750000 228.504564 -1.570000 19.756416 1.750000 228.504564 0.000000 0.000000
DYNAMIC_OBS_INFO 1 68.919600 209.500000 3.140000 42.267195 55.879489 209.520768 9.595616 0.401770
DYNAMIC_OBS_INFO 2 -31.189672 212.500000 0.000000 14.505725 -0.762695 212.500000 19.158167 2.504768
Parent: 1007.214592 49.761390 499.000000 3352.507258 7376.654832 0.000000 -10.000000 2.278679 55.000000 0.000000 1 1 1 0 0 0 0 0
EGO_STATUS 13.739878 212.802373 2.400000 0.012861 18.488167 0.000000 2.940000
DYNAMIC_OBS_INFO 0 1.750000 228.504564 -1.570000 20.907558 1.750000 228.504564 0.000000 0.000000
DYNAMIC_OBS_INFO 1 68.919600 209.500000 3.140000 39.455198 54.917920 209.522300 9.635793 0.401770
DYNAMIC_OBS_INFO 2 -31.189672 212.500000 0.000000 14.441351 1.165645 212.500000 19.408643 2.504768
Parent: 1010.462265 47.897724 480.000000 3352.506525 7383.204461 0.000000 -10.000000 2.178673 53.000000 0.000000 1 1 1 0 0 0 0 0
EGO_STATUS 15.602876 212.844941 2.500000 0.035823 18.782167 0.000000 2.940000
DYNAMIC_OBS_INFO 0 1.750000 228.504564 -1.570000 22.133242 1.750000 228.504564 0.000000 0.000000
DYNAMIC_OBS_INFO 1 68.919600 209.500000 3.140000 36.619741 53.952333 209.523838 9.675970 0.401770
DYNAMIC_OBS_INFO 2 -31.189672 212.500000 0.000000 14.380844 3.119033 212.500000 19.659120 2.504768
Parent: 1029.715420 20.000000 201.000000 270.000000 4090.351363 654.785450 -10.000000 2.064163 51.000000 0.000000 0 1 1 0 0 0 0 0
Child: 654.785450 25.639642 258.000000 3326.329617 3363.102572 0.000000 -10.000000 0.000000 0.000000 0.000000 1 1 1 0 0 0 0 0
EGO_STATUS 17.492931 212.946912 2.600000 0.073790 19.076167 0.000000 2.940000
DYNAMIC_OBS_INFO 0 1.750000 228.504564 -1.570000 23.410501 1.750000 228.504564 0.000000 0.000000
DYNAMIC_OBS_INFO 1 68.919600 209.500000 3.140000 33.769747 52.982729 209.525382 9.716147 0.401770
DYNAMIC_OBS_INFO 2 -31.189672 212.500000 0.000000 14.322626 5.097469 212.500000 19.909597 2.504768
Parent: 1160.107012 53.955883 541.000000 3331.461145 8968.754660 0.000000 -10.000000 2.362089 59.000000 0.000000 1 1 1 0 0 0 0 0
EGO_STATUS 19.406140 213.132111 2.700000 0.119805 19.370167 0.000000 2.940000
DYNAMIC_OBS_INFO 0 1.750000 228.504564 -1.570000 24.728354 1.750000 228.504564 0.000000 0.000000
DYNAMIC_OBS_INFO 1 68.919600 209.500000 3.140000 30.916403 52.009106 209.526933 9.756324 0.401770
DYNAMIC_OBS_INFO 2 -31.189672 212.500000 0.000000 14.265821 7.100953 212.500000 20.160074 2.504768
Parent: 1226.437977 30.000000 301.000000 270.000000 6125.352041 653.774139 -10.000000 2.253336 57.000000 0.000000 0 1 1 0 0 0 0 0
Child: 653.774139 21.773939 219.000000 3332.319056 3343.851907 0.000000 -10.000000 0.000000 0.000000 0.000000 1 1 1 0 0 0 0 0
EGO_STATUS 21.337656 213.411014 2.800000 0.166290 19.664167 0.000000 2.940000
DYNAMIC_OBS_INFO 0 1.750000 228.504564 -1.570000 26.087328 1.750000 228.504564 0.000000 0.000000
DYNAMIC_OBS_INFO 1 68.919600 209.500000 3.140000 28.071096 51.031466 209.528490 9.796501 0.401770
DYNAMIC_OBS_INFO 2 -31.189672 212.500000 0.000000 14.212315 9.129484 212.500000 20.410551 2.504768
Parent: 1378.934167 10.000000 102.000000 270.000000 2075.700691 1221.433994 -10.000000 2.529517 65.000000 0.000000 0 1 1 0 0 0 0 0
Child: 1221.433994 49.890252 500.000000 3334.325029 9007.103875 0.000000 -10.000000 0.000000 0.000000 0.000000 1 1 1 0 0 0 0 0
EGO_STATUS 23.284098 213.779370 2.900000 0.205971 19.958167 0.000000 2.940000
DYNAMIC_OBS_INFO 0 1.750000 228.504564 -1.570000 27.497940 1.750000 228.504564 0.000000 0.000000
DYNAMIC_OBS_INFO 1 68.919600 209.500000 3.140000 25.243195 50.049809 209.530053 9.836678 0.401770
DYNAMIC_OBS_INFO 2 -31.189672 212.500000 0.000000 14.167519 11.183063 212.500000 20.661027 2.504768
Parent: 1411.835831 40.000000 402.000000 270.000000 8180.702725 641.543764 -10.000000 2.426124 63.000000 0.000000 0 1 1 0 0 0 0 0
Child: 641.543764 17.786814 179.000000 3336.747170 3220.151385 0.000000 -10.000000 0.000000 0.000000 0.000000 1 1 1 0 0 0 0 0
EGO_STATUS 25.245915 214.218952 3.000000 0.232017 20.252167 0.000000 2.940000
DYNAMIC_OBS_INFO 0 1.750000 228.504564 -1.570000 28.978782 1.750000 228.504564 0.000000 0.000000
DYNAMIC_OBS_INFO 1 68.919600 209.500000 3.140000 22.438454 49.064133 209.531623 9.876855 0.401770
DYNAMIC_OBS_INFO 2 -31.189672 212.500000 0.000000 14.138949 13.261689 212.500000 20.911504 2.504768
Parent: 1395.097156 40.000000 402.000000 270.000000 8180.702725 622.905090 -10.000000 2.326124 61.000000 0.000000 0 1 1 0 0 0 0 0
Child: 622.905090 15.746885 159.000000 3336.740316 3053.851176 0.000000 -10.000000 0.000000 0.000000 0.000000 1 1 1 0 0 0 0 0
EGO_STATUS 27.228667 214.698502 3.100000 0.239089 20.546167 0.000000 2.940000
DYNAMIC_OBS_INFO 0 1.750000 228.504564 -1.570000 30.552086 1.750000 228.504564 0.000000 0.000000
DYNAMIC_OBS_INFO 1 68.919600 209.500000 3.140000 19.660022 48.074440 209.533199 9.917032 0.401770
DYNAMIC_OBS_INFO 2 -31.189672 212.500000 0.000000 14.132384 15.365364 212.500000 21.161981 2.504768
Parent: 1557.067911 50.000000 502.000000 270.000000 10215.703403 589.090745 -10.000000 2.584397 69.000000 0.000000 0 1 1 0 0 0 0 0
Child: 589.090745 13.677559 138.000000 3336.736814 2707.800986 0.000000 -10.000000 0.000000 0.000000 0.000000 1 1 1 0 0 0 0 0
EGO_STATUS 29.241899 215.176945 3.200000 0.223654 20.840167 0.000000 2.940000
DYNAMIC_OBS_INFO 0 1.750000 228.504564 -1.570000 32.238642 1.750000 228.504564 0.000000 0.000000
DYNAMIC_OBS_INFO 1 68.919600 209.500000 3.140000 16.912167 47.080729 209.534782 9.957209 0.401770
DYNAMIC_OBS_INFO 2 -31.189672 212.500000 0.000000 14.147247 17.494086 212.500000 21.412458 2.504768
Parent: 1521.169768 40.000000 402.000000 270.000000 8180.702725 754.819394 -10.000000 2.484431 67.000000 0.000000 0 1 1 0 0 0 0 0
Child: 754.819394 21.579807 217.000000 3336.640581 4354.151500 0.000000 -10.000000 0.000000 0.000000 0.000000 1 1 1 0 0 0 0 0
EGO_STATUS 31.296056 215.606478 3.300000 0.185102 21.134167 0.000000 2.940000
DYNAMIC_OBS_INFO 0 1.750000 228.504564 -1.570000 34.049850 1.750000 228.504564 0.000000 0.000000
DYNAMIC_OBS_INFO 1 68.919600 209.500000 3.140000 14.210845 46.083001 209.536371 9.997386 0.401770
DYNAMIC_OBS_INFO 2 -31.189672 212.500000 0.000000 14.173647 19.647855 212.500000 21.662934 2.504768
Parent: 1481.096928 50.000000 502.000000 270.000000 10215.703403 509.319761 -10.000000 2.384398 65.000000 0.000000 0 1 1 0 0 0 0 0
Child: 509.319761 9.450754 96.000000 3336.607968 1938.600658 0.000000 -10.000000 0.000000 0.000000 0.000000 1 1 1 0 0 0 0 0
EGO_STATUS 33.397386 215.941315 3.400000 0.129044 21.428167 0.000000 2.940000
DYNAMIC_OBS_INFO 0 1.750000 228.504564 -1.570000 35.980665 1.750000 228.504564 0.000000 0.000000
DYNAMIC_OBS_INFO 1 68.919600 209.500000 3.140000 11.606634 45.081255 209.537966 10.037563 0.401770
DYNAMIC_OBS_INFO 2 -31.189672 212.500000 0.000000 14.195549 21.826672 212.500000 21.913411 2.504768
Parent: 1440.292415 50.000000 502.000000 270.000000 10215.703403 466.615248 -10.000000 2.284398 63.000000 0.000000 0 1 1 0 0 0 0 0
Child: 466.615248 7.293231 74.000000 3332.726204 1503.200503 0.000000 -10.000000 0.000000 0.000000 0.000000 1 1 1 0 0 0 0 0
EGO_STATUS 35.544166 216.152941 3.500000 0.068189 21.722167 0.000000 2.940000
DYNAMIC_OBS_INFO 0 1.750000 228.504564 -1.570000 38.010340 1.750000 228.504564 0.000000 0.000000
DYNAMIC_OBS_INFO 1 68.919600 209.500000 3.140000 9.232483 44.075491 209.539568 10.077740 0.401770
DYNAMIC_OBS_INFO 2 -31.189672 212.500000 0.000000 14.201041 24.030537 212.500000 22.163888 2.504768
Parent: 1213.777728 30.000000 302.000000 270.000000 4605.503042 798.267503 -10.000000 2.188731 61.000000 0.000000 0 1 1 0 0 0 0 0
Child: 798.267503 25.229563 254.000000 3396.474995 4740.801975 0.000000 -10.000000 0.000000 0.000000 0.000000 1 1 1 0 0 0 0 0
EGO_STATUS 37.728936 216.244789 3.600000 0.019398 22.016167 0.000000 2.940000
DYNAMIC_OBS_INFO 0 1.750000 228.504564 -1.570000 40.110749 1.750000 228.504564 0.000000 0.000000
DYNAMIC_OBS_INFO 1 68.919600 209.500000 3.140000 7.405476 43.065709 209.541176 10.117917 0.401770
DYNAMIC_OBS_INFO 2 -31.189672 212.500000 0.000000 14.192062 26.259450 212.500000 22.414365 2.504768
Parent: 796.216385 50.000000 502.000000 270.000000 2484.905205 597.386186 -10.000000 2.437251 68.000000 0.000000 0 1 1 0 0 0 0 0
Child: 597.386186 10.217552 104.000000 3565.124659 1842.800868 76.080798 -10.000000 0.000000 0.000000 0.000000 1 1 1 0 1 0 0 0
Child: 76.080798 2.889995 30.000000 283.073742 610.500203 0.000000 -10.000000 0.000000 0.000000 0.000000 0 1 1 0 0 0 0 0
EGO_STATUS 39.945173 216.257077 3.700000 -0.003540 22.310167 0.000000 2.940000
DONE
FINISHED
