Parent: -37.818201 12.009971 122.000000 13.483214 21.095592 -5.777623 -10.000000 4.555403 30.000000 0.000000 0 0 0 0 0 0 0 0
Child: -5.777623 10.000000 101.000000 20.000000 15.147360 -9.257560 0.000000 0.000000 0.000000 0.000000 0 0 0 1 0 0 0 0
Child: -9.257560 4.949600 51.000000 0.000000 7.650000 0.000000 -10.000000 0.000000 0.000000 0.000000 0 0 0 0 0 0 0 0
EGO_STATUS -1.750000 187.050400 0.000000 1.570796 12.727164 4.000000 0.000000
DYNAMIC_OBS_INFO 0 1.750000 228.779024 -1.570000 40.607025 1.750000 228.779024 0.000000 0.000000
DYNAMIC_OBS_INFO 1 25.114765 209.500000 3.140000 34.207836 25.114765 209.500000 13.643452 2.797535
DYNAMIC_OBS_INFO 2 -44.220699 212.500000 0.000000 48.870052 -44.220699 212.500000 15.977774 2.504368
Parent: 252.676430 10.651837 108.000000 29.444217 17.374551 282.062523 0.000000 4.996260 39.000000 0.000000 0 0 1 0 0 0 0 0
Child: 282.062523 12.009971 122.000000 3026.486451 21.095592 -7.948729 -10.000000 0.000000 0.000000 0.000000 1 0 0 0 0 0 0 0
Child: -7.948729 10.000000 101.000000 0.000000 15.147360 0.551533 -10.000000 0.000000 0.000000 0.000000 0 0 0 0 0 0 0 0
Child: 0.551533 3.676884 38.000000 0.000000 5.700000 0.000000 0.000000 0.000000 0.000000 0.000000 0 0 0 0 0 0 0 0
EGO_STATUS -1.750000 188.323116 0.100000 1.570796 12.727164 4.000000 0.000000
DYNAMIC_OBS_INFO 0 1.750000 228.779024 -1.570000 39.353862 1.750000 228.779024 0.000000 0.000000
DYNAMIC_OBS_INFO 1 25.114765 209.500000 3.140000 33.443651 25.114765 209.500000 13.643452 2.797535
DYNAMIC_OBS_INFO 2 -44.220699 212.500000 0.000000 48.260086 -44.220699 212.500000 15.977774 2.504368
Parent: 243.387728 10.651837 108.000000 29.444143 17.374551 271.873817 0.000000 4.896271 38.000000 0.000000 0 0 1 0 0 0 0 0
Child: 271.873817 12.009971 122.000000 3026.486383 21.095592 -18.137428 -10.000000 0.000000 0.000000 0.000000 1 0 0 0 0 0 0 0
Child: -18.137428 10.000000 101.000000 0.000000 15.147360 -9.637166 -10.000000 0.000000 0.000000 0.000000 0 0 0 0 0 0 0 0
Child: -9.637166 2.418891 26.000000 0.000000 3.900000 0.000000 -10.000000 0.000000 0.000000 0.000000 0 0 0 0 0 0 0 0
EGO_STATUS -1.750000 189.581109 0.200000 1.570796 12.433164 3.000000 -2.940000
DYNAMIC_OBS_INFO 0 1.750000 228.779024 -1.570000 38.130292 1.750000 228.779024 0.000000 0.000000
DYNAMIC_OBS_INFO 1 25.114765 209.500000 3.140000 32.726789 25.114765 209.500000 13.643452 2.797535
DYNAMIC_OBS_INFO 2 -44.220699 212.500000 0.000000 47.688879 -44.220699 212.500000 15.977774 2.504368
Parent: 244.103437 10.651837 108.000000 29.444078 17.374551 271.689522 0.000000 4.796281 37.000000 0.000000 0 0 1 0 0 0 0 0
Child: 271.689522 12.009971 122.000000 3026.486324 21.095592 -18.321717 -10.000000 0.000000 0.000000 0.000000 1 0 0 0 0 0 0 0
Child: -18.321717 10.000000 101.000000 0.000000 15.147360 -9.821456 -10.000000 0.000000 0.000000 0.000000 0 0 0 0 0 0 0 0
Child: -9.821456 1.190295 13.000000 0.000000 1.950000 0.000000 -10.000000 0.000000 0.000000 0.000000 0 0 0 0 0 0 0 0
EGO_STATUS -1.750000 190.809705 0.300000 1.570796 12.139164 3.000000 -2.940000
DYNAMIC_OBS_INFO 0 1.750000 228.779024 -1.570000 36.936310 1.750000 228.779024 0.000000 0.000000
DYNAMIC_OBS_INFO 1 25.114765 209.500000 3.140000 32.057039 25.114765 209.500000 13.643452 2.797535
DYNAMIC_OBS_INFO 2 -44.220699 212.500000 0.000000 47.155540 -44.220699 212.500000 15.977774 2.504368
Parent: 255.823529 10.651837 108.000000 29.444051 17.374551 281.509613 0.000000 4.696285 35.000000 0.000000 0 0 1 0 0 0 0 0
Child: 281.509613 12.009971 122.000000 3026.486299 21.095592 -8.501624 -10.000000 0.000000 0.000000 0.000000 1 0 0 0 0 0 0 0
Child: -8.501624 9.991087 101.000000 0.000000 15.147100 0.000000 -10.000000 0.000000 0.000000 0.000000 0 0 0 0 0 0 0 0
EGO_STATUS -1.750000 192.008913 0.400000 1.570796 11.845164 3.000000 -2.940000
DYNAMIC_OBS_INFO 0 1.750000 228.779024 -1.570000 35.771953 1.750000 228.779024 0.000000 0.000000
DYNAMIC_OBS_INFO 1 25.114765 209.500000 3.140000 31.434062 25.114765 209.500000 13.643452 2.797535
DYNAMIC_OBS_INFO 2 -44.220699 212.500000 0.000000 46.659112 -44.220699 212.500000 15.977774 2.504368
Parent: 287.017608 22.254332 224.000000 3125.660862 148.594773 3.283197 -10.000000 2.438101 34.000000 0.000000 1 0 1 0 0 0 0 0
Child: 3.283197 8.821294 90.000000 20.000000 13.497100 0.000000 0.000000 0.000000 0.000000 0.000000 0 0 1 0 0 0 0 0
EGO_STATUS -1.750000 193.178706 0.500000 1.570796 11.551164 3.000000 -2.940000
DYNAMIC_OBS_INFO 0 1.750000 228.779024 -1.570000 34.617680 1.750000 228.779024 0.000000 0.000000
DYNAMIC_OBS_INFO 1 25.114765 209.500000 3.140000 30.847685 25.114765 209.500000 13.643452 2.797535
DYNAMIC_OBS_INFO 2 -44.220699 212.500000 0.000000 46.190821 -44.220699 212.500000 15.977774 2.504368
Parent: 277.747742 22.254332 224.000000 3125.660851 148.594773 -6.886667 -10.000000 2.338100 33.000000 0.000000 1 0 1 0 0 0 0 0
Child: -6.886667 7.661269 78.000000 20.000000 11.697100 0.000000 -10.000000 0.000000 0.000000 0.000000 0 0 1 0 0 0 0 0
EGO_STATUS -1.750000 194.338731 0.600000 1.570796 11.649164 2.000000 0.980000
DYNAMIC_OBS_INFO 0 1.750000 228.779024 -1.570000 33.454059 1.750000 228.779024 0.000000 0.000000
DYNAMIC_OBS_INFO 1 25.114765 209.500000 3.140000 30.289869 25.114765 209.500000 13.643452 2.797535
DYNAMIC_OBS_INFO 2 -44.220699 212.500000 0.000000 44.252474 -42.610400 212.500000 16.228211 2.504368
Parent: 278.474944 22.254332 224.000000 3125.660842 148.594773 -7.059464 -10.000000 2.238100 32.000000 0.000000 1 0 1 0 0 0 0 0
Child: -7.059464 6.491445 66.000000 20.000000 9.897100 0.000000 -10.000000 0.000000 0.000000 0.000000 0 0 1 0 0 0 0 0
EGO_STATUS -1.750000 195.508555 0.700000 1.570796 11.747164 2.000000 0.980000
DYNAMIC_OBS_INFO 0 1.750000 228.779024 -1.570000 32.281147 1.750000 228.779024 0.000000 0.000000
DYNAMIC_OBS_INFO 1 25.114765 209.500000 3.140000 29.763374 25.114765 209.500000 13.643452 2.797535
DYNAMIC_OBS_INFO 2 -44.220699 212.500000 0.000000 42.292066 -40.975057 212.500000 16.478648 2.504368
Parent: 279.162472 22.254332 224.000000 3125.660835 148.594773 -7.271935 -10.000000 2.138099 31.000000 0.000000 1 0 1 0 0 0 0 0
Child: -7.271935 5.311823 55.000000 20.000000 8.247100 0.000000 -10.000000 0.000000 0.000000 0.000000 0 0 1 0 0 0 0 0
EGO_STATUS -1.750000 196.688177 0.800000 1.570796 11.845164 2.000000 0.980000
DYNAMIC_OBS_INFO 0 1.750000 228.779024 -1.570000 31.099006 1.750000 228.779024 0.000000 0.000000
DYNAMIC_OBS_INFO 1 25.114765 209.500000 3.140000 29.271076 25.114765 209.500000 13.643452 2.797535
DYNAMIC_OBS_INFO 2 -44.220699 212.500000 0.000000 40.310286 -39.314670 212.500000 16.729085 2.504368
Parent: 279.869885 22.254332 224.000000 3125.660830 148.594773 -7.464521 -10.000000 2.038099 30.000000 0.000000 1 0 1 0 0 0 0 0
Child: -7.464521 4.122403 43.000000 20.000000 6.447100 0.000000 -10.000000 0.000000 0.000000 0.000000 0 0 1 0 0 0 0 0
EGO_STATUS -1.750000 197.877597 0.900000 1.570796 11.943164 2.000000 0.980000
DYNAMIC_OBS_INFO 0 1.750000 228.779024 -1.570000 29.907713 1.750000 228.779024 0.000000 0.000000
DYNAMIC_OBS_INFO 1 25.114765 209.500000 3.140000 28.815940 25.114765 209.500000 13.643452 2.797535
DYNAMIC_OBS_INFO 2 -44.220699 212.500000 0.000000 38.307986 -37.629240 212.500000 16.979522 2.504368
Parent: 275.286030 10.000000 101.000000 0.000000 15.147906 319.393076 -10.000000 2.393162 38.000000 0.000000 0 0 0 0 0 0 0 0
Child: 319.393076 22.254332 224.000000 3143.503234 148.594773 -7.675868 0.000000 0.000000 0.000000 0.000000 1 0 1 0 0 0 0 0
Child: -7.675868 2.923187 31.000000 20.000000 4.647100 0.000000 -10.000000 0.000000 0.000000 0.000000 0 0 1 0 0 0 0 0
EGO_STATUS -1.750000 199.076813 1.000000 1.570796 12.041164 2.000000 0.980000
DYNAMIC_OBS_INFO 0 1.750000 228.779024 -1.570000 28.707350 1.750000 228.779024 0.000000 0.000000
DYNAMIC_OBS_INFO 1 25.114765 209.500000 3.140000 28.400994 25.114765 209.500000 13.643452 2.797535
DYNAMIC_OBS_INFO 2 -44.220699 212.500000 0.000000 36.286230 -35.918766 212.500000 17.229959 2.504368
Parent: 275.923149 10.000000 101.000000 0.000000 15.147906 319.130195 -10.000000 2.293162 37.000000 0.000000 0 0 0 0 0 0 0 0
Child: 319.130195 22.254332 224.000000 3143.503232 148.594773 -7.938749 0.000000 0.000000 0.000000 0.000000 1 0 1 0 0 0 0 0
Child: -7.938749 1.714168 19.000000 20.000000 2.847100 0.000000 -10.000000 0.000000 0.000000 0.000000 0 0 1 0 0 0 0 0
EGO_STATUS -1.750000 200.285832 1.100000 1.570796 12.139164 2.000000 0.980000
DYNAMIC_OBS_INFO 0 1.750000 228.779024 -1.570000 27.498023 1.750000 228.779024 0.000000 0.000000
DYNAMIC_OBS_INFO 1 25.114765 209.500000 3.140000 28.029291 25.114765 209.500000 13.643452 2.797535
DYNAMIC_OBS_INFO 2 -44.220699 212.500000 0.000000 34.246361 -34.183248 212.500000 17.480395 2.504368
Parent: 276.487167 10.000000 101.000000 0.000000 15.147906 318.794213 -10.000000 2.193161 36.000000 0.000000 0 0 0 0 0 0 0 0
Child: 318.794213 22.254332 224.000000 3143.503228 148.594773 -8.274730 0.000000 0.000000 0.000000 0.000000 1 0 1 0 0 0 0 0
Child: -8.274730 0.495346 6.000000 20.000000 0.897741 0.000000 -10.000000 0.000000 0.000000 0.000000 0 0 1 0 0 0 0 0
EGO_STATUS -1.750000 201.504654 1.200000 1.570796 12.237164 2.000000 0.980000
DYNAMIC_OBS_INFO 0 1.750000 228.779024 -1.570000 26.276428 1.750000 228.779024 0.000000 0.000000
DYNAMIC_OBS_INFO 1 25.114765 209.500000 3.140000 27.700593 25.114765 209.500000 13.643452 2.797535
DYNAMIC_OBS_INFO 2 -44.220699 212.500000 0.000000 32.191625 -32.422687 212.500000 17.730832 2.504368
Parent: 46107.752266 10.000000 101.000000 270.000000 1540.251017 45971.446567 -10.000000 2.072925 35.000000 0.000000 0 1 1 0 0 0 0 0
Child: 45971.446567 22.102707 223.000000 463377.416787 440.550090 0.000000 0.000000 0.000000 0.000000 0.000000 1 1 1 0 0 0 0 46
EGO_STATUS -1.747410 202.736390 1.300000 1.560544 12.439470 5.000000 2.730501
DYNAMIC_OBS_INFO 0 1.750000 228.779024 -1.570000 25.024244 1.750000 228.779024 0.000000 0.000000
DYNAMIC_OBS_INFO 1 25.114765 209.500000 3.140000 27.376451 25.114765 209.500000 13.643452 2.797535
DYNAMIC_OBS_INFO 2 -44.220699 212.500000 0.000000 30.159127 -30.637082 212.500000 17.981269 2.504368
Parent: 60324.102568 10.000000 101.000000 10270.000000 2055.350685 59135.718166 0.000000 2.052651 34.000000 0.000000 0 1 1 0 0 0 0 1
Child: 59135.718166 21.577158 217.000000 593152.249502 1571.625511 0.000000 0.000000 0.000000 0.000000 0.000000 1 0 1 0 1 0 0 59
EGO_STATUS -1.702294 203.994059 1.400000 1.501593 12.733470 0.000000 2.940000
DYNAMIC_OBS_INFO 0 1.750000 228.779024 -1.570000 23.739001 1.750000 228.779024 0.000000 0.000000
DYNAMIC_OBS_INFO 1 25.114765 209.500000 3.140000 25.639956 23.736434 209.502195 13.923206 2.797535
DYNAMIC_OBS_INFO 2 -44.220699 212.500000 0.000000 28.216286 -28.826433 212.500000 18.231706 2.504368
Parent: 64343.475308 10.000000 101.000000 270.000000 2055.350685 64153.326113 -10.000000 1.916454 32.000000 0.000000 0 1 1 0 0 0 0 0
Child: 64153.326113 20.291104 204.000000 643408.140190 1568.015747 0.000000 0.000000 0.000000 0.000000 0.000000 1 1 1 0 1 0 0 64
EGO_STATUS -1.551953 205.270785 1.500000 1.399963 12.988621 5.000000 2.551512
DYNAMIC_OBS_INFO 0 1.750000 228.779024 -1.570000 22.432672 1.750000 228.779024 0.000000 0.000000
DYNAMIC_OBS_INFO 1 25.114765 209.500000 3.140000 23.761520 22.330127 209.504435 14.202959 2.797535
DYNAMIC_OBS_INFO 2 -44.220699 212.500000 0.000000 26.423286 -26.990741 212.500000 18.482143 2.504368
Parent: 45302.229956 20.109224 203.000000 3315.854808 515.951665 44961.309783 0.000000 2.340595 41.000000 0.000000 1 1 1 0 0 0 0 0
Child: 44961.309783 18.337959 185.000000 453120.104285 465.947014 0.000000 0.000000 0.000000 0.000000 0.000000 1 0 1 0 0 0 0 45
EGO_STATUS -1.246679 206.547409 1.600000 1.269145 13.282621 0.000000 2.940000
DYNAMIC_OBS_INFO 0 1.750000 228.779024 -1.570000 21.133303 1.750000 228.779024 0.000000 0.000000
DYNAMIC_OBS_INFO 1 25.114765 209.500000 3.140000 21.720623 20.895846 209.506719 14.482713 2.797535
DYNAMIC_OBS_INFO 2 -44.220699 212.500000 0.000000 24.822766 -25.130005 212.500000 18.732580 2.504368
Parent: 76815.543491 18.434725 186.000000 773119.653232 2096.959354 0.000000 0.000000 2.720212 20.000000 0.000000 1 0 0 1 0 0 0 77
EGO_STATUS -0.757224 207.794974 1.700000 1.124263 13.543888 5.000000 2.612668
DYNAMIC_OBS_INFO 0 1.750000 228.779024 -1.570000 19.920032 1.750000 228.779024 0.000000 0.000000
DYNAMIC_OBS_INFO 1 25.114765 209.500000 3.140000 19.543689 19.433589 209.509048 14.762466 2.797535
DYNAMIC_OBS_INFO 2 -44.220699 212.500000 0.000000 23.413676 -23.244225 212.500000 18.983016 2.504368
Parent: 69718.106343 17.109827 173.000000 703106.317789 2090.323027 0.000000 -10.000000 2.639206 19.000000 0.000000 1 0 0 1 0 0 0 70
EGO_STATUS -0.101967 208.945268 1.800000 0.983147 12.955888 1.000000 -5.880000
DYNAMIC_OBS_INFO 0 1.750000 228.779024 -1.570000 18.857895 1.750000 228.779024 0.000000 0.000000
DYNAMIC_OBS_INFO 1 25.114765 209.500000 3.140000 17.284966 17.943356 209.511422 15.042220 2.797535
DYNAMIC_OBS_INFO 2 -44.220699 212.500000 0.000000 22.144447 -21.333401 212.500000 19.233453 2.504368
Parent: 81684.753480 15.843716 160.000000 823087.460086 2074.432146 0.000000 -10.000000 2.560003 18.000000 0.000000 1 0 0 1 0 0 0 82
EGO_STATUS 0.664017 209.952424 1.900000 0.861267 12.367888 1.000000 -5.880000
DYNAMIC_OBS_INFO 0 1.750000 228.779024 -1.570000 17.952604 1.750000 228.779024 0.000000 0.000000
DYNAMIC_OBS_INFO 1 25.114765 209.500000 3.140000 14.988453 16.425148 209.513840 15.321973 2.797535
DYNAMIC_OBS_INFO 2 -44.220699 212.500000 0.000000 20.958753 -19.397534 212.500000 19.483890 2.504368
Parent: 69709.177595 14.636373 148.000000 703066.451583 2066.372264 0.000000 -10.000000 2.482869 17.000000 0.000000 1 0 0 1 0 0 0 70
EGO_STATUS 1.494439 210.828238 2.000000 0.767027 11.779888 1.000000 -5.880000
DYNAMIC_OBS_INFO 0 1.750000 228.779024 -1.570000 17.192804 1.750000 228.779024 0.000000 0.000000
DYNAMIC_OBS_INFO 1 25.114765 209.500000 3.140000 12.702647 14.878965 209.516302 15.601727 2.797535
DYNAMIC_OBS_INFO 2 -44.220699 212.500000 0.000000 19.805060 -17.436623 212.500000 19.734327 2.504368
Parent: 74863.864133 13.487868 136.000000 753046.990319 2053.354086 0.000000 -10.000000 2.408142 16.000000 0.000000 1 0 0 1 0 0 0 75
EGO_STATUS 2.347823 211.596616 2.100000 0.703699 11.191888 1.000000 -5.880000
DYNAMIC_OBS_INFO 0 1.750000 228.779024 -1.570000 16.556438 1.750000 228.779024 0.000000 0.000000
DYNAMIC_OBS_INFO 1 25.114765 209.500000 3.140000 10.484299 13.304807 209.518809 15.881481 2.797535
DYNAMIC_OBS_INFO 2 -44.220699 212.500000 0.000000 18.644051 -15.450669 212.500000 19.984764 2.504368
Parent: 85530.569528 11.773727 119.000000 863047.390368 1671.817529 0.000000 -10.000000 2.218551 16.000000 0.000000 1 0 0 1 0 0 0 86
EGO_STATUS 3.192148 212.285515 2.200000 0.669099 10.603888 1.000000 -5.880000
DYNAMIC_OBS_INFO 0 1.750000 228.779024 -1.570000 16.019847 1.750000 228.779024 0.000000 0.000000
DYNAMIC_OBS_INFO 1 25.114765 209.500000 3.140000 8.413479 11.702673 209.521361 16.161234 2.797535
DYNAMIC_OBS_INFO 2 -44.220699 212.500000 0.000000 17.450342 -13.439671 212.500000 20.235201 2.504368
Parent: 84225.876621 10.742749 109.000000 853054.134542 1663.924763 0.000000 0.000000 2.143002 15.000000 0.000000 1 0 0 1 0 0 0 85
EGO_STATUS 4.005646 212.918772 2.300000 0.656396 10.015888 1.000000 -5.880000
DYNAMIC_OBS_INFO 0 1.750000 228.779024 -1.570000 15.563443 1.750000 228.779024 0.000000 0.000000
DYNAMIC_OBS_INFO 1 25.114765 209.500000 3.140000 6.626323 10.072564 209.523957 16.440988 2.797535
DYNAMIC_OBS_INFO 2 -44.220699 212.500000 0.000000 16.217411 -11.403629 212.500000 20.485638 2.504368
Parent: 73437.708451 9.764506 99.000000 743048.742090 1639.904088 0.000000 0.000000 2.043002 14.000000 0.000000 1 0 0 1 0 0 0 74
EGO_STATUS 4.782064 213.513791 2.400000 0.651072 9.548978 7.000000 -4.669098
DYNAMIC_OBS_INFO 0 1.750000 228.779024 -1.570000 15.184683 1.750000 228.779024 0.000000 0.000000
DYNAMIC_OBS_INFO 1 25.114765 209.500000 3.140000 5.386392 8.414480 209.526598 16.720741 2.797535
DYNAMIC_OBS_INFO 2 -44.220699 212.500000 0.000000 14.946791 -9.342543 212.500000 20.736074 2.504368
NO_CANDIDATE
EGO_STATUS 5.521545 214.070181 2.500000 0.636191 8.960978 1.000000 -5.880000
DYNAMIC_OBS_INFO 0 1.750000 228.779024 -1.570000 14.698613 1.750000 228.779024 0.000000 0.000000
DYNAMIC_OBS_INFO 1 25.114765 209.500000 3.140000 5.487316 6.728420 209.529283 17.000495 2.797535
DYNAMIC_OBS_INFO 2 -44.220699 212.500000 0.000000 14.382147 -7.256414 212.500000 20.986511 2.504368
Parent: 48509.070523 7.164414 73.000000 493048.741809 1427.697539 0.000000 -10.000000 1.838213 12.000000 0.000000 1 0 0 1 0 0 0 49
EGO_STATUS 6.904344 215.013778 2.600000 0.544826 7.784978 1.000000 -5.880000
DYNAMIC_OBS_INFO 0 1.750000 228.779024 -1.570000 14.604663 1.750000 228.779024 0.000000 0.000000
DYNAMIC_OBS_INFO 1 25.114765 209.500000 3.140000 6.376252 5.014385 209.532013 17.280248 2.797535
DYNAMIC_OBS_INFO 2 -44.220699 212.500000 0.000000 13.025431 -5.145241 212.500000 21.236948 2.504368
Parent: 28592.209409 6.415394 66.000000 293048.736004 1308.927070 0.000000 -10.000000 1.780328 12.000000 0.000000 1 0 0 1 0 0 0 29
EGO_STATUS 7.558052 215.378922 2.700000 0.471180 7.196978 1.000000 -5.880000
DYNAMIC_OBS_INFO 0 1.750000 228.779024 -1.570000 14.605943 1.750000 228.779024 0.000000 0.000000
DYNAMIC_OBS_INFO 1 25.114765 209.500000 3.140000 7.857421 3.272375 209.534787 17.560002 2.797535
DYNAMIC_OBS_INFO 2 -44.220699 212.500000 0.000000 11.633464 -3.009024 212.500000 21.487385 2.504368
Parent: 29502.068333 5.725142 59.000000 303047.804349 1182.035338 0.000000 -10.000000 1.729917 11.000000 0.000000 1 0 0 1 0 0 0 30
EGO_STATUS 8.185048 215.667055 2.800000 0.388602 6.608978 1.000000 -5.880000
DYNAMIC_OBS_INFO 0 1.750000 228.779024 -1.570000 14.688020 1.750000 228.779024 0.000000 0.000000
DYNAMIC_OBS_INFO 1 25.114765 209.500000 3.140000 9.653544 1.502389 209.537606 17.839755 2.797535
DYNAMIC_OBS_INFO 2 -44.220699 212.500000 0.000000 10.203030 -0.847764 212.500000 21.737822 2.504368
Parent: 28789.345390 5.093794 52.000000 293044.307789 1048.898313 0.000000 -10.000000 1.689210 11.000000 0.000000 1 0 0 1 0 0 0 29
EGO_STATUS 8.778510 215.881816 2.900000 0.305584 6.020978 1.000000 -5.880000
DYNAMIC_OBS_INFO 0 1.750000 228.779024 -1.570000 14.830066 1.750000 228.779024 0.000000 0.000000
DYNAMIC_OBS_INFO 1 25.114765 209.500000 3.140000 11.610916 -0.295572 209.540470 18.119509 2.797535
DYNAMIC_OBS_INFO 2 -44.220699 212.500000 0.000000 8.738049 1.338540 212.500000 21.988259 2.504368
Parent: 24414.981974 4.521280 47.000000 253039.432613 951.949490 0.000000 -10.000000 1.661326 10.000000 0.000000 1 0 0 1 0 0 0 25
EGO_STATUS 9.330578 216.032820 3.000000 0.229098 5.432978 1.000000 -5.880000
DYNAMIC_OBS_INFO 0 1.750000 228.779024 -1.570000 15.009516 1.750000 228.779024 0.000000 0.000000
DYNAMIC_OBS_INFO 1 25.114765 209.500000 3.140000 13.651515 -2.121508 209.543378 18.399262 2.797535
DYNAMIC_OBS_INFO 2 -44.220699 212.500000 0.000000 7.258935 3.549888 212.500000 22.238695 2.504368
Parent: 16287.278522 4.007534 42.000000 170034.326417 852.900281 0.000000 -10.000000 1.650897 10.000000 0.000000 0 0 0 1 0 0 0 17
EGO_STATUS 9.834407 216.132762 3.100000 0.163632 4.844978 1.000000 -5.880000
DYNAMIC_OBS_INFO 0 1.750000 228.779024 -1.570000 15.205557 1.750000 228.779024 0.000000 0.000000
DYNAMIC_OBS_INFO 1 25.114765 209.500000 3.140000 15.733864 -3.975419 209.546331 18.679016 2.797535
DYNAMIC_OBS_INFO 2 -44.220699 212.500000 0.000000 5.821283 5.786279 212.500000 22.489132 2.504368
Parent: 13500.946476 3.552833 37.000000 140029.774782 752.650250 0.000000 -10.000000 1.665269 9.000000 0.000000 0 0 0 1 0 0 0 14
EGO_STATUS 10.284809 216.194668 3.200000 0.111202 4.256978 1.000000 -5.880000
DYNAMIC_OBS_INFO 0 1.750000 228.779024 -1.570000 15.401181 1.750000 228.779024 0.000000 0.000000
DYNAMIC_OBS_INFO 1 25.114765 209.500000 3.140000 17.835388 -5.857306 209.549328 18.958769 2.797535
DYNAMIC_OBS_INFO 2 -44.220699 212.500000 0.000000 4.565415 8.047714 212.500000 22.739569 2.504368
Parent: 7701.857089 3.156615 33.000000 80026.173341 671.550224 0.000000 -10.000000 1.716028 9.000000 0.000000 0 0 0 1 0 0 0 8
EGO_STATUS 10.679367 216.230606 3.300000 0.071561 3.668978 1.000000 -5.880000
DYNAMIC_OBS_INFO 0 1.750000 228.779024 -1.570000 15.583149 1.750000 228.779024 0.000000 0.000000
DYNAMIC_OBS_INFO 1 25.114765 209.500000 3.140000 19.941060 -7.767168 209.552370 19.238523 2.797535
DYNAMIC_OBS_INFO 2 -44.220699 212.500000 0.000000 3.811119 10.334193 212.500000 22.990006 2.504368
Parent: 5683.124730 2.819849 30.000000 60023.595165 610.500203 0.000000 -10.000000 1.824568 8.000000 0.000000 0 0 0 1 0 0 0 6
EGO_STATUS 11.015576 216.249712 3.400000 0.043369 3.080978 1.000000 -5.880000
DYNAMIC_OBS_INFO 0 1.750000 228.779024 -1.570000 15.742519 1.750000 228.779024 0.000000 0.000000
DYNAMIC_OBS_INFO 1 25.114765 209.500000 3.140000 22.042408 -9.705006 209.555456 19.518276 2.797535
DYNAMIC_OBS_INFO 2 -44.220699 212.500000 0.000000 3.994850 12.645716 212.500000 23.240443 2.504368
Parent: 4745.090790 2.541925 27.000000 50021.911512 549.450183 0.000000 -10.000000 2.031121 8.000000 0.000000 0 0 0 1 0 0 0 5
EGO_STATUS 11.293340 216.258977 3.500000 0.024323 2.492978 1.000000 -5.880000
DYNAMIC_OBS_INFO 0 1.750000 228.779024 -1.570000 15.872840 1.750000 228.779024 0.000000 0.000000
DYNAMIC_OBS_INFO 1 25.114765 209.500000 3.140000 24.132614 -11.670819 209.558587 19.798030 2.797535
DYNAMIC_OBS_INFO 2 -44.220699 212.500000 0.000000 5.118919 14.982282 212.500000 23.490880 2.504368
Parent: 508.016269 10.000000 101.000000 20.000000 15.147906 548.419303 -10.000000 4.116976 38.000000 0.000000 0 0 1 0 0 0 0 0
Child: 548.419303 20.435104 206.000000 3047.829977 2085.101425 49.234899 -10.000000 0.000000 0.000000 0.000000 1 0 1 0 0 0 0 0
Child: 49.234899 2.323394 25.000000 21.023306 508.750169 0.000000 0.000000 0.000000 0.000000 0.000000 0 0 1 0 0 0 0 0
EGO_STATUS 11.511834 216.262888 3.600000 0.012179 1.904978 1.000000 -5.880000
DYNAMIC_OBS_INFO 0 1.750000 228.779024 -1.570000 15.998751 1.750000 228.779024 0.000000 0.000000
DYNAMIC_OBS_INFO 1 25.114765 209.500000 3.140000 26.251860 -13.664607 209.561762 20.077784 2.797535
DYNAMIC_OBS_INFO 2 -44.220699 212.500000 0.000000 6.769843 17.343891 212.500000 23.741316 2.504368
Parent: 493.719819 10.000000 101.000000 20.000000 15.147906 534.222863 -10.000000 4.016965 38.000000 0.000000 0 0 1 0 0 0 0 0
Child: 534.222863 20.435104 206.000000 3047.829770 2085.101425 35.038480 -10.000000 0.000000 0.000000 0.000000 1 0 1 0 0 0 0 0
Child: 35.038480 2.118051 23.000000 21.024583 468.050156 0.000000 -10.000000 0.000000 0.000000 0.000000 0 0 1 0 0 0 0 0
EGO_STATUS 11.717171 216.264411 3.700000 0.003050 2.198978 0.000000 2.940000
DYNAMIC_OBS_INFO 0 1.750000 228.779024 -1.570000 16.146492 1.750000 228.779024 0.000000 0.000000
DYNAMIC_OBS_INFO 1 25.114765 209.500000 3.140000 28.438967 -15.686370 209.564982 20.357537 2.797535
DYNAMIC_OBS_INFO 2 -44.220699 212.500000 0.000000 8.641172 19.730545 212.500000 23.991753 2.504368
Parent: 489.878111 10.000000 101.000000 20.000000 15.147906 529.481193 -10.000000 3.916927 37.000000 0.000000 0 0 1 0 0 0 0 0
Child: 529.481193 20.435104 206.000000 3047.829017 2085.101425 30.296885 -10.000000 0.000000 0.000000 0.000000 1 0 1 0 0 0 0 0
Child: 30.296885 1.882921 20.000000 21.025022 407.000136 0.000000 -10.000000 0.000000 0.000000 0.000000 0 0 1 0 0 0 0 0
EGO_STATUS 11.952300 216.264141 3.800000 -0.004642 2.492978 0.000000 2.940000
DYNAMIC_OBS_INFO 0 1.750000 228.779024 -1.570000 16.316411 1.750000 228.779024 0.000000 0.000000
DYNAMIC_OBS_INFO 1 25.114765 209.500000 3.140000 30.691699 -17.736109 209.568247 20.637291 2.797535
DYNAMIC_OBS_INFO 2 -44.220699 212.500000 0.000000 10.614583 22.142242 212.500000 24.242190 2.504368
Parent: 484.307543 10.000000 101.000000 20.000000 15.147906 524.010657 -10.000000 3.816896 37.000000 0.000000 0 0 1 0 0 0 0 0
Child: 524.010657 20.435104 206.000000 3047.828396 2085.101425 24.826410 -10.000000 0.000000 0.000000 0.000000 1 0 1 0 0 0 0 0
Child: 24.826410 1.618485 18.000000 21.022207 366.300122 0.000000 -10.000000 0.000000 0.000000 0.000000 0 0 1 0 0 0 0 0
EGO_STATUS 12.216728 216.262120 3.900000 -0.009983 2.786978 0.000000 2.940000
DYNAMIC_OBS_INFO 0 1.750000 228.779024 -1.570000 16.508741 1.750000 228.779024 0.000000 0.000000
DYNAMIC_OBS_INFO 1 25.114765 209.500000 3.140000 33.008509 -19.813823 209.571556 20.917044 2.797535
DYNAMIC_OBS_INFO 2 -44.220699 212.500000 0.000000 12.640564 24.578983 212.500000 24.492627 2.504368
Parent: 200.262498 10.000000 101.000000 20.000000 15.147906 228.841981 0.000000 4.940526 37.000000 0.000000 0 0 1 0 0 0 0 0
Child: 228.841981 20.435104 206.000000 32.064078 2085.101425 18.820149 0.000000 0.000000 0.000000 0.000000 0 0 1 0 0 0 0 0
Child: 18.820149 1.324990 15.000000 21.018123 305.250102 0.000000 -10.000000 0.000000 0.000000 0.000000 0 0 1 0 0 0 0 0
EGO_STATUS 12.510203 216.258778 4.000000 -0.012232 3.080978 0.000000 2.940000
DYNAMIC_OBS_INFO 0 1.750000 228.779024 -1.570000 16.723929 1.750000 228.779024 0.000000 0.000000
DYNAMIC_OBS_INFO 1 25.114765 209.500000 3.140000 35.388900 -21.919513 209.574909 21.196798 2.797535
DYNAMIC_OBS_INFO 2 -44.220699 212.500000 0.000000 14.695391 27.040767 212.500000 24.743064 2.504368
Parent: 183.620386 10.000000 101.000000 20.000000 15.147906 222.166096 -10.000000 4.974299 37.000000 0.000000 0 0 1 0 0 0 0 0
Child: 222.166096 20.435104 206.000000 32.063757 2085.101425 12.144296 0.000000 0.000000 0.000000 0.000000 0 0 1 0 0 0 0 0
Child: 12.144296 1.001967 12.000000 21.009864 244.200081 0.000000 -10.000000 0.000000 0.000000 0.000000 0 0 1 0 0 0 0 0
EGO_STATUS 12.833204 216.254951 4.100000 -0.010991 3.374978 0.000000 2.940000
DYNAMIC_OBS_INFO 0 1.750000 228.779024 -1.570000 16.961905 1.750000 228.779024 0.000000 0.000000
DYNAMIC_OBS_INFO 1 25.114765 209.500000 3.140000 37.832079 -24.053177 209.578308 21.476551 2.797535
DYNAMIC_OBS_INFO 2 -44.220699 212.500000 0.000000 16.767072 29.527596 212.500000 24.993501 2.504368
Parent: 187.276217 10.000000 101.000000 20.000000 15.147906 214.879739 0.000000 4.916488 36.000000 0.000000 0 0 1 0 0 0 0 0
Child: 214.879739 20.435104 206.000000 31.446832 2085.101425 14.919138 -10.000000 0.000000 0.000000 0.000000 0 0 1 0 0 0 0 0
Child: 14.919138 0.649496 8.000000 20.962519 162.800054 0.000000 0.000000 0.000000 0.000000 0.000000 0 0 1 0 0 0 0 0
EGO_STATUS 13.185660 216.251777 4.200000 -0.006814 3.668978 0.000000 2.940000
DYNAMIC_OBS_INFO 0 1.750000 228.779024 -1.570000 17.215951 1.750000 228.779024 0.000000 0.000000
DYNAMIC_OBS_INFO 1 25.114765 209.500000 3.140000 40.327502 -26.214817 209.581750 21.756305 2.797535
DYNAMIC_OBS_INFO 2 -44.220699 212.500000 0.000000 18.858586 32.039468 212.500000 25.243937 2.504368
Parent: 159.489446 10.000000 101.000000 20.000000 15.147906 197.052500 -10.000000 4.956956 36.000000 0.000000 0 0 1 0 0 0 0 0
Child: 197.052500 20.435104 206.000000 31.446799 2085.101425 -2.908098 -10.000000 0.000000 0.000000 0.000000 0 0 1 0 0 0 0 0
Child: -2.908098 0.277628 4.000000 20.778283 81.400027 0.000000 -10.000000 0.000000 0.000000 0.000000 0 0 1 0 0 0 0 0
EGO_STATUS 13.557524 216.250203 4.300000 -0.001903 3.766978 2.000000 0.980000
DYNAMIC_OBS_INFO 0 1.750000 228.779024 -1.570000 17.480034 1.750000 228.779024 0.000000 0.000000
DYNAMIC_OBS_INFO 1 25.114765 209.500000 3.140000 42.864864 -28.404433 209.585238 22.036058 2.797535
DYNAMIC_OBS_INFO 2 -44.220699 212.500000 0.000000 20.975188 34.576383 212.500000 25.494374 2.504368
Parent: 161.199096 10.000000 101.000000 20.000000 15.147906 197.862163 -10.000000 4.856943 35.000000 0.000000 0 0 1 0 0 0 0 0
Child: 197.862163 20.331023 205.000000 31.446246 2064.451418 0.000000 -10.000000 0.000000 0.000000 0.000000 0 0 1 0 0 0 0 0
EGO_STATUS 13.939134 216.249993 4.400000 -0.000138 3.864978 2.000000 0.980000
DYNAMIC_OBS_INFO 0 1.750000 228.779024 -1.570000 17.755546 1.750000 228.779024 0.000000 0.000000
DYNAMIC_OBS_INFO 1 25.114765 209.500000 3.140000 45.443368 -30.622024 209.588769 22.315812 2.797535
DYNAMIC_OBS_INFO 2 -44.220699 212.500000 0.000000 23.113932 37.138342 212.500000 25.744811 2.504368
Parent: 153.168435 10.000000 101.000000 20.000000 15.147906 189.931505 -10.000000 4.756940 35.000000 0.000000 0 0 1 0 0 0 0 0
Child: 189.931505 19.939603 201.000000 31.446429 1983.951430 0.000000 -10.000000 0.000000 0.000000 0.000000 0 0 1 0 0 0 0 0
EGO_STATUS 14.330556 216.249498 4.500000 -0.002920 3.962978 2.000000 0.980000
DYNAMIC_OBS_INFO 0 1.750000 228.779024 -1.570000 18.043643 1.750000 228.779024 0.000000 0.000000
DYNAMIC_OBS_INFO 1 25.114765 209.500000 3.140000 48.062291 -32.867590 209.592346 22.595565 2.797535
DYNAMIC_OBS_INFO 2 -44.220699 212.500000 0.000000 25.272933 39.725345 212.500000 25.995248 2.504368
Parent: 144.950318 10.000000 101.000000 20.000000 15.147906 181.813387 -10.000000 4.656940 35.000000 0.000000 0 0 1 0 0 0 0 0
Child: 181.813387 19.538408 197.000000 31.446388 1902.551403 0.000000 -10.000000 0.000000 0.000000 0.000000 0 0 1 0 0 0 0 0
EGO_STATUS 14.731750 216.247175 4.600000 -0.009157 4.060978 2.000000 0.980000
DYNAMIC_OBS_INFO 0 1.750000 228.779024 -1.570000 18.345403 1.750000 228.779024 0.000000 0.000000
DYNAMIC_OBS_INFO 1 25.114765 209.500000 3.140000 50.721108 -35.141131 209.595967 22.875319 2.797535
DYNAMIC_OBS_INFO 2 -44.220699 212.500000 0.000000 27.450838 42.337392 212.500000 26.245685 2.504368
Parent: 137.520788 10.000000 101.000000 20.000000 15.147906 173.483861 -10.000000 4.556937 34.000000 0.000000 0 0 1 0 0 0 0 0
Child: 173.483861 19.127382 193.000000 31.446018 1819.951337 0.000000 -10.000000 0.000000 0.000000 0.000000 0 0 1 0 0 0 0 0
EGO_STATUS 15.142735 216.241541 4.700000 -0.018659 4.158978 2.000000 0.980000
DYNAMIC_OBS_INFO 0 1.750000 228.779024 -1.570000 18.661759 1.750000 228.779024 0.000000 0.000000
DYNAMIC_OBS_INFO 1 25.114765 209.500000 3.140000 53.419307 -37.442647 209.599632 23.155072 2.797535
DYNAMIC_OBS_INFO 2 -44.220699 212.500000 0.000000 29.646760 44.974482 212.500000 26.496122 2.504368
Parent: 127.867775 10.000000 101.000000 20.000000 15.147906 163.930853 -10.000000 4.456931 34.000000 0.000000 0 0 1 0 0 0 0 0
Child: 163.930853 18.706536 189.000000 31.445279 1725.851314 0.000000 -10.000000 0.000000 0.000000 0.000000 0 0 1 0 0 0 0 0
EGO_STATUS 15.563445 216.231116 4.800000 -0.031180 4.256978 2.000000 0.980000
DYNAMIC_OBS_INFO 0 1.750000 228.779024 -1.570000 18.993514 1.750000 228.779024 0.000000 0.000000
DYNAMIC_OBS_INFO 1 25.114765 209.500000 3.140000 56.156418 -39.772139 209.603342 23.434826 2.797535
DYNAMIC_OBS_INFO 2 -44.220699 212.500000 0.000000 31.860114 47.636616 212.500000 26.746558 2.504368
Parent: 120.923660 10.000000 101.000000 20.000000 15.147906 156.086745 -10.000000 4.356924 33.000000 0.000000 0 0 1 0 0 0 0 0
Child: 156.086745 18.275875 184.000000 31.446289 1640.701310 0.000000 -10.000000 0.000000 0.000000 0.000000 0 0 1 0 0 0 0 0
EGO_STATUS 15.993769 216.214446 4.900000 -0.046432 4.354978 2.000000 0.980000
DYNAMIC_OBS_INFO 0 1.750000 228.779024 -1.570000 19.341322 1.750000 228.779024 0.000000 0.000000
DYNAMIC_OBS_INFO 1 25.114765 209.500000 3.140000 58.931991 -42.129607 209.607097 23.714579 2.797535
DYNAMIC_OBS_INFO 2 -44.220699 212.500000 0.000000 34.090553 50.323794 212.500000 26.996995 2.504368
Parent: 112.059810 10.000000 101.000000 20.000000 15.147906 147.322903 -10.000000 4.256916 33.000000 0.000000 0 0 1 0 0 0 0 0
Child: 147.322903 17.835409 180.000000 31.446068 1556.301248 0.000000 -10.000000 0.000000 0.000000 0.000000 0 0 1 0 0 0 0 0
EGO_STATUS 16.433548 216.190134 5.000000 -0.064093 4.452978 2.000000 0.980000
DYNAMIC_OBS_INFO 0 1.750000 228.779024 -1.570000 19.705670 1.750000 228.779024 0.000000 0.000000
DYNAMIC_OBS_INFO 1 25.114765 209.500000 3.140000 61.745582 -44.515049 209.610896 23.994333 2.797535
DYNAMIC_OBS_INFO 2 -44.220699 212.500000 0.000000 36.337922 53.036015 212.500000 27.247432 2.504368
Parent: 102.857375 10.000000 101.000000 20.000000 15.147906 138.220476 -10.000000 4.156908 33.000000 0.000000 0 0 1 0 0 0 0 0
Child: 138.220476 17.385143 175.000000 31.445912 1460.551248 0.000000 -10.000000 0.000000 0.000000 0.000000 0 0 1 0 0 0 0 0
EGO_STATUS 16.882566 216.156865 5.100000 -0.083806 4.550978 2.000000 0.980000
DYNAMIC_OBS_INFO 0 1.750000 228.779024 -1.570000 20.086871 1.750000 228.779024 0.000000 0.000000
DYNAMIC_OBS_INFO 1 25.114765 209.500000 3.140000 64.596750 -46.928467 209.614740 24.274086 2.797535
DYNAMIC_OBS_INFO 2 -44.220699 212.500000 0.000000 38.602220 55.773280 212.500000 27.497869 2.504368
Parent: 94.708259 10.000000 101.000000 20.000000 15.147906 129.171368 -10.000000 4.056901 32.000000 0.000000 0 0 1 0 0 0 0 0
Child: 129.171368 16.925082 171.000000 31.445632 1374.651187 0.000000 -10.000000 0.000000 0.000000 0.000000 0 0 1 0 0 0 0 0
EGO_STATUS 17.340554 216.113439 5.200000 -0.105184 4.648978 2.000000 0.980000
DYNAMIC_OBS_INFO 0 1.750000 228.779024 -1.570000 20.485060 1.750000 228.779024 0.000000 0.000000
DYNAMIC_OBS_INFO 1 25.114765 209.500000 3.140000 67.485058 -49.369860 209.618628 24.553840 2.797535
DYNAMIC_OBS_INFO 2 -44.220699 212.500000 0.000000 40.883577 58.535589 212.500000 27.748306 2.504368
Parent: 85.358612 10.000000 101.000000 20.000000 15.147906 119.921727 -10.000000 3.956895 32.000000 0.000000 0 0 1 0 0 0 0 0
Child: 119.921727 16.455232 166.000000 31.446198 1279.201187 0.000000 -10.000000 0.000000 0.000000 0.000000 0 0 1 0 0 0 0 0
EGO_STATUS 17.807198 216.058800 5.300000 -0.127807 4.746978 2.000000 0.980000
DYNAMIC_OBS_INFO 0 1.750000 228.779024 -1.570000 20.900200 1.750000 228.779024 0.000000 0.000000
DYNAMIC_OBS_INFO 1 25.114765 209.500000 3.140000 70.410075 -51.839229 209.622561 24.833594 2.797535
DYNAMIC_OBS_INFO 2 -44.220699 212.500000 0.000000 43.182220 61.322942 212.500000 27.998743 2.504368
Parent: 76.649709 10.000000 101.000000 20.000000 15.147906 110.312827 -10.000000 3.856891 31.000000 0.000000 0 0 1 0 0 0 0 0
Child: 110.312827 15.975597 161.000000 31.445998 1181.051151 0.000000 -10.000000 0.000000 0.000000 0.000000 0 0 1 0 0 0 0 0
EGO_STATUS 18.282152 215.992065 5.400000 -0.151233 4.844978 2.000000 0.980000
DYNAMIC_OBS_INFO 0 1.750000 228.779024 -1.570000 21.332092 1.750000 228.779024 0.000000 0.000000
DYNAMIC_OBS_INFO 1 25.114765 209.500000 3.140000 73.371396 -54.336573 209.626539 25.113347 2.797535
DYNAMIC_OBS_INFO 2 -44.220699 212.500000 0.000000 45.498442 64.135338 212.500000 28.249179 2.504368
Parent: 67.066980 10.000000 101.000000 20.000000 15.147906 100.830101 -10.000000 3.756888 31.000000 0.000000 0 0 1 0 0 0 0 0
Child: 100.830101 15.486179 156.000000 31.445719 1085.001114 0.000000 -10.000000 0.000000 0.000000 0.000000 0 0 1 0 0 0 0 0
EGO_STATUS 18.765054 215.912552 5.500000 -0.174997 4.942978 2.000000 0.980000
DYNAMIC_OBS_INFO 0 1.750000 228.779024 -1.570000 21.780394 1.750000 228.779024 0.000000 0.000000
DYNAMIC_OBS_INFO 1 25.114765 209.500000 3.140000 76.368656 -56.861892 209.630561 25.393101 2.797535
DYNAMIC_OBS_INFO 2 -44.220699 212.500000 0.000000 47.832573 66.972778 212.500000 28.499616 2.504368
Parent: 58.412835 10.000000 101.000000 20.000000 15.147906 91.275956 -10.000000 3.656889 30.000000 0.000000 0 0 1 0 0 0 0 0
Child: 91.275956 14.986983 151.000000 31.445726 988.951077 0.000000 -10.000000 0.000000 0.000000 0.000000 0 0 1 0 0 0 0 0
EGO_STATUS 19.255549 215.819806 5.600000 -0.198618 5.040978 2.000000 0.980000
DYNAMIC_OBS_INFO 0 1.750000 228.779024 -1.570000 22.244690 1.750000 228.779024 0.000000 0.000000
DYNAMIC_OBS_INFO 1 25.114765 209.500000 3.140000 79.401570 -59.415187 209.634627 25.672854 2.797535
DYNAMIC_OBS_INFO 2 -44.220699 212.500000 0.000000 50.184916 69.835261 212.500000 28.750053 2.504368
Parent: 48.728734 10.000000 101.000000 20.000000 15.147906 81.691857 -10.000000 3.556887 30.000000 0.000000 0 0 1 0 0 0 0 0
Child: 81.691857 14.477969 146.000000 31.445964 893.201041 0.000000 -10.000000 0.000000 0.000000 0.000000 0 0 1 0 0 0 0 0
EGO_STATUS 19.753341 215.713575 5.700000 -0.221597 5.138978 2.000000 0.980000
DYNAMIC_OBS_INFO 0 1.750000 228.779024 -1.570000 22.724418 1.750000 228.779024 0.000000 0.000000
DYNAMIC_OBS_INFO 1 25.114765 209.500000 3.140000 82.469919 -61.996456 209.638738 25.952608 2.797535
DYNAMIC_OBS_INFO 2 -44.220699 212.500000 0.000000 52.555767 72.722788 212.500000 29.000490 2.504368
Parent: 24.758741 10.000000 102.000000 20.000000 15.297885 65.749539 -10.000000 4.548625 39.000000 0.000000 0 0 1 0 0 0 0 0
Child: 65.749539 10.000000 101.000000 20.000000 15.147906 72.269549 -10.000000 0.000000 0.000000 0.000000 0 0 1 0 0 0 0 0
Child: 72.269549 13.959141 141.000000 31.446125 799.551003 0.000000 -10.000000 0.000000 0.000000 0.000000 0 0 1 0 0 0 0 0
EGO_STATUS 20.258168 215.593923 5.800000 -0.243432 5.236978 2.000000 0.980000
DYNAMIC_OBS_INFO 0 1.750000 228.779024 -1.570000 23.218945 1.750000 228.779024 0.000000 0.000000
DYNAMIC_OBS_INFO 1 25.114765 209.500000 3.140000 85.573589 -64.605701 209.642894 26.232361 2.797535
DYNAMIC_OBS_INFO 2 -44.220699 212.500000 0.000000 54.945353 75.635359 212.500000 29.250927 2.504368
Parent: 15.145635 10.000000 102.000000 20.000000 15.297885 56.236437 -10.000000 4.448621 39.000000 0.000000 0 0 1 0 0 0 0 0
Child: 56.236437 10.000000 101.000000 20.000000 15.147906 62.756447 -10.000000 0.000000 0.000000 0.000000 0 0 1 0 0 0 0 0
Child: 62.756447 13.430503 136.000000 31.445597 705.300929 0.000000 -10.000000 0.000000 0.000000 0.000000 0 0 1 0 0 0 0 0
EGO_STATUS 20.769859 215.461203 5.900000 -0.263622 5.334978 2.000000 0.980000
DYNAMIC_OBS_INFO 0 1.750000 228.779024 -1.570000 23.727594 1.750000 228.779024 0.000000 0.000000
DYNAMIC_OBS_INFO 1 25.114765 209.500000 3.140000 88.712595 -67.242922 209.647094 26.512115 2.797535
DYNAMIC_OBS_INFO 2 -44.220699 212.500000 0.000000 57.353792 78.572974 212.500000 29.501364 2.504368
Parent: 6.236741 10.000000 102.000000 20.000000 15.297885 46.427549 -10.000000 4.348616 38.000000 0.000000 0 0 1 0 0 0 0 0
Child: 46.427549 10.000000 101.000000 20.000000 15.147906 52.947558 -10.000000 0.000000 0.000000 0.000000 0 0 1 0 0 0 0 0
Child: 52.947558 12.892060 130.000000 31.445007 603.300914 0.000000 -10.000000 0.000000 0.000000 0.000000 0 0 1 0 0 0 0 0
EGO_STATUS 21.288357 215.316063 6.000000 -0.281673 5.432978 2.000000 0.980000
DYNAMIC_OBS_INFO 0 1.750000 228.779024 -1.570000 24.249672 1.750000 228.779024 0.000000 0.000000
DYNAMIC_OBS_INFO 1 25.114765 209.500000 3.140000 91.887099 -69.908118 209.651339 26.791868 2.797535
DYNAMIC_OBS_INFO 2 -44.220699 212.500000 0.000000 59.781073 81.535632 212.500000 29.751801 2.504368
Parent: -3.021790 10.000000 102.000000 20.000000 15.297885 37.269022 -10.000000 4.248611 38.000000 0.000000 0 0 1 0 0 0 0 0
Child: 37.269022 10.000000 101.000000 20.000000 15.147906 43.789032 -10.000000 0.000000 0.000000 0.000000 0 0 1 0 0 0 0 0
Child: 43.789032 12.343815 125.000000 31.445304 513.250876 0.000000 -10.000000 0.000000 0.000000 0.000000 0 0 1 0 0 0 0 0
EGO_STATUS 21.813743 215.159448 6.100000 -0.297112 5.530978 2.000000 0.980000
DYNAMIC_OBS_INFO 0 1.750000 228.779024 -1.570000 24.784487 1.750000 228.779024 0.000000 0.000000
DYNAMIC_OBS_INFO 1 25.114765 209.500000 3.140000 95.097413 -72.601289 209.655628 27.071622 2.797535
DYNAMIC_OBS_INFO 2 -44.220699 212.500000 0.000000 62.227028 84.523334 212.500000 30.002237 2.504368
Parent: -11.739415 10.000000 102.000000 20.000000 15.297885 27.651401 -10.000000 4.148606 37.000000 0.000000 0 0 1 0 0 0 0 0
Child: 27.651401 10.000000 101.000000 20.000000 15.147906 34.171410 -10.000000 0.000000 0.000000 0.000000 0 0 1 0 0 0 0 0
Child: 34.171410 11.785772 119.000000 31.444381 414.550820 0.000000 -10.000000 0.000000 0.000000 0.000000 0 0 1 0 0 0 0 0
EGO_STATUS 22.346248 214.992603 6.200000 -0.309492 5.628978 2.000000 0.980000
DYNAMIC_OBS_INFO 0 1.750000 228.779024 -1.570000 25.331361 1.750000 228.779024 0.000000 0.000000
DYNAMIC_OBS_INFO 1 25.114765 209.500000 3.140000 98.344009 -75.322435 209.659962 27.351375 2.797535
DYNAMIC_OBS_INFO 2 -44.220699 212.500000 0.000000 64.691326 87.536079 212.500000 30.252674 2.504368
Parent: -20.601084 10.000000 102.000000 20.000000 15.297885 18.889736 -10.000000 4.048602 37.000000 0.000000 0 0 1 0 0 0 0 0
Child: 18.889736 10.000000 101.000000 20.000000 15.147906 25.409746 -10.000000 0.000000 0.000000 0.000000 0 0 1 0 0 0 0 0
Child: 25.409746 11.217935 114.000000 31.443664 328.400742 0.000000 -10.000000 0.000000 0.000000 0.000000 0 0 1 0 0 0 0 0
EGO_STATUS 22.886262 214.817066 6.300000 -0.318403 5.726978 2.000000 0.980000
DYNAMIC_OBS_INFO 0 1.750000 228.779024 -1.570000 25.889633 1.750000 228.779024 0.000000 0.000000
DYNAMIC_OBS_INFO 1 25.114765 209.500000 3.140000 101.627500 -78.071557 209.664340 27.631129 2.797535
DYNAMIC_OBS_INFO 2 -44.220699 212.500000 0.000000 67.173467 90.573868 212.500000 30.503111 2.504368
Parent: -28.820958 10.000000 102.000000 20.000000 15.297885 9.769866 -10.000000 3.948599 36.000000 0.000000 0 0 1 0 0 0 0 0
Child: 9.769866 10.000000 101.000000 20.000000 15.147906 16.289875 -10.000000 0.000000 0.000000 0.000000 0 0 1 0 0 0 0 0
Child: 16.289875 10.640306 108.000000 31.443729 235.400721 0.000000 -10.000000 0.000000 0.000000 0.000000 0 0 1 0 0 0 0 0
EGO_STATUS 23.434328 214.634660 6.400000 -0.323481 5.824978 2.000000 0.980000
DYNAMIC_OBS_INFO 0 1.750000 228.779024 -1.570000 26.458657 1.750000 228.779024 0.000000 0.000000
DYNAMIC_OBS_INFO 1 25.114765 209.500000 3.140000 104.948628 -80.848654 209.668763 27.910882 2.797535
DYNAMIC_OBS_INFO 2 -44.220699 212.500000 0.000000 69.672803 93.636701 212.500000 30.753548 2.504368
Parent: -35.855049 10.000000 102.000000 20.000000 15.297885 1.835777 -10.000000 3.848597 35.000000 0.000000 0 0 1 0 0 0 0 0
Child: 1.835777 10.000000 101.000000 20.000000 15.147906 8.355786 -10.000000 0.000000 0.000000 0.000000 0 0 1 0 0 0 0 0
Child: 8.355786 10.052888 102.000000 31.443345 154.800659 0.000000 -10.000000 0.000000 0.000000 0.000000 0 0 1 0 0 0 0 0
EGO_STATUS 23.991121 214.447483 6.500000 -0.324426 5.922978 2.000000 0.980000
DYNAMIC_OBS_INFO 0 1.750000 228.779024 -1.570000 27.037792 1.750000 228.779024 0.000000 0.000000
DYNAMIC_OBS_INFO 1 25.114765 209.500000 3.140000 108.308229 -83.653726 209.673231 28.190636 2.797535
DYNAMIC_OBS_INFO 2 -44.220699 212.500000 0.000000 72.188559 96.724578 212.500000 31.003985 2.504368
Parent: -38.714496 10.000000 102.000000 20.000000 15.297885 -0.923670 -10.000000 3.748597 35.000000 0.000000 0 0 1 0 0 0 0 0
Child: -0.923670 10.000000 101.000000 20.000000 15.147906 5.596340 -10.000000 0.000000 0.000000 0.000000 0 0 1 0 0 0 0 0
Child: 5.596340 9.455686 96.000000 31.443133 126.900594 0.000000 -10.000000 0.000000 0.000000 0.000000 0 0 1 0 0 0 0 0
EGO_STATUS 24.557426 214.257883 6.600000 -0.321007 6.020978 2.000000 0.980000
DYNAMIC_OBS_INFO 0 1.750000 228.779024 -1.570000 27.626398 1.750000 228.779024 0.000000 0.000000
DYNAMIC_OBS_INFO 1 25.114765 209.500000 3.140000 111.707209 -86.486774 209.677743 28.470389 2.797535
DYNAMIC_OBS_INFO 2 -44.220699 212.500000 0.000000 74.719850 99.837498 212.500000 31.254422 2.504368
Parent: -40.379373 10.000000 102.000000 20.000000 15.297885 -3.488546 -10.000000 3.648596 34.000000 0.000000 0 0 1 0 0 0 0 0
Child: -3.488546 10.000000 101.000000 20.000000 15.147906 3.031463 -10.000000 0.000000 0.000000 0.000000 0 0 1 0 0 0 0 0
Child: 3.031463 8.848677 90.000000 31.442636 101.100528 0.000000 -10.000000 0.000000 0.000000 0.000000 0 0 1 0 0 0 0 0
EGO_STATUS 25.134112 214.068443 6.700000 -0.313073 6.118978 2.000000 0.980000
DYNAMIC_OBS_INFO 0 1.750000 228.779024 -1.570000 28.223788 1.750000 228.779024 0.000000 0.000000
DYNAMIC_OBS_INFO 1 25.114765 209.500000 3.140000 115.146463 -89.347797 209.682299 28.750143 2.797535
DYNAMIC_OBS_INFO 2 -44.220699 212.500000 0.000000 77.265767 102.975462 212.500000 31.504858 2.504368
Parent: -42.726943 10.000000 102.000000 20.000000 15.297885 -5.736113 -10.000000 3.548593 34.000000 0.000000 0 0 1 0 0 0 0 0
Child: -5.736113 10.000000 101.000000 20.000000 15.147906 0.783896 -10.000000 0.000000 0.000000 0.000000 0 0 1 0 0 0 0 0
Child: 0.783896 8.231856 84.000000 31.441259 78.600419 0.000000 -10.000000 0.000000 0.000000 0.000000 0 0 1 0 0 0 0 0
EGO_STATUS 25.722055 213.881951 6.800000 -0.300578 6.216978 2.000000 0.980000
DYNAMIC_OBS_INFO 0 1.750000 228.779024 -1.570000 28.829211 1.750000 228.779024 0.000000 0.000000
DYNAMIC_OBS_INFO 1 25.114765 209.500000 3.140000 118.626816 -92.236795 209.686901 29.029896 2.797535
DYNAMIC_OBS_INFO 2 -44.220699 212.500000 0.000000 79.825435 106.138470 212.500000 31.755295 2.504368
Parent: -43.724549 10.000000 102.000000 20.000000 15.297885 -7.633715 -10.000000 3.448590 33.000000 0.000000 0 0 1 0 0 0 0 0
Child: -7.633715 10.000000 101.000000 20.000000 15.147906 -1.113706 -10.000000 0.000000 0.000000 0.000000 0 0 1 0 0 0 0 0
Child: -1.113706 7.605226 78.000000 31.438424 59.700344 0.000000 -10.000000 0.000000 0.000000 0.000000 0 0 1 0 0 0 0 0
EGO_STATUS 26.322075 213.701339 6.900000 -0.283602 6.314978 2.000000 0.980000
DYNAMIC_OBS_INFO 0 1.750000 228.779024 -1.570000 29.441854 1.750000 228.779024 0.000000 0.000000
DYNAMIC_OBS_INFO 1 25.114765 209.500000 3.140000 122.148962 -95.153769 209.691546 29.309650 2.797535
DYNAMIC_OBS_INFO 2 -44.220699 212.500000 0.000000 82.398075 109.326521 212.500000 32.005732 2.504368
Parent: -44.252548 10.000000 102.000000 20.000000 15.297885 -9.061711 -10.000000 3.348586 32.000000 0.000000 0 0 1 0 0 0 0 0
Child: -9.061711 10.000000 101.000000 20.000000 15.147906 -2.541701 -10.000000 0.000000 0.000000 0.000000 0 0 1 0 0 0 0 0
Child: -2.541701 6.968791 71.000000 31.436956 44.550283 0.000000 -10.000000 0.000000 0.000000 0.000000 0 0 1 0 0 0 0 0
EGO_STATUS 26.934880 213.529611 7.000000 -0.262356 6.412978 2.000000 0.980000
DYNAMIC_OBS_INFO 0 1.750000 228.779024 -1.570000 30.060830 1.750000 228.779024 0.000000 0.000000
DYNAMIC_OBS_INFO 1 25.114765 209.500000 3.140000 125.713405 -98.098718 209.696237 29.589404 2.797535
DYNAMIC_OBS_INFO 2 -44.220699 212.500000 0.000000 84.983064 112.539616 212.500000 32.256169 2.504368
Parent: -45.674669 10.000000 102.000000 20.000000 15.297885 -10.383828 -10.000000 3.248582 32.000000 0.000000 0 0 1 0 0 0 0 0
Child: -10.383828 10.000000 101.000000 20.000000 15.147906 -3.863819 -10.000000 0.000000 0.000000 0.000000 0 0 1 0 0 0 0 0
Child: -3.863819 6.322555 65.000000 31.433793 31.650158 0.000000 -10.000000 0.000000 0.000000 0.000000 0 0 1 0 0 0 0 0
EGO_STATUS 27.561003 213.369752 7.100000 -0.237210 6.510978 2.000000 0.980000
DYNAMIC_OBS_INFO 0 1.750000 228.779024 -1.570000 30.685202 1.750000 228.779024 0.000000 0.000000
DYNAMIC_OBS_INFO 1 25.114765 209.500000 3.140000 129.320404 -101.071642 209.700971 29.869157 2.797535
DYNAMIC_OBS_INFO 2 -44.220699 212.500000 0.000000 87.580005 115.777755 212.500000 32.506606 2.504368
Parent: -45.729745 10.000000 102.000000 20.000000 15.297885 -11.338901 -10.000000 3.148578 31.000000 0.000000 0 0 1 0 0 0 0 0
Child: -11.338901 10.000000 101.000000 20.000000 15.147906 -4.818891 -10.000000 0.000000 0.000000 0.000000 0 0 1 0 0 0 0 0
Child: -4.818891 5.666522 58.000000 31.431438 21.600087 0.000000 -10.000000 0.000000 0.000000 0.000000 0 0 1 0 0 0 0 0
EGO_STATUS 28.200748 213.224616 7.200000 -0.208707 6.608978 2.000000 0.980000
DYNAMIC_OBS_INFO 0 1.750000 228.779024 -1.570000 31.314021 1.750000 228.779024 0.000000 0.000000
DYNAMIC_OBS_INFO 1 25.114765 209.500000 3.140000 132.969941 -104.072542 209.705751 30.148911 2.797535
DYNAMIC_OBS_INFO 2 -44.220699 212.500000 0.000000 90.188759 119.040938 212.500000 32.757043 2.504368
Parent: -46.661379 10.000000 102.000000 20.000000 15.297885 -12.170531 -10.000000 3.048575 31.000000 0.000000 0 0 1 0 0 0 0 0
Child: -12.170531 10.000000 101.000000 20.000000 15.147906 -5.650522 -10.000000 0.000000 0.000000 0.000000 0 0 1 0 0 0 0 0
Child: -5.650522 5.000694 52.000000 31.428346 13.799950 0.000000 -10.000000 0.000000 0.000000 0.000000 0 0 1 0 0 0 0 0
EGO_STATUS 28.854153 213.096779 7.300000 -0.177583 6.706978 2.000000 0.980000
DYNAMIC_OBS_INFO 0 1.750000 228.779024 -1.570000 31.946399 1.750000 228.779024 0.000000 0.000000
DYNAMIC_OBS_INFO 1 25.114765 209.500000 3.140000 136.661713 -107.101417 209.710575 30.428664 2.797535
DYNAMIC_OBS_INFO 2 -44.220699 212.500000 0.000000 92.809466 122.329164 212.500000 33.007479 2.504368
Parent: -46.239658 10.000000 102.000000 20.000000 15.297885 -12.648807 -10.000000 2.948573 30.000000 0.000000 0 0 1 0 0 0 0 0
Child: -12.648807 10.000000 101.000000 20.000000 15.147906 -6.128798 -10.000000 0.000000 0.000000 0.000000 0 0 1 0 0 0 0 0
Child: -6.128798 4.325074 45.000000 31.427890 8.849826 0.000000 -10.000000 0.000000 0.000000 0.000000 0 0 1 0 0 0 0 0
EGO_STATUS 29.520982 212.988363 7.400000 -0.144793 6.804978 2.000000 0.980000
DYNAMIC_OBS_INFO 0 1.750000 228.779024 -1.570000 32.581620 1.750000 228.779024 0.000000 0.000000
DYNAMIC_OBS_INFO 1 25.114765 209.500000 3.140000 140.395154 -110.158267 209.715443 30.708418 2.797535
DYNAMIC_OBS_INFO 2 -44.220699 212.500000 0.000000 95.442528 125.642433 212.500000 33.257916 2.504368
Parent: -61.165870 10.000000 101.000000 20.000000 15.147906 -19.477127 -10.000000 3.831266 39.000000 0.000000 0 0 1 0 0 0 0 0
Child: -19.477127 10.000000 102.000000 20.000000 15.297885 -12.937704 -10.000000 0.000000 0.000000 0.000000 0 0 1 0 0 0 0 0
Child: -12.937704 10.000000 101.000000 20.000000 15.147906 -6.417695 -10.000000 0.000000 0.000000 0.000000 0 0 1 0 0 0 0 0
Child: -6.417695 3.639662 38.000000 31.401427 5.999735 0.000000 -10.000000 0.000000 0.000000 0.000000 0 0 1 0 0 0 0 0
EGO_STATUS 30.200747 212.900831 7.500000 -0.111533 6.902978 2.000000 0.980000
DYNAMIC_OBS_INFO 0 1.750000 228.779024 -1.570000 33.219284 1.750000 228.779024 0.000000 0.000000
DYNAMIC_OBS_INFO 1 25.114765 209.500000 3.140000 144.169505 -113.243092 209.720356 30.988171 2.797535
DYNAMIC_OBS_INFO 2 -44.220699 212.500000 0.000000 98.088548 128.980747 212.500000 33.508353 2.504368
Parent: -61.468757 10.000000 101.000000 20.000000 15.147906 -19.680013 -10.000000 3.731266 39.000000 0.000000 0 0 1 0 0 0 0 0
Child: -19.680013 10.000000 102.000000 20.000000 15.297885 -13.140590 -10.000000 0.000000 0.000000 0.000000 0 0 1 0 0 0 0 0
Child: -13.140590 10.000000 101.000000 20.000000 15.147906 -6.620581 -10.000000 0.000000 0.000000 0.000000 0 0 1 0 0 0 0 0
Child: -6.620581 2.944461 31.000000 30.929742 4.649599 0.000000 -10.000000 0.000000 0.000000 0.000000 0 0 1 0 0 0 0 0
EGO_STATUS 30.892770 212.834753 7.600000 -0.079260 7.000978 2.000000 0.980000
DYNAMIC_OBS_INFO 0 1.750000 228.779024 -1.570000 33.859476 1.750000 228.779024 0.000000 0.000000
DYNAMIC_OBS_INFO 1 25.114765 209.500000 3.140000 147.983918 -116.355893 209.725314 31.267925 2.797535
DYNAMIC_OBS_INFO 2 -44.220699 212.500000 0.000000 100.748224 132.344104 212.500000 33.758790 2.504368
Parent: -60.834820 10.000000 101.000000 20.000000 15.147906 -19.946077 -10.000000 3.631266 38.000000 0.000000 0 0 1 0 0 0 0 0
Child: -19.946077 10.000000 102.000000 20.000000 15.297885 -13.406654 -10.000000 0.000000 0.000000 0.000000 0 0 1 0 0 0 0 0
Child: -13.406654 10.000000 101.000000 20.000000 15.147906 -6.886644 -10.000000 0.000000 0.000000 0.000000 0 0 1 0 0 0 0 0
Child: -6.886644 2.239460 24.000000 29.765923 3.599502 0.000000 -10.000000 0.000000 0.000000 0.000000 0 0 1 0 0 0 0 0
EGO_STATUS 31.596296 212.789566 7.700000 -0.049722 7.098978 2.000000 0.980000
DYNAMIC_OBS_INFO 0 1.750000 228.779024 -1.570000 34.502972 1.750000 228.779024 0.000000 0.000000
DYNAMIC_OBS_INFO 1 25.114765 209.500000 3.140000 151.837566 -119.496669 209.730316 31.547678 2.797535
DYNAMIC_OBS_INFO 2 -44.220699 212.500000 0.000000 103.422238 135.732505 212.500000 34.009227 2.504368
Parent: -60.329668 10.000000 101.000000 20.000000 15.147906 -20.340923 -10.000000 3.531265 37.000000 0.000000 0 0 1 0 0 0 0 0
Child: -20.340923 10.000000 102.000000 20.000000 15.297885 -13.801500 -10.000000 0.000000 0.000000 0.000000 0 0 1 0 0 0 0 0
Child: -13.801500 10.000000 101.000000 20.000000 15.147906 -7.281491 -10.000000 0.000000 0.000000 0.000000 0 0 1 0 0 0 0 0
Child: -7.281491 1.524651 17.000000 27.761982 2.549647 0.000000 -10.000000 0.000000 0.000000 0.000000 0 0 1 0 0 0 0 0
EGO_STATUS 32.310602 212.763260 7.800000 -0.024986 7.196978 2.000000 0.980000
DYNAMIC_OBS_INFO 0 1.750000 228.779024 -1.570000 35.151428 1.750000 228.779024 0.000000 0.000000
DYNAMIC_OBS_INFO 1 25.114765 209.500000 3.140000 155.729762 -122.665421 209.735363 31.827432 2.797535
DYNAMIC_OBS_INFO 2 -44.220699 212.500000 0.000000 106.111128 139.145949 212.500000 34.259664 2.504368
Parent: -60.048985 10.000000 101.000000 20.000000 15.147906 -20.960239 -10.000000 3.431263 36.000000 0.000000 0 0 1 0 0 0 0 0
Child: -20.960239 10.000000 102.000000 20.000000 15.297885 -14.420815 -10.000000 0.000000 0.000000 0.000000 0 0 1 0 0 0 0 0
Child: -14.420815 10.000000 101.000000 20.000000 15.147906 -7.900806 -10.000000 0.000000 0.000000 0.000000 0 0 1 0 0 0 0 0
Child: -7.900806 0.800036 10.000000 24.738934 1.499793 0.000000 -10.000000 0.000000 0.000000 0.000000 0 0 1 0 0 0 0 0
EGO_STATUS 33.035120 212.752042 7.900000 -0.007481 7.294978 2.000000 0.980000
DYNAMIC_OBS_INFO 0 1.750000 228.779024 -1.570000 35.807548 1.750000 228.779024 0.000000 0.000000
DYNAMIC_OBS_INFO 1 25.114765 209.500000 3.140000 159.660048 -125.862148 209.740454 32.107185 2.797535
DYNAMIC_OBS_INFO 2 -44.220699 212.500000 0.000000 108.815191 142.584438 212.500000 34.510100 2.504368
Parent: -60.911402 10.000000 101.000000 20.000000 15.147906 -21.722654 -10.000000 3.331261 36.000000 0.000000 0 0 1 0 0 0 0 0
Child: -21.722654 10.000000 102.000000 20.000000 15.297885 -15.183230 -10.000000 0.000000 0.000000 0.000000 0 0 1 0 0 0 0 0
Child: -15.183230 10.000000 101.000000 20.000000 15.147906 -8.663221 -10.000000 0.000000 0.000000 0.000000 0 0 1 0 0 0 0 0
Child: -8.663221 0.065619 2.000000 40.443948 0.299959 0.000000 -10.000000 0.000000 0.000000 0.000000 0 0 1 0 1 0 0 0
EGO_STATUS 33.769534 212.749989 8.000000 -0.000081 7.392978 2.000000 0.980000
DYNAMIC_OBS_INFO 0 1.750000 228.779024 -1.570000 36.474548 1.750000 228.779024 0.000000 0.000000
DYNAMIC_OBS_INFO 1 25.114765 209.500000 3.140000 163.628180 -129.086850 209.745590 32.386939 2.797535
DYNAMIC_OBS_INFO 2 -44.220699 212.500000 0.000000 111.534504 146.047970 212.500000 34.760537 2.504368
Parent: -51.467754 10.000000 101.000000 20.000000 15.147906 -13.179004 -10.000000 3.231260 35.000000 0.000000 0 0 1 0 0 0 0 0
Child: -13.179004 10.000000 102.000000 20.000000 15.297885 -6.639581 -10.000000 0.000000 0.000000 0.000000 0 0 1 0 0 0 0 0
Child: -6.639581 9.321406 95.000000 20.000000 14.248030 0.000000 -10.000000 0.000000 0.000000 0.000000 0 0 1 0 0 0 0 0
EGO_STATUS 34.513746 212.750000 8.100000 0.000000 7.490978 2.000000 0.980000
DYNAMIC_OBS_INFO 0 1.750000 228.779024 -1.570000 37.153333 1.750000 228.779024 0.000000 0.000000
DYNAMIC_OBS_INFO 1 25.114765 209.500000 3.140000 167.634125 -132.339527 209.750770 32.666692 2.797535
DYNAMIC_OBS_INFO 2 -44.220699 212.500000 0.000000 114.269054 149.536545 212.500000 35.010974 2.504368
Parent: -50.673730 10.000000 101.000000 20.000000 15.147906 -13.284978 -10.000000 3.131258 34.000000 0.000000 0 0 1 0 0 0 0 0
Child: -13.284978 10.000000 102.000000 20.000000 15.297885 -6.745555 -10.000000 0.000000 0.000000 0.000000 0 0 1 0 0 0 0 0
Child: -6.745555 8.567387 87.000000 20.000000 13.048196 0.000000 -10.000000 0.000000 0.000000 0.000000 0 0 1 0 0 0 0 0
EGO_STATUS 35.267765 212.750000 8.200000 0.000000 7.588978 2.000000 0.980000
DYNAMIC_OBS_INFO 0 1.750000 228.779024 -1.570000 37.843843 1.750000 228.779024 0.000000 0.000000
DYNAMIC_OBS_INFO 1 25.114765 209.500000 3.140000 171.677871 -135.620180 209.755995 32.946446 2.797535
DYNAMIC_OBS_INFO 2 -44.220699 212.500000 0.000000 117.018849 153.050164 212.500000 35.261411 2.504368
Parent: -49.906910 10.000000 101.000000 20.000000 15.147906 -13.418157 -10.000000 3.031256 33.000000 0.000000 0 0 1 0 0 0 0 0
Child: -13.418157 10.000000 102.000000 20.000000 15.297885 -6.878734 -10.000000 0.000000 0.000000 0.000000 0 0 1 0 0 0 0 0
Child: -6.878734 7.803570 80.000000 20.000000 11.998341 0.000000 -10.000000 0.000000 0.000000 0.000000 0 0 1 0 0 0 0 0
EGO_STATUS 36.031582 212.750000 8.300000 0.000000 7.686978 2.000000 0.980000
DYNAMIC_OBS_INFO 0 1.750000 228.779024 -1.570000 38.546029 1.750000 228.779024 0.000000 0.000000
DYNAMIC_OBS_INFO 1 25.114765 209.500000 3.140000 175.759416 -138.928808 209.761265 33.226199 2.797535
DYNAMIC_OBS_INFO 2 -44.220699 212.500000 0.000000 119.783893 156.588827 212.500000 35.511848 2.504368
Parent: -50.121064 10.000000 101.000000 20.000000 15.147906 -13.532310 -10.000000 2.931255 33.000000 0.000000 0 0 1 0 0 0 0 0
Child: -13.532310 10.000000 102.000000 20.000000 15.297885 -6.992887 -10.000000 0.000000 0.000000 0.000000 0 0 1 0 0 0 0 0
Child: -6.992887 7.029957 72.000000 20.000000 10.798507 0.000000 -10.000000 0.000000 0.000000 0.000000 0 0 1 0 0 0 0 0
EGO_STATUS 36.805195 212.750000 8.400000 -0.000000 7.784978 2.000000 0.980000
DYNAMIC_OBS_INFO 0 1.750000 228.779024 -1.570000 39.259841 1.750000 228.779024 0.000000 0.000000
DYNAMIC_OBS_INFO 1 25.114765 209.500000 3.140000 179.878758 -142.265411 209.766579 33.505953 2.797535
DYNAMIC_OBS_INFO 2 -44.220699 212.500000 0.000000 122.564185 160.152534 212.500000 35.762285 2.504368
Parent: -49.339280 10.000000 101.000000 20.000000 15.147906 -13.650524 -10.000000 2.831254 32.000000 0.000000 0 0 1 0 0 0 0 0
Child: -13.650524 10.000000 102.000000 20.000000 15.297885 -7.111101 -10.000000 0.000000 0.000000 0.000000 0 0 1 0 0 0 0 0
Child: -7.111101 6.246548 64.000000 20.000000 9.598673 0.000000 -10.000000 0.000000 0.000000 0.000000 0 0 1 0 0 0 0 0
EGO_STATUS 37.588604 212.750000 8.500000 -0.000000 7.882978 2.000000 0.980000
DYNAMIC_OBS_INFO 0 1.750000 228.779024 -1.570000 39.985233 1.750000 228.779024 0.000000 0.000000
DYNAMIC_OBS_INFO 1 25.114765 209.500000 3.140000 184.035894 -145.629990 209.771937 33.785706 2.797535
DYNAMIC_OBS_INFO 2 -44.220699 212.500000 0.000000 125.359727 163.741284 212.500000 36.012721 2.504368
Parent: -48.562667 10.000000 101.000000 20.000000 15.147906 -13.773911 -10.000000 2.731253 31.000000 0.000000 0 0 1 0 0 0 0 0
Child: -13.773911 10.000000 102.000000 20.000000 15.297885 -7.234488 -10.000000 0.000000 0.000000 0.000000 0 0 1 0 0 0 0 0
Child: -7.234488 5.453345 56.000000 20.000000 8.398839 0.000000 -10.000000 0.000000 0.000000 0.000000 0 0 1 0 0 0 0 0
EGO_STATUS 38.381807 212.750000 8.600000 -0.000000 7.980978 2.000000 0.980000
DYNAMIC_OBS_INFO 0 1.750000 228.779024 -1.570000 40.722160 1.750000 228.779024 0.000000 0.000000
DYNAMIC_OBS_INFO 1 25.114765 209.500000 3.140000 188.230825 -149.022544 209.777341 34.065460 2.797535
DYNAMIC_OBS_INFO 2 -44.220699 212.500000 0.000000 128.170515 167.355078 212.500000 36.263158 2.504368
Parent: -47.793080 10.000000 101.000000 20.000000 15.147906 -13.904324 -10.000000 2.631253 30.000000 0.000000 0 0 1 0 0 0 0 0
Child: -13.904324 10.000000 102.000000 20.000000 15.297885 -7.364901 -10.000000 0.000000 0.000000 0.000000 0 0 1 0 0 0 0 0
Child: -7.364901 4.650345 48.000000 20.000000 7.199005 0.000000 -10.000000 0.000000 0.000000 0.000000 0 0 1 0 0 0 0 0
EGO_STATUS 39.184807 212.750000 8.700000 -0.000000 8.078978 2.000000 0.980000
DYNAMIC_OBS_INFO 0 1.750000 228.779024 -1.570000 41.470586 1.750000 228.779024 0.000000 0.000000
DYNAMIC_OBS_INFO 1 25.114765 209.500000 3.140000 192.463560 -152.443073 209.782788 34.345214 2.797535
DYNAMIC_OBS_INFO 2 -44.220699 212.500000 0.000000 130.996542 170.993916 212.500000 36.513595 2.504368
Parent: -62.672307 10.000000 102.000000 20.000000 15.297885 -20.565111 -10.000000 3.432227 39.000000 0.000000 0 0 1 0 0 0 0 0
Child: -20.565111 10.000000 101.000000 20.000000 15.147906 -14.045102 -10.000000 0.000000 0.000000 0.000000 0 0 1 0 0 0 0 0
Child: -14.045102 10.000000 102.000000 20.000000 15.297885 -7.505679 -10.000000 0.000000 0.000000 0.000000 0 0 1 0 0 0 0 0
Child: -7.505679 3.837539 40.000000 20.000000 5.999171 0.000000 -10.000000 0.000000 0.000000 0.000000 0 0 1 0 0 0 0 0
EGO_STATUS 39.997613 212.750000 8.800000 -0.000000 8.176978 2.000000 0.980000
DONE
FINISHED
