STATIC_OBS_INIT_INFO 0 -6.300000 68.702080
STATIC_OBS_INIT_INFO 1 -6.300000 78.598775
Parent: -17.648157 10.000000 102.000000 0.000000 15.300000 16.464363 -10.000000 4.387481 30.000000 0.000000 0 0 0 0 0 0 0 0
Child: 16.464363 14.382913 145.000000 8.033944 157.950000 0.000000 0.000000 0.000000 0.000000 0.000000 0 0 0 0 0 0 0 0
EGO_STATUS -5.750000 15.631986 0.000000 1.570796 11.574967 4.000000 0.000000
DYNAMIC_OBS_INFO 0 -5.750000 54.418386 1.570796 37.643631 -5.750000 54.418386 11.548588 0.382680
DYNAMIC_OBS_INFO 1 -1.750000 48.051788 1.570796 31.531771 -1.750000 48.051788 13.864000 0.931354
STATIC_OBS_INFO 0 -6.300000 68.702080 51.930239 
STATIC_OBS_INFO 1 -6.300000 78.598775 61.826467 
Parent: -37.161186 10.000000 101.000000 0.000000 15.150000 6.047283 -10.000000 4.291531 39.000000 0.000000 0 0 0 0 0 0 0 0
Child: 6.047283 10.000000 102.000000 0.000000 15.300000 4.547283 0.000000 0.000000 0.000000 0.000000 0 0 0 0 0 0 0 0
Child: 4.547283 13.240143 134.000000 8.029219 139.200000 0.000000 -10.000000 0.000000 0.000000 0.000000 0 0 0 0 0 0 0 0
EGO_STATUS -5.749970 16.774754 0.100000 1.570672 11.280967 3.000000 -2.940000
DYNAMIC_OBS_INFO 0 -5.750000 54.418386 1.570796 37.687021 -5.750000 55.575158 11.586856 0.382680
DYNAMIC_OBS_INFO 1 -1.750000 48.051788 1.570796 30.427615 -1.750000 48.051788 13.864000 0.931354
STATIC_OBS_INFO 0 -6.300000 68.702080 50.816928 
STATIC_OBS_INFO 1 -6.300000 78.598775 60.713136 
Parent: -38.141348 10.000000 101.000000 0.000000 15.150000 4.167117 -10.000000 4.191535 38.000000 0.000000 0 0 0 0 0 0 0 0
Child: 4.167117 10.000000 102.000000 0.000000 15.300000 2.667117 0.000000 0.000000 0.000000 0.000000 0 0 0 0 0 0 0 0
Child: 2.667117 12.126760 123.000000 8.030762 120.450000 0.000000 -10.000000 0.000000 0.000000 0.000000 0 0 0 0 0 0 0 0
EGO_STATUS -5.749239 17.888137 0.200000 1.569219 10.986967 3.000000 -2.940000
DYNAMIC_OBS_INFO 0 -5.750000 54.418386 1.570796 37.763649 -5.750000 56.735757 11.625124 0.382680
DYNAMIC_OBS_INFO 1 -1.750000 48.051788 1.570796 29.352864 -1.750000 48.051788 13.864000 0.931354
STATIC_OBS_INFO 0 -6.300000 68.702080 49.733065 
STATIC_OBS_INFO 1 -6.300000 78.598775 59.629246 
Parent: -38.971287 10.000000 101.000000 0.000000 15.150000 2.437172 -10.000000 4.091541 37.000000 0.000000 0 0 0 0 0 0 0 0
Child: 2.437172 10.000000 102.000000 0.000000 15.300000 0.937172 0.000000 0.000000 0.000000 0.000000 0 0 0 0 0 0 0 0
Child: 0.937172 11.042781 112.000000 8.028878 102.900000 0.000000 -10.000000 0.000000 0.000000 0.000000 0 0 0 0 0 0 0 0
EGO_STATUS -5.745356 18.972108 0.300000 1.564524 10.692967 3.000000 -2.940000
DYNAMIC_OBS_INFO 0 -5.750000 54.418386 1.570796 37.873576 -5.750000 57.900183 11.663392 0.382680
DYNAMIC_OBS_INFO 1 -1.750000 48.051788 1.570796 28.306990 -1.750000 48.051788 13.864000 0.931354
STATIC_OBS_INFO 0 -6.300000 68.702080 48.678757 
STATIC_OBS_INFO 1 -6.300000 78.598775 58.574896 
Parent: -39.254488 10.000000 101.000000 0.000000 15.150000 1.361743 -10.000000 2.883769 35.000000 0.000000 0 0 0 0 0 0 0 0
Child: 1.361743 10.000000 102.000000 0.000000 15.300000 9.861743 -10.000000 0.000000 0.000000 0.000000 0 0 0 0 0 0 0 0
Child: 9.861743 9.988218 101.000000 14.371096 85.350000 0.000000 0.000000 0.000000 0.000000 0.000000 0 0 0 0 0 0 0 0
EGO_STATUS -5.734352 20.026610 0.400000 1.555427 10.398967 3.000000 -2.940000
DYNAMIC_OBS_INFO 0 -5.750000 54.418386 1.570796 38.002203 -5.750000 59.068436 11.701660 0.382680
DYNAMIC_OBS_INFO 1 -1.750000 48.051788 1.570796 27.274791 -1.750000 48.051788 13.864000 0.931354
STATIC_OBS_INFO 0 -6.300000 68.702080 47.639461 
STATIC_OBS_INFO 1 -6.300000 78.598775 57.535530 
Parent: -50.091723 10.000000 101.000000 0.000000 15.150000 -10.375491 -10.000000 2.783769 34.000000 0.000000 0 0 0 0 0 0 0 0
Child: -10.375491 10.000000 102.000000 0.000000 15.300000 -1.875491 -10.000000 0.000000 0.000000 0.000000 0 0 0 0 0 0 0 0
Child: -1.875491 8.948321 91.000000 14.372234 68.250000 0.000000 -10.000000 0.000000 0.000000 0.000000 0 0 0 0 0 0 0 0
EGO_STATUS -5.711703 21.066252 0.500000 1.541963 10.398967 4.000000 0.000000
DYNAMIC_OBS_INFO 0 -5.750000 54.418386 1.570796 38.135166 -5.750000 60.240515 11.739928 0.382680
DYNAMIC_OBS_INFO 1 -1.750000 48.051788 1.570796 26.241300 -1.750000 48.051788 13.864000 0.931354
STATIC_OBS_INFO 0 -6.300000 68.702080 46.600868 
STATIC_OBS_INFO 1 -6.300000 78.598775 56.496824 
Parent: -50.743880 10.000000 101.000000 0.000000 15.150000 -11.927648 -10.000000 2.683769 33.000000 0.000000 0 0 0 0 0 0 0 0
Child: -11.927648 10.000000 102.000000 0.000000 15.300000 -3.427648 -10.000000 0.000000 0.000000 0.000000 0 0 0 0 0 0 0 0
Child: -3.427648 7.908424 81.000000 14.365620 52.950000 0.000000 -10.000000 0.000000 0.000000 0.000000 0 0 0 0 0 0 0 0
EGO_STATUS -5.673282 22.105426 0.600000 1.525448 10.398967 4.000000 0.000000
DYNAMIC_OBS_INFO 0 -5.750000 54.418386 1.570796 38.272848 -5.750000 61.416421 11.778196 0.382680
DYNAMIC_OBS_INFO 1 -1.750000 48.051788 1.570796 25.206424 -1.750000 48.051788 13.864000 0.931354
STATIC_OBS_INFO 0 -6.300000 68.702080 45.563392 
STATIC_OBS_INFO 1 -6.300000 78.598775 55.459173 
Parent: -51.208690 10.000000 101.000000 0.000000 15.150000 -13.292459 -10.000000 2.583769 32.000000 0.000000 0 0 0 0 0 0 0 0
Child: -13.292459 10.000000 102.000000 0.000000 15.300000 -4.792459 -10.000000 0.000000 0.000000 0.000000 0 0 0 0 0 0 0 0
Child: -4.792459 6.868527 70.000000 14.372199 38.700000 0.000000 -10.000000 0.000000 0.000000 0.000000 0 0 0 0 0 0 0 0
EGO_STATUS -5.617312 23.143803 0.700000 1.508753 10.398967 4.000000 0.000000
DYNAMIC_OBS_INFO 0 -5.750000 54.418386 1.570796 38.415482 -5.750000 62.596154 11.816464 0.382680
DYNAMIC_OBS_INFO 1 -1.750000 48.051788 1.570796 24.170451 -1.750000 48.051788 13.864000 0.931354
STATIC_OBS_INFO 0 -6.300000 68.702080 44.527255 
STATIC_OBS_INFO 1 -6.300000 78.598775 54.422788 
Parent: -51.526741 10.000000 101.000000 0.000000 15.150000 -14.510510 -10.000000 2.483769 31.000000 0.000000 0 0 0 0 0 0 0 0
Child: -14.510510 10.000000 102.000000 0.000000 15.300000 -6.010510 -10.000000 0.000000 0.000000 0.000000 0 0 0 0 0 0 0 0
Child: -6.010510 5.828630 60.000000 14.367865 26.700000 0.000000 -10.000000 0.000000 0.000000 0.000000 0 0 0 0 0 0 0 0
EGO_STATUS -5.545590 24.181216 0.800000 1.495785 10.398967 4.000000 0.000000
DYNAMIC_OBS_INFO 0 -5.750000 54.418386 1.570796 38.562854 -5.750000 63.779714 11.854732 0.382680
DYNAMIC_OBS_INFO 1 -1.750000 48.051788 1.570796 23.133972 -1.750000 48.051788 13.864000 0.931354
STATIC_OBS_INFO 0 -6.300000 68.702080 43.492192 
STATIC_OBS_INFO 1 -6.300000 78.598775 53.387398 
Parent: -51.526754 10.000000 101.000000 0.000000 15.150000 -15.410523 -10.000000 2.383769 30.000000 0.000000 0 0 0 0 0 0 0 0
Child: -15.410523 10.000000 102.000000 0.000000 15.300000 -6.910523 -10.000000 0.000000 0.000000 0.000000 0 0 0 0 0 0 0 0
Child: -6.910523 4.788732 49.000000 14.362626 17.250000 0.000000 -10.000000 0.000000 0.000000 0.000000 0 0 0 0 0 0 0 0
EGO_STATUS -5.464177 25.217920 0.900000 1.490696 10.398967 4.000000 0.000000
DYNAMIC_OBS_INFO 0 -5.750000 54.418386 1.570796 38.714194 -5.750000 64.967101 11.893001 0.382680
DYNAMIC_OBS_INFO 1 -1.750000 48.051788 1.570796 22.097840 -1.750000 48.051788 13.864000 0.931354
STATIC_OBS_INFO 0 -6.300000 68.702080 42.457337 
STATIC_OBS_INFO 1 -6.300000 78.598775 52.352159 
Parent: -68.908985 10.000000 101.000000 0.000000 15.150000 -24.654388 -10.000000 3.245402 39.000000 0.000000 0 0 0 0 0 0 0 0
Child: -24.654388 10.000000 101.000000 0.000000 15.150000 -16.154388 -10.000000 0.000000 0.000000 0.000000 0 0 0 0 0 0 0 0
Child: -16.154388 10.000000 102.000000 0.000000 15.300000 -7.654388 -10.000000 0.000000 0.000000 0.000000 0 0 0 0 0 0 0 0
Child: -7.654388 3.748834 39.000000 14.351959 10.050000 0.000000 -10.000000 0.000000 0.000000 0.000000 0 0 0 0 0 0 0 0
EGO_STATUS -5.383060 26.254646 1.000000 1.496711 10.398967 4.000000 0.000000
DYNAMIC_OBS_INFO 0 -5.750000 54.418386 1.570796 38.868493 -5.750000 66.158314 11.931269 0.382680
DYNAMIC_OBS_INFO 1 -1.750000 48.051788 1.570796 21.063313 -1.750000 48.051788 13.864000 0.931354
STATIC_OBS_INFO 0 -6.300000 68.702080 41.421545 
STATIC_OBS_INFO 1 -6.300000 78.598775 51.315978 
Parent: -68.526186 10.000000 101.000000 0.000000 15.150000 -25.171588 -10.000000 3.145402 38.000000 0.000000 0 0 0 0 0 0 0 0
Child: -25.171588 10.000000 101.000000 0.000000 15.150000 -16.671588 -10.000000 0.000000 0.000000 0.000000 0 0 0 0 0 0 0 0
Child: -16.671588 10.000000 102.000000 0.000000 15.300000 -8.171588 -10.000000 0.000000 0.000000 0.000000 0 0 0 0 0 0 0 0
Child: -8.171588 2.708936 29.000000 14.323723 5.250000 0.000000 -10.000000 0.000000 0.000000 0.000000 0 0 0 0 0 0 0 0
EGO_STATUS -5.314436 27.292262 1.100000 1.514586 10.398967 4.000000 0.000000
DYNAMIC_OBS_INFO 0 -5.750000 54.418386 1.570796 39.025172 -5.750000 67.353355 11.969537 0.382680
DYNAMIC_OBS_INFO 1 -1.750000 48.051788 1.570796 21.403009 -1.750000 49.442845 13.957135 0.931354
STATIC_OBS_INFO 0 -6.300000 68.702080 40.384094 
STATIC_OBS_INFO 1 -6.300000 78.598775 50.278198 
Parent: -67.878509 10.000000 101.000000 0.000000 15.150000 -25.423912 -10.000000 3.045402 37.000000 0.000000 0 0 0 0 0 0 0 0
Child: -25.423912 10.000000 101.000000 0.000000 15.150000 -16.923912 -10.000000 0.000000 0.000000 0.000000 0 0 0 0 0 0 0 0
Child: -16.923912 10.000000 102.000000 0.000000 15.300000 -8.423912 -10.000000 0.000000 0.000000 0.000000 0 0 0 0 0 0 0 0
Child: -8.423912 1.669039 18.000000 14.297565 2.700000 0.000000 -10.000000 0.000000 0.000000 0.000000 0 0 0 0 0 0 0 0
EGO_STATUS -5.269216 28.331144 1.200000 1.540700 10.398967 4.000000 0.000000
DYNAMIC_OBS_INFO 0 -5.750000 54.418386 1.570796 39.184535 -5.750000 68.552222 12.007805 0.382680
DYNAMIC_OBS_INFO 1 -1.750000 48.051788 1.570796 21.755949 -1.750000 50.843215 14.050271 0.931354
STATIC_OBS_INFO 0 -6.300000 68.702080 39.345198 
STATIC_OBS_INFO 1 -6.300000 78.598775 49.239083 
Parent: -67.739510 10.000000 101.000000 0.000000 15.150000 -26.184913 -10.000000 2.945402 36.000000 0.000000 0 0 0 0 0 0 0 0
Child: -26.184913 10.000000 101.000000 0.000000 15.150000 -17.684913 -10.000000 0.000000 0.000000 0.000000 0 0 0 0 0 0 0 0
Child: -17.684913 10.000000 102.000000 0.000000 15.300000 -9.184913 -10.000000 0.000000 0.000000 0.000000 0 0 0 0 0 0 0 0
Child: -9.184913 0.629142 8.000000 9.164426 1.200000 0.000000 -10.000000 0.000000 0.000000 0.000000 0 0 0 0 0 0 0 0
EGO_STATUS -5.251328 29.370860 1.300000 1.564824 10.398967 4.000000 0.000000
DYNAMIC_OBS_INFO 0 -5.750000 54.418386 1.570796 39.347338 -5.750000 69.754915 12.046073 0.382680
DYNAMIC_OBS_INFO 1 -1.750000 48.051788 1.570796 22.120788 -1.750000 52.252899 14.143406 0.931354
STATIC_OBS_INFO 0 -6.300000 68.702080 38.305719 
STATIC_OBS_INFO 1 -6.300000 78.598775 48.199458 
Parent: -57.716211 10.000000 101.000000 0.000000 15.150000 -17.061613 -10.000000 2.845402 35.000000 0.000000 0 0 0 0 0 0 0 0
Child: -17.061613 10.000000 101.000000 0.000000 15.150000 -8.561613 -10.000000 0.000000 0.000000 0.000000 0 0 0 0 0 0 0 0
Child: -8.561613 9.589246 97.000000 0.000000 14.550000 0.000000 -10.000000 0.000000 0.000000 0.000000 0 0 0 0 0 0 0 0
EGO_STATUS -5.250000 30.410754 1.400000 1.570796 10.398967 4.000000 0.000000
DYNAMIC_OBS_INFO 0 -5.750000 54.418386 1.570796 39.513949 -5.750000 70.961436 12.084341 0.382680
DYNAMIC_OBS_INFO 1 -1.750000 48.051788 1.570796 22.495194 -1.750000 53.671896 14.236542 0.931354
STATIC_OBS_INFO 0 -6.300000 68.702080 37.266224 
STATIC_OBS_INFO 1 -6.300000 78.598775 47.159814 
Parent: -56.972195 10.000000 101.000000 0.000000 15.150000 -17.217598 -10.000000 2.745402 34.000000 0.000000 0 0 0 0 0 0 0 0
Child: -17.217598 10.000000 101.000000 0.000000 15.150000 -8.717598 -10.000000 0.000000 0.000000 0.000000 0 0 0 0 0 0 0 0
Child: -8.717598 8.549349 87.000000 0.000000 13.050000 0.000000 -10.000000 0.000000 0.000000 0.000000 0 0 0 0 0 0 0 0
EGO_STATUS -5.250000 31.450651 1.500000 1.570796 10.398967 4.000000 0.000000
DYNAMIC_OBS_INFO 0 -5.750000 54.418386 1.570796 39.684386 -5.750000 72.171784 12.122609 0.382680
DYNAMIC_OBS_INFO 1 -1.750000 48.051788 1.570796 22.878957 -1.750000 55.100207 14.329677 0.931354
STATIC_OBS_INFO 0 -6.300000 68.702080 36.226752 
STATIC_OBS_INFO 1 -6.300000 78.598775 46.120181 
Parent: -56.228180 10.000000 101.000000 0.000000 15.150000 -17.373582 -10.000000 2.645402 33.000000 0.000000 0 0 0 0 0 0 0 0
Child: -17.373582 10.000000 101.000000 0.000000 15.150000 -8.873582 -10.000000 0.000000 0.000000 0.000000 0 0 0 0 0 0 0 0
Child: -8.873582 7.509452 77.000000 0.000000 11.550000 0.000000 -10.000000 0.000000 0.000000 0.000000 0 0 0 0 0 0 0 0
EGO_STATUS -5.250000 32.490548 1.600000 1.570796 10.398967 4.000000 0.000000
DYNAMIC_OBS_INFO 0 -5.750000 54.418386 1.570796 39.858650 -5.750000 73.385958 12.160877 0.382680
DYNAMIC_OBS_INFO 1 -1.750000 48.051788 1.570796 23.272083 -1.750000 56.537832 14.422812 0.931354
STATIC_OBS_INFO 0 -6.300000 68.702080 35.187305 
STATIC_OBS_INFO 1 -6.300000 78.598775 45.080560 
Parent: -55.484164 10.000000 101.000000 0.000000 15.150000 -17.529567 -10.000000 2.545402 32.000000 0.000000 0 0 0 0 0 0 0 0
Child: -17.529567 10.000000 101.000000 0.000000 15.150000 -9.029567 -10.000000 0.000000 0.000000 0.000000 0 0 0 0 0 0 0 0
Child: -9.029567 6.469555 66.000000 0.000000 9.900000 0.000000 -10.000000 0.000000 0.000000 0.000000 0 0 0 0 0 0 0 0
EGO_STATUS -5.250000 33.530445 1.700000 1.570796 10.398967 4.000000 0.000000
DYNAMIC_OBS_INFO 0 -5.750000 54.418386 1.570796 40.036740 -5.750000 74.603959 12.199145 0.382680
DYNAMIC_OBS_INFO 1 -1.750000 48.051788 1.570796 23.674574 -1.750000 57.984770 14.515948 0.931354
STATIC_OBS_INFO 0 -6.300000 68.702080 34.147886 
STATIC_OBS_INFO 1 -6.300000 78.598775 44.040952 
Parent: -54.740149 10.000000 101.000000 0.000000 15.150000 -17.685551 -10.000000 2.445402 31.000000 0.000000 0 0 0 0 0 0 0 0
Child: -17.685551 10.000000 101.000000 0.000000 15.150000 -9.185551 -10.000000 0.000000 0.000000 0.000000 0 0 0 0 0 0 0 0
Child: -9.185551 5.429659 56.000000 0.000000 8.400000 0.000000 -10.000000 0.000000 0.000000 0.000000 0 0 0 0 0 0 0 0
EGO_STATUS -5.250000 34.570341 1.800000 1.570796 10.398967 4.000000 0.000000
DYNAMIC_OBS_INFO 0 -5.750000 54.418386 1.570796 40.218657 -5.750000 75.825787 12.237413 0.382680
DYNAMIC_OBS_INFO 1 -1.750000 48.051788 1.570796 24.086432 -1.750000 59.441021 14.609083 0.931354
STATIC_OBS_INFO 0 -6.300000 68.702080 33.108496 
STATIC_OBS_INFO 1 -6.300000 78.598775 43.001358 
Parent: -53.996133 10.000000 101.000000 0.000000 15.150000 -17.841536 -10.000000 2.345402 30.000000 0.000000 0 0 0 0 0 0 0 0
Child: -17.841536 10.000000 101.000000 0.000000 15.150000 -9.341536 -10.000000 0.000000 0.000000 0.000000 0 0 0 0 0 0 0 0
Child: -9.341536 4.389762 45.000000 0.000000 6.750000 0.000000 -10.000000 0.000000 0.000000 0.000000 0 0 0 0 0 0 0 0
EGO_STATUS -5.250000 35.610238 1.900000 1.570796 10.398967 4.000000 0.000000
DYNAMIC_OBS_INFO 0 -5.750000 54.418386 1.570796 40.404401 -5.750000 77.051442 12.275681 0.382680
DYNAMIC_OBS_INFO 1 -1.750000 48.051788 1.570796 24.507661 -1.750000 60.906586 14.702219 0.931354
STATIC_OBS_INFO 0 -6.300000 68.702080 32.069140 
STATIC_OBS_INFO 1 -6.300000 78.598775 41.961779 
Parent: 163.069278 20.435104 206.000000 12.072385 2061.400000 -7.997520 0.000000 4.379304 39.000000 0.000000 0 0 0 0 0 0 0 0
Child: -7.997520 10.000000 101.000000 0.000000 15.150000 -9.497520 0.000000 0.000000 0.000000 0.000000 0 0 0 0 0 0 0 0
Child: -9.497520 3.349865 35.000000 0.000000 5.250000 0.000000 -10.000000 0.000000 0.000000 0.000000 0 0 0 0 0 0 0 0
EGO_STATUS -5.250000 36.650135 2.000000 1.570796 10.398967 4.000000 0.000000
DYNAMIC_OBS_INFO 0 -5.750000 54.418386 1.570796 40.593971 -5.750000 78.280923 12.313949 0.382680
DYNAMIC_OBS_INFO 1 -1.750000 48.051788 1.570796 24.938261 -1.750000 62.381465 14.795354 0.931354
STATIC_OBS_INFO 0 -6.300000 68.702080 31.029819 
STATIC_OBS_INFO 1 -6.300000 78.598775 40.922216 
Parent: 163.813294 20.435104 206.000000 12.072385 2061.400000 -8.153505 0.000000 4.279304 38.000000 0.000000 0 0 0 0 0 0 0 0
Child: -8.153505 10.000000 101.000000 0.000000 15.150000 -9.653505 0.000000 0.000000 0.000000 0.000000 0 0 0 0 0 0 0 0
Child: -9.653505 2.309968 25.000000 0.000000 3.750000 0.000000 -10.000000 0.000000 0.000000 0.000000 0 0 0 0 0 0 0 0
EGO_STATUS -5.250000 37.690032 2.100000 1.570796 10.398967 4.000000 0.000000
DYNAMIC_OBS_INFO 0 -5.750000 54.418386 1.570796 40.787368 -5.750000 79.514231 12.352217 0.382680
DYNAMIC_OBS_INFO 1 -1.750000 48.051788 1.570796 25.378236 -1.750000 63.865657 14.888490 0.931354
STATIC_OBS_INFO 0 -6.300000 68.702080 29.990538 
STATIC_OBS_INFO 1 -6.300000 78.598775 39.882670 
Parent: 164.690945 20.435104 206.000000 10.245074 2061.400000 -8.309489 0.000000 4.494208 37.000000 0.000000 0 0 0 0 0 0 0 0
Child: -8.309489 10.000000 101.000000 0.000000 15.150000 0.190511 -10.000000 0.000000 0.000000 0.000000 0 0 0 0 0 0 0 0
Child: 0.190511 1.270072 14.000000 0.000000 2.100000 0.000000 0.000000 0.000000 0.000000 0.000000 0 0 0 0 0 0 0 0
EGO_STATUS -5.250000 38.729928 2.200000 1.570796 10.398967 4.000000 0.000000
DYNAMIC_OBS_INFO 0 -5.750000 54.418386 1.570796 40.999318 -5.750000 80.751366 12.390485 0.382680
DYNAMIC_OBS_INFO 1 -1.750000 48.051788 1.570796 25.842178 -1.750000 65.359163 14.981625 0.931354
STATIC_OBS_INFO 0 -6.300000 68.702080 28.966020 
STATIC_OBS_INFO 1 -6.300000 78.598775 38.857866 
Parent: 155.437176 20.435104 206.000000 10.245035 2061.400000 -18.463265 0.000000 4.394219 36.000000 0.000000 0 0 0 0 0 0 0 0
Child: -18.463265 10.000000 101.000000 0.000000 15.150000 -9.963265 -10.000000 0.000000 0.000000 0.000000 0 0 0 0 0 0 0 0
Child: -9.963265 0.244902 4.000000 0.000000 0.600000 0.000000 -10.000000 0.000000 0.000000 0.000000 0 0 0 0 0 0 0 0
EGO_STATUS -5.250000 39.755098 2.300000 1.570796 10.104967 3.000000 -2.940000
DYNAMIC_OBS_INFO 0 -5.750000 54.418386 1.570796 41.244503 -5.750000 81.992328 12.428753 0.382680
DYNAMIC_OBS_INFO 1 -1.750000 48.051788 1.570796 26.344656 -1.750000 66.861982 15.074760 0.931354
STATIC_OBS_INFO 0 -6.300000 68.702080 27.970939 
STATIC_OBS_INFO 1 -6.300000 78.598775 37.862480 
Parent: 166.187821 20.435104 206.000000 10.244980 2061.400000 -8.612628 0.000000 4.294233 35.000000 0.000000 0 0 0 0 0 0 0 0
Child: -8.612628 9.249144 94.000000 0.000000 14.100000 0.000000 -10.000000 0.000000 0.000000 0.000000 0 0 0 0 0 0 0 0
EGO_STATUS -5.250000 40.750856 2.400000 1.570796 9.810967 3.000000 -2.940000
DYNAMIC_OBS_INFO 0 -5.750000 54.418386 1.570796 41.522911 -5.750000 83.237117 12.467021 0.382680
DYNAMIC_OBS_INFO 1 -1.750000 48.051788 1.570796 26.885688 -1.750000 68.374115 15.167896 0.931354
STATIC_OBS_INFO 0 -6.300000 68.702080 27.005284 
STATIC_OBS_INFO 1 -6.300000 78.598775 36.896501 
Parent: 166.942876 20.435104 206.000000 10.244928 2061.400000 -8.757583 0.000000 4.194247 34.000000 0.000000 0 0 0 0 0 0 0 0
Child: -8.757583 8.282783 84.000000 0.000000 12.600000 0.000000 -10.000000 0.000000 0.000000 0.000000 0 0 0 0 0 0 0 0
EGO_STATUS -5.250000 41.717217 2.500000 1.570796 9.516967 3.000000 -2.940000
DYNAMIC_OBS_INFO 0 -5.750000 54.418386 1.570796 41.834547 -5.750000 84.485733 12.505289 0.382680
DYNAMIC_OBS_INFO 1 -1.750000 48.051788 1.570796 27.465309 -1.750000 69.895561 15.261031 0.931354
STATIC_OBS_INFO 0 -6.300000 68.702080 26.069061 
STATIC_OBS_INFO 1 -6.300000 78.598775 35.959934 
Parent: 167.702342 20.435104 206.000000 10.244870 2061.400000 -8.898126 0.000000 4.094262 33.000000 0.000000 0 0 0 0 0 0 0 0
Child: -8.898126 7.345827 75.000000 0.000000 11.250000 0.000000 -10.000000 0.000000 0.000000 0.000000 0 0 0 0 0 0 0 0
EGO_STATUS -5.250000 42.654173 2.600000 1.570796 9.222967 3.000000 -2.940000
DYNAMIC_OBS_INFO 0 -5.750000 54.418386 1.570796 42.179381 -5.750000 85.738175 12.543557 0.382680
DYNAMIC_OBS_INFO 1 -1.750000 48.051788 1.570796 28.083517 -1.750000 71.426321 15.354167 0.931354
STATIC_OBS_INFO 0 -6.300000 68.702080 25.162240 
STATIC_OBS_INFO 1 -6.300000 78.598775 35.052747 
Parent: 168.466207 20.435104 206.000000 10.244851 2061.400000 -9.034264 0.000000 3.994267 32.000000 0.000000 0 0 0 0 0 0 0 0
Child: -9.034264 6.438243 66.000000 0.000000 9.900000 0.000000 -10.000000 0.000000 0.000000 0.000000 0 0 0 0 0 0 0 0
EGO_STATUS -5.250000 43.561757 2.700000 1.570796 8.928967 3.000000 -2.940000
DYNAMIC_OBS_INFO 0 -5.750000 54.418386 1.570796 42.557461 -5.750000 86.994444 12.581825 0.382680
DYNAMIC_OBS_INFO 1 -1.750000 48.051788 1.570796 28.740385 -1.750000 72.966395 15.447302 0.931354
STATIC_OBS_INFO 0 -6.300000 68.702080 24.284870 
STATIC_OBS_INFO 1 -6.300000 78.598775 34.174988 
Parent: 169.234491 20.435104 206.000000 10.244803 2061.400000 -9.165988 0.000000 3.894279 31.000000 0.000000 0 0 0 0 0 0 0 0
Child: -9.165988 5.560080 57.000000 0.000000 8.550000 0.000000 -10.000000 0.000000 0.000000 0.000000 0 0 0 0 0 0 0 0
EGO_STATUS -5.250000 44.439920 2.800000 1.570796 8.634967 3.000000 -2.940000
DYNAMIC_OBS_INFO 0 -5.750000 54.418386 1.570796 42.968785 -5.750000 88.254540 12.620093 0.382680
DYNAMIC_OBS_INFO 1 -1.750000 48.051788 1.570796 29.435937 -1.750000 74.515782 15.540438 0.931354
STATIC_OBS_INFO 0 -6.300000 68.702080 23.436948 
STATIC_OBS_INFO 1 -6.300000 78.598775 33.326655 
Parent: 170.007191 20.435104 206.000000 10.244727 2061.400000 -9.293300 0.000000 3.794299 30.000000 0.000000 0 0 0 0 0 0 0 0
Child: -9.293300 4.711336 49.000000 0.000000 7.350000 0.000000 -10.000000 0.000000 0.000000 0.000000 0 0 0 0 0 0 0 0
EGO_STATUS -5.250000 45.288664 2.900000 1.570796 8.340967 3.000000 -2.940000
DYNAMIC_OBS_INFO 0 -5.750000 54.418386 1.570796 43.413317 -5.750000 89.518463 12.658361 0.382680
DYNAMIC_OBS_INFO 1 -1.750000 48.051788 1.570796 30.170159 -1.750000 76.074482 15.633573 0.931354
STATIC_OBS_INFO 0 -6.300000 68.702080 22.618440 
STATIC_OBS_INFO 1 -6.300000 78.598775 32.507711 
Parent: 462.477781 30.652656 308.000000 10.562852 5079.800000 0.583796 -10.000000 4.292876 39.000000 0.000000 0 0 0 0 0 0 0 0
Child: 0.583796 3.891974 40.000000 0.000000 6.000000 0.000000 0.000000 0.000000 0.000000 0.000000 0 0 0 0 0 0 0 0
EGO_STATUS -5.250000 46.108026 3.000000 1.570796 8.046967 3.000000 -2.940000
DYNAMIC_OBS_INFO 0 -5.750000 54.418386 1.570796 43.876339 -5.750000 90.786212 12.696630 0.382680
DYNAMIC_OBS_INFO 1 -1.750000 48.051788 1.570796 30.928450 -1.750000 77.642496 15.726708 0.931354
STATIC_OBS_INFO 0 -6.300000 68.702080 21.814642 
STATIC_OBS_INFO 1 -6.300000 78.598775 31.703445 
Parent: 452.257077 30.652656 308.000000 10.562852 5079.800000 -9.536908 -10.000000 4.192876 39.000000 0.000000 0 0 0 0 0 0 0 0
Child: -9.536908 3.087278 32.000000 0.000000 4.800000 0.000000 -10.000000 0.000000 0.000000 0.000000 0 0 0 0 0 0 0 0
EGO_STATUS -5.250000 46.912722 3.100000 1.570796 8.046967 4.000000 0.000000
DYNAMIC_OBS_INFO 0 -5.750000 54.418386 1.570796 44.343189 -5.750000 92.057789 12.734898 0.382680
DYNAMIC_OBS_INFO 1 -1.750000 48.051788 1.570796 31.696238 -1.750000 79.219824 15.819844 0.931354
STATIC_OBS_INFO 0 -6.300000 68.702080 21.010914 
STATIC_OBS_INFO 1 -6.300000 78.598775 30.899201 
Parent: 453.036372 30.652656 308.000000 10.562852 5079.800000 -9.657613 -10.000000 4.092876 38.000000 0.000000 0 0 0 0 0 0 0 0
Child: -9.657613 2.282581 24.000000 0.000000 3.600000 0.000000 -10.000000 0.000000 0.000000 0.000000 0 0 0 0 0 0 0 0
EGO_STATUS -5.250000 47.717419 3.200000 1.570796 8.046967 4.000000 0.000000
DYNAMIC_OBS_INFO 0 -5.750000 54.418386 1.570796 44.813865 -5.750000 93.333192 12.773166 0.382680
DYNAMIC_OBS_INFO 1 -1.750000 48.051788 1.570796 32.473515 -1.750000 80.806465 15.912979 0.931354
STATIC_OBS_INFO 0 -6.300000 68.702080 20.207263 
STATIC_OBS_INFO 1 -6.300000 78.598775 30.094981 
Parent: 378.570685 10.000000 101.000000 20.000000 2055.350000 206.072415 0.000000 4.018072 37.000000 0.000000 0 0 1 0 0 0 0 0
Child: 206.072415 20.435104 206.000000 13.717939 2061.400000 0.221683 0.000000 0.000000 0.000000 0.000000 0 0 0 0 0 0 0 0
Child: 0.221683 1.477884 16.000000 0.000000 2.400000 0.000000 0.000000 0.000000 0.000000 0.000000 0 0 0 0 0 0 0 0
EGO_STATUS -5.250000 48.522116 3.300000 1.570796 8.046967 4.000000 0.000000
DYNAMIC_OBS_INFO 0 -5.750000 54.418386 1.570796 45.303091 -5.750000 94.612422 12.811434 0.382680
DYNAMIC_OBS_INFO 1 -1.750000 48.051788 1.570796 33.274914 -1.750000 82.402420 16.006115 0.931354
STATIC_OBS_INFO 0 -6.300000 68.702080 19.418399 
STATIC_OBS_INFO 1 -6.300000 78.598775 29.305501 
Parent: 369.352193 10.000000 101.000000 20.000000 2055.350000 195.953916 0.000000 3.918079 36.000000 0.000000 0 0 1 0 0 0 0 0
Child: 195.953916 20.435104 206.000000 13.717907 2061.400000 -9.896814 0.000000 0.000000 0.000000 0.000000 0 0 0 0 0 0 0 0
Child: -9.896814 0.687909 8.000000 0.000000 1.200000 0.000000 -10.000000 0.000000 0.000000 0.000000 0 0 0 0 0 0 0 0
EGO_STATUS -5.250000 49.312091 3.400000 1.570796 7.752967 3.000000 -2.940000
DYNAMIC_OBS_INFO 0 -5.750000 54.418386 1.570796 45.825380 -5.750000 95.895479 12.849702 0.382680
DYNAMIC_OBS_INFO 1 -1.750000 48.051788 1.570796 34.114877 -1.750000 84.007688 16.099250 0.931354
STATIC_OBS_INFO 0 -6.300000 68.702080 18.658821 
STATIC_OBS_INFO 1 -6.300000 78.598775 28.545266 
Parent: 370.101805 10.000000 101.000000 20.000000 2055.350000 195.803542 0.000000 3.818064 35.000000 0.000000 0 0 1 0 0 0 0 0
Child: 195.803542 20.362167 205.000000 13.716414 2058.250000 0.000000 -10.000000 0.000000 0.000000 0.000000 0 0 0 0 0 0 0 0
EGO_STATUS -5.249996 50.072826 3.500000 1.570707 7.487563 4.000000 0.000000
DYNAMIC_OBS_INFO 0 -5.750000 54.418386 1.570796 46.363505 -5.750000 97.182362 12.887970 0.382680
DYNAMIC_OBS_INFO 1 -1.750000 48.051788 1.570796 34.976030 -1.750000 85.622270 16.192386 0.931354
STATIC_OBS_INFO 0 -6.300000 68.702080 17.911436 
STATIC_OBS_INFO 1 -6.300000 78.598775 27.797120 
Parent: 358.130053 10.000000 101.000000 0.000000 2055.350000 195.675040 -10.000000 3.955013 35.000000 0.000000 0 0 0 0 0 0 0 0
Child: 195.675040 19.613408 198.000000 13.717323 2062.600000 0.000000 -10.000000 0.000000 0.000000 0.000000 0 0 0 0 0 0 0 0
EGO_STATUS -5.247781 50.821577 3.600000 1.563016 7.487563 4.000000 0.000000
DYNAMIC_OBS_INFO 0 -5.750000 54.418386 1.570796 46.905670 -5.750000 98.473072 12.926238 0.382680
DYNAMIC_OBS_INFO 1 -1.750000 48.051788 1.570796 35.845812 -1.750000 87.246165 16.285521 0.931354
STATIC_OBS_INFO 0 -6.300000 68.702080 17.164891 
STATIC_OBS_INFO 1 -6.300000 78.598775 27.049502 
Parent: 370.565626 10.000000 101.000000 20.000000 2055.350000 195.467364 0.000000 3.618063 34.000000 0.000000 0 0 1 0 0 0 0 0
Child: 195.467364 18.864647 190.000000 13.715859 2055.700000 0.000000 -10.000000 0.000000 0.000000 0.000000 0 0 0 0 0 0 0 0
EGO_STATUS -5.235601 51.570223 3.700000 1.544596 7.487563 4.000000 0.000000
DYNAMIC_OBS_INFO 0 -5.750000 54.418386 1.570796 47.452334 -5.750000 99.767610 12.964506 0.382680
DYNAMIC_OBS_INFO 1 -1.750000 48.051788 1.570796 36.724008 -1.750000 88.879374 16.378656 0.931354
STATIC_OBS_INFO 0 -6.300000 68.702080 16.420145 
STATIC_OBS_INFO 1 -6.300000 78.598775 26.303127 
Parent: 371.288555 10.000000 101.000000 20.000000 2055.350000 195.290295 0.000000 3.518062 33.000000 0.000000 0 0 1 0 0 0 0 0
Child: 195.290295 18.115885 183.000000 13.716944 2060.050000 0.000000 -10.000000 0.000000 0.000000 0.000000 0 0 0 0 0 0 0 0
EGO_STATUS -5.206461 52.318389 3.800000 1.518153 7.487563 4.000000 0.000000
DYNAMIC_OBS_INFO 0 -5.750000 54.418386 1.570796 48.004294 -5.750000 101.065974 13.002774 0.382680
DYNAMIC_OBS_INFO 1 -1.750000 48.051788 1.570796 37.611011 -1.750000 90.521896 16.471792 0.931354
STATIC_OBS_INFO 0 -6.300000 68.702080 15.678559 
STATIC_OBS_INFO 1 -6.300000 78.598775 25.559057 
Parent: 372.045203 10.000000 101.000000 20.000000 2055.350000 195.146943 0.000000 3.418062 32.000000 0.000000 0 0 1 0 0 0 0 0
Child: 195.146943 17.367123 175.000000 13.715304 2053.450000 0.000000 -10.000000 0.000000 0.000000 0.000000 0 0 0 0 0 0 0 0
EGO_STATUS -5.155327 53.065363 3.900000 1.486170 7.487563 4.000000 0.000000
DYNAMIC_OBS_INFO 0 -5.750000 54.418386 1.570796 48.562626 -5.750000 102.368164 13.041042 0.382680
DYNAMIC_OBS_INFO 1 -1.750000 48.051788 1.570796 38.507722 -1.750000 92.173732 16.564927 0.931354
STATIC_OBS_INFO 0 -6.300000 68.702080 14.941879 
STATIC_OBS_INFO 1 -6.300000 78.598775 24.818654 
Parent: 371.650881 10.000000 101.000000 20.000000 2055.350000 194.852622 0.000000 3.318061 32.000000 0.000000 0 0 1 0 0 0 0 0
Child: 194.852622 16.618362 168.000000 13.716547 2057.200000 0.000000 -10.000000 0.000000 0.000000 0.000000 0 0 0 0 0 0 0 0
EGO_STATUS -5.078975 53.810174 4.000000 1.450904 7.487563 4.000000 0.000000
DYNAMIC_OBS_INFO 0 -5.750000 54.418386 1.570796 49.128535 -5.750000 103.674182 13.079310 0.382680
DYNAMIC_OBS_INFO 1 -1.750000 48.051788 1.570796 39.415360 -1.750000 93.834882 16.658063 0.931354
STATIC_OBS_INFO 0 -6.300000 68.702080 14.212155 
STATIC_OBS_INFO 1 -6.300000 78.598775 24.083458 
Parent: 360.466052 10.000000 101.000000 0.000000 2055.350000 194.511043 -10.000000 3.455009 31.000000 0.000000 0 0 0 0 0 0 0 0
Child: 194.511043 15.869600 160.000000 13.714989 2048.200000 0.000000 -10.000000 0.000000 0.000000 0.000000 0 0 0 0 0 0 0 0
EGO_STATUS -4.975827 54.551747 4.100000 1.414387 7.487563 4.000000 0.000000
DYNAMIC_OBS_INFO 0 -5.750000 54.418386 1.570796 49.703173 -5.750000 104.984026 13.117578 0.382680
DYNAMIC_OBS_INFO 1 -1.750000 48.051788 1.570796 40.335243 -1.750000 95.505345 16.751198 0.931354
STATIC_OBS_INFO 0 -6.300000 68.702080 13.491603 
STATIC_OBS_INFO 1 -6.300000 78.598775 23.355013 
Parent: 372.241961 10.000000 101.000000 20.000000 2055.350000 193.643704 0.000000 3.118060 30.000000 0.000000 0 0 1 0 0 0 0 0
Child: 193.643704 15.120839 153.000000 13.716004 2046.850000 0.000000 -10.000000 0.000000 0.000000 0.000000 0 0 0 0 0 0 0 0
EGO_STATUS -4.845777 55.289079 4.200000 1.378427 7.487563 4.000000 0.000000
DYNAMIC_OBS_INFO 0 -5.750000 54.418386 1.570796 50.287457 -5.750000 106.297698 13.155846 0.382680
DYNAMIC_OBS_INFO 1 -1.750000 48.051788 1.570796 41.268565 -1.750000 97.185121 16.844334 0.931354
STATIC_OBS_INFO 0 -6.300000 68.702080 12.782465 
STATIC_OBS_INFO 1 -6.300000 78.598775 22.634693 
Parent: 858.469790 10.000000 101.000000 20.000000 2055.350000 699.071174 -10.000000 2.918419 39.000000 0.000000 0 0 1 0 0 0 0 0
Child: 699.071174 10.000000 101.000000 20.000000 2055.350000 503.590976 -10.000000 0.000000 0.000000 0.000000 0 0 1 0 0 0 0 0
Child: 503.590976 14.372077 145.000000 3048.583223 2032.150000 0.000000 0.000000 0.000000 0.000000 0.000000 1 0 1 0 0 0 0 0
EGO_STATUS -4.690001 56.021413 4.300000 1.344607 7.487563 4.000000 0.000000
DYNAMIC_OBS_INFO 0 -5.750000 54.418386 1.570796 50.867746 -5.750000 107.615196 13.194114 0.382680
DYNAMIC_OBS_INFO 1 -1.750000 48.051788 1.570796 42.201725 -1.750000 98.874212 16.937469 0.931354
STATIC_OBS_INFO 0 -6.300000 68.702080 12.073321 
STATIC_OBS_INFO 1 -6.300000 78.598775 21.909624 
Parent: 845.138053 10.000000 101.000000 20.000000 2055.350000 685.839440 -10.000000 2.818415 39.000000 0.000000 0 0 1 0 0 0 0 0
Child: 685.839440 10.000000 101.000000 20.000000 2055.350000 490.359242 -10.000000 0.000000 0.000000 0.000000 0 0 1 0 0 0 0 0
Child: 490.359242 13.608560 138.000000 3048.581042 2025.400000 0.000000 -10.000000 0.000000 0.000000 0.000000 1 0 1 0 0 0 0 0
EGO_STATUS -4.507006 56.762639 4.400000 1.313728 7.781563 0.000000 2.940000
DYNAMIC_OBS_INFO 0 -5.750000 54.418386 1.570796 51.430570 -5.750000 108.936520 13.232382 0.382680
DYNAMIC_OBS_INFO 1 -1.750000 48.051788 1.570796 43.121225 -1.750000 100.572615 17.030605 0.931354
STATIC_OBS_INFO 0 -6.300000 68.702080 11.354016 
STATIC_OBS_INFO 1 -6.300000 78.598775 21.167428 
Parent: 844.019838 10.000000 101.000000 20.000000 2055.350000 683.821226 -10.000000 2.718414 38.000000 0.000000 0 0 1 0 0 0 0 0
Child: 683.821226 10.000000 101.000000 20.000000 2055.350000 488.341028 -10.000000 0.000000 0.000000 0.000000 0 0 1 0 0 0 0 0
Child: 488.341028 12.815689 130.000000 3048.580136 2006.500000 0.000000 -10.000000 0.000000 0.000000 0.000000 1 0 1 0 0 0 0 0
EGO_STATUS -4.294743 57.526543 4.500000 1.286784 8.075563 0.000000 2.940000
DYNAMIC_OBS_INFO 0 -5.750000 54.418386 1.570796 51.976071 -5.750000 110.261672 13.270650 0.382680
DYNAMIC_OBS_INFO 1 -1.750000 48.051788 1.570796 44.027504 -1.750000 102.280333 17.123740 0.931354
STATIC_OBS_INFO 0 -6.300000 68.702080 10.628555 
STATIC_OBS_INFO 1 -6.300000 78.598775 20.409343 
Parent: 844.317613 10.000000 101.000000 20.000000 2055.350000 683.219004 -10.000000 2.618411 37.000000 0.000000 0 0 1 0 0 0 0 0
Child: 683.219004 10.000000 101.000000 20.000000 2055.350000 487.738806 -10.000000 0.000000 0.000000 0.000000 0 0 1 0 0 0 0 0
Child: 487.738806 11.993392 121.000000 3048.581593 1973.050000 0.000000 -10.000000 0.000000 0.000000 0.000000 1 0 1 0 0 0 0 0
EGO_STATUS -4.055452 58.313231 4.600000 1.265486 8.369563 0.000000 2.940000
DYNAMIC_OBS_INFO 0 -5.750000 54.418386 1.570796 52.503592 -5.750000 111.590651 13.308918 0.382680
DYNAMIC_OBS_INFO 1 -1.750000 48.051788 1.570796 44.920316 -1.750000 103.997363 17.216875 0.931354
STATIC_OBS_INFO 0 -6.300000 68.702080 9.901147 
STATIC_OBS_INFO 1 -6.300000 78.598775 19.635914 
Parent: 839.943927 10.000000 101.000000 20.000000 2055.350000 677.945321 -10.000000 2.518408 36.000000 0.000000 0 0 1 0 0 0 0 0
Child: 677.945321 10.000000 101.000000 20.000000 2055.350000 482.465123 -10.000000 0.000000 0.000000 0.000000 0 0 1 0 0 0 0 0
Child: 482.465123 11.141679 113.000000 3048.579688 1946.050000 0.000000 -10.000000 0.000000 0.000000 0.000000 1 0 1 0 0 0 0 0
EGO_STATUS -3.793166 59.123537 4.700000 1.251469 8.663563 0.000000 2.940000
DYNAMIC_OBS_INFO 0 -5.750000 54.418386 1.570796 53.011522 -5.750000 112.923456 13.347186 0.382680
DYNAMIC_OBS_INFO 1 -1.750000 48.051788 1.570796 45.798556 -1.750000 105.723708 17.310011 0.931354
STATIC_OBS_INFO 0 -6.300000 68.702080 9.176206 
STATIC_OBS_INFO 1 -6.300000 78.598775 18.846751 
Parent: 835.899184 10.000000 101.000000 20.000000 2055.350000 674.000581 -10.000000 2.418406 36.000000 0.000000 0 0 1 0 0 0 0 0
Child: 674.000581 10.000000 101.000000 20.000000 2055.350000 478.520383 -10.000000 0.000000 0.000000 0.000000 0 0 1 0 0 0 0 0
Child: 478.520383 10.260589 104.000000 3048.579354 1903.000000 0.000000 -10.000000 0.000000 0.000000 0.000000 1 0 1 0 0 0 0 0
EGO_STATUS -3.513699 59.959124 4.800000 1.246189 8.957563 0.000000 2.940000
DYNAMIC_OBS_INFO 0 -5.750000 54.418386 1.570796 53.497253 -5.750000 114.260088 13.385454 0.382680
DYNAMIC_OBS_INFO 1 -1.750000 48.051788 1.570796 46.660196 -1.750000 107.459365 17.403146 0.931354
STATIC_OBS_INFO 0 -6.300000 68.702080 8.458505 
STATIC_OBS_INFO 1 -6.300000 78.598775 18.040370 
Parent: 825.707414 29.400959 296.000000 3050.247132 5692.400000 0.000000 -10.000000 2.321568 35.000000 0.000000 1 0 1 0 0 0 0 0
EGO_STATUS -3.224593 60.822476 4.900000 1.250827 9.251563 0.000000 2.940000
DYNAMIC_OBS_INFO 0 -5.750000 54.418386 1.570796 53.957371 -5.750000 115.600547 13.423722 0.382680
DYNAMIC_OBS_INFO 1 -1.750000 48.051788 1.570796 47.502468 -1.750000 109.204337 17.496282 0.931354
STATIC_OBS_INFO 0 -6.300000 68.702080 7.753646 
STATIC_OBS_INFO 1 -6.300000 78.598775 17.214205 
Parent: 809.709979 10.000000 101.000000 20.000000 2055.350000 646.011370 -10.000000 2.218410 34.000000 0.000000 0 0 1 0 0 0 0 0
Child: 646.011370 10.000000 101.000000 20.000000 2055.350000 450.531172 -10.000000 0.000000 0.000000 0.000000 0 0 1 0 0 0 0 0
Child: 450.531172 8.410354 86.000000 3048.757454 1660.400000 0.000000 -10.000000 0.000000 0.000000 0.000000 1 0 1 0 0 0 0 0
EGO_STATUS -2.935057 61.716653 5.000000 1.266139 9.545563 0.000000 2.940000
DYNAMIC_OBS_INFO 0 -5.750000 54.418386 1.570796 54.388155 -5.750000 116.944832 13.461990 0.382680
DYNAMIC_OBS_INFO 1 -1.750000 48.051788 1.570796 48.322337 -1.750000 110.958622 17.589417 0.931354
STATIC_OBS_INFO 0 -6.300000 68.702080 7.069099 
STATIC_OBS_INFO 1 -6.300000 78.598775 16.364943 
Parent: 793.083329 27.502173 277.000000 3053.649139 5345.950000 0.000000 -10.000000 2.122210 33.000000 0.000000 1 0 1 0 0 0 0 0
EGO_STATUS -2.655665 62.644772 5.100000 1.292204 9.839563 0.000000 2.940000
DYNAMIC_OBS_INFO 0 -5.750000 54.418386 1.570796 54.786092 -5.750000 118.292945 13.500258 0.382680
DYNAMIC_OBS_INFO 1 -1.750000 48.051788 1.570796 49.116988 -1.750000 112.722220 17.682553 0.931354
STATIC_OBS_INFO 0 -6.300000 68.702080 6.415727 
STATIC_OBS_INFO 1 -6.300000 78.598775 15.488881 
Parent: 775.952471 26.503494 267.000000 3053.648517 5166.150000 0.000000 -10.000000 2.022209 32.000000 0.000000 1 0 1 0 0 0 0 0
EGO_STATUS -2.397793 63.609505 5.200000 1.328410 10.133563 0.000000 2.940000
DYNAMIC_OBS_INFO 0 -5.750000 54.418386 1.570796 55.148373 -5.750000 119.644884 13.538527 0.382680
DYNAMIC_OBS_INFO 1 -1.750000 48.051788 1.570796 49.884293 -1.750000 114.495132 17.775688 0.931354
STATIC_OBS_INFO 0 -6.300000 68.702080 5.809922 
STATIC_OBS_INFO 1 -6.300000 78.598775 14.582310 
Parent: 754.997666 10.000000 101.000000 20.000000 2055.350000 588.599068 -10.000000 1.918400 31.000000 0.000000 0 0 1 0 0 0 0 0
Child: 588.599068 10.000000 101.000000 20.000000 2055.350000 393.118870 -10.000000 0.000000 0.000000 0.000000 0 0 1 0 0 0 0 0
Child: 393.118870 5.414223 56.000000 3048.809744 1120.700000 0.000000 -10.000000 0.000000 0.000000 0.000000 1 0 1 0 0 0 0 0
EGO_STATUS -2.173061 64.612633 5.300000 1.373386 10.427563 0.000000 2.940000
DYNAMIC_OBS_INFO 0 -5.750000 54.418386 1.570796 55.473672 -5.750000 121.000650 13.576795 0.382680
DYNAMIC_OBS_INFO 1 -1.750000 48.051788 1.570796 50.623531 -1.750000 116.277358 17.868823 0.931354
STATIC_OBS_INFO 0 -6.300000 68.702080 5.276935 
STATIC_OBS_INFO 1 -6.300000 78.598775 13.642375 
Parent: 735.799015 10.000000 101.000000 20.000000 2055.350000 568.500419 -10.000000 1.818398 30.000000 0.000000 0 0 1 0 0 0 0 0
Child: 568.500419 10.000000 101.000000 20.000000 2055.350000 373.020221 -10.000000 0.000000 0.000000 0.000000 0 0 1 0 0 0 0 0
Child: 373.020221 4.356732 45.000000 3048.805534 907.350000 0.000000 -10.000000 0.000000 0.000000 0.000000 1 0 1 0 0 0 0 0
EGO_STATUS -1.992132 65.654406 5.400000 1.424675 10.721563 0.000000 2.940000
DYNAMIC_OBS_INFO 0 -5.750000 54.418386 1.570796 55.762509 -5.750000 122.360243 13.615063 0.382680
DYNAMIC_OBS_INFO 1 -1.750000 48.051788 1.570796 51.335620 -1.750000 118.068897 17.961959 0.931354
STATIC_OBS_INFO 0 -6.300000 68.702080 4.854501 
STATIC_OBS_INFO 1 -6.300000 78.598775 12.667975 
Parent: 905.384542 10.000000 102.000000 0.000000 2075.700000 748.412223 -10.000000 2.472319 39.000000 0.000000 0 0 0 0 0 0 0 0
Child: 748.412223 10.000000 101.000000 0.000000 2055.350000 544.912223 0.000000 0.000000 0.000000 0.000000 0 0 0 0 0 0 0 0
Child: 544.912223 10.000000 101.000000 20.000000 2055.350000 349.432025 -10.000000 0.000000 0.000000 0.000000 0 0 1 0 0 0 0 0
Child: 349.432025 3.269863 34.000000 3048.170079 689.200000 0.000000 -10.000000 0.000000 0.000000 0.000000 1 0 1 0 0 0 0 0
EGO_STATUS -1.862604 66.733401 5.500000 1.477370 11.015563 0.000000 2.940000
DYNAMIC_OBS_INFO 0 -5.750000 54.418386 1.570796 56.017199 -5.750000 123.723663 13.653331 0.382680
DYNAMIC_OBS_INFO 1 -1.750000 48.051788 1.570796 52.022848 -1.750000 119.869750 18.055094 0.931354
STATIC_OBS_INFO 0 -6.300000 68.702080 4.594577 
STATIC_OBS_INFO 1 -6.300000 78.598775 11.661103 
Parent: 872.299806 10.000000 102.000000 0.000000 2075.700000 713.956762 -10.000000 2.843045 38.000000 0.000000 0 0 0 0 0 0 0 0
Child: 713.956762 10.000000 101.000000 0.000000 2055.350000 520.456762 -10.000000 0.000000 0.000000 0.000000 0 0 0 0 0 0 0 0
Child: 520.456762 10.000000 101.000000 0.000000 2055.350000 326.956762 -10.000000 0.000000 0.000000 0.000000 0 0 0 0 0 0 0 0
Child: 326.956762 2.153593 23.000000 3023.791812 468.050000 0.000000 0.000000 0.000000 0.000000 0.000000 1 0 0 0 0 0 0 0
EGO_STATUS -1.785708 67.846914 5.600000 1.524570 11.309563 0.000000 2.940000
DYNAMIC_OBS_INFO 0 -5.750000 54.418386 1.570796 56.255610 -5.750000 125.090909 13.691599 0.382680
DYNAMIC_OBS_INFO 1 -1.750000 48.051788 1.570796 52.702538 -1.750000 121.679916 18.148230 0.931354
STATIC_OBS_INFO 0 -6.300000 68.702080 4.554000 
STATIC_OBS_INFO 1 -6.300000 78.598775 10.641165 
Parent: 573.621831 10.000000 102.000000 20.000000 2075.700000 412.966222 -10.000000 2.194825 37.000000 0.000000 0 0 1 0 0 0 0 0
Child: 412.966222 10.000000 101.000000 20.000000 2055.350000 217.486024 -10.000000 0.000000 0.000000 0.000000 0 0 1 0 0 0 0 0
Child: 217.486024 10.000000 101.000000 20.000000 2055.350000 12.005826 0.000000 0.000000 0.000000 0.000000 0 0 1 0 0 0 0 0
Child: 12.005826 1.022638 12.000000 14.024329 244.200000 0.000000 -10.000000 0.000000 0.000000 0.000000 0 0 0 0 0 0 0 0
EGO_STATUS -1.754329 68.977378 5.700000 1.558618 11.309563 4.000000 0.000000
DYNAMIC_OBS_INFO 0 -5.750000 54.418386 1.570796 56.495303 -5.750000 126.461982 13.729867 0.382680
DYNAMIC_OBS_INFO 1 -1.750000 48.051788 1.570796 53.390933 -1.750000 123.499396 18.241365 0.931354
STATIC_OBS_INFO 0 -6.300000 68.702080 4.762395 
STATIC_OBS_INFO 1 -6.300000 78.598775 9.632648 
Parent: 551.306905 10.000000 102.000000 20.000000 2075.700000 388.751296 -10.000000 2.094824 35.000000 0.000000 0 0 1 0 0 0 0 0
Child: 388.751296 10.000000 101.000000 20.000000 2055.350000 193.271098 -10.000000 0.000000 0.000000 0.000000 0 0 1 0 0 0 0 0
Child: 193.271098 9.891538 100.000000 20.000000 2035.000000 0.000000 -10.000000 0.000000 0.000000 0.000000 0 0 1 0 0 0 0 0
EGO_STATUS -1.750000 70.108462 5.800000 1.570796 11.337721 5.000000 2.940000
DYNAMIC_OBS_INFO 0 -5.750000 54.418386 1.570796 56.721137 -5.750000 127.836882 13.768135 0.382680
DYNAMIC_OBS_INFO 1 -1.750000 48.051788 1.570796 54.071227 -1.750000 125.328189 18.334501 0.931354
STATIC_OBS_INFO 0 -6.300000 68.702080 5.218229 
STATIC_OBS_INFO 1 -6.300000 78.598775 8.637402 
Parent: 528.821364 10.000000 102.000000 20.000000 2075.700000 365.365757 -10.000000 1.994822 34.000000 0.000000 0 0 1 0 0 0 0 0
Child: 365.365757 10.000000 101.000000 20.000000 2055.350000 169.885559 -10.000000 0.000000 0.000000 0.000000 0 0 1 0 0 0 0 0
Child: 169.885559 8.743038 89.000000 20.000000 1811.150000 0.000000 -10.000000 0.000000 0.000000 0.000000 0 0 1 0 0 0 0 0
EGO_STATUS -1.750000 71.256962 5.900000 1.570796 11.631721 5.000000 2.940000
DYNAMIC_OBS_INFO 0 -5.750000 54.418386 1.570796 56.921476 -5.750000 129.215609 13.806403 0.382680
DYNAMIC_OBS_INFO 1 -1.750000 48.051788 1.570796 54.731444 -1.750000 127.166296 18.427636 0.931354
STATIC_OBS_INFO 0 -6.300000 68.702080 5.885243 
STATIC_OBS_INFO 1 -6.300000 78.598775 7.661361 
Parent: 505.751549 10.000000 102.000000 20.000000 2075.700000 341.395943 -10.000000 1.894821 33.000000 0.000000 0 0 1 0 0 0 0 0
Child: 341.395943 10.000000 101.000000 20.000000 2055.350000 145.915745 -10.000000 0.000000 0.000000 0.000000 0 0 1 0 0 0 0 0
Child: 145.915745 7.565148 77.000000 20.000000 1566.950000 0.000000 -10.000000 0.000000 0.000000 0.000000 0 0 1 0 0 0 0 0
EGO_STATUS -1.750000 72.434852 6.000000 1.570796 11.925721 5.000000 2.940000
DYNAMIC_OBS_INFO 0 -5.750000 54.418386 1.570796 57.096319 -5.750000 130.598163 13.844671 0.382680
DYNAMIC_OBS_INFO 1 -1.750000 48.051788 1.570796 55.371586 -1.750000 129.013716 18.520771 0.931354
STATIC_OBS_INFO 0 -6.300000 68.702080 6.716144 
STATIC_OBS_INFO 1 -6.300000 78.598775 6.728360 
Parent: 482.074720 10.000000 102.000000 20.000000 2075.700000 316.819115 -10.000000 1.794821 32.000000 0.000000 0 0 1 0 0 0 0 0
Child: 316.819115 10.000000 101.000000 20.000000 2055.350000 121.338917 -10.000000 0.000000 0.000000 0.000000 0 0 1 0 0 0 0 0
Child: 121.338917 6.357870 65.000000 20.000000 1322.750000 0.000000 -10.000000 0.000000 0.000000 0.000000 0 0 1 0 0 0 0 0
EGO_STATUS -1.750000 73.642130 6.100000 1.570796 12.219721 5.000000 2.940000
DYNAMIC_OBS_INFO 0 -5.750000 54.418386 1.570796 57.245639 -5.750000 131.984543 13.882939 0.382680
DYNAMIC_OBS_INFO 1 -1.750000 48.051788 1.570796 55.991626 -1.750000 130.870450 18.613907 0.931354
STATIC_OBS_INFO 0 -6.300000 68.702080 7.671679 
STATIC_OBS_INFO 1 -6.300000 78.598775 5.877119 
Parent: 457.784250 10.000000 102.000000 20.000000 2075.700000 291.628646 -10.000000 1.694820 31.000000 0.000000 0 0 1 0 0 0 0 0
Child: 291.628646 10.000000 101.000000 20.000000 2055.350000 96.148448 -10.000000 0.000000 0.000000 0.000000 0 0 1 0 0 0 0 0
Child: 96.148448 5.121176 53.000000 20.000000 1078.550000 0.000000 -10.000000 0.000000 0.000000 0.000000 0 0 1 0 0 0 0 0
EGO_STATUS -1.750000 74.878824 6.200000 1.570796 12.513721 5.000000 2.940000
DYNAMIC_OBS_INFO 0 -5.750000 54.418386 1.570796 57.369451 -5.750000 133.374751 13.921207 0.382680
DYNAMIC_OBS_INFO 1 -1.750000 48.051788 1.570796 56.591581 -1.750000 132.736497 18.707042 0.931354
STATIC_OBS_INFO 0 -6.300000 68.702080 8.723434 
STATIC_OBS_INFO 1 -6.300000 78.598775 5.169518 
Parent: 398.623361 34.164664 343.000000 9.636832 4334.250000 0.000000 0.000000 4.948632 39.000000 0.000000 0 0 0 0 0 0 0 0
EGO_STATUS -1.750000 76.144916 6.300000 1.570796 12.807721 5.000000 2.940000
DYNAMIC_OBS_INFO 0 -5.750000 54.418386 1.570796 57.494355 -5.750000 134.768785 13.959475 0.382680
DYNAMIC_OBS_INFO 1 -1.750000 48.051788 1.570796 57.198117 -1.750000 134.611858 18.800178 0.931354
STATIC_OBS_INFO 0 -6.300000 68.702080 9.828301 
STATIC_OBS_INFO 1 -6.300000 78.598775 4.701782 
Parent: 364.880219 32.895829 330.000000 9.636967 4083.600000 0.000000 -10.000000 4.848633 38.000000 0.000000 0 0 0 0 0 0 0 0
EGO_STATUS -1.750005 77.413742 6.400000 1.570816 12.569115 6.000000 -2.386058
DYNAMIC_OBS_INFO 0 -5.750000 54.418386 1.570796 57.646876 -5.750000 136.166646 13.997743 0.382680
DYNAMIC_OBS_INFO 1 -1.750000 48.051788 1.570796 57.837829 -1.750000 136.496533 18.893313 0.931354
STATIC_OBS_INFO 0 -6.300000 68.702080 10.946943 
STATIC_OBS_INFO 1 -6.300000 78.598775 4.550253 
Parent: 456.692838 30.072872 302.000000 8.503728 4748.200000 27.477142 -10.000000 2.547678 37.000000 0.000000 0 0 0 0 0 0 0 0
Child: 27.477142 1.341296 15.000000 2.032676 305.250000 0.000000 0.000000 0.000000 0.000000 0.000000 0 0 0 0 0 0 0 0
EGO_STATUS -1.750142 78.658704 6.500000 1.571070 12.330509 6.000000 -2.386057
DYNAMIC_OBS_INFO 0 -5.750000 54.418386 1.570796 57.815116 -5.750000 137.568333 14.036011 0.382680
DYNAMIC_OBS_INFO 1 -1.750000 48.051788 1.570796 58.498766 -1.750000 138.390521 18.986449 0.931354
STATIC_OBS_INFO 0 -6.300000 68.702080 12.079371 
STATIC_OBS_INFO 1 -6.300000 78.598775 4.730137 
Parent: 423.118293 30.072872 302.000000 8.503728 4748.200000 -6.997403 -10.000000 2.447678 36.000000 0.000000 0 0 0 0 0 0 0 0
Child: -6.997403 0.108245 3.000000 22.166377 61.050000 0.000000 -10.000000 0.000000 0.000000 0.000000 0 0 0 0 1 0 0 0
EGO_STATUS -1.750011 79.891755 6.600000 1.570615 12.330509 4.000000 0.000000
DYNAMIC_OBS_INFO 0 -5.750000 54.418386 1.570796 57.987109 -5.750000 138.973848 14.074279 0.382680
DYNAMIC_OBS_INFO 1 -1.750000 48.051788 1.570796 59.169018 -1.750000 140.293823 19.079584 0.931354
STATIC_OBS_INFO 0 -6.300000 68.702080 13.229461 
STATIC_OBS_INFO 1 -6.300000 78.598775 5.203401 
Parent: 409.146759 28.948051 291.000000 8.503338 4523.150000 0.000000 -10.000000 2.347677 34.000000 0.000000 0 0 0 0 0 0 0 0
EGO_STATUS -1.750873 81.124805 6.700000 1.573065 12.330509 4.000000 0.000000
DYNAMIC_OBS_INFO 0 -5.750000 54.418386 1.570796 58.162546 -5.750000 140.383189 14.112547 0.382680
DYNAMIC_OBS_INFO 1 -1.750000 48.051788 1.570796 59.848603 -1.750000 142.206438 19.172719 0.931354
STATIC_OBS_INFO 0 -6.300000 68.702080 14.391453 
STATIC_OBS_INFO 1 -6.300000 78.598775 5.896169 
Parent: 276.974711 27.942908 281.000000 9.364674 3065.650000 0.000000 0.000000 4.192324 33.000000 0.000000 0 0 0 0 0 0 0 0
EGO_STATUS -1.757504 82.357836 6.800000 1.579927 12.330509 4.000000 0.000000
DYNAMIC_OBS_INFO 0 -5.750000 54.418386 1.570796 58.354697 -5.750000 141.796357 14.150815 0.382680
DYNAMIC_OBS_INFO 1 -1.750000 48.051788 1.570796 60.551137 -1.750000 144.128367 19.265855 0.931354
STATIC_OBS_INFO 0 -6.300000 68.702080 15.548317 
STATIC_OBS_INFO 1 -6.300000 78.598775 6.727928 
Parent: 243.225819 26.723390 269.000000 9.364541 2820.550000 0.000000 -10.000000 4.092327 32.000000 0.000000 0 0 0 0 0 0 0 0
EGO_STATUS -1.774522 83.577234 6.900000 1.590023 12.060242 6.000000 -2.702680
DYNAMIC_OBS_INFO 0 -5.750000 54.418386 1.570796 58.577024 -5.750000 143.213352 14.189083 0.382680
DYNAMIC_OBS_INFO 1 -1.750000 48.051788 1.570796 61.290280 -1.750000 146.059609 19.358990 0.931354
STATIC_OBS_INFO 0 -6.300000 68.702080 16.684319 
STATIC_OBS_INFO 1 -6.300000 78.598775 7.634481 
Parent: 219.951779 25.530893 257.000000 9.364555 2577.250000 0.000000 -10.000000 3.992329 31.000000 0.000000 0 0 0 0 0 0 0 0
EGO_STATUS -1.804530 84.769353 7.000000 1.602236 11.789974 6.000000 -2.702678
DYNAMIC_OBS_INFO 0 -5.750000 54.418386 1.570796 58.829697 -5.750000 144.634174 14.227351 0.382680
DYNAMIC_OBS_INFO 1 -1.750000 48.051788 1.570796 62.066289 -1.750000 148.000165 19.452126 0.931354
STATIC_OBS_INFO 0 -6.300000 68.702080 17.797432 
STATIC_OBS_INFO 1 -6.300000 78.598775 8.579974 
Parent: 198.557797 24.365437 245.000000 9.364493 2350.250000 0.000000 -10.000000 3.892334 30.000000 0.000000 0 0 0 0 0 0 0 0
EGO_STATUS -1.849035 85.933955 7.100000 1.616009 11.519706 6.000000 -2.702676
DYNAMIC_OBS_INFO 0 -5.750000 54.418386 1.570796 59.112949 -5.750000 146.058823 14.265619 0.382680
DYNAMIC_OBS_INFO 1 -1.750000 48.051788 1.570796 62.879435 -1.750000 149.950034 19.545261 0.931354
STATIC_OBS_INFO 0 -6.300000 68.702080 18.886278 
STATIC_OBS_INFO 1 -6.300000 78.598775 9.542371 
Parent: 3447.455820 10.000000 101.000000 0.000000 15.150000 3491.653546 -10.000000 2.302274 38.000000 0.000000 0 0 0 0 0 0 0 0
Child: 3491.653546 23.227010 234.000000 33060.786227 2115.800000 0.000000 0.000000 0.000000 0.000000 0.000000 1 0 1 0 0 0 0 3
EGO_STATUS -1.908915 87.070800 7.200000 1.631057 11.249439 6.000000 -2.702673
DYNAMIC_OBS_INFO 0 -5.750000 54.418386 1.570796 59.398834 -5.750000 147.487298 14.303887 0.382680
DYNAMIC_OBS_INFO 1 -1.750000 48.051788 1.570796 63.701869 -1.750000 151.909217 19.638397 0.931354
STATIC_OBS_INFO 0 -6.300000 68.702080 19.976884 
STATIC_OBS_INFO 1 -6.300000 78.598775 10.532635 
Parent: 439.745759 10.000000 101.000000 0.000000 15.150000 483.043487 -10.000000 2.202272 37.000000 0.000000 0 0 0 0 0 0 0 0
Child: 483.043487 22.087345 222.000000 3060.782217 1894.800000 0.000000 -10.000000 0.000000 0.000000 0.000000 1 0 1 0 0 0 0 0
EGO_STATUS -1.986852 88.207789 7.300000 1.647627 11.543439 5.000000 2.940000
DYNAMIC_OBS_INFO 0 -5.750000 54.418386 1.570796 59.659622 -5.750000 148.919600 14.342156 0.382680
DYNAMIC_OBS_INFO 1 -1.750000 48.051788 1.570796 64.506073 -1.750000 153.877713 19.731532 0.931354
STATIC_OBS_INFO 0 -6.300000 68.702080 21.095371 
STATIC_OBS_INFO 1 -6.300000 78.598775 11.568110 
Parent: 10015.060214 10.000000 101.000000 20.000000 15.150000 10042.764029 0.000000 4.815987 36.000000 0.000000 0 0 1 0 0 0 0 0
Child: 10042.764029 10.217552 104.000000 34.595184 258.900000 10013.929392 0.000000 0.000000 0.000000 0.000000 0 0 1 0 0 0 0 0
Child: 10013.929392 10.737042 109.000000 100032.171849 1626.950000 0.000000 0.000000 0.000000 0.000000 0.000000 0 0 0 1 0 0 0 10
EGO_STATUS -2.087217 89.372522 7.400000 1.666085 11.837439 5.000000 2.940000
DYNAMIC_OBS_INFO 0 -5.750000 54.418386 1.570796 59.940030 -5.750000 150.355729 14.380424 0.382680
DYNAMIC_OBS_INFO 1 -1.750000 48.051788 1.570796 65.336697 -1.750000 155.855523 19.824667 0.931354
STATIC_OBS_INFO 0 -6.300000 68.702080 22.198726 
STATIC_OBS_INFO 1 -6.300000 78.598775 12.604320 
Parent: 110.161736 10.000000 101.000000 20.000000 15.150000 137.204390 0.000000 4.477148 35.000000 0.000000 0 0 1 0 0 0 0 0
Child: 137.204390 19.783517 199.000000 12.872298 1367.250000 0.000000 0.000000 0.000000 0.000000 0.000000 0 0 0 0 0 0 0 0
EGO_STATUS -2.208186 90.520433 7.500000 1.685749 11.249439 1.000000 -5.880000
DYNAMIC_OBS_INFO 0 -5.750000 54.418386 1.570796 60.269902 -5.750000 151.795685 14.418692 0.382680
DYNAMIC_OBS_INFO 1 -1.750000 48.051788 1.570796 66.223407 -1.750000 157.842647 19.917803 0.931354
STATIC_OBS_INFO 0 -6.300000 68.702080 23.258240 
STATIC_OBS_INFO 1 -6.300000 78.598775 13.609877 
Parent: 80.403695 10.000000 101.000000 20.000000 15.150000 106.546343 0.000000 4.377155 34.000000 0.000000 0 0 1 0 0 0 0 0
Child: 106.546343 18.673287 188.000000 12.872022 1160.500000 0.000000 -10.000000 0.000000 0.000000 0.000000 0 0 0 0 0 0 0 0
EGO_STATUS -2.347005 91.621931 7.600000 1.707044 10.955439 3.000000 -2.940000
DYNAMIC_OBS_INFO 0 -5.750000 54.418386 1.570796 60.635350 -5.750000 153.239467 14.456960 0.382680
DYNAMIC_OBS_INFO 1 -1.750000 48.051788 1.570796 67.152393 -1.750000 159.839084 20.010938 0.931354
STATIC_OBS_INFO 0 -6.300000 68.702080 24.287016 
STATIC_OBS_INFO 1 -6.300000 78.598775 14.593927 
Parent: 61.339095 10.000000 101.000000 20.000000 15.150000 86.581732 0.000000 4.277164 33.000000 0.000000 0 0 1 0 0 0 0 0
Child: 86.581732 17.592462 177.000000 12.871085 958.850000 0.000000 -10.000000 0.000000 0.000000 0.000000 0 0 0 0 0 0 0 0
EGO_STATUS -2.506147 92.690949 7.700000 1.730463 10.661439 3.000000 -2.940000
DYNAMIC_OBS_INFO 0 -5.750000 54.418386 1.570796 61.037178 -5.750000 154.687077 14.495228 0.382680
DYNAMIC_OBS_INFO 1 -1.750000 48.051788 1.570796 68.124404 -1.750000 161.844835 20.104074 0.931354
STATIC_OBS_INFO 0 -6.300000 68.702080 25.284414 
STATIC_OBS_INFO 1 -6.300000 78.598775 15.553808 
Parent: 42.975318 10.000000 101.000000 20.000000 15.150000 67.317940 0.000000 4.177180 32.000000 0.000000 0 0 1 0 0 0 0 0
Child: 67.317940 16.541049 167.000000 12.459262 768.150000 0.000000 -10.000000 0.000000 0.000000 0.000000 0 0 0 0 0 0 0 0
EGO_STATUS -2.685858 93.726859 7.800000 1.754715 10.367439 3.000000 -2.940000
DYNAMIC_OBS_INFO 0 -5.750000 54.418386 1.570796 61.475970 -5.750000 156.138513 14.533496 0.382680
DYNAMIC_OBS_INFO 1 -1.750000 48.051788 1.570796 69.139846 -1.750000 163.859899 20.197209 0.931354
STATIC_OBS_INFO 0 -6.300000 68.702080 26.250427 
STATIC_OBS_INFO 1 -6.300000 78.598775 16.488220 
Parent: 26.159090 10.000000 101.000000 20.000000 15.150000 49.601701 0.000000 4.077191 31.000000 0.000000 0 0 1 0 0 0 0 0
Child: 49.601701 15.519028 157.000000 11.017364 591.950000 0.000000 -10.000000 0.000000 0.000000 0.000000 0 0 0 0 0 0 0 0
EGO_STATUS -2.884512 94.729362 7.900000 1.777838 10.073439 3.000000 -2.940000
DYNAMIC_OBS_INFO 0 -5.750000 54.418386 1.570796 61.951913 -5.750000 157.593776 14.571764 0.382680
DYNAMIC_OBS_INFO 1 -1.750000 48.051788 1.570796 70.198602 -1.750000 165.884276 20.290345 0.931354
STATIC_OBS_INFO 0 -6.300000 68.702080 27.185712 
STATIC_OBS_INFO 1 -6.300000 78.598775 17.396963 
Parent: 10.411198 10.000000 101.000000 20.000000 15.150000 32.953804 0.000000 3.977196 30.000000 0.000000 0 0 1 0 0 0 0 0
Child: 32.953804 14.526394 147.000000 8.721487 425.950000 0.000000 -10.000000 0.000000 0.000000 0.000000 0 0 0 0 0 0 0 0
EGO_STATUS -3.098543 95.698628 8.000000 1.797832 9.779439 3.000000 -2.940000
DYNAMIC_OBS_INFO 0 -5.750000 54.418386 1.570796 62.464702 -5.750000 159.052866 14.610032 0.382680
DYNAMIC_OBS_INFO 1 -1.750000 48.051788 1.570796 71.299983 -1.750000 167.917968 20.383480 0.931354
STATIC_OBS_INFO 0 -6.300000 68.702080 28.091458 
STATIC_OBS_INFO 1 -6.300000 78.598775 18.280612 
Parent: -18.673493 10.000000 102.000000 20.000000 15.300000 21.968819 -10.000000 4.896904 39.000000 0.000000 0 0 1 0 0 0 0 0
Child: 21.968819 10.000000 101.000000 20.000000 15.150000 18.488621 0.000000 0.000000 0.000000 0.000000 0 0 1 0 0 0 0 0
Child: 18.488621 13.563183 137.000000 8.509958 279.250000 0.000000 -10.000000 0.000000 0.000000 0.000000 0 0 0 0 0 0 0 0
EGO_STATUS -3.322878 96.635336 8.100000 1.813029 9.485439 3.000000 -2.940000
DYNAMIC_OBS_INFO 0 -5.750000 54.418386 1.570796 63.013435 -5.750000 160.515782 14.648300 0.382680
DYNAMIC_OBS_INFO 1 -1.750000 48.051788 1.570796 72.442666 -1.750000 169.960972 20.476616 0.931354
STATIC_OBS_INFO 0 -6.300000 68.702080 28.969306 
STATIC_OBS_INFO 1 -6.300000 78.598775 19.140299 
Parent: -26.833642 10.000000 102.000000 20.000000 15.300000 12.908652 -10.000000 4.796922 38.000000 0.000000 0 0 1 0 0 0 0 0
Child: 12.908652 10.000000 101.000000 20.000000 15.150000 9.428454 0.000000 0.000000 0.000000 0.000000 0 0 1 0 0 0 0 0
Child: 9.428454 12.629373 128.000000 8.509381 188.400000 0.000000 -10.000000 0.000000 0.000000 0.000000 0 0 0 0 0 0 0 0
EGO_STATUS -3.551529 97.540711 8.200000 1.822301 9.191439 3.000000 -2.940000
DYNAMIC_OBS_INFO 0 -5.750000 54.418386 1.570796 63.596843 -5.750000 161.982526 14.686568 0.382680
DYNAMIC_OBS_INFO 1 -1.750000 48.051788 1.570796 73.624981 -1.750000 172.013291 20.569751 0.931354
STATIC_OBS_INFO 0 -6.300000 68.702080 29.820983 
STATIC_OBS_INFO 1 -6.300000 78.598775 19.977273 
Parent: -34.602841 10.000000 102.000000 0.000000 15.300000 7.331533 -10.000000 3.565626 37.000000 0.000000 0 0 0 0 0 0 0 0
Child: 7.331533 10.000000 101.000000 0.000000 15.150000 15.831533 -10.000000 0.000000 0.000000 0.000000 0 0 0 0 0 0 0 0
Child: 15.831533 11.724937 119.000000 13.829112 146.850000 0.000000 0.000000 0.000000 0.000000 0.000000 0 0 0 0 0 0 0 0
EGO_STATUS -3.778306 98.416254 8.300000 1.825112 8.897439 3.000000 -2.940000
DYNAMIC_OBS_INFO 0 -5.750000 54.418386 1.570796 64.199247 -5.750000 163.453096 14.724836 0.382680
DYNAMIC_OBS_INFO 1 -1.750000 48.051788 1.570796 74.831109 -1.750000 174.074923 20.662886 0.931354
STATIC_OBS_INFO 0 -6.300000 68.702080 30.661907 
STATIC_OBS_INFO 1 -6.300000 78.598775 20.806308 
Parent: -47.149935 10.000000 102.000000 0.000000 15.300000 -6.115561 -10.000000 3.465626 36.000000 0.000000 0 0 0 0 0 0 0 0
Child: -6.115561 10.000000 101.000000 0.000000 15.150000 2.384439 -10.000000 0.000000 0.000000 0.000000 0 0 0 0 0 0 0 0
Child: 2.384439 10.835191 110.000000 13.828128 111.900000 0.000000 -10.000000 0.000000 0.000000 0.000000 0 0 0 0 0 0 0 0
EGO_STATUS -4.000999 99.277678 8.400000 1.821351 8.897439 4.000000 0.000000
DYNAMIC_OBS_INFO 0 -5.750000 54.418386 1.570796 64.804960 -5.750000 164.927493 14.763104 0.382680
DYNAMIC_OBS_INFO 1 -1.750000 48.051788 1.570796 76.045260 -1.750000 176.145868 20.756022 0.931354
STATIC_OBS_INFO 0 -6.300000 68.702080 31.507466 
STATIC_OBS_INFO 1 -6.300000 78.598775 21.642297 
Parent: -49.163851 10.000000 102.000000 0.000000 15.300000 -9.029476 -10.000000 3.365625 35.000000 0.000000 0 0 0 0 0 0 0 0
Child: -9.029476 10.000000 101.000000 0.000000 15.150000 -0.529476 -10.000000 0.000000 0.000000 0.000000 0 0 0 0 0 0 0 0
Child: -0.529476 9.945446 101.000000 13.826979 82.350000 0.000000 -10.000000 0.000000 0.000000 0.000000 0 0 0 0 0 0 0 0
EGO_STATUS -4.217583 100.140654 8.500000 1.810961 8.897439 4.000000 0.000000
DYNAMIC_OBS_INFO 0 -5.750000 54.418386 1.570796 65.412700 -5.750000 166.405717 14.801372 0.382680
DYNAMIC_OBS_INFO 1 -1.750000 48.051788 1.570796 77.265866 -1.750000 178.226127 20.849157 0.931354
STATIC_OBS_INFO 0 -6.300000 68.702080 32.358929 
STATIC_OBS_INFO 1 -6.300000 78.598775 22.486242 
Parent: -50.615244 10.000000 102.000000 0.000000 15.300000 -11.380869 -10.000000 3.265625 34.000000 0.000000 0 0 0 0 0 0 0 0
Child: -11.380869 10.000000 101.000000 0.000000 15.150000 -2.880869 -10.000000 0.000000 0.000000 0.000000 0 0 0 0 0 0 0 0
Child: -2.880869 9.055700 92.000000 13.825725 58.500000 0.000000 -10.000000 0.000000 0.000000 0.000000 0 0 0 0 0 0 0 0
EGO_STATUS -4.422405 101.006491 8.600000 1.794235 8.897439 4.000000 0.000000
DYNAMIC_OBS_INFO 0 -5.750000 54.418386 1.570796 66.021438 -5.750000 167.887767 14.839640 0.382680
DYNAMIC_OBS_INFO 1 -1.750000 48.051788 1.570796 78.491661 -1.750000 180.315699 20.942293 0.931354
STATIC_OBS_INFO 0 -6.300000 68.702080 33.217097 
STATIC_OBS_INFO 1 -6.300000 78.598775 23.338648 
Parent: -52.563451 10.000000 102.000000 0.000000 15.300000 -13.229076 -10.000000 3.165625 34.000000 0.000000 0 0 0 0 0 0 0 0
Child: -13.229076 10.000000 101.000000 0.000000 15.150000 -4.729076 -10.000000 0.000000 0.000000 0.000000 0 0 0 0 0 0 0 0
Child: -4.729076 8.165955 83.000000 13.824472 39.750000 0.000000 -10.000000 0.000000 0.000000 0.000000 0 0 0 0 0 0 0 0
EGO_STATUS -4.610209 101.876169 8.700000 1.771903 8.897439 4.000000 0.000000
DYNAMIC_OBS_INFO 0 -5.750000 54.418386 1.570796 66.630549 -5.750000 169.373645 14.877908 0.382680
DYNAMIC_OBS_INFO 1 -1.750000 48.051788 1.570796 79.721846 -1.750000 182.414585 21.035428 0.931354
STATIC_OBS_INFO 0 -6.300000 68.702080 34.082195 
STATIC_OBS_INFO 1 -6.300000 78.598775 24.199438 
Parent: -52.979232 10.000000 102.000000 0.000000 15.300000 -14.544856 -10.000000 3.065625 33.000000 0.000000 0 0 0 0 0 0 0 0
Child: -14.544856 10.000000 101.000000 0.000000 15.150000 -6.044856 -10.000000 0.000000 0.000000 0.000000 0 0 0 0 0 0 0 0
Child: -6.044856 7.276210 74.000000 13.824323 26.400000 0.000000 -10.000000 0.000000 0.000000 0.000000 0 0 0 0 0 0 0 0
EGO_STATUS -4.776495 102.750208 8.800000 1.745107 8.897439 4.000000 0.000000
DYNAMIC_OBS_INFO 0 -5.750000 54.418386 1.570796 67.239886 -5.750000 170.863349 14.916176 0.382680
DYNAMIC_OBS_INFO 1 -1.750000 48.051788 1.570796 80.956178 -1.750000 184.522785 21.128564 0.931354
STATIC_OBS_INFO 0 -6.300000 68.702080 34.953868 
STATIC_OBS_INFO 1 -6.300000 78.598775 25.067968 
Parent: -53.040185 10.000000 102.000000 0.000000 15.300000 -15.505810 -10.000000 2.965625 32.000000 0.000000 0 0 0 0 0 0 0 0
Child: -15.505810 10.000000 101.000000 0.000000 15.150000 -7.005810 -10.000000 0.000000 0.000000 0.000000 0 0 0 0 0 0 0 0
Child: -7.005810 6.386466 65.000000 13.824189 16.650000 0.000000 -10.000000 0.000000 0.000000 0.000000 0 0 0 0 0 0 0 0
EGO_STATUS -4.917878 103.628612 8.900000 1.715341 8.897439 4.000000 0.000000
DYNAMIC_OBS_INFO 0 -5.750000 54.418386 1.570796 67.849755 -5.750000 172.356880 14.954444 0.382680
DYNAMIC_OBS_INFO 1 -1.750000 48.051788 1.570796 82.194944 -1.750000 186.640298 21.221699 0.931354
STATIC_OBS_INFO 0 -6.300000 68.702080 35.831269 
STATIC_OBS_INFO 1 -6.300000 78.598775 25.943132 
Parent: -52.752299 10.000000 102.000000 0.000000 15.300000 -16.117924 -10.000000 2.865625 31.000000 0.000000 0 0 0 0 0 0 0 0
Child: -16.117924 10.000000 101.000000 0.000000 15.150000 -7.617924 -10.000000 0.000000 0.000000 0.000000 0 0 0 0 0 0 0 0
Child: -7.617924 5.496722 56.000000 13.768326 10.500000 0.000000 -10.000000 0.000000 0.000000 0.000000 0 0 0 0 0 0 0 0
EGO_STATUS -5.032387 104.510920 9.000000 1.684366 8.897439 4.000000 0.000000
DYNAMIC_OBS_INFO 0 -5.750000 54.418386 1.570796 68.460804 -5.750000 173.854238 14.992712 0.382680
DYNAMIC_OBS_INFO 1 -1.750000 48.051788 1.570796 83.438860 -1.750000 188.767125 21.314834 0.931354
STATIC_OBS_INFO 0 -6.300000 68.702080 36.713233 
STATIC_OBS_INFO 1 -6.300000 78.598775 26.823542 
Parent: -52.293453 10.000000 102.000000 0.000000 15.300000 -16.559078 -10.000000 2.765625 30.000000 0.000000 0 0 0 0 0 0 0 0
Child: -16.559078 10.000000 101.000000 0.000000 15.150000 -8.059078 -10.000000 0.000000 0.000000 0.000000 0 0 0 0 0 0 0 0
Child: -8.059078 4.606979 48.000000 13.022422 7.200000 0.000000 -10.000000 0.000000 0.000000 0.000000 0 0 0 0 0 0 0 0
EGO_STATUS -5.119685 105.396335 9.100000 1.654094 8.897439 4.000000 0.000000
DYNAMIC_OBS_INFO 0 -5.750000 54.418386 1.570796 69.073842 -5.750000 175.355422 15.030980 0.382680
DYNAMIC_OBS_INFO 1 -1.750000 48.051788 1.570796 84.688878 -1.750000 190.903265 21.407970 0.931354
STATIC_OBS_INFO 0 -6.300000 68.702080 37.598492 
STATIC_OBS_INFO 1 -6.300000 78.598775 27.707746 
Parent: -69.062342 10.000000 101.000000 0.000000 15.150000 -25.351886 -10.000000 3.789544 39.000000 0.000000 0 0 0 0 0 0 0 0
Child: -25.351886 10.000000 102.000000 0.000000 15.300000 -16.851886 -10.000000 0.000000 0.000000 0.000000 0 0 0 0 0 0 0 0
Child: -16.851886 10.000000 101.000000 0.000000 15.150000 -8.351886 -10.000000 0.000000 0.000000 0.000000 0 0 0 0 0 0 0 0
Child: -8.351886 3.717235 39.000000 11.441465 5.850000 0.000000 -10.000000 0.000000 0.000000 0.000000 0 0 0 0 0 0 0 0
EGO_STATUS -5.181175 106.283922 9.200000 1.626452 8.897439 4.000000 0.000000
DYNAMIC_OBS_INFO 0 -5.750000 54.418386 1.570796 69.689649 -5.750000 176.860434 15.069248 0.382680
DYNAMIC_OBS_INFO 1 -1.750000 48.051788 1.570796 85.945994 -1.750000 193.048719 21.501105 0.931354
STATIC_OBS_INFO 0 -6.300000 68.702080 38.485878 
STATIC_OBS_INFO 1 -6.300000 78.598775 28.594431 
Parent: -68.525166 10.000000 101.000000 0.000000 15.150000 -25.714710 -10.000000 3.689544 38.000000 0.000000 0 0 0 0 0 0 0 0
Child: -25.714710 10.000000 102.000000 0.000000 15.300000 -17.214710 -10.000000 0.000000 0.000000 0.000000 0 0 0 0 0 0 0 0
Child: -17.214710 10.000000 101.000000 0.000000 15.150000 -8.714710 -10.000000 0.000000 0.000000 0.000000 0 0 0 0 0 0 0 0
Child: -8.714710 2.827492 30.000000 9.137066 4.500000 0.000000 -10.000000 0.000000 0.000000 0.000000 0 0 0 0 0 0 0 0
EGO_STATUS -5.219948 107.172800 9.300000 1.603206 8.897439 4.000000 0.000000
DYNAMIC_OBS_INFO 0 -5.750000 54.418386 1.570796 70.308824 -5.750000 178.369272 15.107516 0.382680
DYNAMIC_OBS_INFO 1 -1.750000 48.051788 1.570796 87.211073 -1.750000 195.203486 21.594241 0.931354
STATIC_OBS_INFO 0 -6.300000 68.702080 39.374469 
STATIC_OBS_INFO 1 -6.300000 78.598775 29.482561 
Parent: -68.037156 10.000000 101.000000 0.000000 15.150000 -26.126700 -10.000000 3.589544 37.000000 0.000000 0 0 0 0 0 0 0 0
Child: -26.126700 10.000000 102.000000 0.000000 15.300000 -17.626700 -10.000000 0.000000 0.000000 0.000000 0 0 0 0 0 0 0 0
Child: -17.626700 10.000000 101.000000 0.000000 15.150000 -9.126700 -10.000000 0.000000 0.000000 0.000000 0 0 0 0 0 0 0 0
Child: -9.126700 1.937748 21.000000 6.314233 3.150000 0.000000 -10.000000 0.000000 0.000000 0.000000 0 0 0 0 0 0 0 0
EGO_STATUS -5.240552 108.062294 9.400000 1.585772 8.897439 4.000000 0.000000
DYNAMIC_OBS_INFO 0 -5.750000 54.418386 1.570796 70.931712 -5.750000 179.881937 15.145785 0.382680
DYNAMIC_OBS_INFO 1 -1.750000 48.051788 1.570796 88.484761 -1.750000 197.367567 21.687376 0.931354
STATIC_OBS_INFO 0 -6.300000 68.702080 40.263647 
STATIC_OBS_INFO 1 -6.300000 78.598775 30.371428 
Parent: -68.566639 10.000000 101.000000 0.000000 15.150000 -26.556183 -10.000000 3.489544 37.000000 0.000000 0 0 0 0 0 0 0 0
Child: -26.556183 10.000000 102.000000 0.000000 15.300000 -18.056183 -10.000000 0.000000 0.000000 0.000000 0 0 0 0 0 0 0 0
Child: -18.056183 10.000000 101.000000 0.000000 15.150000 -9.556183 -10.000000 0.000000 0.000000 0.000000 0 0 0 0 0 0 0 0
Child: -9.556183 1.048005 12.000000 3.281848 1.800000 0.000000 -10.000000 0.000000 0.000000 0.000000 0 0 0 0 0 0 0 0
EGO_STATUS -5.248573 108.951997 9.500000 1.574986 8.897439 4.000000 0.000000
DYNAMIC_OBS_INFO 0 -5.750000 54.418386 1.570796 71.558437 -5.750000 181.398429 15.184053 0.382680
DYNAMIC_OBS_INFO 1 -1.750000 48.051788 1.570796 89.767480 -1.750000 199.540961 21.780512 0.931354
STATIC_OBS_INFO 0 -6.300000 68.702080 41.153056 
STATIC_OBS_INFO 1 -6.300000 78.598775 31.260604 
Parent: -67.009320 10.000000 101.000000 0.000000 15.150000 -25.898864 -10.000000 3.389544 36.000000 0.000000 0 0 0 0 0 0 0 0
Child: -25.898864 10.000000 102.000000 0.000000 15.300000 -17.398864 -10.000000 0.000000 0.000000 0.000000 0 0 0 0 0 0 0 0
Child: -17.398864 10.000000 101.000000 0.000000 15.150000 -8.898864 -10.000000 0.000000 0.000000 0.000000 0 0 0 0 0 0 0 0
Child: -8.898864 0.158261 3.000000 20.423183 0.450000 0.000000 -10.000000 0.000000 0.000000 0.000000 0 0 0 0 1 0 0 0
EGO_STATUS -5.250001 109.841739 9.600000 1.570881 8.897439 4.000000 0.000000
DYNAMIC_OBS_INFO 0 -5.750000 54.418386 1.570796 72.188996 -5.750000 182.918748 15.222321 0.382680
DYNAMIC_OBS_INFO 1 -1.750000 48.051788 1.570796 91.059475 -1.750000 201.723669 21.873647 0.931354
STATIC_OBS_INFO 0 -6.300000 68.702080 42.042517 
STATIC_OBS_INFO 1 -6.300000 78.598775 32.149859 
Parent: -57.320178 10.000000 101.000000 0.000000 15.150000 -17.109722 -10.000000 3.289544 35.000000 0.000000 0 0 0 0 0 0 0 0
Child: -17.109722 10.000000 102.000000 0.000000 15.300000 -8.609722 -10.000000 0.000000 0.000000 0.000000 0 0 0 0 0 0 0 0
Child: -8.609722 9.268517 94.000000 0.000000 14.100000 0.000000 -10.000000 0.000000 0.000000 0.000000 0 0 0 0 0 0 0 0
EGO_STATUS -5.250000 110.731483 9.700000 1.570796 8.897439 4.000000 0.000000
DYNAMIC_OBS_INFO 0 -5.750000 54.418386 1.570796 72.823383 -5.750000 184.442893 15.260589 0.382680
DYNAMIC_OBS_INFO 1 -1.750000 48.051788 1.570796 92.360804 -1.750000 203.915691 21.966782 0.931354
STATIC_OBS_INFO 0 -6.300000 68.702080 42.931989 
STATIC_OBS_INFO 1 -6.300000 78.598775 33.039141 
Parent: -56.553640 10.000000 101.000000 0.000000 15.150000 -17.243184 -10.000000 3.189544 34.000000 0.000000 0 0 0 0 0 0 0 0
Child: -17.243184 10.000000 102.000000 0.000000 15.300000 -8.743184 -10.000000 0.000000 0.000000 0.000000 0 0 0 0 0 0 0 0
Child: -8.743184 8.378773 85.000000 0.000000 12.750000 0.000000 -10.000000 0.000000 0.000000 0.000000 0 0 0 0 0 0 0 0
EGO_STATUS -5.250000 111.621227 9.800000 1.570796 8.897439 4.000000 0.000000
DYNAMIC_OBS_INFO 0 -5.750000 54.418386 1.570796 73.461596 -5.750000 185.970865 15.298857 0.382680
DYNAMIC_OBS_INFO 1 -1.750000 48.051788 1.570796 93.671466 -1.750000 206.117026 22.059918 0.931354
STATIC_OBS_INFO 0 -6.300000 68.702080 43.821472 
STATIC_OBS_INFO 1 -6.300000 78.598775 33.928448 
Parent: -55.787102 10.000000 101.000000 0.000000 15.150000 -17.376646 -10.000000 3.089544 33.000000 0.000000 0 0 0 0 0 0 0 0
Child: -17.376646 10.000000 102.000000 0.000000 15.300000 -8.876646 -10.000000 0.000000 0.000000 0.000000 0 0 0 0 0 0 0 0
Child: -8.876646 7.489029 76.000000 0.000000 11.400000 0.000000 -10.000000 0.000000 0.000000 0.000000 0 0 0 0 0 0 0 0
EGO_STATUS -5.250000 112.510971 9.900000 1.570796 8.897439 4.000000 0.000000
DYNAMIC_OBS_INFO 0 -5.750000 54.418386 1.570796 74.103637 -5.750000 187.502665 15.337125 0.382680
DYNAMIC_OBS_INFO 1 -1.750000 48.051788 1.570796 94.991461 -1.750000 208.327674 22.153053 0.931354
STATIC_OBS_INFO 0 -6.300000 68.702080 44.710965 
STATIC_OBS_INFO 1 -6.300000 78.598775 34.817776 
Parent: -55.020563 10.000000 101.000000 0.000000 15.150000 -17.510107 -10.000000 2.989544 32.000000 0.000000 0 0 0 0 0 0 0 0
Child: -17.510107 10.000000 102.000000 0.000000 15.300000 -9.010107 -10.000000 0.000000 0.000000 0.000000 0 0 0 0 0 0 0 0
Child: -9.010107 6.599285 67.000000 0.000000 10.050000 0.000000 -10.000000 0.000000 0.000000 0.000000 0 0 0 0 0 0 0 0
EGO_STATUS -5.250000 113.400715 10.000000 1.570796 8.897439 4.000000 0.000000
DYNAMIC_OBS_INFO 0 -5.750000 54.418386 1.570796 74.749504 -5.750000 189.038290 15.375393 0.382680
DYNAMIC_OBS_INFO 1 -1.750000 48.051788 1.570796 96.320788 -1.750000 210.547636 22.246189 0.931354
STATIC_OBS_INFO 0 -6.300000 68.702080 45.600469 
STATIC_OBS_INFO 1 -6.300000 78.598775 35.707125 
Parent: -54.254025 10.000000 101.000000 0.000000 15.150000 -17.643569 -10.000000 2.889544 31.000000 0.000000 0 0 0 0 0 0 0 0
Child: -17.643569 10.000000 102.000000 0.000000 15.300000 -9.143569 -10.000000 0.000000 0.000000 0.000000 0 0 0 0 0 0 0 0
Child: -9.143569 5.709541 59.000000 0.000000 8.850000 0.000000 -10.000000 0.000000 0.000000 0.000000 0 0 0 0 0 0 0 0
EGO_STATUS -5.250000 114.290459 10.100000 1.570796 8.897439 4.000000 0.000000
DYNAMIC_OBS_INFO 0 -5.750000 54.418386 1.570796 75.399199 -5.750000 190.577743 15.413661 0.382680
DYNAMIC_OBS_INFO 1 -1.750000 48.051788 1.570796 97.659448 -1.750000 212.776912 22.339324 0.931354
STATIC_OBS_INFO 0 -6.300000 68.702080 46.489981 
STATIC_OBS_INFO 1 -6.300000 78.598775 36.596494 
Parent: -53.487486 10.000000 101.000000 0.000000 15.150000 -17.777030 -10.000000 2.789544 30.000000 0.000000 0 0 0 0 0 0 0 0
Child: -17.777030 10.000000 102.000000 0.000000 15.300000 -9.277030 -10.000000 0.000000 0.000000 0.000000 0 0 0 0 0 0 0 0
Child: -9.277030 4.819798 50.000000 0.000000 7.500000 0.000000 -10.000000 0.000000 0.000000 0.000000 0 0 0 0 0 0 0 0
EGO_STATUS -5.250000 115.180202 10.200000 1.570796 8.897439 4.000000 0.000000
DYNAMIC_OBS_INFO 0 -5.750000 54.418386 1.570796 76.052720 -5.750000 192.121023 15.451929 0.382680
DYNAMIC_OBS_INFO 1 -1.750000 48.051788 1.570796 99.007438 -1.750000 215.015501 22.432460 0.931354
STATIC_OBS_INFO 0 -6.300000 68.702080 47.379502 
STATIC_OBS_INFO 1 -6.300000 78.598775 37.485880 
Parent: -70.097029 10.000000 102.000000 0.000000 15.300000 -26.410492 -10.000000 3.813463 39.000000 0.000000 0 0 0 0 0 0 0 0
Child: -26.410492 10.000000 101.000000 0.000000 15.150000 -17.910492 -10.000000 0.000000 0.000000 0.000000 0 0 0 0 0 0 0 0
Child: -17.910492 10.000000 102.000000 0.000000 15.300000 -9.410492 -10.000000 0.000000 0.000000 0.000000 0 0 0 0 0 0 0 0
Child: -9.410492 3.930054 41.000000 0.000000 6.150000 0.000000 -10.000000 0.000000 0.000000 0.000000 0 0 0 0 0 0 0 0
EGO_STATUS -5.250000 116.069946 10.300000 1.570796 8.897439 4.000000 0.000000
DYNAMIC_OBS_INFO 0 -5.750000 54.418386 1.570796 76.710068 -5.750000 193.668129 15.490197 0.382680
DYNAMIC_OBS_INFO 1 -1.750000 48.051788 1.570796 100.364760 -1.750000 217.263404 22.525595 0.931354
STATIC_OBS_INFO 0 -6.300000 68.702080 48.269032 
STATIC_OBS_INFO 1 -6.300000 78.598775 38.375283 
Parent: -70.330491 10.000000 102.000000 0.000000 15.300000 -26.543954 -10.000000 3.713463 39.000000 0.000000 0 0 0 0 0 0 0 0
Child: -26.543954 10.000000 101.000000 0.000000 15.150000 -18.043954 -10.000000 0.000000 0.000000 0.000000 0 0 0 0 0 0 0 0
Child: -18.043954 10.000000 102.000000 0.000000 15.300000 -9.543954 -10.000000 0.000000 0.000000 0.000000 0 0 0 0 0 0 0 0
Child: -9.543954 3.040310 32.000000 0.000000 4.800000 0.000000 -10.000000 0.000000 0.000000 0.000000 0 0 0 0 0 0 0 0
EGO_STATUS -5.250000 116.959690 10.400000 1.570796 8.897439 4.000000 0.000000
DYNAMIC_OBS_INFO 0 -5.750000 54.418386 1.570796 77.371243 -5.750000 195.219062 15.528465 0.382680
DYNAMIC_OBS_INFO 1 -1.750000 48.051788 1.570796 101.731412 -1.750000 219.520620 22.618730 0.931354
STATIC_OBS_INFO 0 -6.300000 68.702080 49.158569 
STATIC_OBS_INFO 1 -6.300000 78.598775 39.264701 
Parent: -69.563952 10.000000 102.000000 0.000000 15.300000 -26.677415 -10.000000 3.613463 38.000000 0.000000 0 0 0 0 0 0 0 0
Child: -26.677415 10.000000 101.000000 0.000000 15.150000 -18.177415 -10.000000 0.000000 0.000000 0.000000 0 0 0 0 0 0 0 0
Child: -18.177415 10.000000 102.000000 0.000000 15.300000 -9.677415 -10.000000 0.000000 0.000000 0.000000 0 0 0 0 0 0 0 0
Child: -9.677415 2.150566 23.000000 0.000000 3.450000 0.000000 -10.000000 0.000000 0.000000 0.000000 0 0 0 0 0 0 0 0
EGO_STATUS -5.250000 117.849434 10.500000 1.570796 8.897439 4.000000 0.000000
DYNAMIC_OBS_INFO 0 -5.750000 54.418386 1.570796 78.036246 -5.750000 196.773822 15.566733 0.382680
DYNAMIC_OBS_INFO 1 -1.750000 48.051788 1.570796 103.107393 -1.750000 221.787150 22.711866 0.931354
STATIC_OBS_INFO 0 -6.300000 68.702080 50.048113 
STATIC_OBS_INFO 1 -6.300000 78.598775 40.154134 
Parent: -68.797414 10.000000 102.000000 0.000000 15.300000 -26.810877 -10.000000 3.513463 37.000000 0.000000 0 0 0 0 0 0 0 0
Child: -26.810877 10.000000 101.000000 0.000000 15.150000 -18.310877 -10.000000 0.000000 0.000000 0.000000 0 0 0 0 0 0 0 0
Child: -18.310877 10.000000 102.000000 0.000000 15.300000 -9.810877 -10.000000 0.000000 0.000000 0.000000 0 0 0 0 0 0 0 0
Child: -9.810877 1.260822 14.000000 0.000000 2.100000 0.000000 -10.000000 0.000000 0.000000 0.000000 0 0 0 0 0 0 0 0
EGO_STATUS -5.250000 118.739178 10.600000 1.570796 8.897439 4.000000 0.000000
DYNAMIC_OBS_INFO 0 -5.750000 54.418386 1.570796 78.705075 -5.750000 198.332409 15.605001 0.382680
DYNAMIC_OBS_INFO 1 -1.750000 48.051788 1.570796 104.492705 -1.750000 224.062993 22.805001 0.931354
STATIC_OBS_INFO 0 -6.300000 68.702080 50.937665 
STATIC_OBS_INFO 1 -6.300000 78.598775 41.043580 
Parent: -68.030875 10.000000 102.000000 0.000000 15.300000 -26.944338 -10.000000 3.413463 36.000000 0.000000 0 0 0 0 0 0 0 0
Child: -26.944338 10.000000 101.000000 0.000000 15.150000 -18.444338 -10.000000 0.000000 0.000000 0.000000 0 0 0 0 0 0 0 0
Child: -18.444338 10.000000 102.000000 0.000000 15.300000 -9.944338 -10.000000 0.000000 0.000000 0.000000 0 0 0 0 0 0 0 0
Child: -9.944338 0.371078 5.000000 0.000000 0.750000 0.000000 -10.000000 0.000000 0.000000 0.000000 0 0 0 0 0 0 0 0
EGO_STATUS -5.250000 119.628922 10.700000 1.570796 8.897439 4.000000 0.000000
DONE
FINISHED
