STATIC_OBS_INIT_INFO 0 -6.300000 61.928657
STATIC_OBS_INIT_INFO 1 -6.300000 79.159650
Parent: -10.158754 24.860310 250.000000 5.493238 272.100000 0.000000 -10.000000 2.237031 30.000000 0.000000 0 0 0 0 0 0 0 0
EGO_STATUS -5.750000 14.148305 0.000000 1.570796 11.113082 4.000000 0.000000
DYNAMIC_OBS_INFO 0 -5.750000 57.866084 1.570796 42.606471 -5.750000 57.866084 10.511665 2.619457
DYNAMIC_OBS_INFO 1 -1.750000 52.410043 1.570796 37.365151 -1.750000 52.410043 12.245128 2.353291
STATIC_OBS_INFO 0 -6.300000 61.928657 46.672285 
STATIC_OBS_INFO 1 -6.300000 79.159650 63.902404 
Parent: -28.712530 10.000000 101.000000 0.000000 15.150000 15.750598 -10.000000 3.036872 39.000000 0.000000 0 0 0 0 0 0 0 0
Child: 15.750598 23.749001 239.000000 5.493236 253.650000 0.000000 -10.000000 0.000000 0.000000 0.000000 0 0 0 0 0 0 0 0
EGO_STATUS -5.749998 15.259613 0.100000 1.570789 11.113082 4.000000 0.000000
DYNAMIC_OBS_INFO 0 -5.750000 57.866084 1.570796 42.559427 -5.750000 58.930348 10.773611 2.619457
DYNAMIC_OBS_INFO 1 -1.750000 52.410043 1.570796 36.260418 -1.750000 52.410043 12.245128 2.353291
STATIC_OBS_INFO 0 -6.300000 61.928657 45.561057 
STATIC_OBS_INFO 1 -6.300000 79.159650 62.791138 
Parent: -29.635371 10.000000 101.000000 0.000000 15.150000 13.927757 -10.000000 2.936872 38.000000 0.000000 0 0 0 0 0 0 0 0
Child: 13.927757 22.637693 228.000000 5.493136 235.500000 0.000000 -10.000000 0.000000 0.000000 0.000000 0 0 0 0 0 0 0 0
EGO_STATUS -5.749948 16.370921 0.200000 1.570684 11.113082 4.000000 0.000000
DYNAMIC_OBS_INFO 0 -5.750000 57.866084 1.570796 42.538577 -5.750000 60.020806 11.035556 2.619457
DYNAMIC_OBS_INFO 1 -1.750000 52.410043 1.570796 35.156071 -1.750000 52.410043 12.245128 2.353291
STATIC_OBS_INFO 0 -6.300000 61.928657 44.449835 
STATIC_OBS_INFO 1 -6.300000 79.159650 61.679876 
Parent: -30.557124 10.000000 101.000000 0.000000 15.150000 12.106004 -10.000000 2.836872 37.000000 0.000000 0 0 0 0 0 0 0 0
Child: 12.106004 21.526385 217.000000 5.492941 217.350000 0.000000 -10.000000 0.000000 0.000000 0.000000 0 0 0 0 0 0 0 0
EGO_STATUS -5.749639 17.482229 0.300000 1.570283 11.113082 4.000000 0.000000
DYNAMIC_OBS_INFO 0 -5.750000 57.866084 1.570796 42.543922 -5.750000 61.137459 11.297502 2.619457
DYNAMIC_OBS_INFO 1 -1.750000 52.410043 1.570796 34.052092 -1.750000 52.410043 12.245128 2.353291
STATIC_OBS_INFO 0 -6.300000 61.928657 43.338628 
STATIC_OBS_INFO 1 -6.300000 79.159650 60.568623 
Parent: -31.537074 10.000000 101.000000 0.000000 15.150000 10.226054 -10.000000 2.736872 36.000000 0.000000 0 0 0 0 0 0 0 0
Child: 10.226054 20.415077 206.000000 5.492650 198.600000 0.000000 -10.000000 0.000000 0.000000 0.000000 0 0 0 0 0 0 0 0
EGO_STATUS -5.748605 18.593537 0.400000 1.569339 11.113082 4.000000 0.000000
DYNAMIC_OBS_INFO 0 -5.750000 57.866084 1.570796 42.575465 -5.750000 62.280307 11.559448 2.619457
DYNAMIC_OBS_INFO 1 -1.750000 52.410043 1.570796 32.948431 -1.750000 52.410043 12.245128 2.353291
STATIC_OBS_INFO 0 -6.300000 61.928657 42.227448 
STATIC_OBS_INFO 1 -6.300000 79.159650 59.457388 
Parent: -32.456018 10.000000 101.000000 0.000000 15.150000 8.407110 -10.000000 2.636872 35.000000 0.000000 0 0 0 0 0 0 0 0
Child: 8.407110 19.303769 195.000000 5.492267 180.450000 0.000000 -10.000000 0.000000 0.000000 0.000000 0 0 0 0 0 0 0 0
EGO_STATUS -5.746108 19.704842 0.500000 1.567616 11.113082 4.000000 0.000000
DYNAMIC_OBS_INFO 0 -5.750000 57.866084 1.570796 42.633211 -5.750000 63.449349 11.821394 2.619457
DYNAMIC_OBS_INFO 1 -1.750000 52.410043 1.570796 31.845004 -1.750000 52.410043 12.245128 2.353291
STATIC_OBS_INFO 0 -6.300000 61.928657 41.116316 
STATIC_OBS_INFO 1 -6.300000 79.159650 58.346187 
Parent: -33.327258 10.000000 101.000000 0.000000 15.150000 6.635870 -10.000000 2.536872 34.000000 0.000000 0 0 0 0 0 0 0 0
Child: 6.635870 18.192461 183.000000 5.492077 161.850000 0.000000 -10.000000 0.000000 0.000000 0.000000 0 0 0 0 0 0 0 0
EGO_STATUS -5.741179 20.816139 0.600000 1.564940 11.113082 4.000000 0.000000
DYNAMIC_OBS_INFO 0 -5.750000 57.866084 1.570796 42.717175 -5.750000 64.644585 12.083339 2.619457
DYNAMIC_OBS_INFO 1 -1.750000 52.410043 1.570796 30.741708 -1.750000 52.410043 12.245128 2.353291
STATIC_OBS_INFO 0 -6.300000 61.928657 40.005265 
STATIC_OBS_INFO 1 -6.300000 79.159650 57.235047 
Parent: -34.246971 10.000000 101.000000 0.000000 15.150000 4.816157 -10.000000 2.436872 33.000000 0.000000 0 0 0 0 0 0 0 0
Child: 4.816157 17.081153 172.000000 5.492447 143.700000 0.000000 -10.000000 0.000000 0.000000 0.000000 0 0 0 0 0 0 0 0
EGO_STATUS -5.732705 21.927414 0.700000 1.561233 11.113082 4.000000 0.000000
DYNAMIC_OBS_INFO 0 -5.750000 57.866084 1.570796 42.827384 -5.750000 65.866016 12.345285 2.619457
DYNAMIC_OBS_INFO 1 -1.750000 52.410043 1.570796 29.638429 -1.750000 52.410043 12.245128 2.353291
STATIC_OBS_INFO 0 -6.300000 61.928657 38.894345 
STATIC_OBS_INFO 1 -6.300000 79.159650 56.124008 
Parent: -34.164792 10.000000 101.000000 0.000000 15.150000 2.998336 -10.000000 2.336872 31.000000 0.000000 0 0 0 0 0 0 0 0
Child: 2.998336 15.969845 161.000000 5.492729 125.550000 0.000000 -10.000000 0.000000 0.000000 0.000000 0 0 0 0 0 0 0 0
EGO_STATUS -5.719551 23.038643 0.800000 1.556538 11.113082 4.000000 0.000000
DYNAMIC_OBS_INFO 0 -5.750000 57.866084 1.570796 42.963880 -5.750000 67.113642 12.607231 2.619457
DYNAMIC_OBS_INFO 1 -1.750000 52.410043 1.570796 28.535066 -1.750000 52.410043 12.245128 2.353291
STATIC_OBS_INFO 0 -6.300000 61.928657 37.783620 
STATIC_OBS_INFO 1 -6.300000 79.159650 55.013124 
Parent: -35.110021 10.000000 101.000000 0.000000 15.150000 1.153107 -10.000000 2.236872 30.000000 0.000000 0 0 0 0 0 0 0 0
Child: 1.153107 14.858537 150.000000 5.492921 107.100000 0.000000 -10.000000 0.000000 0.000000 0.000000 0 0 0 0 0 0 0 0
EGO_STATUS -5.700705 24.149790 0.900000 1.551026 11.113082 4.000000 0.000000
DYNAMIC_OBS_INFO 0 -5.750000 57.866084 1.570796 43.126718 -5.750000 68.387463 12.869177 2.619457
DYNAMIC_OBS_INFO 1 -1.750000 52.410043 1.570796 27.431548 -1.750000 52.410043 12.245128 2.353291
STATIC_OBS_INFO 0 -6.300000 61.928657 36.673167 
STATIC_OBS_INFO 1 -6.300000 79.159650 53.902460 
Parent: 180.614186 20.435104 206.000000 10.439934 2061.400000 9.401969 0.000000 4.686661 39.000000 0.000000 0 0 0 0 0 0 0 0
Child: 9.401969 13.747229 139.000000 3.414512 91.650000 0.000000 0.000000 0.000000 0.000000 0.000000 0 0 0 0 0 0 0 0
EGO_STATUS -5.675417 25.260809 1.000000 1.545004 11.113082 4.000000 0.000000
DYNAMIC_OBS_INFO 0 -5.750000 57.866084 1.570796 43.330652 -5.750000 69.687478 13.131122 2.619457
DYNAMIC_OBS_INFO 1 -1.750000 52.410043 1.570796 26.342460 -1.750000 52.410043 12.245128 2.353291
STATIC_OBS_INFO 0 -6.300000 61.928657 35.577753 
STATIC_OBS_INFO 1 -6.300000 79.159650 52.806771 
Parent: 170.014539 20.435104 206.000000 10.439928 2061.400000 -2.097679 0.000000 4.586662 38.000000 0.000000 0 0 0 0 0 0 0 0
Child: -2.097679 12.650625 128.000000 3.156288 76.800000 0.000000 -10.000000 0.000000 0.000000 0.000000 0 0 0 0 0 0 0 0
EGO_STATUS -5.643817 26.356956 1.100000 1.538974 10.819082 3.000000 -2.940000
DYNAMIC_OBS_INFO 0 -5.750000 57.866084 1.570796 43.590428 -5.750000 71.013687 13.393068 2.619457
DYNAMIC_OBS_INFO 1 -1.750000 52.410043 1.570796 25.282467 -1.750000 52.410043 12.245128 2.353291
STATIC_OBS_INFO 0 -6.300000 61.928657 34.512124 
STATIC_OBS_INFO 1 -6.300000 79.159650 51.740798 
Parent: 169.480150 20.435104 206.000000 10.439886 2061.400000 -3.532075 0.000000 4.486673 37.000000 0.000000 0 0 0 0 0 0 0 0
Child: -3.532075 11.583446 117.000000 2.780061 62.550000 0.000000 -10.000000 0.000000 0.000000 0.000000 0 0 0 0 0 0 0 0
EGO_STATUS -5.606879 27.423494 1.200000 1.533495 10.525082 3.000000 -2.940000
DYNAMIC_OBS_INFO 0 -5.750000 57.866084 1.570796 43.906024 -5.750000 72.366091 13.655014 2.619457
DYNAMIC_OBS_INFO 1 -1.750000 52.410043 1.570796 24.251657 -1.750000 52.410043 12.245128 2.353291
STATIC_OBS_INFO 0 -6.300000 61.928657 33.476257 
STATIC_OBS_INFO 1 -6.300000 79.159650 50.704513 
Parent: 169.197856 20.435104 206.000000 10.439839 2061.400000 -4.714376 0.000000 4.386685 36.000000 0.000000 0 0 0 0 0 0 0 0
Child: -4.714376 10.545671 107.000000 2.779759 50.850000 0.000000 -10.000000 0.000000 0.000000 0.000000 0 0 0 0 0 0 0 0
EGO_STATUS -5.565761 28.460453 1.300000 1.529023 10.231082 3.000000 -2.940000
DYNAMIC_OBS_INFO 0 -5.750000 57.866084 1.570796 44.277378 -5.750000 73.744690 13.916959 2.619457
DYNAMIC_OBS_INFO 1 -1.750000 52.410043 1.570796 23.250157 -1.750000 52.410043 12.245128 2.353291
STATIC_OBS_INFO 0 -6.300000 61.928657 32.470081 
STATIC_OBS_INFO 1 -6.300000 79.159650 49.697842 
Parent: 169.052853 20.435104 206.000000 10.439822 2061.400000 -5.759382 0.000000 4.286690 35.000000 0.000000 0 0 0 0 0 0 0 0
Child: -5.759382 9.537275 97.000000 2.779717 40.350000 0.000000 -10.000000 0.000000 0.000000 0.000000 0 0 0 0 0 0 0 0
EGO_STATUS -5.521972 29.467899 1.400000 1.525938 9.937082 3.000000 -2.940000
DYNAMIC_OBS_INFO 0 -5.750000 57.866084 1.570796 44.704457 -5.750000 75.149483 14.178905 2.619457
DYNAMIC_OBS_INFO 1 -1.750000 52.410043 1.570796 22.278190 -1.750000 52.410043 12.245128 2.353291
STATIC_OBS_INFO 0 -6.300000 61.928657 31.493548 
STATIC_OBS_INFO 1 -6.300000 79.159650 48.720740 
Parent: 169.069554 20.435104 206.000000 10.439785 2061.400000 -6.642687 0.000000 4.186699 34.000000 0.000000 0 0 0 0 0 0 0 0
Child: -6.642687 8.558292 87.000000 2.779035 31.350000 0.000000 -10.000000 0.000000 0.000000 0.000000 0 0 0 0 0 0 0 0
EGO_STATUS -5.477238 30.445858 1.500000 1.524522 9.643082 3.000000 -2.940000
DYNAMIC_OBS_INFO 0 -5.750000 57.866084 1.570796 45.187171 -5.750000 76.580471 14.440851 2.619457
DYNAMIC_OBS_INFO 1 -1.750000 52.410043 1.570796 21.335979 -1.750000 52.410043 12.245128 2.353291
STATIC_OBS_INFO 0 -6.300000 61.928657 30.546544 
STATIC_OBS_INFO 1 -6.300000 79.159650 47.773102 
Parent: 169.253717 20.435104 206.000000 10.439725 2061.400000 -7.358533 0.000000 4.086715 33.000000 0.000000 0 0 0 0 0 0 0 0
Child: -7.358533 7.608726 78.000000 2.778703 24.300000 0.000000 -10.000000 0.000000 0.000000 0.000000 0 0 0 0 0 0 0 0
EGO_STATUS -5.433361 31.394410 1.600000 1.524928 9.349082 3.000000 -2.940000
DYNAMIC_OBS_INFO 0 -5.750000 57.866084 1.570796 45.725393 -5.750000 78.037653 14.702797 2.619457
DYNAMIC_OBS_INFO 1 -1.750000 52.410043 1.570796 20.423740 -1.750000 52.410043 12.245128 2.353291
STATIC_OBS_INFO 0 -6.300000 61.928657 29.628911 
STATIC_OBS_INFO 1 -6.300000 79.159650 46.854786 
Parent: 169.526490 20.435104 206.000000 10.439683 2061.400000 -7.985766 0.000000 3.986725 32.000000 0.000000 0 0 0 0 0 0 0 0
Child: -7.985766 6.688547 68.000000 2.777978 17.700000 0.000000 -10.000000 0.000000 0.000000 0.000000 0 0 0 0 0 0 0 0
EGO_STATUS -5.392056 32.313661 1.700000 1.527162 9.055082 3.000000 -2.940000
DYNAMIC_OBS_INFO 0 -5.750000 57.866084 1.570796 46.319042 -5.750000 79.521030 14.964742 2.619457
DYNAMIC_OBS_INFO 1 -1.750000 52.410043 1.570796 19.541734 -1.750000 52.410043 12.245128 2.353291
STATIC_OBS_INFO 0 -6.300000 61.928657 28.740529 
STATIC_OBS_INFO 1 -6.300000 79.159650 45.965694 
Parent: 170.026555 20.435104 206.000000 10.439660 2061.400000 -8.385705 0.000000 3.886731 31.000000 0.000000 0 0 0 0 0 0 0 0
Child: -8.385705 5.797754 59.000000 2.777639 13.650000 0.000000 -10.000000 0.000000 0.000000 0.000000 0 0 0 0 0 0 0 0
EGO_STATUS -5.354825 33.203674 1.800000 1.531092 8.761082 3.000000 -2.940000
DYNAMIC_OBS_INFO 0 -5.750000 57.866084 1.570796 46.968105 -5.750000 81.030602 15.226688 2.619457
DYNAMIC_OBS_INFO 1 -1.750000 52.410043 1.570796 19.905160 -1.750000 53.646323 12.480457 2.353291
STATIC_OBS_INFO 0 -6.300000 61.928657 27.881347 
STATIC_OBS_INFO 1 -6.300000 79.159650 45.105796 
Parent: 170.553800 20.435104 206.000000 10.439591 2061.400000 -8.758471 0.000000 3.786749 30.000000 0.000000 0 0 0 0 0 0 0 0
Child: -8.758471 4.936395 51.000000 2.776771 10.050000 0.000000 -10.000000 0.000000 0.000000 0.000000 0 0 0 0 0 0 0 0
EGO_STATUS -5.322844 34.064439 1.900000 1.536444 8.467082 3.000000 -2.940000
DYNAMIC_OBS_INFO 0 -5.750000 57.866084 1.570796 47.672530 -5.750000 82.566368 15.488634 2.619457
DYNAMIC_OBS_INFO 1 -1.750000 52.410043 1.570796 20.322058 -1.750000 54.906135 12.715787 2.353291
STATIC_OBS_INFO 0 -6.300000 61.928657 27.051271 
STATIC_OBS_INFO 1 -6.300000 79.159650 44.275023 
Parent: 170.092965 20.435104 206.000000 10.439522 2061.400000 -9.119317 0.000000 3.686766 30.000000 0.000000 0 0 0 0 0 0 0 0
Child: -9.119317 4.104434 43.000000 2.776453 6.450000 0.000000 -10.000000 0.000000 0.000000 0.000000 0 0 0 0 0 0 0 0
EGO_STATUS -5.296860 34.895992 2.000000 1.542819 8.173082 3.000000 -2.940000
DYNAMIC_OBS_INFO 0 -5.750000 57.866084 1.570796 48.432287 -5.750000 84.128329 15.750580 2.619457
DYNAMIC_OBS_INFO 1 -1.750000 52.410043 1.570796 20.792478 -1.750000 56.189480 12.951116 2.353291
STATIC_OBS_INFO 0 -6.300000 61.928657 26.250243 
STATIC_OBS_INFO 1 -6.300000 79.159650 43.473334 
Parent: 278.754112 30.290952 304.000000 6.870659 3232.100000 0.755359 -10.000000 4.263541 39.000000 0.000000 0 0 0 0 0 0 0 0
Child: 0.755359 3.301832 35.000000 2.756939 5.250000 0.000000 0.000000 0.000000 0.000000 0.000000 0 0 0 0 0 0 0 0
EGO_STATUS -5.277142 35.698350 2.100000 1.549713 7.879082 3.000000 -2.940000
DYNAMIC_OBS_INFO 0 -5.750000 57.866084 1.570796 49.232755 -5.750000 85.716484 16.012525 2.619457
DYNAMIC_OBS_INFO 1 -1.750000 52.410043 1.570796 21.301940 -1.750000 57.496358 13.186445 2.353291
STATIC_OBS_INFO 0 -6.300000 61.928657 25.463635 
STATIC_OBS_INFO 1 -6.300000 79.159650 42.686106 
Parent: 269.526776 30.290952 304.000000 6.870659 3232.100000 -9.371977 -10.000000 4.163541 38.000000 0.000000 0 0 0 0 0 0 0 0
Child: -9.371977 2.513924 27.000000 2.695081 4.050000 0.000000 -10.000000 0.000000 0.000000 0.000000 0 0 0 0 0 0 0 0
EGO_STATUS -5.263286 36.486135 2.200000 1.556674 7.879082 4.000000 0.000000
DYNAMIC_OBS_INFO 0 -5.750000 57.866084 1.570796 50.059288 -5.750000 87.330834 16.274471 2.619457
DYNAMIC_OBS_INFO 1 -1.750000 52.410043 1.570796 21.835875 -1.750000 58.826769 13.421774 2.353291
STATIC_OBS_INFO 0 -6.300000 61.928657 24.676808 
STATIC_OBS_INFO 1 -6.300000 79.159650 41.898694 
Parent: 263.215030 32.039140 322.000000 7.957699 3068.900000 0.000000 -10.000000 4.066355 37.000000 0.000000 0 0 0 0 0 0 0 0
EGO_STATUS -5.254767 37.273996 2.300000 1.563133 7.879082 4.000000 0.000000
DYNAMIC_OBS_INFO 0 -5.750000 57.866084 1.570796 50.911932 -5.750000 88.971378 16.536417 2.619457
DYNAMIC_OBS_INFO 1 -1.750000 52.410043 1.570796 22.394155 -1.750000 60.180713 13.657103 2.353291
STATIC_OBS_INFO 0 -6.300000 61.928657 23.889812 
STATIC_OBS_INFO 1 -6.300000 79.159650 41.111146 
Parent: 263.895820 31.251239 314.000000 7.957410 3065.900000 0.000000 -10.000000 3.966355 36.000000 0.000000 0 0 0 0 0 0 0 0
EGO_STATUS -5.250853 38.061893 2.400000 1.568217 7.879082 4.000000 0.000000
DYNAMIC_OBS_INFO 0 -5.750000 57.866084 1.570796 51.790729 -5.750000 90.638117 16.798362 2.619457
DYNAMIC_OBS_INFO 1 -1.750000 52.410043 1.570796 22.976548 -1.750000 61.558190 13.892432 2.353291
STATIC_OBS_INFO 0 -6.300000 61.928657 23.102724 
STATIC_OBS_INFO 1 -6.300000 79.159650 40.323519 
Parent: 263.670186 30.463337 306.000000 7.957063 3063.800000 0.000000 -10.000000 3.866356 36.000000 0.000000 0 0 0 0 0 0 0 0
EGO_STATUS -5.250121 38.849801 2.500000 1.571095 7.879082 4.000000 0.000000
DYNAMIC_OBS_INFO 0 -5.750000 57.866084 1.570796 52.695708 -5.750000 92.331050 17.060308 2.619457
DYNAMIC_OBS_INFO 1 -1.750000 52.410043 1.570796 23.582749 -1.750000 62.959199 14.127761 2.353291
STATIC_OBS_INFO 0 -6.300000 61.928657 22.315637 
STATIC_OBS_INFO 1 -6.300000 79.159650 39.535871 
Parent: 264.359311 29.675435 298.000000 7.957030 3060.800000 0.000000 -10.000000 3.766357 35.000000 0.000000 0 0 0 0 0 0 0 0
EGO_STATUS -5.250588 39.637709 2.600000 1.571195 7.879082 4.000000 0.000000
DYNAMIC_OBS_INFO 0 -5.750000 57.866084 1.570796 53.626894 -5.750000 94.050179 17.322254 2.619457
DYNAMIC_OBS_INFO 1 -1.750000 52.410043 1.570796 24.212419 -1.750000 64.383742 14.363090 2.353291
STATIC_OBS_INFO 0 -6.300000 61.928657 21.528665 
STATIC_OBS_INFO 1 -6.300000 79.159650 38.748265 
Parent: 265.112861 28.887532 290.000000 7.957014 3058.400000 0.000000 -10.000000 3.666358 34.000000 0.000000 0 0 0 0 0 0 0 0
EGO_STATUS -5.249925 40.425616 2.700000 1.568196 7.879082 4.000000 0.000000
DYNAMIC_OBS_INFO 0 -5.750000 57.866084 1.570796 54.584320 -5.750000 95.795501 17.584200 2.619457
DYNAMIC_OBS_INFO 1 -1.750000 52.410043 1.570796 24.865246 -1.750000 65.831817 14.598419 2.353291
STATIC_OBS_INFO 0 -6.300000 61.928657 20.741961 
STATIC_OBS_INFO 1 -6.300000 79.159650 37.960784 
Parent: 265.901390 28.099628 282.000000 7.956937 3056.300000 0.000000 -10.000000 3.566358 33.000000 0.000000 0 0 0 0 0 0 0 0
EGO_STATUS -5.245633 41.213511 2.800000 1.561988 7.879082 4.000000 0.000000
DYNAMIC_OBS_INFO 0 -5.750000 57.866084 1.570796 55.568056 -5.750000 97.567018 17.846145 2.619457
DYNAMIC_OBS_INFO 1 -1.750000 52.410043 1.570796 25.540983 -1.750000 67.303426 14.833749 2.353291
STATIC_OBS_INFO 0 -6.300000 61.928657 19.955738 
STATIC_OBS_INFO 1 -6.300000 79.159650 37.173555 
Parent: 266.524076 27.311722 275.000000 7.956801 3063.650000 0.000000 -10.000000 3.466359 32.000000 0.000000 0 0 0 0 0 0 0 0
EGO_STATUS -5.235203 42.001348 2.900000 1.552644 7.879082 4.000000 0.000000
DYNAMIC_OBS_INFO 0 -5.750000 57.866084 1.570796 56.578226 -5.750000 99.364730 18.108091 2.619457
DYNAMIC_OBS_INFO 1 -1.750000 52.410043 1.570796 26.239498 -1.750000 68.798567 15.069078 2.353291
STATIC_OBS_INFO 0 -6.300000 61.928657 19.170293 
STATIC_OBS_INFO 1 -6.300000 79.159650 36.386771 
Parent: 266.321364 26.523816 267.000000 7.956604 3061.850000 0.000000 -10.000000 3.366359 32.000000 0.000000 0 0 0 0 0 0 0 0
EGO_STATUS -5.216244 42.789022 3.000000 1.540385 7.879082 4.000000 0.000000
DYNAMIC_OBS_INFO 0 -5.750000 57.866084 1.570796 57.615027 -5.750000 101.188637 18.370037 2.619457
DYNAMIC_OBS_INFO 1 -1.750000 52.410043 1.570796 26.960798 -1.750000 70.317241 15.304407 2.353291
STATIC_OBS_INFO 0 -6.300000 61.928657 18.386036 
STATIC_OBS_INFO 1 -6.300000 79.159650 35.600700 
Parent: 267.063624 25.735909 259.000000 7.956348 3059.450000 0.000000 -10.000000 3.266359 31.000000 0.000000 0 0 0 0 0 0 0 0
EGO_STATUS -5.186591 43.576365 3.100000 1.525557 7.879082 4.000000 0.000000
DYNAMIC_OBS_INFO 0 -5.750000 57.866084 1.570796 58.678730 -5.750000 103.038738 18.631983 2.619457
DYNAMIC_OBS_INFO 1 -1.750000 52.410043 1.570796 27.705041 -1.750000 71.859448 15.539736 2.353291
STATIC_OBS_INFO 0 -6.300000 61.928657 17.603496 
STATIC_OBS_INFO 1 -6.300000 79.159650 34.815701 
Parent: 267.840702 24.948002 251.000000 7.956035 3057.350000 0.000000 -10.000000 3.166359 30.000000 0.000000 0 0 0 0 0 0 0 0
EGO_STATUS -5.144397 44.363133 3.200000 1.508598 7.879082 4.000000 0.000000
DYNAMIC_OBS_INFO 0 -5.750000 57.866084 1.570796 59.769676 -5.750000 104.915033 18.893928 2.619457
DYNAMIC_OBS_INFO 1 -1.750000 52.410043 1.570796 28.472533 -1.750000 73.425188 15.775065 2.353291
STATIC_OBS_INFO 0 -6.300000 61.928657 16.823336 
STATIC_OBS_INFO 1 -6.300000 79.159650 34.032210 
Parent: 453.302996 10.000000 101.000000 0.000000 2055.350000 294.467453 -10.000000 4.335543 39.000000 0.000000 0 0 0 0 0 0 0 0
Child: 294.467453 24.160093 243.000000 7.955664 3054.350000 0.000000 -10.000000 0.000000 0.000000 0.000000 0 0 0 0 0 0 0 0
EGO_STATUS -5.088193 45.149022 3.300000 1.490016 7.879082 4.000000 0.000000
DYNAMIC_OBS_INFO 0 -5.750000 57.866084 1.570796 60.888248 -5.750000 106.817523 19.155874 2.619457
DYNAMIC_OBS_INFO 1 -1.750000 52.410043 1.570796 29.263702 -1.750000 75.014461 16.010394 2.353291
STATIC_OBS_INFO 0 -6.300000 61.928657 16.046348 
STATIC_OBS_INFO 1 -6.300000 79.159650 33.250726 
Parent: 452.793296 10.000000 101.000000 0.000000 2055.350000 294.057754 -10.000000 4.235542 39.000000 0.000000 0 0 0 0 0 0 0 0
Child: 294.057754 23.372185 235.000000 7.955498 3049.250000 0.000000 -10.000000 0.000000 0.000000 0.000000 0 0 0 0 0 0 0 0
EGO_STATUS -5.016940 45.933688 3.400000 1.470366 7.879082 4.000000 0.000000
DYNAMIC_OBS_INFO 0 -5.750000 57.866084 1.570796 62.034850 -5.750000 108.746208 19.417820 2.619457
DYNAMIC_OBS_INFO 1 -1.750000 52.410043 1.570796 30.079065 -1.750000 76.627267 16.245723 2.353291
STATIC_OBS_INFO 0 -6.300000 61.928657 15.273442 
STATIC_OBS_INFO 1 -6.300000 79.159650 32.471784 
Parent: 453.110752 10.000000 101.000000 0.000000 2055.350000 293.475210 -10.000000 4.135542 38.000000 0.000000 0 0 0 0 0 0 0 0
Child: 293.475210 22.584276 227.000000 7.952468 3042.350000 0.000000 -10.000000 0.000000 0.000000 0.000000 0 0 0 0 0 0 0 0
EGO_STATUS -4.930055 46.716777 3.500000 1.450229 7.879082 4.000000 0.000000
DYNAMIC_OBS_INFO 0 -5.750000 57.866084 1.570796 63.209862 -5.750000 110.701087 19.679765 2.619457
DYNAMIC_OBS_INFO 1 -1.750000 52.410043 1.570796 30.919179 -1.750000 78.263606 16.481052 2.353291
STATIC_OBS_INFO 0 -6.300000 61.928657 14.505639 
STATIC_OBS_INFO 1 -6.300000 79.159650 31.695918 
Parent: 453.301040 10.000000 101.000000 0.000000 2055.350000 292.765497 -10.000000 4.035542 37.000000 0.000000 0 0 0 0 0 0 0 0
Child: 292.765497 21.796367 219.000000 7.800287 3034.250000 0.000000 -10.000000 0.000000 0.000000 0.000000 0 0 0 0 0 0 0 0
EGO_STATUS -4.827420 47.497958 3.600000 1.430188 7.879082 4.000000 0.000000
DYNAMIC_OBS_INFO 0 -5.750000 57.866084 1.570796 64.413607 -5.750000 112.682161 19.941711 2.619457
DYNAMIC_OBS_INFO 1 -1.750000 52.410043 1.570796 31.784587 -1.750000 79.923478 16.716381 2.353291
STATIC_OBS_INFO 0 -6.300000 61.928657 13.744050 
STATIC_OBS_INFO 1 -6.300000 79.159650 30.923625 
Parent: 452.787268 10.000000 101.000000 0.000000 2055.350000 291.351726 -10.000000 3.935542 36.000000 0.000000 0 0 0 0 0 0 0 0
Child: 291.351726 21.008458 212.000000 7.792688 3033.200000 0.000000 -10.000000 0.000000 0.000000 0.000000 0 0 0 0 0 0 0 0
EGO_STATUS -4.709376 48.276960 3.700000 1.410817 7.879082 4.000000 0.000000
DYNAMIC_OBS_INFO 0 -5.750000 57.866084 1.570796 65.646309 -5.750000 114.689429 20.203657 2.619457
DYNAMIC_OBS_INFO 1 -1.750000 52.410043 1.570796 32.675771 -1.750000 81.606882 16.951710 2.353291
STATIC_OBS_INFO 0 -6.300000 61.928657 12.989868 
STATIC_OBS_INFO 1 -6.300000 79.159650 30.155324 
Parent: 452.362130 10.000000 101.000000 0.000000 2055.350000 290.026588 -10.000000 3.835542 35.000000 0.000000 0 0 0 0 0 0 0 0
Child: 290.026588 20.220548 204.000000 7.792404 3019.100000 0.000000 -10.000000 0.000000 0.000000 0.000000 0 0 0 0 0 0 0 0
EGO_STATUS -4.576703 49.053607 3.800000 1.392661 7.879082 4.000000 0.000000
DYNAMIC_OBS_INFO 0 -5.750000 57.866084 1.570796 66.908064 -5.750000 116.722892 20.465603 2.619457
DYNAMIC_OBS_INFO 1 -1.750000 52.410043 1.570796 33.593102 -1.750000 83.313820 17.187040 2.353291
STATIC_OBS_INFO 0 -6.300000 61.928657 12.244367 
STATIC_OBS_INFO 1 -6.300000 79.159650 29.391323 
Parent: 450.644737 10.000000 101.000000 0.000000 2055.350000 288.409196 -10.000000 3.735542 35.000000 0.000000 0 0 0 0 0 0 0 0
Child: 288.409196 19.432639 196.000000 7.792050 3002.000000 0.000000 -10.000000 0.000000 0.000000 0.000000 0 0 0 0 0 0 0 0
EGO_STATUS -4.430588 49.827839 3.900000 1.376221 7.879082 4.000000 0.000000
DYNAMIC_OBS_INFO 0 -5.750000 57.866084 1.570796 68.198823 -5.750000 118.782550 20.727548 2.619457
DYNAMIC_OBS_INFO 1 -1.750000 52.410043 1.570796 34.536806 -1.750000 85.044290 17.422369 2.353291
STATIC_OBS_INFO 0 -6.300000 61.928657 11.508909 
STATIC_OBS_INFO 1 -6.300000 79.159650 28.631789 
Parent: 449.546269 10.000000 101.000000 0.000000 2055.350000 286.410728 -10.000000 3.635542 34.000000 0.000000 0 0 0 0 0 0 0 0
Child: 286.410728 18.644730 188.000000 7.791879 2981.000000 0.000000 -10.000000 0.000000 0.000000 0.000000 0 0 0 0 0 0 0 0
EGO_STATUS -4.272574 50.599732 4.000000 1.361946 7.879082 4.000000 0.000000
DYNAMIC_OBS_INFO 0 -5.750000 57.866084 1.570796 69.518374 -5.750000 120.868402 20.989494 2.619457
DYNAMIC_OBS_INFO 1 -1.750000 52.410043 1.570796 35.506941 -1.750000 86.798294 17.657698 2.353291
STATIC_OBS_INFO 0 -6.300000 61.928657 10.784982 
STATIC_OBS_INFO 1 -6.300000 79.159650 27.876734 
Parent: 448.037359 10.000000 101.000000 0.000000 2055.350000 284.001817 -10.000000 3.535542 33.000000 0.000000 0 0 0 0 0 0 0 0
Child: 284.001817 17.856820 180.000000 7.791823 2955.800000 0.000000 -10.000000 0.000000 0.000000 0.000000 0 0 0 0 0 0 0 0
EGO_STATUS -4.104518 51.369504 4.100000 1.350220 7.879082 4.000000 0.000000
DYNAMIC_OBS_INFO 0 -5.750000 57.866084 1.570796 70.866357 -5.750000 122.980449 21.251440 2.619457
DYNAMIC_OBS_INFO 1 -1.750000 52.410043 1.570796 36.503391 -1.750000 88.575830 17.893027 2.353291
STATIC_OBS_INFO 0 -6.300000 61.928657 10.074252 
STATIC_OBS_INFO 1 -6.300000 79.159650 27.126007 
Parent: 446.088663 10.000000 101.000000 0.000000 2055.350000 281.153122 -10.000000 3.435541 32.000000 0.000000 0 0 0 0 0 0 0 0
Child: 281.153122 17.068911 172.000000 7.791695 2926.100000 0.000000 -10.000000 0.000000 0.000000 0.000000 0 0 0 0 0 0 0 0
EGO_STATUS -3.928530 52.137504 4.200000 1.341354 7.879082 4.000000 0.000000
DYNAMIC_OBS_INFO 0 -5.750000 57.866084 1.570796 72.242272 -5.750000 125.118690 21.513386 2.619457
DYNAMIC_OBS_INFO 1 -1.750000 52.410043 1.570796 37.525875 -1.750000 90.376899 18.128356 2.353291
STATIC_OBS_INFO 0 -6.300000 61.928657 9.378656 
STATIC_OBS_INFO 1 -6.300000 79.159650 26.379295 
Parent: 442.790029 10.000000 101.000000 0.000000 2055.350000 277.954487 -10.000000 3.335541 32.000000 0.000000 0 0 0 0 0 0 0 0
Child: 277.954487 16.281002 164.000000 7.791497 2892.800000 0.000000 -10.000000 0.000000 0.000000 0.000000 0 0 0 0 0 0 0 0
EGO_STATUS -3.746915 52.904194 4.300000 1.335579 7.879082 4.000000 0.000000
DYNAMIC_OBS_INFO 0 -5.750000 57.866084 1.570796 73.645511 -5.750000 127.283126 21.775331 2.619457
DYNAMIC_OBS_INFO 1 -1.750000 52.410043 1.570796 38.573967 -1.750000 92.201501 18.363685 2.353291
STATIC_OBS_INFO 0 -6.300000 61.928657 8.700543 
STATIC_OBS_INFO 1 -6.300000 79.159650 25.636148 
Parent: 440.171962 10.000000 101.000000 0.000000 2055.350000 274.436421 -10.000000 3.235541 31.000000 0.000000 0 0 0 0 0 0 0 0
Child: 274.436421 15.493093 156.000000 7.791229 2856.200000 0.000000 -10.000000 0.000000 0.000000 0.000000 0 0 0 0 0 0 0 0
EGO_STATUS -3.562110 53.670122 4.400000 1.333042 7.879082 4.000000 0.000000
DYNAMIC_OBS_INFO 0 -5.750000 57.866084 1.570796 75.075395 -5.750000 129.473756 22.037277 2.619457
DYNAMIC_OBS_INFO 1 -1.750000 52.410043 1.570796 39.647132 -1.750000 94.049636 18.599014 2.353291
STATIC_OBS_INFO 0 -6.300000 61.928657 8.042869 
STATIC_OBS_INFO 1 -6.300000 79.159650 24.895996 
Parent: 436.166362 10.000000 101.000000 0.000000 2055.350000 269.530821 -10.000000 3.135541 30.000000 0.000000 0 0 0 0 0 0 0 0
Child: 269.530821 14.705183 149.000000 7.790895 2824.550000 0.000000 -10.000000 0.000000 0.000000 0.000000 0 0 0 0 0 0 0 0
EGO_STATUS -3.376625 54.435886 4.500000 1.333802 7.879082 4.000000 0.000000
DYNAMIC_OBS_INFO 0 -5.750000 57.866084 1.570796 76.531217 -5.750000 131.690581 22.299223 2.619457
DYNAMIC_OBS_INFO 1 -1.750000 52.410043 1.570796 40.744770 -1.750000 95.921304 18.834343 2.353291
STATIC_OBS_INFO 0 -6.300000 61.928657 7.409468 
STATIC_OBS_INFO 1 -6.300000 79.159650 24.158188 
Parent: 624.346009 10.000000 101.000000 20.000000 2055.350000 465.045301 -10.000000 2.820509 39.000000 0.000000 0 0 1 0 0 0 0 0
Child: 465.045301 10.000000 101.000000 20.000000 2055.350000 269.565103 -10.000000 0.000000 0.000000 0.000000 0 0 1 0 0 0 0 0
Child: 269.565103 13.917274 141.000000 32.693397 2698.350000 0.000000 0.000000 0.000000 0.000000 0.000000 0 0 1 0 0 0 0 0
EGO_STATUS -3.192982 55.202094 4.600000 1.337833 7.879082 4.000000 0.000000
DYNAMIC_OBS_INFO 0 -5.750000 57.866084 1.570796 77.998078 -5.750000 133.933601 22.561168 2.619457
DYNAMIC_OBS_INFO 1 -1.750000 52.410043 1.570796 41.851835 -1.750000 97.816505 19.069672 2.353291
STATIC_OBS_INFO 0 -6.300000 61.928657 6.794471 
STATIC_OBS_INFO 1 -6.300000 79.159650 23.408303 
Parent: 601.180329 10.000000 101.000000 20.000000 2055.350000 441.979622 -10.000000 2.720509 39.000000 0.000000 0 0 1 0 0 0 0 0
Child: 441.979622 10.000000 101.000000 20.000000 2055.350000 246.499424 -10.000000 0.000000 0.000000 0.000000 0 0 1 0 0 0 0 0
Child: 246.499424 13.114661 133.000000 32.693281 2568.550000 0.000000 -10.000000 0.000000 0.000000 0.000000 0 0 1 0 0 0 0 0
EGO_STATUS -3.010356 55.983652 4.700000 1.345179 8.173082 0.000000 2.940000
DYNAMIC_OBS_INFO 0 -5.750000 57.866084 1.570796 79.460976 -5.750000 136.202815 22.823114 2.619457
DYNAMIC_OBS_INFO 1 -1.750000 52.410043 1.570796 42.953211 -1.750000 99.735238 19.305002 2.353291
STATIC_OBS_INFO 0 -6.300000 61.928657 6.196809 
STATIC_OBS_INFO 1 -6.300000 79.159650 22.631925 
Parent: 587.953590 10.000000 101.000000 20.000000 2055.350000 427.852886 -10.000000 2.620506 38.000000 0.000000 0 0 1 0 0 0 0 0
Child: 427.852886 10.000000 101.000000 20.000000 2055.350000 232.372688 -10.000000 0.000000 0.000000 0.000000 0 0 1 0 0 0 0 0
Child: 232.372688 12.282605 124.000000 32.692473 2414.200000 0.000000 -10.000000 0.000000 0.000000 0.000000 0 0 1 0 0 0 0 0
EGO_STATUS -2.828426 56.795567 4.800000 1.356026 8.467082 0.000000 2.940000
DYNAMIC_OBS_INFO 0 -5.750000 57.866084 1.570796 80.919122 -5.750000 138.498224 23.085060 2.619457
DYNAMIC_OBS_INFO 1 -1.750000 52.410043 1.570796 44.048237 -1.750000 101.677505 19.540331 2.353291
STATIC_OBS_INFO 0 -6.300000 61.928657 5.632330 
STATIC_OBS_INFO 1 -6.300000 79.159650 21.828384 
Parent: 573.967632 10.000000 101.000000 20.000000 2055.350000 412.966931 -10.000000 2.520503 37.000000 0.000000 0 0 1 0 0 0 0 0
Child: 412.966931 10.000000 101.000000 20.000000 2055.350000 217.486733 -10.000000 0.000000 0.000000 0.000000 0 0 1 0 0 0 0 0
Child: 217.486733 11.421148 116.000000 32.691137 2277.800000 0.000000 -10.000000 0.000000 0.000000 0.000000 0 0 1 0 0 0 0 0
EGO_STATUS -2.650686 57.638477 4.900000 1.370366 8.761082 0.000000 2.940000
DYNAMIC_OBS_INFO 0 -5.750000 57.866084 1.570796 82.371773 -5.750000 140.819827 23.347006 2.619457
DYNAMIC_OBS_INFO 1 -1.750000 52.410043 1.570796 45.136270 -1.750000 103.643304 19.775660 2.353291
STATIC_OBS_INFO 0 -6.300000 61.928657 5.123751 
STATIC_OBS_INFO 1 -6.300000 79.159650 20.996950 
Parent: 558.896786 10.000000 101.000000 20.000000 2055.350000 396.996086 -10.000000 2.420502 36.000000 0.000000 0 0 1 0 0 0 0 0
Child: 396.996086 10.000000 101.000000 20.000000 2055.350000 201.515888 -10.000000 0.000000 0.000000 0.000000 0 0 1 0 0 0 0 0
Child: 201.515888 10.530324 107.000000 32.690529 2116.550000 0.000000 -10.000000 0.000000 0.000000 0.000000 0 0 1 0 0 0 0 0
EGO_STATUS -2.480867 58.512952 5.000000 1.388018 9.055082 0.000000 2.940000
DYNAMIC_OBS_INFO 0 -5.750000 57.866084 1.570796 83.818228 -5.750000 143.167625 23.608951 2.619457
DYNAMIC_OBS_INFO 1 -1.750000 52.410043 1.570796 46.216694 -1.750000 105.632637 20.010989 2.353291
STATIC_OBS_INFO 0 -6.300000 61.928657 4.702556 
STATIC_OBS_INFO 1 -6.300000 79.159650 20.136830 
Parent: 542.844990 10.000000 101.000000 20.000000 2055.350000 380.044292 -10.000000 2.320500 35.000000 0.000000 0 0 1 0 0 0 0 0
Child: 380.044292 10.000000 101.000000 20.000000 2055.350000 184.564094 -10.000000 0.000000 0.000000 0.000000 0 0 1 0 0 0 0 0
Child: 184.564094 9.610088 98.000000 32.690219 1951.400000 0.000000 -10.000000 0.000000 0.000000 0.000000 0 0 1 0 0 0 0 0
EGO_STATUS -2.322800 59.419493 5.100000 1.408614 9.349082 0.000000 2.940000
DYNAMIC_OBS_INFO 0 -5.750000 57.866084 1.570796 85.258042 -5.750000 145.541617 23.870897 2.619457
DYNAMIC_OBS_INFO 1 -1.750000 52.410043 1.570796 47.289114 -1.750000 107.645502 20.246318 2.353291
STATIC_OBS_INFO 0 -6.300000 61.928657 4.408968 
STATIC_OBS_INFO 1 -6.300000 79.159650 19.247395 
Parent: 525.862591 10.000000 101.000000 20.000000 2055.350000 362.161896 -10.000000 2.220498 34.000000 0.000000 0 0 1 0 0 0 0 0
Child: 362.161896 10.000000 101.000000 20.000000 2055.350000 166.681698 -10.000000 0.000000 0.000000 0.000000 0 0 1 0 0 0 0 0
Child: 166.681698 8.660438 88.000000 32.689043 1762.600000 0.000000 -10.000000 0.000000 0.000000 0.000000 0 0 1 0 0 0 0 0
EGO_STATUS -2.180156 60.358344 5.200000 1.431562 9.643082 0.000000 2.940000
DYNAMIC_OBS_INFO 0 -5.750000 57.866084 1.570796 86.691069 -5.750000 147.941804 24.132843 2.619457
DYNAMIC_OBS_INFO 1 -1.750000 52.410043 1.570796 48.353402 -1.750000 109.681900 20.481647 2.353291
STATIC_OBS_INFO 0 -6.300000 61.928657 4.285936 
STATIC_OBS_INFO 1 -6.300000 79.159650 18.328274 
Parent: 507.903107 10.000000 101.000000 20.000000 2055.350000 343.302413 -10.000000 2.120496 33.000000 0.000000 0 0 1 0 0 0 0 0
Child: 343.302413 10.000000 101.000000 20.000000 2055.350000 147.822215 -10.000000 0.000000 0.000000 0.000000 0 0 1 0 0 0 0 0
Child: 147.822215 7.681404 78.000000 32.688806 1569.900000 0.000000 -10.000000 0.000000 0.000000 0.000000 0 0 1 0 0 0 0 0
EGO_STATUS -2.056156 61.329467 5.300000 1.456038 9.937082 0.000000 2.940000
DYNAMIC_OBS_INFO 0 -5.750000 57.866084 1.570796 88.117421 -5.750000 150.368186 24.394789 2.619457
DYNAMIC_OBS_INFO 1 -1.750000 52.410043 1.570796 49.409652 -1.750000 111.741832 20.716976 2.353291
STATIC_OBS_INFO 0 -6.300000 61.928657 4.365452 
STATIC_OBS_INFO 1 -6.300000 79.159650 17.379404 
Parent: 489.041877 10.000000 101.000000 20.000000 2055.350000 323.541184 -10.000000 2.020496 32.000000 0.000000 0 0 1 0 0 0 0 0
Child: 323.541184 10.000000 101.000000 20.000000 2055.350000 128.060986 -10.000000 0.000000 0.000000 0.000000 0 0 1 0 0 0 0 0
Child: 128.060986 6.672986 68.000000 32.688489 1374.200000 0.000000 -10.000000 0.000000 0.000000 0.000000 0 0 1 0 0 0 0 0
EGO_STATUS -1.953276 62.332598 5.400000 1.480997 10.231082 0.000000 2.940000
DYNAMIC_OBS_INFO 0 -5.750000 57.866084 1.570796 89.537446 -5.750000 152.820762 24.656734 2.619457
DYNAMIC_OBS_INFO 1 -1.750000 52.410043 1.570796 50.458149 -1.750000 113.825296 20.952305 2.353291
STATIC_OBS_INFO 0 -6.300000 61.928657 4.654957 
STATIC_OBS_INFO 1 -6.300000 79.159650 16.401139 
Parent: 469.257776 10.000000 101.000000 20.000000 2055.350000 302.857085 -10.000000 1.920494 31.000000 0.000000 0 0 1 0 0 0 0 0
Child: 302.857085 10.000000 101.000000 20.000000 2055.350000 107.376887 -10.000000 0.000000 0.000000 0.000000 0 0 1 0 0 0 0 0
Child: 107.376887 5.635146 58.000000 32.306968 1175.800000 0.000000 -10.000000 0.000000 0.000000 0.000000 0 0 1 0 0 0 0 0
EGO_STATUS -1.872931 63.367296 5.500000 1.505205 10.525082 0.000000 2.940000
DYNAMIC_OBS_INFO 0 -5.750000 57.866084 1.570796 90.951752 -5.750000 155.299533 24.918680 2.619457
DYNAMIC_OBS_INFO 1 -1.750000 52.410043 1.570796 51.499394 -1.750000 115.932293 21.187634 2.353291
STATIC_OBS_INFO 0 -6.300000 61.928657 5.136730 
STATIC_OBS_INFO 1 -6.300000 79.159650 15.394497 
Parent: 448.646844 10.000000 101.000000 20.000000 2055.350000 281.346154 -10.000000 1.820492 30.000000 0.000000 0 0 1 0 0 0 0 0
Child: 281.346154 10.000000 101.000000 20.000000 2055.350000 85.865956 -10.000000 0.000000 0.000000 0.000000 0 0 1 0 0 0 0 0
Child: 85.865956 4.567910 47.000000 31.130978 955.250000 0.000000 -10.000000 0.000000 0.000000 0.000000 0 0 1 0 0 0 0 0
EGO_STATUS -1.815074 64.432940 5.600000 1.527300 10.819082 0.000000 2.940000
DYNAMIC_OBS_INFO 0 -5.750000 57.866084 1.570796 92.361036 -5.750000 157.804498 25.180626 2.619457
DYNAMIC_OBS_INFO 1 -1.750000 52.410043 1.570796 52.533920 -1.750000 118.062823 21.422964 2.353291
STATIC_OBS_INFO 0 -6.300000 61.928657 5.780157 
STATIC_OBS_INFO 1 -6.300000 79.159650 14.361249 
Parent: 619.397571 10.000000 101.000000 0.000000 2055.350000 462.430057 -10.000000 2.467514 39.000000 0.000000 0 0 0 0 0 0 0 0
Child: 462.430057 10.000000 101.000000 0.000000 2055.350000 258.930057 0.000000 0.000000 0.000000 0.000000 0 0 0 0 0 0 0 0
Child: 258.930057 10.000000 101.000000 20.000000 2055.350000 63.449858 -10.000000 0.000000 0.000000 0.000000 0 0 1 0 0 0 0 0
Child: 63.449858 3.471299 36.000000 29.130732 732.600000 0.000000 -10.000000 0.000000 0.000000 0.000000 0 0 1 0 0 0 0 0
EGO_STATUS -1.778009 65.528910 5.700000 1.545908 11.113082 0.000000 2.940000
DYNAMIC_OBS_INFO 0 -5.750000 57.866084 1.570796 93.765902 -5.750000 160.335658 25.442571 2.619457
DYNAMIC_OBS_INFO 1 -1.750000 52.410043 1.570796 53.562128 -1.750000 120.216885 21.658293 2.353291
STATIC_OBS_INFO 0 -6.300000 61.928657 6.554596 
STATIC_OBS_INFO 1 -6.300000 79.159650 13.304097 
Parent: 593.661628 10.000000 101.000000 0.000000 2055.350000 435.326086 -10.000000 2.835543 38.000000 0.000000 0 0 0 0 0 0 0 0
Child: 435.326086 10.000000 101.000000 0.000000 2055.350000 241.826086 -10.000000 0.000000 0.000000 0.000000 0 0 0 0 0 0 0 0
Child: 241.826086 10.000000 101.000000 0.000000 2055.350000 48.326086 -10.000000 0.000000 0.000000 0.000000 0 0 0 0 0 0 0 0
Child: 48.326086 2.345269 25.000000 6.394384 508.750000 0.000000 0.000000 0.000000 0.000000 0.000000 0 0 0 0 0 0 0 0
EGO_STATUS -1.758338 66.654758 5.800000 1.559798 11.407082 0.000000 2.940000
DYNAMIC_OBS_INFO 0 -5.750000 57.866084 1.570796 95.181614 -5.750000 162.893012 25.704517 2.619457
DYNAMIC_OBS_INFO 1 -1.750000 52.410043 1.570796 54.599041 -1.750000 122.394481 21.893622 2.353291
STATIC_OBS_INFO 0 -6.300000 61.928657 7.423740 
STATIC_OBS_INFO 1 -6.300000 79.159650 12.240835 
Parent: 574.693174 10.000000 101.000000 20.000000 2055.350000 413.757231 -10.000000 2.455746 37.000000 0.000000 0 0 1 0 0 0 0 0
Child: 413.757231 10.000000 101.000000 20.000000 2055.350000 208.277033 0.000000 0.000000 0.000000 0.000000 0 0 1 0 0 0 0 0
Child: 208.277033 10.000000 101.000000 0.000000 2055.350000 14.777033 -10.000000 0.000000 0.000000 0.000000 0 0 0 0 0 0 0 0
Child: 14.777033 1.204561 14.000000 3.070880 284.900000 0.000000 -10.000000 0.000000 0.000000 0.000000 0 0 0 0 0 0 0 0
EGO_STATUS -1.751068 67.795440 5.900000 1.568068 11.407082 4.000000 0.000000
DYNAMIC_OBS_INFO 0 -5.750000 57.866084 1.570796 96.623245 -5.750000 165.476561 25.966463 2.619457
DYNAMIC_OBS_INFO 1 -1.750000 52.410043 1.570796 55.659462 -1.750000 124.595610 22.128951 2.353291
STATIC_OBS_INFO 0 -6.300000 61.928657 8.355085 
STATIC_OBS_INFO 1 -6.300000 79.159650 11.190288 
Parent: 539.077790 10.000000 101.000000 0.000000 2055.350000 378.942247 -10.000000 2.635543 36.000000 0.000000 0 0 0 0 0 0 0 0
Child: 378.942247 10.000000 101.000000 0.000000 2055.350000 185.442247 -10.000000 0.000000 0.000000 0.000000 0 0 0 0 0 0 0 0
Child: 185.442247 10.000000 101.000000 0.000000 2055.350000 -8.057753 -10.000000 0.000000 0.000000 0.000000 0 0 0 0 0 0 0 0
Child: -8.057753 0.063853 2.000000 20.135227 40.700000 0.000000 -10.000000 0.000000 0.000000 0.000000 0 0 0 0 1 0 0 0
EGO_STATUS -1.749997 68.936147 6.000000 1.570786 11.407082 4.000000 0.000000
DYNAMIC_OBS_INFO 0 -5.750000 57.866084 1.570796 98.091040 -5.750000 168.086305 26.228409 2.619457
DYNAMIC_OBS_INFO 1 -1.750000 52.410043 1.570796 56.743416 -1.750000 126.820271 22.364280 2.353291
STATIC_OBS_INFO 0 -6.300000 61.928657 9.332504 
STATIC_OBS_INFO 1 -6.300000 79.159650 10.158723 
Parent: 540.802134 10.000000 101.000000 20.000000 2055.350000 377.066190 -10.000000 2.255746 34.000000 0.000000 0 0 1 0 0 0 0 0
Child: 377.066190 10.000000 101.000000 20.000000 2055.350000 171.585992 0.000000 0.000000 0.000000 0.000000 0 0 1 0 0 0 0 0
Child: 171.585992 8.923145 91.000000 0.000000 1851.850000 0.000000 -10.000000 0.000000 0.000000 0.000000 0 0 0 0 0 0 0 0
EGO_STATUS -1.750000 70.076855 6.100000 1.570796 11.407082 4.000000 0.000000
DYNAMIC_OBS_INFO 0 -5.750000 57.866084 1.570796 99.585045 -5.750000 170.722243 26.490354 2.619457
DYNAMIC_OBS_INFO 1 -1.750000 52.410043 1.570796 57.850902 -1.750000 129.068466 22.599609 2.353291
STATIC_OBS_INFO 0 -6.300000 61.928657 10.343417 
STATIC_OBS_INFO 1 -6.300000 79.159650 9.153100 
Parent: 518.488722 10.000000 101.000000 20.000000 2055.350000 353.852778 -10.000000 2.155746 33.000000 0.000000 0 0 1 0 0 0 0 0
Child: 353.852778 10.000000 101.000000 20.000000 2055.350000 148.372580 0.000000 0.000000 0.000000 0.000000 0 0 1 0 0 0 0 0
Child: 148.372580 7.782436 79.000000 0.000000 1607.650000 0.000000 -10.000000 0.000000 0.000000 0.000000 0 0 0 0 0 0 0 0
EGO_STATUS -1.750000 71.217564 6.200000 1.570796 11.407082 4.000000 0.000000
DYNAMIC_OBS_INFO 0 -5.750000 57.866084 1.570796 101.105260 -5.750000 173.384376 26.752300 2.619457
DYNAMIC_OBS_INFO 1 -1.750000 52.410043 1.570796 58.981921 -1.750000 131.340193 22.834938 2.353291
STATIC_OBS_INFO 0 -6.300000 61.928657 11.378900 
STATIC_OBS_INFO 1 -6.300000 79.159650 8.182985 
Parent: 482.494712 10.000000 101.000000 0.000000 2055.350000 318.659169 -10.000000 2.335543 32.000000 0.000000 0 0 0 0 0 0 0 0
Child: 318.659169 10.000000 101.000000 0.000000 2055.350000 125.159169 -10.000000 0.000000 0.000000 0.000000 0 0 0 0 0 0 0 0
Child: 125.159169 6.641728 68.000000 0.000000 1383.800000 0.000000 -10.000000 0.000000 0.000000 0.000000 0 0 0 0 0 0 0 0
EGO_STATUS -1.750000 72.358272 6.300000 1.570796 11.407082 4.000000 0.000000
DYNAMIC_OBS_INFO 0 -5.750000 57.866084 1.570796 102.651686 -5.750000 176.072703 27.014246 2.619457
DYNAMIC_OBS_INFO 1 -1.750000 52.410043 1.570796 60.136473 -1.750000 133.635453 23.070267 2.353291
STATIC_OBS_INFO 0 -6.300000 61.928657 12.432814 
STATIC_OBS_INFO 1 -6.300000 79.159650 7.262622 
Parent: 473.861900 10.000000 101.000000 20.000000 2055.350000 307.425956 -10.000000 1.955746 31.000000 0.000000 0 0 1 0 0 0 0 0
Child: 307.425956 10.000000 101.000000 20.000000 2055.350000 101.945758 0.000000 0.000000 0.000000 0.000000 0 0 1 0 0 0 0 0
Child: 101.945758 5.501020 57.000000 0.000000 1159.950000 0.000000 -10.000000 0.000000 0.000000 0.000000 0 0 0 0 0 0 0 0
EGO_STATUS -1.750000 73.498980 6.400000 1.570796 11.407082 4.000000 0.000000
DYNAMIC_OBS_INFO 0 -5.750000 57.866084 1.570796 104.224323 -5.750000 178.787225 27.276192 2.619457
DYNAMIC_OBS_INFO 1 -1.750000 52.410043 1.570796 61.314558 -1.750000 135.954247 23.305596 2.353291
STATIC_OBS_INFO 0 -6.300000 61.928657 13.500845 
STATIC_OBS_INFO 1 -6.300000 79.159650 6.413467 
Parent: 437.867890 10.000000 101.000000 0.000000 2055.350000 272.232347 -10.000000 2.135543 30.000000 0.000000 0 0 0 0 0 0 0 0
Child: 272.232347 10.000000 101.000000 0.000000 2055.350000 78.732347 -10.000000 0.000000 0.000000 0.000000 0 0 0 0 0 0 0 0
Child: 78.732347 4.360312 45.000000 0.000000 915.750000 0.000000 -10.000000 0.000000 0.000000 0.000000 0 0 0 0 0 0 0 0
EGO_STATUS -1.750000 74.639688 6.500000 1.570796 11.407082 4.000000 0.000000
DYNAMIC_OBS_INFO 0 -5.750000 57.866084 1.570796 105.823170 -5.750000 181.527941 27.538137 2.619457
DYNAMIC_OBS_INFO 1 -1.750000 52.410043 1.570796 62.516176 -1.750000 138.296573 23.540926 2.353291
STATIC_OBS_INFO 0 -6.300000 61.928657 14.579889 
STATIC_OBS_INFO 1 -6.300000 79.159650 5.667615 
Parent: 482.983450 30.072872 302.000000 7.277738 4748.200000 55.518935 -10.000000 2.918580 39.000000 0.000000 0 0 0 0 0 0 0 0
Child: 55.518935 3.219604 34.000000 0.000000 691.900000 0.000000 -10.000000 0.000000 0.000000 0.000000 0 0 0 0 0 0 0 0
EGO_STATUS -1.750000 75.780396 6.600000 1.570796 11.407082 4.000000 0.000000
DYNAMIC_OBS_INFO 0 -5.750000 57.866084 1.570796 107.448228 -5.750000 184.294852 27.800083 2.619457
DYNAMIC_OBS_INFO 1 -1.750000 52.410043 1.570796 63.741327 -1.750000 140.662432 23.776255 2.353291
STATIC_OBS_INFO 0 -6.300000 61.928657 15.667673 
STATIC_OBS_INFO 1 -6.300000 79.159650 5.070856 
Parent: 472.676501 30.072872 302.000000 29.892878 4748.200000 32.305524 0.000000 2.573047 38.000000 0.000000 0 0 1 0 0 0 0 0
Child: 32.305524 2.078896 22.000000 0.000000 447.700000 0.000000 -10.000000 0.000000 0.000000 0.000000 0 0 0 0 0 0 0 0
EGO_STATUS -1.750000 76.921104 6.700000 1.570796 11.407082 4.000000 0.000000
DYNAMIC_OBS_INFO 0 -5.750000 57.866084 1.570796 109.099498 -5.750000 187.087958 28.062029 2.619457
DYNAMIC_OBS_INFO 1 -1.750000 52.410043 1.570796 64.990011 -1.750000 143.051824 24.011584 2.353291
STATIC_OBS_INFO 0 -6.300000 61.928657 16.762494 
STATIC_OBS_INFO 1 -6.300000 79.159650 4.680571 
Parent: 439.356628 30.072872 302.000000 7.277738 4748.200000 9.092113 -10.000000 2.718580 36.000000 0.000000 0 0 0 0 0 0 0 0
Child: 9.092113 0.938187 11.000000 0.000000 223.850000 0.000000 -10.000000 0.000000 0.000000 0.000000 0 0 0 0 0 0 0 0
EGO_STATUS -1.750000 78.061813 6.800000 1.570796 11.407082 4.000000 0.000000
DYNAMIC_OBS_INFO 0 -5.750000 57.866084 1.570796 110.776978 -5.750000 189.907258 28.323974 2.619457
DYNAMIC_OBS_INFO 1 -1.750000 52.410043 1.570796 66.262228 -1.750000 145.464748 24.246913 2.353291
STATIC_OBS_INFO 0 -6.300000 61.928657 17.863057 
STATIC_OBS_INFO 1 -6.300000 79.159650 4.550196 
Parent: 439.201408 29.870334 300.000000 33.598993 4707.500000 0.000000 0.000000 2.140699 35.000000 0.000000 0 0 1 0 0 0 0 0
EGO_STATUS -1.750006 79.202521 6.900000 1.570875 11.407082 4.000000 0.000000
DYNAMIC_OBS_INFO 0 -5.750000 57.866084 1.570796 112.468708 -5.750000 192.752753 28.585920 2.619457
DYNAMIC_OBS_INFO 1 -1.750000 52.410043 1.570796 67.546061 -1.750000 147.901206 24.482242 2.353291
STATIC_OBS_INFO 0 -6.300000 61.928657 18.979574 
STATIC_OBS_INFO 1 -6.300000 79.159650 4.702977 
Parent: 406.618157 28.717710 289.000000 33.598646 4480.650000 0.000000 -10.000000 2.040698 34.000000 0.000000 0 0 1 0 0 0 0 0
EGO_STATUS -1.751507 80.355145 7.000000 1.574037 11.644991 5.000000 2.379091
DYNAMIC_OBS_INFO 0 -5.750000 57.866084 1.570796 114.162690 -5.750000 195.624442 28.847866 2.619457
DYNAMIC_OBS_INFO 1 -1.750000 52.410043 1.570796 68.829671 -1.750000 150.361197 24.717571 2.353291
STATIC_OBS_INFO 0 -6.300000 61.928657 20.121912 
STATIC_OBS_INFO 1 -6.300000 79.159650 5.122954 
Parent: 331.618618 20.435104 206.000000 34.058423 2055.100000 152.548560 0.000000 4.826516 33.000000 0.000000 0 0 0 1 0 0 0 0
Child: 152.548560 7.469635 76.000000 12.709335 1539.400000 0.000000 0.000000 0.000000 0.000000 0.000000 0 0 0 0 0 0 0 0
EGO_STATUS -1.759200 81.531527 7.100000 1.581190 11.882900 5.000000 2.379093
DYNAMIC_OBS_INFO 0 -5.750000 57.866084 1.570796 115.885499 -5.750000 198.522326 29.109812 2.619457
DYNAMIC_OBS_INFO 1 -1.750000 52.410043 1.570796 70.139765 -1.750000 152.844720 24.952900 2.353291
STATIC_OBS_INFO 0 -6.300000 61.928657 21.262988 
STATIC_OBS_INFO 1 -6.300000 79.159650 5.747094 
Parent: 499.793872 10.000000 102.000000 20.000000 2075.700000 334.333157 -10.000000 1.999930 32.000000 0.000000 0 0 1 0 0 0 0 0
Child: 334.333157 10.000000 101.000000 20.000000 2055.350000 128.852959 0.000000 0.000000 0.000000 0.000000 0 0 1 0 0 0 0 0
Child: 128.852959 6.296065 64.000000 14.600483 1295.200000 0.000000 0.000000 0.000000 0.000000 0.000000 0 0 0 0 0 0 0 0
EGO_STATUS -1.776742 82.704960 7.200000 1.589976 11.588900 3.000000 -2.940000
DYNAMIC_OBS_INFO 0 -5.750000 57.866084 1.570796 117.649112 -5.750000 201.446405 29.371757 2.619457
DYNAMIC_OBS_INFO 1 -1.750000 52.410043 1.570796 71.488183 -1.750000 155.351777 25.188229 2.353291
STATIC_OBS_INFO 0 -6.300000 61.928657 22.391732 
STATIC_OBS_INFO 1 -6.300000 79.159650 6.509586 
Parent: 384.660802 20.109224 203.000000 13.904763 3190.050000 95.254372 0.000000 3.021978 31.000000 0.000000 0 0 0 0 0 0 0 0
Child: 95.254372 5.137174 53.000000 14.554739 1071.350000 0.000000 -10.000000 0.000000 0.000000 0.000000 0 0 0 0 0 0 0 0
EGO_STATUS -1.800282 83.863611 7.300000 1.589666 11.588900 4.000000 0.000000
DYNAMIC_OBS_INFO 0 -5.750000 57.866084 1.570796 119.439151 -5.750000 204.396678 29.633703 2.619457
DYNAMIC_OBS_INFO 1 -1.750000 52.410043 1.570796 72.859985 -1.750000 157.882366 25.423558 2.353291
STATIC_OBS_INFO 0 -6.300000 61.928657 23.525489 
STATIC_OBS_INFO 1 -6.300000 79.159650 7.382358 
Parent: 2527.659781 10.000000 101.000000 0.000000 15.150000 2572.812788 -10.000000 2.346993 39.000000 0.000000 0 0 0 0 0 0 0 0
Child: 2572.812788 24.450436 246.000000 23082.207771 2803.300000 0.000000 0.000000 0.000000 0.000000 0.000000 1 0 1 0 0 0 0 2
EGO_STATUS -1.813658 85.022409 7.400000 1.572527 11.588900 4.000000 0.000000
DYNAMIC_OBS_INFO 0 -5.750000 57.866084 1.570796 121.242141 -5.750000 207.373145 29.895649 2.619457
DYNAMIC_OBS_INFO 1 -1.750000 52.410043 1.570796 74.241179 -1.750000 160.436489 25.658887 2.353291
STATIC_OBS_INFO 0 -6.300000 61.928657 24.680164 
STATIC_OBS_INFO 1 -6.300000 79.159650 8.351047 
Parent: 508.544262 10.000000 101.000000 0.000000 15.150000 552.797269 -10.000000 2.246993 38.000000 0.000000 0 0 0 0 0 0 0 0
Child: 552.797269 23.277441 234.000000 3082.204866 2575.400000 0.000000 -10.000000 0.000000 0.000000 0.000000 1 0 1 0 0 0 0 0
EGO_STATUS -1.801196 86.195327 7.500000 1.548223 11.870996 5.000000 2.820960
DYNAMIC_OBS_INFO 0 -5.750000 57.866084 1.570796 123.044481 -5.750000 210.375807 30.157595 2.619457
DYNAMIC_OBS_INFO 1 -1.750000 52.410043 1.570796 75.618219 -1.750000 163.014144 25.894217 2.353291
STATIC_OBS_INFO 0 -6.300000 61.928657 25.868176 
STATIC_OBS_INFO 1 -6.300000 79.159650 9.403031 
Parent: 8698.270199 30.072872 302.000000 80033.907168 4748.200000 300.547416 -10.000000 2.201458 37.000000 0.000000 0 0 1 0 0 0 0 8
Child: 300.547416 1.604544 18.000000 3117.464264 366.300000 0.000000 -10.000000 0.000000 0.000000 0.000000 1 0 1 0 1 0 0 0
EGO_STATUS -1.763398 87.395925 7.600000 1.533102 12.153092 5.000000 2.820960
DYNAMIC_OBS_INFO 0 -5.750000 57.866084 1.570796 124.843374 -5.750000 213.404664 30.419540 2.619457
DYNAMIC_OBS_INFO 1 -1.750000 52.410043 1.570796 76.989815 -1.750000 165.615332 26.129546 2.353291
STATIC_OBS_INFO 0 -6.300000 61.928657 27.082501 
STATIC_OBS_INFO 1 -6.300000 79.159650 10.504388 
Parent: 500.354810 30.290952 304.000000 13.120505 3030.900000 238.116333 -10.000000 4.928349 36.000000 0.000000 0 0 0 0 0 0 0 0
Child: 238.116333 0.374514 5.000000 3077.256815 101.750000 0.000000 0.000000 0.000000 0.000000 0.000000 1 0 0 0 1 0 0 0
EGO_STATUS -1.745933 88.625517 7.700000 1.591848 12.447092 5.000000 2.940000
DYNAMIC_OBS_INFO 0 -5.750000 57.866084 1.570796 126.667394 -5.750000 216.459715 30.681486 2.619457
DYNAMIC_OBS_INFO 1 -1.750000 52.410043 1.570796 78.384583 -1.750000 168.240053 26.364875 2.353291
STATIC_OBS_INFO 0 -6.300000 61.928657 28.294918 
STATIC_OBS_INFO 1 -6.300000 79.159650 11.623083 
Parent: 245.733583 29.435418 296.000000 13.119798 2861.800000 0.000000 -10.000000 4.840121 35.000000 0.000000 0 0 0 0 0 0 0 0
EGO_STATUS -1.750771 89.855470 7.800000 1.573428 12.153092 3.000000 -2.940000
DYNAMIC_OBS_INFO 0 -5.750000 57.866084 1.570796 128.546864 -5.750000 219.540961 30.943432 2.619457
DYNAMIC_OBS_INFO 1 -1.750000 52.410043 1.570796 79.832270 -1.750000 170.888307 26.600204 2.353291
STATIC_OBS_INFO 0 -6.300000 61.928657 29.479085 
STATIC_OBS_INFO 1 -6.300000 79.159650 12.733271 
Parent: 4200.034697 28.234819 284.000000 40013.119791 2617.600000 0.000000 -10.000000 4.757705 33.000000 0.000000 0 0 0 0 0 0 0 4
EGO_STATUS -1.759938 91.056037 7.900000 1.584749 11.859092 3.000000 -2.940000
DYNAMIC_OBS_INFO 0 -5.750000 57.866084 1.570796 130.481709 -5.750000 222.648402 31.205377 2.619457
DYNAMIC_OBS_INFO 1 -1.750000 52.410043 1.570796 81.333185 -1.750000 173.560094 26.835533 2.353291
STATIC_OBS_INFO 0 -6.300000 61.928657 30.632661 
STATIC_OBS_INFO 1 -6.300000 79.159650 13.824937 
Parent: 200.489789 27.063637 272.000000 13.118538 2377.000000 0.000000 -10.000000 4.676185 32.000000 0.000000 0 0 0 0 0 0 0 0
EGO_STATUS -1.786085 92.226916 8.000000 1.602373 11.565092 3.000000 -2.940000
DYNAMIC_OBS_INFO 0 -5.750000 57.866084 1.570796 132.472262 -5.750000 225.782037 31.467323 2.619457
DYNAMIC_OBS_INFO 1 -1.750000 52.410043 1.570796 82.887792 -1.750000 176.255413 27.070862 2.353291
STATIC_OBS_INFO 0 -6.300000 61.928657 31.754612 
STATIC_OBS_INFO 1 -6.300000 79.159650 14.893350 
Parent: 178.565154 25.921858 261.000000 13.118530 2151.350000 0.000000 -10.000000 4.595629 31.000000 0.000000 0 0 0 0 0 0 0 0
EGO_STATUS -1.834106 93.367664 8.100000 1.623883 11.271092 3.000000 -2.940000
DYNAMIC_OBS_INFO 0 -5.750000 57.866084 1.570796 134.519092 -5.750000 228.941866 31.729269 2.619457
DYNAMIC_OBS_INFO 1 -1.750000 52.410043 1.570796 84.496702 -1.750000 178.974266 27.306191 2.353291
STATIC_OBS_INFO 0 -6.300000 61.928657 32.844298 
STATIC_OBS_INFO 1 -6.300000 79.159650 15.935813 
Parent: 157.276172 24.809465 250.000000 13.104412 1929.300000 0.000000 -10.000000 4.516111 30.000000 0.000000 0 0 0 0 0 0 0 0
EGO_STATUS -1.906003 94.477708 8.200000 1.647332 10.977092 3.000000 -2.940000
DYNAMIC_OBS_INFO 0 -5.750000 57.866084 1.570796 136.622879 -5.750000 232.127891 31.991215 2.619457
DYNAMIC_OBS_INFO 1 -1.750000 52.410043 1.570796 86.160579 -1.750000 181.716652 27.541520 2.353291
STATIC_OBS_INFO 0 -6.300000 61.928657 33.901379 
STATIC_OBS_INFO 1 -6.300000 79.159650 16.950825 
Parent: 127.021752 10.000000 102.000000 0.000000 15.300000 171.364756 -10.000000 3.156996 39.000000 0.000000 0 0 0 0 0 0 0 0
Child: 171.364756 23.726476 239.000000 12.630329 1713.550000 0.000000 0.000000 0.000000 0.000000 0.000000 0 0 0 0 0 0 0 0
EGO_STATUS -2.001659 95.556440 8.300000 1.671184 10.683092 3.000000 -2.940000
DYNAMIC_OBS_INFO 0 -5.750000 57.866084 1.570796 138.769550 -5.750000 235.340109 32.253160 2.619457
DYNAMIC_OBS_INFO 1 -1.750000 52.410043 1.570796 87.865342 -1.750000 184.482570 27.776849 2.353291
STATIC_OBS_INFO 0 -6.300000 61.928657 34.940143 
STATIC_OBS_INFO 1 -6.300000 79.159650 17.951507 
Parent: 97.197037 10.000000 102.000000 0.000000 15.300000 140.640041 -10.000000 3.056996 38.000000 0.000000 0 0 0 0 0 0 0 0
Child: 140.640041 22.658167 228.000000 12.629975 1503.200000 0.000000 -10.000000 0.000000 0.000000 0.000000 0 0 0 0 0 0 0 0
EGO_STATUS -2.121222 96.618013 8.400000 1.694565 10.683092 4.000000 0.000000
DYNAMIC_OBS_INFO 0 -5.750000 57.866084 1.570796 140.945041 -5.750000 238.578523 32.515106 2.619457
DYNAMIC_OBS_INFO 1 -1.750000 52.410043 1.570796 89.596930 -1.750000 187.272022 28.012179 2.353291
STATIC_OBS_INFO 0 -6.300000 61.928657 35.974911 
STATIC_OBS_INFO 1 -6.300000 79.159650 18.951443 
Parent: 77.670730 10.000000 102.000000 0.000000 15.300000 120.213734 -10.000000 2.956996 37.000000 0.000000 0 0 0 0 0 0 0 0
Child: 120.213734 21.589858 217.000000 12.630277 1296.150000 0.000000 -10.000000 0.000000 0.000000 0.000000 0 0 0 0 0 0 0 0
EGO_STATUS -2.265054 97.676572 8.500000 1.716822 10.683092 4.000000 0.000000
DYNAMIC_OBS_INFO 0 -5.750000 57.866084 1.570796 143.149776 -5.750000 241.843131 32.777052 2.619457
DYNAMIC_OBS_INFO 1 -1.750000 52.410043 1.570796 91.355721 -1.750000 190.085006 28.247508 2.353291
STATIC_OBS_INFO 0 -6.300000 61.928657 37.005933 
STATIC_OBS_INFO 1 -6.300000 79.159650 19.950837 
Parent: 59.181290 10.000000 102.000000 0.000000 15.300000 100.824294 -10.000000 2.856996 36.000000 0.000000 0 0 0 0 0 0 0 0
Child: 100.824294 20.521548 207.000000 12.630023 1105.250000 0.000000 -10.000000 0.000000 0.000000 0.000000 0 0 0 0 0 0 0 0
EGO_STATUS -2.431436 98.731826 8.600000 1.737109 10.683092 4.000000 0.000000
DYNAMIC_OBS_INFO 0 -5.750000 57.866084 1.570796 145.383942 -5.750000 245.133933 33.038998 2.619457
DYNAMIC_OBS_INFO 1 -1.750000 52.410043 1.570796 93.141832 -1.750000 192.921523 28.482837 2.353291
STATIC_OBS_INFO 0 -6.300000 61.928657 38.033738 
STATIC_OBS_INFO 1 -6.300000 79.159650 20.950208 
Parent: 40.700059 10.000000 102.000000 0.000000 15.300000 81.443063 -10.000000 2.756996 35.000000 0.000000 0 0 0 0 0 0 0 0
Child: 81.443063 19.453238 196.000000 12.629399 908.700000 0.000000 -10.000000 0.000000 0.000000 0.000000 0 0 0 0 0 0 0 0
EGO_STATUS -2.617832 99.783734 8.700000 1.754711 10.683092 4.000000 0.000000
DYNAMIC_OBS_INFO 0 -5.750000 57.866084 1.570796 147.647456 -5.750000 248.450930 33.300943 2.619457
DYNAMIC_OBS_INFO 1 -1.750000 52.410043 1.570796 94.955085 -1.750000 195.781573 28.718166 2.353291
STATIC_OBS_INFO 0 -6.300000 61.928657 39.059114 
STATIC_OBS_INFO 1 -6.300000 79.159650 21.950326 
Parent: 22.840029 10.000000 102.000000 0.000000 15.300000 62.683033 -10.000000 2.656996 34.000000 0.000000 0 0 0 0 0 0 0 0
Child: 62.683033 18.384928 185.000000 12.629584 718.750000 0.000000 -10.000000 0.000000 0.000000 0.000000 0 0 0 0 0 0 0 0
EGO_STATUS -2.821043 100.832529 8.800000 1.769043 10.683092 4.000000 0.000000
DYNAMIC_OBS_INFO 0 -5.750000 57.866084 1.570796 149.939956 -5.750000 251.794122 33.562889 2.619457
DYNAMIC_OBS_INFO 1 -1.750000 52.410043 1.570796 96.795011 -1.750000 198.665156 28.953495 2.353291
STATIC_OBS_INFO 0 -6.300000 61.928657 40.083055 
STATIC_OBS_INFO 1 -6.300000 79.159650 22.952134 
Parent: 6.319683 10.000000 102.000000 0.000000 15.300000 45.262687 -10.000000 2.556995 33.000000 0.000000 0 0 0 0 0 0 0 0
Child: 45.262687 17.316618 175.000000 12.629168 545.850000 0.000000 -10.000000 0.000000 0.000000 0.000000 0 0 0 0 0 0 0 0
EGO_STATUS -3.037345 101.878706 8.900000 1.779647 10.683092 4.000000 0.000000
DYNAMIC_OBS_INFO 0 -5.750000 57.866084 1.570796 152.260838 -5.750000 255.163508 33.824835 2.619457
DYNAMIC_OBS_INFO 1 -1.750000 52.410043 1.570796 98.660880 -1.750000 201.572272 29.188824 2.353291
STATIC_OBS_INFO 0 -6.300000 61.928657 41.106701 
STATIC_OBS_INFO 1 -6.300000 79.159650 23.956667 
Parent: -10.163826 10.000000 102.000000 0.000000 15.300000 27.879179 -10.000000 2.456995 32.000000 0.000000 0 0 0 0 0 0 0 0
Child: 27.879179 16.248307 164.000000 12.628159 369.700000 0.000000 -10.000000 0.000000 0.000000 0.000000 0 0 0 0 0 0 0 0
EGO_STATUS -3.262632 102.922989 9.000000 1.786197 10.683092 4.000000 0.000000
DYNAMIC_OBS_INFO 0 -5.750000 57.866084 1.570796 154.609305 -5.750000 258.559089 34.086780 2.619457
DYNAMIC_OBS_INFO 1 -1.750000 52.410043 1.570796 100.551757 -1.750000 204.502921 29.424153 2.353291
STATIC_OBS_INFO 0 -6.300000 61.928657 42.131250 
STATIC_OBS_INFO 1 -6.300000 79.159650 24.964974 
Parent: -21.974166 10.000000 102.000000 0.000000 15.300000 15.168839 -10.000000 2.356995 31.000000 0.000000 0 0 0 0 0 0 0 0
Child: 15.168839 15.179996 153.000000 12.628084 241.050000 0.000000 -10.000000 0.000000 0.000000 0.000000 0 0 0 0 0 0 0 0
EGO_STATUS -3.492544 103.966265 9.100000 1.788495 10.683092 4.000000 0.000000
DYNAMIC_OBS_INFO 0 -5.750000 57.866084 1.570796 156.984447 -5.750000 261.980864 34.348726 2.619457
DYNAMIC_OBS_INFO 1 -1.750000 52.410043 1.570796 102.466582 -1.750000 207.457103 29.659482 2.353291
STATIC_OBS_INFO 0 -6.300000 61.928657 43.157883 
STATIC_OBS_INFO 1 -6.300000 79.159650 25.978034 
Parent: -42.835719 10.000000 101.000000 0.000000 15.150000 1.471228 -10.000000 3.193054 39.000000 0.000000 0 0 0 0 0 0 0 0
Child: 1.471228 10.000000 102.000000 0.000000 15.300000 9.971228 -10.000000 0.000000 0.000000 0.000000 0 0 0 0 0 0 0 0
Child: 9.971228 14.111685 143.000000 12.627360 189.750000 0.000000 -10.000000 0.000000 0.000000 0.000000 0 0 0 0 0 0 0 0
EGO_STATUS -3.722596 105.009510 9.200000 1.786473 10.683092 4.000000 0.000000
DYNAMIC_OBS_INFO 0 -5.750000 57.866084 1.570796 159.385315 -5.750000 265.428834 34.610672 2.619457
DYNAMIC_OBS_INFO 1 -1.750000 52.410043 1.570796 104.404261 -1.750000 210.434818 29.894811 2.353291
STATIC_OBS_INFO 0 -6.300000 61.928657 44.187669 
STATIC_OBS_INFO 1 -6.300000 79.159650 26.996677 
Parent: -46.281975 10.000000 101.000000 0.000000 15.150000 -2.875028 -10.000000 3.093053 38.000000 0.000000 0 0 0 0 0 0 0 0
Child: -2.875028 10.000000 102.000000 0.000000 15.300000 5.624972 -10.000000 0.000000 0.000000 0.000000 0 0 0 0 0 0 0 0
Child: 5.624972 13.043374 132.000000 12.625983 145.500000 0.000000 -10.000000 0.000000 0.000000 0.000000 0 0 0 0 0 0 0 0
EGO_STATUS -3.948300 106.053702 9.300000 1.780192 10.683092 4.000000 0.000000
DYNAMIC_OBS_INFO 0 -5.750000 57.866084 1.570796 161.811020 -5.750000 268.902998 34.872618 2.619457
DYNAMIC_OBS_INFO 1 -1.750000 52.410043 1.570796 106.363753 -1.750000 213.436065 30.130141 2.353291
STATIC_OBS_INFO 0 -6.300000 61.928657 45.221495 
STATIC_OBS_INFO 1 -6.300000 79.159650 28.021519 
Parent: -49.024423 10.000000 101.000000 0.000000 15.150000 -6.517476 -10.000000 2.993053 37.000000 0.000000 0 0 0 0 0 0 0 0
Child: -6.517476 10.000000 102.000000 0.000000 15.300000 1.982524 -10.000000 0.000000 0.000000 0.000000 0 0 0 0 0 0 0 0
Child: 1.982524 11.975063 121.000000 12.625391 108.450000 0.000000 -10.000000 0.000000 0.000000 0.000000 0 0 0 0 0 0 0 0
EGO_STATUS -4.165285 107.099738 9.400000 1.769841 10.683092 4.000000 0.000000
DYNAMIC_OBS_INFO 0 -5.750000 57.866084 1.570796 164.260807 -5.750000 272.403357 35.134563 2.619457
DYNAMIC_OBS_INFO 1 -1.750000 52.410043 1.570796 108.344163 -1.750000 216.460846 30.365470 2.353291
STATIC_OBS_INFO 0 -6.300000 61.928657 46.259997 
STATIC_OBS_INFO 1 -6.300000 79.159650 29.052917 
Parent: -51.158069 10.000000 101.000000 0.000000 15.150000 -9.551122 -10.000000 2.893053 36.000000 0.000000 0 0 0 0 0 0 0 0
Child: -9.551122 10.000000 102.000000 0.000000 15.300000 -1.051122 -10.000000 0.000000 0.000000 0.000000 0 0 0 0 0 0 0 0
Child: -1.051122 10.906751 111.000000 12.624365 78.450000 0.000000 -10.000000 0.000000 0.000000 0.000000 0 0 0 0 0 0 0 0
EGO_STATUS -4.369428 108.148352 9.500000 1.755740 10.683092 4.000000 0.000000
DYNAMIC_OBS_INFO 0 -5.750000 57.866084 1.570796 166.734124 -5.750000 275.929911 35.396509 2.619457
DYNAMIC_OBS_INFO 1 -1.750000 52.410043 1.570796 110.344812 -1.750000 219.509159 30.600799 2.353291
STATIC_OBS_INFO 0 -6.300000 61.928657 47.303522 
STATIC_OBS_INFO 1 -6.300000 79.159650 30.090930 
Parent: -52.593267 10.000000 101.000000 0.000000 15.150000 -11.886320 -10.000000 2.793053 35.000000 0.000000 0 0 0 0 0 0 0 0
Child: -11.886320 10.000000 102.000000 0.000000 15.300000 -3.386320 -10.000000 0.000000 0.000000 0.000000 0 0 0 0 0 0 0 0
Child: -3.386320 9.838440 100.000000 12.622853 54.600000 0.000000 -10.000000 0.000000 0.000000 0.000000 0 0 0 0 0 0 0 0
EGO_STATUS -4.556981 109.200055 9.600000 1.738338 10.683092 4.000000 0.000000
DYNAMIC_OBS_INFO 0 -5.750000 57.866084 1.570796 169.230669 -5.750000 279.482659 35.658455 2.619457
DYNAMIC_OBS_INFO 1 -1.750000 52.410043 1.570796 112.365292 -1.750000 222.581005 30.836128 2.353291
STATIC_OBS_INFO 0 -6.300000 61.928657 48.352107 
STATIC_OBS_INFO 1 -6.300000 79.159650 31.135323 
Parent: -53.471343 10.000000 101.000000 0.000000 15.150000 -13.664396 -10.000000 2.693053 34.000000 0.000000 0 0 0 0 0 0 0 0
Child: -13.664396 10.000000 102.000000 0.000000 15.300000 -5.164396 -10.000000 0.000000 0.000000 0.000000 0 0 0 0 0 0 0 0
Child: -5.164396 8.770129 89.000000 12.622113 36.450000 0.000000 -10.000000 0.000000 0.000000 0.000000 0 0 0 0 0 0 0 0
EGO_STATUS -4.724708 110.255096 9.700000 1.718212 10.683092 4.000000 0.000000
DYNAMIC_OBS_INFO 0 -5.750000 57.866084 1.570796 171.750404 -5.750000 283.061602 35.920401 2.619457
DYNAMIC_OBS_INFO 1 -1.750000 52.410043 1.570796 114.405485 -1.750000 225.676385 31.071457 2.353291
STATIC_OBS_INFO 0 -6.300000 61.928657 49.405494 
STATIC_OBS_INFO 1 -6.300000 79.159650 32.185584 
Parent: -53.880530 10.000000 101.000000 0.000000 15.150000 -14.973583 -10.000000 2.593053 33.000000 0.000000 0 0 0 0 0 0 0 0
Child: -14.973583 10.000000 102.000000 0.000000 15.300000 -6.473583 -10.000000 0.000000 0.000000 0.000000 0 0 0 0 0 0 0 0
Child: -6.473583 7.701819 79.000000 12.621583 23.550000 0.000000 -10.000000 0.000000 0.000000 0.000000 0 0 0 0 0 0 0 0
EGO_STATUS -4.870032 111.313452 9.800000 1.696070 10.683092 4.000000 0.000000
DYNAMIC_OBS_INFO 0 -5.750000 57.866084 1.570796 174.293546 -5.750000 286.666739 36.182346 2.619457
DYNAMIC_OBS_INFO 1 -1.750000 52.410043 1.570796 116.465561 -1.750000 228.795297 31.306786 2.353291
STATIC_OBS_INFO 0 -6.300000 61.928657 50.463163 
STATIC_OBS_INFO 1 -6.300000 79.159650 33.240971 
Parent: -53.871030 10.000000 101.000000 0.000000 15.150000 -15.864083 -10.000000 2.493052 32.000000 0.000000 0 0 0 0 0 0 0 0
Child: -15.864083 10.000000 102.000000 0.000000 15.300000 -7.364083 -10.000000 0.000000 0.000000 0.000000 0 0 0 0 0 0 0 0
Child: -7.364083 6.633509 68.000000 12.620749 14.400000 0.000000 -10.000000 0.000000 0.000000 0.000000 0 0 0 0 0 0 0 0
EGO_STATUS -4.991181 112.374845 9.900000 1.672747 10.683092 4.000000 0.000000
DYNAMIC_OBS_INFO 0 -5.750000 57.866084 1.570796 176.860520 -5.750000 290.298071 36.444292 2.619457
DYNAMIC_OBS_INFO 1 -1.750000 52.410043 1.570796 118.545936 -1.750000 231.937742 31.542115 2.353291
STATIC_OBS_INFO 0 -6.300000 61.928657 51.524407 
STATIC_OBS_INFO 1 -6.300000 79.159650 34.300585 
Parent: -53.498694 10.000000 101.000000 0.000000 15.150000 -16.391746 -10.000000 2.393052 31.000000 0.000000 0 0 0 0 0 0 0 0
Child: -16.391746 10.000000 102.000000 0.000000 15.300000 -7.891746 -10.000000 0.000000 0.000000 0.000000 0 0 0 0 0 0 0 0
Child: -7.891746 5.565199 57.000000 12.443202 9.150000 0.000000 -10.000000 0.000000 0.000000 0.000000 0 0 0 0 0 0 0 0
EGO_STATUS -5.087339 113.438792 10.000000 1.649207 10.683092 4.000000 0.000000
DYNAMIC_OBS_INFO 0 -5.750000 57.866084 1.570796 179.451886 -5.750000 293.955598 36.706238 2.619457
DYNAMIC_OBS_INFO 1 -1.750000 52.410043 1.570796 120.647200 -1.750000 235.103720 31.777444 2.353291
STATIC_OBS_INFO 0 -6.300000 61.928657 52.588412 
STATIC_OBS_INFO 1 -6.300000 79.159650 35.363454 
Parent: -52.892478 10.000000 101.000000 0.000000 15.150000 -16.685531 -10.000000 2.293052 30.000000 0.000000 0 0 0 0 0 0 0 0
Child: -16.685531 10.000000 102.000000 0.000000 15.300000 -8.185531 -10.000000 0.000000 0.000000 0.000000 0 0 0 0 0 0 0 0
Child: -8.185531 4.496889 46.000000 11.660738 6.900000 0.000000 -10.000000 0.000000 0.000000 0.000000 0 0 0 0 0 0 0 0
EGO_STATUS -5.158793 114.504686 10.100000 1.626544 10.683092 4.000000 0.000000
DYNAMIC_OBS_INFO 0 -5.750000 57.866084 1.570796 182.068245 -5.750000 297.639319 36.968183 2.619457
DYNAMIC_OBS_INFO 1 -1.750000 52.410043 1.570796 122.770031 -1.750000 238.293231 32.012773 2.353291
STATIC_OBS_INFO 0 -6.300000 61.928657 53.654358 
STATIC_OBS_INFO 1 -6.300000 79.159650 36.428632 
Parent: -69.885956 10.000000 102.000000 0.000000 15.300000 -25.515067 -10.000000 3.129111 39.000000 0.000000 0 0 0 0 0 0 0 0
Child: -25.515067 10.000000 101.000000 0.000000 15.150000 -17.015067 -10.000000 0.000000 0.000000 0.000000 0 0 0 0 0 0 0 0
Child: -17.015067 10.000000 102.000000 0.000000 15.300000 -8.515067 -10.000000 0.000000 0.000000 0.000000 0 0 0 0 0 0 0 0
Child: -8.515067 3.428580 36.000000 10.191758 5.400000 0.000000 -10.000000 0.000000 0.000000 0.000000 0 0 0 0 0 0 0 0
EGO_STATUS -5.207083 115.571883 10.200000 1.605979 10.683092 4.000000 0.000000
DYNAMIC_OBS_INFO 0 -5.750000 57.866084 1.570796 184.710141 -5.750000 301.349234 37.230129 2.619457
DYNAMIC_OBS_INFO 1 -1.750000 52.410043 1.570796 124.915091 -1.750000 241.506275 32.248103 2.353291
STATIC_OBS_INFO 0 -6.300000 61.928657 54.721515 
STATIC_OBS_INFO 1 -6.300000 79.159650 37.495285 
Parent: -69.364552 10.000000 102.000000 0.000000 15.300000 -25.893663 -10.000000 3.029111 38.000000 0.000000 0 0 0 0 0 0 0 0
Child: -25.893663 10.000000 101.000000 0.000000 15.150000 -17.393663 -10.000000 0.000000 0.000000 0.000000 0 0 0 0 0 0 0 0
Child: -17.393663 10.000000 102.000000 0.000000 15.300000 -8.893663 -10.000000 0.000000 0.000000 0.000000 0 0 0 0 0 0 0 0
Child: -8.893663 2.360271 25.000000 7.968323 3.750000 0.000000 -10.000000 0.000000 0.000000 0.000000 0 0 0 0 0 0 0 0
EGO_STATUS -5.235137 116.639811 10.300000 1.588861 10.683092 4.000000 0.000000
DYNAMIC_OBS_INFO 0 -5.750000 57.866084 1.570796 187.377976 -5.750000 305.085345 37.492075 2.619457
DYNAMIC_OBS_INFO 1 -1.750000 52.410043 1.570796 127.082943 -1.750000 244.742851 32.483432 2.353291
STATIC_OBS_INFO 0 -6.300000 61.928657 55.789316 
STATIC_OBS_INFO 1 -6.300000 79.159650 38.562761 
Parent: -68.922738 10.000000 102.000000 0.000000 15.300000 -26.351849 -10.000000 2.929111 37.000000 0.000000 0 0 0 0 0 0 0 0
Child: -26.351849 10.000000 101.000000 0.000000 15.150000 -17.851849 -10.000000 0.000000 0.000000 0.000000 0 0 0 0 0 0 0 0
Child: -17.851849 10.000000 102.000000 0.000000 15.300000 -9.351849 -10.000000 0.000000 0.000000 0.000000 0 0 0 0 0 0 0 0
Child: -9.351849 1.291962 14.000000 4.923513 2.100000 0.000000 -10.000000 0.000000 0.000000 0.000000 0 0 0 0 0 0 0 0
EGO_STATUS -5.247406 117.708043 10.400000 1.576666 10.683092 4.000000 0.000000
DYNAMIC_OBS_INFO 0 -5.750000 57.866084 1.570796 190.071960 -5.750000 308.847649 37.754021 2.619457
DYNAMIC_OBS_INFO 1 -1.750000 52.410043 1.570796 129.274002 -1.750000 248.002961 32.718761 2.353291
STATIC_OBS_INFO 0 -6.300000 61.928657 56.857386 
STATIC_OBS_INFO 1 -6.300000 79.159650 39.630610 
Parent: -68.583173 10.000000 102.000000 0.000000 15.300000 -26.912284 -10.000000 2.829111 36.000000 0.000000 0 0 0 0 0 0 0 0
Child: -26.912284 10.000000 101.000000 0.000000 15.150000 -18.412284 -10.000000 0.000000 0.000000 0.000000 0 0 0 0 0 0 0 0
Child: -18.412284 10.000000 102.000000 0.000000 15.300000 -9.912284 -10.000000 0.000000 0.000000 0.000000 0 0 0 0 0 0 0 0
Child: -9.912284 0.223653 4.000000 0.968791 0.600000 0.000000 -10.000000 0.000000 0.000000 0.000000 0 0 0 0 0 0 0 0
EGO_STATUS -5.249990 118.776347 10.500000 1.570996 10.683092 4.000000 0.000000
DYNAMIC_OBS_INFO 0 -5.750000 57.866084 1.570796 192.792141 -5.750000 312.636149 38.015966 2.619457
DYNAMIC_OBS_INFO 1 -1.750000 52.410043 1.570796 131.488537 -1.750000 251.286603 32.954090 2.353291
STATIC_OBS_INFO 0 -6.300000 61.928657 57.925517 
STATIC_OBS_INFO 1 -6.300000 79.159650 40.698553 
Parent: -57.897587 10.000000 102.000000 0.000000 15.300000 -17.126698 -10.000000 2.729111 35.000000 0.000000 0 0 0 0 0 0 0 0
Child: -17.126698 10.000000 101.000000 0.000000 15.150000 -8.626698 -10.000000 0.000000 0.000000 0.000000 0 0 0 0 0 0 0 0
Child: -8.626698 9.155344 93.000000 0.000000 13.950000 0.000000 -10.000000 0.000000 0.000000 0.000000 0 0 0 0 0 0 0 0
EGO_STATUS -5.250000 119.844656 10.600000 1.570796 10.683092 4.000000 0.000000
DONE
FINISHED
