Parent: -23.271331 13.371747 135.000000 26.116625 339.421345 -14.390101 -10.000000 4.912242 40.000000 0.000000 0 0 0 1 0 0 0 0
Child: -14.390101 10.000000 101.000000 20.000000 15.147360 -17.870038 0.000000 0.000000 0.000000 0.000000 0 0 0 1 0 0 0 0
Child: -17.870038 10.000000 101.000000 0.000000 15.150000 -9.370038 -10.000000 0.000000 0.000000 0.000000 0 0 0 0 0 0 0 0
Child: -9.370038 4.199749 43.000000 0.000000 6.450000 0.000000 -10.000000 0.000000 0.000000 0.000000 0 0 0 0 0 0 0 0
EGO_STATUS -1.750000 177.800251 0.000000 1.570796 13.991689 4.000000 0.000000
DYNAMIC_OBS_INFO 0 1.750000 226.444686 -1.570000 47.374730 1.750000 226.444686 0.000000 0.000000
DYNAMIC_OBS_INFO 1 64.661453 209.500000 3.140000 72.997303 64.661453 209.500000 15.676566 2.595641
DYNAMIC_OBS_INFO 2 -48.823433 212.500000 0.000000 57.661397 -48.823433 212.500000 14.348801 2.721955
Parent: 243.874406 22.254332 224.000000 3125.038326 148.594773 -26.580174 -10.000000 3.220120 48.000000 0.000000 1 0 0 0 0 0 0 0
Child: -26.580174 10.000000 101.000000 0.000000 15.147360 -18.079913 -10.000000 0.000000 0.000000 0.000000 0 0 0 0 0 0 0 0
Child: -18.079913 10.000000 101.000000 0.000000 15.150000 -9.579913 -10.000000 0.000000 0.000000 0.000000 0 0 0 0 0 0 0 0
Child: -9.579913 2.800580 30.000000 0.000000 4.500000 0.000000 -10.000000 0.000000 0.000000 0.000000 0 0 0 0 0 0 0 0
EGO_STATUS -1.750000 179.199420 0.100000 1.570796 13.991689 4.000000 0.000000
DYNAMIC_OBS_INFO 0 1.750000 226.444686 -1.570000 45.979501 1.750000 226.444686 0.000000 0.000000
DYNAMIC_OBS_INFO 1 64.661453 209.500000 3.140000 72.427706 64.661453 209.500000 15.676566 2.595641
DYNAMIC_OBS_INFO 2 -48.823433 212.500000 0.000000 56.864823 -48.823433 212.500000 14.348801 2.721955
Parent: 244.564531 22.254332 224.000000 3125.038326 148.594773 -26.790050 -10.000000 3.120120 47.000000 0.000000 1 0 0 0 0 0 0 0
Child: -26.790050 10.000000 101.000000 0.000000 15.147360 -18.289788 -10.000000 0.000000 0.000000 0.000000 0 0 0 0 0 0 0 0
Child: -18.289788 10.000000 101.000000 0.000000 15.150000 -9.789788 -10.000000 0.000000 0.000000 0.000000 0 0 0 0 0 0 0 0
Child: -9.789788 1.401411 16.000000 0.000000 2.400000 0.000000 -10.000000 0.000000 0.000000 0.000000 0 0 0 0 0 0 0 0
EGO_STATUS -1.750000 180.598589 0.200000 1.570796 13.991689 4.000000 0.000000
DYNAMIC_OBS_INFO 0 1.750000 226.444686 -1.570000 44.584519 1.750000 226.444686 0.000000 0.000000
DYNAMIC_OBS_INFO 1 64.661453 209.500000 3.140000 71.880834 64.661453 209.500000 15.676566 2.595641
DYNAMIC_OBS_INFO 2 -48.823433 212.500000 0.000000 56.091843 -48.823433 212.500000 14.348801 2.721955
Parent: 255.254656 22.254332 224.000000 3125.038326 148.594773 -16.999925 -10.000000 3.020120 46.000000 0.000000 1 0 0 0 0 0 0 0
Child: -16.999925 10.000000 101.000000 0.000000 15.147360 -8.499663 -10.000000 0.000000 0.000000 0.000000 0 0 0 0 0 0 0 0
Child: -8.499663 10.002242 102.000000 0.000003 15.300000 0.000000 -10.000000 0.000000 0.000000 0.000000 0 0 0 0 0 0 0 0
EGO_STATUS -1.750000 181.997758 0.300000 1.570796 13.991689 4.000000 0.000000
DYNAMIC_OBS_INFO 0 1.750000 226.444686 -1.570000 43.189808 1.750000 226.444686 0.000000 0.000000
DYNAMIC_OBS_INFO 1 64.661453 209.500000 3.140000 71.357210 64.661453 209.500000 15.676566 2.595641
DYNAMIC_OBS_INFO 2 -48.823433 212.500000 0.000000 55.343446 -48.823433 212.500000 14.348801 2.721955
Parent: 256.944780 22.254332 224.000000 3125.038326 148.594773 -17.209800 -10.000000 2.920120 44.000000 0.000000 1 0 0 0 0 0 0 0
Child: -17.209800 10.000000 101.000000 0.000000 15.147360 -8.709539 -10.000000 0.000000 0.000000 0.000000 0 0 0 0 0 0 0 0
Child: -8.709539 8.603073 88.000000 0.000003 13.200000 0.000000 -10.000000 0.000000 0.000000 0.000000 0 0 0 0 0 0 0 0
EGO_STATUS -1.750000 183.396927 0.400000 1.570796 13.991689 4.000000 0.000000
DYNAMIC_OBS_INFO 0 1.750000 226.444686 -1.570000 41.795395 1.750000 226.444686 0.000000 0.000000
DYNAMIC_OBS_INFO 1 64.661453 209.500000 3.140000 70.857349 64.661453 209.500000 15.676566 2.595641
DYNAMIC_OBS_INFO 2 -48.823433 212.500000 0.000000 54.620641 -48.823433 212.500000 14.348801 2.721955
Parent: 257.634905 22.254332 224.000000 3125.038326 148.594773 -17.419676 -10.000000 2.820120 43.000000 0.000000 1 0 0 0 0 0 0 0
Child: -17.419676 10.000000 101.000000 0.000000 15.147360 -8.919414 -10.000000 0.000000 0.000000 0.000000 0 0 0 0 0 0 0 0
Child: -8.919414 7.203904 74.000000 0.000003 11.100000 0.000000 -10.000000 0.000000 0.000000 0.000000 0 0 0 0 0 0 0 0
EGO_STATUS -1.750000 184.796096 0.500000 1.570796 13.991689 4.000000 0.000000
DYNAMIC_OBS_INFO 0 1.750000 226.444686 -1.570000 40.401310 1.750000 226.444686 0.000000 0.000000
DYNAMIC_OBS_INFO 1 64.661453 209.500000 3.140000 70.381757 64.661453 209.500000 15.676566 2.595641
DYNAMIC_OBS_INFO 2 -48.823433 212.500000 0.000000 53.924458 -48.823433 212.500000 14.348801 2.721955
Parent: 259.325030 22.254332 224.000000 3125.038326 148.594773 -17.629551 -10.000000 2.720120 41.000000 0.000000 1 0 0 0 0 0 0 0
Child: -17.629551 10.000000 101.000000 0.000000 15.147360 -9.129289 -10.000000 0.000000 0.000000 0.000000 0 0 0 0 0 0 0 0
Child: -9.129289 5.804735 60.000000 0.000003 9.000000 0.000000 -10.000000 0.000000 0.000000 0.000000 0 0 0 0 0 0 0 0
EGO_STATUS -1.750000 186.195265 0.600000 1.570796 13.991689 4.000000 0.000000
DYNAMIC_OBS_INFO 0 1.750000 226.444686 -1.570000 39.007590 1.750000 226.444686 0.000000 0.000000
DYNAMIC_OBS_INFO 1 64.661453 209.500000 3.140000 69.930929 64.661453 209.500000 15.676566 2.595641
DYNAMIC_OBS_INFO 2 -48.823433 212.500000 0.000000 53.255942 -48.823433 212.500000 14.348801 2.721955
Parent: 260.015154 22.254332 224.000000 3125.038326 148.594773 -17.839426 -10.000000 2.620120 40.000000 0.000000 1 0 0 0 0 0 0 0
Child: -17.839426 10.000000 101.000000 0.000000 15.147360 -9.339165 -10.000000 0.000000 0.000000 0.000000 0 0 0 0 0 0 0 0
Child: -9.339165 4.405566 46.000000 0.000003 6.900000 0.000000 -10.000000 0.000000 0.000000 0.000000 0 0 0 0 0 0 0 0
EGO_STATUS -1.750000 187.594434 0.700000 1.570796 13.991689 4.000000 0.000000
DYNAMIC_OBS_INFO 0 1.750000 226.444686 -1.570000 37.614274 1.750000 226.444686 0.000000 0.000000
DYNAMIC_OBS_INFO 1 64.661453 209.500000 3.140000 69.505348 64.661453 209.500000 15.676566 2.595641
DYNAMIC_OBS_INFO 2 -48.823433 212.500000 0.000000 52.616146 -48.823433 212.500000 14.348801 2.721955
Parent: 242.919782 10.000000 101.000000 0.000000 15.147906 297.185160 -10.000000 3.234830 49.000000 0.000000 0 0 0 0 0 0 0 0
Child: 297.185160 22.254332 224.000000 3125.038326 148.594773 -18.049302 -10.000000 0.000000 0.000000 0.000000 1 0 0 0 0 0 0 0
Child: -18.049302 10.000000 101.000000 0.000000 15.147360 -9.549040 -10.000000 0.000000 0.000000 0.000000 0 0 0 0 0 0 0 0
Child: -9.549040 3.006397 32.000000 0.000003 4.800000 0.000000 -10.000000 0.000000 0.000000 0.000000 0 0 0 0 0 0 0 0
EGO_STATUS -1.750000 188.993603 0.800000 1.570796 13.991689 4.000000 0.000000
DYNAMIC_OBS_INFO 0 1.750000 226.444686 -1.570000 36.221409 1.750000 226.444686 0.000000 0.000000
DYNAMIC_OBS_INFO 1 64.661453 209.500000 3.140000 69.105479 64.661453 209.500000 15.676566 2.595641
DYNAMIC_OBS_INFO 2 -48.823433 212.500000 0.000000 52.006131 -48.823433 212.500000 14.348801 2.721955
Parent: 244.609906 10.000000 101.000000 0.000000 15.147906 296.975284 -10.000000 3.134830 47.000000 0.000000 0 0 0 0 0 0 0 0
Child: 296.975284 22.254332 224.000000 3125.038326 148.594773 -18.259177 -10.000000 0.000000 0.000000 0.000000 1 0 0 0 0 0 0 0
Child: -18.259177 10.000000 101.000000 0.000000 15.147360 -9.758915 -10.000000 0.000000 0.000000 0.000000 0 0 0 0 0 0 0 0
Child: -9.758915 1.607228 18.000000 0.000003 2.700000 0.000000 -10.000000 0.000000 0.000000 0.000000 0 0 0 0 0 0 0 0
EGO_STATUS -1.750000 190.392772 0.900000 1.570796 13.991689 4.000000 0.000000
DYNAMIC_OBS_INFO 0 1.750000 226.444686 -1.570000 34.829050 1.750000 226.444686 0.000000 0.000000
DYNAMIC_OBS_INFO 1 64.661453 209.500000 3.140000 68.731772 64.661453 209.500000 15.676566 2.595641
DYNAMIC_OBS_INFO 2 -48.823433 212.500000 0.000000 51.426956 -48.823433 212.500000 14.348801 2.721955
Parent: 245.300031 10.000000 101.000000 0.000000 15.147906 296.765409 -10.000000 3.034830 46.000000 0.000000 0 0 0 0 0 0 0 0
Child: 296.765409 22.254332 224.000000 3125.038326 148.594773 -18.469052 -10.000000 0.000000 0.000000 0.000000 1 0 0 0 0 0 0 0
Child: -18.469052 10.000000 101.000000 0.000000 15.147360 -9.968791 -10.000000 0.000000 0.000000 0.000000 0 0 0 0 0 0 0 0
Child: -9.968791 0.208060 4.000000 0.000001 0.600000 0.000000 -10.000000 0.000000 0.000000 0.000000 0 0 0 0 0 0 0 0
EGO_STATUS -1.750000 191.791940 1.000000 1.570796 13.991689 4.000000 0.000000
DYNAMIC_OBS_INFO 0 1.750000 226.444686 -1.570000 33.437260 1.750000 226.444686 0.000000 0.000000
DYNAMIC_OBS_INFO 1 64.661453 209.500000 3.140000 68.384654 64.661453 209.500000 15.676566 2.595641
DYNAMIC_OBS_INFO 2 -48.823433 212.500000 0.000000 49.542595 -47.374943 212.500000 14.620997 2.721955
Parent: 256.990133 10.000000 101.000000 0.000000 15.147906 306.555511 -10.000000 2.934830 44.000000 0.000000 0 0 0 0 0 0 0 0
Child: 306.555511 22.254332 224.000000 3125.038326 148.594773 -8.678950 -10.000000 0.000000 0.000000 0.000000 1 0 0 0 0 0 0 0
Child: -8.678950 8.808891 90.000000 0.000000 13.497100 0.000000 -10.000000 0.000000 0.000000 0.000000 0 0 0 0 0 0 0 0
EGO_STATUS -1.750000 193.191109 1.100000 1.570796 13.991689 4.000000 0.000000
DYNAMIC_OBS_INFO 0 1.750000 226.444686 -1.570000 32.046112 1.750000 226.444686 0.000000 0.000000
DYNAMIC_OBS_INFO 1 64.661453 209.500000 3.140000 68.064534 64.661453 209.500000 15.676566 2.595641
DYNAMIC_OBS_INFO 2 -48.823433 212.500000 0.000000 47.643604 -45.899234 212.500000 14.893192 2.721955
Parent: 257.680259 10.000000 101.000000 0.000000 15.147906 306.345637 -10.000000 2.834830 43.000000 0.000000 0 0 0 0 0 0 0 0
Child: 306.345637 22.254332 224.000000 3125.038326 148.594773 -8.888824 -10.000000 0.000000 0.000000 0.000000 1 0 0 0 0 0 0 0
Child: -8.888824 7.409722 76.000000 0.000000 11.397100 0.000000 -10.000000 0.000000 0.000000 0.000000 0 0 0 0 0 0 0 0
EGO_STATUS -1.750000 194.590278 1.200000 1.570796 13.991689 4.000000 0.000000
DYNAMIC_OBS_INFO 0 1.750000 226.444686 -1.570000 30.655694 1.750000 226.444686 0.000000 0.000000
DYNAMIC_OBS_INFO 1 64.661453 209.500000 3.140000 67.771794 64.661453 209.500000 15.676566 2.595641
DYNAMIC_OBS_INFO 2 -48.823433 212.500000 0.000000 45.730796 -44.396305 212.500000 15.165388 2.721955
Parent: 678.825169 10.000000 101.000000 0.000000 2055.350685 524.416562 -10.000000 2.908539 42.000000 0.000000 0 0 0 0 0 0 0 0
Child: 524.416562 24.684815 248.000000 3095.005143 2365.509126 -9.098698 -10.000000 0.000000 0.000000 0.000000 1 0 0 0 0 0 0 0
Child: -9.098698 6.010553 62.000000 0.000000 9.297100 0.000000 -10.000000 0.000000 0.000000 0.000000 0 0 0 0 0 0 0 0
EGO_STATUS -1.750000 195.989447 1.300000 1.570796 13.991689 4.000000 0.000000
DYNAMIC_OBS_INFO 0 1.750000 226.444686 -1.570000 29.266110 1.750000 226.444686 0.000000 0.000000
DYNAMIC_OBS_INFO 1 64.661453 209.500000 3.140000 67.506790 64.661453 209.500000 15.676566 2.595641
DYNAMIC_OBS_INFO 2 -48.823433 212.500000 0.000000 43.805162 -42.866156 212.500000 15.437583 2.721955
Parent: 680.515296 10.000000 101.000000 0.000000 2055.350685 524.206689 -10.000000 2.808539 40.000000 0.000000 0 0 0 0 0 0 0 0
Child: 524.206689 24.684815 248.000000 3095.005143 2365.509126 -9.308571 -10.000000 0.000000 0.000000 0.000000 1 0 0 0 0 0 0 0
Child: -9.308571 4.611384 48.000000 0.000000 7.197100 0.000000 -10.000000 0.000000 0.000000 0.000000 0 0 0 0 0 0 0 0
EGO_STATUS -1.750000 197.388616 1.400000 1.570796 13.991689 4.000000 0.000000
DYNAMIC_OBS_INFO 0 1.750000 226.444686 -1.570000 27.877485 1.750000 226.444686 0.000000 0.000000
DYNAMIC_OBS_INFO 1 64.661453 209.500000 3.140000 65.710278 63.080820 209.502517 15.936131 2.595641
DYNAMIC_OBS_INFO 2 -48.823433 212.500000 0.000000 41.867918 -41.308788 212.500000 15.709779 2.721955
Parent: 865.420203 10.000000 101.000000 0.000000 2055.350685 717.496886 -10.000000 3.423249 49.000000 0.000000 0 0 0 0 0 0 0 0
Child: 717.496886 10.000000 101.000000 0.000000 2055.350685 523.996819 -10.000000 0.000000 0.000000 0.000000 0 0 0 0 0 0 0 0
Child: 523.996819 24.684815 248.000000 3095.005143 2365.509126 -9.518442 -10.000000 0.000000 0.000000 0.000000 1 0 0 0 0 0 0 0
Child: -9.518442 3.212215 34.000000 0.000000 5.097100 0.000000 -10.000000 0.000000 0.000000 0.000000 0 0 0 0 0 0 0 0
EGO_STATUS -1.750000 198.787785 1.500000 1.570796 13.991689 4.000000 0.000000
DYNAMIC_OBS_INFO 0 1.750000 226.444686 -1.570000 26.489969 1.750000 226.444686 0.000000 0.000000
DYNAMIC_OBS_INFO 1 64.661453 209.500000 3.140000 63.907204 61.474231 209.505076 16.195695 2.595641
DYNAMIC_OBS_INFO 2 -48.823433 212.500000 0.000000 39.920559 -39.724201 212.500000 15.981974 2.721955
Parent: 867.110339 10.000000 101.000000 0.000000 2055.350685 717.287022 -10.000000 3.323249 47.000000 0.000000 0 0 0 0 0 0 0 0
Child: 717.287022 10.000000 101.000000 0.000000 2055.350685 523.786954 -10.000000 0.000000 0.000000 0.000000 0 0 0 0 0 0 0 0
Child: 523.786954 24.684815 248.000000 3095.005143 2365.509126 -9.728306 -10.000000 0.000000 0.000000 0.000000 1 0 0 0 0 0 0 0
Child: -9.728306 1.813046 20.000000 0.000000 2.997100 0.000000 -10.000000 0.000000 0.000000 0.000000 0 0 0 0 0 0 0 0
EGO_STATUS -1.750000 200.186954 1.600000 1.570796 13.991689 4.000000 0.000000
DYNAMIC_OBS_INFO 0 1.750000 226.444686 -1.570000 25.103748 1.750000 226.444686 0.000000 0.000000
DYNAMIC_OBS_INFO 1 64.661453 209.500000 3.140000 62.099007 59.841685 209.507676 16.455259 2.595641
DYNAMIC_OBS_INFO 2 -48.823433 212.500000 0.000000 37.964936 -38.112393 212.500000 16.254170 2.721955
Parent: 867.800570 10.000000 101.000000 0.000000 2055.350685 717.077254 -10.000000 3.223249 46.000000 0.000000 0 0 0 0 0 0 0 0
Child: 717.077254 10.000000 101.000000 0.000000 2055.350685 523.577186 -10.000000 0.000000 0.000000 0.000000 0 0 0 0 0 0 0 0
Child: 523.577186 24.684815 248.000000 3095.005143 2365.509126 -9.938074 -10.000000 0.000000 0.000000 0.000000 1 0 0 0 0 0 0 0
Child: -9.938074 0.413877 6.000000 0.000000 0.897741 0.000000 -10.000000 0.000000 0.000000 0.000000 0 0 0 0 0 0 0 0
EGO_STATUS -1.750000 201.586123 1.700000 1.570796 13.991689 4.000000 0.000000
DYNAMIC_OBS_INFO 0 1.750000 226.444686 -1.570000 23.718604 1.750000 226.444686 0.000000 0.000000
DYNAMIC_OBS_INFO 1 64.661453 209.500000 3.140000 60.284296 58.183183 209.510318 16.714823 2.595641
DYNAMIC_OBS_INFO 2 -48.823433 212.500000 0.000000 36.006308 -36.473367 212.500000 16.526365 2.721955
Parent: 878.516131 10.000000 101.000000 0.000000 2055.350685 726.892840 -10.000000 3.123223 45.000000 0.000000 0 0 0 0 0 0 0 0
Child: 726.892840 10.000000 101.000000 0.000000 2055.350685 533.392772 -10.000000 0.000000 0.000000 0.000000 0 0 0 0 0 0 0 0
Child: 533.392772 23.699170 238.000000 3095.008432 2362.038396 0.000000 -10.000000 0.000000 0.000000 0.000000 1 0 0 0 0 0 0 0
EGO_STATUS -1.746945 202.985283 1.800000 1.561651 13.991689 4.000000 0.000000
DYNAMIC_OBS_INFO 0 1.750000 226.444686 -1.570000 22.330347 1.750000 226.444686 0.000000 0.000000
DYNAMIC_OBS_INFO 1 64.661453 209.500000 3.140000 58.433024 56.498725 209.513000 16.974387 2.595641
DYNAMIC_OBS_INFO 2 -48.823433 212.500000 0.000000 34.078945 -34.807120 212.500000 16.798561 2.721955
Parent: 879.619976 10.000000 101.000000 0.000000 2055.350685 726.096682 -10.000000 3.023226 43.000000 0.000000 0 0 0 0 0 0 0 0
Child: 726.096682 10.000000 101.000000 0.000000 2055.350685 532.596615 -10.000000 0.000000 0.000000 0.000000 0 0 0 0 0 0 0 0
Child: 532.596615 22.300036 225.000000 3095.006557 2379.614131 0.000000 -10.000000 0.000000 0.000000 0.000000 1 0 0 0 0 0 0 0
EGO_STATUS -1.708748 204.383828 1.900000 1.520177 13.991689 4.000000 0.000000
DYNAMIC_OBS_INFO 0 1.750000 226.444686 -1.570000 20.935347 1.750000 226.444686 0.000000 0.000000
DYNAMIC_OBS_INFO 1 64.661453 209.500000 3.140000 56.504329 54.788310 209.515725 17.233951 2.595641
DYNAMIC_OBS_INFO 2 -48.823433 212.500000 0.000000 32.230208 -33.113655 212.500000 17.070756 2.721955
Parent: 891.870818 10.000000 101.000000 0.000000 2055.350685 737.592858 -10.000000 2.777892 42.000000 0.000000 0 0 0 0 0 0 0 0
Child: 737.592858 10.000000 101.000000 20.000000 2055.350685 532.112592 0.000000 0.000000 0.000000 0.000000 0 0 1 0 0 0 0 0
Child: 532.112592 20.900895 211.000000 3095.005738 2377.762627 0.000000 -10.000000 0.000000 0.000000 0.000000 1 0 0 0 0 0 0 0
EGO_STATUS -1.592249 205.777849 2.000000 1.450441 13.991689 4.000000 0.000000
DYNAMIC_OBS_INFO 0 1.750000 226.444686 -1.570000 19.536700 1.750000 226.444686 0.000000 0.000000
DYNAMIC_OBS_INFO 1 64.661453 209.500000 3.140000 54.465719 53.051939 209.518490 17.493515 2.595641
DYNAMIC_OBS_INFO 2 -48.823433 212.500000 0.000000 30.501901 -31.392969 212.500000 17.342952 2.721955
Parent: 892.078789 10.000000 101.000000 0.000000 2055.350685 736.900827 -10.000000 2.677894 41.000000 0.000000 0 0 0 0 0 0 0 0
Child: 736.900827 10.000000 101.000000 20.000000 2055.350685 531.420561 0.000000 0.000000 0.000000 0.000000 0 0 1 0 0 0 0 0
Child: 531.420561 19.501750 197.000000 3095.005545 2374.239482 0.000000 -10.000000 0.000000 0.000000 0.000000 1 0 0 0 0 0 0 0
EGO_STATUS -1.362585 207.157528 2.100000 1.357913 13.991689 4.000000 0.000000
DYNAMIC_OBS_INFO 0 1.750000 226.444686 -1.570000 18.146812 1.750000 226.444686 0.000000 0.000000
DYNAMIC_OBS_INFO 1 64.661453 209.500000 3.140000 52.293471 51.289611 209.521297 17.753079 2.595641
DYNAMIC_OBS_INFO 2 -48.823433 212.500000 0.000000 28.928023 -29.645064 212.500000 17.615147 2.721955
Parent: 891.753802 10.000000 101.000000 0.000000 2055.350685 735.675839 -10.000000 2.577895 40.000000 0.000000 0 0 0 0 0 0 0 0
Child: 735.675839 10.000000 101.000000 20.000000 2055.350685 530.195573 0.000000 0.000000 0.000000 0.000000 0 0 1 0 0 0 0 0
Child: 530.195573 18.102601 183.000000 3095.005521 2365.855647 0.000000 -10.000000 0.000000 0.000000 0.000000 1 0 0 0 0 0 0 0
EGO_STATUS -0.994013 208.506537 2.200000 1.247757 13.991689 4.000000 0.000000
DYNAMIC_OBS_INFO 0 1.750000 226.444686 -1.570000 16.789022 1.750000 226.444686 0.000000 0.000000
DYNAMIC_OBS_INFO 1 64.661453 209.500000 3.140000 49.972745 49.501328 209.524145 18.012643 2.595641
DYNAMIC_OBS_INFO 2 -48.823433 212.500000 0.000000 27.531702 -27.869940 212.500000 17.887343 2.721955
Parent: 1075.327876 10.000000 101.000000 0.000000 2055.350685 927.914020 -10.000000 2.913788 49.000000 0.000000 0 0 0 0 0 0 0 0
Child: 927.914020 10.000000 101.000000 0.000000 2055.350685 734.413952 -10.000000 0.000000 0.000000 0.000000 0 0 0 0 0 0 0 0
Child: 734.413952 10.000000 101.000000 0.000000 2055.350685 540.913884 -10.000000 0.000000 0.000000 0.000000 0 0 0 0 0 0 0 0
Child: 540.913884 16.703447 169.000000 3122.960156 2349.829311 0.000000 0.000000 0.000000 0.000000 0.000000 1 0 1 0 0 0 0 0
EGO_STATUS -0.470638 209.803171 2.300000 1.124826 13.991689 4.000000 0.000000
DYNAMIC_OBS_INFO 0 1.750000 226.444686 -1.570000 15.488236 1.750000 226.444686 0.000000 0.000000
DYNAMIC_OBS_INFO 1 64.661453 209.500000 3.140000 47.491469 47.687087 209.527034 18.272207 2.595641
DYNAMIC_OBS_INFO 2 -48.823433 212.500000 0.000000 26.328018 -26.067596 212.500000 18.159538 2.721955
Parent: 1064.254197 10.000000 101.000000 0.000000 2055.350685 915.940342 -10.000000 2.813787 48.000000 0.000000 0 0 0 0 0 0 0 0
Child: 915.940342 10.000000 101.000000 0.000000 2055.350685 722.440275 -10.000000 0.000000 0.000000 0.000000 0 0 0 0 0 0 0 0
Child: 722.440275 10.000000 101.000000 0.000000 2055.350685 528.940207 -10.000000 0.000000 0.000000 0.000000 0 0 0 0 0 0 0 0
Child: 528.940207 15.292809 154.000000 3122.959993 2304.217711 0.000000 -10.000000 0.000000 0.000000 0.000000 1 0 1 0 0 0 0 0
EGO_STATUS 0.219478 211.032257 2.400000 0.992573 14.220632 5.000000 2.289427
DYNAMIC_OBS_INFO 0 1.750000 226.444686 -1.570000 14.285451 1.750000 226.444686 0.000000 0.000000
DYNAMIC_OBS_INFO 1 64.661453 209.500000 3.140000 44.841624 45.846891 209.529965 18.531771 2.595641
DYNAMIC_OBS_INFO 2 -48.823433 212.500000 0.000000 25.323453 -24.238032 212.500000 18.431734 2.721955
Parent: 1116.358344 30.000000 301.000000 270.000000 6125.352041 523.459941 0.000000 2.487900 47.000000 0.000000 0 1 1 0 0 0 0 0
Child: 523.459941 13.859239 140.000000 3122.959434 2265.820612 0.000000 -10.000000 0.000000 0.000000 0.000000 1 0 1 0 0 0 0 0
EGO_STATUS 1.083333 212.174799 2.500000 0.854079 14.449575 5.000000 2.289430
DYNAMIC_OBS_INFO 0 1.750000 226.444686 -1.570000 13.247858 1.750000 226.444686 0.000000 0.000000
DYNAMIC_OBS_INFO 1 64.661453 209.500000 3.140000 42.026937 43.980738 209.532937 18.791336 2.595641
DYNAMIC_OBS_INFO 2 -48.823433 212.500000 0.000000 24.505553 -22.381249 212.500000 18.703929 2.721955
Parent: 1110.384525 30.000000 301.000000 270.000000 6125.352041 516.586125 0.000000 2.387897 46.000000 0.000000 0 1 1 0 0 0 0 0
Child: 516.586125 12.402783 126.000000 3122.956013 2226.638051 0.000000 -10.000000 0.000000 0.000000 0.000000 1 0 1 0 0 0 0 0
EGO_STATUS 2.114252 213.201836 2.600000 0.713469 14.678519 5.000000 2.289440
DYNAMIC_OBS_INFO 0 1.750000 226.444686 -1.570000 12.452272 1.750000 226.444686 0.000000 0.000000
DYNAMIC_OBS_INFO 1 64.661453 209.500000 3.140000 39.058257 42.088628 209.535951 19.050900 2.595641
DYNAMIC_OBS_INFO 2 -48.823433 212.500000 0.000000 23.846871 -20.497246 212.500000 18.976125 2.721955
Parent: 1098.520941 30.000000 301.000000 270.000000 6125.352041 503.822542 0.000000 2.287896 45.000000 0.000000 0 1 1 0 0 0 0 0
Child: 503.822542 10.923465 111.000000 3121.479871 2099.784853 0.000000 -10.000000 0.000000 0.000000 0.000000 1 0 1 0 0 0 0 0
EGO_STATUS 3.296636 214.088837 2.700000 0.574909 14.907464 5.000000 2.289450
DYNAMIC_OBS_INFO 0 1.750000 226.444686 -1.570000 11.972040 1.750000 226.444686 0.000000 0.000000
DYNAMIC_OBS_INFO 1 64.661453 209.500000 3.140000 35.952112 40.170563 209.539006 19.310464 2.595641
DYNAMIC_OBS_INFO 2 -48.823433 212.500000 0.000000 23.309905 -18.586024 212.500000 19.248320 2.721955
Parent: 1073.745440 30.000000 301.000000 270.000000 6125.352041 478.147041 0.000000 2.187897 44.000000 0.000000 0 1 1 0 0 0 0 0
Child: 478.147041 9.421286 96.000000 3116.765916 1857.301960 0.000000 -10.000000 0.000000 0.000000 0.000000 1 0 1 0 0 0 0 0
EGO_STATUS 4.608256 214.818847 2.800000 0.442563 15.136409 5.000000 2.289453
DYNAMIC_OBS_INFO 0 1.750000 226.444686 -1.570000 11.856938 1.750000 226.444686 0.000000 0.000000
DYNAMIC_OBS_INFO 1 64.661453 209.500000 3.140000 32.728771 38.226540 209.542102 19.570028 2.595641
DYNAMIC_OBS_INFO 2 -48.823433 212.500000 0.000000 22.853847 -16.647582 212.500000 19.520516 2.721955
Parent: 1048.943809 30.000000 301.000000 270.000000 6125.352041 452.445410 0.000000 2.087896 43.000000 0.000000 0 1 1 0 0 0 0 0
Child: 452.445410 7.896190 80.000000 3108.722672 1576.528487 0.000000 -10.000000 0.000000 0.000000 0.000000 1 0 1 0 0 0 0 0
EGO_STATUS 6.023481 215.384653 2.900000 0.320561 15.365354 5.000000 2.289450
DYNAMIC_OBS_INFO 0 1.750000 226.444686 -1.570000 12.114962 1.750000 226.444686 0.000000 0.000000
DYNAMIC_OBS_INFO 1 64.661453 209.500000 3.140000 29.410599 36.256562 209.545239 19.829592 2.595641
DYNAMIC_OBS_INFO 2 -48.823433 212.500000 0.000000 22.441051 -14.681921 212.500000 19.792711 2.721955
Parent: 1016.915758 30.000000 301.000000 270.000000 6125.352041 419.517360 0.000000 1.987896 42.000000 0.000000 0 1 1 0 0 0 0 0
Child: 419.517360 6.348196 65.000000 3097.307194 1300.576430 0.000000 -10.000000 0.000000 0.000000 0.000000 1 0 1 0 0 0 0 0
EGO_STATUS 7.516625 215.790187 3.000000 0.212930 15.594299 5.000000 2.289452
DYNAMIC_OBS_INFO 0 1.750000 226.444686 -1.570000 12.710476 1.750000 226.444686 0.000000 0.000000
DYNAMIC_OBS_INFO 1 64.661453 209.500000 3.140000 26.020761 34.260627 209.548418 20.089156 2.595641
DYNAMIC_OBS_INFO 2 -48.823433 212.500000 0.000000 22.042129 -12.689040 212.500000 20.064907 2.721955
Parent: 947.281209 34.879346 350.000000 3332.527874 6555.600974 0.000000 0.000000 1.877005 40.000000 0.000000 1 1 1 0 0 0 0 0
EGO_STATUS 9.065285 216.050321 3.100000 0.123542 15.823245 5.000000 2.289456
DYNAMIC_OBS_INFO 0 1.750000 226.444686 -1.570000 13.582015 1.750000 226.444686 0.000000 0.000000
DYNAMIC_OBS_INFO 1 64.661453 209.500000 3.140000 22.580725 32.238736 209.551638 20.348720 2.595641
DYNAMIC_OBS_INFO 2 -48.823433 212.500000 0.000000 21.641729 -10.668939 212.500000 20.337102 2.721955
Parent: 4143.327283 40.000000 402.000000 30270.000000 8180.702725 374.159861 -10.000000 2.226853 49.000000 0.000000 0 1 1 0 0 0 0 3
Child: 374.159861 3.180272 33.000000 3315.273843 670.950224 0.000000 -10.000000 0.000000 0.000000 0.000000 1 1 1 0 0 0 0 0
EGO_STATUS 10.655873 216.190098 3.200000 0.055782 16.117245 0.000000 2.940000
DYNAMIC_OBS_INFO 0 1.750000 226.444686 -1.570000 14.662804 1.750000 226.444686 0.000000 0.000000
DYNAMIC_OBS_INFO 1 64.661453 209.500000 3.140000 19.117350 30.190888 209.554900 20.608284 2.595641
DYNAMIC_OBS_INFO 2 -48.823433 212.500000 0.000000 21.235320 -8.621619 212.500000 20.609298 2.721955
Parent: 29081.322472 10.000000 101.000000 200270.000000 2055.350685 9113.553408 -10.000000 2.556125 57.000000 0.000000 0 1 1 0 0 0 0 20
Child: 9113.553408 40.000000 402.000000 80270.000000 8180.702725 322.488460 -10.000000 0.000000 0.000000 0.000000 0 1 1 0 0 0 0 8
Child: 322.488460 1.553838 17.000000 3291.690464 345.950115 0.000000 -10.000000 0.000000 0.000000 0.000000 1 1 1 0 0 0 0 0
EGO_STATUS 12.281346 216.242305 3.300000 0.013646 16.411245 0.000000 2.940000
DYNAMIC_OBS_INFO 0 1.750000 226.444686 -1.570000 15.888927 1.750000 226.444686 0.000000 0.000000
DYNAMIC_OBS_INFO 1 64.661453 209.500000 3.140000 15.679636 28.117084 209.558203 20.867848 2.595641
DYNAMIC_OBS_INFO 2 -48.823433 212.500000 0.000000 20.824643 -6.547080 212.500000 20.881493 2.721955
Parent: 37904.355121 49.898012 500.000000 370270.000000 10175.003390 0.000000 -10.000000 2.456125 55.000000 0.000000 0 1 1 0 0 0 0 37
EGO_STATUS 13.937140 216.250000 3.400000 0.000000 16.705245 0.000000 2.940000
DYNAMIC_OBS_INFO 0 1.750000 226.444686 -1.570000 17.215524 1.750000 226.444686 0.000000 0.000000
DYNAMIC_OBS_INFO 1 64.661453 209.500000 3.140000 12.360844 26.017324 209.561547 21.127412 2.595641
DYNAMIC_OBS_INFO 2 -48.823433 212.500000 0.000000 20.415062 -4.445321 212.500000 21.153689 2.721955
Parent: 48455.730037 10.000000 101.000000 430270.000000 2055.350685 5712.883746 -10.000000 2.356125 54.000000 0.000000 0 1 1 0 0 0 0 43
Child: 5712.883746 10.000000 102.000000 50270.000000 2075.700691 590.952306 -10.000000 0.000000 0.000000 0.000000 0 1 1 0 0 0 0 5
Child: 590.952306 28.212782 284.000000 270.000000 5779.401925 0.000000 -10.000000 0.000000 0.000000 0.000000 0 1 1 0 0 0 0 0
EGO_STATUS 15.622371 216.250000 3.500000 0.000000 16.999245 0.000000 2.940000
DYNAMIC_OBS_INFO 0 1.750000 226.444686 -1.570000 18.624882 1.750000 226.444686 0.000000 0.000000
DYNAMIC_OBS_INFO 1 64.661453 209.500000 3.140000 9.362317 23.891607 209.564932 21.386977 2.595641
DYNAMIC_OBS_INFO 2 -48.823433 212.500000 0.000000 20.007909 -2.316342 212.500000 21.425884 2.721955
Parent: 34839.124300 46.498151 466.000000 340270.000000 9483.103159 0.000000 -10.000000 2.256124 52.000000 0.000000 0 1 1 0 0 0 0 34
EGO_STATUS 17.337001 216.250000 3.600000 0.000000 17.293245 0.000000 2.940000
DYNAMIC_OBS_INFO 0 1.750000 226.444686 -1.570000 20.107125 1.750000 226.444686 0.000000 0.000000
DYNAMIC_OBS_INFO 1 64.661453 209.500000 3.140000 7.191249 21.739934 209.568359 21.646541 2.595641
DYNAMIC_OBS_INFO 2 -48.823433 212.500000 0.000000 19.603203 -0.160144 212.500000 21.698080 2.721955
Parent: 41490.536552 20.000000 202.000000 410270.000000 4110.701369 520.588213 -10.000000 2.156124 50.000000 0.000000 0 1 1 0 0 0 0 41
Child: 520.588213 24.754115 249.000000 270.000000 5067.151688 0.000000 -10.000000 0.000000 0.000000 0.000000 0 1 1 0 0 0 0 0
EGO_STATUS 19.081037 216.250000 3.700000 0.000000 17.587245 0.000000 2.940000
DYNAMIC_OBS_INFO 0 1.750000 226.444686 -1.570000 21.654386 1.750000 226.444686 0.000000 0.000000
DYNAMIC_OBS_INFO 1 64.661453 209.500000 3.140000 6.802035 19.562304 209.571827 21.906105 2.595641
DYNAMIC_OBS_INFO 2 -48.823433 212.500000 0.000000 19.200950 2.023274 212.500000 21.970275 2.721955
Parent: 74872.278183 52.980681 531.000000 740270.000000 10805.853600 0.000000 -10.000000 2.463860 59.000000 0.000000 0 1 1 0 0 0 0 74
EGO_STATUS 20.854471 216.250000 3.800000 0.000000 17.881245 0.000000 2.940000
DYNAMIC_OBS_INFO 0 1.750000 226.444686 -1.570000 23.260410 1.750000 226.444686 0.000000 0.000000
DYNAMIC_OBS_INFO 1 64.661453 209.500000 3.140000 8.522092 17.358719 209.575337 22.165669 2.595641
DYNAMIC_OBS_INFO 2 -48.823433 212.500000 0.000000 18.801160 4.233911 212.500000 22.242471 2.721955
Parent: 74827.576531 51.177856 513.000000 740270.000000 10439.553478 0.000000 -10.000000 2.363860 57.000000 0.000000 0 1 1 0 0 0 0 74
EGO_STATUS 22.657297 216.250000 3.900000 0.000000 18.175245 0.000000 2.940000
DYNAMIC_OBS_INFO 0 1.750000 226.444686 -1.570000 24.920230 1.750000 226.444686 0.000000 0.000000
DYNAMIC_OBS_INFO 1 64.661453 209.500000 3.140000 11.494345 15.129176 209.578888 22.425233 2.595641
DYNAMIC_OBS_INFO 2 -48.823433 212.500000 0.000000 18.403866 6.471768 212.500000 22.514666 2.721955
Parent: 76731.338086 49.345622 495.000000 760270.000000 10073.253356 0.000000 -10.000000 2.263860 55.000000 0.000000 0 1 1 0 0 0 0 76
EGO_STATUS 24.489530 216.250000 4.000000 0.000000 18.469245 0.000000 2.940000
DYNAMIC_OBS_INFO 0 1.750000 226.444686 -1.570000 26.629850 1.750000 226.444686 0.000000 0.000000
DYNAMIC_OBS_INFO 1 64.661453 209.500000 3.140000 15.036571 12.873678 209.582480 22.684797 2.595641
DYNAMIC_OBS_INFO 2 -48.823433 212.500000 0.000000 18.009075 8.736844 212.500000 22.786862 2.721955
Parent: 82732.543749 47.483987 476.000000 820270.000000 9686.603227 0.000000 -10.000000 2.163859 53.000000 0.000000 0 1 1 0 0 0 0 82
EGO_STATUS 26.351165 216.250000 4.100000 0.000000 18.763245 0.000000 2.940000
DYNAMIC_OBS_INFO 0 1.750000 226.444686 -1.570000 28.386051 1.750000 226.444686 0.000000 0.000000
DYNAMIC_OBS_INFO 1 64.661453 209.500000 3.140000 18.866076 10.592223 209.586114 22.944361 2.595641
DYNAMIC_OBS_INFO 2 -48.823433 212.500000 0.000000 17.616801 11.029140 212.500000 23.059057 2.721955
Parent: 68736.545195 45.592960 457.000000 680270.000000 9299.953098 0.000000 -10.000000 2.063859 51.000000 0.000000 0 1 1 0 0 0 0 68
EGO_STATUS 28.242193 216.250000 4.200000 -0.000000 19.057245 0.000000 2.940000
DYNAMIC_OBS_INFO 0 1.750000 226.444686 -1.570000 30.186235 1.750000 226.444686 0.000000 0.000000
DYNAMIC_OBS_INFO 1 64.661453 209.500000 3.140000 22.869129 8.284811 209.589789 23.203925 2.595641
DYNAMIC_OBS_INFO 2 -48.823433 212.500000 0.000000 17.227072 13.348656 212.500000 23.331253 2.721955
Parent: 95091.744197 10.000000 101.000000 150020.000000 2055.350685 80080.116490 -10.000000 3.662293 39.000000 0.000000 0 0 0 1 0 0 0 15
Child: 80080.116490 23.672529 238.000000 800270.000000 4843.301613 0.000000 0.000000 0.000000 0.000000 0.000000 0 1 0 1 0 0 0 80
EGO_STATUS 30.162623 216.250000 4.300000 -0.000000 19.351245 0.000000 2.940000
DYNAMIC_OBS_INFO 0 1.750000 226.444686 -1.570000 31.986459 1.750000 226.444686 0.000000 0.000000
DYNAMIC_OBS_INFO 1 64.661453 209.500000 3.140000 26.951835 5.951444 209.593505 23.463489 2.595641
DYNAMIC_OBS_INFO 2 -48.823433 212.500000 0.000000 16.796907 15.695391 212.500000 23.603448 2.721955
Parent: 99216.374038 31.766809 319.000000 990270.000000 6491.652163 0.000000 -10.000000 3.384264 37.000000 0.000000 0 1 0 1 0 0 0 99
EGO_STATUS 32.068343 216.250000 4.400000 -0.000000 18.763245 1.000000 -5.880000
DYNAMIC_OBS_INFO 0 1.750000 226.444686 -1.570000 33.742179 1.750000 226.444686 0.000000 0.000000
DYNAMIC_OBS_INFO 1 64.661453 209.500000 3.140000 31.044338 3.592119 209.597262 23.723053 2.595641
DYNAMIC_OBS_INFO 2 -48.823433 212.500000 0.000000 16.283582 18.069345 212.500000 23.875644 2.721955
Parent: 100868.564065 20.109224 203.000000 993041.050373 3600.051693 2182.726626 -10.000000 3.354444 35.000000 0.000000 1 0 0 1 0 0 0 99
Child: 2182.726626 9.919906 101.000000 20270.000000 2055.350685 0.000000 -10.000000 0.000000 0.000000 0.000000 0 1 0 1 0 0 0 2
EGO_STATUS 33.915246 216.250000 4.500000 -0.000000 18.175245 1.000000 -5.880000
DYNAMIC_OBS_INFO 0 1.750000 226.444686 -1.570000 35.450843 1.750000 226.444686 0.000000 0.000000
DYNAMIC_OBS_INFO 1 64.661453 209.500000 3.140000 35.131444 1.206839 209.601061 23.982618 2.595641
DYNAMIC_OBS_INFO 2 -48.823433 212.500000 0.000000 15.687636 20.470520 212.500000 24.147839 2.721955
Parent: 94993.862686 28.131792 283.000000 950270.000000 5759.051919 0.000000 -10.000000 3.197295 34.000000 0.000000 0 1 0 1 0 0 0 95
EGO_STATUS 35.703360 216.250000 4.600000 -0.000000 17.587245 1.000000 -5.880000
DYNAMIC_OBS_INFO 0 1.750000 226.444686 -1.570000 37.110431 1.750000 226.444686 0.000000 0.000000
DYNAMIC_OBS_INFO 1 64.661453 209.500000 3.140000 39.204335 -1.204398 209.604902 24.242182 2.595641
DYNAMIC_OBS_INFO 2 -48.823433 212.500000 0.000000 15.009744 22.898913 212.500000 24.420035 2.721955
Parent: 112197.540674 20.000000 202.000000 1030020.000000 4110.701369 9847.222806 -10.000000 3.139515 32.000000 0.000000 0 0 0 1 0 0 0 103
Child: 9847.222806 6.402488 66.000000 100270.000000 1343.100447 0.000000 -10.000000 0.000000 0.000000 0.000000 0 1 0 1 0 0 0 10
EGO_STATUS 37.432664 216.250000 4.700000 -0.000000 16.999245 1.000000 -5.880000
DYNAMIC_OBS_INFO 0 1.750000 226.444686 -1.570000 38.719383 1.750000 226.444686 0.000000 0.000000
DYNAMIC_OBS_INFO 1 64.661453 209.500000 3.140000 43.257600 -3.641591 209.608783 24.501746 2.595641
DYNAMIC_OBS_INFO 2 -48.823433 212.500000 0.000000 14.250880 25.354526 212.500000 24.692230 2.721955
Parent: 108460.771101 20.109224 203.000000 1003041.050296 3600.051693 8779.631500 -10.000000 3.054452 30.000000 0.000000 1 0 0 1 0 0 0 100
Child: 8779.631500 4.731987 49.000000 90020.000000 997.150332 0.000000 -10.000000 0.000000 0.000000 0.000000 0 0 0 1 0 0 0 9
EGO_STATUS 39.103165 216.250000 4.800000 -0.000000 16.411245 1.000000 -5.880000
DONE
FINISHED
