Parent: -7.293923 31.912375 321.000000 29.107046 324.602742 2.590766 -10.000000 4.951077 40.000000 0.000000 0 0 0 1 0 0 0 0
Child: 2.590766 4.285478 44.000000 20.000000 6.600000 0.000000 0.000000 0.000000 0.000000 0.000000 0 0 0 1 0 0 0 0
EGO_STATUS -1.750000 184.714522 0.000000 1.570796 15.426354 4.000000 0.000000
DYNAMIC_OBS_INFO 0 1.750000 226.512444 -1.570000 40.436459 1.750000 226.512444 0.000000 0.000000
DYNAMIC_OBS_INFO 1 35.439887 209.500000 3.140000 43.871239 35.439887 209.500000 15.697093 2.534528
DYNAMIC_OBS_INFO 2 -67.279545 212.500000 0.000000 70.599949 -67.279545 212.500000 14.941679 0.752931
Parent: 263.407159 10.000000 101.000000 0.000000 15.147906 315.006364 -10.000000 4.901003 48.000000 0.000000 0 0 0 0 0 0 0 0
Child: 315.006364 21.788325 219.000000 3038.457913 270.399206 -14.192062 0.000000 0.000000 0.000000 0.000000 1 0 0 0 0 0 0 0
Child: -14.192062 10.000000 101.000000 20.000000 15.150000 -7.672260 -10.000000 0.000000 0.000000 0.000000 0 0 0 1 0 0 0 0
Child: -7.672260 2.772257 29.000000 20.000000 4.350000 0.000000 -10.000000 0.000000 0.000000 0.000000 0 0 0 1 0 0 0 0
EGO_STATUS -1.750000 186.227743 0.100000 1.570796 14.838354 1.000000 -5.880000
DYNAMIC_OBS_INFO 0 1.750000 226.512444 -1.570000 38.987721 1.750000 226.512444 0.000000 0.000000
DYNAMIC_OBS_INFO 1 35.439887 209.500000 3.140000 43.117358 35.439887 209.500000 15.697093 2.534528
DYNAMIC_OBS_INFO 2 -67.279545 212.500000 0.000000 70.071730 -67.279545 212.500000 14.941679 0.752931
Parent: 263.934234 10.000000 101.000000 0.000000 15.147906 314.633423 -10.000000 4.801019 47.000000 0.000000 0 0 0 0 0 0 0 0
Child: 314.633423 21.788325 219.000000 3038.457681 270.399206 -14.564979 0.000000 0.000000 0.000000 0.000000 1 0 0 0 0 0 0 0
Child: -14.564979 10.000000 101.000000 20.000000 15.150000 -8.045177 -10.000000 0.000000 0.000000 0.000000 0 0 0 1 0 0 0 0
Child: -8.045177 1.317858 15.000000 20.000000 2.250000 0.000000 -10.000000 0.000000 0.000000 0.000000 0 0 0 1 0 0 0 0
EGO_STATUS -1.750000 187.682142 0.200000 1.570796 14.250354 1.000000 -5.880000
DYNAMIC_OBS_INFO 0 1.750000 226.512444 -1.570000 37.597956 1.750000 226.512444 0.000000 0.000000
DYNAMIC_OBS_INFO 1 35.439887 209.500000 3.140000 42.428245 35.439887 209.500000 15.697093 2.534528
DYNAMIC_OBS_INFO 2 -67.279545 212.500000 0.000000 69.589676 -67.279545 212.500000 14.941679 0.752931
Parent: 273.852347 10.000000 101.000000 0.000000 15.147906 322.651524 -10.000000 4.701031 45.000000 0.000000 0 0 0 0 0 0 0 0
Child: 322.651524 21.788325 219.000000 3038.457505 270.399206 -6.546861 0.000000 0.000000 0.000000 0.000000 1 0 0 0 0 0 0 0
Child: -6.546861 9.922250 101.000000 20.000000 15.150000 0.000000 -10.000000 0.000000 0.000000 0.000000 0 0 0 1 0 0 0 0
EGO_STATUS -1.750000 189.077750 0.300000 1.570796 13.662354 1.000000 -5.880000
DYNAMIC_OBS_INFO 0 1.750000 226.512444 -1.570000 36.267179 1.750000 226.512444 0.000000 0.000000
DYNAMIC_OBS_INFO 1 35.439887 209.500000 3.140000 41.801223 35.439887 209.500000 15.697093 2.534528
DYNAMIC_OBS_INFO 2 -67.279545 212.500000 0.000000 69.151201 -67.279545 212.500000 14.941679 0.752931
Parent: 274.560685 10.000000 101.000000 0.000000 15.147906 322.459845 -10.000000 4.601048 44.000000 0.000000 0 0 0 0 0 0 0 0
Child: 322.459845 21.788325 219.000000 3038.457246 270.399206 -6.738514 0.000000 0.000000 0.000000 0.000000 1 0 0 0 0 0 0 0
Child: -6.738514 8.585454 87.000000 20.000000 13.050000 0.000000 -10.000000 0.000000 0.000000 0.000000 0 0 0 1 0 0 0 0
EGO_STATUS -1.750000 190.414546 0.400000 1.570796 13.074354 1.000000 -5.880000
DYNAMIC_OBS_INFO 0 1.750000 226.512444 -1.570000 34.995359 1.750000 226.512444 0.000000 0.000000
DYNAMIC_OBS_INFO 1 35.439887 209.500000 3.140000 41.233397 35.439887 209.500000 15.697093 2.534528
DYNAMIC_OBS_INFO 2 -67.279545 212.500000 0.000000 67.327538 -65.781613 212.500000 15.016972 0.752931
Parent: 292.548716 21.788325 219.000000 3038.457037 270.399206 -6.955229 0.000000 3.305607 33.000000 0.000000 1 0 0 0 0 0 0 0
Child: -6.955229 7.307451 75.000000 20.000000 11.250000 0.000000 -10.000000 0.000000 0.000000 0.000000 0 0 0 1 0 0 0 0
EGO_STATUS -1.750000 191.692549 0.500000 1.570796 12.486354 1.000000 -5.880000
DYNAMIC_OBS_INFO 0 1.750000 226.512444 -1.570000 33.782489 1.750000 226.512444 0.000000 0.000000
DYNAMIC_OBS_INFO 1 35.439887 209.500000 3.140000 40.721710 35.439887 209.500000 15.697093 2.534528
DYNAMIC_OBS_INFO 2 -67.279545 212.500000 0.000000 65.522660 -64.276151 212.500000 15.092265 0.752931
Parent: 293.281123 21.788325 219.000000 3038.456829 270.399206 -7.122812 0.000000 3.205617 32.000000 0.000000 1 0 0 0 0 0 0 0
Child: -7.122812 6.088248 62.000000 20.000000 9.300000 0.000000 -10.000000 0.000000 0.000000 0.000000 0 0 0 1 0 0 0 0
EGO_STATUS -1.750000 192.911752 0.600000 1.570796 11.898354 1.000000 -5.880000
DYNAMIC_OBS_INFO 0 1.750000 226.512444 -1.570000 32.628574 1.750000 226.512444 0.000000 0.000000
DYNAMIC_OBS_INFO 1 35.439887 209.500000 3.140000 40.262970 35.439887 209.500000 15.697093 2.534528
DYNAMIC_OBS_INFO 2 -67.279545 212.500000 0.000000 63.735327 -62.763159 212.500000 15.167558 0.752931
Parent: 294.975595 21.788325 219.000000 3038.456474 270.399206 -7.328323 0.000000 3.105636 30.000000 0.000000 1 0 0 0 0 0 0 0
Child: -7.328323 4.927868 51.000000 20.000000 7.650000 0.000000 -10.000000 0.000000 0.000000 0.000000 0 0 0 1 0 0 0 0
EGO_STATUS -1.750000 194.072132 0.700000 1.570796 11.310354 1.000000 -5.880000
DYNAMIC_OBS_INFO 0 1.750000 226.512444 -1.570000 31.533520 1.750000 226.512444 0.000000 0.000000
DYNAMIC_OBS_INFO 1 35.439887 209.500000 3.140000 39.853842 35.439887 209.500000 15.697093 2.534528
DYNAMIC_OBS_INFO 2 -67.279545 212.500000 0.000000 61.964285 -61.242639 212.500000 15.242851 0.752931
Parent: 278.053909 10.000000 101.000000 0.000000 15.147906 322.232592 -10.000000 3.321525 39.000000 0.000000 0 0 0 0 0 0 0 0
Child: 322.232592 21.788325 219.000000 3063.186324 270.399206 0.573935 -10.000000 0.000000 0.000000 0.000000 1 0 0 0 0 0 0 0
Child: 0.573935 3.826237 40.000000 0.000000 6.000000 0.000000 0.000000 0.000000 0.000000 0.000000 0 0 0 0 0 0 0 0
EGO_STATUS -1.750000 195.173763 0.800000 1.570796 10.722354 1.000000 -5.880000
DYNAMIC_OBS_INFO 0 1.750000 226.512444 -1.570000 30.468143 1.750000 226.512444 0.000000 0.000000
DYNAMIC_OBS_INFO 1 35.439887 209.500000 3.140000 39.481087 35.439887 209.500000 15.697093 2.534528
DYNAMIC_OBS_INFO 2 -67.279545 212.500000 0.000000 60.200383 -59.714589 212.500000 15.318144 0.752931
Parent: 17781.415400 10.000000 101.000000 270.000000 2570.450516 17545.487509 -10.000000 2.695167 38.000000 0.000000 0 1 1 0 0 0 0 0
Child: 17545.487509 26.822495 270.000000 173401.748446 3291.628536 2.312411 -10.000000 0.000000 0.000000 0.000000 1 1 1 0 0 0 0 17
Child: 2.312411 2.754001 29.000000 20.000000 4.350000 0.000000 0.000000 0.000000 0.000000 0.000000 0 0 1 0 0 0 0 0
EGO_STATUS -1.750000 196.245999 0.900000 1.570796 10.722354 4.000000 0.000000
DYNAMIC_OBS_INFO 0 1.750000 226.512444 -1.570000 29.388654 1.750000 226.512444 0.000000 0.000000
DYNAMIC_OBS_INFO 1 35.439887 209.500000 3.140000 39.129590 35.439887 209.500000 15.697093 2.534528
DYNAMIC_OBS_INFO 2 -67.279545 212.500000 0.000000 58.431778 -58.179010 212.500000 15.393438 0.752931
Parent: 2870.719035 10.000000 101.000000 270.000000 2570.450516 2633.891145 -10.000000 2.595166 37.000000 0.000000 0 1 1 0 0 0 0 0
Child: 2633.891145 26.822495 270.000000 23401.748402 3291.628536 -7.897662 -10.000000 0.000000 0.000000 0.000000 1 1 1 0 0 0 0 2
Child: -7.897662 1.667052 18.000000 20.000000 2.700000 0.000000 -10.000000 0.000000 0.000000 0.000000 0 0 1 0 0 0 0 0
EGO_STATUS -1.750000 197.332948 1.000000 1.570796 11.016354 0.000000 2.940000
DYNAMIC_OBS_INFO 0 1.750000 226.512444 -1.570000 28.280561 1.750000 226.512444 0.000000 0.000000
DYNAMIC_OBS_INFO 1 35.439887 209.500000 3.140000 37.283619 33.857507 209.502520 15.950545 2.534528
DYNAMIC_OBS_INFO 2 -67.279545 212.500000 0.000000 56.655842 -56.635902 212.500000 15.468731 0.752931
Parent: 13787.071818 10.000000 101.000000 20.000000 2570.450516 13573.653895 -10.000000 2.937673 36.000000 0.000000 0 0 1 0 0 0 0 0
Child: 13573.653895 27.454790 276.000000 133113.281611 3341.175920 0.000000 0.000000 0.000000 0.000000 0.000000 1 0 1 0 0 0 0 13
EGO_STATUS -1.750000 198.449299 1.100000 1.570796 11.310354 0.000000 2.940000
DYNAMIC_OBS_INFO 0 1.750000 226.512444 -1.570000 27.153712 1.750000 226.512444 0.000000 0.000000
DYNAMIC_OBS_INFO 1 35.439887 209.500000 3.140000 35.417336 32.249782 209.505081 16.203998 2.534528
DYNAMIC_OBS_INFO 2 -67.279545 212.500000 0.000000 54.876610 -55.085264 212.500000 15.544024 0.752931
Parent: 9832.918863 36.649169 368.000000 93412.788993 5647.983192 0.000000 0.000000 2.443282 35.000000 0.000000 1 1 1 0 0 0 0 9
EGO_STATUS -1.749990 199.585243 1.200000 1.570755 11.408354 2.000000 0.980000
DYNAMIC_OBS_INFO 0 1.750000 226.512444 -1.570000 26.008178 1.750000 226.512444 0.000000 0.000000
DYNAMIC_OBS_INFO 1 35.439887 209.500000 3.140000 33.532712 30.616711 209.507682 16.457451 2.534528
DYNAMIC_OBS_INFO 2 -67.279545 212.500000 0.000000 53.095926 -53.527097 212.500000 15.619317 0.752931
Parent: 859.707251 10.000000 101.000000 0.000000 2570.450516 646.815648 -10.000000 2.391552 34.000000 0.000000 0 0 0 0 0 0 0 0
Child: 646.815648 25.177525 253.000000 3148.935074 3350.685439 0.000000 0.000000 0.000000 0.000000 0.000000 1 0 1 0 0 0 0 0
EGO_STATUS -1.749702 200.740805 1.300000 1.570165 11.702354 0.000000 2.940000
DYNAMIC_OBS_INFO 0 1.750000 226.512444 -1.570000 24.835499 1.750000 226.512444 0.000000 0.000000
DYNAMIC_OBS_INFO 1 35.439887 209.500000 3.140000 31.629211 28.958296 209.510323 16.710904 2.534528
DYNAMIC_OBS_INFO 2 -67.279545 212.500000 0.000000 51.315211 -51.961401 212.500000 15.694610 0.752931
Parent: 18786.789157 34.244654 344.000000 183411.444899 5617.650608 0.000000 0.000000 2.242889 33.000000 0.000000 1 1 1 0 0 0 0 18
EGO_STATUS -1.747763 201.924486 1.400000 1.567706 11.971056 5.000000 2.687018
DYNAMIC_OBS_INFO 0 1.750000 226.512444 -1.570000 23.635347 1.750000 226.512444 0.000000 0.000000
DYNAMIC_OBS_INFO 1 35.439887 209.500000 3.140000 29.707623 27.274535 209.513005 16.964357 2.534528
DYNAMIC_OBS_INFO 2 -67.279545 212.500000 0.000000 49.540510 -50.388175 212.500000 15.769903 0.752931
Parent: 2849.312256 33.032866 332.000000 23411.443460 5616.381218 0.000000 -10.000000 2.142890 31.000000 0.000000 1 1 1 0 0 0 0 2
EGO_STATUS -1.740638 203.136279 1.500000 1.561290 12.265056 0.000000 2.940000
DYNAMIC_OBS_INFO 0 1.750000 226.512444 -1.570000 22.405663 1.750000 226.512444 0.000000 0.000000
DYNAMIC_OBS_INFO 1 35.439887 209.500000 3.140000 27.766523 25.565428 209.515727 17.217810 2.534528
DYNAMIC_OBS_INFO 2 -67.279545 212.500000 0.000000 47.781383 -48.807420 212.500000 15.845196 0.752931
Parent: 10804.556749 31.791493 319.000000 103092.256182 5597.702586 0.000000 0.000000 2.531360 30.000000 0.000000 1 0 0 0 0 0 0 10
EGO_STATUS -1.721508 204.377351 1.600000 1.548194 12.559056 0.000000 2.940000
DYNAMIC_OBS_INFO 0 1.750000 226.512444 -1.570000 21.159761 1.750000 226.512444 0.000000 0.000000
DYNAMIC_OBS_INFO 1 35.439887 209.500000 3.140000 25.805299 23.830977 209.518489 17.471262 2.534528
DYNAMIC_OBS_INFO 2 -67.279545 212.500000 0.000000 46.053985 -47.219136 212.500000 15.920489 0.752931
Parent: 14010.989301 10.000000 101.000000 270.000000 2055.350685 13827.259059 -10.000000 2.497501 39.000000 0.000000 0 1 1 0 0 0 0 0
Child: 13827.259059 30.535394 307.000000 133407.176084 5610.794578 0.000000 0.000000 0.000000 0.000000 0.000000 1 1 1 0 0 0 0 13
EGO_STATUS -1.680058 205.632545 1.700000 1.525658 12.559056 4.000000 0.000000
DYNAMIC_OBS_INFO 0 1.750000 226.512444 -1.570000 19.896141 1.750000 226.512444 0.000000 0.000000
DYNAMIC_OBS_INFO 1 35.439887 209.500000 3.140000 23.817818 22.071180 209.521292 17.724715 2.534528
DYNAMIC_OBS_INFO 2 -67.279545 212.500000 0.000000 44.375964 -45.623322 212.500000 15.995782 0.752931
Parent: 966.897363 10.000000 101.000000 270.000000 1540.251017 833.262816 -10.000000 2.401773 38.000000 0.000000 0 1 1 0 0 0 0 0
Child: 833.262816 29.349827 295.000000 3424.129972 5051.644999 0.000000 -10.000000 0.000000 0.000000 0.000000 1 1 1 0 0 0 0 0
EGO_STATUS -1.602031 206.900705 1.800000 1.490903 12.853056 0.000000 2.940000
DYNAMIC_OBS_INFO 0 1.750000 226.512444 -1.570000 18.599266 1.750000 226.512444 0.000000 0.000000
DYNAMIC_OBS_INFO 1 35.439887 209.500000 3.140000 21.794207 20.286038 209.524135 17.978168 2.534528
DYNAMIC_OBS_INFO 2 -67.279545 212.500000 0.000000 42.769818 -44.019979 212.500000 16.071075 0.752931
Parent: 21743.189978 48.934982 491.000000 213407.395734 5301.273347 0.000000 -10.000000 2.827938 47.000000 0.000000 1 1 1 0 0 0 0 21
EGO_STATUS -1.467516 208.193594 1.900000 1.440742 13.147056 0.000000 2.940000
DYNAMIC_OBS_INFO 0 1.750000 226.512444 -1.570000 17.270195 1.750000 226.512444 0.000000 0.000000
DYNAMIC_OBS_INFO 1 35.439887 209.500000 3.140000 19.727622 18.475551 209.527018 18.231621 2.534528
DYNAMIC_OBS_INFO 2 -67.279545 212.500000 0.000000 41.265865 -42.409107 212.500000 16.146368 0.752931
Parent: 6786.526231 47.605374 478.000000 63407.392772 5270.223588 0.000000 -10.000000 2.727928 46.000000 0.000000 1 1 1 0 0 0 0 6
EGO_STATUS -1.252059 209.505173 2.000000 1.372304 13.441056 0.000000 2.940000
DYNAMIC_OBS_INFO 0 1.750000 226.512444 -1.570000 15.915100 1.750000 226.512444 0.000000 0.000000
DYNAMIC_OBS_INFO 1 35.439887 209.500000 3.140000 17.614691 16.639719 209.529942 18.485074 2.534528
DYNAMIC_OBS_INFO 2 -67.279545 212.500000 0.000000 39.898554 -40.790706 212.500000 16.221662 0.752931
Parent: 25452.863370 10.000000 102.000000 0.000000 15.297885 25503.014394 -10.000000 3.349184 45.000000 0.000000 0 0 0 0 0 0 0 0
Child: 25503.014394 10.000000 101.000000 0.000000 15.147906 25511.514601 -10.000000 0.000000 0.000000 0.000000 0 0 0 0 0 0 0 0
Child: 25511.514601 26.001223 262.000000 253132.387131 3933.095103 0.000000 0.000000 0.000000 0.000000 0.000000 1 0 0 0 0 0 0 25
EGO_STATUS -0.927361 210.824164 2.100000 1.283503 13.735056 0.000000 2.940000
DYNAMIC_OBS_INFO 0 1.750000 226.512444 -1.570000 14.564210 1.750000 226.512444 0.000000 0.000000
DYNAMIC_OBS_INFO 1 35.439887 209.500000 3.140000 15.465525 14.778541 209.532906 18.738527 2.534528
DYNAMIC_OBS_INFO 2 -67.279545 212.500000 0.000000 38.697311 -39.164775 212.500000 16.296955 0.752931
Parent: 15195.626779 10.000000 102.000000 270.000000 2075.700691 15018.138982 -10.000000 2.517141 45.000000 0.000000 0 1 1 0 0 0 0 0
Child: 15018.138982 33.886994 340.000000 143402.622584 7279.588398 0.000000 0.000000 0.000000 0.000000 0.000000 1 1 1 0 0 0 0 14
EGO_STATUS -0.469346 212.118324 2.200000 1.174809 13.735056 4.000000 0.000000
DYNAMIC_OBS_INFO 0 1.750000 226.512444 -1.570000 13.247881 1.750000 226.512444 0.000000 0.000000
DYNAMIC_OBS_INFO 1 35.439887 209.500000 3.140000 13.308961 12.892018 209.535911 18.991980 2.534528
DYNAMIC_OBS_INFO 2 -67.279545 212.500000 0.000000 37.686107 -37.531315 212.500000 16.372248 0.752931
Parent: 9554.957858 10.000000 102.000000 0.000000 15.297885 9604.369171 -10.000000 3.088895 44.000000 0.000000 0 0 0 0 0 0 0 0
Child: 9604.369171 10.000000 101.000000 0.000000 15.147906 9612.869378 -10.000000 0.000000 0.000000 0.000000 0 0 0 0 0 0 0 0
Child: 9612.869378 23.334274 235.000000 93154.277553 3657.148643 0.000000 0.000000 0.000000 0.000000 0.000000 1 0 0 0 1 0 0 9
EGO_STATUS 0.144929 213.362155 2.300000 1.046404 14.029056 0.000000 2.940000
DYNAMIC_OBS_INFO 0 1.750000 226.512444 -1.570000 12.018573 1.750000 226.512444 0.000000 0.000000
DYNAMIC_OBS_INFO 1 35.439887 209.500000 3.140000 11.215474 10.980150 209.538956 19.245432 2.534528
DYNAMIC_OBS_INFO 2 -67.279545 212.500000 0.000000 36.878102 -35.890325 212.500000 16.447541 0.752931
Parent: 22415.135371 10.000000 102.000000 0.000000 15.297885 22463.646678 -10.000000 2.988900 43.000000 0.000000 0 0 0 0 0 0 0 0
Child: 22463.646678 10.000000 101.000000 0.000000 15.147906 22472.146885 -10.000000 0.000000 0.000000 0.000000 0 0 0 0 0 0 0 0
Child: 22472.146885 21.931447 221.000000 223154.273467 3395.049867 0.000000 -10.000000 0.000000 0.000000 0.000000 1 0 0 0 1 0 0 22
EGO_STATUS 0.932318 214.521719 2.400000 0.899546 14.029056 4.000000 0.000000
DYNAMIC_OBS_INFO 0 1.750000 226.512444 -1.570000 10.967141 1.750000 226.512444 0.000000 0.000000
DYNAMIC_OBS_INFO 1 35.439887 209.500000 3.140000 9.339998 9.042937 209.542041 19.498885 2.534528
DYNAMIC_OBS_INFO 2 -67.279545 212.500000 0.000000 36.258497 -34.241807 212.500000 16.522834 0.752931
Parent: 10471.141051 10.000000 102.000000 0.000000 15.297885 10519.752370 -10.000000 2.888889 43.000000 0.000000 0 0 0 0 0 0 0 0
Child: 10519.752370 10.000000 101.000000 0.000000 15.147906 10528.252577 -10.000000 0.000000 0.000000 0.000000 0 0 0 0 0 0 0 0
Child: 10528.252577 20.528381 207.000000 103154.274292 3109.259772 0.000000 -10.000000 0.000000 0.000000 0.000000 1 0 0 0 1 0 0 10
EGO_STATUS 1.888505 215.546178 2.500000 0.737884 14.029056 4.000000 0.000000
DYNAMIC_OBS_INFO 0 1.750000 226.512444 -1.570000 10.193836 1.750000 226.512444 0.000000 0.000000
DYNAMIC_OBS_INFO 1 35.439887 209.500000 3.140000 7.972481 7.080378 209.545167 19.752338 2.534528
DYNAMIC_OBS_INFO 2 -67.279545 212.500000 0.000000 35.800934 -32.585758 212.500000 16.598127 0.752931
Parent: 524.261361 10.000000 102.000000 0.000000 15.297885 571.972688 -10.000000 2.788881 42.000000 0.000000 0 0 0 0 0 0 0 0
Child: 571.972688 10.000000 101.000000 0.000000 15.147906 580.472895 -10.000000 0.000000 0.000000 0.000000 0 0 0 0 0 0 0 0
Child: 580.472895 19.125362 193.000000 3154.274046 2804.372448 0.000000 -10.000000 0.000000 0.000000 0.000000 1 0 0 0 1 0 0 0
EGO_STATUS 3.002570 216.395855 2.600000 0.563316 14.029056 4.000000 0.000000
DYNAMIC_OBS_INFO 0 1.750000 226.512444 -1.570000 9.804386 1.750000 226.512444 0.000000 0.000000
DYNAMIC_OBS_INFO 1 35.439887 209.500000 3.140000 7.531169 5.092474 209.548333 20.005791 2.534528
DYNAMIC_OBS_INFO 2 -67.279545 212.500000 0.000000 35.463531 -30.922181 212.500000 16.673420 0.752931
Parent: 492.713233 10.000000 102.000000 0.000000 15.297885 539.524563 -10.000000 2.688877 41.000000 0.000000 0 0 0 0 0 0 0 0
Child: 539.524563 10.000000 101.000000 0.000000 15.147906 548.024770 -10.000000 0.000000 0.000000 0.000000 0 0 0 0 0 0 0 0
Child: 548.024770 17.722408 179.000000 3154.273324 2481.892643 0.000000 -10.000000 0.000000 0.000000 0.000000 1 0 0 0 1 0 0 0
EGO_STATUS 4.250541 217.032293 2.700000 0.378514 14.029056 4.000000 0.000000
DYNAMIC_OBS_INFO 0 1.750000 226.512444 -1.570000 9.868443 1.750000 226.512444 0.000000 0.000000
DYNAMIC_OBS_INFO 1 35.439887 209.500000 3.140000 8.264833 3.079225 209.551539 20.259244 2.534528
DYNAMIC_OBS_INFO 2 -67.279545 212.500000 0.000000 35.192658 -29.251074 212.500000 16.748713 0.752931
Parent: 459.913816 10.000000 102.000000 0.000000 15.297885 505.825145 -10.000000 2.588878 40.000000 0.000000 0 0 0 0 0 0 0 0
Child: 505.825145 10.000000 101.000000 0.000000 15.147906 514.325352 -10.000000 0.000000 0.000000 0.000000 0 0 0 0 0 0 0 0
Child: 514.325352 16.319517 165.000000 3154.244622 2146.995906 0.000000 -10.000000 0.000000 0.000000 0.000000 1 0 0 0 1 0 0 0
EGO_STATUS 5.595403 217.424043 2.800000 0.187949 14.029056 4.000000 0.000000
DYNAMIC_OBS_INFO 0 1.750000 226.512444 -1.570000 10.378687 1.750000 226.512444 0.000000 0.000000
DYNAMIC_OBS_INFO 1 35.439887 209.500000 3.140000 9.968987 1.040631 209.554786 20.512697 2.534528
DYNAMIC_OBS_INFO 2 -67.279545 212.500000 0.000000 34.930131 -27.572438 212.500000 16.824006 0.752931
Parent: 408.357981 10.000000 101.000000 0.000000 15.147906 462.656500 -10.000000 3.201688 49.000000 0.000000 0 0 0 0 0 0 0 0
Child: 462.656500 10.000000 102.000000 0.000000 15.297885 471.156708 -10.000000 0.000000 0.000000 0.000000 0 0 0 0 0 0 0 0
Child: 471.156708 10.000000 101.000000 0.000000 15.147906 479.656915 -10.000000 0.000000 0.000000 0.000000 0 0 0 0 0 0 0 0
Child: 479.656915 14.916663 151.000000 3150.546651 1806.205080 0.000000 -10.000000 0.000000 0.000000 0.000000 1 0 0 0 1 0 0 0
EGO_STATUS 6.990163 217.553771 2.900000 -0.001566 14.029056 4.000000 0.000000
DYNAMIC_OBS_INFO 0 1.750000 226.512444 -1.570000 11.252501 1.750000 226.512444 0.000000 0.000000
DYNAMIC_OBS_INFO 1 35.439887 209.500000 3.140000 12.263692 -1.023309 209.558073 20.766149 2.534528
DYNAMIC_OBS_INFO 2 -67.279545 212.500000 0.000000 34.623427 -25.886273 212.500000 16.899299 0.752931
Parent: 374.066486 10.000000 101.000000 0.000000 15.147906 427.465001 -10.000000 3.101692 48.000000 0.000000 0 0 0 0 0 0 0 0
Child: 427.465001 10.000000 102.000000 0.000000 15.297885 435.965208 -10.000000 0.000000 0.000000 0.000000 0 0 0 0 0 0 0 0
Child: 435.965208 10.000000 101.000000 0.000000 15.147906 444.465415 -10.000000 0.000000 0.000000 0.000000 0 0 0 0 0 0 0 0
Child: 444.465415 13.513815 137.000000 3139.626760 1467.640951 0.000000 -10.000000 0.000000 0.000000 0.000000 1 0 0 0 1 0 0 0
EGO_STATUS 8.385177 217.424364 3.000000 -0.180828 14.029056 4.000000 0.000000
DYNAMIC_OBS_INFO 0 1.750000 226.512444 -1.570000 12.375139 1.750000 226.512444 0.000000 0.000000
DYNAMIC_OBS_INFO 1 35.439887 209.500000 3.140000 14.879729 -3.112594 209.561401 21.019602 2.534528
DYNAMIC_OBS_INFO 2 -67.279545 212.500000 0.000000 34.236558 -24.192579 212.500000 16.974592 0.752931
Parent: 340.677167 10.000000 101.000000 0.000000 15.147906 393.175679 -10.000000 3.001695 47.000000 0.000000 0 0 0 0 0 0 0 0
Child: 393.175679 10.000000 102.000000 0.000000 15.297885 401.675886 -10.000000 0.000000 0.000000 0.000000 0 0 0 0 0 0 0 0
Child: 401.675886 10.000000 101.000000 0.000000 15.147906 410.176093 -10.000000 0.000000 0.000000 0.000000 0 0 0 0 0 0 0 0
Child: 410.176093 12.110950 123.000000 3128.099143 1139.250772 0.000000 -10.000000 0.000000 0.000000 0.000000 1 0 0 0 1 0 0 0
EGO_STATUS 9.738767 217.061324 3.100000 -0.338675 14.029056 4.000000 0.000000
DYNAMIC_OBS_INFO 0 1.750000 226.512444 -1.570000 13.642787 1.750000 226.512444 0.000000 0.000000
DYNAMIC_OBS_INFO 1 35.439887 209.500000 3.140000 17.676659 -5.227224 209.564769 21.273055 2.534528
DYNAMIC_OBS_INFO 2 -67.279545 212.500000 0.000000 33.758211 -22.491355 212.500000 17.049885 0.752931
Parent: 311.305160 10.000000 101.000000 0.000000 15.147906 361.903670 -10.000000 2.901697 45.000000 0.000000 0 0 0 0 0 0 0 0
Child: 361.903670 10.000000 102.000000 0.000000 15.297885 370.403878 -10.000000 0.000000 0.000000 0.000000 0 0 0 0 0 0 0 0
Child: 370.403878 10.000000 101.000000 0.000000 15.147906 378.904085 -10.000000 0.000000 0.000000 0.000000 0 0 0 0 0 0 0 0
Child: 378.904085 10.708063 109.000000 3128.099291 830.650727 0.000000 -10.000000 0.000000 0.000000 0.000000 1 0 0 0 1 0 0 0
EGO_STATUS 11.027836 216.510075 3.200000 -0.462914 14.029056 4.000000 0.000000
DYNAMIC_OBS_INFO 0 1.750000 226.512444 -1.570000 14.982051 1.750000 226.512444 0.000000 0.000000
DYNAMIC_OBS_INFO 1 35.439887 209.500000 3.140000 20.596289 -7.367200 209.568177 21.526508 2.534528
DYNAMIC_OBS_INFO 2 -67.279545 212.500000 0.000000 33.204217 -20.782602 212.500000 17.125179 0.752931
Parent: 283.356867 10.000000 101.000000 0.000000 15.147906 333.055378 -10.000000 2.801697 44.000000 0.000000 0 0 0 0 0 0 0 0
Child: 333.055378 10.000000 102.000000 0.000000 15.297885 341.555585 -10.000000 0.000000 0.000000 0.000000 0 0 0 0 0 0 0 0
Child: 341.555585 10.000000 101.000000 0.000000 15.147906 350.055792 -10.000000 0.000000 0.000000 0.000000 0 0 0 0 0 0 0 0
Child: 350.055792 9.305162 95.000000 3128.098173 547.850631 0.000000 -10.000000 0.000000 0.000000 0.000000 1 0 0 0 1 0 0 0
EGO_STATUS 12.254251 215.829628 3.300000 -0.541730 14.029056 4.000000 0.000000
DYNAMIC_OBS_INFO 0 1.750000 226.512444 -1.570000 16.349530 1.750000 226.512444 0.000000 0.000000
DYNAMIC_OBS_INFO 1 35.439887 209.500000 3.140000 23.628981 -9.532520 209.571626 21.779961 2.534528
DYNAMIC_OBS_INFO 2 -67.279545 212.500000 0.000000 32.612971 -19.066319 212.500000 17.200472 0.752931
Parent: 258.129293 10.000000 101.000000 0.000000 15.147906 306.927804 -10.000000 2.701697 43.000000 0.000000 0 0 0 0 0 0 0 0
Child: 306.927804 10.000000 102.000000 0.000000 15.297885 315.428011 -10.000000 0.000000 0.000000 0.000000 0 0 0 0 0 0 0 0
Child: 315.428011 10.000000 101.000000 0.000000 15.147906 323.928218 -10.000000 0.000000 0.000000 0.000000 0 0 0 0 0 0 0 0
Child: 323.928218 7.902253 81.000000 3128.094095 294.750520 0.000000 -10.000000 0.000000 0.000000 0.000000 1 0 0 0 1 0 0 0
EGO_STATUS 13.443947 215.086215 3.400000 -0.565588 14.029056 4.000000 0.000000
DYNAMIC_OBS_INFO 0 1.750000 226.512444 -1.570000 17.720839 1.750000 226.512444 0.000000 0.000000
DYNAMIC_OBS_INFO 1 35.439887 209.500000 3.140000 26.790107 -11.723186 209.575115 22.033414 2.534528
DYNAMIC_OBS_INFO 2 -67.279545 212.500000 0.000000 32.033951 -17.342507 212.500000 17.275765 0.752931
Parent: 242.237893 10.000000 101.000000 0.000000 15.147906 290.136404 -10.000000 2.601696 42.000000 0.000000 0 0 0 0 0 0 0 0
Child: 290.136404 10.000000 102.000000 0.000000 15.297885 298.636612 -10.000000 0.000000 0.000000 0.000000 0 0 0 0 0 0 0 0
Child: 298.636612 10.000000 101.000000 0.000000 15.147906 307.136819 -10.000000 0.000000 0.000000 0.000000 0 0 0 0 0 0 0 0
Child: 307.136819 6.499342 66.000000 3128.084252 92.400407 0.000000 -10.000000 0.000000 0.000000 0.000000 1 0 0 0 1 0 0 0
EGO_STATUS 14.637987 214.349881 3.500000 -0.529621 14.029056 4.000000 0.000000
DYNAMIC_OBS_INFO 0 1.750000 226.512444 -1.570000 19.076427 1.750000 226.512444 0.000000 0.000000
DYNAMIC_OBS_INFO 1 35.439887 209.500000 3.140000 30.098793 -13.939198 209.578644 22.286867 2.534528
DYNAMIC_OBS_INFO 2 -67.279545 212.500000 0.000000 31.510814 -15.611166 212.500000 17.351058 0.752931
Parent: 236.517893 10.000000 101.000000 0.000000 15.147906 283.516404 -10.000000 2.501696 41.000000 0.000000 0 0 0 0 0 0 0 0
Child: 283.516404 10.000000 102.000000 0.000000 15.297885 292.016611 -10.000000 0.000000 0.000000 0.000000 0 0 0 0 0 0 0 0
Child: 292.016611 10.000000 101.000000 0.000000 15.147906 300.516819 -10.000000 0.000000 0.000000 0.000000 0 0 0 0 0 0 0 0
Child: 300.516819 5.096433 52.000000 3128.069258 40.200242 0.000000 -10.000000 0.000000 0.000000 0.000000 1 0 0 0 1 0 0 0
EGO_STATUS 15.877054 213.693068 3.600000 -0.436504 14.029056 4.000000 0.000000
DYNAMIC_OBS_INFO 0 1.750000 226.512444 -1.570000 20.391517 1.750000 226.512444 0.000000 0.000000
DYNAMIC_OBS_INFO 1 35.439887 209.500000 3.140000 33.558073 -16.180554 209.582214 22.540319 2.534528
DYNAMIC_OBS_INFO 2 -67.279545 212.500000 0.000000 31.063406 -13.872296 212.500000 17.426351 0.752931
Parent: 215.439049 10.000000 102.000000 0.000000 15.297885 269.824754 -10.000000 3.114503 49.000000 0.000000 0 0 0 0 0 0 0 0
Child: 269.824754 10.000000 101.000000 0.000000 15.147906 278.324961 -10.000000 0.000000 0.000000 0.000000 0 0 0 0 0 0 0 0
Child: 278.324961 10.000000 102.000000 0.000000 15.297885 286.825169 -10.000000 0.000000 0.000000 0.000000 0 0 0 0 0 0 0 0
Child: 286.825169 10.000000 101.000000 0.000000 15.147906 295.325376 -10.000000 0.000000 0.000000 0.000000 0 0 0 0 0 0 0 0
Child: 295.325376 3.693535 38.000000 3128.063197 13.200035 0.000000 -10.000000 0.000000 0.000000 0.000000 1 0 0 0 1 0 0 0
EGO_STATUS 17.183556 213.185054 3.700000 -0.299816 14.029056 4.000000 0.000000
DYNAMIC_OBS_INFO 0 1.750000 226.512444 -1.570000 21.638909 1.750000 226.512444 0.000000 0.000000
DYNAMIC_OBS_INFO 1 35.439887 209.500000 3.140000 37.143365 -18.447256 209.585824 22.793772 2.534528
DYNAMIC_OBS_INFO 2 -67.279545 212.500000 0.000000 30.678418 -12.125896 212.500000 17.501644 0.752931
Parent: 209.343352 10.000000 102.000000 0.000000 15.297885 262.829056 -10.000000 3.014504 48.000000 0.000000 0 0 0 0 0 0 0 0
Child: 262.829056 10.000000 101.000000 0.000000 15.147906 271.329263 -10.000000 0.000000 0.000000 0.000000 0 0 0 0 0 0 0 0
Child: 271.329263 10.000000 102.000000 0.000000 15.297885 279.829470 -10.000000 0.000000 0.000000 0.000000 0 0 0 0 0 0 0 0
Child: 279.829470 10.000000 101.000000 0.000000 15.147906 288.329678 -10.000000 0.000000 0.000000 0.000000 0 0 0 0 0 0 0 0
Child: 288.329678 2.290644 24.000000 3122.121079 3.599785 0.000000 -10.000000 0.000000 0.000000 0.000000 1 0 0 0 1 0 0 0
EGO_STATUS 18.550236 212.874466 3.800000 -0.147881 14.029056 4.000000 0.000000
DYNAMIC_OBS_INFO 0 1.750000 226.512444 -1.570000 22.810457 1.750000 226.512444 0.000000 0.000000
DYNAMIC_OBS_INFO 1 35.439887 209.500000 3.140000 40.810013 -20.739303 209.589474 23.047225 2.534528
DYNAMIC_OBS_INFO 2 -67.279545 212.500000 0.000000 30.320545 -10.371967 212.500000 17.576937 0.752931
Parent: 186.270770 10.000000 102.000000 0.000000 15.297885 237.856473 -10.000000 2.914505 46.000000 0.000000 0 0 0 0 0 0 0 0
Child: 237.856473 10.000000 101.000000 0.000000 15.147906 246.356680 -10.000000 0.000000 0.000000 0.000000 0 0 0 0 0 0 0 0
Child: 246.356680 10.000000 102.000000 0.000000 15.297885 254.856887 -10.000000 0.000000 0.000000 0.000000 0 0 0 0 0 0 0 0
Child: 254.856887 10.000000 101.000000 0.000000 15.147906 263.357095 -10.000000 0.000000 0.000000 0.000000 0 0 0 0 0 0 0 0
Child: 263.357095 0.887749 10.000000 3077.714683 1.499793 0.000000 -10.000000 0.000000 0.000000 0.000000 1 0 0 0 1 0 0 0
EGO_STATUS 19.947476 212.758578 3.900000 -0.028065 14.029056 4.000000 0.000000
DYNAMIC_OBS_INFO 0 1.750000 226.512444 -1.570000 23.949467 1.750000 226.512444 0.000000 0.000000
DYNAMIC_OBS_INFO 1 35.439887 209.500000 3.140000 44.519069 -23.056695 209.593165 23.300678 2.534528
DYNAMIC_OBS_INFO 2 -67.279545 212.500000 0.000000 29.961860 -8.610508 212.500000 17.652230 0.752931
Parent: -76.263587 10.000000 102.000000 0.000000 15.297885 -25.577885 -10.000000 2.814505 45.000000 0.000000 0 0 0 0 0 0 0 0
Child: -25.577885 10.000000 101.000000 0.000000 15.147906 -17.077677 -10.000000 0.000000 0.000000 0.000000 0 0 0 0 0 0 0 0
Child: -17.077677 10.000000 102.000000 0.000000 15.297885 -8.577470 -10.000000 0.000000 0.000000 0.000000 0 0 0 0 0 0 0 0
Child: -8.577470 9.484844 96.000000 0.000000 14.398009 0.000000 -10.000000 0.000000 0.000000 0.000000 0 0 0 0 0 0 0 0
EGO_STATUS 21.350308 212.750000 4.000000 0.000000 14.029056 4.000000 0.000000
DYNAMIC_OBS_INFO 0 1.750000 226.512444 -1.570000 25.110553 1.750000 226.512444 0.000000 0.000000
DYNAMIC_OBS_INFO 1 35.439887 209.500000 3.140000 48.255771 -25.399432 209.596896 23.554131 2.534528
DYNAMIC_OBS_INFO 2 -67.279545 212.500000 0.000000 29.595791 -6.841521 212.500000 17.727523 0.752931
Parent: -75.573994 10.000000 102.000000 0.000000 15.297885 -25.788292 -10.000000 2.714505 44.000000 0.000000 0 0 0 0 0 0 0 0
Child: -25.788292 10.000000 101.000000 0.000000 15.147906 -17.288084 -10.000000 0.000000 0.000000 0.000000 0 0 0 0 0 0 0 0
Child: -17.288084 10.000000 102.000000 0.000000 15.297885 -8.787877 -10.000000 0.000000 0.000000 0.000000 0 0 0 0 0 0 0 0
Child: -8.787877 8.081938 82.000000 0.000000 12.298300 0.000000 -10.000000 0.000000 0.000000 0.000000 0 0 0 0 0 0 0 0
EGO_STATUS 22.753214 212.750000 4.100000 0.000000 14.029056 4.000000 0.000000
DYNAMIC_OBS_INFO 0 1.750000 226.512444 -1.570000 26.295229 1.750000 226.512444 0.000000 0.000000
DYNAMIC_OBS_INFO 1 35.439887 209.500000 3.140000 52.019055 -27.767515 209.600668 23.807584 2.534528
DYNAMIC_OBS_INFO 2 -67.279545 212.500000 0.000000 29.222193 -5.065004 212.500000 17.802816 0.752931
Parent: -73.884401 10.000000 102.000000 0.000000 15.297885 -25.998698 -10.000000 2.614505 42.000000 0.000000 0 0 0 0 0 0 0 0
Child: -25.998698 10.000000 101.000000 0.000000 15.147906 -17.498491 -10.000000 0.000000 0.000000 0.000000 0 0 0 0 0 0 0 0
Child: -17.498491 10.000000 102.000000 0.000000 15.297885 -8.998284 -10.000000 0.000000 0.000000 0.000000 0 0 0 0 0 0 0 0
Child: -8.998284 6.679033 68.000000 0.000000 10.198590 0.000000 -10.000000 0.000000 0.000000 0.000000 0 0 0 0 0 0 0 0
EGO_STATUS 24.156119 212.750000 4.200000 -0.000000 14.029056 4.000000 0.000000
DYNAMIC_OBS_INFO 0 1.750000 226.512444 -1.570000 27.500446 1.750000 226.512444 0.000000 0.000000
DYNAMIC_OBS_INFO 1 35.439887 209.500000 3.140000 55.808683 -30.160943 209.604479 24.061036 2.534528
DYNAMIC_OBS_INFO 2 -67.279545 212.500000 0.000000 28.841066 -3.280958 212.500000 17.878109 0.752931
Parent: -73.194808 10.000000 102.000000 0.000000 15.297885 -26.209105 -10.000000 2.514505 41.000000 0.000000 0 0 0 0 0 0 0 0
Child: -26.209105 10.000000 101.000000 0.000000 15.147906 -17.708898 -10.000000 0.000000 0.000000 0.000000 0 0 0 0 0 0 0 0
Child: -17.708898 10.000000 102.000000 0.000000 15.297885 -9.208690 -10.000000 0.000000 0.000000 0.000000 0 0 0 0 0 0 0 0
Child: -9.208690 5.276127 54.000000 0.000000 8.098880 0.000000 -10.000000 0.000000 0.000000 0.000000 0 0 0 0 0 0 0 0
EGO_STATUS 25.559025 212.750000 4.300000 -0.000000 14.029056 4.000000 0.000000
DYNAMIC_OBS_INFO 0 1.750000 226.512444 -1.570000 28.723619 1.750000 226.512444 0.000000 0.000000
DYNAMIC_OBS_INFO 1 35.439887 209.500000 3.140000 59.624473 -32.579716 209.608332 24.314489 2.534528
DYNAMIC_OBS_INFO 2 -67.279545 212.500000 0.000000 28.452411 -1.489382 212.500000 17.953403 0.752931
Parent: -89.292615 10.000000 101.000000 0.000000 15.147906 -34.919719 -10.000000 3.127311 49.000000 0.000000 0 0 0 0 0 0 0 0
Child: -34.919719 10.000000 102.000000 0.000000 15.297885 -26.419512 -10.000000 0.000000 0.000000 0.000000 0 0 0 0 0 0 0 0
Child: -26.419512 10.000000 101.000000 0.000000 15.147906 -17.919304 -10.000000 0.000000 0.000000 0.000000 0 0 0 0 0 0 0 0
Child: -17.919304 10.000000 102.000000 0.000000 15.297885 -9.419097 -10.000000 0.000000 0.000000 0.000000 0 0 0 0 0 0 0 0
Child: -9.419097 3.873222 40.000000 0.000000 5.999171 0.000000 -10.000000 0.000000 0.000000 0.000000 0 0 0 0 0 0 0 0
EGO_STATUS 26.961931 212.750000 4.400000 -0.000000 14.029056 4.000000 0.000000
DYNAMIC_OBS_INFO 0 1.750000 226.512444 -1.570000 29.962549 1.750000 226.512444 0.000000 0.000000
DYNAMIC_OBS_INFO 1 35.439887 209.500000 3.140000 63.466284 -35.023835 209.612224 24.567942 2.534528
DYNAMIC_OBS_INFO 2 -67.279545 212.500000 0.000000 28.056227 0.309723 212.500000 18.028696 0.752931
Parent: -88.603022 10.000000 101.000000 0.000000 15.147906 -35.130126 -10.000000 3.027311 48.000000 0.000000 0 0 0 0 0 0 0 0
Child: -35.130126 10.000000 102.000000 0.000000 15.297885 -26.629919 -10.000000 0.000000 0.000000 0.000000 0 0 0 0 0 0 0 0
Child: -26.629919 10.000000 101.000000 0.000000 15.147906 -18.129711 -10.000000 0.000000 0.000000 0.000000 0 0 0 0 0 0 0 0
Child: -18.129711 10.000000 102.000000 0.000000 15.297885 -9.629504 -10.000000 0.000000 0.000000 0.000000 0 0 0 0 0 0 0 0
Child: -9.629504 2.470316 26.000000 0.000000 3.899461 0.000000 -10.000000 0.000000 0.000000 0.000000 0 0 0 0 0 0 0 0
EGO_STATUS 28.364836 212.750000 4.500000 -0.000000 14.029056 4.000000 0.000000
DYNAMIC_OBS_INFO 0 1.750000 226.512444 -1.570000 31.215360 1.750000 226.512444 0.000000 0.000000
DYNAMIC_OBS_INFO 1 35.439887 209.500000 3.140000 67.334007 -37.493298 209.616157 24.821395 2.534528
DYNAMIC_OBS_INFO 2 -67.279545 212.500000 0.000000 27.652515 2.116357 212.500000 18.103989 0.752931
Parent: -87.913429 10.000000 101.000000 0.000000 15.147906 -35.340533 -10.000000 2.927311 47.000000 0.000000 0 0 0 0 0 0 0 0
Child: -35.340533 10.000000 102.000000 0.000000 15.297885 -26.840325 -10.000000 0.000000 0.000000 0.000000 0 0 0 0 0 0 0 0
Child: -26.840325 10.000000 101.000000 0.000000 15.147906 -18.340118 -10.000000 0.000000 0.000000 0.000000 0 0 0 0 0 0 0 0
Child: -18.340118 10.000000 102.000000 0.000000 15.297885 -9.839911 -10.000000 0.000000 0.000000 0.000000 0 0 0 0 0 0 0 0
Child: -9.839911 1.067411 12.000000 0.000000 1.799751 0.000000 -10.000000 0.000000 0.000000 0.000000 0 0 0 0 0 0 0 0
EGO_STATUS 29.767742 212.750000 4.600000 -0.000000 14.029056 4.000000 0.000000
DYNAMIC_OBS_INFO 0 1.750000 226.512444 -1.570000 32.480446 1.750000 226.512444 0.000000 0.000000
DYNAMIC_OBS_INFO 1 35.439887 209.500000 3.140000 71.227554 -39.988107 209.620131 25.074848 2.534528
DYNAMIC_OBS_INFO 2 -67.279545 212.500000 0.000000 27.241274 3.930521 212.500000 18.179282 0.752931
Parent: -76.223836 10.000000 101.000000 0.000000 15.147906 -25.550939 -10.000000 2.827311 45.000000 0.000000 0 0 0 0 0 0 0 0
Child: -25.550939 10.000000 102.000000 0.000000 15.297885 -17.050732 -10.000000 0.000000 0.000000 0.000000 0 0 0 0 0 0 0 0
Child: -17.050732 10.000000 101.000000 0.000000 15.147906 -8.550525 -10.000000 0.000000 0.000000 0.000000 0 0 0 0 0 0 0 0
Child: -8.550525 9.664505 98.000000 0.000000 14.697968 0.000000 -10.000000 0.000000 0.000000 0.000000 0 0 0 0 0 0 0 0
EGO_STATUS 31.170647 212.750000 4.700000 0.000000 14.029056 4.000000 0.000000
DYNAMIC_OBS_INFO 0 1.750000 226.512444 -1.570000 33.756426 1.750000 226.512444 0.000000 0.000000
DYNAMIC_OBS_INFO 1 35.439887 209.500000 3.140000 75.146855 -42.508262 209.624145 25.328301 2.534528
DYNAMIC_OBS_INFO 2 -67.279545 212.500000 0.000000 26.822504 5.752214 212.500000 18.254575 0.752931
Parent: -75.534242 10.000000 101.000000 0.000000 15.147906 -25.761346 -10.000000 2.727311 44.000000 0.000000 0 0 0 0 0 0 0 0
Child: -25.761346 10.000000 102.000000 0.000000 15.297885 -17.261139 -10.000000 0.000000 0.000000 0.000000 0 0 0 0 0 0 0 0
Child: -17.261139 10.000000 101.000000 0.000000 15.147906 -8.760931 -10.000000 0.000000 0.000000 0.000000 0 0 0 0 0 0 0 0
Child: -8.760931 8.261599 84.000000 0.000000 12.598258 0.000000 -10.000000 0.000000 0.000000 0.000000 0 0 0 0 0 0 0 0
EGO_STATUS 32.573553 212.750000 4.800000 0.000000 14.029056 4.000000 0.000000
DYNAMIC_OBS_INFO 0 1.750000 226.512444 -1.570000 35.042110 1.750000 226.512444 0.000000 0.000000
DYNAMIC_OBS_INFO 1 35.439887 209.500000 3.140000 79.091853 -45.053761 209.628199 25.581753 2.534528
DYNAMIC_OBS_INFO 2 -67.279545 212.500000 0.000000 26.396207 7.581436 212.500000 18.329868 0.752931
Parent: -73.844649 10.000000 101.000000 0.000000 15.147906 -25.971753 -10.000000 2.627311 42.000000 0.000000 0 0 0 0 0 0 0 0
Child: -25.971753 10.000000 102.000000 0.000000 15.297885 -17.471546 -10.000000 0.000000 0.000000 0.000000 0 0 0 0 0 0 0 0
Child: -17.471546 10.000000 101.000000 0.000000 15.147906 -8.971338 -10.000000 0.000000 0.000000 0.000000 0 0 0 0 0 0 0 0
Child: -8.971338 6.858694 70.000000 0.000000 10.498548 0.000000 -10.000000 0.000000 0.000000 0.000000 0 0 0 0 0 0 0 0
EGO_STATUS 33.976458 212.750000 4.900000 -0.000000 14.029056 4.000000 0.000000
DYNAMIC_OBS_INFO 0 1.750000 226.512444 -1.570000 36.336469 1.750000 226.512444 0.000000 0.000000
DYNAMIC_OBS_INFO 1 35.439887 209.500000 3.140000 83.062501 -47.624606 209.632293 25.835206 2.534528
DYNAMIC_OBS_INFO 2 -67.279545 212.500000 0.000000 25.962380 9.418187 212.500000 18.405161 0.752931
Parent: -73.155056 10.000000 101.000000 0.000000 15.147906 -26.182160 -10.000000 2.527311 41.000000 0.000000 0 0 0 0 0 0 0 0
Child: -26.182160 10.000000 102.000000 0.000000 15.297885 -17.681952 -10.000000 0.000000 0.000000 0.000000 0 0 0 0 0 0 0 0
Child: -17.681952 10.000000 101.000000 0.000000 15.147906 -9.181745 -10.000000 0.000000 0.000000 0.000000 0 0 0 0 0 0 0 0
Child: -9.181745 5.455788 56.000000 0.000000 8.398839 0.000000 -10.000000 0.000000 0.000000 0.000000 0 0 0 0 0 0 0 0
EGO_STATUS 35.379364 212.750000 5.000000 -0.000000 14.029056 4.000000 0.000000
DYNAMIC_OBS_INFO 0 1.750000 226.512444 -1.570000 37.638607 1.750000 226.512444 0.000000 0.000000
DYNAMIC_OBS_INFO 1 35.439887 209.500000 3.140000 87.058760 -50.220796 209.636428 26.088659 2.534528
DYNAMIC_OBS_INFO 2 -67.279545 212.500000 0.000000 25.521026 11.262468 212.500000 18.480454 0.752931
TIMEOUT
