Parent: -13.322091 13.371747 135.000000 26.301147 339.421345 -4.365798 -10.000000 4.818903 40.000000 0.000000 0 0 0 1 0 0 0 0
Child: -4.365798 10.000000 101.000000 20.000000 15.147360 -7.845735 0.000000 0.000000 0.000000 0.000000 0 0 0 1 0 0 0 0
Child: -7.845735 10.000000 101.000000 0.000000 15.150000 -9.345735 0.000000 0.000000 0.000000 0.000000 0 0 0 0 0 0 0 0
Child: -9.345735 4.361769 45.000000 0.000000 6.750000 0.000000 -10.000000 0.000000 0.000000 0.000000 0 0 0 0 0 0 0 0
EGO_STATUS -1.750000 177.638231 0.000000 1.570796 15.980128 4.000000 0.000000
DYNAMIC_OBS_INFO 0 1.750000 226.994529 -1.570000 47.886364 1.750000 226.994529 0.000000 0.000000
DYNAMIC_OBS_INFO 1 59.532178 209.500000 3.140000 68.347643 59.532178 209.500000 15.697093 2.600617
DYNAMIC_OBS_INFO 2 -57.414621 212.500000 0.000000 64.846184 -57.414621 212.500000 4.731636 0.733382
Parent: 247.247659 22.254332 224.000000 3163.103528 148.594773 -26.585698 -10.000000 2.817129 48.000000 0.000000 1 0 0 0 0 0 0 0
Child: -26.585698 10.000000 101.000000 0.000000 15.147360 -18.085437 -10.000000 0.000000 0.000000 0.000000 0 0 0 0 0 0 0 0
Child: -18.085437 10.000000 101.000000 0.000000 15.150000 -9.585437 -10.000000 0.000000 0.000000 0.000000 0 0 0 0 0 0 0 0
Child: -9.585437 2.763756 29.000000 0.000000 4.350000 0.000000 -10.000000 0.000000 0.000000 0.000000 0 0 0 0 0 0 0 0
EGO_STATUS -1.750000 179.236244 0.100000 1.570796 15.980128 4.000000 0.000000
DYNAMIC_OBS_INFO 0 1.750000 226.994529 -1.570000 46.292773 1.750000 226.994529 0.000000 0.000000
DYNAMIC_OBS_INFO 1 59.532178 209.500000 3.140000 67.655231 59.532178 209.500000 15.697093 2.600617
DYNAMIC_OBS_INFO 2 -57.414621 212.500000 0.000000 64.041154 -57.414621 212.500000 4.731636 0.733382
Parent: 247.907957 22.254332 224.000000 3163.103528 148.594773 -26.825400 -10.000000 2.717129 47.000000 0.000000 1 0 0 0 0 0 0 0
Child: -26.825400 10.000000 101.000000 0.000000 15.147360 -18.325138 -10.000000 0.000000 0.000000 0.000000 0 0 0 0 0 0 0 0
Child: -18.325138 10.000000 101.000000 0.000000 15.150000 -9.825138 -10.000000 0.000000 0.000000 0.000000 0 0 0 0 0 0 0 0
Child: -9.825138 1.165744 13.000000 0.000000 1.950000 0.000000 -10.000000 0.000000 0.000000 0.000000 0 0 0 0 0 0 0 0
EGO_STATUS -1.750000 180.834256 0.200000 1.570796 15.980128 4.000000 0.000000
DYNAMIC_OBS_INFO 0 1.750000 226.994529 -1.570000 44.699497 1.750000 226.994529 0.000000 0.000000
DYNAMIC_OBS_INFO 1 59.532178 209.500000 3.140000 66.993786 59.532178 209.500000 15.697093 2.600617
DYNAMIC_OBS_INFO 2 -57.414621 212.500000 0.000000 63.266251 -57.414621 212.500000 4.731636 0.733382
Parent: 259.568255 22.254332 224.000000 3163.103528 148.594773 -17.065102 -10.000000 2.617129 45.000000 0.000000 1 0 0 0 0 0 0 0
Child: -17.065102 10.000000 101.000000 0.000000 15.147360 -8.564840 -10.000000 0.000000 0.000000 0.000000 0 0 0 0 0 0 0 0
Child: -8.564840 9.567731 97.000000 0.000000 14.550000 0.000000 -10.000000 0.000000 0.000000 0.000000 0 0 0 0 0 0 0 0
EGO_STATUS -1.750000 182.432269 0.300000 1.570796 15.980128 4.000000 0.000000
DYNAMIC_OBS_INFO 0 1.750000 226.994529 -1.570000 43.106572 1.750000 226.994529 0.000000 0.000000
DYNAMIC_OBS_INFO 1 59.532178 209.500000 3.140000 66.364237 59.532178 209.500000 15.697093 2.600617
DYNAMIC_OBS_INFO 2 -57.414621 212.500000 0.000000 62.522595 -57.414621 212.500000 4.731636 0.733382
Parent: 45.930264 39.718631 399.000000 28.810713 814.646989 0.000000 0.000000 4.967894 43.000000 0.000000 0 0 0 1 0 0 0 0
EGO_STATUS -1.750000 184.030282 0.400000 1.570796 15.980128 4.000000 0.000000
DYNAMIC_OBS_INFO 0 1.750000 226.994529 -1.570000 41.543360 1.750000 226.994529 0.000000 0.000000
DYNAMIC_OBS_INFO 1 59.532178 209.500000 3.140000 65.778180 59.532178 209.500000 15.697093 2.600617
DYNAMIC_OBS_INFO 2 -57.414621 212.500000 0.000000 61.824116 -57.414621 212.500000 4.731636 0.733382
Parent: 36.451565 38.150020 383.000000 28.810344 809.449246 0.000000 -10.000000 4.953864 42.000000 0.000000 0 0 0 1 0 0 0 0
EGO_STATUS -1.749996 185.598868 0.500000 1.570785 15.392128 1.000000 -5.880000
DYNAMIC_OBS_INFO 0 1.750000 226.994529 -1.570000 40.039120 1.750000 226.994529 0.000000 0.000000
DYNAMIC_OBS_INFO 1 59.532178 209.500000 3.140000 65.244647 59.532178 209.500000 15.697093 2.600617
DYNAMIC_OBS_INFO 2 -57.414621 212.500000 0.000000 61.182364 -57.414621 212.500000 4.731636 0.733382
Parent: 38.423791 36.640206 368.000000 28.810447 809.601467 0.000000 -10.000000 4.946657 40.000000 0.000000 0 0 0 1 0 0 0 0
EGO_STATUS -1.749893 187.108669 0.600000 1.570623 14.804128 1.000000 -5.880000
DYNAMIC_OBS_INFO 0 1.750000 226.994529 -1.570000 38.593849 1.750000 226.994529 0.000000 0.000000
DYNAMIC_OBS_INFO 1 59.532178 209.500000 3.140000 64.760434 59.532178 209.500000 15.697093 2.600617
DYNAMIC_OBS_INFO 2 -57.414621 212.500000 0.000000 60.157410 -56.937791 212.500000 4.804974 0.733382
Parent: 655.939068 10.000000 101.000000 0.000000 2055.350685 508.434270 -10.000000 3.004730 49.000000 0.000000 0 0 0 0 0 0 0 0
Child: 508.434270 33.961767 341.000000 3112.850131 2064.823664 2.765789 -10.000000 0.000000 0.000000 0.000000 1 0 0 0 0 0 0 0
Child: 2.765789 3.440357 36.000000 23.541298 5.400000 0.000000 0.000000 0.000000 0.000000 0.000000 0 0 1 0 0 0 0 0
EGO_STATUS -1.749265 188.559645 0.700000 1.569989 14.216128 1.000000 -5.880000
DYNAMIC_OBS_INFO 0 1.750000 226.994529 -1.570000 37.163532 1.750000 226.994529 0.000000 0.000000
DYNAMIC_OBS_INFO 1 59.532178 209.500000 3.140000 64.309008 59.532178 209.500000 15.697093 2.600617
DYNAMIC_OBS_INFO 2 -57.414621 212.500000 0.000000 59.153643 -56.453626 212.500000 4.878313 0.733382
Parent: 646.516452 10.000000 101.000000 0.000000 2055.350685 498.111655 -10.000000 2.904729 48.000000 0.000000 0 0 0 0 0 0 0 0
Child: 498.111655 33.961767 341.000000 3112.850118 2064.823664 -7.556825 -10.000000 0.000000 0.000000 0.000000 1 0 0 0 0 0 0 0
Child: -7.556825 2.004028 22.000000 23.520901 3.300000 0.000000 -10.000000 0.000000 0.000000 0.000000 0 0 1 0 0 0 0 0
EGO_STATUS -1.747847 189.995973 0.800000 1.570492 14.510128 5.000000 2.940000
DYNAMIC_OBS_INFO 0 1.750000 226.994529 -1.570000 35.704759 1.750000 226.994529 0.000000 0.000000
DYNAMIC_OBS_INFO 1 59.532178 209.500000 3.140000 62.365543 57.949468 209.502521 15.957154 2.600617
DYNAMIC_OBS_INFO 2 -57.414621 212.500000 0.000000 58.151511 -55.962128 212.500000 4.951651 0.733382
Parent: 647.851987 10.000000 101.000000 0.000000 2055.350685 497.547191 -10.000000 2.804728 46.000000 0.000000 0 0 0 0 0 0 0 0
Child: 497.547191 33.961767 341.000000 3112.850107 2064.823664 -8.121288 -10.000000 0.000000 0.000000 0.000000 1 0 0 0 0 0 0 0
Child: -8.121288 0.538300 7.000000 23.380564 1.050000 0.000000 -10.000000 0.000000 0.000000 0.000000 0 0 1 0 0 0 0 0
EGO_STATUS -1.749692 191.461700 0.900000 1.572133 14.804128 5.000000 2.940000
DYNAMIC_OBS_INFO 0 1.750000 226.994529 -1.570000 34.221674 1.750000 226.994529 0.000000 0.000000
DYNAMIC_OBS_INFO 1 59.532178 209.500000 3.140000 60.403311 56.340751 209.505083 16.217216 2.600617
DYNAMIC_OBS_INFO 2 -57.414621 212.500000 0.000000 57.159433 -55.463296 212.500000 5.024989 0.733382
Parent: 658.445650 10.000000 101.000000 0.000000 2055.350685 507.240858 -10.000000 2.704724 45.000000 0.000000 0 0 0 0 0 0 0 0
Child: 507.240858 33.009370 332.000000 3112.848099 2089.431212 0.000000 -10.000000 0.000000 0.000000 0.000000 1 0 0 0 0 0 0 0
EGO_STATUS -1.750267 192.952333 1.000000 1.571583 14.957516 5.000000 0.734982
DYNAMIC_OBS_INFO 0 1.750000 226.994529 -1.570000 32.730804 1.750000 226.994529 0.000000 0.000000
DYNAMIC_OBS_INFO 1 59.532178 209.500000 3.140000 58.432371 54.706029 209.507686 16.477278 2.600617
DYNAMIC_OBS_INFO 2 -57.414621 212.500000 0.000000 56.181686 -54.957130 212.500000 5.098327 0.733382
Parent: 658.972532 10.000000 101.000000 0.000000 2055.350685 505.867740 -10.000000 2.604724 43.000000 0.000000 0 0 0 0 0 0 0 0
Child: 505.867740 31.509942 317.000000 3112.848136 2076.944783 0.000000 -10.000000 0.000000 0.000000 0.000000 1 0 0 0 0 0 0 0
EGO_STATUS -1.753345 194.451756 1.100000 1.574125 15.031015 5.000000 0.734984
DYNAMIC_OBS_INFO 0 1.750000 226.994529 -1.570000 31.233787 1.750000 226.994529 0.000000 0.000000
DYNAMIC_OBS_INFO 1 59.532178 209.500000 3.140000 56.455324 53.045300 209.510331 16.737339 2.600617
DYNAMIC_OBS_INFO 2 -57.414621 212.500000 0.000000 55.220029 -54.443631 212.500000 5.171665 0.733382
Parent: 659.359309 10.000000 101.000000 0.000000 2055.350685 505.354518 -10.000000 2.504723 42.000000 0.000000 0 0 0 0 0 0 0 0
Child: 505.354518 30.003144 302.000000 3112.848112 2074.510372 0.000000 -10.000000 0.000000 0.000000 0.000000 1 0 0 0 0 0 0 0
EGO_STATUS -1.759372 195.958521 1.200000 1.574867 15.104513 5.000000 0.734984
DYNAMIC_OBS_INFO 0 1.750000 226.994529 -1.570000 29.730164 1.750000 226.994529 0.000000 0.000000
DYNAMIC_OBS_INFO 1 59.532178 209.500000 3.140000 54.468961 51.358565 209.513018 16.997401 2.600617
DYNAMIC_OBS_INFO 2 -57.414621 212.500000 0.000000 54.281391 -53.922797 212.500000 5.245003 0.733382
Parent: 660.503070 10.000000 101.000000 0.000000 2055.350685 504.598332 -10.000000 2.404670 40.000000 0.000000 0 0 0 0 0 0 0 0
Child: 504.598332 28.488190 286.000000 3112.856147 2053.324038 0.000000 -10.000000 0.000000 0.000000 0.000000 1 0 0 0 0 0 0 0
EGO_STATUS -1.762966 197.472644 1.300000 1.570343 15.178012 5.000000 0.734984
DYNAMIC_OBS_INFO 0 1.750000 226.994529 -1.570000 28.218808 1.750000 226.994529 0.000000 0.000000
DYNAMIC_OBS_INFO 1 59.532178 209.500000 3.140000 52.465427 49.645824 209.515746 17.257462 2.600617
DYNAMIC_OBS_INFO 2 -57.414621 212.500000 0.000000 53.377812 -53.394630 212.500000 5.318342 0.733382
Parent: 845.057107 10.000000 101.000000 0.000000 2055.350685 697.646306 -10.000000 2.910734 49.000000 0.000000 0 0 0 0 0 0 0 0
Child: 697.646306 10.000000 101.000000 0.000000 2055.350685 504.146238 -10.000000 0.000000 0.000000 0.000000 0 0 0 0 0 0 0 0
Child: 504.146238 26.966762 271.000000 3112.854704 2054.010654 0.000000 -10.000000 0.000000 0.000000 0.000000 1 0 0 0 0 0 0 0
EGO_STATUS -1.753745 198.994084 1.400000 1.557554 15.251512 5.000000 0.735006
DYNAMIC_OBS_INFO 0 1.750000 226.994529 -1.570000 26.698158 1.750000 226.994529 0.000000 0.000000
DYNAMIC_OBS_INFO 1 59.532178 209.500000 3.140000 50.432880 47.907077 209.518515 17.517524 2.600617
DYNAMIC_OBS_INFO 2 -57.414621 212.500000 0.000000 52.526018 -52.859129 212.500000 5.391680 0.733382
Parent: 641.635412 46.008728 462.000000 3099.068636 3785.767309 0.000000 0.000000 3.002198 47.000000 0.000000 1 0 0 0 0 0 0 0
EGO_STATUS -1.716969 200.522435 1.500000 1.533994 15.325013 5.000000 0.735004
DYNAMIC_OBS_INFO 0 1.750000 226.994529 -1.570000 25.170485 1.750000 226.994529 0.000000 0.000000
DYNAMIC_OBS_INFO 1 59.532178 209.500000 3.140000 48.357108 46.142324 209.521325 17.777586 2.600617
DYNAMIC_OBS_INFO 2 -57.414621 212.500000 0.000000 51.747346 -52.316294 212.500000 5.465018 0.733382
Parent: 843.923106 44.365352 445.000000 3094.315970 5893.159790 0.000000 -10.000000 2.894963 45.000000 0.000000 1 0 0 0 0 0 0 0
EGO_STATUS -1.634538 202.052633 1.600000 1.497790 15.325013 4.000000 0.000000
DYNAMIC_OBS_INFO 0 1.750000 226.994529 -1.570000 23.639326 1.750000 226.994529 0.000000 0.000000
DYNAMIC_OBS_INFO 1 59.532178 209.500000 3.140000 46.222050 44.351565 209.524177 18.037647 2.600617
DYNAMIC_OBS_INFO 2 -57.414621 212.500000 0.000000 51.065224 -51.766125 212.500000 5.538356 0.733382
Parent: 844.560948 42.832757 430.000000 3094.315783 5898.319910 0.000000 -10.000000 2.794957 44.000000 0.000000 1 0 0 0 0 0 0 0
EGO_STATUS -1.486394 203.577794 1.700000 1.447859 15.325013 4.000000 0.000000
DYNAMIC_OBS_INFO 0 1.750000 226.994529 -1.570000 22.107312 1.750000 226.994529 0.000000 0.000000
DYNAMIC_OBS_INFO 1 59.532178 209.500000 3.140000 44.010503 42.534799 209.527071 18.297709 2.600617
DYNAMIC_OBS_INFO 2 -57.414621 212.500000 0.000000 50.503241 -51.208623 212.500000 5.611694 0.733382
Parent: 642.762538 41.476694 416.000000 3098.158782 3853.005811 0.000000 -10.000000 2.706470 43.000000 0.000000 1 0 0 0 0 0 0 0
EGO_STATUS -1.251661 205.091943 1.800000 1.383869 15.325013 4.000000 0.000000
DYNAMIC_OBS_INFO 0 1.750000 226.994529 -1.570000 20.581641 1.750000 226.994529 0.000000 0.000000
DYNAMIC_OBS_INFO 1 59.532178 209.500000 3.140000 41.706406 40.692027 209.530006 18.557771 2.600617
DYNAMIC_OBS_INFO 2 -57.414621 212.500000 0.000000 50.083925 -50.643786 212.500000 5.685033 0.733382
Parent: 652.423927 39.944096 401.000000 3079.198441 3832.978426 0.000000 0.000000 4.893607 41.000000 0.000000 1 0 0 0 0 0 0 0
EGO_STATUS -0.910309 206.585543 1.900000 1.306231 15.325013 4.000000 0.000000
DYNAMIC_OBS_INFO 0 1.750000 226.994529 -1.570000 19.090364 1.750000 226.994529 0.000000 0.000000
DYNAMIC_OBS_INFO 1 59.532178 209.500000 3.140000 39.301819 38.823250 209.532982 18.817832 2.600617
DYNAMIC_OBS_INFO 2 -57.414621 212.500000 0.000000 49.822549 -50.071616 212.500000 5.758371 0.733382
Parent: 642.025448 38.426178 386.000000 3079.197787 3824.207868 0.000000 -10.000000 4.793600 40.000000 0.000000 1 0 0 0 0 0 0 0
EGO_STATUS -0.449872 208.031340 2.000000 1.216831 15.032283 6.000000 -2.927291
DYNAMIC_OBS_INFO 0 1.750000 226.994529 -1.570000 17.668232 1.750000 226.994529 0.000000 0.000000
DYNAMIC_OBS_INFO 1 59.532178 209.500000 3.140000 36.795849 36.928466 209.536000 19.077894 2.600617
DYNAMIC_OBS_INFO 2 -57.414621 212.500000 0.000000 49.721681 -49.492112 212.500000 5.831709 0.733382
Parent: 631.553212 10.000000 101.000000 0.000000 15.147906 685.868957 -10.000000 3.184462 49.000000 0.000000 0 0 0 0 0 0 0 0
Child: 685.868957 36.937551 371.000000 3090.801555 3798.052181 0.000000 0.000000 0.000000 0.000000 0.000000 1 0 0 0 0 0 0 0
EGO_STATUS 0.132866 209.400460 2.100000 1.118344 14.739554 6.000000 -2.927295
DYNAMIC_OBS_INFO 0 1.750000 226.994529 -1.570000 16.329843 1.750000 226.994529 0.000000 0.000000
DYNAMIC_OBS_INFO 1 59.532178 209.500000 3.140000 34.181294 35.007676 209.539059 19.337956 2.600617
DYNAMIC_OBS_INFO 2 -57.414621 212.500000 0.000000 49.783953 -48.905274 212.500000 5.905047 0.733382
Parent: 660.921313 45.436099 456.000000 3090.219212 4093.990281 0.000000 -10.000000 3.082597 48.000000 0.000000 1 0 0 0 0 0 0 0
EGO_STATUS 0.845755 210.689741 2.200000 1.011805 14.739554 4.000000 0.000000
DYNAMIC_OBS_INFO 0 1.750000 226.994529 -1.570000 15.101992 1.750000 226.994529 0.000000 0.000000
DYNAMIC_OBS_INFO 1 59.532178 209.500000 3.140000 31.452650 33.060879 209.542160 19.598017 2.600617
DYNAMIC_OBS_INFO 2 -57.414621 212.500000 0.000000 50.010969 -48.311103 212.500000 5.978385 0.733382
Parent: 625.948303 10.000000 101.000000 0.000000 15.147906 678.463509 -10.000000 2.985001 47.000000 0.000000 0 0 0 0 0 0 0 0
Child: 678.463509 33.997578 341.000000 3090.464514 3814.911452 0.000000 -10.000000 0.000000 0.000000 0.000000 1 0 0 0 0 0 0 0
EGO_STATUS 1.696178 211.892633 2.300000 0.898059 14.739554 4.000000 0.000000
DYNAMIC_OBS_INFO 0 1.750000 226.994529 -1.570000 14.036963 1.750000 226.994529 0.000000 0.000000
DYNAMIC_OBS_INFO 1 59.532178 209.500000 3.140000 28.615358 31.088077 209.545302 19.858079 2.600617
DYNAMIC_OBS_INFO 2 -57.414621 212.500000 0.000000 50.392588 -47.709597 212.500000 6.051723 0.733382
Parent: 621.866689 10.000000 101.000000 0.000000 15.147906 673.481902 -10.000000 2.884995 46.000000 0.000000 0 0 0 0 0 0 0 0
Child: 673.481902 32.523534 327.000000 3090.463683 3781.439705 0.000000 -10.000000 0.000000 0.000000 0.000000 1 0 0 0 0 0 0 0
EGO_STATUS 2.680623 212.988450 2.400000 0.779139 14.739554 4.000000 0.000000
DYNAMIC_OBS_INFO 0 1.750000 226.994529 -1.570000 13.195277 1.750000 226.994529 0.000000 0.000000
DYNAMIC_OBS_INFO 1 59.532178 209.500000 3.140000 25.680931 29.089269 209.548485 20.118141 2.600617
DYNAMIC_OBS_INFO 2 -57.414621 212.500000 0.000000 50.911345 -47.100758 212.500000 6.125062 0.733382
Parent: 616.179330 10.000000 101.000000 0.000000 15.147906 666.894548 -10.000000 2.784990 45.000000 0.000000 0 0 0 0 0 0 0 0
Child: 666.894548 31.049507 312.000000 3090.463471 3711.290180 0.000000 -10.000000 0.000000 0.000000 0.000000 1 0 0 0 0 0 0 0
EGO_STATUS 3.789709 213.957854 2.500000 0.657252 14.739554 4.000000 0.000000
DYNAMIC_OBS_INFO 0 1.750000 226.994529 -1.570000 12.637416 1.750000 226.994529 0.000000 0.000000
DYNAMIC_OBS_INFO 1 59.532178 209.500000 3.140000 22.667835 27.064454 209.551710 20.378202 2.600617
DYNAMIC_OBS_INFO 2 -57.414621 212.500000 0.000000 51.544119 -46.484585 212.500000 6.198400 0.733382
Parent: 599.263058 10.000000 101.000000 0.000000 15.147906 649.078279 -10.000000 2.684986 44.000000 0.000000 0 0 0 0 0 0 0 0
Child: 649.078279 29.575500 297.000000 3090.094334 3528.432820 0.000000 -10.000000 0.000000 0.000000 0.000000 1 0 0 0 0 0 0 0
EGO_STATUS 5.008882 214.784535 2.600000 0.534628 14.739554 4.000000 0.000000
DYNAMIC_OBS_INFO 0 1.750000 226.994529 -1.570000 12.409870 1.750000 226.994529 0.000000 0.000000
DYNAMIC_OBS_INFO 1 59.532178 209.500000 3.140000 19.603424 25.013633 209.554976 20.638264 2.600617
DYNAMIC_OBS_INFO 2 -57.414621 212.500000 0.000000 52.264433 -45.861078 212.500000 6.271738 0.733382
Parent: 603.251656 38.102910 383.000000 3088.180499 3359.096684 0.000000 0.000000 4.841676 43.000000 0.000000 1 0 0 0 0 0 0 0
EGO_STATUS 6.319659 215.456631 2.700000 0.413496 14.739554 4.000000 0.000000
DYNAMIC_OBS_INFO 0 1.750000 226.994529 -1.570000 12.527490 1.750000 226.994529 0.000000 0.000000
DYNAMIC_OBS_INFO 1 59.532178 209.500000 3.140000 16.539768 22.936807 209.558284 20.898326 2.600617
DYNAMIC_OBS_INFO 2 -57.414621 212.500000 0.000000 53.031131 -45.230237 212.500000 6.345076 0.733382
Parent: 479.548834 10.000000 101.000000 20.000000 15.147906 523.345141 -10.000000 4.723702 42.000000 0.000000 0 0 1 0 0 0 0 0
Child: 523.345141 10.000000 101.000000 20.000000 15.147906 519.865151 0.000000 0.000000 0.000000 0.000000 0 0 1 0 0 0 0 0
Child: 519.865151 16.965635 171.000000 3101.453748 2239.162135 0.000000 -10.000000 0.000000 0.000000 0.000000 1 0 0 1 0 0 0 0
EGO_STATUS 7.687666 215.963567 2.800000 0.297169 14.455777 6.000000 -2.837768
DYNAMIC_OBS_INFO 0 1.750000 226.994529 -1.570000 12.951831 1.750000 226.994529 0.000000 0.000000
DYNAMIC_OBS_INFO 1 59.532178 209.500000 3.140000 13.566364 20.833974 209.561633 21.158387 2.600617
DYNAMIC_OBS_INFO 2 -57.414621 212.500000 0.000000 53.788346 -44.592063 212.500000 6.418414 0.733382
Parent: 590.879990 20.109224 203.000000 33.869606 515.951665 572.145000 0.000000 4.269576 40.000000 0.000000 0 0 1 0 0 0 0 0
Child: 572.145000 15.011778 152.000000 3092.241590 2802.199495 0.000000 -10.000000 0.000000 0.000000 0.000000 1 0 0 1 0 0 0 0
EGO_STATUS 9.061611 216.303866 2.900000 0.189186 13.867777 6.000000 -5.880000
DYNAMIC_OBS_INFO 0 1.750000 226.994529 -1.570000 13.610699 1.750000 226.994529 0.000000 0.000000
DYNAMIC_OBS_INFO 1 59.532178 209.500000 3.140000 10.809589 18.705134 209.565023 21.418449 2.600617
DYNAMIC_OBS_INFO 2 -57.414621 212.500000 0.000000 54.498293 -43.946555 212.500000 6.491753 0.733382
Parent: 839.777303 30.290952 304.000000 10.744552 3080.902151 576.481812 0.000000 4.239827 49.000000 0.000000 0 0 0 0 0 0 0 0
Child: 576.481812 13.481282 136.000000 3067.182915 2748.400932 0.000000 0.000000 0.000000 0.000000 0.000000 1 0 0 0 0 0 0 0
EGO_STATUS 10.405444 216.490510 3.000000 0.086694 13.279777 6.000000 -5.880000
DYNAMIC_OBS_INFO 0 1.750000 226.994529 -1.570000 14.445474 1.750000 226.994529 0.000000 0.000000
DYNAMIC_OBS_INFO 1 59.532178 209.500000 3.140000 8.481853 16.550289 209.568455 21.678511 2.600617
DYNAMIC_OBS_INFO 2 -57.414621 212.500000 0.000000 55.159041 -43.293712 212.500000 6.565091 0.733382
Parent: 510.815153 10.000000 101.000000 0.000000 15.147906 554.813493 -10.000000 2.501867 38.000000 0.000000 0 0 0 0 0 0 0 0
Child: 554.813493 22.488690 226.000000 3061.594130 2514.001787 0.000000 0.000000 0.000000 0.000000 0.000000 1 0 0 0 0 0 0 0
EGO_STATUS 11.717277 216.538665 3.100000 -0.012621 12.985777 3.000000 -2.940000
DYNAMIC_OBS_INFO 0 1.750000 226.994529 -1.570000 15.418827 1.750000 226.994529 0.000000 0.000000
DYNAMIC_OBS_INFO 1 59.532178 209.500000 3.140000 7.024908 14.369438 209.571929 21.938572 2.600617
DYNAMIC_OBS_INFO 2 -57.414621 212.500000 0.000000 55.787943 -42.633536 212.500000 6.638429 0.733382
Parent: 495.061138 10.000000 101.000000 0.000000 15.147906 525.894460 0.000000 3.666885 36.000000 0.000000 0 0 0 0 0 0 0 0
Child: 525.894460 21.190097 213.000000 3047.268663 2238.951704 0.000000 0.000000 0.000000 0.000000 0.000000 1 0 0 0 0 0 0 0
EGO_STATUS 13.013347 216.464704 3.200000 -0.097679 12.985777 4.000000 0.000000
DYNAMIC_OBS_INFO 0 1.750000 226.994529 -1.570000 16.478475 1.750000 226.994529 0.000000 0.000000
DYNAMIC_OBS_INFO 1 59.532178 209.500000 3.140000 7.051685 12.162580 209.575443 22.198634 2.600617
DYNAMIC_OBS_INFO 2 -57.414621 212.500000 0.000000 56.380595 -41.966027 212.500000 6.711767 0.733382
Parent: 454.970780 10.000000 101.000000 0.000000 15.147906 484.904104 0.000000 3.566883 35.000000 0.000000 0 0 0 0 0 0 0 0
Child: 484.904104 19.906213 201.000000 3026.868400 1970.351596 0.000000 -10.000000 0.000000 0.000000 0.000000 1 0 0 0 0 0 0 0
EGO_STATUS 14.286384 216.299707 3.300000 -0.155197 12.691777 3.000000 -2.940000
DYNAMIC_OBS_INFO 0 1.750000 226.994529 -1.570000 17.569468 1.750000 226.994529 0.000000 0.000000
DYNAMIC_OBS_INFO 1 59.532178 209.500000 3.140000 8.579703 9.929717 209.579000 22.458696 2.600617
DYNAMIC_OBS_INFO 2 -57.414621 212.500000 0.000000 56.926564 -41.291183 212.500000 6.785105 0.733382
Parent: 191.482936 28.538607 287.000000 10.232791 2311.652415 0.000000 -10.000000 4.600116 34.000000 0.000000 0 0 0 0 0 0 0 0
EGO_STATUS 15.522358 216.085433 3.400000 -0.183860 12.397777 3.000000 -2.940000
DYNAMIC_OBS_INFO 0 1.750000 226.994529 -1.570000 18.664012 1.750000 226.994529 0.000000 0.000000
DYNAMIC_OBS_INFO 1 59.532178 209.500000 3.140000 11.015491 7.670847 209.582597 22.718757 2.600617
DYNAMIC_OBS_INFO 2 -57.414621 212.500000 0.000000 57.432791 -40.609005 212.500000 6.858443 0.733382
Parent: 130.646315 10.000000 101.000000 20.000000 15.147906 155.216320 0.000000 4.950004 33.000000 0.000000 0 0 1 0 0 0 0 0
Child: 155.216320 17.427057 176.000000 30.265132 1537.301427 0.000000 0.000000 0.000000 0.000000 0.000000 0 0 0 1 0 0 0 0
EGO_STATUS 16.725671 215.855651 3.500000 -0.190606 12.103777 3.000000 -2.940000
DYNAMIC_OBS_INFO 0 1.750000 226.994529 -1.570000 19.741097 1.750000 226.994529 0.000000 0.000000
DYNAMIC_OBS_INFO 1 59.532178 209.500000 3.140000 13.893313 5.385971 209.586236 22.978819 2.600617
DYNAMIC_OBS_INFO 2 -57.414621 212.500000 0.000000 57.898554 -39.919494 212.500000 6.931782 0.733382
Parent: 99.256866 10.000000 101.000000 20.000000 15.147906 122.926871 0.000000 4.850005 32.000000 0.000000 0 0 1 0 0 0 0 0
Child: 122.926871 16.237558 164.000000 30.265527 1312.301335 0.000000 -10.000000 0.000000 0.000000 0.000000 0 0 0 1 0 0 0 0
EGO_STATUS 17.894210 215.633393 3.600000 -0.183674 11.686319 6.000000 -4.174584
DYNAMIC_OBS_INFO 0 1.750000 226.994529 -1.570000 20.787271 1.750000 226.994529 0.000000 0.000000
DYNAMIC_OBS_INFO 1 59.532178 209.500000 3.140000 16.984613 3.075089 209.589917 23.238880 2.600617
DYNAMIC_OBS_INFO 2 -57.414621 212.500000 0.000000 58.320191 -39.222649 212.500000 7.005120 0.733382
Parent: 80.159546 10.000000 101.000000 20.000000 15.147906 101.929544 0.000000 4.750011 30.000000 0.000000 0 0 1 0 0 0 0 0
Child: 101.929544 15.089837 152.000000 30.265567 1097.201276 0.000000 -10.000000 0.000000 0.000000 0.000000 0 0 0 1 0 0 0 0
EGO_STATUS 19.023863 215.430608 3.700000 -0.171289 11.268860 6.000000 -4.174582
DYNAMIC_OBS_INFO 0 1.750000 226.994529 -1.570000 21.799998 1.750000 226.994529 0.000000 0.000000
DYNAMIC_OBS_INFO 1 59.532178 209.500000 3.140000 20.184709 0.738201 209.593639 23.498942 2.600617
DYNAMIC_OBS_INFO 2 -57.414621 212.500000 0.000000 58.697545 -38.518470 212.500000 7.078458 0.733382
Parent: 338.271081 10.000000 102.000000 0.000000 15.297885 382.639543 -10.000000 3.131746 39.000000 0.000000 0 0 0 0 0 0 0 0
Child: 382.639543 10.000000 101.000000 0.000000 15.147906 391.139750 -10.000000 0.000000 0.000000 0.000000 0 0 0 0 0 0 0 0
Child: 391.139750 13.983837 141.000000 3040.538228 903.351185 0.000000 0.000000 0.000000 0.000000 0.000000 1 0 0 0 0 0 0 0
EGO_STATUS 20.114707 215.248149 3.800000 -0.160953 10.851403 6.000000 -4.174572
DYNAMIC_OBS_INFO 0 1.750000 226.994529 -1.570000 22.799124 1.750000 226.994529 0.000000 0.000000
DYNAMIC_OBS_INFO 1 59.532178 209.500000 3.140000 23.459785 -1.624694 209.597402 23.759004 2.600617
DYNAMIC_OBS_INFO 2 -57.414621 212.500000 0.000000 59.049433 -37.806958 212.500000 7.151796 0.733382
Parent: 310.738543 10.000000 102.000000 0.000000 15.297885 354.207004 -10.000000 3.031746 38.000000 0.000000 0 0 0 0 0 0 0 0
Child: 354.207004 10.000000 101.000000 0.000000 15.147906 362.707212 -10.000000 0.000000 0.000000 0.000000 0 0 0 0 0 0 0 0
Child: 362.707212 12.898701 130.000000 3040.541354 715.801090 0.000000 -10.000000 0.000000 0.000000 0.000000 1 0 0 0 0 0 0 0
EGO_STATUS 21.186227 215.076764 3.900000 -0.157724 10.851403 4.000000 0.000000
DYNAMIC_OBS_INFO 0 1.750000 226.994529 -1.570000 23.806419 1.750000 226.994529 0.000000 0.000000
DYNAMIC_OBS_INFO 1 59.532178 209.500000 3.140000 26.800832 -4.013594 209.601206 24.019065 2.600617
DYNAMIC_OBS_INFO 2 -57.414621 212.500000 0.000000 59.394236 -37.088111 212.500000 7.225134 0.733382
Parent: 291.885543 10.000000 102.000000 0.000000 15.297885 334.454004 -10.000000 2.931747 37.000000 0.000000 0 0 0 0 0 0 0 0
Child: 334.454004 10.000000 101.000000 0.000000 15.147906 342.954212 -10.000000 0.000000 0.000000 0.000000 0 0 0 0 0 0 0 0
Child: 342.954212 11.813566 120.000000 3040.542176 544.700969 0.000000 -10.000000 0.000000 0.000000 0.000000 1 0 0 0 0 0 0 0
EGO_STATUS 22.257468 214.903650 4.000000 -0.164471 10.851403 4.000000 0.000000
DYNAMIC_OBS_INFO 0 1.750000 226.994529 -1.570000 24.824750 1.750000 226.994529 0.000000 0.000000
DYNAMIC_OBS_INFO 1 59.532178 209.500000 3.140000 30.191079 -6.428501 209.605053 24.279127 2.600617
DYNAMIC_OBS_INFO 2 -57.414621 212.500000 0.000000 59.729653 -36.361931 212.500000 7.298473 0.733382
Parent: 275.374452 10.000000 102.000000 0.000000 15.297885 317.042913 -10.000000 2.831747 36.000000 0.000000 0 0 0 0 0 0 0 0
Child: 317.042913 10.000000 101.000000 0.000000 15.147906 325.543120 -10.000000 0.000000 0.000000 0.000000 0 0 0 0 0 0 0 0
Child: 325.543120 10.728430 109.000000 3040.540747 368.550865 0.000000 -10.000000 0.000000 0.000000 0.000000 1 0 0 0 0 0 0 0
EGO_STATUS 23.326538 214.717672 4.100000 -0.181578 10.851403 4.000000 0.000000
DYNAMIC_OBS_INFO 0 1.750000 226.994529 -1.570000 25.855805 1.750000 226.994529 0.000000 0.000000
DYNAMIC_OBS_INFO 1 59.532178 209.500000 3.140000 33.619787 -8.869413 209.608940 24.539189 2.600617
DYNAMIC_OBS_INFO 2 -57.414621 212.500000 0.000000 60.053407 -35.628417 212.500000 7.371811 0.733382
Parent: 259.563949 10.000000 102.000000 0.000000 15.297885 300.332408 -10.000000 2.731747 35.000000 0.000000 0 0 0 0 0 0 0 0
Child: 300.332408 10.000000 101.000000 0.000000 15.147906 308.832616 -10.000000 0.000000 0.000000 0.000000 0 0 0 0 0 0 0 0
Child: 308.832616 9.643293 98.000000 3040.537006 199.600754 0.000000 -10.000000 0.000000 0.000000 0.000000 1 0 0 0 0 0 0 0
EGO_STATUS 24.391379 214.508914 4.200000 -0.206516 10.851403 4.000000 0.000000
DYNAMIC_OBS_INFO 0 1.750000 226.994529 -1.570000 26.899284 1.750000 226.994529 0.000000 0.000000
DYNAMIC_OBS_INFO 1 59.532178 209.500000 3.140000 37.080411 -11.336332 209.612869 24.799250 2.600617
DYNAMIC_OBS_INFO 2 -57.414621 212.500000 0.000000 60.363816 -34.887569 212.500000 7.445149 0.733382
Parent: 254.316870 10.000000 102.000000 0.000000 15.297885 294.185330 -10.000000 2.631747 34.000000 0.000000 0 0 0 0 0 0 0 0
Child: 294.185330 10.000000 101.000000 0.000000 15.147906 302.685537 -10.000000 0.000000 0.000000 0.000000 0 0 0 0 0 0 0 0
Child: 302.685537 8.558153 87.000000 3040.530623 138.150636 0.000000 -10.000000 0.000000 0.000000 0.000000 1 0 0 0 0 0 0 0
EGO_STATUS 25.450242 214.271715 4.300000 -0.234091 10.851403 4.000000 0.000000
DYNAMIC_OBS_INFO 0 1.750000 226.994529 -1.570000 27.952893 1.750000 226.994529 0.000000 0.000000
DYNAMIC_OBS_INFO 1 59.532178 209.500000 3.140000 40.570105 -13.829257 209.616839 25.059312 2.600617
DYNAMIC_OBS_INFO 2 -57.414621 212.500000 0.000000 60.660715 -34.139387 212.500000 7.518487 0.733382
Parent: 250.678240 10.000000 102.000000 0.000000 15.297885 289.646700 -10.000000 2.531747 33.000000 0.000000 0 0 0 0 0 0 0 0
Child: 289.646700 10.000000 101.000000 0.000000 15.147906 298.146907 -10.000000 0.000000 0.000000 0.000000 0 0 0 0 0 0 0 0
Child: 298.146907 7.473012 76.000000 3040.531713 93.300551 0.000000 -10.000000 0.000000 0.000000 0.000000 1 0 0 0 0 0 0 0
EGO_STATUS 26.502603 214.007117 4.400000 -0.257129 10.851403 4.000000 0.000000
DYNAMIC_OBS_INFO 0 1.750000 226.994529 -1.570000 29.012962 1.750000 226.994529 0.000000 0.000000
DYNAMIC_OBS_INFO 1 59.532178 209.500000 3.140000 44.089767 -16.348188 209.620851 25.319374 2.600617
DYNAMIC_OBS_INFO 2 -57.414621 212.500000 0.000000 60.946384 -33.383871 212.500000 7.591825 0.733382
Parent: 247.914853 10.000000 102.000000 0.000000 15.297885 285.983313 -10.000000 2.431747 32.000000 0.000000 0 0 0 0 0 0 0 0
Child: 285.983313 10.000000 101.000000 0.000000 15.147906 294.483521 -10.000000 0.000000 0.000000 0.000000 0 0 0 0 0 0 0 0
Child: 294.483521 6.387867 65.000000 3040.534042 57.750414 0.000000 -10.000000 0.000000 0.000000 0.000000 1 0 0 0 0 0 0 0
EGO_STATUS 27.550216 213.724230 4.500000 -0.267612 10.851403 4.000000 0.000000
DYNAMIC_OBS_INFO 0 1.750000 226.994529 -1.570000 30.075055 1.750000 226.994529 0.000000 0.000000
DYNAMIC_OBS_INFO 1 59.532178 209.500000 3.140000 47.643662 -18.893125 209.624904 25.579435 2.600617
DYNAMIC_OBS_INFO 2 -57.414621 212.500000 0.000000 61.225767 -32.621022 212.500000 7.665163 0.733382
Parent: 240.587366 10.000000 102.000000 0.000000 15.297885 277.755827 -10.000000 2.331746 31.000000 0.000000 0 0 0 0 0 0 0 0
Child: 277.755827 10.000000 101.000000 0.000000 15.147906 286.256034 -10.000000 0.000000 0.000000 0.000000 0 0 0 0 0 0 0 0
Child: 286.256034 5.302720 55.000000 3040.527956 32.250239 0.000000 -10.000000 0.000000 0.000000 0.000000 1 0 0 0 0 0 0 0
EGO_STATUS 28.597525 213.440219 4.600000 -0.258251 10.851403 4.000000 0.000000
DYNAMIC_OBS_INFO 0 1.750000 226.994529 -1.570000 31.133947 1.750000 226.994529 0.000000 0.000000
DYNAMIC_OBS_INFO 1 59.532178 209.500000 3.140000 51.237790 -21.464069 209.628999 25.839497 2.600617
DYNAMIC_OBS_INFO 2 -57.414621 212.500000 0.000000 61.505199 -31.850838 212.500000 7.738502 0.733382
Parent: 238.142729 10.000000 102.000000 0.000000 15.297885 274.411191 -10.000000 2.231746 30.000000 0.000000 0 0 0 0 0 0 0 0
Child: 274.411191 10.000000 101.000000 0.000000 15.147906 282.911398 -10.000000 0.000000 0.000000 0.000000 0 0 0 0 0 0 0 0
Child: 282.911398 4.217572 44.000000 3040.510296 15.300067 0.000000 -10.000000 0.000000 0.000000 0.000000 1 0 0 0 0 0 0 0
EGO_STATUS 29.650616 213.178659 4.700000 -0.224505 10.851403 4.000000 0.000000
DYNAMIC_OBS_INFO 0 1.750000 226.994529 -1.570000 32.183052 1.750000 226.994529 0.000000 0.000000
DYNAMIC_OBS_INFO 1 59.532178 209.500000 3.140000 54.876821 -24.061018 209.633135 26.099559 2.600617
DYNAMIC_OBS_INFO 2 -57.414621 212.500000 0.000000 61.789591 -31.073321 212.500000 7.811840 0.733382
Parent: 217.774446 10.000000 101.000000 0.000000 15.147906 262.221368 -10.000000 3.053285 39.000000 0.000000 0 0 0 0 0 0 0 0
Child: 262.221368 10.000000 102.000000 0.000000 15.297885 270.721576 -10.000000 0.000000 0.000000 0.000000 0 0 0 0 0 0 0 0
Child: 270.721576 10.000000 101.000000 0.000000 15.147906 279.221783 -10.000000 0.000000 0.000000 0.000000 0 0 0 0 0 0 0 0
Child: 279.221783 3.132428 33.000000 3040.489726 6.449875 0.000000 -10.000000 0.000000 0.000000 0.000000 1 0 0 0 0 0 0 0
EGO_STATUS 30.714514 212.965782 4.800000 -0.167035 10.851403 4.000000 0.000000
DYNAMIC_OBS_INFO 0 1.750000 226.994529 -1.570000 33.214739 1.750000 226.994529 0.000000 0.000000
DYNAMIC_OBS_INFO 1 59.532178 209.500000 3.140000 58.560783 -26.683974 209.637313 26.359620 2.600617
DYNAMIC_OBS_INFO 2 -57.414621 212.500000 0.000000 62.079373 -30.288470 212.500000 7.885178 0.733382
Parent: 212.688038 10.000000 101.000000 0.000000 15.147906 256.234960 -10.000000 2.953285 38.000000 0.000000 0 0 0 0 0 0 0 0
Child: 256.234960 10.000000 102.000000 0.000000 15.297885 264.735167 -10.000000 0.000000 0.000000 0.000000 0 0 0 0 0 0 0 0
Child: 264.735167 10.000000 101.000000 0.000000 15.147906 273.235374 -10.000000 0.000000 0.000000 0.000000 0 0 0 0 0 0 0 0
Child: 273.235374 2.047289 22.000000 3040.325119 3.299665 0.000000 -10.000000 0.000000 0.000000 0.000000 1 0 0 0 0 0 0 0
EGO_STATUS 31.790059 212.823654 4.900000 -0.094604 10.851403 4.000000 0.000000
DYNAMIC_OBS_INFO 0 1.750000 226.994529 -1.570000 34.224069 1.750000 226.994529 0.000000 0.000000
DYNAMIC_OBS_INFO 1 59.532178 209.500000 3.140000 62.284098 -29.332936 209.641531 26.619682 2.600617
DYNAMIC_OBS_INFO 2 -57.414621 212.500000 0.000000 62.369903 -29.496286 212.500000 7.958516 0.733382
Parent: 195.482839 10.000000 101.000000 0.000000 15.147906 238.129761 -10.000000 2.853286 37.000000 0.000000 0 0 0 0 0 0 0 0
Child: 238.129761 10.000000 102.000000 0.000000 15.297885 246.629969 -10.000000 0.000000 0.000000 0.000000 0 0 0 0 0 0 0 0
Child: 246.629969 10.000000 101.000000 0.000000 15.147906 255.130176 -10.000000 0.000000 0.000000 0.000000 0 0 0 0 0 0 0 0
Child: 255.130176 0.962152 11.000000 3029.505493 1.649772 0.000000 -10.000000 0.000000 0.000000 0.000000 1 0 0 0 0 0 0 0
EGO_STATUS 32.873078 212.759331 5.000000 -0.027369 10.851403 4.000000 0.000000
DYNAMIC_OBS_INFO 0 1.750000 226.994529 -1.570000 35.217480 1.750000 226.994529 0.000000 0.000000
DYNAMIC_OBS_INFO 1 59.532178 209.500000 3.140000 66.039042 -32.007903 209.645792 26.879744 2.600617
DYNAMIC_OBS_INFO 2 -57.414621 212.500000 0.000000 62.655407 -28.696767 212.500000 8.031854 0.733382
Parent: -57.765782 10.000000 101.000000 0.000000 15.147906 -17.018860 -10.000000 2.753286 35.000000 0.000000 0 0 0 0 0 0 0 0
Child: -17.018860 10.000000 102.000000 0.000000 15.297885 -8.518653 -10.000000 0.000000 0.000000 0.000000 0 0 0 0 0 0 0 0
Child: -8.518653 9.877012 100.000000 0.000000 14.997926 0.000000 -10.000000 0.000000 0.000000 0.000000 0 0 0 0 0 0 0 0
EGO_STATUS 33.958141 212.750000 5.100000 0.000000 10.851403 4.000000 0.000000
DYNAMIC_OBS_INFO 0 1.750000 226.994529 -1.570000 36.212555 1.750000 226.994529 0.000000 0.000000
DYNAMIC_OBS_INFO 1 59.532178 209.500000 3.140000 69.821007 -34.708877 209.650093 27.139805 2.600617
DYNAMIC_OBS_INFO 2 -57.414621 212.500000 0.000000 62.933692 -27.889915 212.500000 8.105193 0.733382
Parent: -57.028531 10.000000 101.000000 0.000000 15.147906 -17.181609 -10.000000 2.653286 34.000000 0.000000 0 0 0 0 0 0 0 0
Child: -17.181609 10.000000 102.000000 0.000000 15.297885 -8.681402 -10.000000 0.000000 0.000000 0.000000 0 0 0 0 0 0 0 0
Child: -8.681402 8.791871 89.000000 0.000000 13.348154 0.000000 -10.000000 0.000000 0.000000 0.000000 0 0 0 0 0 0 0 0
EGO_STATUS 35.043281 212.750000 5.200000 0.000000 10.851403 4.000000 0.000000
DYNAMIC_OBS_INFO 0 1.750000 226.994529 -1.570000 37.212665 1.750000 226.994529 0.000000 0.000000
DYNAMIC_OBS_INFO 1 59.532178 209.500000 3.140000 73.629380 -37.435858 209.654437 27.399867 2.600617
DYNAMIC_OBS_INFO 2 -57.414621 212.500000 0.000000 63.204644 -27.075729 212.500000 8.178531 0.733382
Parent: -56.291279 10.000000 101.000000 0.000000 15.147906 -17.344358 -10.000000 2.553286 33.000000 0.000000 0 0 0 0 0 0 0 0
Child: -17.344358 10.000000 102.000000 0.000000 15.297885 -8.844150 -10.000000 0.000000 0.000000 0.000000 0 0 0 0 0 0 0 0
Child: -8.844150 7.706731 79.000000 0.000000 11.848362 0.000000 -10.000000 0.000000 0.000000 0.000000 0 0 0 0 0 0 0 0
EGO_STATUS 36.128421 212.750000 5.300000 0.000000 10.851403 4.000000 0.000000
DYNAMIC_OBS_INFO 0 1.750000 226.994529 -1.570000 38.217415 1.750000 226.994529 0.000000 0.000000
DYNAMIC_OBS_INFO 1 59.532178 209.500000 3.140000 77.464106 -40.188844 209.658821 27.659929 2.600617
DYNAMIC_OBS_INFO 2 -57.414621 212.500000 0.000000 63.468263 -26.254209 212.500000 8.251869 0.733382
Parent: -55.554028 10.000000 101.000000 0.000000 15.147906 -17.507106 -10.000000 2.453286 32.000000 0.000000 0 0 0 0 0 0 0 0
Child: -17.507106 10.000000 102.000000 0.000000 15.297885 -9.006899 -10.000000 0.000000 0.000000 0.000000 0 0 0 0 0 0 0 0
Child: -9.006899 6.621591 68.000000 0.000000 10.198590 0.000000 -10.000000 0.000000 0.000000 0.000000 0 0 0 0 0 0 0 0
EGO_STATUS 37.213562 212.750000 5.400000 -0.000000 10.851403 4.000000 0.000000
DYNAMIC_OBS_INFO 0 1.750000 226.994529 -1.570000 39.226448 1.750000 226.994529 0.000000 0.000000
DYNAMIC_OBS_INFO 1 59.532178 209.500000 3.140000 81.325139 -42.967836 209.663247 27.919990 2.600617
DYNAMIC_OBS_INFO 2 -57.414621 212.500000 0.000000 63.724547 -25.425355 212.500000 8.325207 0.733382
Parent: -54.816776 10.000000 101.000000 0.000000 15.147906 -17.669855 -10.000000 2.353286 31.000000 0.000000 0 0 0 0 0 0 0 0
Child: -17.669855 10.000000 102.000000 0.000000 15.297885 -9.169647 -10.000000 0.000000 0.000000 0.000000 0 0 0 0 0 0 0 0
Child: -9.169647 5.536450 57.000000 0.000000 8.548818 0.000000 -10.000000 0.000000 0.000000 0.000000 0 0 0 0 0 0 0 0
EGO_STATUS 38.298702 212.750000 5.500000 -0.000000 10.851403 4.000000 0.000000
DYNAMIC_OBS_INFO 0 1.750000 226.994529 -1.570000 40.239442 1.750000 226.994529 0.000000 0.000000
DYNAMIC_OBS_INFO 1 59.532178 209.500000 3.140000 85.212441 -45.772835 209.667715 28.180052 2.600617
DYNAMIC_OBS_INFO 2 -57.414621 212.500000 0.000000 63.973498 -24.589167 212.500000 8.398545 0.733382
Parent: -54.079525 10.000000 101.000000 0.000000 15.147906 -17.832603 -10.000000 2.253286 30.000000 0.000000 0 0 0 0 0 0 0 0
Child: -17.832603 10.000000 102.000000 0.000000 15.297885 -9.332396 -10.000000 0.000000 0.000000 0.000000 0 0 0 0 0 0 0 0
Child: -9.332396 4.451310 46.000000 0.000000 6.899046 0.000000 -10.000000 0.000000 0.000000 0.000000 0 0 0 0 0 0 0 0
EGO_STATUS 39.383842 212.750000 5.600000 -0.000000 10.851403 4.000000 0.000000
DONE
FINISHED
