Parent: 51.116690 10.186212 103.000000 28.211779 15.404745 93.911680 -10.000000 2.891542 40.000000 0.000000 0 0 0 1 0 0 0 0
Child: 93.911680 10.000000 102.000000 20.000000 15.300000 90.450896 0.000000 0.000000 0.000000 0.000000 0 0 0 1 0 0 0 0
Child: 90.450896 10.000000 102.000000 0.000000 237.500000 77.166582 -10.000000 0.000000 0.000000 0.000000 0 0 0 0 0 0 0 0
Child: 77.166582 4.283370 44.000000 0.000000 895.400000 0.000000 -10.000000 0.000000 0.000000 0.000000 0 0 0 0 0 0 0 0
EGO_STATUS -1.750000 170.716630 0.000000 1.570796 15.978153 4.000000 0.000000
DYNAMIC_OBS_INFO 0 1.750000 226.899558 -1.570000 54.697207 1.750000 226.899558 0.000000 0.000000
DYNAMIC_OBS_INFO 1 25.205426 209.500000 3.140000 45.927775 25.205426 209.500000 5.842118 1.586645
DYNAMIC_OBS_INFO 2 -40.683417 212.500000 0.000000 55.952567 -40.683417 212.500000 4.803034 2.871809
Parent: 313.929344 22.611996 228.000000 3171.684643 51.483080 49.435353 -10.000000 2.834968 48.000000 0.000000 1 0 0 0 0 0 0 0
Child: 49.435353 10.000000 102.000000 0.000000 15.300000 57.935353 -10.000000 0.000000 0.000000 0.000000 0 0 0 0 0 0 0 0
Child: 57.935353 10.000000 102.000000 0.000000 237.500000 44.651040 -10.000000 0.000000 0.000000 0.000000 0 0 0 0 0 0 0 0
Child: 44.651040 2.685555 28.000000 0.000000 569.800000 0.000000 -10.000000 0.000000 0.000000 0.000000 0 0 0 0 0 0 0 0
EGO_STATUS -1.750000 172.314445 0.100000 1.570796 15.978153 4.000000 0.000000
DYNAMIC_OBS_INFO 0 1.750000 226.899558 -1.570000 53.102765 1.750000 226.899558 0.000000 0.000000
DYNAMIC_OBS_INFO 1 25.205426 209.500000 3.140000 44.643949 25.205426 209.500000 5.842118 1.586645
DYNAMIC_OBS_INFO 2 -40.683417 212.500000 0.000000 54.816280 -40.683417 212.500000 4.803034 2.871809
Parent: 282.313802 22.611996 228.000000 3171.684643 51.483080 16.919811 -10.000000 2.734968 47.000000 0.000000 1 0 0 0 0 0 0 0
Child: 16.919811 10.000000 102.000000 0.000000 15.300000 25.419811 -10.000000 0.000000 0.000000 0.000000 0 0 0 0 0 0 0 0
Child: 25.419811 10.000000 102.000000 0.000000 237.500000 12.135498 -10.000000 0.000000 0.000000 0.000000 0 0 0 0 0 0 0 0
Child: 12.135498 1.087739 12.000000 0.000000 244.200000 0.000000 -10.000000 0.000000 0.000000 0.000000 0 0 0 0 0 0 0 0
EGO_STATUS -1.750000 173.912261 0.200000 1.570796 15.978153 4.000000 0.000000
DYNAMIC_OBS_INFO 0 1.750000 226.899558 -1.570000 51.508532 1.750000 226.899558 0.000000 0.000000
DYNAMIC_OBS_INFO 1 25.205426 209.500000 3.140000 43.380986 25.205426 209.500000 5.842118 1.586645
DYNAMIC_OBS_INFO 2 -40.683417 212.500000 0.000000 53.703495 -40.683417 212.500000 4.803034 2.871809
Parent: -26.814698 22.611996 228.000000 33.291966 51.483080 14.868464 -10.000000 4.909237 45.000000 0.000000 0 0 0 1 0 0 0 0
Child: 14.868464 10.000000 102.000000 20.000000 15.300000 11.407680 0.000000 0.000000 0.000000 0.000000 0 0 0 1 0 0 0 0
Child: 11.407680 9.489924 96.000000 0.000000 115.400000 0.000000 0.000000 0.000000 0.000000 0.000000 0 0 0 0 0 0 0 0
EGO_STATUS -1.750000 175.510076 0.300000 1.570796 15.978153 4.000000 0.000000
DYNAMIC_OBS_INFO 0 1.750000 226.899558 -1.570000 49.910073 1.750000 226.899558 0.000000 0.000000
DYNAMIC_OBS_INFO 1 25.205426 209.500000 3.140000 42.137328 25.205426 209.500000 5.842118 1.586645
DYNAMIC_OBS_INFO 2 -40.683417 212.500000 0.000000 52.612700 -40.683417 212.500000 4.803034 2.871809
Parent: -45.139231 22.611996 228.000000 33.291966 51.483080 -5.356069 -10.000000 4.809237 43.000000 0.000000 0 0 0 1 0 0 0 0
Child: -5.356069 10.000000 102.000000 20.000000 15.300000 -8.816853 0.000000 0.000000 0.000000 0.000000 0 0 0 1 0 0 0 0
Child: -8.816853 7.887643 80.000000 0.000000 12.000000 0.000000 -10.000000 0.000000 0.000000 0.000000 0 0 0 0 0 0 0 0
EGO_STATUS -1.750000 177.112357 0.400000 1.570796 16.067451 5.000000 0.892979
DYNAMIC_OBS_INFO 0 1.750000 226.899558 -1.570000 48.302960 1.750000 226.899558 0.000000 0.000000
DYNAMIC_OBS_INFO 1 25.205426 209.500000 3.140000 40.911902 25.205426 209.500000 5.842118 1.586645
DYNAMIC_OBS_INFO 2 -40.683417 212.500000 0.000000 51.542781 -40.683417 212.500000 4.803034 2.871809
Parent: -44.480913 22.611996 228.000000 33.291966 51.483080 -5.597751 -10.000000 4.709237 42.000000 0.000000 0 0 0 1 0 0 0 0
Child: -5.597751 10.000000 102.000000 20.000000 15.300000 -9.058535 0.000000 0.000000 0.000000 0.000000 0 0 0 1 0 0 0 0
Child: -9.058535 6.276432 64.000000 0.000000 9.600000 0.000000 -10.000000 0.000000 0.000000 0.000000 0 0 0 0 0 0 0 0
EGO_STATUS -1.750000 178.723568 0.500000 1.570796 16.156749 5.000000 0.892980
DYNAMIC_OBS_INFO 0 1.750000 226.899558 -1.570000 46.687224 1.750000 226.899558 0.000000 0.000000
DYNAMIC_OBS_INFO 1 25.205426 209.500000 3.140000 39.707483 25.205426 209.500000 5.842118 1.586645
DYNAMIC_OBS_INFO 2 -40.683417 212.500000 0.000000 50.495919 -40.683417 212.500000 4.803034 2.871809
Parent: -42.823934 22.611996 228.000000 33.291966 51.483080 -5.840772 -10.000000 4.609237 40.000000 0.000000 0 0 0 1 0 0 0 0
Child: -5.840772 10.000000 102.000000 20.000000 15.300000 -9.301557 0.000000 0.000000 0.000000 0.000000 0 0 0 1 0 0 0 0
Child: -9.301557 4.656289 48.000000 0.000000 7.200000 0.000000 -10.000000 0.000000 0.000000 0.000000 0 0 0 0 0 0 0 0
EGO_STATUS -1.750000 180.343711 0.600000 1.570796 16.246047 5.000000 0.892980
DYNAMIC_OBS_INFO 0 1.750000 226.899558 -1.570000 45.062900 1.750000 226.899558 0.000000 0.000000
DYNAMIC_OBS_INFO 1 25.205426 209.500000 3.140000 38.527167 25.205426 209.500000 5.842118 1.586645
DYNAMIC_OBS_INFO 2 -40.683417 212.500000 0.000000 49.474457 -40.683417 212.500000 4.803034 2.871809
Parent: 403.227453 20.265150 204.000000 32.546061 446.652345 409.792884 0.000000 4.831492 59.000000 0.000000 0 0 1 0 0 0 0 0
Child: 409.792884 24.462602 246.000000 3357.350269 578.313739 18.424671 0.000000 0.000000 0.000000 0.000000 1 1 0 1 0 0 0 0
Child: 18.424671 10.000000 102.000000 270.000000 15.300000 -9.545918 0.000000 0.000000 0.000000 0.000000 0 1 1 0 0 0 0 0
Child: -9.545918 3.027216 32.000000 0.000000 4.800000 0.000000 -10.000000 0.000000 0.000000 0.000000 0 0 0 0 0 0 0 0
EGO_STATUS -1.750000 181.972784 0.700000 1.570796 16.335345 5.000000 0.892980
DYNAMIC_OBS_INFO 0 1.750000 226.899558 -1.570000 43.430032 1.750000 226.899558 0.000000 0.000000
DYNAMIC_OBS_INFO 1 25.205426 209.500000 3.140000 37.374407 25.205426 209.500000 5.842118 1.586645
DYNAMIC_OBS_INFO 2 -40.683417 212.500000 0.000000 48.480899 -40.683417 212.500000 4.803034 2.871809
Parent: 404.881752 20.265150 204.000000 32.546061 446.652345 409.547183 0.000000 4.731492 57.000000 0.000000 0 0 1 0 0 0 0 0
Child: 409.547183 24.462602 246.000000 3357.350269 578.313739 18.178970 0.000000 0.000000 0.000000 0.000000 1 1 0 1 0 0 0 0
Child: 18.178970 10.000000 102.000000 270.000000 15.300000 -9.791618 0.000000 0.000000 0.000000 0.000000 0 1 1 0 0 0 0 0
Child: -9.791618 1.389213 15.000000 0.000000 2.250000 0.000000 -10.000000 0.000000 0.000000 0.000000 0 0 0 0 0 0 0 0
EGO_STATUS -1.750000 183.610787 0.800000 1.570796 16.424643 5.000000 0.892981
DYNAMIC_OBS_INFO 0 1.750000 226.899558 -1.570000 41.788408 1.750000 226.899558 0.000000 0.000000
DYNAMIC_OBS_INFO 1 25.205426 209.500000 3.140000 36.252870 25.205426 209.500000 5.842118 1.586645
DYNAMIC_OBS_INFO 2 -40.683417 212.500000 0.000000 47.113326 -40.188754 212.500000 5.090215 2.871809
Parent: 667.067563 28.257931 284.000000 3334.739200 3503.185201 18.030451 0.000000 3.665295 35.000000 0.000000 1 1 0 1 0 0 0 0
Child: 18.030451 9.742021 99.000000 270.000000 14.850000 0.000000 -10.000000 0.000000 0.000000 0.000000 0 1 1 0 0 0 0 0
EGO_STATUS -1.750000 185.257979 0.900000 1.570796 16.545901 0.000000 2.940000
DYNAMIC_OBS_INFO 0 1.750000 226.899558 -1.570000 40.125216 1.750000 226.899558 0.000000 0.000000
DYNAMIC_OBS_INFO 1 25.205426 209.500000 3.140000 35.158536 25.205426 209.500000 5.842118 1.586645
DYNAMIC_OBS_INFO 2 -40.683417 212.500000 0.000000 45.733353 -39.665374 212.500000 5.377396 2.871809
Parent: 1148.291177 20.344265 205.000000 3074.067677 3569.683918 549.687749 -10.000000 3.275418 54.000000 0.000000 1 0 0 0 0 0 0 0
Child: 549.687749 34.047244 342.000000 3436.589440 2084.950350 0.000000 0.000000 0.000000 0.000000 0.000000 1 1 0 0 0 0 0 0
EGO_STATUS -1.750000 186.927280 1.000000 1.570796 16.839901 0.000000 2.940000
DYNAMIC_OBS_INFO 0 1.750000 226.899558 -1.570000 38.448756 1.750000 226.899558 0.000000 0.000000
DYNAMIC_OBS_INFO 1 25.205426 209.500000 3.140000 33.636836 24.613282 209.500943 6.000783 1.586645
DYNAMIC_OBS_INFO 2 -40.683417 212.500000 0.000000 44.347765 -39.113275 212.500000 5.664577 2.871809
Parent: 839.598990 51.181912 513.000000 3410.727509 5497.648441 0.000000 0.000000 2.812016 52.000000 0.000000 1 1 1 0 0 0 0 0
EGO_STATUS -1.750017 188.610438 1.100000 1.570845 16.823259 5.000000 -0.166420
DYNAMIC_OBS_INFO 0 1.750000 226.899558 -1.570000 36.768895 1.750000 226.899558 0.000000 0.000000
DYNAMIC_OBS_INFO 1 25.205426 209.500000 3.140000 32.127251 24.005271 209.501911 6.159447 1.586645
DYNAMIC_OBS_INFO 2 -40.683417 212.500000 0.000000 42.963470 -38.532458 212.500000 5.951758 2.871809
Parent: 845.387135 49.494621 496.000000 3455.009901 5493.700145 0.000000 0.000000 2.417348 50.000000 0.000000 1 1 1 0 0 0 0 0
EGO_STATUS -1.750450 190.297665 1.200000 1.571388 16.921259 2.000000 0.980000
DYNAMIC_OBS_INFO 0 1.750000 226.899558 -1.570000 35.070393 1.750000 226.899558 0.000000 0.000000
DYNAMIC_OBS_INFO 1 25.205426 209.500000 3.140000 30.625201 23.381394 209.502905 6.318112 1.586645
DYNAMIC_OBS_INFO 2 -40.683417 212.500000 0.000000 41.573685 -37.922923 212.500000 6.238939 2.871809
Parent: 1019.736274 30.522666 307.000000 3074.067677 2534.284193 526.587483 -10.000000 3.553191 58.000000 0.000000 1 0 0 0 0 0 0 0
Child: 526.587483 28.714142 289.000000 3450.076805 1849.882515 0.000000 0.000000 0.000000 0.000000 0.000000 1 1 0 0 0 0 0 0
EGO_STATUS -1.752418 192.004493 1.300000 1.572562 17.215259 0.000000 2.940000
DYNAMIC_OBS_INFO 0 1.750000 226.899558 -1.570000 33.360423 1.750000 226.899558 0.000000 0.000000
DYNAMIC_OBS_INFO 1 25.205426 209.500000 3.140000 29.140365 22.741650 209.503924 6.476776 1.586645
DYNAMIC_OBS_INFO 2 -40.683417 212.500000 0.000000 40.184608 -37.284670 212.500000 6.526120 2.871809
Parent: 623.935987 10.000000 101.000000 0.000000 15.147906 686.039225 -10.000000 3.396970 57.000000 0.000000 0 0 0 0 0 0 0 0
Child: 686.039225 46.989521 471.000000 3398.532780 3578.224283 0.000000 -10.000000 0.000000 0.000000 0.000000 1 1 0 0 0 0 0 0
EGO_STATUS -1.756353 193.723914 1.400000 1.573481 17.173267 5.000000 -0.419918
DYNAMIC_OBS_INFO 0 1.750000 226.899558 -1.570000 31.654861 1.750000 226.899558 0.000000 0.000000
DYNAMIC_OBS_INFO 1 25.205426 209.500000 3.140000 27.685936 22.086040 209.504968 6.635441 1.586645
DYNAMIC_OBS_INFO 2 -40.683417 212.500000 0.000000 38.807495 -36.617699 212.500000 6.813301 2.871809
Parent: 625.175405 10.000000 101.000000 0.000000 15.147906 685.378649 -10.000000 3.296963 55.000000 0.000000 0 0 0 0 0 0 0 0
Child: 685.378649 45.273285 454.000000 3398.531421 3574.717905 0.000000 -10.000000 0.000000 0.000000 0.000000 1 1 0 0 0 0 0 0
EGO_STATUS -1.761150 195.440027 1.500000 1.573530 17.149144 5.000000 -0.241236
DYNAMIC_OBS_INFO 0 1.750000 226.899558 -1.570000 29.952757 1.750000 226.899558 0.000000 0.000000
DYNAMIC_OBS_INFO 1 25.205426 209.500000 3.140000 26.265185 21.414564 209.506038 6.794105 1.586645
DYNAMIC_OBS_INFO 2 -40.683417 212.500000 0.000000 37.446316 -35.922010 212.500000 7.100482 2.871809
Parent: 668.402494 10.000000 101.000000 270.000000 15.147906 700.281249 -10.000000 2.888780 53.000000 0.000000 0 1 1 0 0 0 0 0
Child: 700.281249 43.559482 437.000000 3445.191211 3580.211581 0.000000 0.000000 0.000000 0.000000 0.000000 1 1 1 0 0 0 0 0
EGO_STATUS -1.764747 197.153731 1.600000 1.571806 17.125020 5.000000 -0.241236
DYNAMIC_OBS_INFO 0 1.750000 226.899558 -1.570000 28.247626 1.750000 226.899558 0.000000 0.000000
DYNAMIC_OBS_INFO 1 25.205426 209.500000 3.140000 24.877691 20.727221 209.507132 6.952770 1.586645
DYNAMIC_OBS_INFO 2 -40.683417 212.500000 0.000000 36.106382 -35.197603 212.500000 7.387663 2.871809
Parent: 636.743226 10.000000 101.000000 0.000000 15.147906 694.155865 -10.000000 3.087568 52.000000 0.000000 0 0 0 0 0 0 0 0
Child: 694.155865 41.841967 420.000000 3399.743163 3568.033093 0.000000 0.000000 0.000000 0.000000 0.000000 1 1 0 0 0 0 0 0
EGO_STATUS -1.762221 198.871131 1.700000 1.565889 17.223020 2.000000 0.980000
DYNAMIC_OBS_INFO 0 1.750000 226.899558 -1.570000 26.538637 1.750000 226.899558 0.000000 0.000000
DYNAMIC_OBS_INFO 1 25.205426 209.500000 3.140000 23.522863 20.024011 209.508252 7.111434 1.586645
DYNAMIC_OBS_INFO 2 -40.683417 212.500000 0.000000 34.801725 -34.444478 212.500000 7.674843 2.871809
Parent: 850.787507 10.000000 101.000000 0.000000 499.951047 858.301728 -10.000000 2.985676 50.000000 0.000000 0 0 0 0 0 0 0 0
Child: 858.301728 40.089239 402.000000 3388.640798 5318.366469 0.000000 -10.000000 0.000000 0.000000 0.000000 1 1 0 0 0 0 0 0
EGO_STATUS -1.743465 200.591860 1.800000 1.552329 17.193884 5.000000 -0.291363
DYNAMIC_OBS_INFO 0 1.750000 226.899558 -1.570000 24.830329 1.750000 226.899558 0.000000 0.000000
DYNAMIC_OBS_INFO 1 25.205426 209.500000 3.140000 22.197418 19.304936 209.509397 7.270099 1.586645
DYNAMIC_OBS_INFO 2 -40.683417 212.500000 0.000000 33.555419 -33.662634 212.500000 7.962024 2.871809
Parent: 618.307291 10.000000 102.000000 0.000000 15.297885 681.309668 -10.000000 3.497831 58.000000 0.000000 0 0 0 0 0 0 0 0
Child: 681.309668 10.000000 101.000000 0.000000 15.147906 689.809875 -10.000000 0.000000 0.000000 0.000000 0 0 0 0 0 0 0 0
Child: 689.809875 38.473894 386.000000 3399.897203 3621.139241 0.000000 -10.000000 0.000000 0.000000 0.000000 1 1 0 0 0 0 0 0
EGO_STATUS -1.692192 202.308979 1.900000 1.527364 17.164724 5.000000 -0.291595
DYNAMIC_OBS_INFO 0 1.750000 226.899558 -1.570000 23.120895 1.750000 226.899558 0.000000 0.000000
DYNAMIC_OBS_INFO 1 25.205426 209.500000 3.140000 20.890223 18.569994 209.510568 7.428763 1.586645
DYNAMIC_OBS_INFO 2 -40.683417 212.500000 0.000000 32.395551 -32.852073 212.500000 8.249205 2.871809
Parent: 618.555347 10.000000 102.000000 0.000000 15.297885 680.657728 -10.000000 3.397826 57.000000 0.000000 0 0 0 0 0 0 0 0
Child: 680.657728 10.000000 101.000000 0.000000 15.147906 689.157936 -10.000000 0.000000 0.000000 0.000000 0 0 0 0 0 0 0 0
Child: 689.157936 36.758787 369.000000 3399.896838 3618.541447 0.000000 -10.000000 0.000000 0.000000 0.000000 1 1 0 0 0 0 0 0
EGO_STATUS -1.585936 204.020587 2.000000 1.487501 17.135642 5.000000 -0.290817
DYNAMIC_OBS_INFO 0 1.750000 226.899558 -1.570000 21.410108 1.750000 226.899558 0.000000 0.000000
DYNAMIC_OBS_INFO 1 25.205426 209.500000 3.140000 19.586404 17.819185 209.511764 7.587428 1.586645
DYNAMIC_OBS_INFO 2 -40.683417 212.500000 0.000000 31.357023 -32.012793 212.500000 8.536386 2.871809
Parent: 670.559894 20.000000 202.000000 270.000000 30.295811 702.861738 -10.000000 2.965897 55.000000 0.000000 0 1 1 0 0 0 0 0
Child: 702.861738 35.046604 352.000000 3436.427044 3622.953972 0.000000 0.000000 0.000000 0.000000 0.000000 1 1 1 0 0 0 0 0
EGO_STATUS -1.397083 205.722008 2.100000 1.429845 17.106561 5.000000 -0.290818
DYNAMIC_OBS_INFO 0 1.750000 226.899558 -1.570000 19.695865 1.750000 226.899558 0.000000 0.000000
DYNAMIC_OBS_INFO 1 25.205426 209.500000 3.140000 18.267055 17.052510 209.512985 7.746092 1.586645
DYNAMIC_OBS_INFO 2 -40.683417 212.500000 0.000000 30.479725 -31.144796 212.500000 8.823567 2.871809
Parent: 629.750888 10.000000 102.000000 0.000000 15.297885 689.061144 -10.000000 3.189952 54.000000 0.000000 0 0 0 0 0 0 0 0
Child: 689.061144 10.000000 101.000000 0.000000 15.147906 697.561351 -10.000000 0.000000 0.000000 0.000000 0 0 0 0 0 0 0 0
Child: 697.561351 33.330961 335.000000 3401.472384 3609.518113 0.000000 0.000000 0.000000 0.000000 0.000000 1 1 0 0 0 0 0 0
EGO_STATUS -1.093086 207.409972 2.200000 1.351919 17.204561 2.000000 0.980000
DYNAMIC_OBS_INFO 0 1.750000 226.899558 -1.570000 17.991896 1.750000 226.899558 0.000000 0.000000
DYNAMIC_OBS_INFO 1 25.205426 209.500000 3.140000 16.915918 16.269969 209.514231 7.904757 1.586645
DYNAMIC_OBS_INFO 2 -40.683417 212.500000 0.000000 29.806388 -30.248080 212.500000 9.110748 2.871809
Parent: 1701.036077 10.000000 102.000000 0.000000 15.297885 1758.459243 -10.000000 3.077041 52.000000 0.000000 0 0 0 0 0 0 0 0
Child: 1758.459243 41.597650 417.000000 13392.863449 4335.241377 0.000000 -10.000000 0.000000 0.000000 0.000000 1 1 0 0 0 0 0 1
EGO_STATUS -0.640039 209.067115 2.300000 1.252376 17.168938 5.000000 -0.356229
DYNAMIC_OBS_INFO 0 1.750000 226.899558 -1.570000 16.333380 1.750000 226.899558 0.000000 0.000000
DYNAMIC_OBS_INFO 1 25.205426 209.500000 3.140000 15.522634 15.471561 209.515503 8.063421 1.586645
DYNAMIC_OBS_INFO 2 -40.683417 212.500000 0.000000 29.371526 -29.322646 212.500000 9.397929 2.871809
TIMEOUT
