Parent: 188.467881 10.000000 102.000000 0.000000 15.300000 234.474388 -10.000000 2.493493 40.000000 0.000000 0 0 0 0 0 0 0 0
Child: 234.474388 10.000000 102.000000 0.000000 15.300000 242.974388 -10.000000 0.000000 0.000000 0.000000 0 0 0 0 0 0 0 0
Child: 242.974388 10.000000 101.000000 0.000000 1651.350000 89.474388 -10.000000 0.000000 0.000000 0.000000 0 0 0 0 0 0 0 0
Child: 89.474388 4.888176 50.000000 0.000000 1017.500000 0.000000 -10.000000 0.000000 0.000000 0.000000 0 0 0 0 0 0 0 0
EGO_STATUS -1.750000 163.111824 0.000000 1.570796 13.991689 4.000000 0.000000
DYNAMIC_OBS_INFO 0 1.750000 233.497251 -1.570000 69.074987 1.750000 233.497251 0.000000 0.000000
DYNAMIC_OBS_INFO 1 60.052701 209.500000 3.140000 76.443343 60.052701 209.500000 10.881767 0.019158
DYNAMIC_OBS_INFO 2 -57.445474 212.500000 0.000000 73.518234 -57.445474 212.500000 14.348801 2.720750
Parent: 155.538327 10.876814 110.000000 13.324597 12.930768 207.501301 -10.000000 4.440892 49.000000 0.000000 0 0 0 0 0 0 0 0
Child: 207.501301 10.000000 102.000000 0.000000 15.300000 216.001301 -10.000000 0.000000 0.000000 0.000000 0 0 0 0 0 0 0 0
Child: 216.001301 10.000000 102.000000 0.000000 15.300000 214.501301 0.000000 0.000000 0.000000 0.000000 0 0 0 0 0 0 0 0
Child: 214.501301 10.000000 101.000000 0.000000 1651.350000 61.001301 -10.000000 0.000000 0.000000 0.000000 0 0 0 0 0 0 0 0
Child: 61.001301 3.489007 36.000000 0.000000 732.600000 0.000000 -10.000000 0.000000 0.000000 0.000000 0 0 0 0 0 0 0 0
EGO_STATUS -1.750000 164.510993 0.100000 1.570796 13.991689 4.000000 0.000000
DYNAMIC_OBS_INFO 0 1.750000 233.497251 -1.570000 67.677653 1.750000 233.497251 0.000000 0.000000
DYNAMIC_OBS_INFO 1 60.052701 209.500000 3.140000 75.628353 60.052701 209.500000 10.881767 0.019158
DYNAMIC_OBS_INFO 2 -57.445474 212.500000 0.000000 72.612663 -57.445474 212.500000 14.348801 2.720750
Parent: 127.965240 10.876814 110.000000 13.324597 12.930768 179.028214 -10.000000 4.340892 48.000000 0.000000 0 0 0 0 0 0 0 0
Child: 179.028214 10.000000 102.000000 0.000000 15.300000 187.528214 -10.000000 0.000000 0.000000 0.000000 0 0 0 0 0 0 0 0
Child: 187.528214 10.000000 102.000000 0.000000 15.300000 186.028214 0.000000 0.000000 0.000000 0.000000 0 0 0 0 0 0 0 0
Child: 186.028214 10.000000 101.000000 0.000000 1651.350000 32.528214 -10.000000 0.000000 0.000000 0.000000 0 0 0 0 0 0 0 0
Child: 32.528214 2.089839 22.000000 0.000000 447.700000 0.000000 -10.000000 0.000000 0.000000 0.000000 0 0 0 0 0 0 0 0
EGO_STATUS -1.750000 165.910161 0.200000 1.570796 13.991689 4.000000 0.000000
DYNAMIC_OBS_INFO 0 1.750000 233.497251 -1.570000 66.280396 1.750000 233.497251 0.000000 0.000000
DYNAMIC_OBS_INFO 1 60.052701 209.500000 3.140000 74.830652 60.052701 209.500000 10.881767 0.019158
DYNAMIC_OBS_INFO 2 -57.445474 212.500000 0.000000 71.722956 -57.445474 212.500000 14.348801 2.720750
Parent: 101.392153 10.876814 110.000000 13.324597 12.930768 150.555127 -10.000000 4.240892 46.000000 0.000000 0 0 0 0 0 0 0 0
Child: 150.555127 10.000000 102.000000 0.000000 15.300000 159.055127 -10.000000 0.000000 0.000000 0.000000 0 0 0 0 0 0 0 0
Child: 159.055127 10.000000 102.000000 0.000000 15.300000 157.555127 0.000000 0.000000 0.000000 0.000000 0 0 0 0 0 0 0 0
Child: 157.555127 10.000000 101.000000 0.000000 1651.350000 4.055127 -10.000000 0.000000 0.000000 0.000000 0 0 0 0 0 0 0 0
Child: 4.055127 0.690670 8.000000 0.000000 162.800000 0.000000 -10.000000 0.000000 0.000000 0.000000 0 0 0 0 0 0 0 0
EGO_STATUS -1.750000 167.309330 0.300000 1.570796 13.991689 4.000000 0.000000
DYNAMIC_OBS_INFO 0 1.750000 233.497251 -1.570000 64.883221 1.750000 233.497251 0.000000 0.000000
DYNAMIC_OBS_INFO 1 60.052701 209.500000 3.140000 74.050796 60.052701 209.500000 10.881767 0.019158
DYNAMIC_OBS_INFO 2 -57.445474 212.500000 0.000000 70.849710 -57.445474 212.500000 14.348801 2.720750
Parent: 81.888698 10.876814 110.000000 13.324597 12.930768 130.151672 -10.000000 4.140892 45.000000 0.000000 0 0 0 0 0 0 0 0
Child: 130.151672 10.000000 102.000000 0.000000 15.300000 138.651672 -10.000000 0.000000 0.000000 0.000000 0 0 0 0 0 0 0 0
Child: 138.651672 10.000000 102.000000 0.000000 15.300000 137.151672 0.000000 0.000000 0.000000 0.000000 0 0 0 0 0 0 0 0
Child: 137.151672 9.291501 94.000000 0.000000 1488.700000 0.000000 -10.000000 0.000000 0.000000 0.000000 0 0 0 0 0 0 0 0
EGO_STATUS -1.750000 168.708499 0.400000 1.570796 13.991689 4.000000 0.000000
DYNAMIC_OBS_INFO 0 1.750000 233.497251 -1.570000 63.486134 1.750000 233.497251 0.000000 0.000000
DYNAMIC_OBS_INFO 1 60.052701 209.500000 3.140000 73.289356 60.052701 209.500000 10.881767 0.019158
DYNAMIC_OBS_INFO 2 -57.445474 212.500000 0.000000 68.846538 -55.996990 212.500000 14.620876 2.720750
Parent: 55.396890 10.876814 110.000000 13.324597 12.930768 101.759863 -10.000000 4.040892 43.000000 0.000000 0 0 0 0 0 0 0 0
Child: 101.759863 10.000000 102.000000 0.000000 15.300000 110.259863 -10.000000 0.000000 0.000000 0.000000 0 0 0 0 0 0 0 0
Child: 110.259863 10.000000 102.000000 0.000000 15.300000 108.759863 0.000000 0.000000 0.000000 0.000000 0 0 0 0 0 0 0 0
Child: 108.759863 7.892332 80.000000 0.000000 1203.800000 0.000000 -10.000000 0.000000 0.000000 0.000000 0 0 0 0 0 0 0 0
EGO_STATUS -1.750000 170.107668 0.500000 1.570796 13.991689 4.000000 0.000000
DYNAMIC_OBS_INFO 0 1.750000 233.497251 -1.570000 62.089141 1.750000 233.497251 0.000000 0.000000
DYNAMIC_OBS_INFO 1 60.052701 209.500000 3.140000 72.546911 60.052701 209.500000 10.881767 0.019158
DYNAMIC_OBS_INFO 2 -57.445474 212.500000 0.000000 66.822522 -54.521299 212.500000 14.892951 2.720750
Parent: 27.939563 10.876814 110.000000 13.324597 12.930768 73.402537 -10.000000 3.940892 42.000000 0.000000 0 0 0 0 0 0 0 0
Child: 73.402537 10.000000 102.000000 0.000000 15.300000 81.902537 -10.000000 0.000000 0.000000 0.000000 0 0 0 0 0 0 0 0
Child: 81.902537 10.000000 102.000000 0.000000 15.300000 80.402537 0.000000 0.000000 0.000000 0.000000 0 0 0 0 0 0 0 0
Child: 80.402537 6.493163 66.000000 0.000000 918.900000 0.000000 -10.000000 0.000000 0.000000 0.000000 0 0 0 0 0 0 0 0
EGO_STATUS -1.750000 171.506837 0.600000 1.570796 13.991689 4.000000 0.000000
DYNAMIC_OBS_INFO 0 1.750000 233.497251 -1.570000 60.692248 1.750000 233.497251 0.000000 0.000000
DYNAMIC_OBS_INFO 1 60.052701 209.500000 3.140000 71.824050 60.052701 209.500000 10.881767 0.019158
DYNAMIC_OBS_INFO 2 -57.445474 212.500000 0.000000 64.777567 -53.018400 212.500000 15.165026 2.720750
Parent: 3.953876 10.876814 110.000000 22.194012 12.930768 47.068327 -10.000000 4.412406 41.000000 0.000000 0 0 0 1 0 0 0 0
Child: 47.068327 10.000000 102.000000 20.000000 15.300000 43.607543 0.000000 0.000000 0.000000 0.000000 0 0 0 1 0 0 0 0
Child: 43.607543 10.000000 102.000000 0.000000 15.300000 52.107543 -10.000000 0.000000 0.000000 0.000000 0 0 0 0 0 0 0 0
Child: 52.107543 5.093994 52.000000 0.000000 634.000000 0.000000 -10.000000 0.000000 0.000000 0.000000 0 0 0 0 0 0 0 0
EGO_STATUS -1.750000 172.906006 0.700000 1.570796 13.991689 4.000000 0.000000
DYNAMIC_OBS_INFO 0 1.750000 233.497251 -1.570000 59.295463 1.750000 233.497251 0.000000 0.000000
DYNAMIC_OBS_INFO 1 60.052701 209.500000 3.140000 71.121372 60.052701 209.500000 10.881767 0.019158
DYNAMIC_OBS_INFO 2 -57.445474 212.500000 0.000000 62.711582 -51.488294 212.500000 15.437101 2.720750
Parent: 299.445103 21.972263 221.000000 3046.260151 220.464113 28.904560 -10.000000 4.756269 49.000000 0.000000 1 0 0 0 0 0 0 0
Child: 28.904560 10.000000 102.000000 0.000000 15.300000 27.404560 0.000000 0.000000 0.000000 0.000000 0 0 0 0 0 0 0 0
Child: 27.404560 10.000000 102.000000 20.000000 15.300000 23.943775 0.000000 0.000000 0.000000 0.000000 0 0 0 1 0 0 0 0
Child: 23.943775 3.694825 38.000000 0.000000 349.100000 0.000000 -10.000000 0.000000 0.000000 0.000000 0 0 0 0 0 0 0 0
EGO_STATUS -1.750000 174.305175 0.800000 1.570796 13.991689 4.000000 0.000000
DYNAMIC_OBS_INFO 0 1.750000 233.497251 -1.570000 57.898792 1.750000 233.497251 0.000000 0.000000
DYNAMIC_OBS_INFO 1 60.052701 209.500000 3.140000 70.439479 60.052701 209.500000 10.881767 0.019158
DYNAMIC_OBS_INFO 2 -57.445474 212.500000 0.000000 60.624476 -49.930980 212.500000 15.709176 2.720750
Parent: 291.916285 21.972263 221.000000 3128.742989 220.464113 3.062449 0.000000 3.868952 48.000000 0.000000 1 0 1 0 0 0 0 0
Child: 3.062449 10.000000 102.000000 20.000000 15.300000 -0.398335 0.000000 0.000000 0.000000 0.000000 0 0 1 0 0 0 0 0
Child: -0.398335 10.000000 102.000000 20.000000 15.300000 -3.859120 0.000000 0.000000 0.000000 0.000000 0 0 0 1 0 0 0 0
Child: -3.859120 2.295656 24.000000 0.000000 64.200000 0.000000 -10.000000 0.000000 0.000000 0.000000 0 0 0 0 0 0 0 0
EGO_STATUS -1.750000 175.704344 0.900000 1.570796 13.991689 4.000000 0.000000
DYNAMIC_OBS_INFO 0 1.750000 233.497251 -1.570000 56.502246 1.750000 233.497251 0.000000 0.000000
DYNAMIC_OBS_INFO 1 60.052701 209.500000 3.140000 69.778981 60.052701 209.500000 10.881767 0.019158
DYNAMIC_OBS_INFO 2 -57.445474 212.500000 0.000000 58.516162 -48.346458 212.500000 15.981251 2.720750
Parent: 284.911881 21.972263 221.000000 3117.376152 220.464113 -4.904743 0.000000 3.961854 46.000000 0.000000 1 0 1 0 0 0 0 0
Child: -4.904743 10.000000 102.000000 0.000000 15.300000 -6.404743 0.000000 0.000000 0.000000 0.000000 0 0 0 0 0 0 0 0
Child: -6.404743 10.000000 102.000000 20.000000 15.300000 -9.865527 0.000000 0.000000 0.000000 0.000000 0 0 0 1 0 0 0 0
Child: -9.865527 0.896487 10.000000 0.000000 1.500000 0.000000 -10.000000 0.000000 0.000000 0.000000 0 0 0 0 0 0 0 0
EGO_STATUS -1.750000 177.103513 1.000000 1.570796 13.991689 4.000000 0.000000
DYNAMIC_OBS_INFO 0 1.750000 233.497251 -1.570000 55.109621 1.750000 233.497251 0.000000 0.000000
DYNAMIC_OBS_INFO 1 60.052701 209.500000 3.140000 68.171978 58.964430 209.501733 10.883683 0.019158
DYNAMIC_OBS_INFO 2 -57.445474 212.500000 0.000000 56.388844 -46.734729 212.500000 16.253326 2.720750
Parent: 283.260979 21.972263 221.000000 3115.677186 220.464113 -7.074833 0.000000 3.649957 45.000000 0.000000 1 0 1 0 0 0 0 0
Child: -7.074833 10.000000 102.000000 0.000000 15.300000 1.425167 -10.000000 0.000000 0.000000 0.000000 0 0 0 0 0 0 0 0
Child: 1.425167 9.501115 97.000000 0.000000 14.550000 0.000000 0.000000 0.000000 0.000000 0.000000 0 0 0 0 0 0 0 0
EGO_STATUS -1.750000 178.498885 1.100000 1.570796 13.780437 1.000000 -5.880000
DYNAMIC_OBS_INFO 0 1.750000 233.497251 -1.570000 53.749118 1.750000 233.497251 0.000000 0.000000
DYNAMIC_OBS_INFO 1 60.052701 209.500000 3.140000 66.587236 57.875967 209.503467 10.885599 0.019158
DYNAMIC_OBS_INFO 2 -57.445474 212.500000 0.000000 54.259406 -45.095793 212.500000 16.525401 2.720750
Parent: 286.379385 21.972263 221.000000 3099.181703 220.464113 6.642366 -10.000000 3.691178 44.000000 0.000000 1 0 1 0 0 0 0 0
Child: 6.642366 10.000000 102.000000 20.000000 15.300000 3.181582 0.000000 0.000000 0.000000 0.000000 0 0 1 0 0 0 0 0
Child: 3.181582 8.137790 83.000000 20.000000 12.450000 0.000000 0.000000 0.000000 0.000000 0.000000 0 0 0 1 0 0 0 0
EGO_STATUS -1.750000 179.862210 1.200000 1.570796 13.486437 3.000000 -2.940000
DYNAMIC_OBS_INFO 0 1.750000 233.497251 -1.570000 52.432772 1.750000 233.497251 0.000000 0.000000
DYNAMIC_OBS_INFO 1 60.052701 209.500000 3.140000 65.029633 56.787313 209.505201 10.887515 0.019158
DYNAMIC_OBS_INFO 2 -57.445474 212.500000 0.000000 52.134885 -43.429649 212.500000 16.797476 2.720750
Parent: -43.665555 10.876814 110.000000 7.929439 12.930768 -7.477214 -10.000000 3.748999 32.000000 0.000000 0 0 0 0 0 0 0 0
Child: -7.477214 10.000000 102.000000 0.000000 15.300000 1.022786 -10.000000 0.000000 0.000000 0.000000 0 0 0 0 0 0 0 0
Child: 1.022786 6.818574 70.000000 0.000000 10.500000 0.000000 0.000000 0.000000 0.000000 0.000000 0 0 0 0 0 0 0 0
EGO_STATUS -1.750000 181.181426 1.300000 1.570796 12.898437 1.000000 -5.880000
DYNAMIC_OBS_INFO 0 1.750000 233.497251 -1.570000 51.160560 1.750000 233.497251 0.000000 0.000000
DYNAMIC_OBS_INFO 1 60.052701 209.500000 3.140000 63.498421 55.698467 209.506935 10.889431 0.019158
DYNAMIC_OBS_INFO 2 -57.445474 212.500000 0.000000 50.015125 -41.736298 212.500000 17.069551 2.720750
Parent: -52.956819 10.876814 110.000000 7.929397 12.930768 -17.668483 -10.000000 3.649008 31.000000 0.000000 0 0 0 0 0 0 0 0
Child: -17.668483 10.000000 102.000000 0.000000 15.300000 -9.168483 -10.000000 0.000000 0.000000 0.000000 0 0 0 0 0 0 0 0
Child: -9.168483 5.543447 57.000000 0.000000 8.550000 0.000000 -10.000000 0.000000 0.000000 0.000000 0 0 0 0 0 0 0 0
EGO_STATUS -1.750000 182.456553 1.400000 1.570796 12.604437 3.000000 -2.940000
DYNAMIC_OBS_INFO 0 1.750000 233.497251 -1.570000 49.917832 1.750000 233.497251 0.000000 0.000000
DYNAMIC_OBS_INFO 1 60.052701 209.500000 3.140000 61.986736 54.609429 209.508669 10.891347 0.019158
DYNAMIC_OBS_INFO 2 -57.445474 212.500000 0.000000 47.891292 -40.015739 212.500000 17.341626 2.720750
Parent: -52.243670 10.876814 110.000000 7.929339 12.930768 -17.855341 -10.000000 3.549021 30.000000 0.000000 0 0 0 0 0 0 0 0
Child: -17.855341 10.000000 102.000000 0.000000 15.300000 -9.355341 -10.000000 0.000000 0.000000 0.000000 0 0 0 0 0 0 0 0
Child: -9.355341 4.297728 44.000000 0.000000 6.600000 0.000000 -10.000000 0.000000 0.000000 0.000000 0 0 0 0 0 0 0 0
EGO_STATUS -1.750000 183.702272 1.500000 1.570796 12.310437 3.000000 -2.940000
DYNAMIC_OBS_INFO 0 1.750000 233.497251 -1.570000 48.704570 1.750000 233.497251 0.000000 0.000000
DYNAMIC_OBS_INFO 1 60.052701 209.500000 3.140000 60.494229 53.520200 209.510404 10.893262 0.019158
DYNAMIC_OBS_INFO 2 -57.445474 212.500000 0.000000 45.763477 -38.267973 212.500000 17.613701 2.720750
Parent: 468.419575 25.478720 256.000000 3080.565930 2159.149586 -18.037790 0.000000 3.968120 39.000000 0.000000 1 0 1 0 0 0 0 0
Child: -18.037790 10.000000 102.000000 0.000000 15.300000 -9.537790 -10.000000 0.000000 0.000000 0.000000 0 0 0 0 0 0 0 0
Child: -9.537790 3.081398 32.000000 0.000000 4.800000 0.000000 -10.000000 0.000000 0.000000 0.000000 0 0 0 0 0 0 0 0
EGO_STATUS -1.750000 184.918602 1.600000 1.570796 12.016437 3.000000 -2.940000
DYNAMIC_OBS_INFO 0 1.750000 233.497251 -1.570000 47.520784 1.750000 233.497251 0.000000 0.000000
DYNAMIC_OBS_INFO 1 60.052701 209.500000 3.140000 59.020556 52.430779 209.512139 10.895178 0.019158
DYNAMIC_OBS_INFO 2 -57.445474 212.500000 0.000000 43.631913 -36.492999 212.500000 17.885776 2.720750
Parent: 279.194034 21.972263 221.000000 3111.198578 220.464113 -18.215830 0.000000 3.169281 37.000000 0.000000 1 0 1 0 0 0 0 0
Child: -18.215830 10.000000 102.000000 0.000000 15.300000 -9.715830 -10.000000 0.000000 0.000000 0.000000 0 0 0 0 0 0 0 0
Child: -9.715830 1.894466 20.000000 0.000000 3.000000 0.000000 -10.000000 0.000000 0.000000 0.000000 0 0 0 0 0 0 0 0
EGO_STATUS -1.750000 186.105534 1.700000 1.570796 11.722437 3.000000 -2.940000
DYNAMIC_OBS_INFO 0 1.750000 233.497251 -1.570000 46.366490 1.750000 233.497251 0.000000 0.000000
DYNAMIC_OBS_INFO 1 60.052701 209.500000 3.140000 57.565365 51.341167 209.513874 10.897094 0.019158
DYNAMIC_OBS_INFO 2 -57.445474 212.500000 0.000000 41.497001 -34.690817 212.500000 18.157851 2.720750
Parent: 301.082431 23.685146 238.000000 3117.548628 422.354183 -18.389457 0.000000 3.189901 36.000000 0.000000 1 0 1 0 0 0 0 0
Child: -18.389457 10.000000 102.000000 0.000000 15.300000 -9.889457 -10.000000 0.000000 0.000000 0.000000 0 0 0 0 0 0 0 0
Child: -9.889457 0.736950 9.000000 0.000000 1.350000 0.000000 -10.000000 0.000000 0.000000 0.000000 0 0 0 0 0 0 0 0
EGO_STATUS -1.750000 187.263050 1.800000 1.570796 11.428437 3.000000 -2.940000
DYNAMIC_OBS_INFO 0 1.750000 233.497251 -1.570000 45.241654 1.750000 233.497251 0.000000 0.000000
DYNAMIC_OBS_INFO 1 60.052701 209.500000 3.140000 56.128274 50.251363 209.515610 10.899010 0.019158
DYNAMIC_OBS_INFO 2 -57.445474 212.500000 0.000000 39.359319 -32.861428 212.500000 18.429926 2.720750
Parent: 290.651180 21.972263 221.000000 3111.198452 220.464113 -8.558678 0.000000 2.969288 35.000000 0.000000 1 0 1 0 0 0 0 0
Child: -8.558678 9.608816 98.000000 0.000000 14.700000 0.000000 -10.000000 0.000000 0.000000 0.000000 0 0 0 0 0 0 0 0
EGO_STATUS -1.750000 188.391184 1.900000 1.570796 11.134437 3.000000 -2.940000
DYNAMIC_OBS_INFO 0 1.750000 233.497251 -1.570000 44.146287 1.750000 233.497251 0.000000 0.000000
DYNAMIC_OBS_INFO 1 60.052701 209.500000 3.140000 54.708911 49.161368 209.517346 10.900926 0.019158
DYNAMIC_OBS_INFO 2 -57.445474 212.500000 0.000000 37.219735 -31.004832 212.500000 18.702001 2.720750
Parent: 291.386369 21.972263 221.000000 3111.198447 220.464113 -8.723489 0.000000 2.869288 34.000000 0.000000 1 0 1 0 0 0 0 0
Child: -8.723489 8.510074 87.000000 0.000000 13.050000 0.000000 -10.000000 0.000000 0.000000 0.000000 0 0 0 0 0 0 0 0
EGO_STATUS -1.750000 189.489926 2.000000 1.570796 10.840437 3.000000 -2.940000
DYNAMIC_OBS_INFO 0 1.750000 233.497251 -1.570000 43.080421 1.750000 233.497251 0.000000 0.000000
DYNAMIC_OBS_INFO 1 60.052701 209.500000 3.140000 53.306900 48.071181 209.519082 10.902841 0.019158
DYNAMIC_OBS_INFO 2 -57.445474 212.500000 0.000000 35.079482 -29.121028 212.500000 18.974076 2.720750
Parent: 483.073468 25.478720 256.000000 3080.565658 2159.149586 -8.883886 0.000000 3.468137 33.000000 0.000000 1 0 1 0 0 0 0 0
Child: -8.883886 7.440758 76.000000 0.000000 11.400000 0.000000 -10.000000 0.000000 0.000000 0.000000 0 0 0 0 0 0 0 0
EGO_STATUS -1.750000 190.559242 2.100000 1.570796 10.546437 3.000000 -2.940000
DYNAMIC_OBS_INFO 0 1.750000 233.497251 -1.570000 42.044033 1.750000 233.497251 0.000000 0.000000
DYNAMIC_OBS_INFO 1 60.052701 209.500000 3.140000 51.921838 46.980802 209.520819 10.904757 0.019158
DYNAMIC_OBS_INFO 2 -57.445474 212.500000 0.000000 32.940217 -27.210017 212.500000 19.246151 2.720750
Parent: 292.869975 21.972263 221.000000 3111.198238 220.464113 -9.039873 0.000000 2.669299 32.000000 0.000000 1 0 1 0 0 0 0 0
Child: -9.039873 6.400848 66.000000 0.000000 9.900000 0.000000 -10.000000 0.000000 0.000000 0.000000 0 0 0 0 0 0 0 0
EGO_STATUS -1.750000 191.599152 2.200000 1.570796 10.252437 3.000000 -2.940000
DYNAMIC_OBS_INFO 0 1.750000 233.497251 -1.570000 41.037097 1.750000 233.497251 0.000000 0.000000
DYNAMIC_OBS_INFO 1 60.052701 209.500000 3.140000 50.553309 45.890232 209.522556 10.906673 0.019158
DYNAMIC_OBS_INFO 2 -57.445474 212.500000 0.000000 30.804216 -25.271798 212.500000 19.518226 2.720750
Parent: 314.780422 23.685146 238.000000 3117.548333 422.354183 -9.191452 0.000000 2.689916 31.000000 0.000000 1 0 1 0 0 0 0 0
Child: -9.191452 5.390318 55.000000 0.000000 8.250000 0.000000 -10.000000 0.000000 0.000000 0.000000 0 0 0 0 0 0 0 0
EGO_STATUS -1.750000 192.609682 2.300000 1.570796 9.958437 3.000000 -2.940000
DYNAMIC_OBS_INFO 0 1.750000 233.497251 -1.570000 40.059640 1.750000 233.497251 0.000000 0.000000
DYNAMIC_OBS_INFO 1 60.052701 209.500000 3.140000 49.200908 44.799471 209.524293 10.908589 0.019158
DYNAMIC_OBS_INFO 2 -57.445474 212.500000 0.000000 28.674639 -23.306371 212.500000 19.790301 2.720750
Parent: 294.371221 21.972263 221.000000 3111.198109 220.464113 -9.338620 0.000000 2.469305 30.000000 0.000000 1 0 1 0 0 0 0 0
Child: -9.338620 4.409198 46.000000 0.000000 6.900000 0.000000 -10.000000 0.000000 0.000000 0.000000 0 0 0 0 0 0 0 0
EGO_STATUS -1.750000 193.590802 2.400000 1.570796 9.664437 3.000000 -2.940000
DYNAMIC_OBS_INFO 0 1.750000 233.497251 -1.570000 39.111665 1.750000 233.497251 0.000000 0.000000
DYNAMIC_OBS_INFO 1 60.052701 209.500000 3.140000 47.864213 43.708517 209.526031 10.910505 0.019158
DYNAMIC_OBS_INFO 2 -57.445474 212.500000 0.000000 26.555819 -21.313738 212.500000 20.062376 2.720750
Parent: 653.521728 34.393635 345.000000 3054.751649 3948.246294 -9.481376 0.000000 3.862369 39.000000 0.000000 1 0 1 0 0 0 0 0
Child: -9.481376 3.457496 36.000000 0.000000 5.400000 0.000000 -10.000000 0.000000 0.000000 0.000000 0 0 0 0 0 0 0 0
EGO_STATUS -1.750000 194.542504 2.500000 1.570796 9.370437 3.000000 -2.940000
DYNAMIC_OBS_INFO 0 1.750000 233.497251 -1.570000 38.193142 1.750000 233.497251 0.000000 0.000000
DYNAMIC_OBS_INFO 1 60.052701 209.500000 3.140000 46.542780 42.617372 209.527768 10.912421 0.019158
DYNAMIC_OBS_INFO 2 -57.445474 212.500000 0.000000 24.453748 -19.293896 212.500000 20.334451 2.720750
Parent: 656.068827 34.393635 345.000000 3079.453388 3948.246294 -9.619722 0.000000 3.085257 38.000000 0.000000 1 0 1 0 0 0 0 0
Child: -9.619722 2.535184 27.000000 0.000000 4.050000 0.000000 -10.000000 0.000000 0.000000 0.000000 0 0 0 0 0 0 0 0
EGO_STATUS -1.750000 195.464816 2.600000 1.570796 9.076437 3.000000 -2.940000
DYNAMIC_OBS_INFO 0 1.750000 233.497251 -1.570000 37.304058 1.750000 233.497251 0.000000 0.000000
DYNAMIC_OBS_INFO 1 60.052701 209.500000 3.140000 45.236164 41.526036 209.529507 10.914336 0.019158
DYNAMIC_OBS_INFO 2 -57.445474 212.500000 0.000000 22.376876 -17.246847 212.500000 20.606526 2.720750
Parent: 655.049443 34.393635 345.000000 3054.751563 3948.246294 -9.753662 0.000000 3.662379 37.000000 0.000000 1 0 1 0 0 0 0 0
Child: -9.753662 1.642252 18.000000 0.000000 2.700000 0.000000 -10.000000 0.000000 0.000000 0.000000 0 0 0 0 0 0 0 0
EGO_STATUS -1.750000 196.357748 2.700000 1.570796 8.782437 3.000000 -2.940000
DYNAMIC_OBS_INFO 0 1.750000 233.497251 -1.570000 36.444461 1.750000 233.497251 0.000000 0.000000
DYNAMIC_OBS_INFO 1 60.052701 209.500000 3.140000 43.943928 40.434508 209.531245 10.916252 0.019158
DYNAMIC_OBS_INFO 2 -57.445474 212.500000 0.000000 20.337314 -15.172591 212.500000 20.878601 2.720750
Parent: 655.819920 34.393635 345.000000 3054.751469 3948.246294 -9.883187 0.000000 3.562390 36.000000 0.000000 1 0 1 0 0 0 0 0
Child: -9.883187 0.778756 9.000000 0.000000 1.350000 0.000000 -10.000000 0.000000 0.000000 0.000000 0 0 0 0 0 0 0 0
EGO_STATUS -1.750000 197.221244 2.800000 1.570796 8.488437 3.000000 -2.940000
DYNAMIC_OBS_INFO 0 1.750000 233.497251 -1.570000 35.614156 1.750000 233.497251 0.000000 0.000000
DYNAMIC_OBS_INFO 1 60.052701 209.500000 3.140000 42.665559 39.342788 209.532984 10.918168 0.019158
DYNAMIC_OBS_INFO 2 -57.445474 212.500000 0.000000 18.352430 -13.071127 212.500000 21.150676 2.720750
Parent: 640.658705 10.000000 101.000000 20.000000 2055.350680 477.378557 -10.000000 2.799883 35.000000 0.000000 0 0 1 0 0 0 0 0
Child: 477.378557 24.541396 247.000000 3136.326654 1668.310558 0.000000 0.000000 0.000000 0.000000 0.000000 1 0 1 0 0 0 0 0
EGO_STATUS -1.749999 198.055495 2.900000 1.570769 8.220901 2.000000 0.980000
DYNAMIC_OBS_INFO 0 1.750000 233.497251 -1.570000 34.781351 1.750000 233.497251 0.000000 0.000000
DYNAMIC_OBS_INFO 1 60.052701 209.500000 3.140000 41.391277 38.250877 209.534723 10.920084 0.019158
DYNAMIC_OBS_INFO 2 -57.445474 212.500000 0.000000 16.422279 -10.942456 212.500000 21.422751 2.720750
Parent: 630.869216 10.000000 101.000000 20.000000 2055.350680 467.689071 -10.000000 2.699880 35.000000 0.000000 0 0 1 0 0 0 0 0
Child: 467.689071 23.704562 239.000000 3136.322205 1679.952677 0.000000 -10.000000 0.000000 0.000000 0.000000 1 0 1 0 0 0 0 0
EGO_STATUS -1.748840 198.892331 3.000000 1.566992 8.514901 0.000000 2.940000
DYNAMIC_OBS_INFO 0 1.750000 233.497251 -1.570000 33.918899 1.750000 233.497251 0.000000 0.000000
DYNAMIC_OBS_INFO 1 60.052701 209.500000 3.140000 40.110295 37.158774 209.536462 10.922000 0.019158
DYNAMIC_OBS_INFO 2 -57.445474 212.500000 0.000000 14.559494 -8.786577 212.500000 21.694826 2.720750
Parent: 600.783276 32.299017 324.000000 3097.299269 3344.942345 0.000000 -10.000000 2.567001 34.000000 0.000000 1 0 1 0 0 0 0 0
EGO_STATUS -1.741454 199.758528 3.100000 1.556547 8.808901 0.000000 2.940000
DYNAMIC_OBS_INFO 0 1.750000 233.497251 -1.570000 33.026319 1.750000 233.497251 0.000000 0.000000
DYNAMIC_OBS_INFO 1 60.052701 209.500000 3.140000 38.818359 36.066480 209.538202 10.923916 0.019158
DYNAMIC_OBS_INFO 2 -57.445474 212.500000 0.000000 12.812640 -6.603490 212.500000 21.966901 2.720750
Parent: 601.490501 31.403486 316.000000 3097.298553 3363.112486 0.000000 -10.000000 2.467005 33.000000 0.000000 1 0 1 0 0 0 0 0
EGO_STATUS -1.721535 200.653893 3.200000 1.539612 9.102901 0.000000 2.940000
DYNAMIC_OBS_INFO 0 1.750000 233.497251 -1.570000 32.103204 1.750000 233.497251 0.000000 0.000000
DYNAMIC_OBS_INFO 1 60.052701 209.500000 3.140000 37.511064 34.973994 209.539942 10.925831 0.019158
DYNAMIC_OBS_INFO 2 -57.445474 212.500000 0.000000 11.253326 -4.393197 212.500000 22.238976 2.720750
Parent: 602.982757 30.478440 306.000000 3097.297700 3354.489900 0.000000 -10.000000 2.367001 32.000000 0.000000 1 0 1 0 0 0 0 0
EGO_STATUS -1.682362 201.578063 3.300000 1.516411 9.396901 0.000000 2.940000
DYNAMIC_OBS_INFO 0 1.750000 233.497251 -1.570000 31.149538 1.750000 233.497251 0.000000 0.000000
DYNAMIC_OBS_INFO 1 60.052701 209.500000 3.140000 36.184000 33.881316 209.541682 10.927747 0.019158
DYNAMIC_OBS_INFO 2 -57.445474 212.500000 0.000000 9.984344 -2.155695 212.500000 22.511051 2.720750
Parent: 603.020829 29.523941 297.000000 3097.295341 3358.512526 0.000000 -10.000000 2.266995 31.000000 0.000000 1 0 1 0 0 0 0 0
EGO_STATUS -1.616868 202.530206 3.400000 1.487038 9.690901 0.000000 2.940000
DYNAMIC_OBS_INFO 0 1.750000 233.497251 -1.570000 30.165807 1.750000 233.497251 0.000000 0.000000
DYNAMIC_OBS_INFO 1 60.052701 209.500000 3.140000 34.832669 32.788447 209.543423 10.929663 0.019158
DYNAMIC_OBS_INFO 2 -57.445474 212.500000 0.000000 9.137007 0.109014 212.500000 22.783126 2.720750
Parent: 603.624250 28.540095 287.000000 3097.294381 3353.217893 0.000000 -10.000000 2.166991 30.000000 0.000000 1 0 1 0 0 0 0 0
EGO_STATUS -1.517526 203.508934 3.500000 1.451425 9.984901 0.000000 2.940000
DYNAMIC_OBS_INFO 0 1.750000 233.497251 -1.570000 29.153196 1.750000 233.497251 0.000000 0.000000
DYNAMIC_OBS_INFO 1 60.052701 209.500000 3.140000 33.452326 31.695387 209.545163 10.931579 0.019158
DYNAMIC_OBS_INFO 2 -57.445474 212.500000 0.000000 8.835842 2.400930 212.500000 23.055201 2.720750
Parent: 768.882046 20.109224 203.000000 13.236047 3600.051688 456.256345 -10.000000 3.692637 39.000000 0.000000 0 0 0 0 0 0 0 0
Child: 456.256345 17.847030 180.000000 3069.273493 1532.396518 0.000000 0.000000 0.000000 0.000000 0.000000 1 0 0 0 0 0 0 0
EGO_STATUS -1.376156 204.512151 3.600000 1.409331 10.278901 0.000000 2.940000
DYNAMIC_OBS_INFO 0 1.750000 233.497251 -1.570000 28.128624 1.750000 233.497251 0.000000 0.000000
DYNAMIC_OBS_INFO 1 60.052701 209.500000 3.140000 32.042823 30.602134 209.546905 10.933495 0.019158
DYNAMIC_OBS_INFO 2 -57.445474 212.500000 0.000000 9.142206 4.720054 212.500000 23.327276 2.720750
Parent: 656.394046 37.627056 378.000000 3045.389251 3994.152675 0.000000 -10.000000 3.660611 38.000000 0.000000 1 0 0 0 0 0 0 0
EGO_STATUS -1.186946 205.522373 3.700000 1.361178 10.278901 4.000000 0.000000
DYNAMIC_OBS_INFO 0 1.750000 233.497251 -1.570000 27.110023 1.750000 233.497251 0.000000 0.000000
DYNAMIC_OBS_INFO 1 60.052701 209.500000 3.140000 30.605589 29.508690 209.548646 10.935410 0.019158
DYNAMIC_OBS_INFO 2 -57.445474 212.500000 0.000000 9.997597 7.066385 212.500000 23.599351 2.720750
Parent: 656.556213 36.599063 367.000000 3045.389605 3973.871812 0.000000 -10.000000 3.560601 37.000000 0.000000 1 0 0 0 0 0 0 0
EGO_STATUS -0.946846 206.521700 3.800000 1.308227 10.278901 4.000000 0.000000
DYNAMIC_OBS_INFO 0 1.750000 233.497251 -1.570000 26.101711 1.750000 233.497251 0.000000 0.000000
DYNAMIC_OBS_INFO 1 60.052701 209.500000 3.140000 29.139082 28.415055 209.550388 10.937326 0.019158
DYNAMIC_OBS_INFO 2 -57.445474 212.500000 0.000000 11.260049 9.439924 212.500000 23.871426 2.720750
Parent: 656.431412 35.571074 357.000000 3045.389573 3969.652662 0.000000 -10.000000 3.460591 36.000000 0.000000 1 0 0 0 0 0 0 0
EGO_STATUS -0.652244 207.506320 3.900000 1.251455 10.278901 4.000000 0.000000
DYNAMIC_OBS_INFO 0 1.750000 233.497251 -1.570000 25.109082 1.750000 233.497251 0.000000 0.000000
DYNAMIC_OBS_INFO 1 60.052701 209.500000 3.140000 27.643017 27.321228 209.552130 10.939242 0.019158
DYNAMIC_OBS_INFO 2 -57.445474 212.500000 0.000000 12.792060 11.840671 212.500000 24.143501 2.720750
Parent: 654.340248 34.543088 347.000000 3045.389150 3956.067894 0.000000 -10.000000 3.360582 36.000000 0.000000 1 0 0 0 0 0 0 0
EGO_STATUS -0.300681 208.472050 4.000000 1.191512 10.278901 4.000000 0.000000
DYNAMIC_OBS_INFO 0 1.750000 233.497251 -1.570000 24.138679 1.750000 233.497251 0.000000 0.000000
DYNAMIC_OBS_INFO 1 60.052701 209.500000 3.140000 26.118136 26.227209 209.553872 10.941158 0.019158
DYNAMIC_OBS_INFO 2 -57.445474 212.500000 0.000000 14.491493 14.268625 212.500000 24.415576 2.720750
Parent: 653.805334 33.515105 337.000000 3045.389058 3948.430122 0.000000 -10.000000 3.260573 35.000000 0.000000 1 0 0 0 0 0 0 0
EGO_STATUS 0.109446 209.414386 4.100000 1.128758 10.278901 4.000000 0.000000
DYNAMIC_OBS_INFO 0 1.750000 233.497251 -1.570000 23.198316 1.750000 233.497251 0.000000 0.000000
DYNAMIC_OBS_INFO 1 60.052701 209.500000 3.140000 24.566080 25.132999 209.555615 10.943074 0.019158
DYNAMIC_OBS_INFO 2 -57.445474 212.500000 0.000000 16.290086 16.723786 212.500000 24.687651 2.720750
Parent: 654.917620 32.487432 326.000000 3045.387442 3936.290610 0.000000 -10.000000 3.160594 34.000000 0.000000 1 0 0 0 0 0 0 0
EGO_STATUS 0.579080 210.328505 4.200000 1.063339 10.278901 4.000000 0.000000
DYNAMIC_OBS_INFO 0 1.750000 233.497251 -1.570000 22.297227 1.750000 233.497251 0.000000 0.000000
DYNAMIC_OBS_INFO 1 60.052701 209.500000 3.140000 22.989392 24.038597 209.557358 10.944990 0.019158
DYNAMIC_OBS_INFO 2 -57.445474 212.500000 0.000000 18.143495 19.206155 212.500000 24.959726 2.720750
Parent: 620.308607 20.435104 206.000000 10.611775 2085.101420 441.055552 0.000000 4.359282 33.000000 0.000000 0 0 0 0 0 0 0 0
Child: 441.055552 10.592966 107.000000 3041.856847 1413.263873 0.000000 0.000000 0.000000 0.000000 0.000000 1 0 0 0 0 0 0 0
EGO_STATUS 1.108630 211.209251 4.300000 0.995263 10.278901 4.000000 0.000000
DYNAMIC_OBS_INFO 0 1.750000 233.497251 -1.570000 21.457954 1.750000 233.497251 0.000000 0.000000
DYNAMIC_OBS_INFO 1 60.052701 209.500000 3.140000 21.399106 22.944004 209.559101 10.946905 0.019158
DYNAMIC_OBS_INFO 2 -57.445474 212.500000 0.000000 20.031904 21.715731 212.500000 25.231801 2.720750
Parent: 638.139487 30.299909 304.000000 3046.151450 3656.967542 0.000000 0.000000 3.034573 33.000000 0.000000 1 0 0 0 0 0 0 0
EGO_STATUS 1.689124 212.039383 4.400000 0.925459 9.984901 3.000000 -2.940000
DYNAMIC_OBS_INFO 0 1.750000 233.497251 -1.570000 20.690078 1.750000 233.497251 0.000000 0.000000
DYNAMIC_OBS_INFO 1 60.052701 209.500000 3.140000 19.800813 21.849219 209.560845 10.948821 0.019158
DYNAMIC_OBS_INFO 2 -57.445474 212.500000 0.000000 21.937145 24.252515 212.500000 25.503876 2.720750
Parent: 613.647939 20.435104 206.000000 34.576823 2085.101420 430.427879 0.000000 4.948967 32.000000 0.000000 0 0 0 1 0 0 0 0
Child: 430.427879 8.585625 87.000000 3087.083552 1375.867602 0.000000 -10.000000 0.000000 0.000000 0.000000 1 0 0 0 1 0 0 0
EGO_STATUS 2.317631 212.814962 4.500000 0.853477 9.984901 4.000000 0.000000
DYNAMIC_OBS_INFO 0 1.750000 233.497251 -1.570000 19.994517 1.750000 233.497251 0.000000 0.000000
DYNAMIC_OBS_INFO 1 60.052701 209.500000 3.140000 18.193062 20.754243 209.562589 10.950737 0.019158
DYNAMIC_OBS_INFO 2 -57.445474 212.500000 0.000000 23.837573 26.816507 212.500000 25.775951 2.720750
Parent: 610.209428 20.435104 206.000000 34.576823 2085.101420 426.089367 0.000000 4.848968 31.000000 0.000000 0 0 0 1 0 0 0 0
Child: 426.089367 7.587146 77.000000 3087.081460 1338.677815 0.000000 -10.000000 0.000000 0.000000 0.000000 1 0 0 0 1 0 0 0
EGO_STATUS 3.001717 213.541954 4.600000 0.777283 9.984901 4.000000 0.000000
DYNAMIC_OBS_INFO 0 1.750000 233.497251 -1.570000 19.387452 1.750000 233.497251 0.000000 0.000000
DYNAMIC_OBS_INFO 1 60.052701 209.500000 3.140000 16.582504 19.659075 209.564333 10.952653 0.019158
DYNAMIC_OBS_INFO 2 -57.445474 212.500000 0.000000 25.723461 29.407705 212.500000 26.048026 2.720750
Parent: 601.431513 20.435104 206.000000 34.576823 2085.101420 417.411450 0.000000 4.748968 31.000000 0.000000 0 0 0 1 0 0 0 0
Child: 417.411450 6.588663 67.000000 3087.077994 1259.261388 0.000000 -10.000000 0.000000 0.000000 0.000000 1 0 0 0 1 0 0 0
EGO_STATUS 3.741300 214.212334 4.700000 0.693843 9.984901 4.000000 0.000000
DYNAMIC_OBS_INFO 0 1.750000 233.497251 -1.570000 18.889921 1.750000 233.497251 0.000000 0.000000
DYNAMIC_OBS_INFO 1 60.052701 209.500000 3.140000 14.975817 18.563715 209.566078 10.954569 0.019158
DYNAMIC_OBS_INFO 2 -57.445474 212.500000 0.000000 27.585786 32.026112 212.500000 26.320101 2.720750
Parent: 585.274117 20.435104 206.000000 34.576823 2085.101420 400.354054 0.000000 4.648969 30.000000 0.000000 0 0 0 1 0 0 0 0
Child: 400.354054 5.590179 57.000000 3087.072905 1097.083049 0.000000 -10.000000 0.000000 0.000000 0.000000 1 0 0 0 1 0 0 0
EGO_STATUS 4.537563 214.814141 4.800000 0.598149 9.984901 4.000000 0.000000
DYNAMIC_OBS_INFO 0 1.750000 233.497251 -1.570000 18.528238 1.750000 233.497251 0.000000 0.000000
DYNAMIC_OBS_INFO 1 60.052701 209.500000 3.140000 13.380975 17.468164 209.567822 10.956484 0.019158
DYNAMIC_OBS_INFO 2 -57.445474 212.500000 0.000000 29.416600 34.671726 212.500000 26.592176 2.720750
Parent: 568.285417 10.000000 101.000000 20.000000 15.147906 599.056465 0.000000 4.748961 39.000000 0.000000 0 0 1 0 0 0 0 0
Child: 599.056465 20.435104 206.000000 11.182071 2085.101420 391.106119 0.000000 0.000000 0.000000 0.000000 0 0 0 0 0 0 0 0
Child: 391.106119 4.591696 47.000000 3079.854360 923.456839 0.000000 0.000000 0.000000 0.000000 0.000000 1 0 0 1 0 0 0 0
EGO_STATUS 5.391611 215.330406 4.900000 0.486569 9.984901 4.000000 0.000000
DYNAMIC_OBS_INFO 0 1.750000 233.497251 -1.570000 18.333422 1.750000 233.497251 0.000000 0.000000
DYNAMIC_OBS_INFO 1 60.052701 209.500000 3.140000 11.829975 16.372421 209.569568 10.958400 0.019158
DYNAMIC_OBS_INFO 2 -57.445474 212.500000 0.000000 31.238621 37.344547 212.500000 26.864251 2.720750
Parent: 521.118288 10.000000 101.000000 0.000000 15.147906 563.667919 -10.000000 4.950577 39.000000 0.000000 0 0 0 0 0 0 0 0
Child: 563.667919 20.435104 206.000000 11.181941 2085.101420 355.717586 0.000000 0.000000 0.000000 0.000000 0 0 0 0 0 0 0 0
Child: 355.717586 3.622651 38.000000 3078.321350 757.893720 0.000000 -10.000000 0.000000 0.000000 0.000000 1 0 0 1 0 0 0 0
EGO_STATUS 6.273427 215.730626 5.000000 0.363864 9.396901 1.000000 -5.880000
DYNAMIC_OBS_INFO 0 1.750000 233.497251 -1.570000 18.307172 1.750000 233.497251 0.000000 0.000000
DYNAMIC_OBS_INFO 1 60.052701 209.500000 3.140000 10.369644 15.276486 209.571313 10.960316 0.019158
DYNAMIC_OBS_INFO 2 -57.445474 212.500000 0.000000 33.088755 40.044576 212.500000 27.136326 2.720750
TIMEOUT
