STATIC_OBS_INIT_INFO 0 -6.300000 77.510466
STATIC_OBS_INIT_INFO 1 -6.300000 63.654234
Parent: -28.785216 10.000000 101.000000 0.000000 15.150000 17.573341 -10.000000 2.141443 40.000000 0.000000 0 0 0 0 0 0 0 0
Child: 17.573341 24.248312 244.000000 11.958293 265.500000 0.000000 -10.000000 0.000000 0.000000 0.000000 0 0 0 0 0 0 0 0
EGO_STATUS -5.750000 13.760520 0.000000 1.570796 15.993100 4.000000 0.000000
DYNAMIC_OBS_INFO 0 -5.750000 30.413478 1.570796 15.053648 -5.750000 30.413478 15.634521 1.263302
DYNAMIC_OBS_INFO 1 -1.750000 35.398914 1.570796 20.434402 -1.750000 35.398914 10.250806 2.571230
STATIC_OBS_INFO 0 -6.300000 77.510466 62.153070 
STATIC_OBS_INFO 1 -6.300000 63.654234 48.297535 
Parent: -47.393731 10.000000 102.000000 0.000000 15.300000 6.439557 -10.000000 2.666713 48.000000 0.000000 0 0 0 0 0 0 0 0
Child: 6.439557 10.000000 101.000000 0.000000 15.150000 14.939557 -10.000000 0.000000 0.000000 0.000000 0 0 0 0 0 0 0 0
Child: 14.939557 22.649001 228.000000 11.958260 239.100000 0.000000 -10.000000 0.000000 0.000000 0.000000 0 0 0 0 0 0 0 0
EGO_STATUS -5.749988 15.359830 0.100000 1.570761 15.993100 4.000000 0.000000
DYNAMIC_OBS_INFO 0 -5.750000 30.413478 1.570796 15.024106 -5.750000 31.983246 15.760851 1.263302
DYNAMIC_OBS_INFO 1 -1.750000 35.398914 1.570796 18.868561 -1.750000 35.398914 10.250806 2.571230
STATIC_OBS_INFO 0 -6.300000 77.510466 60.553827 
STATIC_OBS_INFO 1 -6.300000 63.654234 46.698336 
Parent: -49.126745 10.000000 102.000000 0.000000 15.300000 3.806543 -10.000000 2.566713 47.000000 0.000000 0 0 0 0 0 0 0 0
Child: 3.806543 10.000000 101.000000 0.000000 15.150000 12.306543 -10.000000 0.000000 0.000000 0.000000 0 0 0 0 0 0 0 0
Child: 12.306543 21.049692 212.000000 11.958259 212.700000 0.000000 -10.000000 0.000000 0.000000 0.000000 0 0 0 0 0 0 0 0
EGO_STATUS -5.749667 16.959140 0.200000 1.570302 15.993100 4.000000 0.000000
DYNAMIC_OBS_INFO 0 -5.750000 30.413478 1.570796 15.007199 -5.750000 33.565648 15.887182 1.263302
DYNAMIC_OBS_INFO 1 -1.750000 35.398914 1.570796 17.308480 -1.750000 35.398914 10.250806 2.571230
STATIC_OBS_INFO 0 -6.300000 77.510466 58.954604 
STATIC_OBS_INFO 1 -6.300000 63.654234 45.099166 
Parent: -49.858800 10.000000 102.000000 0.000000 15.300000 1.174487 -10.000000 2.466713 45.000000 0.000000 0 0 0 0 0 0 0 0
Child: 1.174487 10.000000 101.000000 0.000000 15.150000 9.674487 -10.000000 0.000000 0.000000 0.000000 0 0 0 0 0 0 0 0
Child: 9.674487 19.450382 196.000000 11.958291 186.300000 0.000000 -10.000000 0.000000 0.000000 0.000000 0 0 0 0 0 0 0 0
EGO_STATUS -5.747775 18.558449 0.300000 1.568661 15.993100 4.000000 0.000000
DYNAMIC_OBS_INFO 0 -5.750000 30.413478 1.570796 15.002938 -5.750000 35.160683 16.013512 1.263302
DYNAMIC_OBS_INFO 1 -1.750000 35.398914 1.570796 15.755244 -1.750000 35.398914 10.250806 2.571230
STATIC_OBS_INFO 0 -6.300000 77.510466 57.355435 
STATIC_OBS_INFO 1 -6.300000 63.654234 43.500068 
Parent: -50.589643 10.000000 102.000000 0.000000 15.300000 -1.456355 -10.000000 2.366713 43.000000 0.000000 0 0 0 0 0 0 0 0
Child: -1.456355 10.000000 101.000000 0.000000 15.150000 7.043645 -10.000000 0.000000 0.000000 0.000000 0 0 0 0 0 0 0 0
Child: 7.043645 17.851072 180.000000 11.958362 159.900000 0.000000 -10.000000 0.000000 0.000000 0.000000 0 0 0 0 0 0 0 0
EGO_STATUS -5.741809 20.157747 0.400000 1.565111 15.993100 4.000000 0.000000
DYNAMIC_OBS_INFO 0 -5.750000 30.413478 1.570796 15.011368 -5.750000 36.768350 16.139842 1.263302
DYNAMIC_OBS_INFO 1 -1.750000 35.398914 1.570796 14.210182 -1.750000 35.398914 10.250806 2.571230
STATIC_OBS_INFO 0 -6.300000 77.510466 55.756398 
STATIC_OBS_INFO 1 -6.300000 63.654234 41.901135 
Parent: -52.318918 10.000000 102.000000 0.000000 15.300000 -4.085630 -10.000000 2.266713 42.000000 0.000000 0 0 0 0 0 0 0 0
Child: -4.085630 10.000000 101.000000 0.000000 15.150000 4.414370 -10.000000 0.000000 0.000000 0.000000 0 0 0 0 0 0 0 0
Child: 4.414370 16.251763 164.000000 11.958471 133.500000 0.000000 -10.000000 0.000000 0.000000 0.000000 0 0 0 0 0 0 0 0
EGO_STATUS -5.728366 21.756998 0.500000 1.559291 15.993100 4.000000 0.000000
DYNAMIC_OBS_INFO 0 -5.750000 30.413478 1.570796 15.032605 -5.750000 38.388651 16.266172 1.263302
DYNAMIC_OBS_INFO 1 -1.750000 35.398914 1.570796 12.675261 -1.750000 35.398914 10.250806 2.571230
STATIC_OBS_INFO 0 -6.300000 77.510466 54.157630 
STATIC_OBS_INFO 1 -6.300000 63.654234 40.302526 
Parent: -53.046119 10.000000 102.000000 0.000000 15.300000 -6.712832 -10.000000 2.166713 40.000000 0.000000 0 0 0 0 0 0 0 0
Child: -6.712832 10.000000 101.000000 0.000000 15.150000 1.787168 -10.000000 0.000000 0.000000 0.000000 0 0 0 0 0 0 0 0
Child: 1.787168 14.652453 148.000000 11.958619 107.100000 0.000000 -10.000000 0.000000 0.000000 0.000000 0 0 0 0 0 0 0 0
EGO_STATUS -5.703894 23.356117 0.600000 1.551404 15.993100 4.000000 0.000000
DYNAMIC_OBS_INFO 0 -5.750000 30.413478 1.570796 15.066856 -5.750000 40.021585 16.392502 1.263302
DYNAMIC_OBS_INFO 1 -1.750000 35.398914 1.570796 11.153859 -1.750000 35.398914 10.250806 2.571230
STATIC_OBS_INFO 0 -6.300000 77.510466 52.559330 
STATIC_OBS_INFO 1 -6.300000 63.654234 38.704468 
Parent: 269.354591 30.290952 304.000000 11.319146 3032.100000 11.109152 0.000000 3.995231 49.000000 0.000000 0 0 0 0 0 0 0 0
Child: 11.109152 13.053144 132.000000 27.441372 84.900000 0.000000 0.000000 0.000000 0.000000 0.000000 0 0 0 1 0 0 0 0
EGO_STATUS -5.665672 24.954964 0.700000 1.542284 15.993100 4.000000 0.000000
DYNAMIC_OBS_INFO 0 -5.750000 30.413478 1.570796 15.143774 -5.750000 41.667152 16.518832 1.263302
DYNAMIC_OBS_INFO 1 -1.750000 35.398914 1.570796 9.679564 -1.750000 35.398914 10.250806 2.571230
STATIC_OBS_INFO 0 -6.300000 77.510466 50.991093 
STATIC_OBS_INFO 1 -6.300000 63.654234 37.136583 
Parent: 259.041670 30.290952 304.000000 11.319112 3032.100000 -1.103773 0.000000 3.895238 47.000000 0.000000 0 0 0 0 0 0 0 0
Child: -1.103773 11.483260 116.000000 26.566673 63.300000 0.000000 -10.000000 0.000000 0.000000 0.000000 0 0 0 1 0 0 0 0
EGO_STATUS -5.613891 26.523989 0.800000 1.533498 15.405100 1.000000 -5.880000
DYNAMIC_OBS_INFO 0 -5.750000 30.413478 1.570796 15.292810 -5.750000 43.325351 16.645163 1.263302
DYNAMIC_OBS_INFO 1 -1.750000 35.398914 1.570796 8.288607 -1.750000 35.398914 10.250806 2.571230
STATIC_OBS_INFO 0 -6.300000 77.510466 49.482296 
STATIC_OBS_INFO 1 -6.300000 63.654234 35.628262 
Parent: 259.244836 30.290952 304.000000 11.319095 3032.100000 -2.800608 0.000000 3.795242 45.000000 0.000000 0 0 0 0 0 0 0 0
Child: -2.800608 9.972163 101.000000 26.566833 46.350000 0.000000 -10.000000 0.000000 0.000000 0.000000 0 0 0 1 0 0 0 0
EGO_STATUS -5.552160 28.033822 0.900000 1.526794 14.817100 1.000000 -5.880000
DYNAMIC_OBS_INFO 0 -5.750000 30.413478 1.570796 15.513880 -5.750000 44.996184 16.771493 1.263302
DYNAMIC_OBS_INFO 1 -1.750000 35.398914 1.570796 6.995207 -1.750000 35.398914 10.250806 2.571230
STATIC_OBS_INFO 0 -6.300000 77.510466 48.032814 
STATIC_OBS_INFO 1 -6.300000 63.654234 34.179382 
Parent: 258.705306 30.290952 304.000000 11.319048 3032.100000 -4.240144 0.000000 3.695251 44.000000 0.000000 0 0 0 0 0 0 0 0
Child: -4.240144 8.519889 87.000000 26.566199 32.250000 0.000000 -10.000000 0.000000 0.000000 0.000000 0 0 0 1 0 0 0 0
EGO_STATUS -5.485417 29.484560 1.000000 1.523477 14.229100 1.000000 -5.880000
DYNAMIC_OBS_INFO 0 -5.750000 30.413478 1.570796 15.806600 -5.750000 46.679650 16.897823 1.263302
DYNAMIC_OBS_INFO 1 -1.750000 35.398914 1.570796 5.823915 -1.750000 35.398914 10.250806 2.571230
STATIC_OBS_INFO 0 -6.300000 77.510466 46.642272 
STATIC_OBS_INFO 1 -6.300000 63.654234 32.789552 
Parent: 258.562099 30.290952 304.000000 11.319035 3032.100000 -5.283352 0.000000 3.595254 43.000000 0.000000 0 0 0 0 0 0 0 0
Child: -5.283352 7.126389 73.000000 26.565542 21.750000 0.000000 -10.000000 0.000000 0.000000 0.000000 0 0 0 1 0 0 0 0
EGO_STATUS -5.419577 30.876504 1.100000 1.524304 13.641100 1.000000 -5.880000
DYNAMIC_OBS_INFO 0 -5.750000 30.413478 1.570796 16.170579 -5.750000 48.375749 17.024153 1.263302
DYNAMIC_OBS_INFO 1 -1.750000 35.398914 1.570796 4.817191 -1.750000 35.398914 10.250806 2.571230
STATIC_OBS_INFO 0 -6.300000 77.510466 45.310346 
STATIC_OBS_INFO 1 -6.300000 63.654234 31.458405 
Parent: 259.722333 30.290952 304.000000 11.318985 3032.100000 -6.023123 0.000000 3.495265 41.000000 0.000000 0 0 0 0 0 0 0 0
Child: -6.023123 5.791717 59.000000 26.562288 13.950000 0.000000 -10.000000 0.000000 0.000000 0.000000 0 0 0 1 0 0 0 0
EGO_STATUS -5.360440 32.209863 1.200000 1.529334 13.053100 1.000000 -5.880000
DYNAMIC_OBS_INFO 0 -5.750000 30.413478 1.570796 16.605402 -5.750000 50.084480 17.150483 1.263302
DYNAMIC_OBS_INFO 1 -1.750000 35.398914 1.570796 4.044272 -1.750000 35.398914 10.250806 2.571230
STATIC_OBS_INFO 0 -6.300000 77.510466 44.036697 
STATIC_OBS_INFO 1 -6.300000 63.654234 30.185547 
Parent: -43.514493 10.000000 102.000000 0.000000 15.300000 -6.981251 -10.000000 1.966758 30.000000 0.000000 0 0 0 0 0 0 0 0
Child: -6.981251 10.000000 101.000000 0.000000 15.150000 1.518749 -10.000000 0.000000 0.000000 0.000000 0 0 0 0 0 0 0 0
Child: 1.518749 4.515842 47.000000 7.256840 8.550000 0.000000 0.000000 0.000000 0.000000 0.000000 0 0 0 0 0 0 0 0
EGO_STATUS -5.312647 33.484839 1.300000 1.537859 12.465100 1.000000 -5.880000
DYNAMIC_OBS_INFO 0 -5.750000 30.413478 1.570796 17.081495 -5.750000 51.805845 17.276813 1.263302
DYNAMIC_OBS_INFO 1 -1.750000 35.398914 1.570796 3.590891 -1.750000 35.398914 10.250806 2.571230
STATIC_OBS_INFO 0 -6.300000 77.510466 42.791801 
STATIC_OBS_INFO 1 -6.300000 63.654234 28.941410 
Parent: 220.123707 33.598413 337.000000 11.266546 2537.750000 0.000000 0.000000 4.990444 39.000000 0.000000 0 0 0 0 0 0 0 0
EGO_STATUS -5.278203 34.730867 1.400000 1.548730 12.465100 4.000000 0.000000
DYNAMIC_OBS_INFO 0 -5.750000 30.413478 1.570796 17.581027 -5.750000 53.539843 17.403144 1.263302
DYNAMIC_OBS_INFO 1 -1.750000 35.398914 1.570796 3.553537 -1.750000 35.398914 10.250806 2.571230
STATIC_OBS_INFO 0 -6.300000 77.510466 41.557830 
STATIC_OBS_INFO 1 -6.300000 63.654234 27.708131 
Parent: 210.840198 32.363404 325.000000 11.265928 2538.950000 0.000000 -10.000000 4.890446 38.000000 0.000000 0 0 0 0 0 0 0 0
EGO_STATUS -5.258045 35.965701 1.500000 1.560114 12.235359 6.000000 -2.297411
DYNAMIC_OBS_INFO 0 -5.750000 30.413478 1.570796 18.115625 -5.750000 55.286474 17.529474 1.263302
DYNAMIC_OBS_INFO 1 -1.750000 35.398914 1.570796 3.927164 -1.750000 35.398914 10.250806 2.571230
STATIC_OBS_INFO 0 -6.300000 77.510466 40.346383 
STATIC_OBS_INFO 1 -6.300000 63.654234 26.497281 
Parent: 212.511439 31.151369 313.000000 11.265558 2538.050000 0.000000 -10.000000 4.790448 36.000000 0.000000 0 0 0 0 0 0 0 0
EGO_STATUS -5.251211 37.177717 1.600000 1.569800 12.005618 6.000000 -2.297410
DYNAMIC_OBS_INFO 0 -5.750000 30.413478 1.570796 18.685538 -5.750000 57.045738 17.655804 1.263302
DYNAMIC_OBS_INFO 1 -1.750000 35.398914 1.570796 4.592159 -1.750000 35.398914 10.250806 2.571230
STATIC_OBS_INFO 0 -6.300000 77.510466 39.157655 
STATIC_OBS_INFO 1 -6.300000 63.654234 25.309070 
Parent: 972.089467 10.217552 104.000000 11.363500 10262.800000 -6.789043 0.000000 4.486202 35.000000 0.000000 0 0 0 0 0 0 0 0
Child: -6.789043 10.000000 102.000000 0.000000 15.300000 1.710957 -10.000000 0.000000 0.000000 0.000000 0 0 0 0 0 0 0 0
Child: 1.710957 9.633374 98.000000 2.705510 14.700000 0.000000 0.000000 0.000000 0.000000 0.000000 0 0 0 0 0 0 0 0
EGO_STATUS -5.254241 38.366778 1.700000 1.576283 11.775877 6.000000 -2.297409
DYNAMIC_OBS_INFO 0 -5.750000 30.413478 1.570796 19.294186 -5.750000 58.817635 17.782134 1.263302
DYNAMIC_OBS_INFO 1 -1.750000 35.398914 1.570796 5.422156 -1.750000 35.398914 10.250806 2.571230
STATIC_OBS_INFO 0 -6.300000 77.510466 37.995026 
STATIC_OBS_INFO 1 -6.300000 63.654234 24.146926 
Parent: 962.815504 10.217552 104.000000 11.363425 10262.800000 -16.963010 0.000000 4.386214 34.000000 0.000000 0 0 0 0 0 0 0 0
Child: -16.963010 10.000000 102.000000 0.000000 15.300000 -8.463010 -10.000000 0.000000 0.000000 0.000000 0 0 0 0 0 0 0 0
Child: -8.463010 8.470513 86.000000 2.704857 12.900000 0.000000 -10.000000 0.000000 0.000000 0.000000 0 0 0 0 0 0 0 0
EGO_STATUS -5.262424 39.529610 1.800000 1.578686 11.481877 3.000000 -2.940000
DYNAMIC_OBS_INFO 0 -5.750000 30.413478 1.570796 19.944881 -5.750000 60.602165 17.908464 1.263302
DYNAMIC_OBS_INFO 1 -1.750000 35.398914 1.570796 5.500630 -1.750000 36.436851 10.507929 2.571230
STATIC_OBS_INFO 0 -6.300000 77.510466 36.861795 
STATIC_OBS_INFO 1 -6.300000 63.654234 23.014216 
Parent: 338.853070 27.696453 278.000000 23.580715 3659.200000 0.000000 0.000000 4.946733 33.000000 0.000000 0 0 0 1 0 0 0 0
EGO_STATUS -5.270830 40.663041 1.900000 1.577167 11.187877 3.000000 -2.940000
DYNAMIC_OBS_INFO 0 -5.750000 30.413478 1.570796 20.652383 -5.750000 62.399328 18.034794 1.263302
DYNAMIC_OBS_INFO 1 -1.750000 35.398914 1.570796 5.523502 -1.750000 37.500500 10.765052 2.571230
STATIC_OBS_INFO 0 -6.300000 77.510466 35.772742 
STATIC_OBS_INFO 1 -6.300000 63.654234 21.925781 
Parent: 974.505716 10.217552 104.000000 8.229417 10262.800000 -7.280343 0.000000 4.701661 32.000000 0.000000 0 0 0 0 0 1 0 0
Child: -7.280343 10.000000 102.000000 0.000000 15.300000 1.219657 -10.000000 0.000000 0.000000 0.000000 0 0 0 0 0 0 0 0
Child: 1.219657 6.247693 64.000000 2.893903 9.600000 0.000000 0.000000 0.000000 0.000000 0.000000 0 0 0 0 0 0 0 0
EGO_STATUS -5.275690 41.752392 2.000000 1.573009 10.599877 1.000000 -5.880000
DYNAMIC_OBS_INFO 0 -5.750000 30.413478 1.570796 21.416743 -5.750000 64.209124 18.161125 1.263302
DYNAMIC_OBS_INFO 1 -1.750000 35.398914 1.570796 5.489319 -1.750000 38.589861 11.022175 2.571230
STATIC_OBS_INFO 0 -6.300000 77.510466 34.727945 
STATIC_OBS_INFO 1 -6.300000 63.654234 20.881751 
Parent: 484.144880 25.673736 258.000000 22.763853 5104.000000 0.000000 0.000000 4.977519 31.000000 0.000000 0 0 0 1 0 0 0 0
EGO_STATUS -5.275222 42.797644 2.100000 1.567607 10.305877 3.000000 -2.940000
DYNAMIC_OBS_INFO 0 -5.750000 30.413478 1.570796 22.237928 -5.750000 66.031553 18.287455 1.263302
DYNAMIC_OBS_INFO 1 -1.750000 35.398914 1.570796 5.398892 -1.750000 39.704935 11.279298 2.571230
STATIC_OBS_INFO 0 -6.300000 77.510466 33.727395 
STATIC_OBS_INFO 1 -6.300000 63.654234 19.882136 
Parent: 978.348332 10.217552 104.000000 33.174143 10262.800000 -7.671114 0.000000 4.484337 30.000000 0.000000 0 0 1 0 0 0 0 0
Child: -7.671114 10.000000 102.000000 0.000000 15.300000 0.828886 -10.000000 0.000000 0.000000 0.000000 0 0 0 0 0 0 0 0
Child: 0.828886 4.201261 44.000000 2.080959 6.600000 0.000000 0.000000 0.000000 0.000000 0.000000 0 0 0 0 0 0 0 0
EGO_STATUS -5.269689 43.798812 2.200000 1.563286 9.717877 1.000000 -5.880000
DYNAMIC_OBS_INFO 0 -5.750000 30.413478 1.570796 23.115951 -5.750000 67.866615 18.413785 1.263302
DYNAMIC_OBS_INFO 1 -1.750000 35.398914 1.570796 5.255476 -1.750000 40.845721 11.536421 2.571230
STATIC_OBS_INFO 0 -6.300000 77.510466 32.771098 
STATIC_OBS_INFO 1 -6.300000 63.654234 18.926917 
Parent: -22.097086 10.000000 102.000000 20.000000 15.300000 -9.315067 0.000000 2.757197 19.000000 0.000000 0 0 0 1 0 0 0 0
Child: -9.315067 3.244214 34.000000 2.078236 5.100000 0.000000 -10.000000 0.000000 0.000000 0.000000 0 0 0 0 0 0 0 0
EGO_STATUS -5.261569 44.755825 2.300000 1.561924 9.423877 3.000000 -2.940000
DYNAMIC_OBS_INFO 0 -5.750000 30.413478 1.570796 24.035976 -5.750000 69.714310 18.540115 1.263302
DYNAMIC_OBS_INFO 1 -1.750000 35.398914 1.570796 5.075182 -1.750000 42.012219 11.793544 2.571230
STATIC_OBS_INFO 0 -6.300000 77.510466 31.844195 
STATIC_OBS_INFO 1 -6.300000 63.654234 18.001189 
Parent: -21.342291 10.000000 102.000000 20.000000 15.300000 -9.460280 0.000000 2.657205 18.000000 0.000000 0 0 0 1 0 0 0 0
Child: -9.460280 2.316561 25.000000 2.074583 3.750000 0.000000 -10.000000 0.000000 0.000000 0.000000 0 0 0 0 0 0 0 0
EGO_STATUS -5.254219 45.683448 2.400000 1.564432 9.129877 3.000000 -2.940000
DYNAMIC_OBS_INFO 0 -5.750000 30.413478 1.570796 24.997905 -5.750000 71.574638 18.666445 1.263302
DYNAMIC_OBS_INFO 1 -1.750000 35.398914 1.570796 4.864104 -1.750000 43.204430 12.050667 2.571230
STATIC_OBS_INFO 0 -6.300000 77.510466 30.946544 
STATIC_OBS_INFO 1 -6.300000 63.654234 17.104739 
Parent: -20.618453 10.000000 102.000000 20.000000 15.300000 -9.636443 0.000000 2.557205 17.000000 0.000000 0 0 0 1 0 0 0 0
Child: -9.636443 1.418277 16.000000 1.701397 2.400000 0.000000 -10.000000 0.000000 0.000000 0.000000 0 0 0 0 0 0 0 0
EGO_STATUS -5.250485 46.581724 2.500000 1.568825 8.835877 3.000000 -2.940000
DYNAMIC_OBS_INFO 0 -5.750000 30.413478 1.570796 26.001839 -5.750000 73.447599 18.792775 1.263302
DYNAMIC_OBS_INFO 1 -1.750000 35.398914 1.570796 4.628146 -1.750000 44.422352 12.307790 2.571230
STATIC_OBS_INFO 0 -6.300000 77.510466 30.078233 
STATIC_OBS_INFO 1 -6.300000 63.654234 16.237654 
Parent: -19.986061 10.000000 102.000000 20.000000 15.300000 -9.904060 0.000000 2.457215 16.000000 0.000000 0 0 0 1 0 0 0 0
Child: -9.904060 0.549432 7.000000 0.172319 1.050000 0.000000 -10.000000 0.000000 0.000000 0.000000 0 0 0 0 0 0 0 0
EGO_STATUS -5.249949 47.450568 2.600000 1.570927 8.541877 3.000000 -2.940000
DYNAMIC_OBS_INFO 0 -5.750000 30.413478 1.570796 27.048116 -5.750000 75.333193 18.919106 1.263302
DYNAMIC_OBS_INFO 1 -1.750000 35.398914 1.570796 4.374226 -1.750000 45.665988 12.564913 2.571230
STATIC_OBS_INFO 0 -6.300000 77.510466 29.239627 
STATIC_OBS_INFO 1 -6.300000 63.654234 15.400372 
Parent: -19.224557 9.710302 99.000000 20.000000 14.850000 0.000000 -10.000000 2.357221 15.000000 0.000000 0 0 0 1 0 0 0 0
EGO_STATUS -5.250000 48.289698 2.700000 1.570796 8.228772 7.000000 -3.486645
DYNAMIC_OBS_INFO 0 -5.750000 30.413478 1.570796 28.140734 -5.750000 77.231420 19.045436 1.263302
DYNAMIC_OBS_INFO 1 -1.750000 35.398914 1.570796 4.112749 -1.750000 46.935335 12.822036 2.571230
STATIC_OBS_INFO 0 -6.300000 77.510466 28.434732 
STATIC_OBS_INFO 1 -6.300000 63.654234 14.596920 
Parent: -18.449930 8.904872 91.000000 20.000000 13.650000 0.000000 -10.000000 2.257224 14.000000 0.000000 0 0 0 1 0 0 0 0
EGO_STATUS -5.250000 49.095128 2.800000 1.570796 7.880109 7.000000 -3.486637
DYNAMIC_OBS_INFO 0 -5.750000 30.413478 1.570796 29.280907 -5.750000 79.142280 19.171766 1.263302
DYNAMIC_OBS_INFO 1 -1.750000 35.398914 1.570796 3.863164 -1.750000 48.230395 13.079159 2.571230
STATIC_OBS_INFO 0 -6.300000 77.510466 27.664758 
STATIC_OBS_INFO 1 -6.300000 63.654234 13.828513 
Parent: -18.662519 8.134358 83.000000 20.000000 12.450000 0.000000 -10.000000 2.157241 14.000000 0.000000 0 0 0 1 0 0 0 0
EGO_STATUS -5.250000 49.865642 2.900000 1.570796 7.531445 7.000000 -3.486631
DYNAMIC_OBS_INFO 0 -5.750000 30.413478 1.570796 30.468600 -5.750000 81.065773 19.298096 1.263302
DYNAMIC_OBS_INFO 1 -1.750000 35.398914 1.570796 3.654139 -1.750000 49.551167 13.336282 2.571230
STATIC_OBS_INFO 0 -6.300000 77.510466 26.929668 
STATIC_OBS_INFO 1 -6.300000 63.654234 13.095122 
Parent: -17.859935 7.398724 75.000000 20.000000 11.250000 0.000000 -10.000000 2.057263 13.000000 0.000000 0 0 0 1 0 0 0 0
EGO_STATUS -5.250000 50.601276 3.000000 1.570796 7.182785 7.000000 -3.486604
DYNAMIC_OBS_INFO 0 -5.750000 30.413478 1.570796 31.703724 -5.750000 83.001899 19.424426 1.263302
DYNAMIC_OBS_INFO 1 -1.750000 35.398914 1.570796 3.523293 -1.750000 50.897651 13.593405 2.571230
STATIC_OBS_INFO 0 -6.300000 77.510466 26.229373 
STATIC_OBS_INFO 1 -6.300000 63.654234 12.396663 
Parent: -17.068089 6.697882 68.000000 20.000000 10.200000 0.000000 -10.000000 1.957264 12.000000 0.000000 0 0 0 1 0 0 0 0
EGO_STATUS -5.250000 51.302118 3.100000 1.570796 6.834128 7.000000 -3.486567
DYNAMIC_OBS_INFO 0 -5.750000 30.413478 1.570796 32.986443 -5.750000 84.950658 19.550756 1.263302
DYNAMIC_OBS_INFO 1 -1.750000 35.398914 1.570796 3.512991 -1.750000 52.269848 13.850527 2.571230
STATIC_OBS_INFO 0 -6.300000 77.510466 25.564034 
STATIC_OBS_INFO 1 -6.300000 63.654234 11.733305 
Parent: -17.292104 6.031995 62.000000 20.000000 9.300000 0.000000 -10.000000 1.857292 12.000000 0.000000 0 0 0 1 0 0 0 0
EGO_STATUS -5.250000 51.968005 3.200000 1.570796 6.485472 7.000000 -3.486566
DYNAMIC_OBS_INFO 0 -5.750000 30.413478 1.570796 34.316673 -5.750000 86.912050 19.677087 1.263302
DYNAMIC_OBS_INFO 1 -1.750000 35.398914 1.570796 3.659535 -1.750000 53.667757 14.107650 2.571230
STATIC_OBS_INFO 0 -6.300000 77.510466 24.933564 
STATIC_OBS_INFO 1 -6.300000 63.654234 11.104965 
Parent: -16.503607 5.400980 56.000000 20.000000 8.400000 0.000000 -10.000000 1.757325 11.000000 0.000000 0 0 0 1 0 0 0 0
EGO_STATUS -5.250000 52.599020 3.300000 1.570796 6.136821 7.000000 -3.486512
DYNAMIC_OBS_INFO 0 -5.750000 30.413478 1.570796 35.694326 -5.750000 88.886076 19.803417 1.263302
DYNAMIC_OBS_INFO 1 -1.750000 35.398914 1.570796 3.980615 -1.750000 55.091378 14.364773 2.571230
STATIC_OBS_INFO 0 -6.300000 77.510466 24.337875 
STATIC_OBS_INFO 1 -6.300000 63.654234 10.511556 
Parent: -15.700057 4.804749 50.000000 20.000000 7.500000 0.000000 -10.000000 1.657331 10.000000 0.000000 0 0 0 1 0 0 0 0
EGO_STATUS -5.250000 53.195251 3.400000 1.570796 5.788176 7.000000 -3.486448
DYNAMIC_OBS_INFO 0 -5.750000 30.413478 1.570796 37.119604 -5.750000 90.872734 19.929747 1.263302
DYNAMIC_OBS_INFO 1 -1.750000 35.398914 1.570796 4.472342 -1.750000 56.540711 14.621896 2.571230
STATIC_OBS_INFO 0 -6.300000 77.510466 23.777164 
STATIC_OBS_INFO 1 -6.300000 63.654234 9.953275 
Parent: -15.877228 4.243503 44.000000 20.000000 6.600000 0.000000 -10.000000 1.557382 10.000000 0.000000 0 0 0 1 0 0 0 0
EGO_STATUS -5.250000 53.756497 3.500000 1.570796 5.439532 7.000000 -3.486434
DYNAMIC_OBS_INFO 0 -5.750000 30.413478 1.570796 38.592376 -5.750000 92.872025 20.056077 1.263302
DYNAMIC_OBS_INFO 1 -1.750000 35.398914 1.570796 5.117061 -1.750000 58.015757 14.879019 2.571230
STATIC_OBS_INFO 0 -6.300000 77.510466 23.251299 
STATIC_OBS_INFO 1 -6.300000 63.654234 9.429986 
Parent: -15.078788 3.717112 39.000000 20.000000 5.850000 0.000000 -10.000000 1.457434 9.000000 0.000000 0 0 0 1 0 0 0 0
EGO_STATUS -5.250000 54.282888 3.600000 1.570796 5.090900 7.000000 -3.486320
DYNAMIC_OBS_INFO 0 -5.750000 30.413478 1.570796 40.112578 -5.750000 94.883949 20.182407 1.263302
DYNAMIC_OBS_INFO 1 -1.750000 35.398914 1.570796 5.893795 -1.750000 59.516515 15.136142 2.571230
STATIC_OBS_INFO 0 -6.300000 77.510466 22.760211 
STATIC_OBS_INFO 1 -6.300000 63.654234 8.941610 
Parent: -15.261354 3.225512 34.000000 20.000000 5.100000 0.000000 -10.000000 1.357459 9.000000 0.000000 0 0 0 1 0 0 0 0
EGO_STATUS -5.250000 54.774488 3.700000 1.570796 4.742281 7.000000 -3.486196
DYNAMIC_OBS_INFO 0 -5.750000 30.413478 1.570796 41.680442 -5.750000 96.908506 20.308737 1.263302
DYNAMIC_OBS_INFO 1 -1.750000 35.398914 1.570796 6.784426 -1.750000 61.042985 15.393265 2.571230
STATIC_OBS_INFO 0 -6.300000 77.510466 22.304131 
STATIC_OBS_INFO 1 -6.300000 63.654234 8.488362 
Parent: -14.417489 2.768936 29.000000 20.000000 4.350000 0.000000 -10.000000 1.257559 8.000000 0.000000 0 0 0 1 0 0 0 0
EGO_STATUS -5.250000 55.231064 3.800000 1.570796 4.393668 7.000000 -3.486133
DYNAMIC_OBS_INFO 0 -5.750000 30.413478 1.570796 43.295766 -5.750000 98.945697 20.435068 1.263302
DYNAMIC_OBS_INFO 1 -1.750000 35.398914 1.570796 7.774717 -1.750000 62.595168 15.650388 2.571230
STATIC_OBS_INFO 0 -6.300000 77.510466 21.882854 
STATIC_OBS_INFO 1 -6.300000 63.654234 8.070016 
Parent: -14.612527 2.347182 25.000000 20.000000 3.750000 0.000000 -10.000000 1.157650 8.000000 0.000000 0 0 0 1 0 0 0 0
EGO_STATUS -5.250000 55.652818 3.900000 1.570796 4.045082 7.000000 -3.485854
DYNAMIC_OBS_INFO 0 -5.750000 30.413478 1.570796 44.958544 -5.750000 100.995520 20.561398 1.263302
DYNAMIC_OBS_INFO 1 -1.750000 35.398914 1.570796 8.854416 -1.750000 64.173063 15.907511 2.571230
STATIC_OBS_INFO 0 -6.300000 77.510466 21.496369 
STATIC_OBS_INFO 1 -6.300000 63.654234 7.686532 
Parent: -13.781338 1.960244 21.000000 20.000000 3.150000 0.000000 -10.000000 1.057726 7.000000 0.000000 0 0 0 1 0 0 0 0
EGO_STATUS -5.250000 56.039756 4.000000 1.570796 3.696524 7.000000 -3.485581
DYNAMIC_OBS_INFO 0 -5.750000 30.413478 1.570796 46.669061 -5.750000 103.057976 20.687728 1.263302
DYNAMIC_OBS_INFO 1 -1.750000 35.398914 1.570796 10.016469 -1.750000 65.776670 16.164634 2.571230
STATIC_OBS_INFO 0 -6.300000 77.510466 21.144958 
STATIC_OBS_INFO 1 -6.300000 63.654234 7.338149 
Parent: -14.013664 1.608406 18.000000 20.000000 2.700000 0.000000 -10.000000 0.957957 7.000000 0.000000 0 0 0 1 0 0 0 0
EGO_STATUS -5.250000 56.391594 4.100000 1.570796 3.347991 7.000000 -3.485329
DYNAMIC_OBS_INFO 0 -5.750000 30.413478 1.570796 48.426958 -5.750000 105.133065 20.814058 1.263302
DYNAMIC_OBS_INFO 1 -1.750000 35.398914 1.570796 11.255321 -1.750000 67.405990 16.421757 2.571230
STATIC_OBS_INFO 0 -6.300000 77.510466 20.828260 
STATIC_OBS_INFO 1 -6.300000 63.654234 7.024464 
Parent: -14.103429 1.291311 14.000000 20.000000 2.100000 0.000000 -10.000000 0.858144 7.000000 0.000000 0 0 0 1 0 0 0 0
EGO_STATUS -5.250000 56.708689 4.200000 1.570796 2.999542 7.000000 -3.484489
DYNAMIC_OBS_INFO 0 -5.750000 30.413478 1.570796 50.232403 -5.750000 107.220788 20.940388 1.263302
DYNAMIC_OBS_INFO 1 -1.750000 35.398914 1.570796 12.567358 -1.750000 69.061022 16.678880 2.571230
STATIC_OBS_INFO 0 -6.300000 77.510466 20.546440 
STATIC_OBS_INFO 1 -6.300000 63.654234 6.745582 
Parent: -14.408344 1.009127 12.000000 20.000000 1.800000 0.000000 -10.000000 0.758409 7.000000 0.000000 0 0 0 1 0 0 0 0
EGO_STATUS -5.250000 56.990873 4.300000 1.570796 2.651169 7.000000 -3.483728
DYNAMIC_OBS_INFO 0 -5.750000 30.413478 1.570796 52.085787 -5.750000 109.321143 21.066718 1.263302
DYNAMIC_OBS_INFO 1 -1.750000 35.398914 1.570796 13.950207 -1.750000 70.741766 16.936003 2.571230
STATIC_OBS_INFO 0 -6.300000 77.510466 20.299883 
STATIC_OBS_INFO 1 -6.300000 63.654234 6.501822 
Parent: -13.532670 0.762244 9.000000 20.000000 1.350000 0.000000 -10.000000 0.659119 6.000000 0.000000 0 0 0 1 0 0 0 0
EGO_STATUS -5.250000 57.237756 4.400000 1.570796 2.302918 7.000000 -3.482514
DYNAMIC_OBS_INFO 0 -5.750000 30.413478 1.570796 53.986323 -5.750000 111.434131 21.193049 1.263302
DYNAMIC_OBS_INFO 1 -1.750000 35.398914 1.570796 15.401070 -1.750000 72.448222 17.193126 2.571230
STATIC_OBS_INFO 0 -6.300000 77.510466 20.087803 
STATIC_OBS_INFO 1 -6.300000 63.654234 6.292335 
Parent: -13.786786 0.549876 7.000000 20.000000 1.050000 0.000000 -10.000000 0.559658 6.000000 0.000000 0 0 0 1 0 0 0 0
EGO_STATUS -5.250000 57.450124 4.500000 1.570796 1.955042 7.000000 -3.478763
DYNAMIC_OBS_INFO 0 -5.750000 30.413478 1.570796 55.934847 -5.750000 113.559753 21.319379 1.263302
DYNAMIC_OBS_INFO 1 -1.750000 35.398914 1.570796 16.919223 -1.750000 74.180391 17.450249 2.571230
STATIC_OBS_INFO 0 -6.300000 77.510466 19.911031 
STATIC_OBS_INFO 1 -6.300000 63.654234 6.117872 
Parent: -13.991600 0.372860 5.000000 20.000000 0.750000 0.000000 -10.000000 0.461032 6.000000 0.000000 0 0 0 1 0 0 0 0
EGO_STATUS -5.250000 57.627140 4.600000 1.570796 1.607501 7.000000 -3.475409
DYNAMIC_OBS_INFO 0 -5.750000 30.413478 1.570796 57.932342 -5.750000 115.698007 21.445709 1.263302
DYNAMIC_OBS_INFO 1 -1.750000 35.398914 1.570796 18.504465 -1.750000 75.938272 17.707372 2.571230
STATIC_OBS_INFO 0 -6.300000 77.510466 19.770545 
STATIC_OBS_INFO 1 -6.300000 63.654234 5.979325 
Parent: -14.438943 0.232177 4.000000 20.000000 0.600000 0.000000 -10.000000 0.365347 6.000000 0.000000 0 0 0 1 0 0 0 0
EGO_STATUS -5.250000 57.767823 4.700000 1.570796 1.260995 7.000000 -3.465054
DYNAMIC_OBS_INFO 0 -5.750000 30.413478 1.570796 59.976333 -5.750000 117.848895 21.572039 1.263302
DYNAMIC_OBS_INFO 1 -1.750000 35.398914 1.570796 20.153464 -1.750000 77.721866 17.964495 2.571230
STATIC_OBS_INFO 0 -6.300000 77.510466 19.663874 
STATIC_OBS_INFO 1 -6.300000 63.654234 5.874192 
Parent: -14.875512 0.125354 3.000000 20.000000 0.450000 0.000000 -10.000000 0.269990 6.000000 0.000000 0 0 0 1 0 0 0 0
EGO_STATUS -5.250000 57.874646 4.800000 1.570796 0.918582 7.000000 -3.424134
DYNAMIC_OBS_INFO 0 -5.750000 30.413478 1.570796 62.073193 -5.750000 120.012415 21.698369 1.263302
DYNAMIC_OBS_INFO 1 -1.750000 35.398914 1.570796 21.871793 -1.750000 79.531171 18.221618 2.571230
STATIC_OBS_INFO 0 -6.300000 77.510466 19.597380 
STATIC_OBS_INFO 1 -6.300000 63.654234 5.808687 
Parent: -15.792677 0.058764 2.000000 0.000000 0.300000 0.000000 -10.000000 0.198509 6.000000 0.000000 0 0 0 0 0 0 0 0
EGO_STATUS -5.250000 57.941236 4.900000 1.570796 0.582058 7.000000 -3.365238
DYNAMIC_OBS_INFO 0 -5.750000 30.413478 1.570796 64.219676 -5.750000 122.188569 21.824699 1.263302
DYNAMIC_OBS_INFO 1 -1.750000 35.398914 1.570796 23.655706 -1.750000 81.366189 18.478741 2.571230
STATIC_OBS_INFO 0 -6.300000 77.510466 19.567819 
STATIC_OBS_INFO 1 -6.300000 63.654234 5.779574 
Parent: -15.803699 0.029161 2.000000 0.000000 0.300000 0.000000 -10.000000 0.191927 6.000000 0.000000 0 0 0 0 0 0 0 0
EGO_STATUS -5.250000 57.970839 5.000000 1.570796 0.293880 7.000000 -2.881779
DYNAMIC_OBS_INFO 0 -5.750000 30.413478 1.570796 66.393205 -5.750000 124.377355 21.951030 1.263302
DYNAMIC_OBS_INFO 1 -1.750000 35.398914 1.570796 25.482393 -1.750000 83.226919 18.735864 2.571230
STATIC_OBS_INFO 0 -6.300000 77.510466 19.552647 
STATIC_OBS_INFO 1 -6.300000 63.654234 5.764634 
Parent: -15.818801 0.013967 2.000000 0.000000 0.300000 0.000000 -10.000000 0.179104 6.000000 0.000000 0 0 0 0 0 0 0 0
EGO_STATUS -5.250000 57.986033 5.100000 1.570796 0.145970 7.000000 -1.479104
DYNAMIC_OBS_INFO 0 -5.750000 30.413478 1.570796 68.586766 -5.750000 126.578774 22.077360 1.263302
DYNAMIC_OBS_INFO 1 -1.750000 35.398914 1.570796 27.344450 -1.750000 85.113362 18.992987 2.571230
STATIC_OBS_INFO 0 -6.300000 77.510466 19.544860 
STATIC_OBS_INFO 1 -6.300000 63.654234 5.756966 
NO_CANDIDATE
EGO_STATUS -5.250000 57.993831 5.200000 1.570796 0.070053 7.000000 -0.759166
FAIL
DYNAMIC_OBS_INFO 0 -5.750000 30.413478 1.570796 70.793756 -5.750000 128.792827 22.203690 1.263302
DYNAMIC_OBS_INFO 1 -1.750000 35.398914 1.570796 29.234946 -1.750000 87.025517 19.250110 2.571230
STATIC_OBS_INFO 0 -6.300000 77.510466 19.537865 
STATIC_OBS_INFO 1 -6.300000 63.654234 5.750078 
NO_CANDIDATE
EGO_STATUS -5.250000 58.000836 5.300000 1.570796 0.070053 4.000000 0.000000
FAIL
DYNAMIC_OBS_INFO 0 -5.750000 30.413478 1.570796 73.013383 -5.750000 131.019512 22.330020 1.263302
DYNAMIC_OBS_INFO 1 -1.750000 35.398914 1.570796 31.152778 -1.750000 88.963384 19.507233 2.571230
STATIC_OBS_INFO 0 -6.300000 77.510466 19.530869 
STATIC_OBS_INFO 1 -6.300000 63.654234 5.743191 
NO_CANDIDATE
EGO_STATUS -5.250000 58.007842 5.400000 1.570796 0.070053 4.000000 0.000000
FAIL
DYNAMIC_OBS_INFO 0 -5.750000 30.413478 1.570796 75.245645 -5.750000 133.258831 22.456350 1.263302
DYNAMIC_OBS_INFO 1 -1.750000 35.398914 1.570796 33.097695 -1.750000 90.926963 19.764356 2.571230
STATIC_OBS_INFO 0 -6.300000 77.510466 19.523874 
STATIC_OBS_INFO 1 -6.300000 63.654234 5.736304 
NO_CANDIDATE
EGO_STATUS -5.250000 58.014847 5.500000 1.570796 0.070053 4.000000 0.000000
FAIL
DYNAMIC_OBS_INFO 0 -5.750000 30.413478 1.570796 77.490543 -5.750000 135.510783 22.582681 1.263302
DYNAMIC_OBS_INFO 1 -1.750000 35.398914 1.570796 35.069493 -1.750000 92.916255 20.021479 2.571230
STATIC_OBS_INFO 0 -6.300000 77.510466 19.516879 
STATIC_OBS_INFO 1 -6.300000 63.654234 5.729417 
NO_CANDIDATE
EGO_STATUS -5.250000 58.021852 5.600000 1.570796 0.070053 4.000000 0.000000
FAIL
DYNAMIC_OBS_INFO 0 -5.750000 30.413478 1.570796 79.748077 -5.750000 137.775367 22.709011 1.263302
DYNAMIC_OBS_INFO 1 -1.750000 35.398914 1.570796 37.068008 -1.750000 94.931259 20.278602 2.571230
STATIC_OBS_INFO 0 -6.300000 77.510466 19.509884 
STATIC_OBS_INFO 1 -6.300000 63.654234 5.722531 
NO_CANDIDATE
EGO_STATUS -5.250000 58.028858 5.700000 1.570796 0.070053 4.000000 0.000000
FAIL
DYNAMIC_OBS_INFO 0 -5.750000 30.413478 1.570796 82.018246 -5.750000 140.052585 22.835341 1.263302
DYNAMIC_OBS_INFO 1 -1.750000 35.398914 1.570796 39.093105 -1.750000 96.971976 20.535725 2.571230
STATIC_OBS_INFO 0 -6.300000 77.510466 19.502889 
STATIC_OBS_INFO 1 -6.300000 63.654234 5.715644 
NO_CANDIDATE
EGO_STATUS -5.250000 58.035863 5.800000 1.570796 0.070053 4.000000 0.000000
FAIL
DYNAMIC_OBS_INFO 0 -5.750000 30.413478 1.570796 84.301050 -5.750000 142.342435 22.961671 1.263302
DYNAMIC_OBS_INFO 1 -1.750000 35.398914 1.570796 41.144671 -1.750000 99.038404 20.792848 2.571230
STATIC_OBS_INFO 0 -6.300000 77.510466 19.495894 
STATIC_OBS_INFO 1 -6.300000 63.654234 5.708758 
NO_CANDIDATE
EGO_STATUS -5.250000 58.042868 5.900000 1.570796 0.070053 4.000000 0.000000
FAIL
DYNAMIC_OBS_INFO 0 -5.750000 30.413478 1.570796 86.596489 -5.750000 144.644919 23.088001 1.263302
DYNAMIC_OBS_INFO 1 -1.750000 35.398914 1.570796 43.222613 -1.750000 101.130545 21.049971 2.571230
STATIC_OBS_INFO 0 -6.300000 77.510466 19.488898 
STATIC_OBS_INFO 1 -6.300000 63.654234 5.701873 
NO_CANDIDATE
EGO_STATUS -5.250000 58.049874 6.000000 1.570796 0.070053 4.000000 0.000000
FAIL
DYNAMIC_OBS_INFO 0 -5.750000 30.413478 1.570796 88.904563 -5.750000 146.960036 23.214331 1.263302
DYNAMIC_OBS_INFO 1 -1.750000 35.398914 1.570796 45.326851 -1.750000 103.248398 21.307094 2.571230
STATIC_OBS_INFO 0 -6.300000 77.510466 19.481903 
STATIC_OBS_INFO 1 -6.300000 63.654234 5.694987 
NO_CANDIDATE
EGO_STATUS -5.250000 58.056879 6.100000 1.570796 0.070053 4.000000 0.000000
FAIL
DYNAMIC_OBS_INFO 0 -5.750000 30.413478 1.570796 91.225271 -5.750000 149.287785 23.340662 1.263302
DYNAMIC_OBS_INFO 1 -1.750000 35.398914 1.570796 47.457319 -1.750000 105.391964 21.564217 2.571230
STATIC_OBS_INFO 0 -6.300000 77.510466 19.474908 
STATIC_OBS_INFO 1 -6.300000 63.654234 5.688102 
NO_CANDIDATE
EGO_STATUS -5.250000 58.063884 6.200000 1.570796 0.070053 4.000000 0.000000
FAIL
DYNAMIC_OBS_INFO 0 -5.750000 30.413478 1.570796 93.558614 -5.750000 151.628168 23.466992 1.263302
DYNAMIC_OBS_INFO 1 -1.750000 35.398914 1.570796 49.613959 -1.750000 107.561242 21.821340 2.571230
STATIC_OBS_INFO 0 -6.300000 77.510466 19.467913 
STATIC_OBS_INFO 1 -6.300000 63.654234 5.681218 
NO_CANDIDATE
EGO_STATUS -5.250000 58.070890 6.300000 1.570796 0.070053 4.000000 0.000000
FAIL
DYNAMIC_OBS_INFO 0 -5.750000 30.413478 1.570796 95.904592 -5.750000 153.981183 23.593322 1.263302
DYNAMIC_OBS_INFO 1 -1.750000 35.398914 1.570796 51.796723 -1.750000 109.756232 22.078463 2.571230
STATIC_OBS_INFO 0 -6.300000 77.510466 19.460918 
STATIC_OBS_INFO 1 -6.300000 63.654234 5.674333 
NO_CANDIDATE
EGO_STATUS -5.250000 58.077895 6.400000 1.570796 0.070053 4.000000 0.000000
FAIL
DYNAMIC_OBS_INFO 0 -5.750000 30.413478 1.570796 98.263204 -5.750000 156.346832 23.719652 1.263302
DYNAMIC_OBS_INFO 1 -1.750000 35.398914 1.570796 54.005567 -1.750000 111.976934 22.335586 2.571230
STATIC_OBS_INFO 0 -6.300000 77.510466 19.453923 
STATIC_OBS_INFO 1 -6.300000 63.654234 5.667449 
NO_CANDIDATE
EGO_STATUS -5.250000 58.084900 6.500000 1.570796 0.070053 4.000000 0.000000
FAIL
DYNAMIC_OBS_INFO 0 -5.750000 30.413478 1.570796 100.634450 -5.750000 158.725114 23.845982 1.263302
DYNAMIC_OBS_INFO 1 -1.750000 35.398914 1.570796 56.240456 -1.750000 114.223349 22.592709 2.571230
STATIC_OBS_INFO 0 -6.300000 77.510466 19.446928 
STATIC_OBS_INFO 1 -6.300000 63.654234 5.660565 
NO_CANDIDATE
EGO_STATUS -5.250000 58.091906 6.600000 1.570796 0.070053 4.000000 0.000000
FAIL
DYNAMIC_OBS_INFO 0 -5.750000 30.413478 1.570796 103.018331 -5.750000 161.116029 23.972312 1.263302
DYNAMIC_OBS_INFO 1 -1.750000 35.398914 1.570796 58.501357 -1.750000 116.495476 22.849831 2.571230
STATIC_OBS_INFO 0 -6.300000 77.510466 19.439933 
STATIC_OBS_INFO 1 -6.300000 63.654234 5.653681 
NO_CANDIDATE
EGO_STATUS -5.250000 58.098911 6.700000 1.570796 0.070053 4.000000 0.000000
FAIL
DYNAMIC_OBS_INFO 0 -5.750000 30.413478 1.570796 105.414846 -5.750000 163.519576 24.098643 1.263302
DYNAMIC_OBS_INFO 1 -1.750000 35.398914 1.570796 60.788242 -1.750000 118.793315 23.106954 2.571230
STATIC_OBS_INFO 0 -6.300000 77.510466 19.432938 
STATIC_OBS_INFO 1 -6.300000 63.654234 5.646798 
NO_CANDIDATE
EGO_STATUS -5.250000 58.105916 6.800000 1.570796 0.070053 4.000000 0.000000
FAIL
DYNAMIC_OBS_INFO 0 -5.750000 30.413478 1.570796 107.823995 -5.750000 165.935757 24.224973 1.263302
DYNAMIC_OBS_INFO 1 -1.750000 35.398914 1.570796 63.101086 -1.750000 121.116867 23.364077 2.571230
STATIC_OBS_INFO 0 -6.300000 77.510466 19.425942 
STATIC_OBS_INFO 1 -6.300000 63.654234 5.639915 
NO_CANDIDATE
EGO_STATUS -5.250000 58.112922 6.900000 1.570796 0.070053 4.000000 0.000000
FAIL
DYNAMIC_OBS_INFO 0 -5.750000 30.413478 1.570796 110.245778 -5.750000 168.364571 24.351303 1.263302
DYNAMIC_OBS_INFO 1 -1.750000 35.398914 1.570796 65.439868 -1.750000 123.466131 23.621200 2.571230
STATIC_OBS_INFO 0 -6.300000 77.510466 19.418947 
STATIC_OBS_INFO 1 -6.300000 63.654234 5.633032 
NO_CANDIDATE
EGO_STATUS -5.250000 58.119927 7.000000 1.570796 0.070053 4.000000 0.000000
FAIL
DYNAMIC_OBS_INFO 0 -5.750000 30.413478 1.570796 112.680195 -5.750000 170.806018 24.477633 1.263302
DYNAMIC_OBS_INFO 1 -1.750000 35.398914 1.570796 67.804568 -1.750000 125.841107 23.878323 2.571230
STATIC_OBS_INFO 0 -6.300000 77.510466 19.411952 
STATIC_OBS_INFO 1 -6.300000 63.654234 5.626150 
NO_CANDIDATE
EGO_STATUS -5.250000 58.126932 7.100000 1.570796 0.070053 4.000000 0.000000
FAIL
DYNAMIC_OBS_INFO 0 -5.750000 30.413478 1.570796 115.127246 -5.750000 173.260098 24.603963 1.263302
DYNAMIC_OBS_INFO 1 -1.750000 35.398914 1.570796 70.195169 -1.750000 128.241795 24.135446 2.571230
STATIC_OBS_INFO 0 -6.300000 77.510466 19.404957 
STATIC_OBS_INFO 1 -6.300000 63.654234 5.619268 
NO_CANDIDATE
EGO_STATUS -5.250000 58.133937 7.200000 1.570796 0.070053 4.000000 0.000000
FAIL
DYNAMIC_OBS_INFO 0 -5.750000 30.413478 1.570796 117.586931 -5.750000 175.726810 24.730293 1.263302
DYNAMIC_OBS_INFO 1 -1.750000 35.398914 1.570796 72.611655 -1.750000 130.668196 24.392569 2.571230
STATIC_OBS_INFO 0 -6.300000 77.510466 19.397962 
STATIC_OBS_INFO 1 -6.300000 63.654234 5.612386 
NO_CANDIDATE
EGO_STATUS -5.250000 58.140943 7.300000 1.570796 0.070053 4.000000 0.000000
FAIL
DYNAMIC_OBS_INFO 0 -5.750000 30.413478 1.570796 120.059249 -5.750000 178.206156 24.856624 1.263302
DYNAMIC_OBS_INFO 1 -1.750000 35.398914 1.570796 75.054013 -1.750000 133.120309 24.649692 2.571230
STATIC_OBS_INFO 0 -6.300000 77.510466 19.390967 
STATIC_OBS_INFO 1 -6.300000 63.654234 5.605505 
NO_CANDIDATE
EGO_STATUS -5.250000 58.147948 7.400000 1.570796 0.070053 4.000000 0.000000
FAIL
DYNAMIC_OBS_INFO 0 -5.750000 30.413478 1.570796 122.544202 -5.750000 180.698135 24.982954 1.263302
DYNAMIC_OBS_INFO 1 -1.750000 35.398914 1.570796 77.522231 -1.750000 135.598135 24.906815 2.571230
STATIC_OBS_INFO 0 -6.300000 77.510466 19.383972 
STATIC_OBS_INFO 1 -6.300000 63.654234 5.598623 
NO_CANDIDATE
EGO_STATUS -5.250000 58.154953 7.500000 1.570796 0.070053 4.000000 0.000000
FAIL
DYNAMIC_OBS_INFO 0 -5.750000 30.413478 1.570796 125.041788 -5.750000 183.202747 25.109284 1.263302
DYNAMIC_OBS_INFO 1 -1.750000 35.398914 1.570796 80.016297 -1.750000 138.101672 25.163938 2.571230
STATIC_OBS_INFO 0 -6.300000 77.510466 19.376977 
STATIC_OBS_INFO 1 -6.300000 63.654234 5.591743 
NO_CANDIDATE
EGO_STATUS -5.250000 58.161959 7.600000 1.570796 0.070053 4.000000 0.000000
FAIL
DYNAMIC_OBS_INFO 0 -5.750000 30.413478 1.570796 127.552008 -5.750000 185.719992 25.235614 1.263302
DYNAMIC_OBS_INFO 1 -1.750000 35.398914 1.570796 82.536201 -1.750000 140.630922 25.421061 2.571230
STATIC_OBS_INFO 0 -6.300000 77.510466 19.369982 
STATIC_OBS_INFO 1 -6.300000 63.654234 5.584862 
NO_CANDIDATE
EGO_STATUS -5.250000 58.168964 7.700000 1.570796 0.070053 4.000000 0.000000
FAIL
DYNAMIC_OBS_INFO 0 -5.750000 30.413478 1.570796 130.074861 -5.750000 188.249870 25.361944 1.263302
DYNAMIC_OBS_INFO 1 -1.750000 35.398914 1.570796 85.081935 -1.750000 143.185884 25.678184 2.571230
STATIC_OBS_INFO 0 -6.300000 77.510466 19.362987 
STATIC_OBS_INFO 1 -6.300000 63.654234 5.577982 
NO_CANDIDATE
EGO_STATUS -5.250000 58.175969 7.800000 1.570796 0.070053 4.000000 0.000000
FAIL
DYNAMIC_OBS_INFO 0 -5.750000 30.413478 1.570796 132.610349 -5.750000 190.792381 25.488274 1.263302
DYNAMIC_OBS_INFO 1 -1.750000 35.398914 1.570796 87.653490 -1.750000 145.766559 25.935307 2.571230
STATIC_OBS_INFO 0 -6.300000 77.510466 19.355992 
STATIC_OBS_INFO 1 -6.300000 63.654234 5.571102 
NO_CANDIDATE
EGO_STATUS -5.250000 58.182975 7.900000 1.570796 0.070053 4.000000 0.000000
FAIL
DYNAMIC_OBS_INFO 0 -5.750000 30.413478 1.570796 135.158469 -5.750000 193.347525 25.614605 1.263302
DYNAMIC_OBS_INFO 1 -1.750000 35.398914 1.570796 90.250858 -1.750000 148.372946 26.192430 2.571230
STATIC_OBS_INFO 0 -6.300000 77.510466 19.348997 
STATIC_OBS_INFO 1 -6.300000 63.654234 5.564222 
NO_CANDIDATE
EGO_STATUS -5.250000 58.189980 8.000000 1.570796 0.070053 4.000000 0.000000
FAIL
DYNAMIC_OBS_INFO 0 -5.750000 30.413478 1.570796 137.719224 -5.750000 195.915302 25.740935 1.263302
DYNAMIC_OBS_INFO 1 -1.750000 35.398914 1.570796 92.874033 -1.750000 151.005045 26.449553 2.571230
STATIC_OBS_INFO 0 -6.300000 77.510466 19.342002 
STATIC_OBS_INFO 1 -6.300000 63.654234 5.557343 
NO_CANDIDATE
EGO_STATUS -5.250000 58.196985 8.100000 1.570796 0.070053 4.000000 0.000000
FAIL
DYNAMIC_OBS_INFO 0 -5.750000 30.413478 1.570796 140.292612 -5.750000 198.495712 25.867265 1.263302
DYNAMIC_OBS_INFO 1 -1.750000 35.398914 1.570796 95.523008 -1.750000 153.662856 26.706676 2.571230
STATIC_OBS_INFO 0 -6.300000 77.510466 19.335007 
STATIC_OBS_INFO 1 -6.300000 63.654234 5.550464 
NO_CANDIDATE
EGO_STATUS -5.250000 58.203991 8.200000 1.570796 0.070053 4.000000 0.000000
FAIL
DYNAMIC_OBS_INFO 0 -5.750000 30.413478 1.570796 142.878633 -5.750000 201.088755 25.993595 1.263302
DYNAMIC_OBS_INFO 1 -1.750000 35.398914 1.570796 98.197778 -1.750000 156.346380 26.963799 2.571230
STATIC_OBS_INFO 0 -6.300000 77.510466 19.328012 
STATIC_OBS_INFO 1 -6.300000 63.654234 5.543585 
NO_CANDIDATE
EGO_STATUS -5.250000 58.210996 8.300000 1.570796 0.070053 4.000000 0.000000
FAIL
DYNAMIC_OBS_INFO 0 -5.750000 30.413478 1.570796 145.477289 -5.750000 203.694431 26.119925 1.263302
DYNAMIC_OBS_INFO 1 -1.750000 35.398914 1.570796 100.898338 -1.750000 159.055616 27.220922 2.571230
STATIC_OBS_INFO 0 -6.300000 77.510466 19.321017 
STATIC_OBS_INFO 1 -6.300000 63.654234 5.536707 
NO_CANDIDATE
EGO_STATUS -5.250000 58.218001 8.400000 1.570796 0.070053 4.000000 0.000000
FAIL
DYNAMIC_OBS_INFO 0 -5.750000 30.413478 1.570796 148.088577 -5.750000 206.312740 26.246255 1.263302
DYNAMIC_OBS_INFO 1 -1.750000 35.398914 1.570796 103.624682 -1.750000 161.790565 27.478045 2.571230
STATIC_OBS_INFO 0 -6.300000 77.510466 19.314022 
STATIC_OBS_INFO 1 -6.300000 63.654234 5.529829 
NO_CANDIDATE
EGO_STATUS -5.250000 58.225007 8.500000 1.570796 0.070053 4.000000 0.000000
FAIL
DYNAMIC_OBS_INFO 0 -5.750000 30.413478 1.570796 150.712499 -5.750000 208.943682 26.372586 1.263302
DYNAMIC_OBS_INFO 1 -1.750000 35.398914 1.570796 106.376807 -1.750000 164.551225 27.735168 2.571230
STATIC_OBS_INFO 0 -6.300000 77.510466 19.307027 
STATIC_OBS_INFO 1 -6.300000 63.654234 5.522951 
NO_CANDIDATE
EGO_STATUS -5.250000 58.232012 8.600000 1.570796 0.070053 4.000000 0.000000
FAIL
DYNAMIC_OBS_INFO 0 -5.750000 30.413478 1.570796 153.349055 -5.750000 211.587257 26.498916 1.263302
DYNAMIC_OBS_INFO 1 -1.750000 35.398914 1.570796 109.154708 -1.750000 167.337598 27.992291 2.571230
STATIC_OBS_INFO 0 -6.300000 77.510466 19.300032 
STATIC_OBS_INFO 1 -6.300000 63.654234 5.516074 
NO_CANDIDATE
EGO_STATUS -5.250000 58.239017 8.700000 1.570796 0.070053 4.000000 0.000000
FAIL
DYNAMIC_OBS_INFO 0 -5.750000 30.413478 1.570796 155.998244 -5.750000 214.243465 26.625246 1.263302
DYNAMIC_OBS_INFO 1 -1.750000 35.398914 1.570796 111.958382 -1.750000 170.149683 28.249414 2.571230
STATIC_OBS_INFO 0 -6.300000 77.510466 19.293037 
STATIC_OBS_INFO 1 -6.300000 63.654234 5.509197 
NO_CANDIDATE
EGO_STATUS -5.250000 58.246023 8.800000 1.570796 0.070053 4.000000 0.000000
FAIL
DYNAMIC_OBS_INFO 0 -5.750000 30.413478 1.570796 158.660066 -5.750000 216.912306 26.751576 1.263302
DYNAMIC_OBS_INFO 1 -1.750000 35.398914 1.570796 114.787825 -1.750000 172.987481 28.506537 2.571230
STATIC_OBS_INFO 0 -6.300000 77.510466 19.286042 
STATIC_OBS_INFO 1 -6.300000 63.654234 5.502320 
NO_CANDIDATE
EGO_STATUS -5.250000 58.253028 8.900000 1.570796 0.070053 4.000000 0.000000
FAIL
DYNAMIC_OBS_INFO 0 -5.750000 30.413478 1.570796 161.334522 -5.750000 219.593780 26.877906 1.263302
DYNAMIC_OBS_INFO 1 -1.750000 35.398914 1.570796 117.643033 -1.750000 175.850991 28.763660 2.571230
STATIC_OBS_INFO 0 -6.300000 77.510466 19.279047 
STATIC_OBS_INFO 1 -6.300000 63.654234 5.495444 
NO_CANDIDATE
EGO_STATUS -5.250000 58.260033 9.000000 1.570796 0.070053 4.000000 0.000000
FAIL
DYNAMIC_OBS_INFO 0 -5.750000 30.413478 1.570796 164.021611 -5.750000 222.287887 27.004236 1.263302
DYNAMIC_OBS_INFO 1 -1.750000 35.398914 1.570796 120.524005 -1.750000 178.740213 29.020783 2.571230
STATIC_OBS_INFO 0 -6.300000 77.510466 19.272053 
STATIC_OBS_INFO 1 -6.300000 63.654234 5.488567 
NO_CANDIDATE
EGO_STATUS -5.250000 58.267039 9.100000 1.570796 0.070053 4.000000 0.000000
FAIL
DYNAMIC_OBS_INFO 0 -5.750000 30.413478 1.570796 166.721333 -5.750000 224.994627 27.130567 1.263302
DYNAMIC_OBS_INFO 1 -1.750000 35.398914 1.570796 123.430736 -1.750000 181.655147 29.277906 2.571230
STATIC_OBS_INFO 0 -6.300000 77.510466 19.265058 
STATIC_OBS_INFO 1 -6.300000 63.654234 5.481692 
NO_CANDIDATE
EGO_STATUS -5.250000 58.274044 9.200000 1.570796 0.070053 4.000000 0.000000
FAIL
DYNAMIC_OBS_INFO 0 -5.750000 30.413478 1.570796 169.433689 -5.750000 227.714001 27.256897 1.263302
DYNAMIC_OBS_INFO 1 -1.750000 35.398914 1.570796 126.363226 -1.750000 184.595794 29.535029 2.571230
STATIC_OBS_INFO 0 -6.300000 77.510466 19.258063 
STATIC_OBS_INFO 1 -6.300000 63.654234 5.474816 
NO_CANDIDATE
EGO_STATUS -5.250000 58.281049 9.300000 1.570796 0.070053 4.000000 0.000000
FAIL
DYNAMIC_OBS_INFO 0 -5.750000 30.413478 1.570796 172.158678 -5.750000 230.446007 27.383227 1.263302
DYNAMIC_OBS_INFO 1 -1.750000 35.398914 1.570796 129.321470 -1.750000 187.562153 29.792152 2.571230
STATIC_OBS_INFO 0 -6.300000 77.510466 19.251068 
STATIC_OBS_INFO 1 -6.300000 63.654234 5.467941 
NO_CANDIDATE
EGO_STATUS -5.250000 58.288055 9.400000 1.570796 0.070053 4.000000 0.000000
FAIL
DYNAMIC_OBS_INFO 0 -5.750000 30.413478 1.570796 174.896301 -5.750000 233.190646 27.509557 1.263302
DYNAMIC_OBS_INFO 1 -1.750000 35.398914 1.570796 132.305467 -1.750000 190.554224 30.049275 2.571230
STATIC_OBS_INFO 0 -6.300000 77.510466 19.244073 
STATIC_OBS_INFO 1 -6.300000 63.654234 5.461066 
NO_CANDIDATE
EGO_STATUS -5.250000 58.295060 9.500000 1.570796 0.070053 4.000000 0.000000
FAIL
DYNAMIC_OBS_INFO 0 -5.750000 30.413478 1.570796 177.646557 -5.750000 235.947918 27.635887 1.263302
DYNAMIC_OBS_INFO 1 -1.750000 35.398914 1.570796 135.315215 -1.750000 193.572008 30.306398 2.571230
STATIC_OBS_INFO 0 -6.300000 77.510466 19.237078 
STATIC_OBS_INFO 1 -6.300000 63.654234 5.454192 
NO_CANDIDATE
EGO_STATUS -5.250000 58.302065 9.600000 1.570796 0.070053 4.000000 0.000000
FAIL
DYNAMIC_OBS_INFO 0 -5.750000 30.413478 1.570796 180.409446 -5.750000 238.717823 27.762217 1.263302
DYNAMIC_OBS_INFO 1 -1.750000 35.398914 1.570796 138.350712 -1.750000 196.615504 30.563521 2.571230
STATIC_OBS_INFO 0 -6.300000 77.510466 19.230083 
STATIC_OBS_INFO 1 -6.300000 63.654234 5.447318 
NO_CANDIDATE
EGO_STATUS -5.250000 58.309070 9.700000 1.570796 0.070053 4.000000 0.000000
FAIL
DYNAMIC_OBS_INFO 0 -5.750000 30.413478 1.570796 183.184968 -5.750000 241.500362 27.888548 1.263302
DYNAMIC_OBS_INFO 1 -1.750000 35.398914 1.570796 141.411956 -1.750000 199.684712 30.820644 2.571230
STATIC_OBS_INFO 0 -6.300000 77.510466 19.223088 
STATIC_OBS_INFO 1 -6.300000 63.654234 5.440444 
NO_CANDIDATE
EGO_STATUS -5.250000 58.316076 9.800000 1.570796 0.070053 4.000000 0.000000
FAIL
DYNAMIC_OBS_INFO 0 -5.750000 30.413478 1.570796 185.973124 -5.750000 244.295533 28.014878 1.263302
DYNAMIC_OBS_INFO 1 -1.750000 35.398914 1.570796 144.498946 -1.750000 202.779633 31.077767 2.571230
STATIC_OBS_INFO 0 -6.300000 77.510466 19.216093 
STATIC_OBS_INFO 1 -6.300000 63.654234 5.433571 
NO_CANDIDATE
EGO_STATUS -5.250000 58.323081 9.900000 1.570796 0.070053 4.000000 0.000000
FAIL
DYNAMIC_OBS_INFO 0 -5.750000 30.413478 1.570796 188.773913 -5.750000 247.103337 28.141208 1.263302
DYNAMIC_OBS_INFO 1 -1.750000 35.398914 1.570796 147.611679 -1.750000 205.900266 31.334890 2.571230
STATIC_OBS_INFO 0 -6.300000 77.510466 19.209099 
STATIC_OBS_INFO 1 -6.300000 63.654234 5.426697 
NO_CANDIDATE
EGO_STATUS -5.250000 58.330086 10.000000 1.570796 0.070053 4.000000 0.000000
FAIL
DYNAMIC_OBS_INFO 0 -5.750000 30.413478 1.570796 191.587335 -5.750000 249.923775 28.267538 1.263302
DYNAMIC_OBS_INFO 1 -1.750000 35.398914 1.570796 150.750154 -1.750000 209.046611 31.592013 2.571230
STATIC_OBS_INFO 0 -6.300000 77.510466 19.202104 
STATIC_OBS_INFO 1 -6.300000 63.654234 5.419825 
NO_CANDIDATE
EGO_STATUS -5.250000 58.337092 10.100000 1.570796 0.070053 4.000000 0.000000
FAIL
DYNAMIC_OBS_INFO 0 -5.750000 30.413478 1.570796 194.413391 -5.750000 252.756845 28.393868 1.263302
DYNAMIC_OBS_INFO 1 -1.750000 35.398914 1.570796 153.914371 -1.750000 212.218668 31.849135 2.571230
STATIC_OBS_INFO 0 -6.300000 77.510466 19.195109 
STATIC_OBS_INFO 1 -6.300000 63.654234 5.412952 
NO_CANDIDATE
EGO_STATUS -5.250000 58.344097 10.200000 1.570796 0.070053 4.000000 0.000000
FAIL
DYNAMIC_OBS_INFO 0 -5.750000 30.413478 1.570796 197.252079 -5.750000 255.602548 28.520198 1.263302
DYNAMIC_OBS_INFO 1 -1.750000 35.398914 1.570796 157.104327 -1.750000 215.416438 32.106258 2.571230
STATIC_OBS_INFO 0 -6.300000 77.510466 19.188114 
STATIC_OBS_INFO 1 -6.300000 63.654234 5.406080 
NO_CANDIDATE
EGO_STATUS -5.250000 58.351102 10.300000 1.570796 0.070053 4.000000 0.000000
FAIL
DYNAMIC_OBS_INFO 0 -5.750000 30.413478 1.570796 200.103401 -5.750000 258.460885 28.646529 1.263302
DYNAMIC_OBS_INFO 1 -1.750000 35.398914 1.570796 160.320021 -1.750000 218.639920 32.363381 2.571230
STATIC_OBS_INFO 0 -6.300000 77.510466 19.181119 
STATIC_OBS_INFO 1 -6.300000 63.654234 5.399208 
NO_CANDIDATE
EGO_STATUS -5.250000 58.358108 10.400000 1.570796 0.070053 4.000000 0.000000
FAIL
DYNAMIC_OBS_INFO 0 -5.750000 30.413478 1.570796 202.967357 -5.750000 261.331854 28.772859 1.263302
DYNAMIC_OBS_INFO 1 -1.750000 35.398914 1.570796 163.561453 -1.750000 221.889114 32.620504 2.571230
STATIC_OBS_INFO 0 -6.300000 77.510466 19.174124 
STATIC_OBS_INFO 1 -6.300000 63.654234 5.392337 
NO_CANDIDATE
EGO_STATUS -5.250000 58.365113 10.500000 1.570796 0.070053 4.000000 0.000000
FAIL
DYNAMIC_OBS_INFO 0 -5.750000 30.413478 1.570796 205.843945 -5.750000 264.215456 28.899189 1.263302
DYNAMIC_OBS_INFO 1 -1.750000 35.398914 1.570796 166.828621 -1.750000 225.164021 32.877627 2.571230
STATIC_OBS_INFO 0 -6.300000 77.510466 19.167130 
STATIC_OBS_INFO 1 -6.300000 63.654234 5.385466 
NO_CANDIDATE
EGO_STATUS -5.250000 58.372118 10.600000 1.570796 0.070053 4.000000 0.000000
FAIL
DYNAMIC_OBS_INFO 0 -5.750000 30.413478 1.570796 208.733167 -5.750000 267.111692 29.025519 1.263302
DYNAMIC_OBS_INFO 1 -1.750000 35.398914 1.570796 170.121523 -1.750000 228.464639 33.134750 2.571230
STATIC_OBS_INFO 0 -6.300000 77.510466 19.160135 
STATIC_OBS_INFO 1 -6.300000 63.654234 5.378595 
NO_CANDIDATE
EGO_STATUS -5.250000 58.379124 10.700000 1.570796 0.070053 4.000000 0.000000
FAIL
DYNAMIC_OBS_INFO 0 -5.750000 30.413478 1.570796 211.635022 -5.750000 270.020560 29.151849 1.263302
DYNAMIC_OBS_INFO 1 -1.750000 35.398914 1.570796 173.440160 -1.750000 231.790971 33.391873 2.571230
STATIC_OBS_INFO 0 -6.300000 77.510466 19.153140 
STATIC_OBS_INFO 1 -6.300000 63.654234 5.371725 
NO_CANDIDATE
EGO_STATUS -5.250000 58.386129 10.800000 1.570796 0.070053 4.000000 0.000000
FAIL
DYNAMIC_OBS_INFO 0 -5.750000 30.413478 1.570796 214.549510 -5.750000 272.942062 29.278179 1.263302
DYNAMIC_OBS_INFO 1 -1.750000 35.398914 1.570796 176.784530 -1.750000 235.143014 33.648996 2.571230
STATIC_OBS_INFO 0 -6.300000 77.510466 19.146145 
STATIC_OBS_INFO 1 -6.300000 63.654234 5.364855 
NO_CANDIDATE
EGO_STATUS -5.250000 58.393134 10.900000 1.570796 0.070053 4.000000 0.000000
FAIL
DYNAMIC_OBS_INFO 0 -5.750000 30.413478 1.570796 217.476631 -5.750000 275.876196 29.404510 1.263302
DYNAMIC_OBS_INFO 1 -1.750000 35.398914 1.570796 180.154632 -1.750000 238.520770 33.906119 2.571230
STATIC_OBS_INFO 0 -6.300000 77.510466 19.139151 
STATIC_OBS_INFO 1 -6.300000 63.654234 5.357985 
NO_CANDIDATE
EGO_STATUS -5.250000 58.400140 11.000000 1.570796 0.070053 4.000000 0.000000
FAIL
DYNAMIC_OBS_INFO 0 -5.750000 30.413478 1.570796 220.416386 -5.750000 278.822963 29.530840 1.263302
DYNAMIC_OBS_INFO 1 -1.750000 35.398914 1.570796 183.550466 -1.750000 241.924238 34.163242 2.571230
STATIC_OBS_INFO 0 -6.300000 77.510466 19.132156 
STATIC_OBS_INFO 1 -6.300000 63.654234 5.351116 
NO_CANDIDATE
EGO_STATUS -5.250000 58.407145 11.100000 1.570796 0.070053 4.000000 0.000000
FAIL
DYNAMIC_OBS_INFO 0 -5.750000 30.413478 1.570796 223.368773 -5.750000 281.782364 29.657170 1.263302
DYNAMIC_OBS_INFO 1 -1.750000 35.398914 1.570796 186.972030 -1.750000 245.353418 34.420365 2.571230
STATIC_OBS_INFO 0 -6.300000 77.510466 19.125161 
STATIC_OBS_INFO 1 -6.300000 63.654234 5.344247 
NO_CANDIDATE
EGO_STATUS -5.250000 58.414150 11.200000 1.570796 0.070053 4.000000 0.000000
FAIL
DYNAMIC_OBS_INFO 0 -5.750000 30.413478 1.570796 226.333794 -5.750000 284.754397 29.783500 1.263302
DYNAMIC_OBS_INFO 1 -1.750000 35.398914 1.570796 190.419324 -1.750000 248.808311 34.677488 2.571230
STATIC_OBS_INFO 0 -6.300000 77.510466 19.118166 
STATIC_OBS_INFO 1 -6.300000 63.654234 5.337378 
NO_CANDIDATE
EGO_STATUS -5.250000 58.421156 11.300000 1.570796 0.070053 4.000000 0.000000
FAIL
DYNAMIC_OBS_INFO 0 -5.750000 30.413478 1.570796 229.311448 -5.750000 287.739064 29.909830 1.263302
DYNAMIC_OBS_INFO 1 -1.750000 35.398914 1.570796 193.892347 -1.750000 252.288916 34.934611 2.571230
STATIC_OBS_INFO 0 -6.300000 77.510466 19.111171 
STATIC_OBS_INFO 1 -6.300000 63.654234 5.330510 
NO_CANDIDATE
EGO_STATUS -5.250000 58.428161 11.400000 1.570796 0.070053 4.000000 0.000000
FAIL
DYNAMIC_OBS_INFO 0 -5.750000 30.413478 1.570796 232.301735 -5.750000 290.736364 30.036161 1.263302
DYNAMIC_OBS_INFO 1 -1.750000 35.398914 1.570796 197.391099 -1.750000 255.795233 35.191734 2.571230
STATIC_OBS_INFO 0 -6.300000 77.510466 19.104177 
STATIC_OBS_INFO 1 -6.300000 63.654234 5.323642 
NO_CANDIDATE
EGO_STATUS -5.250000 58.435166 11.500000 1.570796 0.070053 4.000000 0.000000
FAIL
DYNAMIC_OBS_INFO 0 -5.750000 30.413478 1.570796 235.304656 -5.750000 293.746296 30.162491 1.263302
DYNAMIC_OBS_INFO 1 -1.750000 35.398914 1.570796 200.915579 -1.750000 259.327263 35.448857 2.571230
STATIC_OBS_INFO 0 -6.300000 77.510466 19.097182 
STATIC_OBS_INFO 1 -6.300000 63.654234 5.316775 
NO_CANDIDATE
EGO_STATUS -5.250000 58.442172 11.600000 1.570796 0.070053 4.000000 0.000000
FAIL
DYNAMIC_OBS_INFO 0 -5.750000 30.413478 1.570796 238.320209 -5.750000 296.768862 30.288821 1.263302
DYNAMIC_OBS_INFO 1 -1.750000 35.398914 1.570796 204.465786 -1.750000 262.885005 35.705980 2.571230
STATIC_OBS_INFO 0 -6.300000 77.510466 19.090187 
STATIC_OBS_INFO 1 -6.300000 63.654234 5.309907 
NO_CANDIDATE
EGO_STATUS -5.250000 58.449177 11.700000 1.570796 0.070053 4.000000 0.000000
FAIL
DYNAMIC_OBS_INFO 0 -5.750000 30.413478 1.570796 241.348396 -5.750000 299.804060 30.415151 1.263302
DYNAMIC_OBS_INFO 1 -1.750000 35.398914 1.570796 208.041720 -1.750000 266.468459 35.963103 2.571230
STATIC_OBS_INFO 0 -6.300000 77.510466 19.083193 
STATIC_OBS_INFO 1 -6.300000 63.654234 5.303041 
NO_CANDIDATE
EGO_STATUS -5.250000 58.456182 11.800000 1.570796 0.070053 4.000000 0.000000
FAIL
DYNAMIC_OBS_INFO 0 -5.750000 30.413478 1.570796 244.389216 -5.750000 302.851892 30.541481 1.263302
DYNAMIC_OBS_INFO 1 -1.750000 35.398914 1.570796 211.643380 -1.750000 270.077625 36.220226 2.571230
STATIC_OBS_INFO 0 -6.300000 77.510466 19.076198 
STATIC_OBS_INFO 1 -6.300000 63.654234 5.296174 
NO_CANDIDATE
EGO_STATUS -5.250000 58.463188 11.900000 1.570796 0.070053 4.000000 0.000000
FAIL
DYNAMIC_OBS_INFO 0 -5.750000 30.413478 1.570796 247.442669 -5.750000 305.912357 30.667811 1.263302
DYNAMIC_OBS_INFO 1 -1.750000 35.398914 1.570796 215.270766 -1.750000 273.712504 36.477349 2.571230
STATIC_OBS_INFO 0 -6.300000 77.510466 19.069203 
STATIC_OBS_INFO 1 -6.300000 63.654234 5.289308 
NO_CANDIDATE
EGO_STATUS -5.250000 58.470193 12.000000 1.570796 0.070053 4.000000 0.000000
FAIL
DYNAMIC_OBS_INFO 0 -5.750000 30.413478 1.570796 250.508755 -5.750000 308.985454 30.794142 1.263302
DYNAMIC_OBS_INFO 1 -1.750000 35.398914 1.570796 218.923877 -1.750000 277.373095 36.734472 2.571230
STATIC_OBS_INFO 0 -6.300000 77.510466 19.062209 
STATIC_OBS_INFO 1 -6.300000 63.654234 5.282442 
NO_CANDIDATE
EGO_STATUS -5.250000 58.477198 12.100000 1.570796 0.070053 4.000000 0.000000
FAIL
DYNAMIC_OBS_INFO 0 -5.750000 30.413478 1.570796 253.587474 -5.750000 312.071185 30.920472 1.263302
DYNAMIC_OBS_INFO 1 -1.750000 35.398914 1.570796 222.602712 -1.750000 281.059398 36.991595 2.571230
STATIC_OBS_INFO 0 -6.300000 77.510466 19.055214 
STATIC_OBS_INFO 1 -6.300000 63.654234 5.275577 
NO_CANDIDATE
EGO_STATUS -5.250000 58.484203 12.200000 1.570796 0.070053 4.000000 0.000000
FAIL
DYNAMIC_OBS_INFO 0 -5.750000 30.413478 1.570796 256.678827 -5.750000 315.169549 31.046802 1.263302
DYNAMIC_OBS_INFO 1 -1.750000 35.398914 1.570796 226.307272 -1.750000 284.771414 37.248718 2.571230
STATIC_OBS_INFO 0 -6.300000 77.510466 19.048219 
STATIC_OBS_INFO 1 -6.300000 63.654234 5.268712 
NO_CANDIDATE
EGO_STATUS -5.250000 58.491209 12.300000 1.570796 0.070053 4.000000 0.000000
FAIL
DYNAMIC_OBS_INFO 0 -5.750000 30.413478 1.570796 259.782812 -5.750000 318.280545 31.173132 1.263302
DYNAMIC_OBS_INFO 1 -1.750000 35.398914 1.570796 230.037556 -1.750000 288.509142 37.505841 2.571230
STATIC_OBS_INFO 0 -6.300000 77.510466 19.041224 
STATIC_OBS_INFO 1 -6.300000 63.654234 5.261847 
NO_CANDIDATE
EGO_STATUS -5.250000 58.498214 12.400000 1.570796 0.070053 4.000000 0.000000
FAIL
DYNAMIC_OBS_INFO 0 -5.750000 30.413478 1.570796 262.899431 -5.750000 321.404175 31.299462 1.263302
DYNAMIC_OBS_INFO 1 -1.750000 35.398914 1.570796 233.793563 -1.750000 292.272582 37.762964 2.571230
STATIC_OBS_INFO 0 -6.300000 77.510466 19.034230 
STATIC_OBS_INFO 1 -6.300000 63.654234 5.254983 
NO_CANDIDATE
EGO_STATUS -5.250000 58.505219 12.500000 1.570796 0.070053 4.000000 0.000000
FAIL
DYNAMIC_OBS_INFO 0 -5.750000 30.413478 1.570796 266.028683 -5.750000 324.540438 31.425792 1.263302
DYNAMIC_OBS_INFO 1 -1.750000 35.398914 1.570796 237.575293 -1.750000 296.061735 38.020087 2.571230
STATIC_OBS_INFO 0 -6.300000 77.510466 19.027235 
STATIC_OBS_INFO 1 -6.300000 63.654234 5.248119 
NO_CANDIDATE
EGO_STATUS -5.250000 58.512225 12.600000 1.570796 0.070053 4.000000 0.000000
FAIL
DYNAMIC_OBS_INFO 0 -5.750000 30.413478 1.570796 269.170568 -5.750000 327.689333 31.552123 1.263302
DYNAMIC_OBS_INFO 1 -1.750000 35.398914 1.570796 241.382746 -1.750000 299.876600 38.277210 2.571230
STATIC_OBS_INFO 0 -6.300000 77.510466 19.020241 
STATIC_OBS_INFO 1 -6.300000 63.654234 5.241256 
NO_CANDIDATE
EGO_STATUS -5.250000 58.519230 12.700000 1.570796 0.070053 4.000000 0.000000
FAIL
DYNAMIC_OBS_INFO 0 -5.750000 30.413478 1.570796 272.325086 -5.750000 330.850862 31.678453 1.263302
DYNAMIC_OBS_INFO 1 -1.750000 35.398914 1.570796 245.215921 -1.750000 303.717177 38.534333 2.571230
STATIC_OBS_INFO 0 -6.300000 77.510466 19.013246 
STATIC_OBS_INFO 1 -6.300000 63.654234 5.234393 
NO_CANDIDATE
EGO_STATUS -5.250000 58.526235 12.800000 1.570796 0.070053 4.000000 0.000000
FAIL
DYNAMIC_OBS_INFO 0 -5.750000 30.413478 1.570796 275.492237 -5.750000 334.025024 31.804783 1.263302
DYNAMIC_OBS_INFO 1 -1.750000 35.398914 1.570796 249.074818 -1.750000 307.583466 38.791456 2.571230
STATIC_OBS_INFO 0 -6.300000 77.510466 19.006251 
STATIC_OBS_INFO 1 -6.300000 63.654234 5.227530 
NO_CANDIDATE
EGO_STATUS -5.250000 58.533241 12.900000 1.570796 0.070053 4.000000 0.000000
FAIL
DYNAMIC_OBS_INFO 0 -5.750000 30.413478 1.570796 278.672021 -5.750000 337.211819 31.931113 1.263302
DYNAMIC_OBS_INFO 1 -1.750000 35.398914 1.570796 252.959436 -1.750000 311.475468 39.048579 2.571230
STATIC_OBS_INFO 0 -6.300000 77.510466 18.999257 
STATIC_OBS_INFO 1 -6.300000 63.654234 5.220668 
NO_CANDIDATE
EGO_STATUS -5.250000 58.540246 13.000000 1.570796 0.070053 4.000000 0.000000
FAIL
DYNAMIC_OBS_INFO 0 -5.750000 30.413478 1.570796 281.864439 -5.750000 340.411247 32.057443 1.263302
DYNAMIC_OBS_INFO 1 -1.750000 35.398914 1.570796 256.869776 -1.750000 315.393182 39.305702 2.571230
STATIC_OBS_INFO 0 -6.300000 77.510466 18.992262 
STATIC_OBS_INFO 1 -6.300000 63.654234 5.213806 
NO_CANDIDATE
EGO_STATUS -5.250000 58.547251 13.100000 1.570796 0.070053 4.000000 0.000000
FAIL
DYNAMIC_OBS_INFO 0 -5.750000 30.413478 1.570796 285.069489 -5.750000 343.623307 32.183773 1.263302
DYNAMIC_OBS_INFO 1 -1.750000 35.398914 1.570796 260.805838 -1.750000 319.336608 39.562825 2.571230
STATIC_OBS_INFO 0 -6.300000 77.510466 18.985267 
STATIC_OBS_INFO 1 -6.300000 63.654234 5.206944 
NO_CANDIDATE
EGO_STATUS -5.250000 58.554257 13.200000 1.570796 0.070053 4.000000 0.000000
FAIL
DYNAMIC_OBS_INFO 0 -5.750000 30.413478 1.570796 288.287173 -5.750000 346.848001 32.310104 1.263302
DYNAMIC_OBS_INFO 1 -1.750000 35.398914 1.570796 264.767619 -1.750000 323.305747 39.819948 2.571230
STATIC_OBS_INFO 0 -6.300000 77.510466 18.978273 
STATIC_OBS_INFO 1 -6.300000 63.654234 5.200083 
NO_CANDIDATE
EGO_STATUS -5.250000 58.561262 13.300000 1.570796 0.070053 4.000000 0.000000
FAIL
DYNAMIC_OBS_INFO 0 -5.750000 30.413478 1.570796 291.517490 -5.750000 350.085328 32.436434 1.263302
DYNAMIC_OBS_INFO 1 -1.750000 35.398914 1.570796 268.755122 -1.750000 327.300598 40.077071 2.571230
STATIC_OBS_INFO 0 -6.300000 77.510466 18.971278 
STATIC_OBS_INFO 1 -6.300000 63.654234 5.193222 
NO_CANDIDATE
EGO_STATUS -5.250000 58.568267 13.400000 1.570796 0.070053 4.000000 0.000000
FAIL
DYNAMIC_OBS_INFO 0 -5.750000 30.413478 1.570796 294.760439 -5.750000 353.335288 32.562764 1.263302
DYNAMIC_OBS_INFO 1 -1.750000 35.398914 1.570796 272.768344 -1.750000 331.321161 40.334194 2.571230
STATIC_OBS_INFO 0 -6.300000 77.510466 18.964284 
STATIC_OBS_INFO 1 -6.300000 63.654234 5.186362 
NO_CANDIDATE
EGO_STATUS -5.250000 58.575273 13.500000 1.570796 0.070053 4.000000 0.000000
FAIL
DYNAMIC_OBS_INFO 0 -5.750000 30.413478 1.570796 298.016022 -5.750000 356.597881 32.689094 1.263302
DYNAMIC_OBS_INFO 1 -1.750000 35.398914 1.570796 276.807287 -1.750000 335.367436 40.591317 2.571230
STATIC_OBS_INFO 0 -6.300000 77.510466 18.957289 
STATIC_OBS_INFO 1 -6.300000 63.654234 5.179502 
NO_CANDIDATE
EGO_STATUS -5.250000 58.582278 13.600000 1.570796 0.070053 4.000000 0.000000
FAIL
DYNAMIC_OBS_INFO 0 -5.750000 30.413478 1.570796 301.284238 -5.750000 359.873107 32.815424 1.263302
DYNAMIC_OBS_INFO 1 -1.750000 35.398914 1.570796 280.871949 -1.750000 339.439424 40.848440 2.571230
STATIC_OBS_INFO 0 -6.300000 77.510466 18.950295 
STATIC_OBS_INFO 1 -6.300000 63.654234 5.172642 
NO_CANDIDATE
EGO_STATUS -5.250000 58.589283 13.700000 1.570796 0.070053 4.000000 0.000000
FAIL
DYNAMIC_OBS_INFO 0 -5.750000 30.413478 1.570796 304.565088 -5.750000 363.160966 32.941754 1.263302
DYNAMIC_OBS_INFO 1 -1.750000 35.398914 1.570796 284.962331 -1.750000 343.537124 41.105562 2.571230
STATIC_OBS_INFO 0 -6.300000 77.510466 18.943300 
STATIC_OBS_INFO 1 -6.300000 63.654234 5.165783 
NO_CANDIDATE
EGO_STATUS -5.250000 58.596289 13.800000 1.570796 0.070053 4.000000 0.000000
FAIL
DYNAMIC_OBS_INFO 0 -5.750000 30.413478 1.570796 307.858570 -5.750000 366.461458 33.068085 1.263302
DYNAMIC_OBS_INFO 1 -1.750000 35.398914 1.570796 289.078432 -1.750000 347.660537 41.362685 2.571230
STATIC_OBS_INFO 0 -6.300000 77.510466 18.936305 
STATIC_OBS_INFO 1 -6.300000 63.654234 5.158924 
NO_CANDIDATE
EGO_STATUS -5.250000 58.603294 13.900000 1.570796 0.070053 4.000000 0.000000
FAIL
DYNAMIC_OBS_INFO 0 -5.750000 30.413478 1.570796 311.164685 -5.750000 369.774583 33.194415 1.263302
DYNAMIC_OBS_INFO 1 -1.750000 35.398914 1.570796 293.220252 -1.750000 351.809661 41.619808 2.571230
STATIC_OBS_INFO 0 -6.300000 77.510466 18.929311 
STATIC_OBS_INFO 1 -6.300000 63.654234 5.152065 
NO_CANDIDATE
EGO_STATUS -5.250000 58.610299 14.000000 1.570796 0.070053 4.000000 0.000000
FAIL
DYNAMIC_OBS_INFO 0 -5.750000 30.413478 1.570796 314.483434 -5.750000 373.100341 33.320745 1.263302
DYNAMIC_OBS_INFO 1 -1.750000 35.398914 1.570796 297.387791 -1.750000 355.984498 41.876931 2.571230
STATIC_OBS_INFO 0 -6.300000 77.510466 18.922316 
STATIC_OBS_INFO 1 -6.300000 63.654234 5.145207 
NO_CANDIDATE
EGO_STATUS -5.250000 58.617305 14.100000 1.570796 0.070053 4.000000 0.000000
FAIL
DYNAMIC_OBS_INFO 0 -5.750000 30.413478 1.570796 317.814815 -5.750000 376.438732 33.447075 1.263302
DYNAMIC_OBS_INFO 1 -1.750000 35.398914 1.570796 301.581048 -1.750000 360.185048 42.134054 2.571230
STATIC_OBS_INFO 0 -6.300000 77.510466 18.915322 
STATIC_OBS_INFO 1 -6.300000 63.654234 5.138349 
NO_CANDIDATE
EGO_STATUS -5.250000 58.624310 14.200000 1.570796 0.070053 4.000000 0.000000
FAIL
DYNAMIC_OBS_INFO 0 -5.750000 30.413478 1.570796 321.158830 -5.750000 379.789756 33.573405 1.263302
DYNAMIC_OBS_INFO 1 -1.750000 35.398914 1.570796 305.800024 -1.750000 364.411309 42.391177 2.571230
STATIC_OBS_INFO 0 -6.300000 77.510466 18.908327 
STATIC_OBS_INFO 1 -6.300000 63.654234 5.131492 
NO_CANDIDATE
EGO_STATUS -5.250000 58.631315 14.300000 1.570796 0.070053 4.000000 0.000000
FAIL
DYNAMIC_OBS_INFO 0 -5.750000 30.413478 1.570796 324.515477 -5.750000 383.153413 33.699735 1.263302
DYNAMIC_OBS_INFO 1 -1.750000 35.398914 1.570796 310.044719 -1.750000 368.663283 42.648300 2.571230
STATIC_OBS_INFO 0 -6.300000 77.510466 18.901333 
STATIC_OBS_INFO 1 -6.300000 63.654234 5.124635 
NO_CANDIDATE
EGO_STATUS -5.250000 58.638321 14.400000 1.570796 0.070053 4.000000 0.000000
FAIL
DYNAMIC_OBS_INFO 0 -5.750000 30.413478 1.570796 327.884758 -5.750000 386.529703 33.826066 1.263302
DYNAMIC_OBS_INFO 1 -1.750000 35.398914 1.570796 314.315131 -1.750000 372.940969 42.905423 2.571230
STATIC_OBS_INFO 0 -6.300000 77.510466 18.894338 
STATIC_OBS_INFO 1 -6.300000 63.654234 5.117779 
NO_CANDIDATE
EGO_STATUS -5.250000 58.645326 14.500000 1.570796 0.070053 4.000000 0.000000
FAIL
DYNAMIC_OBS_INFO 0 -5.750000 30.413478 1.570796 331.266672 -5.750000 389.918626 33.952396 1.263302
DYNAMIC_OBS_INFO 1 -1.750000 35.398914 1.570796 318.611261 -1.750000 377.244368 43.162546 2.571230
STATIC_OBS_INFO 0 -6.300000 77.510466 18.887344 
STATIC_OBS_INFO 1 -6.300000 63.654234 5.110923 
NO_CANDIDATE
EGO_STATUS -5.250000 58.652331 14.600000 1.570796 0.070053 4.000000 0.000000
FAIL
DYNAMIC_OBS_INFO 0 -5.750000 30.413478 1.570796 334.661219 -5.750000 393.320182 34.078726 1.263302
DYNAMIC_OBS_INFO 1 -1.750000 35.398914 1.570796 322.933110 -1.750000 381.573479 43.419669 2.571230
STATIC_OBS_INFO 0 -6.300000 77.510466 18.880349 
STATIC_OBS_INFO 1 -6.300000 63.654234 5.104067 
NO_CANDIDATE
EGO_STATUS -5.250000 58.659336 14.700000 1.570796 0.070053 4.000000 0.000000
FAIL
DYNAMIC_OBS_INFO 0 -5.750000 30.413478 1.570796 338.068399 -5.750000 396.734371 34.205056 1.263302
DYNAMIC_OBS_INFO 1 -1.750000 35.398914 1.570796 327.280675 -1.750000 385.928302 43.676792 2.571230
STATIC_OBS_INFO 0 -6.300000 77.510466 18.873355 
STATIC_OBS_INFO 1 -6.300000 63.654234 5.097212 
NO_CANDIDATE
EGO_STATUS -5.250000 58.666342 14.800000 1.570796 0.070053 4.000000 0.000000
FAIL
DYNAMIC_OBS_INFO 0 -5.750000 30.413478 1.570796 341.488212 -5.750000 400.161193 34.331386 1.263302
DYNAMIC_OBS_INFO 1 -1.750000 35.398914 1.570796 331.653959 -1.750000 390.308837 43.933915 2.571230
STATIC_OBS_INFO 0 -6.300000 77.510466 18.866360 
STATIC_OBS_INFO 1 -6.300000 63.654234 5.090357 
NO_CANDIDATE
EGO_STATUS -5.250000 58.673347 14.900000 1.570796 0.070053 4.000000 0.000000
FAIL
DYNAMIC_OBS_INFO 0 -5.750000 30.413478 1.570796 344.920658 -5.750000 403.600648 34.457716 1.263302
DYNAMIC_OBS_INFO 1 -1.750000 35.398914 1.570796 336.052959 -1.750000 394.715085 44.191038 2.571230
STATIC_OBS_INFO 0 -6.300000 77.510466 18.859366 
STATIC_OBS_INFO 1 -6.300000 63.654234 5.083502 
NO_CANDIDATE
EGO_STATUS -5.250000 58.680352 15.000000 1.570796 0.070053 4.000000 0.000000
FAIL
DYNAMIC_OBS_INFO 0 -5.750000 30.413478 1.570796 348.365737 -5.750000 407.052736 34.584047 1.263302
DYNAMIC_OBS_INFO 1 -1.750000 35.398914 1.570796 340.477677 -1.750000 399.147045 44.448161 2.571230
STATIC_OBS_INFO 0 -6.300000 77.510466 18.852372 
STATIC_OBS_INFO 1 -6.300000 63.654234 5.076648 
NO_CANDIDATE
EGO_STATUS -5.250000 58.687358 15.100000 1.570796 0.070053 4.000000 0.000000
FAIL
DYNAMIC_OBS_INFO 0 -5.750000 30.413478 1.570796 351.823450 -5.750000 410.517458 34.710377 1.263302
DYNAMIC_OBS_INFO 1 -1.750000 35.398914 1.570796 344.928112 -1.750000 403.604717 44.705284 2.571230
STATIC_OBS_INFO 0 -6.300000 77.510466 18.845377 
STATIC_OBS_INFO 1 -6.300000 63.654234 5.069795 
NO_CANDIDATE
EGO_STATUS -5.250000 58.694363 15.200000 1.570796 0.070053 4.000000 0.000000
FAIL
DYNAMIC_OBS_INFO 0 -5.750000 30.413478 1.570796 355.293795 -5.750000 413.994812 34.836707 1.263302
DYNAMIC_OBS_INFO 1 -1.750000 35.398914 1.570796 349.404263 -1.750000 408.088102 44.962407 2.571230
STATIC_OBS_INFO 0 -6.300000 77.510466 18.838383 
STATIC_OBS_INFO 1 -6.300000 63.654234 5.062941 
NO_CANDIDATE
EGO_STATUS -5.250000 58.701368 15.300000 1.570796 0.070053 4.000000 0.000000
FAIL
DYNAMIC_OBS_INFO 0 -5.750000 30.413478 1.570796 358.776774 -5.750000 417.484799 34.963037 1.263302
DYNAMIC_OBS_INFO 1 -1.750000 35.398914 1.570796 353.906132 -1.750000 412.597198 45.219530 2.571230
STATIC_OBS_INFO 0 -6.300000 77.510466 18.831388 
STATIC_OBS_INFO 1 -6.300000 63.654234 5.056089 
NO_CANDIDATE
EGO_STATUS -5.250000 58.708374 15.400000 1.570796 0.070053 4.000000 0.000000
FAIL
DYNAMIC_OBS_INFO 0 -5.750000 30.413478 1.570796 362.272385 -5.750000 420.987419 35.089367 1.263302
DYNAMIC_OBS_INFO 1 -1.750000 35.398914 1.570796 358.433717 -1.750000 417.132008 45.476653 2.571230
STATIC_OBS_INFO 0 -6.300000 77.510466 18.824394 
STATIC_OBS_INFO 1 -6.300000 63.654234 5.049236 
NO_CANDIDATE
EGO_STATUS -5.250000 58.715379 15.500000 1.570796 0.070053 4.000000 0.000000
FAIL
DYNAMIC_OBS_INFO 0 -5.750000 30.413478 1.570796 365.780630 -5.750000 424.502672 35.215697 1.263302
DYNAMIC_OBS_INFO 1 -1.750000 35.398914 1.570796 362.987019 -1.750000 421.692529 45.733776 2.571230
STATIC_OBS_INFO 0 -6.300000 77.510466 18.817399 
STATIC_OBS_INFO 1 -6.300000 63.654234 5.042384 
NO_CANDIDATE
EGO_STATUS -5.250000 58.722384 15.600000 1.570796 0.070053 4.000000 0.000000
FAIL
DYNAMIC_OBS_INFO 0 -5.750000 30.413478 1.570796 369.301507 -5.750000 428.030559 35.342028 1.263302
DYNAMIC_OBS_INFO 1 -1.750000 35.398914 1.570796 367.566037 -1.750000 426.278763 45.990899 2.571230
STATIC_OBS_INFO 0 -6.300000 77.510466 18.810405 
STATIC_OBS_INFO 1 -6.300000 63.654234 5.035533 
CRASH -5.250000 58.729390 15.600000
NO_CANDIDATE
EGO_STATUS -5.250000 58.729390 15.700000 1.570796 0.070053 4.000000 0.000000
FAIL
DYNAMIC_OBS_INFO 0 -5.750000 30.413478 1.570796 372.835018 -5.750000 431.571078 35.468358 1.263302
DYNAMIC_OBS_INFO 1 -1.750000 35.398914 1.570796 372.170772 -1.750000 430.890709 46.248022 2.571230
STATIC_OBS_INFO 0 -6.300000 77.510466 18.803411 
STATIC_OBS_INFO 1 -6.300000 63.654234 5.028682 
CRASH -5.250000 58.736395 15.700000
NO_CANDIDATE
EGO_STATUS -5.250000 58.736395 15.800000 1.570796 0.070053 4.000000 0.000000
FAIL
DYNAMIC_OBS_INFO 0 -5.750000 30.413478 1.570796 376.381162 -5.750000 435.124230 35.594688 1.263302
DYNAMIC_OBS_INFO 1 -1.750000 35.398914 1.570796 376.801222 -1.750000 435.528367 46.505145 2.571230
STATIC_OBS_INFO 0 -6.300000 77.510466 18.796416 
STATIC_OBS_INFO 1 -6.300000 63.654234 5.021831 
CRASH -5.250000 58.743400 15.800000
NO_CANDIDATE
EGO_STATUS -5.250000 58.743400 15.900000 1.570796 0.070053 4.000000 0.000000
FAIL
DYNAMIC_OBS_INFO 0 -5.750000 30.413478 1.570796 379.939939 -5.750000 438.690016 35.721018 1.263302
DYNAMIC_OBS_INFO 1 -1.750000 35.398914 1.570796 381.457389 -1.750000 440.191738 46.762268 2.571230
STATIC_OBS_INFO 0 -6.300000 77.510466 18.789422 
STATIC_OBS_INFO 1 -6.300000 63.654234 5.014981 
CRASH -5.250000 58.750406 15.900000
NO_CANDIDATE
EGO_STATUS -5.250000 58.750406 16.000000 1.570796 0.070053 4.000000 0.000000
FAIL
DYNAMIC_OBS_INFO 0 -5.750000 30.413478 1.570796 383.511349 -5.750000 442.268434 35.847348 1.263302
DYNAMIC_OBS_INFO 1 -1.750000 35.398914 1.570796 386.139272 -1.750000 444.880821 47.019391 2.571230
STATIC_OBS_INFO 0 -6.300000 77.510466 18.782427 
STATIC_OBS_INFO 1 -6.300000 63.654234 5.008131 
CRASH -5.250000 58.757411 16.000000
NO_CANDIDATE
EGO_STATUS -5.250000 58.757411 16.100000 1.570796 0.070053 4.000000 0.000000
FAIL
DYNAMIC_OBS_INFO 0 -5.750000 30.413478 1.570796 387.095392 -5.750000 445.859485 35.973678 1.263302
DYNAMIC_OBS_INFO 1 -1.750000 35.398914 1.570796 390.846871 -1.750000 449.595616 47.276514 2.571230
STATIC_OBS_INFO 0 -6.300000 77.510466 18.775433 
STATIC_OBS_INFO 1 -6.300000 63.654234 5.001281 
CRASH -5.250000 58.764416 16.100000
NO_CANDIDATE
EGO_STATUS -5.250000 58.764416 16.200000 1.570796 0.070053 4.000000 0.000000
FAIL
DYNAMIC_OBS_INFO 0 -5.750000 30.413478 1.570796 390.692068 -5.750000 449.463170 36.100009 1.263302
DYNAMIC_OBS_INFO 1 -1.750000 35.398914 1.570796 395.580186 -1.750000 454.336123 47.533637 2.571230
STATIC_OBS_INFO 0 -6.300000 77.510466 18.768439 
STATIC_OBS_INFO 1 -6.300000 63.654234 4.994432 
CRASH -5.250000 58.771422 16.200000
NO_CANDIDATE
EGO_STATUS -5.250000 58.771422 16.300000 1.570796 0.070053 4.000000 0.000000
FAIL
DYNAMIC_OBS_INFO 0 -5.750000 30.413478 1.570796 394.301377 -5.750000 453.079487 36.226339 1.263302
DYNAMIC_OBS_INFO 1 -1.750000 35.398914 1.570796 400.339216 -1.750000 459.102343 47.790760 2.571230
STATIC_OBS_INFO 0 -6.300000 77.510466 18.761444 
STATIC_OBS_INFO 1 -6.300000 63.654234 4.987584 
CRASH -5.250000 58.778427 16.300000
NO_CANDIDATE
EGO_STATUS -5.250000 58.778427 16.400000 1.570796 0.070053 4.000000 0.000000
FAIL
DYNAMIC_OBS_INFO 0 -5.750000 30.413478 1.570796 397.923319 -5.750000 456.708437 36.352669 1.263302
DYNAMIC_OBS_INFO 1 -1.750000 35.398914 1.570796 405.123962 -1.750000 463.894275 48.047883 2.571230
STATIC_OBS_INFO 0 -6.300000 77.510466 18.754450 
STATIC_OBS_INFO 1 -6.300000 63.654234 4.980736 
CRASH -5.250000 58.785432 16.400000
NO_CANDIDATE
EGO_STATUS -5.250000 58.785432 16.500000 1.570796 0.070053 4.000000 0.000000
FAIL
DYNAMIC_OBS_INFO 0 -5.750000 30.413478 1.570796 401.557894 -5.750000 460.350021 36.478999 1.263302
DYNAMIC_OBS_INFO 1 -1.750000 35.398914 1.570796 409.934424 -1.750000 468.711920 48.305006 2.571230
STATIC_OBS_INFO 0 -6.300000 77.510466 18.747456 
STATIC_OBS_INFO 1 -6.300000 63.654234 4.973888 
CRASH -5.250000 58.792438 16.500000
NO_CANDIDATE
EGO_STATUS -5.250000 58.792438 16.600000 1.570796 0.070053 4.000000 0.000000
FAIL
DYNAMIC_OBS_INFO 0 -5.750000 30.413478 1.570796 405.205103 -5.750000 464.004237 36.605329 1.263302
DYNAMIC_OBS_INFO 1 -1.750000 35.398914 1.570796 414.770601 -1.750000 473.555277 48.562129 2.571230
STATIC_OBS_INFO 0 -6.300000 77.510466 18.740461 
STATIC_OBS_INFO 1 -6.300000 63.654234 4.967041 
CRASH -5.250000 58.799443 16.600000
TIMEOUT
