STATIC_OBS_INIT_INFO 0 -6.300000 60.234288
STATIC_OBS_INIT_INFO 1 -6.300000 62.268183
Parent: -28.770265 10.000000 101.000000 0.000000 15.150000 17.586463 -10.000000 2.143272 40.000000 0.000000 0 0 0 0 0 0 0 0
Child: 17.586463 24.261946 244.000000 11.934346 265.500000 0.000000 -10.000000 0.000000 0.000000 0.000000 0 0 0 0 0 0 0 0
EGO_STATUS -5.750000 13.746881 0.000000 1.570796 15.985813 4.000000 0.000000
DYNAMIC_OBS_INFO 0 -5.750000 55.831357 1.570796 40.485894 -5.750000 55.831357 10.251187 1.595523
DYNAMIC_OBS_INFO 1 -1.750000 43.349979 1.570796 28.288740 -1.750000 43.349979 5.787769 2.575246
STATIC_OBS_INFO 0 -6.300000 60.234288 44.892195 
STATIC_OBS_INFO 1 -6.300000 62.268183 46.925944 
Parent: 292.560755 42.952615 431.000000 10.279853 3358.350000 0.000000 0.000000 4.849707 48.000000 0.000000 0 0 0 0 0 0 0 0
EGO_STATUS -5.749988 15.345463 0.100000 1.570761 15.985813 4.000000 0.000000
DYNAMIC_OBS_INFO 0 -5.750000 55.831357 1.570796 39.935117 -5.750000 56.864453 10.410739 1.595523
DYNAMIC_OBS_INFO 1 -1.750000 43.349979 1.570796 26.721673 -1.750000 43.349979 5.787769 2.575246
STATIC_OBS_INFO 0 -6.300000 60.234288 43.308449 
STATIC_OBS_INFO 1 -6.300000 62.268183 45.342187 
Parent: 280.646475 41.368745 415.000000 10.279817 3329.250000 0.000000 -10.000000 4.749714 47.000000 0.000000 0 0 0 0 0 0 0 0
EGO_STATUS -5.749680 16.929336 0.200000 1.570325 15.691813 3.000000 -2.940000
DYNAMIC_OBS_INFO 0 -5.750000 55.831357 1.570796 39.429704 -5.750000 57.913505 10.570292 1.595523
DYNAMIC_OBS_INFO 1 -1.750000 43.349979 1.570796 25.185528 -1.750000 43.349979 5.787769 2.575246
STATIC_OBS_INFO 0 -6.300000 60.234288 41.754136 
STATIC_OBS_INFO 1 -6.300000 62.268183 43.787861 
Parent: 281.151361 39.814283 400.000000 10.279532 3320.200000 0.000000 -10.000000 4.649725 45.000000 0.000000 0 0 0 0 0 0 0 0
EGO_STATUS -5.748004 18.483801 0.300000 1.568900 15.397813 3.000000 -2.940000
DYNAMIC_OBS_INFO 0 -5.750000 55.831357 1.570796 38.969650 -5.750000 58.978511 10.729844 1.595523
DYNAMIC_OBS_INFO 1 -1.750000 43.349979 1.570796 23.680218 -1.750000 43.349979 5.787769 2.575246
STATIC_OBS_INFO 0 -6.300000 60.234288 40.229281 
STATIC_OBS_INFO 1 -6.300000 62.268183 42.262990 
Parent: 279.349290 38.289220 384.000000 10.279557 3277.200000 0.000000 -10.000000 4.549736 43.000000 0.000000 0 0 0 0 0 0 0 0
EGO_STATUS -5.743115 20.008862 0.400000 1.565994 15.103813 3.000000 -2.940000
DYNAMIC_OBS_INFO 0 -5.750000 55.831357 1.570796 38.554975 -5.750000 60.059473 10.889396 1.595523
DYNAMIC_OBS_INFO 1 -1.750000 43.349979 1.570796 22.205546 -1.750000 43.349979 5.787769 2.575246
STATIC_OBS_INFO 0 -6.300000 60.234288 38.733942 
STATIC_OBS_INFO 1 -6.300000 62.268183 40.767629 
Parent: 186.928139 20.435104 206.000000 33.997514 2061.400000 16.282490 0.000000 4.783191 42.000000 0.000000 0 0 1 0 0 0 0 0
Child: 16.282490 16.504450 167.000000 25.704107 139.050000 0.000000 0.000000 0.000000 0.000000 0.000000 0 0 0 1 0 0 0 0
EGO_STATUS -5.732640 21.504502 0.500000 1.561252 14.809813 3.000000 -2.940000
DYNAMIC_OBS_INFO 0 -5.750000 55.831357 1.570796 38.200480 -5.750000 61.156391 11.048949 1.595523
DYNAMIC_OBS_INFO 1 -1.750000 43.349979 1.570796 20.775759 -1.750000 43.349979 5.787769 2.575246
STATIC_OBS_INFO 0 -6.300000 60.234288 37.282964 
STATIC_OBS_INFO 1 -6.300000 62.268183 39.316620 
Parent: 175.440257 20.435104 206.000000 33.997409 2061.400000 3.894595 0.000000 4.683215 41.000000 0.000000 0 0 1 0 0 0 0 0
Child: 3.894595 15.052905 152.000000 25.703710 114.600000 0.000000 -10.000000 0.000000 0.000000 0.000000 0 0 0 1 0 0 0 0
EGO_STATUS -5.714192 22.955927 0.600000 1.554593 14.221813 1.000000 -5.880000
DYNAMIC_OBS_INFO 0 -5.750000 55.831357 1.570796 37.920904 -5.750000 62.269263 11.208501 1.595523
DYNAMIC_OBS_INFO 1 -1.750000 43.349979 1.570796 19.404974 -1.750000 43.349979 5.787769 2.575246
STATIC_OBS_INFO 0 -6.300000 60.234288 35.891125 
STATIC_OBS_INFO 1 -6.300000 62.268183 37.924738 
Parent: 357.873835 30.290952 304.000000 11.682710 3932.100000 9.819264 0.000000 4.090977 49.000000 0.000000 0 0 0 0 0 0 0 0
Child: 9.819264 13.660135 138.000000 5.898025 93.300000 0.000000 0.000000 0.000000 0.000000 0.000000 0 0 0 0 0 0 0 0
EGO_STATUS -5.686180 24.348412 0.700000 1.546572 13.633813 1.000000 -5.880000
DYNAMIC_OBS_INFO 0 -5.750000 55.831357 1.570796 37.701705 -5.750000 63.398091 11.368053 1.595523
DYNAMIC_OBS_INFO 1 -1.750000 43.349979 1.570796 18.078653 -1.750000 43.349979 5.787769 2.575246
STATIC_OBS_INFO 0 -6.300000 60.234288 34.543920 
STATIC_OBS_INFO 1 -6.300000 62.268183 36.577473 
Parent: 346.966749 30.290952 304.000000 11.682697 3932.100000 -1.987825 0.000000 3.990981 48.000000 0.000000 0 0 0 0 0 0 0 0
Child: -1.987825 12.311474 125.000000 5.898661 75.450000 0.000000 -10.000000 0.000000 0.000000 0.000000 0 0 0 0 0 0 0 0
EGO_STATUS -5.647850 25.696524 0.800000 1.538177 13.339813 3.000000 -2.940000
DYNAMIC_OBS_INFO 0 -5.750000 55.831357 1.570796 37.528266 -5.750000 64.542874 11.527606 1.595523
DYNAMIC_OBS_INFO 1 -1.750000 43.349979 1.570796 16.782564 -1.750000 43.349979 5.787769 2.575246
STATIC_OBS_INFO 0 -6.300000 60.234288 33.226761 
STATIC_OBS_INFO 1 -6.300000 62.268183 35.260230 
Parent: 347.127883 30.290952 304.000000 11.682688 3932.100000 -3.726692 0.000000 3.890983 46.000000 0.000000 0 0 0 0 0 0 0 0
Child: -3.726692 10.992206 111.000000 5.898267 57.450000 0.000000 -10.000000 0.000000 0.000000 0.000000 0 0 0 0 0 0 0 0
EGO_STATUS -5.599668 27.014909 0.900000 1.530569 13.045813 3.000000 -2.940000
DYNAMIC_OBS_INFO 0 -5.750000 55.831357 1.570796 37.400605 -5.750000 65.703612 11.687158 1.595523
DYNAMIC_OBS_INFO 1 -1.750000 43.349979 1.570796 15.517347 -1.750000 43.349979 5.787769 2.575246
STATIC_OBS_INFO 0 -6.300000 60.234288 31.939664 
STATIC_OBS_INFO 1 -6.300000 62.268183 33.973023 
Parent: 181.270897 20.435104 206.000000 11.869489 2061.400000 6.685326 0.000000 3.918204 35.000000 0.000000 0 0 0 0 0 0 0 0
Child: 6.685326 9.702333 99.000000 24.265275 43.950000 0.000000 0.000000 0.000000 0.000000 0.000000 0 0 0 1 0 0 0 0
EGO_STATUS -5.543915 28.303575 1.000000 1.524950 12.751813 3.000000 -2.940000
DYNAMIC_OBS_INFO 0 -5.750000 55.831357 1.570796 37.333342 -5.750000 66.880305 11.846710 1.595523
DYNAMIC_OBS_INFO 1 -1.750000 43.349979 1.570796 14.298471 -1.750000 43.349979 5.787769 2.575246
STATIC_OBS_INFO 0 -6.300000 60.234288 30.697208 
STATIC_OBS_INFO 1 -6.300000 62.268183 32.730430 
Parent: 169.969879 28.833839 290.000000 22.786033 2081.600000 0.000000 -10.000000 4.737026 34.000000 0.000000 0 0 0 1 0 0 0 0
EGO_STATUS -5.484841 29.547905 1.100000 1.522294 12.163813 1.000000 -5.880000
DYNAMIC_OBS_INFO 0 -5.750000 55.831357 1.570796 37.340879 -5.750000 68.072954 12.006262 1.595523
DYNAMIC_OBS_INFO 1 -1.750000 43.349979 1.570796 13.141513 -1.750000 43.349979 5.787769 2.575246
STATIC_OBS_INFO 0 -6.300000 60.234288 29.513722 
STATIC_OBS_INFO 1 -6.300000 62.268183 31.546785 
Parent: 170.037505 27.646853 278.000000 22.786310 2071.400000 0.000000 -10.000000 4.772536 33.000000 0.000000 0 0 0 1 0 0 0 0
EGO_STATUS -5.427370 30.733469 1.200000 1.522956 11.575813 1.000000 -5.880000
DYNAMIC_OBS_INFO 0 -5.750000 55.831357 1.570796 37.423047 -5.750000 69.281558 12.165815 1.595523
DYNAMIC_OBS_INFO 1 -1.750000 43.349979 1.570796 12.047905 -1.750000 43.349979 5.787769 2.575246
STATIC_OBS_INFO 0 -6.300000 60.234288 28.388970 
STATIC_OBS_INFO 1 -6.300000 62.268183 30.421857 
Parent: 170.476514 26.518700 267.000000 22.786378 2067.950000 0.000000 -10.000000 4.822540 32.000000 0.000000 0 0 0 1 0 0 0 0
EGO_STATUS -5.375097 31.860389 1.300000 1.526295 10.987813 1.000000 -5.880000
DYNAMIC_OBS_INFO 0 -5.750000 55.831357 1.570796 37.579707 -5.750000 70.506117 12.325367 1.595523
DYNAMIC_OBS_INFO 1 -1.750000 43.349979 1.570796 11.018975 -1.750000 43.349979 5.787769 2.575246
STATIC_OBS_INFO 0 -6.300000 60.234288 27.322756 
STATIC_OBS_INFO 1 -6.300000 62.268183 29.355458 
Parent: 170.912739 25.449364 256.000000 22.786286 2059.700000 0.000000 -10.000000 4.889495 31.000000 0.000000 0 0 0 1 0 0 0 0
EGO_STATUS -5.329937 32.928758 1.400000 1.530928 10.399813 1.000000 -5.880000
DYNAMIC_OBS_INFO 0 -5.750000 55.831357 1.570796 37.810810 -5.750000 71.746631 12.484919 1.595523
DYNAMIC_OBS_INFO 1 -1.750000 43.349979 1.570796 10.055825 -1.750000 43.349979 5.787769 2.575246
STATIC_OBS_INFO 0 -6.300000 60.234288 26.315007 
STATIC_OBS_INFO 1 -6.300000 62.268183 28.347516 
Parent: 171.532645 24.438808 246.000000 22.785987 2056.400000 0.000000 -10.000000 4.976435 30.000000 0.000000 0 0 0 1 0 0 0 0
EGO_STATUS -5.291959 33.938595 1.500000 1.535382 9.811813 1.000000 -5.880000
DYNAMIC_OBS_INFO 0 -5.750000 55.831357 1.570796 38.116504 -5.750000 73.003101 12.644472 1.595523
DYNAMIC_OBS_INFO 1 -1.750000 43.349979 1.570796 9.159400 -1.750000 43.349979 5.787769 2.575246
STATIC_OBS_INFO 0 -6.300000 60.234288 25.365875 
STATIC_OBS_INFO 1 -6.300000 62.268183 27.398185 
Parent: 329.208459 33.389047 335.000000 9.251210 3648.750000 0.000000 0.000000 3.619875 39.000000 0.000000 0 0 0 0 0 0 0 0
EGO_STATUS -5.259858 34.889748 1.600000 1.538456 9.223813 1.000000 -5.880000
DYNAMIC_OBS_INFO 0 -5.750000 55.831357 1.570796 38.467365 -5.750000 74.275526 12.804024 1.595523
DYNAMIC_OBS_INFO 1 -1.750000 43.349979 1.570796 8.303074 -1.750000 43.349979 5.787769 2.575246
STATIC_OBS_INFO 0 -6.300000 60.234288 24.446021 
STATIC_OBS_INFO 1 -6.300000 62.268183 26.478118 
Parent: 887.897425 20.972423 211.000000 13.828069 6265.150000 296.977275 0.000000 4.818791 38.000000 0.000000 0 0 0 0 0 0 0 0
Child: 296.977275 10.000000 101.000000 0.000000 15.150000 295.477275 0.000000 0.000000 0.000000 0.000000 0 0 0 0 0 0 0 0
Child: 295.477275 2.189448 23.000000 3100.517770 3.450000 0.000000 0.000000 0.000000 0.000000 0.000000 1 0 1 0 1 0 0 0
EGO_STATUS -5.230646 35.811667 1.700000 1.539375 9.223813 4.000000 0.000000
DYNAMIC_OBS_INFO 0 -5.750000 55.831357 1.570796 38.819164 -5.750000 75.563906 12.963576 1.595523
DYNAMIC_OBS_INFO 1 -1.750000 43.349979 1.570796 7.453277 -1.750000 43.349979 5.787769 2.575246
STATIC_OBS_INFO 0 -6.300000 60.234288 23.511071 
STATIC_OBS_INFO 1 -6.300000 62.268183 25.542952 
Parent: 255.637397 10.000000 101.000000 20.000000 15.150000 276.726174 -10.000000 2.431025 17.000000 0.000000 0 0 0 1 0 0 0 0
Child: 276.726174 1.252318 14.000000 3091.497212 2.100000 0.000000 0.000000 0.000000 0.000000 0.000000 1 0 0 1 1 0 0 0
EGO_STATUS -5.210026 36.748497 1.800000 1.576901 9.517813 0.000000 2.940000
DYNAMIC_OBS_INFO 0 -5.750000 55.831357 1.570796 39.201436 -5.750000 76.868241 13.123129 1.595523
DYNAMIC_OBS_INFO 1 -1.750000 43.349979 1.570796 7.179763 -1.750000 43.941632 6.045294 2.575246
STATIC_OBS_INFO 0 -6.300000 60.234288 22.588874 
STATIC_OBS_INFO 1 -6.300000 62.268183 24.620733 
Parent: 173.573683 10.000000 101.000000 20.000000 15.150000 193.762442 -10.000000 2.331043 16.000000 0.000000 0 0 0 1 0 0 0 0
Child: 193.762442 0.329997 5.000000 3086.589398 0.750000 0.000000 -10.000000 0.000000 0.000000 0.000000 1 0 0 1 1 0 0 0
EGO_STATUS -5.245187 37.670056 1.900000 1.603958 8.929813 7.000000 -5.880000
DYNAMIC_OBS_INFO 0 -5.750000 55.831357 1.570796 39.654074 -5.750000 78.188531 13.282681 1.595523
DYNAMIC_OBS_INFO 1 -1.750000 43.349979 1.570796 6.964739 -1.750000 44.559038 6.302819 2.575246
STATIC_OBS_INFO 0 -6.300000 60.234288 21.722071 
STATIC_OBS_INFO 1 -6.300000 62.268183 23.753791 
Parent: 897.528105 20.972423 211.000000 3060.670663 6265.150000 1.419359 0.000000 4.165334 35.000000 0.000000 1 0 1 0 0 0 0 0
Child: 1.419359 9.462390 96.000000 0.000000 14.400000 0.000000 0.000000 0.000000 0.000000 0.000000 0 0 0 0 0 0 0 0
EGO_STATUS -5.250000 38.537610 2.000000 1.570796 8.472425 7.000000 -3.793035
DYNAMIC_OBS_INFO 0 -5.750000 55.831357 1.570796 40.157786 -5.750000 79.524777 13.442233 1.595523
DYNAMIC_OBS_INFO 1 -1.750000 43.349979 1.570796 6.801713 -1.750000 45.202196 6.560343 2.575246
STATIC_OBS_INFO 0 -6.300000 60.234288 20.890589 
STATIC_OBS_INFO 1 -6.300000 62.268183 22.922140 
Parent: 888.303241 20.972423 211.000000 3060.670564 6265.150000 -8.705516 0.000000 4.065354 34.000000 0.000000 1 0 1 0 0 0 0 0
Child: -8.705516 8.629896 88.000000 0.000000 13.200000 0.000000 -10.000000 0.000000 0.000000 0.000000 0 0 0 0 0 0 0 0
EGO_STATUS -5.250000 39.370104 2.100000 1.570796 8.178425 3.000000 -2.940000
DYNAMIC_OBS_INFO 0 -5.750000 55.831357 1.570796 40.706810 -5.750000 80.876978 13.601785 1.595523
DYNAMIC_OBS_INFO 1 -1.750000 43.349979 1.570796 6.686979 -1.750000 45.871106 6.817868 2.575246
STATIC_OBS_INFO 0 -6.300000 60.234288 20.088509 
STATIC_OBS_INFO 1 -6.300000 62.268183 22.119879 
Parent: 887.732088 20.972423 211.000000 3037.315340 6265.150000 -8.825986 0.000000 4.936072 33.000000 0.000000 1 0 1 0 0 0 0 0
Child: -8.825986 7.826761 80.000000 0.000000 12.000000 0.000000 -10.000000 0.000000 0.000000 0.000000 0 0 0 0 0 0 0 0
EGO_STATUS -5.250000 40.173239 2.200000 1.570796 7.884425 3.000000 -2.940000
DYNAMIC_OBS_INFO 0 -5.750000 55.831357 1.570796 41.301228 -5.750000 82.245134 13.761338 1.595523
DYNAMIC_OBS_INFO 1 -1.750000 43.349979 1.570796 6.619768 -1.750000 46.565769 7.075393 2.575246
STATIC_OBS_INFO 0 -6.300000 60.234288 19.315916 
STATIC_OBS_INFO 1 -6.300000 62.268183 21.347089 
Parent: 887.516053 20.972423 211.000000 3037.315238 6265.150000 -8.942040 0.000000 4.836102 33.000000 0.000000 1 0 1 0 0 0 0 0
Child: -8.942040 7.053068 72.000000 0.000000 10.800000 0.000000 -10.000000 0.000000 0.000000 0.000000 0 0 0 0 0 0 0 0
EGO_STATUS -5.250000 40.946932 2.300000 1.570796 7.590425 3.000000 -2.940000
DYNAMIC_OBS_INFO 0 -5.750000 55.831357 1.570796 41.941019 -5.750000 83.629245 13.920890 1.595523
DYNAMIC_OBS_INFO 1 -1.750000 43.349979 1.570796 6.599529 -1.750000 47.286185 7.332917 2.575246
STATIC_OBS_INFO 0 -6.300000 60.234288 18.572786 
STATIC_OBS_INFO 1 -6.300000 62.268183 20.603748 
Parent: 885.467233 20.972423 211.000000 3018.802699 6265.150000 0.946319 -10.000000 3.738984 32.000000 0.000000 1 0 0 0 0 0 0 0
Child: 0.946319 6.308793 65.000000 0.000000 9.750000 0.000000 0.000000 0.000000 0.000000 0.000000 0 0 0 0 0 0 0 0
EGO_STATUS -5.250000 41.691207 2.400000 1.570796 7.296425 3.000000 -2.940000
DYNAMIC_OBS_INFO 0 -5.750000 55.831357 1.570796 42.611396 -5.750000 85.029312 14.080442 1.595523
DYNAMIC_OBS_INFO 1 -1.750000 43.349979 1.570796 6.613545 -1.750000 48.032353 7.590442 2.575246
STATIC_OBS_INFO 0 -6.300000 60.234288 17.844358 
STATIC_OBS_INFO 1 -6.300000 62.268183 19.875089 
Parent: 876.257787 20.972423 211.000000 3018.802699 6265.150000 -9.163127 -10.000000 3.638984 31.000000 0.000000 1 0 0 0 0 0 0 0
Child: -9.163127 5.579151 57.000000 0.000000 8.550000 0.000000 -10.000000 0.000000 0.000000 0.000000 0 0 0 0 0 0 0 0
EGO_STATUS -5.250000 42.420849 2.500000 1.570796 7.296425 4.000000 0.000000
DYNAMIC_OBS_INFO 0 -5.750000 55.831357 1.570796 43.297729 -5.750000 86.445334 14.239995 1.595523
DYNAMIC_OBS_INFO 1 -1.750000 43.349979 1.570796 6.649454 -1.750000 48.804273 7.847967 2.575246
STATIC_OBS_INFO 0 -6.300000 60.234288 17.116033 
STATIC_OBS_INFO 1 -6.300000 62.268183 19.146504 
Parent: 899.644141 20.972423 211.000000 3040.321095 6265.150000 0.727426 0.000000 3.995955 30.000000 0.000000 1 0 1 0 0 0 0 0
Child: 0.727426 4.849508 50.000000 0.000000 7.500000 0.000000 0.000000 0.000000 0.000000 0.000000 0 0 0 0 0 0 0 0
EGO_STATUS -5.250000 43.150492 2.600000 1.570796 7.296425 4.000000 0.000000
DYNAMIC_OBS_INFO 0 -5.750000 55.831357 1.570796 44.014755 -5.750000 87.877311 14.399547 1.595523
DYNAMIC_OBS_INFO 1 -1.750000 43.349979 1.570796 6.719971 -1.750000 49.601946 8.105491 2.575246
STATIC_OBS_INFO 0 -6.300000 60.234288 16.402534 
STATIC_OBS_INFO 1 -6.300000 62.268183 18.432717 
Parent: 589.123505 20.972423 211.000000 8.731565 6265.150000 -9.379809 0.000000 4.908523 30.000000 0.000000 0 0 0 0 0 0 0 0
Child: -9.379809 4.134604 43.000000 0.000000 6.450000 0.000000 -10.000000 0.000000 0.000000 0.000000 0 0 0 0 0 0 0 0
EGO_STATUS -5.250000 43.865396 2.700000 1.570796 7.002425 3.000000 -2.940000
DYNAMIC_OBS_INFO 0 -5.750000 55.831357 1.570796 44.777137 -5.750000 89.325243 14.559099 1.595523
DYNAMIC_OBS_INFO 1 -1.750000 43.349979 1.570796 6.838087 -1.750000 50.425371 8.363016 2.575246
STATIC_OBS_INFO 0 -6.300000 60.234288 15.718499 
STATIC_OBS_INFO 1 -6.300000 62.268183 17.748371 
Parent: 412.139006 13.449102 136.000000 0.000000 4420.400000 0.000000 -10.000000 4.003647 19.000000 0.000000 0 0 0 0 0 0 0 0
EGO_STATUS -5.250000 44.550898 2.800000 1.570796 6.708425 3.000000 -2.940000
DYNAMIC_OBS_INFO 0 -5.750000 55.831357 1.570796 45.584920 -5.750000 90.789131 14.718652 1.595523
DYNAMIC_OBS_INFO 1 -1.750000 43.349979 1.570796 7.004693 -1.750000 51.274549 8.620540 2.575246
STATIC_OBS_INFO 0 -6.300000 60.234288 15.063974 
STATIC_OBS_INFO 1 -6.300000 62.268183 17.093509 
Parent: 840.974684 10.000000 102.000000 20.000000 2626.500000 614.590251 0.000000 4.923649 38.000000 0.000000 0 0 1 0 0 0 0 0
Child: 614.590251 20.972423 211.000000 14.531666 6265.150000 0.418957 -10.000000 0.000000 0.000000 0.000000 0 0 0 0 0 0 0 0
Child: 0.418957 2.793047 29.000000 0.000000 4.350000 0.000000 0.000000 0.000000 0.000000 0.000000 0 0 0 0 0 0 0 0
EGO_STATUS -5.250000 45.206953 2.900000 1.570796 6.414425 3.000000 -2.940000
DYNAMIC_OBS_INFO 0 -5.750000 55.831357 1.570796 46.423271 -5.750000 92.268974 14.878204 1.595523
DYNAMIC_OBS_INFO 1 -1.750000 43.349979 1.570796 7.207889 -1.750000 52.149480 8.878065 2.575246
STATIC_OBS_INFO 0 -6.300000 60.234288 14.424161 
STATIC_OBS_INFO 1 -6.300000 62.268183 16.453325 
Parent: 830.778468 10.000000 102.000000 20.000000 2626.500000 604.494035 0.000000 4.823649 38.000000 0.000000 0 0 1 0 0 0 0 0
Child: 604.494035 20.972423 211.000000 14.531666 6265.150000 -9.677259 -10.000000 0.000000 0.000000 0.000000 0 0 0 0 0 0 0 0
Child: -9.677259 2.151605 23.000000 0.000000 3.450000 0.000000 -10.000000 0.000000 0.000000 0.000000 0 0 0 0 0 0 0 0
EGO_STATUS -5.250000 45.848395 3.000000 1.570796 6.414425 4.000000 0.000000
DYNAMIC_OBS_INFO 0 -5.750000 55.831357 1.570796 47.277578 -5.750000 93.764772 15.037756 1.595523
DYNAMIC_OBS_INFO 1 -1.750000 43.349979 1.570796 7.435580 -1.750000 53.050162 9.135590 2.575246
STATIC_OBS_INFO 0 -6.300000 60.234288 13.784499 
STATIC_OBS_INFO 1 -6.300000 62.268183 15.813243 
Parent: 831.582252 10.000000 102.000000 20.000000 2626.500000 604.397818 0.000000 4.723649 37.000000 0.000000 0 0 1 0 0 0 0 0
Child: 604.397818 20.972423 211.000000 14.531666 6265.150000 -9.773476 -10.000000 0.000000 0.000000 0.000000 0 0 0 0 0 0 0 0
Child: -9.773476 1.510162 17.000000 0.000000 2.550000 0.000000 -10.000000 0.000000 0.000000 0.000000 0 0 0 0 0 0 0 0
EGO_STATUS -5.250000 46.489838 3.100000 1.570796 6.414425 4.000000 0.000000
DYNAMIC_OBS_INFO 0 -5.750000 55.831357 1.570796 48.147841 -5.750000 95.276525 15.197308 1.595523
DYNAMIC_OBS_INFO 1 -1.750000 43.349979 1.570796 7.688196 -1.750000 53.976597 9.393114 2.575246
STATIC_OBS_INFO 0 -6.300000 60.234288 13.145011 
STATIC_OBS_INFO 1 -6.300000 62.268183 15.173276 
Parent: 820.765592 10.000000 102.000000 0.000000 2626.500000 604.301602 -10.000000 4.963990 36.000000 0.000000 0 0 0 0 0 0 0 0
Child: 604.301602 20.972423 211.000000 14.531666 6265.150000 -9.869692 -10.000000 0.000000 0.000000 0.000000 0 0 0 0 0 0 0 0
Child: -9.869692 0.868719 10.000000 0.000000 1.500000 0.000000 -10.000000 0.000000 0.000000 0.000000 0 0 0 0 0 0 0 0
EGO_STATUS -5.250000 47.131281 3.200000 1.570796 6.414425 4.000000 0.000000
DYNAMIC_OBS_INFO 0 -5.750000 55.831357 1.570796 49.034060 -5.750000 96.804233 15.356861 1.595523
DYNAMIC_OBS_INFO 1 -1.750000 43.349979 1.570796 7.966130 -1.750000 54.928785 9.650639 2.575246
STATIC_OBS_INFO 0 -6.300000 60.234288 12.505723 
STATIC_OBS_INFO 1 -6.300000 62.268183 14.533439 
Parent: 820.569376 10.000000 102.000000 0.000000 2626.500000 604.205386 -10.000000 4.863990 36.000000 0.000000 0 0 0 0 0 0 0 0
Child: 604.205386 20.972423 211.000000 14.531666 6265.150000 -9.965908 -10.000000 0.000000 0.000000 0.000000 0 0 0 0 0 0 0 0
Child: -9.965908 0.227277 4.000000 0.000000 0.600000 0.000000 -10.000000 0.000000 0.000000 0.000000 0 0 0 0 0 0 0 0
EGO_STATUS -5.250000 47.772723 3.300000 1.570796 6.414425 4.000000 0.000000
DYNAMIC_OBS_INFO 0 -5.750000 55.831357 1.570796 49.936239 -5.750000 98.347897 15.516413 1.595523
DYNAMIC_OBS_INFO 1 -1.750000 43.349979 1.570796 8.269553 -1.750000 55.906725 9.908164 2.575246
STATIC_OBS_INFO 0 -6.300000 60.234288 11.866705 
STATIC_OBS_INFO 1 -6.300000 62.268183 13.893782 
Parent: 831.163967 10.000000 102.000000 0.000000 2626.500000 613.900011 -10.000000 4.763956 35.000000 0.000000 0 0 0 0 0 0 0 0
Child: 613.900011 20.558042 207.000000 14.531772 6267.550000 0.000000 -10.000000 0.000000 0.000000 0.000000 0 0 0 0 0 0 0 0
EGO_STATUS -5.249578 48.414165 3.400000 1.567893 6.414425 4.000000 0.000000
DYNAMIC_OBS_INFO 0 -5.750000 55.831357 1.570796 50.854465 -5.750000 99.907516 15.675965 1.595523
DYNAMIC_OBS_INFO 1 -1.750000 43.349979 1.570796 8.596718 -1.750000 56.910418 10.165688 2.575246
STATIC_OBS_INFO 0 -6.300000 60.234288 11.228523 
STATIC_OBS_INFO 1 -6.300000 62.268183 13.254777 
Parent: 851.051762 10.000000 102.000000 0.000000 2626.500000 632.887807 -10.000000 4.663954 34.000000 0.000000 0 0 0 0 0 0 0 0
Child: 632.887807 19.916587 201.000000 14.531818 6473.550000 0.000000 -10.000000 0.000000 0.000000 0.000000 0 0 0 0 0 0 0 0
EGO_STATUS -5.243561 49.055573 3.500000 1.553163 6.414425 4.000000 0.000000
DYNAMIC_OBS_INFO 0 -5.750000 55.831357 1.570796 51.789036 -5.750000 101.483090 15.835518 1.595523
DYNAMIC_OBS_INFO 1 -1.750000 43.349979 1.570796 8.945541 -1.750000 57.939863 10.423213 2.575246
STATIC_OBS_INFO 0 -6.300000 60.234288 10.592295 
STATIC_OBS_INFO 1 -6.300000 62.268183 12.617371 
Parent: 831.706905 10.000000 102.000000 0.000000 2626.500000 613.642953 -10.000000 4.563952 34.000000 0.000000 0 0 0 0 0 0 0 0
Child: 613.642953 19.275131 194.000000 14.530607 6262.300000 0.000000 -10.000000 0.000000 0.000000 0.000000 0 0 0 0 0 0 0 0
EGO_STATUS -5.224662 49.696719 3.600000 1.528160 6.414425 4.000000 0.000000
DYNAMIC_OBS_INFO 0 -5.750000 55.831357 1.570796 52.740598 -5.750000 103.074620 15.995070 1.595523
DYNAMIC_OBS_INFO 1 -1.750000 43.349979 1.570796 9.315305 -1.750000 58.995060 10.680738 2.575246
STATIC_OBS_INFO 0 -6.300000 60.234288 9.959641 
STATIC_OBS_INFO 1 -6.300000 62.268183 11.982952 
Parent: 831.777807 10.000000 102.000000 0.000000 2626.500000 612.813857 -10.000000 4.463950 33.000000 0.000000 0 0 0 0 0 0 0 0
Child: 612.813857 18.633674 188.000000 14.531514 6269.200000 0.000000 -10.000000 0.000000 0.000000 0.000000 0 0 0 0 0 0 0 0
EGO_STATUS -5.187056 50.337026 3.700000 1.495181 6.414425 4.000000 0.000000
DYNAMIC_OBS_INFO 0 -5.750000 55.831357 1.570796 53.710177 -5.750000 104.682104 16.154622 1.595523
DYNAMIC_OBS_INFO 1 -1.750000 43.349979 1.570796 9.706612 -1.750000 60.076010 10.938262 2.575246
STATIC_OBS_INFO 0 -6.300000 60.234288 9.332827 
STATIC_OBS_INFO 1 -6.300000 62.268183 11.353457 
Parent: 851.233856 10.000000 102.000000 0.000000 2626.500000 632.369909 -10.000000 4.363948 33.000000 0.000000 0 0 0 0 0 0 0 0
Child: 632.369909 17.992217 181.000000 14.530404 6447.650000 0.000000 -10.000000 0.000000 0.000000 0.000000 0 0 0 0 0 0 0 0
EGO_STATUS -5.126375 50.975548 3.800000 1.456357 6.414425 4.000000 0.000000
DYNAMIC_OBS_INFO 0 -5.750000 55.831357 1.570796 54.699114 -5.750000 106.305544 16.314175 1.595523
DYNAMIC_OBS_INFO 1 -1.750000 43.349979 1.570796 10.121189 -1.750000 61.182713 11.195787 2.575246
STATIC_OBS_INFO 0 -6.300000 60.234288 8.714867 
STATIC_OBS_INFO 1 -6.300000 62.268183 10.731411 
Parent: 832.109052 10.000000 102.000000 0.000000 2626.500000 612.345106 -10.000000 4.263946 32.000000 0.000000 0 0 0 0 0 0 0 0
Child: 612.345106 17.350761 175.000000 14.530853 6262.450000 0.000000 -10.000000 0.000000 0.000000 0.000000 0 0 0 0 0 0 0 0
EGO_STATUS -5.039621 51.611043 3.900000 1.413661 6.414425 4.000000 0.000000
DYNAMIC_OBS_INFO 0 -5.750000 55.831357 1.570796 55.708930 -5.750000 107.944939 16.473727 1.595523
DYNAMIC_OBS_INFO 1 -1.750000 43.349979 1.570796 10.561604 -1.750000 62.315168 11.453312 2.575246
STATIC_OBS_INFO 0 -6.300000 60.234288 8.109575 
STATIC_OBS_INFO 1 -6.300000 62.268183 10.119901 
Parent: 851.379836 10.000000 102.000000 0.000000 2626.500000 630.715892 -10.000000 4.163944 31.000000 0.000000 0 0 0 0 0 0 0 0
Child: 630.715892 16.709305 169.000000 14.530595 6465.750000 0.000000 -10.000000 0.000000 0.000000 0.000000 0 0 0 0 0 0 0 0
EGO_STATUS -4.925079 52.242117 4.000000 1.368900 6.414425 4.000000 0.000000
DYNAMIC_OBS_INFO 0 -5.750000 55.831357 1.570796 56.741159 -5.750000 109.600289 16.633279 1.595523
DYNAMIC_OBS_INFO 1 -1.750000 43.349979 1.570796 11.030925 -1.750000 63.473375 11.710836 2.575246
STATIC_OBS_INFO 0 -6.300000 60.234288 7.521634 
STATIC_OBS_INFO 1 -6.300000 62.268183 9.522537 
Parent: 831.847175 10.000000 102.000000 0.000000 2626.500000 611.283233 -10.000000 4.063942 31.000000 0.000000 0 0 0 0 0 0 0 0
Child: 611.283233 16.067850 162.000000 14.529760 6249.400000 0.000000 -10.000000 0.000000 0.000000 0.000000 0 0 0 0 0 0 0 0
EGO_STATUS -4.782203 52.867384 4.100000 1.323724 6.414425 4.000000 0.000000
DYNAMIC_OBS_INFO 0 -5.750000 55.831357 1.570796 57.797173 -5.750000 111.271595 16.792831 1.595523
DYNAMIC_OBS_INFO 1 -1.750000 43.349979 1.570796 11.532347 -1.750000 64.657335 11.968361 2.575246
STATIC_OBS_INFO 0 -6.300000 60.234288 6.956676 
STATIC_OBS_INFO 1 -6.300000 62.268183 8.943386 
Parent: 830.678486 10.000000 102.000000 0.000000 2626.500000 609.214546 -10.000000 3.963940 30.000000 0.000000 0 0 0 0 0 0 0 0
Child: 609.214546 15.426395 156.000000 14.530300 6247.300000 0.000000 -10.000000 0.000000 0.000000 0.000000 0 0 0 0 0 0 0 0
EGO_STATUS -4.611498 53.485637 4.200000 1.279619 6.414425 4.000000 0.000000
DYNAMIC_OBS_INFO 0 -5.750000 55.831357 1.570796 58.878022 -5.750000 112.958856 16.952384 1.595523
DYNAMIC_OBS_INFO 1 -1.750000 43.349979 1.570796 12.068836 -1.750000 65.867047 12.225885 2.575246
STATIC_OBS_INFO 0 -6.300000 60.234288 6.421400 
STATIC_OBS_INFO 1 -6.300000 62.268183 8.386920 
Parent: 587.384838 14.473091 146.000000 12.868230 6058.700000 0.000000 0.000000 4.505645 19.000000 0.000000 0 0 0 0 0 1 0 0
EGO_STATUS -4.414370 54.095984 4.300000 1.237908 6.414425 4.000000 0.000000
DYNAMIC_OBS_INFO 0 -5.750000 55.831357 1.570796 59.990904 -5.750000 114.662072 17.111936 1.595523
DYNAMIC_OBS_INFO 1 -1.750000 43.349979 1.570796 12.649856 -1.750000 67.102512 12.483410 2.575246
STATIC_OBS_INFO 0 -6.300000 60.234288 5.929012 
STATIC_OBS_INFO 1 -6.300000 62.268183 7.863688 
Parent: 575.069237 13.838735 140.000000 11.015662 6055.500000 0.000000 -10.000000 4.405639 19.000000 0.000000 0 0 0 0 0 1 0 0
EGO_STATUS -4.195585 54.691309 4.400000 1.200200 6.272283 7.000000 -1.421422
DYNAMIC_OBS_INFO 0 -5.750000 55.831357 1.570796 61.141927 -5.750000 116.381243 17.271488 1.595523
DYNAMIC_OBS_INFO 1 -1.750000 43.349979 1.570796 13.283629 -1.750000 68.363729 12.740935 2.575246
STATIC_OBS_INFO 0 -6.300000 60.234288 5.491605 
STATIC_OBS_INFO 1 -6.300000 62.268183 7.382853 
Parent: 543.236137 13.218604 134.000000 10.803635 5736.300000 0.000000 -10.000000 4.305636 18.000000 0.000000 0 0 0 0 0 1 0 0
EGO_STATUS -3.961481 55.265480 4.500000 1.168141 6.130141 7.000000 -1.421425
DYNAMIC_OBS_INFO 0 -5.750000 55.831357 1.570796 62.329796 -5.750000 118.116369 17.431041 1.595523
DYNAMIC_OBS_INFO 1 -1.750000 43.349979 1.570796 13.970094 -1.750000 69.650699 12.998459 2.575246
STATIC_OBS_INFO 0 -6.300000 60.234288 5.114806 
STATIC_OBS_INFO 1 -6.300000 62.268183 6.946611 
Parent: 958.108118 20.109224 203.000000 28.425703 4657.850000 526.993619 0.000000 4.891015 38.000000 0.000000 0 0 1 0 0 0 0 0
Child: 526.993619 12.864128 130.000000 13.697683 5311.900000 0.000000 0.000000 0.000000 0.000000 0.000000 0 0 0 0 0 0 0 0
EGO_STATUS -3.716776 55.819744 4.600000 1.143135 5.987998 7.000000 -1.421426
DYNAMIC_OBS_INFO 0 -5.750000 55.831357 1.570796 63.546282 -5.750000 119.867451 17.590593 1.595523
DYNAMIC_OBS_INFO 1 -1.750000 43.349979 1.570796 14.701298 -1.750000 70.963421 13.255984 2.575246
STATIC_OBS_INFO 0 -6.300000 60.234288 4.799797 
STATIC_OBS_INFO 1 -6.300000 62.268183 6.551727 
Parent: 821.251098 10.000000 101.000000 20.000000 2055.350000 647.801759 0.000000 4.969141 37.000000 0.000000 0 0 1 0 0 0 0 0
Child: 647.801759 22.135502 223.000000 13.151563 6613.750000 0.000000 -10.000000 0.000000 0.000000 0.000000 0 0 0 0 0 0 0 0
EGO_STATUS -3.463469 56.362319 4.700000 1.126267 5.987998 4.000000 0.000000
DYNAMIC_OBS_INFO 0 -5.750000 55.831357 1.570796 64.782882 -5.750000 121.634488 17.750145 1.595523
DYNAMIC_OBS_INFO 1 -1.750000 43.349979 1.570796 15.468644 -1.750000 72.301896 13.513509 2.575246
STATIC_OBS_INFO 0 -6.300000 60.234288 4.549216 
STATIC_OBS_INFO 1 -6.300000 62.268183 6.195841 
Parent: 754.229591 10.000000 101.000000 20.000000 2055.350000 580.880250 0.000000 4.869143 37.000000 0.000000 0 0 1 0 0 0 0 0
Child: 580.880250 21.536714 217.000000 13.151516 5940.450000 0.000000 -10.000000 0.000000 0.000000 0.000000 0 0 0 0 0 0 0 0
EGO_STATUS -3.203374 56.901680 4.800000 1.118092 5.987998 4.000000 0.000000
DYNAMIC_OBS_INFO 0 -5.750000 55.831357 1.570796 66.037192 -5.750000 123.417480 17.909698 1.595523
DYNAMIC_OBS_INFO 1 -1.750000 43.349979 1.570796 16.269742 -1.750000 73.666123 13.771033 2.575246
STATIC_OBS_INFO 0 -6.300000 60.234288 4.369110 
STATIC_OBS_INFO 1 -6.300000 62.268183 5.881515 
Parent: 626.253196 10.000000 101.000000 20.000000 2055.350000 452.003853 0.000000 4.769145 36.000000 0.000000 0 0 1 0 0 0 0 0
Child: 452.003853 20.937923 211.000000 13.151461 4642.650000 0.000000 -10.000000 0.000000 0.000000 0.000000 0 0 0 0 0 0 0 0
EGO_STATUS -2.941229 57.440049 4.900000 1.118626 5.987998 4.000000 0.000000
DYNAMIC_OBS_INFO 0 -5.750000 55.831357 1.570796 67.306745 -5.750000 125.216427 18.069250 1.595523
DYNAMIC_OBS_INFO 1 -1.750000 43.349979 1.570796 17.101840 -1.750000 75.056103 14.028558 2.575246
STATIC_OBS_INFO 0 -6.300000 60.234288 4.263310 
STATIC_OBS_INFO 1 -6.300000 62.268183 5.611051 
Parent: 596.053384 10.000000 101.000000 20.000000 2055.350000 421.904040 0.000000 4.669146 36.000000 0.000000 0 0 1 0 0 0 0 0
Child: 421.904040 20.339130 205.000000 13.151403 4340.050000 0.000000 -10.000000 0.000000 0.000000 0.000000 0 0 0 0 0 0 0 0
EGO_STATUS -2.681651 57.979658 5.000000 1.127539 5.987998 4.000000 0.000000
DYNAMIC_OBS_INFO 0 -5.750000 55.831357 1.570796 68.589216 -5.750000 127.031330 18.228802 1.595523
DYNAMIC_OBS_INFO 1 -1.750000 43.349979 1.570796 17.962116 -1.750000 76.471835 14.286083 2.575246
STATIC_OBS_INFO 0 -6.300000 60.234288 4.232533 
STATIC_OBS_INFO 1 -6.300000 62.268183 5.386466 
Parent: 556.791426 29.901307 301.000000 13.985769 5993.650000 0.000000 -10.000000 4.993540 35.000000 0.000000 0 0 0 0 0 0 0 0
EGO_STATUS -2.429042 58.522558 5.100000 1.144254 5.987998 4.000000 0.000000
DYNAMIC_OBS_INFO 0 -5.750000 55.831357 1.570796 69.882584 -5.750000 128.862188 18.388354 1.595523
DYNAMIC_OBS_INFO 1 -1.750000 43.349979 1.570796 18.847930 -1.750000 77.913319 14.543607 2.575246
STATIC_OBS_INFO 0 -6.300000 60.234288 4.273998 
STATIC_OBS_INFO 1 -6.300000 62.268183 5.209411 
Parent: 546.549637 29.302494 295.000000 13.985750 5882.050000 0.000000 -10.000000 4.893538 34.000000 0.000000 0 0 0 0 0 0 0 0
EGO_STATUS -2.187509 59.070468 5.200000 1.168001 5.987998 4.000000 0.000000
DYNAMIC_OBS_INFO 0 -5.750000 55.831357 1.570796 71.185256 -5.750000 130.709001 18.547907 1.595523
DYNAMIC_OBS_INFO 1 -1.750000 43.349979 1.570796 19.757014 -1.750000 79.380556 14.801132 2.575246
STATIC_OBS_INFO 0 -6.300000 60.234288 4.381814 
STATIC_OBS_INFO 1 -6.300000 62.268183 5.081027 
Parent: 534.860819 28.703683 289.000000 13.985732 5765.950000 0.000000 -10.000000 4.793536 34.000000 0.000000 0 0 0 0 0 0 0 0
EGO_STATUS -1.960800 59.624667 5.300000 1.197893 5.987998 4.000000 0.000000
DYNAMIC_OBS_INFO 0 -5.750000 55.831357 1.570796 72.496132 -5.750000 132.571769 18.707459 1.595523
DYNAMIC_OBS_INFO 1 -1.750000 43.349979 1.570796 20.687599 -1.750000 80.873545 15.058656 2.575246
STATIC_OBS_INFO 0 -6.300000 60.234288 4.547992 
STATIC_OBS_INFO 1 -6.300000 62.268183 5.001760 
Parent: 523.784625 28.104874 283.000000 13.985715 5645.950000 0.000000 -10.000000 4.693534 33.000000 0.000000 0 0 0 0 0 0 0 0
EGO_STATUS -1.752265 60.185946 5.400000 1.232995 5.987998 4.000000 0.000000
DYNAMIC_OBS_INFO 0 -5.750000 55.831357 1.570796 73.814630 -5.750000 134.450493 18.867011 1.595523
DYNAMIC_OBS_INFO 1 -1.750000 43.349979 1.570796 21.638474 -1.750000 82.392287 15.316181 2.575246
STATIC_OBS_INFO 0 -6.300000 60.234288 4.763691 
STATIC_OBS_INFO 1 -6.300000 62.268183 4.971211 
Parent: 511.350921 27.506063 277.000000 13.985697 5522.350000 0.000000 -10.000000 4.593532 33.000000 0.000000 0 0 0 0 0 0 0 0
EGO_STATUS -1.564810 60.754606 5.500000 1.272343 5.987998 4.000000 0.000000
DYNAMIC_OBS_INFO 0 -5.750000 55.831357 1.570796 75.140667 -5.750000 136.345172 19.026564 1.595523
DYNAMIC_OBS_INFO 1 -1.750000 43.349979 1.570796 22.609004 -1.750000 83.936782 15.573706 2.575246
STATIC_OBS_INFO 0 -6.300000 60.234288 5.020278 
STATIC_OBS_INFO 1 -6.300000 62.268183 4.988072 
Parent: 499.559809 26.907249 271.000000 13.985677 5395.150000 0.000000 -10.000000 4.493530 32.000000 0.000000 0 0 0 0 0 0 0 0
EGO_STATUS -1.400861 61.330474 5.600000 1.314963 5.987998 4.000000 0.000000
DYNAMIC_OBS_INFO 0 -5.750000 55.831357 1.570796 76.474623 -5.750000 138.255806 19.186116 1.595523
DYNAMIC_OBS_INFO 1 -1.750000 43.349979 1.570796 23.599098 -1.750000 85.507028 15.831230 2.575246
STATIC_OBS_INFO 0 -6.300000 60.234288 5.310017 
STATIC_OBS_INFO 1 -6.300000 62.268183 5.050196 
Parent: 486.560338 26.308433 265.000000 13.985657 5265.850000 0.000000 -10.000000 4.393527 32.000000 0.000000 0 0 0 0 0 0 0 0
EGO_STATUS -1.262312 61.912970 5.700000 1.359880 5.987998 4.000000 0.000000
DYNAMIC_OBS_INFO 0 -5.750000 55.831357 1.570796 77.817264 -5.750000 140.182395 19.345668 1.595523
DYNAMIC_OBS_INFO 1 -1.750000 43.349979 1.570796 24.609151 -1.750000 87.103028 16.088755 2.575246
STATIC_OBS_INFO 0 -6.300000 60.234288 5.626381 
STATIC_OBS_INFO 1 -6.300000 62.268183 5.154770 
Parent: 474.322832 25.709616 259.000000 13.985636 5134.150000 0.000000 -10.000000 4.293524 31.000000 0.000000 0 0 0 0 0 0 0 0
EGO_STATUS -1.150498 62.501180 5.800000 1.406139 5.987998 4.000000 0.000000
DYNAMIC_OBS_INFO 0 -5.750000 55.831357 1.570796 79.169658 -5.750000 142.124939 19.505221 1.595523
DYNAMIC_OBS_INFO 1 -1.750000 43.349979 1.570796 25.639946 -1.750000 88.724779 16.346280 2.575246
STATIC_OBS_INFO 0 -6.300000 60.234288 5.964113 
STATIC_OBS_INFO 1 -6.300000 62.268183 5.298571 
Parent: 461.903182 25.110798 253.000000 13.947396 5000.650000 0.000000 -10.000000 4.193521 30.000000 0.000000 0 0 0 0 0 0 0 0
EGO_STATUS -1.066172 63.093954 5.900000 1.452814 5.987998 4.000000 0.000000
DYNAMIC_OBS_INFO 0 -5.750000 55.831357 1.570796 80.533073 -5.750000 144.083439 19.664773 1.595523
DYNAMIC_OBS_INFO 1 -1.750000 43.349979 1.570796 26.692548 -1.750000 90.372284 16.603804 2.575246
STATIC_OBS_INFO 0 -6.300000 60.234288 6.319132 
STATIC_OBS_INFO 1 -6.300000 62.268183 5.478231 
Parent: 448.342073 24.511982 247.000000 13.679697 4865.950000 0.000000 -10.000000 4.093519 30.000000 0.000000 0 0 0 0 0 0 0 0
EGO_STATUS -1.009497 63.690009 6.000000 1.499021 5.987998 4.000000 0.000000
DYNAMIC_OBS_INFO 0 -5.750000 55.831357 1.570796 81.908867 -5.750000 146.057894 19.824325 1.595523
DYNAMIC_OBS_INFO 1 -1.750000 43.349979 1.570796 27.768184 -1.750000 92.045540 16.861329 2.575246
STATIC_OBS_INFO 0 -6.300000 60.234288 6.688390 
STATIC_OBS_INFO 1 -6.300000 62.268183 5.690476 
Parent: 566.207180 20.109224 203.000000 31.796677 3190.050000 291.841634 -10.000000 4.208718 39.000000 0.000000 0 0 1 0 0 0 0 0
Child: 291.841634 13.772090 139.000000 33.171547 2912.350000 0.000000 0.000000 0.000000 0.000000 0.000000 0 0 1 0 0 0 0 0
EGO_STATUS -0.980064 64.288032 6.100000 1.543927 5.987998 4.000000 0.000000
DYNAMIC_OBS_INFO 0 -5.750000 55.831357 1.570796 83.293491 -5.750000 148.048304 19.983877 1.595523
DYNAMIC_OBS_INFO 1 -1.750000 43.349979 1.570796 28.863223 -1.750000 93.744549 17.118854 2.575246
STATIC_OBS_INFO 0 -6.300000 60.234288 7.072875 
STATIC_OBS_INFO 1 -6.300000 62.268183 5.934391 
Parent: 416.353998 10.000000 101.000000 20.000000 530.250000 406.763691 -10.000000 4.110110 39.000000 0.000000 0 0 1 0 0 0 0 0
Child: 406.763691 23.291689 234.000000 32.817314 4154.200000 0.000000 -10.000000 0.000000 0.000000 0.000000 0 0 1 0 0 0 0 0
EGO_STATUS -0.977006 64.891679 6.200000 1.587076 6.085998 2.000000 0.980000
DYNAMIC_OBS_INFO 0 -5.750000 55.831357 1.570796 84.683280 -5.750000 150.054669 20.143430 1.595523
DYNAMIC_OBS_INFO 1 -1.750000 43.349979 1.570796 29.973974 -1.750000 95.469311 17.376378 2.575246
STATIC_OBS_INFO 0 -6.300000 60.234288 7.474682 
STATIC_OBS_INFO 1 -6.300000 62.268183 6.210359 
Parent: 403.302621 10.000000 101.000000 20.000000 530.250000 392.812315 -10.000000 4.010108 38.000000 0.000000 0 0 1 0 0 0 0 0
Child: 392.812315 22.678172 228.000000 32.062409 4017.700000 0.000000 -10.000000 0.000000 0.000000 0.000000 0 0 1 0 0 0 0 0
EGO_STATUS -0.999687 65.504729 6.300000 1.627739 6.183998 2.000000 0.980000
DYNAMIC_OBS_INFO 0 -5.750000 55.831357 1.570796 86.079346 -5.750000 152.076990 20.302982 1.595523
DYNAMIC_OBS_INFO 1 -1.750000 43.349979 1.570796 31.101554 -1.750000 97.219825 17.633903 2.575246
STATIC_OBS_INFO 0 -6.300000 60.234288 7.893626 
STATIC_OBS_INFO 1 -6.300000 62.268183 6.517586 
Parent: 390.075913 10.000000 101.000000 20.000000 530.250000 378.685609 -10.000000 3.910105 37.000000 0.000000 0 0 1 0 0 0 0 0
Child: 378.685609 22.054847 222.000000 30.937284 3881.500000 0.000000 -10.000000 0.000000 0.000000 0.000000 0 0 1 0 0 0 0 0
EGO_STATUS -1.046954 66.126218 6.400000 1.664724 6.281998 2.000000 0.980000
DYNAMIC_OBS_INFO 0 -5.750000 55.831357 1.570796 87.482596 -5.750000 154.115266 20.462534 1.595523
DYNAMIC_OBS_INFO 1 -1.750000 43.349979 1.570796 32.246865 -1.750000 98.996092 17.891427 2.575246
STATIC_OBS_INFO 0 -6.300000 60.234288 8.330089 
STATIC_OBS_INFO 1 -6.300000 62.268183 6.855686 
Parent: 340.762231 31.581041 317.000000 9.515328 3732.650000 0.000000 0.000000 4.950008 37.000000 0.000000 0 0 0 0 0 0 0 0
EGO_STATUS -1.116861 66.755443 6.500000 1.697090 6.379998 2.000000 0.980000
DYNAMIC_OBS_INFO 0 -5.750000 55.831357 1.570796 88.898547 -5.750000 156.169497 20.622087 1.595523
DYNAMIC_OBS_INFO 1 -1.750000 43.349979 1.570796 33.415384 -1.750000 100.798111 18.148952 2.575246
STATIC_OBS_INFO 0 -6.300000 60.234288 8.781319 
STATIC_OBS_INFO 1 -6.300000 62.268183 7.221630 
Parent: 317.517875 30.943005 311.000000 8.726414 3596.150000 0.000000 -10.000000 4.850002 36.000000 0.000000 0 0 0 0 0 0 0 0
EGO_STATUS -1.206074 67.387154 6.600000 1.723989 6.379998 4.000000 0.000000
DYNAMIC_OBS_INFO 0 -5.750000 55.831357 1.570796 90.332291 -5.750000 158.239683 20.781639 1.595523
DYNAMIC_OBS_INFO 1 -1.750000 43.349979 1.570796 34.612118 -1.750000 102.625882 18.406477 2.575246
STATIC_OBS_INFO 0 -6.300000 60.234288 9.244455 
STATIC_OBS_INFO 1 -6.300000 62.268183 7.611837 
Parent: 303.525082 30.304970 305.000000 8.724762 3451.150000 0.000000 -10.000000 4.749997 35.000000 0.000000 0 0 0 0 0 0 0 0
EGO_STATUS -1.310384 68.016556 6.700000 1.744994 6.379998 4.000000 0.000000
DYNAMIC_OBS_INFO 0 -5.750000 55.831357 1.570796 91.783754 -5.750000 160.325825 20.941191 1.595523
DYNAMIC_OBS_INFO 1 -1.750000 43.349979 1.570796 35.836892 -1.750000 104.479406 18.664001 2.575246
STATIC_OBS_INFO 0 -6.300000 60.234288 9.719998 
STATIC_OBS_INFO 1 -6.300000 62.268183 8.025350 
Parent: 290.608149 29.666936 298.000000 8.725891 3315.700000 0.000000 -10.000000 4.649991 35.000000 0.000000 0 0 0 0 0 0 0 0
EGO_STATUS -1.426041 68.643978 6.800000 1.760154 6.379998 4.000000 0.000000
DYNAMIC_OBS_INFO 0 -5.750000 55.831357 1.570796 93.252644 -5.750000 162.427921 21.100744 1.595523
DYNAMIC_OBS_INFO 1 -1.750000 43.349979 1.570796 37.089291 -1.750000 106.358682 18.921526 2.575246
STATIC_OBS_INFO 0 -6.300000 60.234288 10.208378 
STATIC_OBS_INFO 1 -6.300000 62.268183 8.461242 
Parent: 277.136538 29.028904 292.000000 8.725114 3175.800000 0.000000 -10.000000 4.549986 34.000000 0.000000 0 0 0 0 0 0 0 0
EGO_STATUS -1.549410 69.269934 6.900000 1.769686 6.379998 4.000000 0.000000
DYNAMIC_OBS_INFO 0 -5.750000 55.831357 1.570796 94.738532 -5.750000 164.545973 21.260296 1.595523
DYNAMIC_OBS_INFO 1 -1.750000 43.349979 1.570796 38.368749 -1.750000 108.263711 19.179051 2.575246
STATIC_OBS_INFO 0 -6.300000 60.234288 10.709879 
STATIC_OBS_INFO 1 -6.300000 62.268183 8.918541 
Parent: 264.907191 28.390873 285.000000 8.724611 3047.550000 0.000000 -10.000000 4.449981 34.000000 0.000000 0 0 0 0 0 0 0 0
EGO_STATUS -1.677064 69.895032 7.000000 1.773948 6.379998 4.000000 0.000000
DYNAMIC_OBS_INFO 0 -5.750000 55.831357 1.570796 96.240935 -5.750000 166.679980 21.419848 1.595523
DYNAMIC_OBS_INFO 1 -1.750000 43.349979 1.570796 39.674633 -1.750000 110.194492 19.436575 2.575246
STATIC_OBS_INFO 0 -6.300000 60.234288 11.224580 
STATIC_OBS_INFO 1 -6.300000 62.268183 9.396181 
Parent: 252.712570 27.752844 279.000000 8.725034 2920.350000 0.000000 -10.000000 4.349977 33.000000 0.000000 0 0 0 0 0 0 0 0
EGO_STATUS -1.805847 70.519899 7.100000 1.773415 6.379998 4.000000 0.000000
DYNAMIC_OBS_INFO 0 -5.750000 55.831357 1.570796 97.759379 -5.750000 168.829943 21.579401 1.595523
DYNAMIC_OBS_INFO 1 -1.750000 43.349979 1.570796 41.006323 -1.750000 112.151026 19.694100 2.575246
STATIC_OBS_INFO 0 -6.300000 60.234288 11.752332 
STATIC_OBS_INFO 1 -6.300000 62.268183 9.892982 
Parent: 239.901094 27.114818 273.000000 8.723543 2786.750000 0.000000 -10.000000 4.249973 32.000000 0.000000 0 0 0 0 0 0 0 0
EGO_STATUS -1.932937 71.145112 7.200000 1.768651 6.379998 4.000000 0.000000
DYNAMIC_OBS_INFO 0 -5.750000 55.831357 1.570796 99.293451 -5.750000 170.995861 21.738953 1.595523
DYNAMIC_OBS_INFO 1 -1.750000 43.349979 1.570796 42.363265 -1.750000 114.133312 19.951625 2.575246
STATIC_OBS_INFO 0 -6.300000 60.234288 12.292753 
STATIC_OBS_INFO 1 -6.300000 62.268183 10.407640 
Parent: 228.174479 26.476794 266.000000 8.724195 2663.900000 0.000000 -10.000000 4.149969 32.000000 0.000000 0 0 0 0 0 0 0 0
EGO_STATUS -2.055880 71.771152 7.300000 1.760288 6.379998 4.000000 0.000000
DYNAMIC_OBS_INFO 0 -5.750000 55.831357 1.570796 100.842831 -5.750000 173.177733 21.898505 1.595523
DYNAMIC_OBS_INFO 1 -1.750000 43.349979 1.570796 43.745018 -1.750000 116.141351 20.209149 2.575246
STATIC_OBS_INFO 0 -6.300000 60.234288 12.845241 
STATIC_OBS_INFO 1 -6.300000 62.268183 10.938739 
Parent: 216.908342 25.838772 260.000000 8.723909 2545.700000 0.000000 -10.000000 4.049966 31.000000 0.000000 0 0 0 0 0 0 0 0
EGO_STATUS -2.172626 72.398375 7.400000 1.749001 6.379998 4.000000 0.000000
DYNAMIC_OBS_INFO 0 -5.750000 55.831357 1.570796 102.407312 -5.750000 175.375562 22.058057 1.595523
DYNAMIC_OBS_INFO 1 -1.750000 43.349979 1.570796 45.151268 -1.750000 118.175142 20.466674 2.575246
STATIC_OBS_INFO 0 -6.300000 60.234288 13.409009 
STATIC_OBS_INFO 1 -6.300000 62.268183 11.484781 
Parent: 204.788069 25.200754 254.000000 8.722604 2418.700000 0.000000 -10.000000 3.949963 30.000000 0.000000 0 0 0 0 0 0 0 0
EGO_STATUS -2.281546 73.027003 7.500000 1.735492 6.379998 4.000000 0.000000
DYNAMIC_OBS_INFO 0 -5.750000 55.831357 1.570796 103.986793 -5.750000 177.589345 22.217610 1.595523
DYNAMIC_OBS_INFO 1 -1.750000 43.349979 1.570796 46.581840 -1.750000 120.234686 20.724199 2.575246
STATIC_OBS_INFO 0 -6.300000 60.234288 13.983120 
STATIC_OBS_INFO 1 -6.300000 62.268183 12.044214 
Parent: 193.802285 24.562738 247.000000 8.723518 2303.650000 0.000000 -10.000000 3.849960 30.000000 0.000000 0 0 0 0 0 0 0 0
EGO_STATUS -2.381448 73.657126 7.600000 1.720468 6.379998 4.000000 0.000000
DYNAMIC_OBS_INFO 0 -5.750000 55.831357 1.570796 105.581275 -5.750000 179.819084 22.377162 1.595523
DYNAMIC_OBS_INFO 1 -1.750000 43.349979 1.570796 48.036681 -1.750000 122.319982 20.981723 2.575246
STATIC_OBS_INFO 0 -6.300000 60.234288 14.566533 
STATIC_OBS_INFO 1 -6.300000 62.268183 12.615473 
Parent: 176.798408 10.000000 102.000000 20.000000 15.300000 207.364812 0.000000 4.972812 39.000000 0.000000 0 0 1 0 0 0 0 0
Child: 207.364812 23.924725 241.000000 8.722528 2180.850000 0.000000 -10.000000 0.000000 0.000000 0.000000 0 0 0 0 0 0 0 0
EGO_STATUS -2.471577 74.288721 7.700000 1.704626 6.379998 4.000000 0.000000
DYNAMIC_OBS_INFO 0 -5.750000 55.831357 1.570796 107.190832 -5.750000 182.064777 22.536714 1.595523
DYNAMIC_OBS_INFO 1 -1.750000 43.349979 1.570796 49.515846 -1.750000 124.431031 21.239248 2.575246
STATIC_OBS_INFO 0 -6.300000 60.234288 15.158157 
STATIC_OBS_INFO 1 -6.300000 62.268183 13.197017 
Parent: 166.050193 10.000000 102.000000 20.000000 15.300000 196.716599 0.000000 4.872810 39.000000 0.000000 0 0 1 0 0 0 0 0
Child: 196.716599 23.286714 234.000000 8.722385 2068.500000 0.000000 -10.000000 0.000000 0.000000 0.000000 0 0 0 0 0 0 0 0
EGO_STATUS -2.551609 74.921673 7.800000 1.688637 6.379998 4.000000 0.000000
DYNAMIC_OBS_INFO 0 -5.750000 55.831357 1.570796 108.815593 -5.750000 184.326426 22.696267 1.595523
DYNAMIC_OBS_INFO 1 -1.750000 43.349979 1.570796 51.019466 -1.750000 126.567832 21.496772 2.575246
STATIC_OBS_INFO 0 -6.300000 60.234288 15.756886 
STATIC_OBS_INFO 1 -6.300000 62.268183 13.787366 
Parent: 155.700136 10.000000 102.000000 20.000000 15.300000 185.466543 0.000000 4.772809 38.000000 0.000000 0 0 1 0 0 0 0 0
Child: 185.466543 22.648706 228.000000 8.722612 1959.000000 0.000000 -10.000000 0.000000 0.000000 0.000000 0 0 0 0 0 0 0 0
EGO_STATUS -2.621634 75.555812 7.900000 1.673132 6.379998 4.000000 0.000000
DYNAMIC_OBS_INFO 0 -5.750000 55.831357 1.570796 110.455712 -5.750000 186.604031 22.855819 1.595523
DYNAMIC_OBS_INFO 1 -1.750000 43.349979 1.570796 52.547722 -1.750000 128.730385 21.754297 2.575246
STATIC_OBS_INFO 0 -6.300000 60.234288 16.361645 
STATIC_OBS_INFO 1 -6.300000 62.268183 14.385128 
Parent: 144.468943 10.000000 102.000000 20.000000 15.300000 173.335351 0.000000 4.672808 37.000000 0.000000 0 0 1 0 0 0 0 0
Child: 173.335351 22.010701 222.000000 8.720934 1840.400000 0.000000 -10.000000 0.000000 0.000000 0.000000 0 0 0 0 0 0 0 0
EGO_STATUS -2.682129 76.190931 8.000000 1.658688 6.379998 4.000000 0.000000
DYNAMIC_OBS_INFO 0 -5.750000 55.831357 1.570796 112.111347 -5.750000 188.897590 23.015371 1.595523
DYNAMIC_OBS_INFO 1 -1.750000 43.349979 1.570796 54.100819 -1.750000 130.918691 22.011822 2.575246
STATIC_OBS_INFO 0 -6.300000 60.234288 16.971417 
STATIC_OBS_INFO 1 -6.300000 62.268183 14.989023 
Parent: 122.394243 10.000000 102.000000 0.000000 15.300000 162.976891 -10.000000 4.917352 37.000000 0.000000 0 0 0 0 0 0 0 0
Child: 162.976891 21.372697 215.000000 8.721974 1731.350000 0.000000 -10.000000 0.000000 0.000000 0.000000 0 0 0 0 0 0 0 0
EGO_STATUS -2.733925 76.826820 8.100000 1.645824 6.379998 4.000000 0.000000
DYNAMIC_OBS_INFO 0 -5.750000 55.831357 1.570796 113.782641 -5.750000 191.207105 23.174924 1.595523
DYNAMIC_OBS_INFO 1 -1.750000 43.349979 1.570796 55.678962 -1.750000 133.132749 22.269346 2.575246
STATIC_OBS_INFO 0 -6.300000 60.234288 17.585264 
STATIC_OBS_INFO 1 -6.300000 62.268183 15.597896 
Parent: 111.420133 10.000000 102.000000 0.000000 15.300000 151.102781 -10.000000 4.817352 36.000000 0.000000 0 0 0 0 0 0 0 0
Child: 151.102781 20.734695 209.000000 8.721529 1615.150000 0.000000 -10.000000 0.000000 0.000000 0.000000 0 0 0 0 0 0 0 0
EGO_STATUS -2.778163 77.463281 8.200000 1.634982 6.379998 4.000000 0.000000
DYNAMIC_OBS_INFO 0 -5.750000 55.831357 1.570796 115.469709 -5.750000 193.532575 23.334476 1.595523
DYNAMIC_OBS_INFO 1 -1.750000 43.349979 1.570796 57.282344 -1.750000 135.372560 22.526871 2.575246
STATIC_OBS_INFO 0 -6.300000 60.234288 18.202342 
STATIC_OBS_INFO 1 -6.300000 62.268183 16.210720 
Parent: 102.223180 10.000000 102.000000 0.000000 15.300000 141.005829 -10.000000 4.717352 35.000000 0.000000 0 0 0 0 0 0 0 0
Child: 141.005829 20.096694 202.000000 8.720631 1509.100000 0.000000 -10.000000 0.000000 0.000000 0.000000 0 0 0 0 0 0 0 0
EGO_STATUS -2.816246 78.100141 8.300000 1.626528 6.379998 4.000000 0.000000
DYNAMIC_OBS_INFO 0 -5.750000 55.831357 1.570796 117.172640 -5.750000 195.874000 23.494028 1.595523
DYNAMIC_OBS_INFO 1 -1.750000 43.349979 1.570796 58.911133 -1.750000 137.638124 22.784396 2.575246
STATIC_OBS_INFO 0 -6.300000 60.234288 18.821898 
STATIC_OBS_INFO 1 -6.300000 62.268183 16.826598 
Parent: 91.410707 10.000000 102.000000 0.000000 15.300000 130.293356 -10.000000 4.617352 35.000000 0.000000 0 0 0 0 0 0 0 0
Child: 130.293356 19.458694 196.000000 8.721417 1404.400000 0.000000 -10.000000 0.000000 0.000000 0.000000 0 0 0 0 0 0 0 0
EGO_STATUS -2.849787 78.737258 8.400000 1.620743 6.379998 4.000000 0.000000
DYNAMIC_OBS_INFO 0 -5.750000 55.831357 1.570796 118.891498 -5.750000 198.231380 23.653580 1.595523
DYNAMIC_OBS_INFO 1 -1.750000 43.349979 1.570796 60.565477 -1.750000 139.929439 23.041920 2.575246
STATIC_OBS_INFO 0 -6.300000 60.234288 19.443274 
STATIC_OBS_INFO 1 -6.300000 62.268183 17.444748 
Parent: 80.604332 10.000000 102.000000 0.000000 15.300000 118.586980 -10.000000 4.517352 34.000000 0.000000 0 0 0 0 0 0 0 0
Child: 118.586980 18.820695 190.000000 8.720317 1289.400000 0.000000 -10.000000 0.000000 0.000000 0.000000 0 0 0 0 0 0 0 0
EGO_STATUS -2.880550 79.374515 8.500000 1.617817 6.379998 4.000000 0.000000
DYNAMIC_OBS_INFO 0 -5.750000 55.831357 1.570796 120.626327 -5.750000 200.604716 23.813133 1.595523
DYNAMIC_OBS_INFO 1 -1.750000 43.349979 1.570796 62.245508 -1.750000 142.246508 23.299445 2.575246
STATIC_OBS_INFO 0 -6.300000 60.234288 20.065893 
STATIC_OBS_INFO 1 -6.300000 62.268183 18.064494 
Parent: 71.449709 10.000000 102.000000 0.000000 15.300000 108.532357 -10.000000 4.417352 33.000000 0.000000 0 0 0 0 0 0 0 0
Child: 108.532357 18.182695 183.000000 8.720615 1184.250000 0.000000 -10.000000 0.000000 0.000000 0.000000 0 0 0 0 0 0 0 0
EGO_STATUS -2.910395 80.011816 8.600000 1.617851 6.379998 4.000000 0.000000
DYNAMIC_OBS_INFO 0 -5.750000 55.831357 1.570796 122.377174 -5.750000 202.994007 23.972685 1.595523
DYNAMIC_OBS_INFO 1 -1.750000 43.349979 1.570796 63.951352 -1.750000 144.589328 23.556970 2.575246
STATIC_OBS_INFO 0 -6.300000 60.234288 20.689244 
STATIC_OBS_INFO 1 -6.300000 62.268183 18.685248 
Parent: 60.927448 10.000000 102.000000 0.000000 15.300000 98.110097 -10.000000 4.317352 33.000000 0.000000 0 0 0 0 0 0 0 0
Child: 98.110097 17.544696 177.000000 8.720762 1081.950000 0.000000 -10.000000 0.000000 0.000000 0.000000 0 0 0 0 0 0 0 0
EGO_STATUS -2.941214 80.649071 8.700000 1.620850 6.379998 4.000000 0.000000
DYNAMIC_OBS_INFO 0 -5.750000 55.831357 1.570796 124.144093 -5.750000 205.399253 24.132237 1.595523
DYNAMIC_OBS_INFO 1 -1.750000 43.349979 1.570796 65.683142 -1.750000 146.957902 23.814494 2.575246
STATIC_OBS_INFO 0 -6.300000 60.234288 21.312876 
STATIC_OBS_INFO 1 -6.300000 62.268183 19.306495 
Parent: 50.359306 10.000000 102.000000 0.000000 15.300000 86.641955 -10.000000 4.217352 32.000000 0.000000 0 0 0 0 0 0 0 0
Child: 86.641955 16.906697 171.000000 8.719136 968.750000 0.000000 -10.000000 0.000000 0.000000 0.000000 0 0 0 0 0 0 0 0
EGO_STATUS -2.974873 81.286181 8.800000 1.626731 6.379998 4.000000 0.000000
DYNAMIC_OBS_INFO 0 -5.750000 55.831357 1.570796 125.927169 -5.750000 207.820454 24.291790 1.595523
DYNAMIC_OBS_INFO 1 -1.750000 43.349979 1.570796 67.441028 -1.750000 149.352227 24.072019 2.575246
STATIC_OBS_INFO 0 -6.300000 60.234288 21.936382 
STATIC_OBS_INFO 1 -6.300000 62.268183 19.927778 
Parent: 40.359320 10.000000 102.000000 0.000000 15.300000 76.741968 -10.000000 4.117352 32.000000 0.000000 0 0 0 0 0 0 0 0
Child: 76.741968 16.268697 164.000000 8.720526 865.700000 0.000000 -10.000000 0.000000 0.000000 0.000000 0 0 0 0 0 0 0 0
EGO_STATUS -3.013156 81.923029 8.900000 1.635315 6.379998 4.000000 0.000000
DYNAMIC_OBS_INFO 0 -5.750000 55.831357 1.570796 127.726520 -5.750000 210.257611 24.451342 1.595523
DYNAMIC_OBS_INFO 1 -1.750000 43.349979 1.570796 69.225189 -1.750000 151.772305 24.329543 2.575246
STATIC_OBS_INFO 0 -6.300000 60.234288 22.559392 
STATIC_OBS_INFO 1 -6.300000 62.268183 20.548693 
Parent: 30.061111 10.000000 102.000000 0.000000 15.300000 65.543759 -10.000000 4.017352 31.000000 0.000000 0 0 0 0 0 0 0 0
Child: 65.543759 15.630697 158.000000 8.720049 754.900000 0.000000 -10.000000 0.000000 0.000000 0.000000 0 0 0 0 0 0 0 0
EGO_STATUS -3.057703 82.559469 9.000000 1.646343 6.379998 4.000000 0.000000
DYNAMIC_OBS_INFO 0 -5.750000 55.831357 1.570796 129.542307 -5.750000 212.710723 24.610894 1.595523
DYNAMIC_OBS_INFO 1 -1.750000 43.349979 1.570796 71.035835 -1.750000 154.218136 24.587068 2.575246
STATIC_OBS_INFO 0 -6.300000 60.234288 23.181574 
STATIC_OBS_INFO 1 -6.300000 62.268183 21.168879 
Parent: 21.213411 10.000000 102.000000 0.000000 15.300000 55.796059 -10.000000 3.917352 30.000000 0.000000 0 0 0 0 0 0 0 0
Child: 55.796059 14.992697 151.000000 8.719610 653.950000 0.000000 -10.000000 0.000000 0.000000 0.000000 0 0 0 0 0 0 0 0
EGO_STATUS -3.109956 83.195320 9.100000 1.659471 6.379998 4.000000 0.000000
DYNAMIC_OBS_INFO 0 -5.750000 55.831357 1.570796 131.374728 -5.750000 215.179790 24.770447 1.595523
DYNAMIC_OBS_INFO 1 -1.750000 43.349979 1.570796 72.873201 -1.750000 156.689719 24.844593 2.575246
STATIC_OBS_INFO 0 -6.300000 60.234288 23.802632 
STATIC_OBS_INFO 1 -6.300000 62.268183 21.788027 
Parent: 11.119542 10.000000 102.000000 0.000000 15.300000 45.802190 -10.000000 3.817352 30.000000 0.000000 0 0 0 0 0 0 0 0
Child: 45.802190 14.354697 145.000000 8.720382 554.950000 0.000000 -10.000000 0.000000 0.000000 0.000000 0 0 0 0 0 0 0 0
EGO_STATUS -3.171112 83.830376 9.200000 1.674281 6.379998 4.000000 0.000000
DYNAMIC_OBS_INFO 0 -5.750000 55.831357 1.570796 133.224011 -5.750000 217.664812 24.929999 1.595523
DYNAMIC_OBS_INFO 1 -1.750000 43.349979 1.570796 74.737541 -1.750000 159.187054 25.102117 2.575246
STATIC_OBS_INFO 0 -6.300000 60.234288 24.422319 
STATIC_OBS_INFO 1 -6.300000 62.268183 22.405878 
Parent: -4.212254 10.000000 101.000000 20.000000 15.150000 26.367342 0.000000 4.940205 39.000000 0.000000 0 0 1 0 0 0 0 0
Child: 26.367342 10.000000 102.000000 0.000000 15.300000 34.867342 -10.000000 0.000000 0.000000 0.000000 0 0 0 0 0 0 0 0
Child: 34.867342 13.716697 139.000000 8.719278 445.950000 0.000000 -10.000000 0.000000 0.000000 0.000000 0 0 0 0 0 0 0 0
EGO_STATUS -3.242076 84.464409 9.300000 1.690292 6.379998 4.000000 0.000000
DYNAMIC_OBS_INFO 0 -5.750000 55.831357 1.570796 135.090391 -5.750000 220.165790 25.089551 1.595523
DYNAMIC_OBS_INFO 1 -1.750000 43.349979 1.570796 76.629104 -1.750000 161.710142 25.359642 2.575246
STATIC_OBS_INFO 0 -6.300000 60.234288 25.040449 
STATIC_OBS_INFO 1 -6.300000 62.268183 23.022245 
Parent: -12.775965 10.000000 101.000000 20.000000 15.150000 16.903631 0.000000 4.840205 38.000000 0.000000 0 0 1 0 0 0 0 0
Child: 16.903631 10.000000 102.000000 0.000000 15.300000 25.403631 -10.000000 0.000000 0.000000 0.000000 0 0 0 0 0 0 0 0
Child: 25.403631 13.078696 132.000000 8.719975 348.600000 0.000000 -10.000000 0.000000 0.000000 0.000000 0 0 0 0 0 0 0 0
EGO_STATUS -3.323421 85.097194 9.400000 1.706966 6.379998 4.000000 0.000000
DYNAMIC_OBS_INFO 0 -5.750000 55.831357 1.570796 136.974094 -5.750000 222.682722 25.249103 1.595523
DYNAMIC_OBS_INFO 1 -1.750000 43.349979 1.570796 78.548113 -1.750000 164.258983 25.617167 2.575246
STATIC_OBS_INFO 0 -6.300000 60.234288 25.656915 
STATIC_OBS_INFO 1 -6.300000 62.268183 23.637023 
Parent: -22.359499 10.000000 101.000000 20.000000 15.150000 7.420098 0.000000 4.740205 38.000000 0.000000 0 0 1 0 0 0 0 0
Child: 7.420098 10.000000 102.000000 0.000000 15.300000 15.920098 -10.000000 0.000000 0.000000 0.000000 0 0 0 0 0 0 0 0
Child: 15.920098 12.440695 126.000000 8.720091 253.800000 0.000000 -10.000000 0.000000 0.000000 0.000000 0 0 0 0 0 0 0 0
EGO_STATUS -3.415362 85.728526 9.500000 1.723722 6.379998 4.000000 0.000000
DYNAMIC_OBS_INFO 0 -5.750000 55.831357 1.570796 138.875301 -5.750000 225.215610 25.408656 1.595523
DYNAMIC_OBS_INFO 1 -1.750000 43.349979 1.570796 80.494737 -1.750000 166.833576 25.874691 2.575246
STATIC_OBS_INFO 0 -6.300000 60.234288 26.271705 
STATIC_OBS_INFO 1 -6.300000 62.268183 24.250205 
Parent: -36.411251 10.000000 101.000000 0.000000 15.150000 4.104000 -10.000000 4.984750 37.000000 0.000000 0 0 0 0 0 0 0 0
Child: 4.104000 10.000000 102.000000 0.000000 15.300000 12.604000 -10.000000 0.000000 0.000000 0.000000 0 0 0 0 0 0 0 0
Child: 12.604000 11.802694 120.000000 8.718717 221.100000 0.000000 -10.000000 0.000000 0.000000 0.000000 0 0 0 0 0 0 0 0
EGO_STATUS -3.517732 86.358252 9.600000 1.739946 6.379998 4.000000 0.000000
DYNAMIC_OBS_INFO 0 -5.750000 55.831357 1.570796 140.794121 -5.750000 227.764454 25.568208 1.595523
DYNAMIC_OBS_INFO 1 -1.750000 43.349979 1.570796 82.469058 -1.750000 169.433921 26.132216 2.575246
STATIC_OBS_INFO 0 -6.300000 60.234288 26.884919 
STATIC_OBS_INFO 1 -6.300000 62.268183 24.861900 
Parent: -39.535545 10.000000 101.000000 0.000000 15.150000 1.079705 -10.000000 4.884749 37.000000 0.000000 0 0 0 0 0 0 0 0
Child: 1.079705 10.000000 102.000000 0.000000 15.300000 9.579705 -10.000000 0.000000 0.000000 0.000000 0 0 0 0 0 0 0 0
Child: 9.579705 11.164692 113.000000 8.719969 189.450000 0.000000 -10.000000 0.000000 0.000000 0.000000 0 0 0 0 0 0 0 0
EGO_STATUS -3.629972 86.986294 9.700000 1.755014 6.379998 4.000000 0.000000
DYNAMIC_OBS_INFO 0 -5.750000 55.831357 1.570796 142.730570 -5.750000 230.329252 25.727760 1.595523
DYNAMIC_OBS_INFO 1 -1.750000 43.349979 1.570796 84.471047 -1.750000 172.060019 26.389741 2.575246
STATIC_OBS_INFO 0 -6.300000 60.234288 27.496782 
STATIC_OBS_INFO 1 -6.300000 62.268183 25.472342 
Parent: -41.552653 10.000000 101.000000 0.000000 15.150000 -1.837403 -10.000000 4.784749 36.000000 0.000000 0 0 0 0 0 0 0 0
Child: -1.837403 10.000000 102.000000 0.000000 15.300000 6.662597 -10.000000 0.000000 0.000000 0.000000 0 0 0 0 0 0 0 0
Child: 6.662597 10.526690 107.000000 8.719284 160.650000 0.000000 -10.000000 0.000000 0.000000 0.000000 0 0 0 0 0 0 0 0
EGO_STATUS -3.751132 87.612679 9.800000 1.768297 6.379998 4.000000 0.000000
DYNAMIC_OBS_INFO 0 -5.750000 55.831357 1.570796 144.684543 -5.750000 232.910006 25.887313 1.595523
DYNAMIC_OBS_INFO 1 -1.750000 43.349979 1.570796 86.500546 -1.750000 174.711869 26.647265 2.575246
STATIC_OBS_INFO 0 -6.300000 60.234288 28.107643 
STATIC_OBS_INFO 1 -6.300000 62.268183 26.081890 
Parent: -43.281362 10.000000 101.000000 0.000000 15.150000 -4.466110 -10.000000 4.684749 35.000000 0.000000 0 0 0 0 0 0 0 0
Child: -4.466110 10.000000 102.000000 0.000000 15.300000 4.033890 -10.000000 0.000000 0.000000 0.000000 0 0 0 0 0 0 0 0
Child: 4.033890 9.888687 100.000000 8.718636 133.200000 0.000000 -10.000000 0.000000 0.000000 0.000000 0 0 0 0 0 0 0 0
EGO_STATUS -3.879880 88.237549 9.900000 1.779190 6.379998 4.000000 0.000000
DYNAMIC_OBS_INFO 0 -5.750000 55.831357 1.570796 146.655806 -5.750000 235.506714 26.046865 1.595523
DYNAMIC_OBS_INFO 1 -1.750000 43.349979 1.570796 88.557253 -1.750000 177.389472 26.904790 2.575246
STATIC_OBS_INFO 0 -6.300000 60.234288 28.717976 
STATIC_OBS_INFO 1 -6.300000 62.268183 26.691023 
Parent: -45.751629 10.000000 101.000000 0.000000 15.150000 -6.836377 -10.000000 4.584748 35.000000 0.000000 0 0 0 0 0 0 0 0
Child: -6.836377 10.000000 102.000000 0.000000 15.300000 1.663623 -10.000000 0.000000 0.000000 0.000000 0 0 0 0 0 0 0 0
Child: 1.663623 9.250684 94.000000 8.718867 109.800000 0.000000 -10.000000 0.000000 0.000000 0.000000 0 0 0 0 0 0 0 0
EGO_STATUS -4.014528 88.861177 10.000000 1.787124 6.379998 4.000000 0.000000
DYNAMIC_OBS_INFO 0 -5.750000 55.831357 1.570796 148.644002 -5.750000 238.119379 26.206417 1.595523
DYNAMIC_OBS_INFO 1 -1.750000 43.349979 1.570796 90.640732 -1.750000 180.092827 27.162314 2.575246
STATIC_OBS_INFO 0 -6.300000 60.234288 29.328355 
STATIC_OBS_INFO 1 -6.300000 62.268183 27.300323 
Parent: -47.059215 10.000000 101.000000 0.000000 15.150000 -9.043963 -10.000000 4.484747 34.000000 0.000000 0 0 0 0 0 0 0 0
Child: -9.043963 10.000000 102.000000 0.000000 15.300000 -0.543963 -10.000000 0.000000 0.000000 0.000000 0 0 0 0 0 0 0 0
Child: -0.543963 8.612679 88.000000 8.717006 87.900000 0.000000 -10.000000 0.000000 0.000000 0.000000 0 0 0 0 0 0 0 0
EGO_STATUS -4.153057 89.483955 10.100000 1.791591 6.379998 4.000000 0.000000
DYNAMIC_OBS_INFO 0 -5.750000 55.831357 1.570796 150.648662 -5.750000 240.747998 26.365970 1.595523
DYNAMIC_OBS_INFO 1 -1.750000 43.349979 1.570796 92.750427 -1.750000 182.821935 27.419839 2.575246
STATIC_OBS_INFO 0 -6.300000 60.234288 29.939426 
STATIC_OBS_INFO 1 -6.300000 62.268183 27.910439 
Parent: -47.978620 10.000000 101.000000 0.000000 15.150000 -10.863367 -10.000000 4.384747 33.000000 0.000000 0 0 0 0 0 0 0 0
Child: -10.863367 10.000000 102.000000 0.000000 15.300000 -2.363367 -10.000000 0.000000 0.000000 0.000000 0 0 0 0 0 0 0 0
Child: -2.363367 7.974675 81.000000 8.716461 68.850000 0.000000 -10.000000 0.000000 0.000000 0.000000 0 0 0 0 0 0 0 0
EGO_STATUS -4.293168 90.106380 10.200000 1.792166 6.379998 4.000000 0.000000
DYNAMIC_OBS_INFO 0 -5.750000 55.831357 1.570796 152.669242 -5.750000 243.392573 26.525522 1.595523
DYNAMIC_OBS_INFO 1 -1.750000 43.349979 1.570796 94.885699 -1.750000 185.576795 27.677364 2.575246
STATIC_OBS_INFO 0 -6.300000 60.234288 30.551868 
STATIC_OBS_INFO 1 -6.300000 62.268183 28.522049 
Parent: -49.712387 10.000000 101.000000 0.000000 15.150000 -12.497133 -10.000000 4.284746 33.000000 0.000000 0 0 0 0 0 0 0 0
Child: -12.497133 10.000000 102.000000 0.000000 15.300000 -3.997133 -10.000000 0.000000 0.000000 0.000000 0 0 0 0 0 0 0 0
Child: -3.997133 7.336669 75.000000 8.715044 52.650000 0.000000 -10.000000 0.000000 0.000000 0.000000 0 0 0 0 0 0 0 0
EGO_STATUS -4.432332 90.729017 10.300000 1.788530 6.379998 4.000000 0.000000
DYNAMIC_OBS_INFO 0 -5.750000 55.831357 1.570796 154.705165 -5.750000 246.053102 26.685074 1.595523
DYNAMIC_OBS_INFO 1 -1.750000 43.349979 1.570796 97.045872 -1.750000 188.357408 27.934888 2.575246
STATIC_OBS_INFO 0 -6.300000 60.234288 31.166337 
STATIC_OBS_INFO 1 -6.300000 62.268183 29.135805 
Parent: -50.085674 10.000000 101.000000 0.000000 15.150000 -13.770419 -10.000000 4.184745 32.000000 0.000000 0 0 0 0 0 0 0 0
Child: -13.770419 10.000000 102.000000 0.000000 15.300000 -5.270419 -10.000000 0.000000 0.000000 0.000000 0 0 0 0 0 0 0 0
Child: -5.270419 6.698663 68.000000 8.711298 39.300000 0.000000 -10.000000 0.000000 0.000000 0.000000 0 0 0 0 0 0 0 0
EGO_STATUS -4.567859 91.352454 10.400000 1.780500 6.379998 4.000000 0.000000
DYNAMIC_OBS_INFO 0 -5.750000 55.831357 1.570796 156.755878 -5.750000 248.729587 26.844626 1.595523
DYNAMIC_OBS_INFO 1 -1.750000 43.349979 1.570796 99.230297 -1.750000 191.163773 28.192413 2.575246
STATIC_OBS_INFO 0 -6.300000 60.234288 31.783408 
STATIC_OBS_INFO 1 -6.300000 62.268183 29.752279 
Parent: -51.307214 10.000000 101.000000 0.000000 15.150000 -14.891957 -10.000000 4.084744 32.000000 0.000000 0 0 0 0 0 0 0 0
Child: -14.891957 10.000000 102.000000 0.000000 15.300000 -6.391957 -10.000000 0.000000 0.000000 0.000000 0 0 0 0 0 0 0 0
Child: -6.391957 6.060657 62.000000 8.709963 28.200000 0.000000 -10.000000 0.000000 0.000000 0.000000 0 0 0 0 0 0 0 0
EGO_STATUS -4.696983 91.977246 10.500000 1.768051 6.379998 4.000000 0.000000
DYNAMIC_OBS_INFO 0 -5.750000 55.831357 1.570796 158.820914 -5.750000 251.422028 27.004179 1.595523
DYNAMIC_OBS_INFO 1 -1.750000 43.349979 1.570796 101.438411 -1.750000 193.995890 28.449938 2.575246
STATIC_OBS_INFO 0 -6.300000 60.234288 32.403521 
STATIC_OBS_INFO 1 -6.300000 62.268183 30.371900 
Parent: -51.283961 10.000000 101.000000 0.000000 15.150000 -15.768703 -10.000000 3.984743 31.000000 0.000000 0 0 0 0 0 0 0 0
Child: -15.768703 10.000000 102.000000 0.000000 15.300000 -7.268703 -10.000000 0.000000 0.000000 0.000000 0 0 0 0 0 0 0 0
Child: -7.268703 5.422652 56.000000 8.706239 19.500000 0.000000 -10.000000 0.000000 0.000000 0.000000 0 0 0 0 0 0 0 0
EGO_STATUS -4.816966 92.603854 10.600000 1.751350 6.379998 4.000000 0.000000
DYNAMIC_OBS_INFO 0 -5.750000 55.831357 1.570796 160.899946 -5.750000 254.130423 27.163731 1.595523
DYNAMIC_OBS_INFO 1 -1.750000 43.349979 1.570796 103.669807 -1.750000 196.853760 28.707462 2.575246
STATIC_OBS_INFO 0 -6.300000 60.234288 33.026928 
STATIC_OBS_INFO 1 -6.300000 62.268183 30.994912 
Parent: -51.020533 10.000000 101.000000 0.000000 15.150000 -16.405275 -10.000000 3.884742 30.000000 0.000000 0 0 0 0 0 0 0 0
Child: -16.405275 10.000000 102.000000 0.000000 15.300000 -7.905275 -10.000000 0.000000 0.000000 0.000000 0 0 0 0 0 0 0 0
Child: -7.905275 4.784647 49.000000 8.702273 12.750000 0.000000 -10.000000 0.000000 0.000000 0.000000 0 0 0 0 0 0 0 0
EGO_STATUS -4.925217 93.232591 10.700000 1.730781 6.379998 4.000000 0.000000
DYNAMIC_OBS_INFO 0 -5.750000 55.831357 1.570796 162.992835 -5.750000 256.854774 27.323283 1.595523
DYNAMIC_OBS_INFO 1 -1.750000 43.349979 1.570796 105.924276 -1.750000 199.737383 28.964987 2.575246
STATIC_OBS_INFO 0 -6.300000 60.234288 33.653660 
STATIC_OBS_INFO 1 -6.300000 62.268183 31.621333 
Parent: -51.551780 10.000000 101.000000 0.000000 15.150000 -16.836522 -10.000000 3.784741 30.000000 0.000000 0 0 0 0 0 0 0 0
Child: -16.836522 10.000000 102.000000 0.000000 15.300000 -8.336522 -10.000000 0.000000 0.000000 0.000000 0 0 0 0 0 0 0 0
Child: -8.336522 4.146643 43.000000 8.699997 8.550000 0.000000 -10.000000 0.000000 0.000000 0.000000 0 0 0 0 0 0 0 0
EGO_STATUS -5.019450 93.863576 10.800000 1.706984 6.379998 4.000000 0.000000
DYNAMIC_OBS_INFO 0 -5.750000 55.831357 1.570796 165.099647 -5.750000 259.595080 27.482836 1.595523
DYNAMIC_OBS_INFO 1 -1.750000 43.349979 1.570796 108.201842 -1.750000 202.646758 29.222512 2.575246
STATIC_OBS_INFO 0 -6.300000 60.234288 34.283515 
STATIC_OBS_INFO 1 -6.300000 62.268183 32.250950 
Parent: -56.252178 10.000000 102.000000 20.000000 15.300000 -25.620557 0.000000 4.907595 39.000000 0.000000 0 0 1 0 0 0 0 0
Child: -25.620557 10.000000 101.000000 0.000000 15.150000 -17.120557 -10.000000 0.000000 0.000000 0.000000 0 0 0 0 0 0 0 0
Child: -17.120557 10.000000 102.000000 0.000000 15.300000 -8.620557 -10.000000 0.000000 0.000000 0.000000 0 0 0 0 0 0 0 0
Child: -8.620557 3.508640 37.000000 8.696777 5.850000 0.000000 -10.000000 0.000000 0.000000 0.000000 0 0 0 0 0 0 0 0
EGO_STATUS -5.097853 94.496721 10.900000 1.680883 6.379998 4.000000 0.000000
DYNAMIC_OBS_INFO 0 -5.750000 55.831357 1.570796 167.220651 -5.750000 262.351341 27.642388 1.595523
DYNAMIC_OBS_INFO 1 -1.750000 43.349979 1.570796 110.502756 -1.750000 205.581885 29.480036 2.575246
STATIC_OBS_INFO 0 -6.300000 60.234288 34.916084 
STATIC_OBS_INFO 1 -6.300000 62.268183 32.883342 
Parent: -55.471025 10.000000 102.000000 20.000000 15.300000 -25.739403 0.000000 4.807594 38.000000 0.000000 0 0 1 0 0 0 0 0
Child: -25.739403 10.000000 101.000000 0.000000 15.150000 -17.239403 -10.000000 0.000000 0.000000 0.000000 0 0 0 0 0 0 0 0
Child: -17.239403 10.000000 102.000000 0.000000 15.300000 -8.739403 -10.000000 0.000000 0.000000 0.000000 0 0 0 0 0 0 0 0
Child: -8.739403 2.870638 30.000000 8.674042 4.500000 0.000000 -10.000000 0.000000 0.000000 0.000000 0 0 0 0 0 0 0 0
EGO_STATUS -5.159293 95.131734 11.000000 1.653721 6.379998 4.000000 0.000000
DYNAMIC_OBS_INFO 0 -5.750000 55.831357 1.570796 169.356262 -5.750000 265.123557 27.801940 1.595523
DYNAMIC_OBS_INFO 1 -1.750000 43.349979 1.570796 112.827456 -1.750000 208.542765 29.737561 2.575246
STATIC_OBS_INFO 0 -6.300000 60.234288 35.550801 
STATIC_OBS_INFO 1 -6.300000 62.268183 33.517932 
Parent: -55.733160 10.000000 102.000000 20.000000 15.300000 -25.901539 0.000000 4.707594 38.000000 0.000000 0 0 1 0 0 0 0 0
Child: -25.901539 10.000000 101.000000 0.000000 15.150000 -17.401539 -10.000000 0.000000 0.000000 0.000000 0 0 0 0 0 0 0 0
Child: -17.401539 10.000000 102.000000 0.000000 15.300000 -8.901539 -10.000000 0.000000 0.000000 0.000000 0 0 0 0 0 0 0 0
Child: -8.901539 2.232637 24.000000 8.208041 3.600000 0.000000 -10.000000 0.000000 0.000000 0.000000 0 0 0 0 0 0 0 0
EGO_STATUS -5.203544 95.768177 11.100000 1.627099 6.379998 4.000000 0.000000
DYNAMIC_OBS_INFO 0 -5.750000 55.831357 1.570796 171.506967 -5.750000 267.911729 27.961493 1.595523
DYNAMIC_OBS_INFO 1 -1.750000 43.349979 1.570796 115.176484 -1.750000 211.529397 29.995086 2.575246
STATIC_OBS_INFO 0 -6.300000 60.234288 36.187034 
STATIC_OBS_INFO 1 -6.300000 62.268183 34.154079 
Parent: -66.648140 10.000000 102.000000 0.000000 15.300000 -26.100279 -10.000000 4.952139 37.000000 0.000000 0 0 0 0 0 0 0 0
Child: -26.100279 10.000000 101.000000 0.000000 15.150000 -17.600279 -10.000000 0.000000 0.000000 0.000000 0 0 0 0 0 0 0 0
Child: -17.600279 10.000000 102.000000 0.000000 15.300000 -9.100279 -10.000000 0.000000 0.000000 0.000000 0 0 0 0 0 0 0 0
Child: -9.100279 1.594638 17.000000 7.041683 2.550000 0.000000 -10.000000 0.000000 0.000000 0.000000 0 0 0 0 0 0 0 0
EGO_STATUS -5.231536 96.405545 11.200000 1.603006 6.379998 4.000000 0.000000
DYNAMIC_OBS_INFO 0 -5.750000 55.831357 1.570796 173.673209 -5.750000 270.715856 28.121045 1.595523
DYNAMIC_OBS_INFO 1 -1.750000 43.349979 1.570796 117.550389 -1.750000 214.541782 30.252610 2.575246
STATIC_OBS_INFO 0 -6.300000 60.234288 36.824189 
STATIC_OBS_INFO 1 -6.300000 62.268183 34.791177 
Parent: -66.066402 10.000000 102.000000 0.000000 15.300000 -26.418541 -10.000000 4.852139 36.000000 0.000000 0 0 0 0 0 0 0 0
Child: -26.418541 10.000000 101.000000 0.000000 15.150000 -17.918541 -10.000000 0.000000 0.000000 0.000000 0 0 0 0 0 0 0 0
Child: -17.918541 10.000000 102.000000 0.000000 15.300000 -9.418541 -10.000000 0.000000 0.000000 0.000000 0 0 0 0 0 0 0 0
Child: -9.418541 0.956638 11.000000 5.035962 1.650000 0.000000 -10.000000 0.000000 0.000000 0.000000 0 0 0 0 0 0 0 0
EGO_STATUS -5.245614 97.043379 11.300000 1.583856 6.379998 4.000000 0.000000
DYNAMIC_OBS_INFO 0 -5.750000 55.831357 1.570796 175.855288 -5.750000 273.535938 28.280597 1.595523
DYNAMIC_OBS_INFO 1 -1.750000 43.349979 1.570796 119.949627 -1.750000 217.579919 30.510135 2.575246
STATIC_OBS_INFO 0 -6.300000 60.234288 37.461796 
STATIC_OBS_INFO 1 -6.300000 62.268183 35.428747 
Parent: -66.570047 10.000000 102.000000 0.000000 15.300000 -26.822186 -10.000000 4.752139 36.000000 0.000000 0 0 0 0 0 0 0 0
Child: -26.822186 10.000000 101.000000 0.000000 15.150000 -18.322186 -10.000000 0.000000 0.000000 0.000000 0 0 0 0 0 0 0 0
Child: -18.322186 10.000000 102.000000 0.000000 15.300000 -9.822186 -10.000000 0.000000 0.000000 0.000000 0 0 0 0 0 0 0 0
Child: -9.822186 0.318639 5.000000 2.040217 0.750000 0.000000 -10.000000 0.000000 0.000000 0.000000 0 0 0 0 0 0 0 0
EGO_STATUS -5.249818 97.681361 11.400000 1.572506 6.379998 4.000000 0.000000
DYNAMIC_OBS_INFO 0 -5.750000 55.831357 1.570796 178.053316 -5.750000 276.371975 28.440149 1.595523
DYNAMIC_OBS_INFO 1 -1.750000 43.349979 1.570796 122.374509 -1.750000 220.643809 30.767659 2.575246
STATIC_OBS_INFO 0 -6.300000 60.234288 38.099544 
STATIC_OBS_INFO 1 -6.300000 62.268183 36.066466 
Parent: -55.895765 10.000000 102.000000 0.000000 15.300000 -17.047904 -10.000000 4.652139 35.000000 0.000000 0 0 0 0 0 0 0 0
Child: -17.047904 10.000000 101.000000 0.000000 15.150000 -8.547904 -10.000000 0.000000 0.000000 0.000000 0 0 0 0 0 0 0 0
Child: -8.547904 9.680639 98.000000 0.000000 14.700000 0.000000 -10.000000 0.000000 0.000000 0.000000 0 0 0 0 0 0 0 0
EGO_STATUS -5.250000 98.319361 11.500000 1.570796 6.379998 4.000000 0.000000
DYNAMIC_OBS_INFO 0 -5.750000 55.831357 1.570796 180.267300 -5.750000 279.223968 28.599702 1.595523
DYNAMIC_OBS_INFO 1 -1.750000 43.349979 1.570796 124.825169 -1.750000 223.733451 31.025184 2.575246
STATIC_OBS_INFO 0 -6.300000 60.234288 38.737306 
STATIC_OBS_INFO 1 -6.300000 62.268183 36.704200 
Parent: -56.091465 10.000000 102.000000 0.000000 15.300000 -17.143604 -10.000000 4.552139 35.000000 0.000000 0 0 0 0 0 0 0 0
Child: -17.143604 10.000000 101.000000 0.000000 15.150000 -8.643604 -10.000000 0.000000 0.000000 0.000000 0 0 0 0 0 0 0 0
Child: -8.643604 9.042639 92.000000 0.000000 13.800000 0.000000 -10.000000 0.000000 0.000000 0.000000 0 0 0 0 0 0 0 0
EGO_STATUS -5.250000 98.957361 11.600000 1.570796 6.379998 4.000000 0.000000
DYNAMIC_OBS_INFO 0 -5.750000 55.831357 1.570796 182.497240 -5.750000 282.091916 28.759254 1.595523
DYNAMIC_OBS_INFO 1 -1.750000 43.349979 1.570796 127.301608 -1.750000 226.848846 31.282709 2.575246
STATIC_OBS_INFO 0 -6.300000 60.234288 39.375075 
STATIC_OBS_INFO 1 -6.300000 62.268183 37.341943 
Parent: -55.287165 10.000000 102.000000 0.000000 15.300000 -17.239304 -10.000000 4.452139 34.000000 0.000000 0 0 0 0 0 0 0 0
Child: -17.239304 10.000000 101.000000 0.000000 15.150000 -8.739304 -10.000000 0.000000 0.000000 0.000000 0 0 0 0 0 0 0 0
Child: -8.739304 8.404639 86.000000 0.000000 12.900000 0.000000 -10.000000 0.000000 0.000000 0.000000 0 0 0 0 0 0 0 0
EGO_STATUS -5.250000 99.595361 11.700000 1.570796 6.379998 4.000000 0.000000
DYNAMIC_OBS_INFO 0 -5.750000 55.831357 1.570796 184.743135 -5.750000 284.975819 28.918806 1.595523
DYNAMIC_OBS_INFO 1 -1.750000 43.349979 1.570796 129.803828 -1.750000 229.989993 31.540233 2.575246
STATIC_OBS_INFO 0 -6.300000 60.234288 40.012851 
STATIC_OBS_INFO 1 -6.300000 62.268183 37.979695 
Parent: -54.482865 10.000000 102.000000 0.000000 15.300000 -17.335004 -10.000000 4.352139 33.000000 0.000000 0 0 0 0 0 0 0 0
Child: -17.335004 10.000000 101.000000 0.000000 15.150000 -8.835004 -10.000000 0.000000 0.000000 0.000000 0 0 0 0 0 0 0 0
Child: -8.835004 7.766640 79.000000 0.000000 11.850000 0.000000 -10.000000 0.000000 0.000000 0.000000 0 0 0 0 0 0 0 0
EGO_STATUS -5.250000 100.233360 11.800000 1.570796 6.379998 4.000000 0.000000
DYNAMIC_OBS_INFO 0 -5.750000 55.831357 1.570796 187.004985 -5.750000 287.875677 29.078359 1.595523
DYNAMIC_OBS_INFO 1 -1.750000 43.349979 1.570796 132.331825 -1.750000 233.156892 31.797758 2.575246
STATIC_OBS_INFO 0 -6.300000 60.234288 40.650635 
STATIC_OBS_INFO 1 -6.300000 62.268183 38.617455 
Parent: -54.678565 10.000000 102.000000 0.000000 15.300000 -17.430704 -10.000000 4.252139 33.000000 0.000000 0 0 0 0 0 0 0 0
Child: -17.430704 10.000000 101.000000 0.000000 15.150000 -8.930704 -10.000000 0.000000 0.000000 0.000000 0 0 0 0 0 0 0 0
Child: -8.930704 7.128640 73.000000 0.000000 10.950000 0.000000 -10.000000 0.000000 0.000000 0.000000 0 0 0 0 0 0 0 0
EGO_STATUS -5.250000 100.871360 11.900000 1.570796 6.379998 4.000000 0.000000
DYNAMIC_OBS_INFO 0 -5.750000 55.831357 1.570796 189.282791 -5.750000 290.791490 29.237911 1.595523
DYNAMIC_OBS_INFO 1 -1.750000 43.349979 1.570796 134.885601 -1.750000 236.349544 32.055283 2.575246
STATIC_OBS_INFO 0 -6.300000 60.234288 41.288425 
STATIC_OBS_INFO 1 -6.300000 62.268183 39.255223 
Parent: -53.874265 10.000000 102.000000 0.000000 15.300000 -17.526404 -10.000000 4.152139 32.000000 0.000000 0 0 0 0 0 0 0 0
Child: -17.526404 10.000000 101.000000 0.000000 15.150000 -9.026404 -10.000000 0.000000 0.000000 0.000000 0 0 0 0 0 0 0 0
Child: -9.026404 6.490640 66.000000 0.000000 9.900000 0.000000 -10.000000 0.000000 0.000000 0.000000 0 0 0 0 0 0 0 0
EGO_STATUS -5.250000 101.509360 12.000000 1.570796 6.379998 4.000000 0.000000
DYNAMIC_OBS_INFO 0 -5.750000 55.831357 1.570796 191.576552 -5.750000 293.723259 29.397463 1.595523
DYNAMIC_OBS_INFO 1 -1.750000 43.349979 1.570796 137.465153 -1.750000 239.567949 32.312807 2.575246
STATIC_OBS_INFO 0 -6.300000 60.234288 41.926222 
STATIC_OBS_INFO 1 -6.300000 62.268183 39.892998 
Parent: -53.069965 10.000000 102.000000 0.000000 15.300000 -17.622104 -10.000000 4.052139 31.000000 0.000000 0 0 0 0 0 0 0 0
Child: -17.622104 10.000000 101.000000 0.000000 15.150000 -9.122104 -10.000000 0.000000 0.000000 0.000000 0 0 0 0 0 0 0 0
Child: -9.122104 5.852640 60.000000 0.000000 9.000000 0.000000 -10.000000 0.000000 0.000000 0.000000 0 0 0 0 0 0 0 0
EGO_STATUS -5.250000 102.147360 12.100000 1.570796 6.379998 4.000000 0.000000
DYNAMIC_OBS_INFO 0 -5.750000 55.831357 1.570796 193.886268 -5.750000 296.670983 29.557016 1.595523
DYNAMIC_OBS_INFO 1 -1.750000 43.349979 1.570796 140.070481 -1.750000 242.812106 32.570332 2.575246
STATIC_OBS_INFO 0 -6.300000 60.234288 42.564024 
STATIC_OBS_INFO 1 -6.300000 62.268183 40.530780 
Parent: -53.265665 10.000000 102.000000 0.000000 15.300000 -17.717804 -10.000000 3.952139 31.000000 0.000000 0 0 0 0 0 0 0 0
Child: -17.717804 10.000000 101.000000 0.000000 15.150000 -9.217804 -10.000000 0.000000 0.000000 0.000000 0 0 0 0 0 0 0 0
Child: -9.217804 5.214640 54.000000 0.000000 8.100000 0.000000 -10.000000 0.000000 0.000000 0.000000 0 0 0 0 0 0 0 0
EGO_STATUS -5.250000 102.785360 12.200000 1.570796 6.379998 4.000000 0.000000
DYNAMIC_OBS_INFO 0 -5.750000 55.831357 1.570796 196.211940 -5.750000 299.634662 29.716568 1.595523
DYNAMIC_OBS_INFO 1 -1.750000 43.349979 1.570796 142.701584 -1.750000 246.082015 32.827857 2.575246
STATIC_OBS_INFO 0 -6.300000 60.234288 43.201833 
STATIC_OBS_INFO 1 -6.300000 62.268183 41.168569 
Parent: -52.461365 10.000000 102.000000 0.000000 15.300000 -17.813504 -10.000000 3.852139 30.000000 0.000000 0 0 0 0 0 0 0 0
Child: -17.813504 10.000000 101.000000 0.000000 15.150000 -9.313504 -10.000000 0.000000 0.000000 0.000000 0 0 0 0 0 0 0 0
Child: -9.313504 4.576640 47.000000 0.000000 7.050000 0.000000 -10.000000 0.000000 0.000000 0.000000 0 0 0 0 0 0 0 0
EGO_STATUS -5.250000 103.423360 12.300000 1.570796 6.379998 4.000000 0.000000
DYNAMIC_OBS_INFO 0 -5.750000 55.831357 1.570796 198.553567 -5.750000 302.614297 29.876120 1.595523
DYNAMIC_OBS_INFO 1 -1.750000 43.349979 1.570796 145.358461 -1.750000 249.377677 33.085381 2.575246
STATIC_OBS_INFO 0 -6.300000 60.234288 43.839647 
STATIC_OBS_INFO 1 -6.300000 62.268183 41.806364 
Parent: -56.973427 10.000000 102.000000 20.000000 15.300000 -26.409204 0.000000 4.974993 39.000000 0.000000 0 0 1 0 0 0 0 0
Child: -26.409204 10.000000 102.000000 0.000000 15.300000 -17.909204 -10.000000 0.000000 0.000000 0.000000 0 0 0 0 0 0 0 0
Child: -17.909204 10.000000 101.000000 0.000000 15.150000 -9.409204 -10.000000 0.000000 0.000000 0.000000 0 0 0 0 0 0 0 0
Child: -9.409204 3.938641 41.000000 0.000000 6.150000 0.000000 -10.000000 0.000000 0.000000 0.000000 0 0 0 0 0 0 0 0
EGO_STATUS -5.250000 104.061359 12.400000 1.570796 6.379998 4.000000 0.000000
DYNAMIC_OBS_INFO 0 -5.750000 55.831357 1.570796 200.911149 -5.750000 305.609886 30.035672 1.595523
DYNAMIC_OBS_INFO 1 -1.750000 43.349979 1.570796 148.041112 -1.750000 252.699092 33.342906 2.575246
STATIC_OBS_INFO 0 -6.300000 60.234288 44.477467 
STATIC_OBS_INFO 1 -6.300000 62.268183 42.444166 
Parent: -57.169127 10.000000 102.000000 20.000000 15.300000 -26.504904 0.000000 4.874993 39.000000 0.000000 0 0 1 0 0 0 0 0
Child: -26.504904 10.000000 102.000000 0.000000 15.300000 -18.004904 -10.000000 0.000000 0.000000 0.000000 0 0 0 0 0 0 0 0
Child: -18.004904 10.000000 101.000000 0.000000 15.150000 -9.504904 -10.000000 0.000000 0.000000 0.000000 0 0 0 0 0 0 0 0
Child: -9.504904 3.300641 35.000000 0.000000 5.250000 0.000000 -10.000000 0.000000 0.000000 0.000000 0 0 0 0 0 0 0 0
EGO_STATUS -5.250000 104.699359 12.500000 1.570796 6.379998 4.000000 0.000000
DYNAMIC_OBS_INFO 0 -5.750000 55.831357 1.570796 203.284687 -5.750000 308.621431 30.195225 1.595523
DYNAMIC_OBS_INFO 1 -1.750000 43.349979 1.570796 150.749535 -1.750000 256.046258 33.600430 2.575246
STATIC_OBS_INFO 0 -6.300000 60.234288 45.115291 
STATIC_OBS_INFO 1 -6.300000 62.268183 43.081973 
Parent: -56.364827 10.000000 102.000000 20.000000 15.300000 -26.600604 0.000000 4.774993 38.000000 0.000000 0 0 1 0 0 0 0 0
Child: -26.600604 10.000000 102.000000 0.000000 15.300000 -18.100604 -10.000000 0.000000 0.000000 0.000000 0 0 0 0 0 0 0 0
Child: -18.100604 10.000000 101.000000 0.000000 15.150000 -9.600604 -10.000000 0.000000 0.000000 0.000000 0 0 0 0 0 0 0 0
Child: -9.600604 2.662641 28.000000 0.000000 4.200000 0.000000 -10.000000 0.000000 0.000000 0.000000 0 0 0 0 0 0 0 0
EGO_STATUS -5.250000 105.337359 12.600000 1.570796 6.379998 4.000000 0.000000
DYNAMIC_OBS_INFO 0 -5.750000 55.831357 1.570796 205.674180 -5.750000 311.648931 30.354777 1.595523
DYNAMIC_OBS_INFO 1 -1.750000 43.349979 1.570796 153.483731 -1.750000 259.419178 33.857955 2.575246
STATIC_OBS_INFO 0 -6.300000 60.234288 45.753120 
STATIC_OBS_INFO 1 -6.300000 62.268183 43.719786 
Parent: -56.560527 10.000000 102.000000 20.000000 15.300000 -26.696304 0.000000 4.674993 38.000000 0.000000 0 0 1 0 0 0 0 0
Child: -26.696304 10.000000 102.000000 0.000000 15.300000 -18.196304 -10.000000 0.000000 0.000000 0.000000 0 0 0 0 0 0 0 0
Child: -18.196304 10.000000 101.000000 0.000000 15.150000 -9.696304 -10.000000 0.000000 0.000000 0.000000 0 0 0 0 0 0 0 0
Child: -9.696304 2.024641 22.000000 0.000000 3.300000 0.000000 -10.000000 0.000000 0.000000 0.000000 0 0 0 0 0 0 0 0
EGO_STATUS -5.250000 105.975359 12.700000 1.570796 6.379998 4.000000 0.000000
DYNAMIC_OBS_INFO 0 -5.750000 55.831357 1.570796 208.079629 -5.750000 314.692386 30.514329 1.595523
DYNAMIC_OBS_INFO 1 -1.750000 43.349979 1.570796 156.243697 -1.750000 262.817849 34.115480 2.575246
STATIC_OBS_INFO 0 -6.300000 60.234288 46.390955 
STATIC_OBS_INFO 1 -6.300000 62.268183 44.357605 
Parent: -67.372466 10.000000 102.000000 0.000000 15.300000 -26.792004 -10.000000 4.919538 37.000000 0.000000 0 0 0 0 0 0 0 0
Child: -26.792004 10.000000 102.000000 0.000000 15.300000 -18.292004 -10.000000 0.000000 0.000000 0.000000 0 0 0 0 0 0 0 0
Child: -18.292004 10.000000 101.000000 0.000000 15.150000 -9.792004 -10.000000 0.000000 0.000000 0.000000 0 0 0 0 0 0 0 0
Child: -9.792004 1.386641 15.000000 0.000000 2.250000 0.000000 -10.000000 0.000000 0.000000 0.000000 0 0 0 0 0 0 0 0
EGO_STATUS -5.250000 106.613359 12.800000 1.570796 6.379998 4.000000 0.000000
DYNAMIC_OBS_INFO 0 -5.750000 55.831357 1.570796 210.501033 -5.750000 317.751797 30.673882 1.595523
DYNAMIC_OBS_INFO 1 -1.750000 43.349979 1.570796 159.029435 -1.750000 266.242274 34.373004 2.575246
STATIC_OBS_INFO 0 -6.300000 60.234288 47.028793 
STATIC_OBS_INFO 1 -6.300000 62.268183 44.995428 
Parent: -66.568166 10.000000 102.000000 0.000000 15.300000 -26.887704 -10.000000 4.819538 36.000000 0.000000 0 0 0 0 0 0 0 0
Child: -26.887704 10.000000 102.000000 0.000000 15.300000 -18.387704 -10.000000 0.000000 0.000000 0.000000 0 0 0 0 0 0 0 0
Child: -18.387704 10.000000 101.000000 0.000000 15.150000 -9.887704 -10.000000 0.000000 0.000000 0.000000 0 0 0 0 0 0 0 0
Child: -9.887704 0.748642 9.000000 0.000000 1.350000 0.000000 -10.000000 0.000000 0.000000 0.000000 0 0 0 0 0 0 0 0
EGO_STATUS -5.250000 107.251358 12.900000 1.570796 6.379998 4.000000 0.000000
DYNAMIC_OBS_INFO 0 -5.750000 55.831357 1.570796 212.938392 -5.750000 320.827163 30.833434 1.595523
DYNAMIC_OBS_INFO 1 -1.750000 43.349979 1.570796 161.840942 -1.750000 269.692450 34.630529 2.575246
STATIC_OBS_INFO 0 -6.300000 60.234288 47.666636 
STATIC_OBS_INFO 1 -6.300000 62.268183 45.633257 
Parent: -66.763866 10.000000 102.000000 0.000000 15.300000 -26.983404 -10.000000 4.719538 36.000000 0.000000 0 0 0 0 0 0 0 0
Child: -26.983404 10.000000 102.000000 0.000000 15.300000 -18.483404 -10.000000 0.000000 0.000000 0.000000 0 0 0 0 0 0 0 0
Child: -18.483404 10.000000 101.000000 0.000000 15.150000 -9.983404 -10.000000 0.000000 0.000000 0.000000 0 0 0 0 0 0 0 0
Child: -9.983404 0.110642 3.000000 0.000000 0.450000 0.000000 -10.000000 0.000000 0.000000 0.000000 0 0 0 0 0 0 0 0
EGO_STATUS -5.250000 107.889358 13.000000 1.570796 6.379998 4.000000 0.000000
DYNAMIC_OBS_INFO 0 -5.750000 55.831357 1.570796 215.391706 -5.750000 323.918484 30.992986 1.595523
DYNAMIC_OBS_INFO 1 -1.750000 43.349979 1.570796 164.678219 -1.750000 273.168379 34.888054 2.575246
STATIC_OBS_INFO 0 -6.300000 60.234288 48.304483 
STATIC_OBS_INFO 1 -6.300000 62.268183 46.271090 
Parent: -55.959566 10.000000 102.000000 0.000000 15.300000 -17.079104 -10.000000 4.619538 35.000000 0.000000 0 0 0 0 0 0 0 0
Child: -17.079104 10.000000 102.000000 0.000000 15.300000 -8.579104 -10.000000 0.000000 0.000000 0.000000 0 0 0 0 0 0 0 0
Child: -8.579104 9.472642 96.000000 0.000000 14.400000 0.000000 -10.000000 0.000000 0.000000 0.000000 0 0 0 0 0 0 0 0
EGO_STATUS -5.250000 108.527358 13.100000 1.570796 6.379998 4.000000 0.000000
DYNAMIC_OBS_INFO 0 -5.750000 55.831357 1.570796 217.860976 -5.750000 327.025760 31.152539 1.595523
DYNAMIC_OBS_INFO 1 -1.750000 43.349979 1.570796 167.541265 -1.750000 276.670061 35.145578 2.575246
STATIC_OBS_INFO 0 -6.300000 60.234288 48.942334 
STATIC_OBS_INFO 1 -6.300000 62.268183 46.908928 
Parent: -55.155266 10.000000 102.000000 0.000000 15.300000 -17.174804 -10.000000 4.519538 34.000000 0.000000 0 0 0 0 0 0 0 0
Child: -17.174804 10.000000 102.000000 0.000000 15.300000 -8.674804 -10.000000 0.000000 0.000000 0.000000 0 0 0 0 0 0 0 0
Child: -8.674804 8.834642 90.000000 0.000000 13.500000 0.000000 -10.000000 0.000000 0.000000 0.000000 0 0 0 0 0 0 0 0
EGO_STATUS -5.250000 109.165358 13.200000 1.570796 6.379998 4.000000 0.000000
DYNAMIC_OBS_INFO 0 -5.750000 55.831357 1.570796 220.346201 -5.750000 330.148992 31.312091 1.595523
DYNAMIC_OBS_INFO 1 -1.750000 43.349979 1.570796 170.430080 -1.750000 280.197495 35.403103 2.575246
STATIC_OBS_INFO 0 -6.300000 60.234288 49.580189 
STATIC_OBS_INFO 1 -6.300000 62.268183 47.546770 
Parent: -55.350966 10.000000 102.000000 0.000000 15.300000 -17.270504 -10.000000 4.419538 34.000000 0.000000 0 0 0 0 0 0 0 0
Child: -17.270504 10.000000 102.000000 0.000000 15.300000 -8.770504 -10.000000 0.000000 0.000000 0.000000 0 0 0 0 0 0 0 0
Child: -8.770504 8.196642 83.000000 0.000000 12.450000 0.000000 -10.000000 0.000000 0.000000 0.000000 0 0 0 0 0 0 0 0
EGO_STATUS -5.250000 109.803358 13.300000 1.570796 6.379998 4.000000 0.000000
DYNAMIC_OBS_INFO 0 -5.750000 55.831357 1.570796 222.847382 -5.750000 333.288178 31.471643 1.595523
DYNAMIC_OBS_INFO 1 -1.750000 43.349979 1.570796 173.344662 -1.750000 283.750682 35.660628 2.575246
STATIC_OBS_INFO 0 -6.300000 60.234288 50.218047 
STATIC_OBS_INFO 1 -6.300000 62.268183 48.184616 
Parent: -54.546666 10.000000 102.000000 0.000000 15.300000 -17.366204 -10.000000 4.319538 33.000000 0.000000 0 0 0 0 0 0 0 0
Child: -17.366204 10.000000 102.000000 0.000000 15.300000 -8.866204 -10.000000 0.000000 0.000000 0.000000 0 0 0 0 0 0 0 0
Child: -8.866204 7.558643 77.000000 0.000000 11.550000 0.000000 -10.000000 0.000000 0.000000 0.000000 0 0 0 0 0 0 0 0
EGO_STATUS -5.250000 110.441357 13.400000 1.570796 6.379998 4.000000 0.000000
DYNAMIC_OBS_INFO 0 -5.750000 55.831357 1.570796 225.364518 -5.750000 336.443320 31.631195 1.595523
DYNAMIC_OBS_INFO 1 -1.750000 43.349979 1.570796 176.285012 -1.750000 287.329621 35.918152 2.575246
STATIC_OBS_INFO 0 -6.300000 60.234288 50.855910 
STATIC_OBS_INFO 1 -6.300000 62.268183 48.822467 
Parent: -53.742366 10.000000 102.000000 0.000000 15.300000 -17.461904 -10.000000 4.219538 32.000000 0.000000 0 0 0 0 0 0 0 0
Child: -17.461904 10.000000 102.000000 0.000000 15.300000 -8.961904 -10.000000 0.000000 0.000000 0.000000 0 0 0 0 0 0 0 0
Child: -8.961904 6.920643 71.000000 0.000000 10.650000 0.000000 -10.000000 0.000000 0.000000 0.000000 0 0 0 0 0 0 0 0
EGO_STATUS -5.250000 111.079357 13.500000 1.570796 6.379998 4.000000 0.000000
DYNAMIC_OBS_INFO 0 -5.750000 55.831357 1.570796 227.897609 -5.750000 339.614417 31.790748 1.595523
DYNAMIC_OBS_INFO 1 -1.750000 43.349979 1.570796 179.251128 -1.750000 290.934312 36.175677 2.575246
STATIC_OBS_INFO 0 -6.300000 60.234288 51.493775 
STATIC_OBS_INFO 1 -6.300000 62.268183 49.460321 
Parent: -53.938066 10.000000 102.000000 0.000000 15.300000 -17.557604 -10.000000 4.119538 32.000000 0.000000 0 0 0 0 0 0 0 0
Child: -17.557604 10.000000 102.000000 0.000000 15.300000 -9.057604 -10.000000 0.000000 0.000000 0.000000 0 0 0 0 0 0 0 0
Child: -9.057604 6.282643 64.000000 0.000000 9.600000 0.000000 -10.000000 0.000000 0.000000 0.000000 0 0 0 0 0 0 0 0
EGO_STATUS -5.250000 111.717357 13.600000 1.570796 6.379998 4.000000 0.000000
DYNAMIC_OBS_INFO 0 -5.750000 55.831357 1.570796 230.446655 -5.750000 342.801470 31.950300 1.595523
DYNAMIC_OBS_INFO 1 -1.750000 43.349979 1.570796 182.243011 -1.750000 294.564756 36.433202 2.575246
STATIC_OBS_INFO 0 -6.300000 60.234288 52.131644 
STATIC_OBS_INFO 1 -6.300000 62.268183 50.098179 
Parent: -53.133766 10.000000 102.000000 0.000000 15.300000 -17.653304 -10.000000 4.019538 31.000000 0.000000 0 0 0 0 0 0 0 0
Child: -17.653304 10.000000 102.000000 0.000000 15.300000 -9.153304 -10.000000 0.000000 0.000000 0.000000 0 0 0 0 0 0 0 0
Child: -9.153304 5.644643 58.000000 0.000000 8.700000 0.000000 -10.000000 0.000000 0.000000 0.000000 0 0 0 0 0 0 0 0
EGO_STATUS -5.250000 112.355357 13.700000 1.570796 6.379998 4.000000 0.000000
DYNAMIC_OBS_INFO 0 -5.750000 55.831357 1.570796 233.011657 -5.750000 346.004477 32.109852 1.595523
DYNAMIC_OBS_INFO 1 -1.750000 43.349979 1.570796 185.260660 -1.750000 298.220952 36.690726 2.575246
STATIC_OBS_INFO 0 -6.300000 60.234288 52.769516 
STATIC_OBS_INFO 1 -6.300000 62.268183 50.736040 
Parent: -53.329466 10.000000 102.000000 0.000000 15.300000 -17.749003 -10.000000 3.919538 31.000000 0.000000 0 0 0 0 0 0 0 0
Child: -17.749003 10.000000 102.000000 0.000000 15.300000 -9.249003 -10.000000 0.000000 0.000000 0.000000 0 0 0 0 0 0 0 0
Child: -9.249003 5.006643 52.000000 0.000000 7.800000 0.000000 -10.000000 0.000000 0.000000 0.000000 0 0 0 0 0 0 0 0
EGO_STATUS -5.250000 112.993357 13.800000 1.570796 6.379998 4.000000 0.000000
DYNAMIC_OBS_INFO 0 -5.750000 55.831357 1.570796 235.592614 -5.750000 349.223440 32.269405 1.595523
DYNAMIC_OBS_INFO 1 -1.750000 43.349979 1.570796 188.304075 -1.750000 301.902901 36.948251 2.575246
STATIC_OBS_INFO 0 -6.300000 60.234288 53.407391 
STATIC_OBS_INFO 1 -6.300000 62.268183 51.373905 
Parent: -52.525166 10.000000 102.000000 0.000000 15.300000 -17.844703 -10.000000 3.819538 30.000000 0.000000 0 0 0 0 0 0 0 0
Child: -17.844703 10.000000 102.000000 0.000000 15.300000 -9.344703 -10.000000 0.000000 0.000000 0.000000 0 0 0 0 0 0 0 0
Child: -9.344703 4.368644 45.000000 0.000000 6.750000 0.000000 -10.000000 0.000000 0.000000 0.000000 0 0 0 0 0 0 0 0
EGO_STATUS -5.250000 113.631356 13.900000 1.570796 6.379998 4.000000 0.000000
DYNAMIC_OBS_INFO 0 -5.750000 55.831357 1.570796 238.189527 -5.750000 352.458358 32.428957 1.595523
DYNAMIC_OBS_INFO 1 -1.750000 43.349979 1.570796 191.373254 -1.750000 305.610603 37.205775 2.575246
STATIC_OBS_INFO 0 -6.300000 60.234288 54.045269 
STATIC_OBS_INFO 1 -6.300000 62.268183 52.011773 
Parent: -57.017814 10.000000 101.000000 20.000000 15.150000 -26.440403 0.000000 4.942391 39.000000 0.000000 0 0 1 0 0 0 0 0
Child: -26.440403 10.000000 102.000000 0.000000 15.300000 -17.940403 -10.000000 0.000000 0.000000 0.000000 0 0 0 0 0 0 0 0
Child: -17.940403 10.000000 102.000000 0.000000 15.300000 -9.440403 -10.000000 0.000000 0.000000 0.000000 0 0 0 0 0 0 0 0
Child: -9.440403 3.730644 39.000000 0.000000 5.850000 0.000000 -10.000000 0.000000 0.000000 0.000000 0 0 0 0 0 0 0 0
EGO_STATUS -5.250000 114.269356 14.000000 1.570796 6.379998 4.000000 0.000000
DYNAMIC_OBS_INFO 0 -5.750000 55.831357 1.570796 240.802395 -5.750000 355.709232 32.588509 1.595523
DYNAMIC_OBS_INFO 1 -1.750000 43.349979 1.570796 194.468199 -1.750000 309.344056 37.463300 2.575246
STATIC_OBS_INFO 0 -6.300000 60.234288 54.683150 
STATIC_OBS_INFO 1 -6.300000 62.268183 52.649644 
Parent: -57.213514 10.000000 101.000000 20.000000 15.150000 -26.536103 0.000000 4.842391 39.000000 0.000000 0 0 1 0 0 0 0 0
Child: -26.536103 10.000000 102.000000 0.000000 15.300000 -18.036103 -10.000000 0.000000 0.000000 0.000000 0 0 0 0 0 0 0 0
Child: -18.036103 10.000000 102.000000 0.000000 15.300000 -9.536103 -10.000000 0.000000 0.000000 0.000000 0 0 0 0 0 0 0 0
Child: -9.536103 3.092644 32.000000 0.000000 4.800000 0.000000 -10.000000 0.000000 0.000000 0.000000 0 0 0 0 0 0 0 0
EGO_STATUS -5.250000 114.907356 14.100000 1.570796 6.379998 4.000000 0.000000
DYNAMIC_OBS_INFO 0 -5.750000 55.831357 1.570796 243.431218 -5.750000 358.976060 32.748062 1.595523
DYNAMIC_OBS_INFO 1 -1.750000 43.349979 1.570796 197.588908 -1.750000 313.103263 37.720825 2.575246
STATIC_OBS_INFO 0 -6.300000 60.234288 55.321033 
STATIC_OBS_INFO 1 -6.300000 62.268183 53.287519 
Parent: -56.409214 10.000000 101.000000 20.000000 15.150000 -26.631803 0.000000 4.742391 38.000000 0.000000 0 0 1 0 0 0 0 0
Child: -26.631803 10.000000 102.000000 0.000000 15.300000 -18.131803 -10.000000 0.000000 0.000000 0.000000 0 0 0 0 0 0 0 0
Child: -18.131803 10.000000 102.000000 0.000000 15.300000 -9.631803 -10.000000 0.000000 0.000000 0.000000 0 0 0 0 0 0 0 0
Child: -9.631803 2.454644 26.000000 0.000000 3.900000 0.000000 -10.000000 0.000000 0.000000 0.000000 0 0 0 0 0 0 0 0
EGO_STATUS -5.250000 115.545356 14.200000 1.570796 6.379998 4.000000 0.000000
DYNAMIC_OBS_INFO 0 -5.750000 55.831357 1.570796 246.075996 -5.750000 362.258844 32.907614 1.595523
DYNAMIC_OBS_INFO 1 -1.750000 43.349979 1.570796 200.735381 -1.750000 316.888221 37.978349 2.575246
STATIC_OBS_INFO 0 -6.300000 60.234288 55.958919 
STATIC_OBS_INFO 1 -6.300000 62.268183 53.925396 
Parent: -67.240567 10.000000 101.000000 0.000000 15.150000 -26.727503 -10.000000 4.986936 37.000000 0.000000 0 0 0 0 0 0 0 0
Child: -26.727503 10.000000 102.000000 0.000000 15.300000 -18.227503 -10.000000 0.000000 0.000000 0.000000 0 0 0 0 0 0 0 0
Child: -18.227503 10.000000 102.000000 0.000000 15.300000 -9.727503 -10.000000 0.000000 0.000000 0.000000 0 0 0 0 0 0 0 0
Child: -9.727503 1.816644 20.000000 0.000000 3.000000 0.000000 -10.000000 0.000000 0.000000 0.000000 0 0 0 0 0 0 0 0
EGO_STATUS -5.250000 116.183356 14.300000 1.570796 6.379998 4.000000 0.000000
DYNAMIC_OBS_INFO 0 -5.750000 55.831357 1.570796 248.736730 -5.750000 365.557583 33.067166 1.595523
DYNAMIC_OBS_INFO 1 -1.750000 43.349979 1.570796 203.907617 -1.750000 320.698932 38.235874 2.575246
STATIC_OBS_INFO 0 -6.300000 60.234288 56.596808 
STATIC_OBS_INFO 1 -6.300000 62.268183 54.563277 
Parent: -67.436267 10.000000 101.000000 0.000000 15.150000 -26.823203 -10.000000 4.886936 37.000000 0.000000 0 0 0 0 0 0 0 0
Child: -26.823203 10.000000 102.000000 0.000000 15.300000 -18.323203 -10.000000 0.000000 0.000000 0.000000 0 0 0 0 0 0 0 0
Child: -18.323203 10.000000 102.000000 0.000000 15.300000 -9.823203 -10.000000 0.000000 0.000000 0.000000 0 0 0 0 0 0 0 0
Child: -9.823203 1.178645 13.000000 0.000000 1.950000 0.000000 -10.000000 0.000000 0.000000 0.000000 0 0 0 0 0 0 0 0
EGO_STATUS -5.250000 116.821355 14.400000 1.570796 6.379998 4.000000 0.000000
DYNAMIC_OBS_INFO 0 -5.750000 55.831357 1.570796 251.413419 -5.750000 368.872277 33.226718 1.595523
DYNAMIC_OBS_INFO 1 -1.750000 43.349979 1.570796 207.105617 -1.750000 324.535396 38.493399 2.575246
STATIC_OBS_INFO 0 -6.300000 60.234288 57.234699 
STATIC_OBS_INFO 1 -6.300000 62.268183 55.201160 
Parent: -66.631967 10.000000 101.000000 0.000000 15.150000 -26.918903 -10.000000 4.786936 36.000000 0.000000 0 0 0 0 0 0 0 0
Child: -26.918903 10.000000 102.000000 0.000000 15.300000 -18.418903 -10.000000 0.000000 0.000000 0.000000 0 0 0 0 0 0 0 0
Child: -18.418903 10.000000 102.000000 0.000000 15.300000 -9.918903 -10.000000 0.000000 0.000000 0.000000 0 0 0 0 0 0 0 0
Child: -9.918903 0.540645 7.000000 0.000000 1.050000 0.000000 -10.000000 0.000000 0.000000 0.000000 0 0 0 0 0 0 0 0
EGO_STATUS -5.250000 117.459355 14.500000 1.570796 6.379998 4.000000 0.000000
DYNAMIC_OBS_INFO 0 -5.750000 55.831357 1.570796 254.106063 -5.750000 372.202927 33.386271 1.595523
DYNAMIC_OBS_INFO 1 -1.750000 43.349979 1.570796 210.329380 -1.750000 328.397612 38.750923 2.575246
STATIC_OBS_INFO 0 -6.300000 60.234288 57.872593 
STATIC_OBS_INFO 1 -6.300000 62.268183 55.839045 
Parent: -55.827667 10.000000 101.000000 0.000000 15.150000 -17.014603 -10.000000 4.686936 35.000000 0.000000 0 0 0 0 0 0 0 0
Child: -17.014603 10.000000 102.000000 0.000000 15.300000 -8.514603 -10.000000 0.000000 0.000000 0.000000 0 0 0 0 0 0 0 0
Child: -8.514603 9.902645 101.000000 0.000000 15.150000 0.000000 -10.000000 0.000000 0.000000 0.000000 0 0 0 0 0 0 0 0
EGO_STATUS -5.250000 118.097355 14.600000 1.570796 6.379998 4.000000 0.000000
DYNAMIC_OBS_INFO 0 -5.750000 55.831357 1.570796 256.814663 -5.750000 375.549531 33.545823 1.595523
DYNAMIC_OBS_INFO 1 -1.750000 43.349979 1.570796 213.578906 -1.750000 332.285581 39.008448 2.575246
STATIC_OBS_INFO 0 -6.300000 60.234288 58.510489 
STATIC_OBS_INFO 1 -6.300000 62.268183 56.476934 
Parent: -56.023367 10.000000 101.000000 0.000000 15.150000 -17.110303 -10.000000 4.586936 35.000000 0.000000 0 0 0 0 0 0 0 0
Child: -17.110303 10.000000 102.000000 0.000000 15.300000 -8.610303 -10.000000 0.000000 0.000000 0.000000 0 0 0 0 0 0 0 0
Child: -8.610303 9.264645 94.000000 0.000000 14.100000 0.000000 -10.000000 0.000000 0.000000 0.000000 0 0 0 0 0 0 0 0
EGO_STATUS -5.250000 118.735355 14.700000 1.570796 6.379998 4.000000 0.000000
DYNAMIC_OBS_INFO 0 -5.750000 55.831357 1.570796 259.539218 -5.750000 378.912091 33.705375 1.595523
DYNAMIC_OBS_INFO 1 -1.750000 43.349979 1.570796 216.854194 -1.750000 336.199302 39.265973 2.575246
STATIC_OBS_INFO 0 -6.300000 60.234288 59.148387 
STATIC_OBS_INFO 1 -6.300000 62.268183 57.114824 
Parent: -55.219067 10.000000 101.000000 0.000000 15.150000 -17.206003 -10.000000 4.486936 34.000000 0.000000 0 0 0 0 0 0 0 0
Child: -17.206003 10.000000 102.000000 0.000000 15.300000 -8.706003 -10.000000 0.000000 0.000000 0.000000 0 0 0 0 0 0 0 0
Child: -8.706003 8.626645 88.000000 0.000000 13.200000 0.000000 -10.000000 0.000000 0.000000 0.000000 0 0 0 0 0 0 0 0
EGO_STATUS -5.250000 119.373355 14.800000 1.570796 6.379998 4.000000 0.000000
DONE
FINISHED
