STATIC_OBS_INIT_INFO 0 -6.300000 69.607842
STATIC_OBS_INIT_INFO 1 -6.300000 62.758790
Parent: -28.775714 10.000000 101.000000 0.000000 15.150000 17.556148 -10.000000 2.168138 40.000000 0.000000 0 0 0 0 0 0 0 0
Child: 17.556148 24.259016 244.000000 11.662939 265.500000 0.000000 -10.000000 0.000000 0.000000 0.000000 0 0 0 0 0 0 0 0
EGO_STATUS -5.750000 13.749812 0.000000 1.570796 15.801125 4.000000 0.000000
DYNAMIC_OBS_INFO 0 -5.750000 32.249516 1.570796 16.919591 -5.750000 32.249516 15.246809 1.569009
DYNAMIC_OBS_INFO 1 -1.750000 43.259289 1.570796 28.214346 -1.750000 43.259289 5.594010 0.554504
STATIC_OBS_INFO 0 -6.300000 69.607842 54.280704 
STATIC_OBS_INFO 1 -6.300000 62.758790 47.432054 
Parent: 31.105307 10.000000 102.000000 0.000000 815.300000 6.472930 -10.000000 2.701004 48.000000 0.000000 0 0 0 0 0 0 0 0
Child: 6.472930 10.000000 101.000000 0.000000 15.150000 14.972930 -10.000000 0.000000 0.000000 0.000000 0 0 0 0 0 0 0 0
Child: 14.972930 22.678903 228.000000 11.662765 239.400000 0.000000 -10.000000 0.000000 0.000000 0.000000 0 0 0 0 0 0 0 0
EGO_STATUS -5.749989 15.329925 0.100000 1.570762 15.801125 4.000000 0.000000
DYNAMIC_OBS_INFO 0 -5.750000 32.249516 1.570796 16.872004 -5.750000 33.782042 15.403710 1.569009
DYNAMIC_OBS_INFO 1 -1.750000 43.259289 1.570796 26.651090 -1.750000 43.259289 5.594010 0.554504
STATIC_OBS_INFO 0 -6.300000 69.607842 52.700678 
STATIC_OBS_INFO 1 -6.300000 62.758790 45.852055 
Parent: 29.391313 10.000000 102.000000 0.000000 815.300000 3.858936 -10.000000 2.601004 47.000000 0.000000 0 0 0 0 0 0 0 0
Child: 3.858936 10.000000 101.000000 0.000000 15.150000 12.358936 -10.000000 0.000000 0.000000 0.000000 0 0 0 0 0 0 0 0
Child: 12.358936 21.098790 212.000000 11.661909 213.000000 0.000000 -10.000000 0.000000 0.000000 0.000000 0 0 0 0 0 0 0 0
EGO_STATUS -5.749685 16.910037 0.200000 1.570324 15.801125 4.000000 0.000000
DYNAMIC_OBS_INFO 0 -5.750000 32.249516 1.570796 16.840109 -5.750000 35.330258 15.560611 1.569009
DYNAMIC_OBS_INFO 1 -1.750000 43.259289 1.570796 25.089709 -1.750000 43.259289 5.594010 0.554504
STATIC_OBS_INFO 0 -6.300000 69.607842 51.120675 
STATIC_OBS_INFO 1 -6.300000 62.758790 44.272084 
Parent: 28.650243 10.000000 102.000000 0.000000 815.300000 1.217866 -10.000000 2.501004 45.000000 0.000000 0 0 0 0 0 0 0 0
Child: 1.217866 10.000000 101.000000 0.000000 15.150000 9.717866 -10.000000 0.000000 0.000000 0.000000 0 0 0 0 0 0 0 0
Child: 9.717866 19.518678 197.000000 11.660387 187.350000 0.000000 -10.000000 0.000000 0.000000 0.000000 0 0 0 0 0 0 0 0
EGO_STATUS -5.747896 18.490149 0.300000 1.568752 15.801125 4.000000 0.000000
DYNAMIC_OBS_INFO 0 -5.750000 32.249516 1.570796 16.823915 -5.750000 36.894164 15.717512 1.569009
DYNAMIC_OBS_INFO 1 -1.750000 43.259289 1.570796 23.530184 -1.750000 43.259289 5.594010 0.554504
STATIC_OBS_INFO 0 -6.300000 69.607842 49.540732 
STATIC_OBS_INFO 1 -6.300000 62.758790 42.692183 
Parent: 27.999011 10.000000 102.000000 0.000000 815.300000 -1.333366 -10.000000 2.401004 43.000000 0.000000 0 0 0 0 0 0 0 0
Child: -1.333366 10.000000 101.000000 0.000000 15.150000 7.166634 -10.000000 0.000000 0.000000 0.000000 0 0 0 0 0 0 0 0
Child: 7.166634 17.938566 181.000000 11.661211 161.550000 0.000000 -10.000000 0.000000 0.000000 0.000000 0 0 0 0 0 0 0 0
EGO_STATUS -5.742244 20.070250 0.400000 1.565340 15.801125 4.000000 0.000000
DYNAMIC_OBS_INFO 0 -5.750000 32.249516 1.570796 16.823464 -5.750000 38.473760 15.874413 1.569009
DYNAMIC_OBS_INFO 1 -1.750000 43.259289 1.570796 21.972352 -1.750000 43.259289 5.594010 0.554504
STATIC_OBS_INFO 0 -6.300000 69.607842 47.960926 
STATIC_OBS_INFO 1 -6.300000 62.758790 41.112440 
Parent: 26.287637 10.000000 102.000000 0.000000 815.300000 -3.944740 -10.000000 2.301004 42.000000 0.000000 0 0 0 0 0 0 0 0
Child: -3.944740 10.000000 101.000000 0.000000 15.150000 4.555260 -10.000000 0.000000 0.000000 0.000000 0 0 0 0 0 0 0 0
Child: 4.555260 16.358454 165.000000 11.662038 135.150000 0.000000 -10.000000 0.000000 0.000000 0.000000 0 0 0 0 0 0 0 0
EGO_STATUS -5.729473 21.650309 0.500000 1.559720 15.801125 4.000000 0.000000
DYNAMIC_OBS_INFO 0 -5.750000 32.249516 1.570796 16.838858 -5.750000 40.069046 16.031313 1.569009
DYNAMIC_OBS_INFO 1 -1.750000 43.259289 1.570796 20.416016 -1.750000 43.259289 5.594010 0.554504
STATIC_OBS_INFO 0 -6.300000 69.607842 46.381398 
STATIC_OBS_INFO 1 -6.300000 62.758790 39.533005 
Parent: 25.605036 10.000000 102.000000 0.000000 815.300000 -6.527341 -10.000000 2.201004 40.000000 0.000000 0 0 0 0 0 0 0 0
Child: -6.527341 10.000000 101.000000 0.000000 15.150000 1.972659 -10.000000 0.000000 0.000000 0.000000 0 0 0 0 0 0 0 0
Child: 1.972659 14.778342 149.000000 11.662204 109.050000 0.000000 -10.000000 0.000000 0.000000 0.000000 0 0 0 0 0 0 0 0
EGO_STATUS -5.706145 23.230245 0.600000 1.552055 15.801125 4.000000 0.000000
DYNAMIC_OBS_INFO 0 -5.750000 32.249516 1.570796 16.870286 -5.750000 41.680023 16.188214 1.569009
DYNAMIC_OBS_INFO 1 -1.750000 43.259289 1.570796 18.861119 -1.750000 43.259289 5.594010 0.554504
STATIC_OBS_INFO 0 -6.300000 69.607842 44.802349 
STATIC_OBS_INFO 1 -6.300000 62.758790 37.954098 
Parent: 269.579176 30.290952 304.000000 10.454789 3032.100000 11.264182 0.000000 4.150912 49.000000 0.000000 0 0 0 0 0 0 0 0
Child: 11.264182 13.198229 133.000000 27.260388 86.250000 0.000000 0.000000 0.000000 0.000000 0.000000 0 0 0 1 0 0 0 0
EGO_STATUS -5.669554 24.809929 0.700000 1.543106 15.801125 4.000000 0.000000
DYNAMIC_OBS_INFO 0 -5.750000 32.249516 1.570796 16.947386 -5.750000 43.306689 16.345115 1.569009
DYNAMIC_OBS_INFO 1 -1.750000 43.259289 1.570796 17.336880 -1.750000 43.259289 5.594010 0.554504
STATIC_OBS_INFO 0 -6.300000 69.607842 43.253388 
STATIC_OBS_INFO 1 -6.300000 62.758790 36.405342 
Parent: 259.316483 30.290952 304.000000 10.454748 3032.100000 -0.898516 0.000000 4.050921 47.000000 0.000000 0 0 0 0 0 0 0 0
Child: -0.898516 11.647549 118.000000 26.206106 66.000000 0.000000 -10.000000 0.000000 0.000000 0.000000 0 0 0 1 0 0 0 0
EGO_STATUS -5.619726 26.359804 0.800000 1.534352 15.213125 1.000000 -5.880000
DYNAMIC_OBS_INFO 0 -5.750000 32.249516 1.570796 17.099597 -5.750000 44.949046 16.502016 1.569009
DYNAMIC_OBS_INFO 1 -1.750000 43.259289 1.570796 15.872818 -1.750000 43.259289 5.594010 0.554504
STATIC_OBS_INFO 0 -6.300000 69.607842 41.763894 
STATIC_OBS_INFO 1 -6.300000 62.758790 34.916129 
Parent: 258.475975 30.290952 304.000000 10.454734 3032.100000 -2.639026 0.000000 3.950924 46.000000 0.000000 0 0 0 0 0 0 0 0
Child: -2.639026 10.155647 103.000000 26.206036 48.450000 0.000000 -10.000000 0.000000 0.000000 0.000000 0 0 0 1 0 0 0 0
EGO_STATUS -5.559948 27.850505 0.900000 1.527467 14.625125 1.000000 -5.880000
DYNAMIC_OBS_INFO 0 -5.750000 32.249516 1.570796 17.326871 -5.750000 46.607092 16.658917 1.569009
DYNAMIC_OBS_INFO 1 -1.750000 43.259289 1.570796 14.470147 -1.750000 43.259289 5.594010 0.554504
STATIC_OBS_INFO 0 -6.300000 69.607842 40.333779 
STATIC_OBS_INFO 1 -6.300000 62.758790 33.486372 
Parent: 258.890902 30.290952 304.000000 10.454691 3032.100000 -4.124105 0.000000 3.850934 44.000000 0.000000 0 0 0 0 0 0 0 0
Child: -4.124105 8.722567 89.000000 26.204220 33.750000 0.000000 -10.000000 0.000000 0.000000 0.000000 0 0 0 1 0 0 0 0
EGO_STATUS -5.494779 29.282101 1.000000 1.523727 14.037125 1.000000 -5.880000
DYNAMIC_OBS_INFO 0 -5.750000 32.249516 1.570796 17.628894 -5.750000 48.280829 16.815818 1.569009
DYNAMIC_OBS_INFO 1 -1.750000 43.259289 1.570796 13.130604 -1.750000 43.259289 5.594010 0.554504
STATIC_OBS_INFO 0 -6.300000 69.607842 38.962717 
STATIC_OBS_INFO 1 -6.300000 62.758790 32.115738 
Parent: 258.760321 30.290952 304.000000 10.454651 3032.100000 -5.154691 0.000000 3.750943 43.000000 0.000000 0 0 0 0 0 0 0 0
Child: -5.154691 7.348285 75.000000 26.203469 23.250000 0.000000 -10.000000 0.000000 0.000000 0.000000 0 0 0 1 0 0 0 0
EGO_STATUS -5.429772 30.654844 1.100000 1.523910 13.449125 1.000000 -5.880000
DYNAMIC_OBS_INFO 0 -5.750000 32.249516 1.570796 18.005262 -5.750000 49.970256 16.972719 1.569009
DYNAMIC_OBS_INFO 1 -1.750000 43.259289 1.570796 11.856580 -1.750000 43.259289 5.594010 0.554504
STATIC_OBS_INFO 0 -6.300000 69.607842 37.650324 
STATIC_OBS_INFO 1 -6.300000 62.758790 30.803824 
Parent: 33.695622 10.000000 102.000000 0.000000 815.300000 -6.259896 -10.000000 2.024146 32.000000 0.000000 0 0 0 0 0 0 0 0
Child: -6.259896 10.000000 101.000000 0.000000 15.150000 2.240104 -10.000000 0.000000 0.000000 0.000000 0 0 0 0 0 0 0 0
Child: 2.240104 6.032796 62.000000 7.721900 15.300000 0.000000 0.000000 0.000000 0.000000 0.000000 0 0 0 0 0 0 0 0
EGO_STATUS -5.370460 31.968994 1.200000 1.528152 12.861125 1.000000 -5.880000
DYNAMIC_OBS_INFO 0 -5.750000 32.249516 1.570796 18.426254 -5.750000 51.675373 17.129620 1.569009
DYNAMIC_OBS_INFO 1 -1.750000 43.259289 1.570796 10.623128 -1.750000 43.259289 5.594010 0.554504
STATIC_OBS_INFO 0 -6.300000 69.607842 36.366910 
STATIC_OBS_INFO 1 -6.300000 62.758790 29.520920 
Parent: 25.018826 10.000000 102.000000 0.000000 815.300000 -16.836693 -10.000000 1.924146 30.000000 0.000000 0 0 0 0 0 0 0 0
Child: -16.836693 10.000000 101.000000 0.000000 15.150000 -8.336693 -10.000000 0.000000 0.000000 0.000000 0 0 0 0 0 0 0 0
Child: -8.336693 4.746683 49.000000 7.720319 9.450000 0.000000 -10.000000 0.000000 0.000000 0.000000 0 0 0 0 0 0 0 0
EGO_STATUS -5.320376 33.254128 1.300000 1.536113 12.861125 4.000000 0.000000
DYNAMIC_OBS_INFO 0 -5.750000 32.249516 1.570796 18.862296 -5.750000 53.396180 17.286520 1.569009
DYNAMIC_OBS_INFO 1 -1.750000 43.259289 1.570796 9.408002 -1.750000 43.259289 5.594010 0.554504
STATIC_OBS_INFO 0 -6.300000 69.607842 35.082921 
STATIC_OBS_INFO 1 -6.300000 62.758790 28.237449 
Parent: 260.803216 30.290952 304.000000 14.490349 3032.100000 -8.738854 0.000000 4.975879 39.000000 0.000000 0 0 0 0 0 0 0 0
Child: -8.738854 3.460571 36.000000 7.719586 5.400000 0.000000 -10.000000 0.000000 0.000000 0.000000 0 0 0 0 0 0 0 0
EGO_STATUS -5.282543 34.539677 1.400000 1.546990 12.861125 4.000000 0.000000
DYNAMIC_OBS_INFO 0 -5.750000 32.249516 1.570796 19.313327 -5.750000 55.132677 17.443421 1.569009
DYNAMIC_OBS_INFO 1 -1.750000 43.259289 1.570796 8.220543 -1.750000 43.259289 5.594010 0.554504
STATIC_OBS_INFO 0 -6.300000 69.607842 33.798281 
STATIC_OBS_INFO 1 -6.300000 62.758790 26.953300 
Parent: 257.918575 32.483971 326.000000 13.917615 2908.800000 0.000000 0.000000 4.687061 38.000000 0.000000 0 0 0 0 0 0 0 0
EGO_STATUS -5.259593 35.825577 1.500000 1.558833 12.861125 4.000000 0.000000
DYNAMIC_OBS_INFO 0 -5.750000 32.249516 1.570796 19.792173 -5.750000 56.884864 17.600322 1.569009
DYNAMIC_OBS_INFO 1 -1.750000 43.259289 1.570796 7.085568 -1.750000 43.259289 5.594010 0.554504
STATIC_OBS_INFO 0 -6.300000 69.607842 32.525781 
STATIC_OBS_INFO 1 -6.300000 62.758790 25.681243 
Parent: 240.471139 20.972423 211.000000 10.866510 2865.150000 -14.373454 0.000000 4.981862 36.000000 0.000000 0 0 0 0 0 0 0 0
Child: -14.373454 10.000000 101.000000 20.000000 15.150000 -7.853652 -10.000000 0.000000 0.000000 0.000000 0 0 0 1 0 0 0 0
Child: -7.853652 0.901014 11.000000 24.553619 1.650000 0.000000 -10.000000 0.000000 0.000000 0.000000 0 0 0 1 0 0 0 0
EGO_STATUS -5.250848 37.098986 1.600000 1.568358 12.608064 6.000000 -2.530610
DYNAMIC_OBS_INFO 0 -5.750000 32.249516 1.570796 20.328542 -5.750000 58.652741 17.757223 1.569009
DYNAMIC_OBS_INFO 1 -1.750000 43.259289 1.570796 6.045201 -1.750000 43.259289 5.594010 0.554504
STATIC_OBS_INFO 0 -6.300000 69.607842 31.295112 
STATIC_OBS_INFO 1 -6.300000 62.758790 24.450996 
Parent: 249.168459 20.972423 211.000000 10.866331 2865.150000 -6.576154 0.000000 4.881901 35.000000 0.000000 0 0 0 0 0 0 0 0
Child: -6.576154 9.669651 98.000000 20.000000 14.700000 0.000000 -10.000000 0.000000 0.000000 0.000000 0 0 0 1 0 0 0 0
EGO_STATUS -5.250000 38.330349 1.700000 1.570796 12.020064 6.000000 -5.880000
DYNAMIC_OBS_INFO 0 -5.750000 32.249516 1.570796 20.939368 -5.750000 60.436309 17.914124 1.569009
DYNAMIC_OBS_INFO 1 -1.750000 43.259289 1.570796 5.134236 -1.750000 43.259289 5.594010 0.554504
STATIC_OBS_INFO 0 -6.300000 69.607842 30.123236 
STATIC_OBS_INFO 1 -6.300000 62.758790 23.279571 
Parent: 53.609372 18.497089 186.000000 20.000000 727.900000 0.000000 0.000000 3.233173 24.000000 0.000000 0 0 0 1 0 0 0 0
EGO_STATUS -5.250000 39.502911 1.800000 1.570796 11.432064 6.000000 -5.880000
DYNAMIC_OBS_INFO 0 -5.750000 32.249516 1.570796 21.612924 -5.750000 62.235566 18.071025 1.569009
DYNAMIC_OBS_INFO 1 -1.750000 43.259289 1.570796 4.378521 -1.750000 43.259289 5.594010 0.554504
STATIC_OBS_INFO 0 -6.300000 69.607842 28.998432 
STATIC_OBS_INFO 1 -6.300000 62.758790 22.155259 
Parent: 44.191386 10.000000 102.000000 0.000000 815.300000 -6.928511 -10.000000 4.188525 23.000000 0.000000 0 0 0 0 0 1 0 0
Child: -6.928511 7.371574 75.000000 20.000000 11.250000 0.000000 -10.000000 0.000000 0.000000 0.000000 0 0 0 1 0 0 0 0
EGO_STATUS -5.250000 40.628426 1.900000 1.570796 11.078787 7.000000 -3.532772
DYNAMIC_OBS_INFO 0 -5.750000 32.249516 1.570796 22.349248 -5.750000 64.050514 18.227926 1.569009
DYNAMIC_OBS_INFO 1 -1.750000 43.259289 1.570796 4.089199 -1.750000 43.821463 5.649460 0.554504
STATIC_OBS_INFO 0 -6.300000 69.607842 27.920732 
STATIC_OBS_INFO 1 -6.300000 62.758790 21.078099 
Parent: 44.930506 10.000000 102.000000 0.000000 815.300000 -7.089423 -10.000000 4.088556 22.000000 0.000000 0 0 0 0 0 1 0 0
Child: -7.089423 6.293140 64.000000 20.000000 9.600000 0.000000 -10.000000 0.000000 0.000000 0.000000 0 0 0 1 0 0 0 0
EGO_STATUS -5.250000 41.706860 2.000000 1.570796 10.490787 7.000000 -5.880000
DYNAMIC_OBS_INFO 0 -5.750000 32.249516 1.570796 23.160058 -5.750000 65.881151 18.384827 1.569009
DYNAMIC_OBS_INFO 1 -1.750000 43.259289 1.570796 3.874860 -1.750000 44.389182 5.704911 0.554504
STATIC_OBS_INFO 0 -6.300000 69.607842 26.901850 
STATIC_OBS_INFO 1 -6.300000 62.758790 20.059798 
Parent: 45.664140 10.000000 102.000000 0.000000 815.300000 -7.255822 -10.000000 3.988590 21.000000 0.000000 0 0 0 0 0 1 0 0
Child: -7.255822 5.273509 54.000000 20.000000 8.100000 0.000000 -10.000000 0.000000 0.000000 0.000000 0 0 0 1 0 0 0 0
EGO_STATUS -5.250000 42.726491 2.100000 1.570796 9.902787 7.000000 -5.880000
DYNAMIC_OBS_INFO 0 -5.750000 32.249516 1.570796 24.045389 -5.750000 67.727479 18.541727 1.569009
DYNAMIC_OBS_INFO 1 -1.750000 43.259289 1.570796 3.725053 -1.750000 44.962445 5.760361 0.554504
STATIC_OBS_INFO 0 -6.300000 69.607842 25.941811 
STATIC_OBS_INFO 1 -6.300000 62.758790 19.100383 
Parent: 46.383687 10.000000 102.000000 0.000000 815.300000 -7.436333 -10.000000 3.888647 20.000000 0.000000 0 0 0 0 0 1 0 0
Child: -7.436333 4.312711 45.000000 20.000000 6.750000 0.000000 -10.000000 0.000000 0.000000 0.000000 0 0 0 1 0 0 0 0
EGO_STATUS -5.250000 43.687289 2.200000 1.570796 9.314787 7.000000 -5.880000
DYNAMIC_OBS_INFO 0 -5.750000 32.249516 1.570796 25.005136 -5.750000 69.589497 18.698628 1.569009
DYNAMIC_OBS_INFO 1 -1.750000 43.259289 1.570796 3.627134 -1.750000 45.541254 5.815812 0.554504
STATIC_OBS_INFO 0 -6.300000 69.607842 25.040506 
STATIC_OBS_INFO 1 -6.300000 62.758790 18.199744 
Parent: 45.106875 13.410640 136.000000 0.000000 720.400000 0.000000 -10.000000 3.069925 19.000000 0.000000 0 0 0 0 0 0 0 0
EGO_STATUS -5.250000 44.589360 2.300000 1.570796 8.726787 7.000000 -5.880000
DYNAMIC_OBS_INFO 0 -5.750000 32.249516 1.570796 26.024215 -5.750000 71.467205 18.855529 1.569009
DYNAMIC_OBS_INFO 1 -1.750000 43.259289 1.570796 3.565029 -1.750000 46.125607 5.871262 0.554504
STATIC_OBS_INFO 0 -6.300000 69.607842 24.182855 
STATIC_OBS_INFO 1 -6.300000 62.758790 17.342811 
Parent: 46.038160 12.552207 127.000000 0.000000 719.050000 0.000000 -10.000000 2.969936 18.000000 0.000000 0 0 0 0 0 0 0 0
EGO_STATUS -5.250000 45.447793 2.400000 1.570796 8.442846 7.000000 -2.839414
DYNAMIC_OBS_INFO 0 -5.750000 32.249516 1.570796 27.087382 -5.750000 73.360603 19.012430 1.569009
DYNAMIC_OBS_INFO 1 -1.750000 43.259289 1.570796 3.527259 -1.750000 46.715506 5.926712 0.554504
STATIC_OBS_INFO 0 -6.300000 69.607842 23.353623 
STATIC_OBS_INFO 1 -6.300000 62.758790 16.514368 
Parent: 46.582179 11.722164 119.000000 0.000000 717.850000 0.000000 -10.000000 2.869947 17.000000 0.000000 0 0 0 0 0 0 0 0
EGO_STATUS -5.250000 46.277836 2.500000 1.570796 8.158905 7.000000 -2.839403
DYNAMIC_OBS_INFO 0 -5.750000 32.249516 1.570796 28.194599 -5.750000 75.269691 19.169331 1.569009
DYNAMIC_OBS_INFO 1 -1.750000 43.259289 1.570796 3.507643 -1.750000 47.310950 5.982163 0.554504
STATIC_OBS_INFO 0 -6.300000 69.607842 22.552772 
STATIC_OBS_INFO 1 -6.300000 62.758790 15.714383 
Parent: 47.275877 10.920474 111.000000 0.000000 716.650000 0.000000 -10.000000 2.769948 16.000000 0.000000 0 0 0 0 0 0 0 0
EGO_STATUS -5.250000 47.079526 2.600000 1.570796 7.874966 7.000000 -2.839392
DYNAMIC_OBS_INFO 0 -5.750000 32.249516 1.570796 29.345952 -5.750000 77.194469 19.326232 1.569009
DYNAMIC_OBS_INFO 1 -1.750000 43.259289 1.570796 3.500500 -1.750000 47.911939 6.037613 0.554504
STATIC_OBS_INFO 0 -6.300000 69.607842 21.780389 
STATIC_OBS_INFO 1 -6.300000 62.758790 14.942949 
Parent: 47.153754 10.147223 103.000000 0.000000 715.450000 0.000000 -10.000000 2.669961 16.000000 0.000000 0 0 0 0 0 0 0 0
EGO_STATUS -5.250000 47.852777 2.700000 1.570796 7.591027 7.000000 -2.839391
DYNAMIC_OBS_INFO 0 -5.750000 32.249516 1.570796 30.541413 -5.750000 79.134937 19.483133 1.569009
DYNAMIC_OBS_INFO 1 -1.750000 43.259289 1.570796 3.500895 -1.750000 48.518472 6.093063 0.554504
STATIC_OBS_INFO 0 -6.300000 69.607842 21.036446 
STATIC_OBS_INFO 1 -6.300000 62.758790 14.200046 
Parent: 47.539379 9.402383 96.000000 0.000000 714.400000 0.000000 -10.000000 2.569979 15.000000 0.000000 0 0 0 0 0 0 0 0
EGO_STATUS -5.250000 48.597617 2.800000 1.570796 7.307089 7.000000 -2.839377
DYNAMIC_OBS_INFO 0 -5.750000 32.249516 1.570796 31.780939 -5.750000 81.091095 19.640034 1.569009
DYNAMIC_OBS_INFO 1 -1.750000 43.259289 1.570796 3.504809 -1.750000 49.130551 6.148514 0.554504
STATIC_OBS_INFO 0 -6.300000 69.607842 20.320898 
STATIC_OBS_INFO 1 -6.300000 62.758790 13.485639 
Parent: 48.865347 8.685911 88.000000 0.000000 713.200000 0.000000 -10.000000 2.469990 14.000000 0.000000 0 0 0 0 0 0 0 0
EGO_STATUS -5.250000 49.314089 2.900000 1.570796 7.023154 7.000000 -2.839358
DYNAMIC_OBS_INFO 0 -5.750000 32.249516 1.570796 33.064549 -5.750000 83.062944 19.796934 1.569009
DYNAMIC_OBS_INFO 1 -1.750000 43.259289 1.570796 3.509204 -1.750000 49.748175 6.203964 0.554504
STATIC_OBS_INFO 0 -6.300000 69.607842 19.633763 
STATIC_OBS_INFO 1 -6.300000 62.758790 12.799754 
Parent: 49.686676 7.997825 81.000000 0.000000 712.150000 0.000000 -10.000000 2.370000 13.000000 0.000000 0 0 0 0 0 0 0 0
EGO_STATUS -5.250000 50.002175 3.000000 1.570796 6.739219 7.000000 -2.839345
DYNAMIC_OBS_INFO 0 -5.750000 32.249516 1.570796 34.392298 -5.750000 85.050482 19.953835 1.569009
DYNAMIC_OBS_INFO 1 -1.750000 43.259289 1.570796 3.512033 -1.750000 50.371344 6.259415 0.554504
STATIC_OBS_INFO 0 -6.300000 69.607842 18.975097 
STATIC_OBS_INFO 1 -6.300000 62.758790 12.142455 
Parent: 48.860444 7.338181 75.000000 0.000000 711.250000 0.000000 -10.000000 2.270025 13.000000 0.000000 0 0 0 0 0 0 0 0
EGO_STATUS -5.250000 50.661819 3.100000 1.570796 6.455286 7.000000 -2.839333
DYNAMIC_OBS_INFO 0 -5.750000 32.249516 1.570796 35.764136 -5.750000 87.053711 20.110736 1.569009
DYNAMIC_OBS_INFO 1 -1.750000 43.259289 1.570796 3.512244 -1.750000 51.000058 6.314865 0.554504
STATIC_OBS_INFO 0 -6.300000 69.607842 18.344845 
STATIC_OBS_INFO 1 -6.300000 62.758790 11.513697 
Parent: 49.217404 6.706929 69.000000 0.000000 710.350000 0.000000 -10.000000 2.170051 12.000000 0.000000 0 0 0 0 0 0 0 0
EGO_STATUS -5.250000 51.293071 3.200000 1.570796 6.171356 7.000000 -2.839301
DYNAMIC_OBS_INFO 0 -5.750000 32.249516 1.570796 37.179994 -5.750000 89.072630 20.267637 1.569009
DYNAMIC_OBS_INFO 1 -1.750000 43.259289 1.570796 3.509769 -1.750000 51.634317 6.370315 0.554504
STATIC_OBS_INFO 0 -6.300000 69.607842 17.742940 
STATIC_OBS_INFO 1 -6.300000 62.758790 10.913420 
Parent: 48.807900 6.104002 63.000000 0.000000 709.450000 0.000000 -10.000000 2.070055 12.000000 0.000000 0 0 0 0 0 0 0 0
EGO_STATUS -5.250000 51.895998 3.300000 1.570796 5.887429 7.000000 -2.839267
DYNAMIC_OBS_INFO 0 -5.750000 32.249516 1.570796 38.640014 -5.750000 91.107238 20.424538 1.569009
DYNAMIC_OBS_INFO 1 -1.750000 43.259289 1.570796 3.505503 -1.750000 52.274121 6.425766 0.554504
STATIC_OBS_INFO 0 -6.300000 69.607842 17.169519 
STATIC_OBS_INFO 1 -6.300000 62.758790 10.341772 
Parent: 49.706161 5.529541 57.000000 0.000000 708.550000 0.000000 -10.000000 1.970086 11.000000 0.000000 0 0 0 0 0 0 0 0
EGO_STATUS -5.250000 52.470459 3.400000 1.570796 5.603503 7.000000 -2.839262
DYNAMIC_OBS_INFO 0 -5.750000 32.249516 1.570796 40.144163 -5.750000 93.157537 20.581439 1.569009
DYNAMIC_OBS_INFO 1 -1.750000 43.259289 1.570796 3.501344 -1.750000 52.919470 6.481216 0.554504
STATIC_OBS_INFO 0 -6.300000 69.607842 16.624545 
STATIC_OBS_INFO 1 -6.300000 62.758790 9.798721 
Parent: 51.018798 4.983512 51.000000 0.000000 707.650000 0.000000 -10.000000 1.870133 10.000000 0.000000 0 0 0 0 0 0 0 0
EGO_STATUS -5.250000 53.016488 3.500000 1.570796 5.319581 7.000000 -2.839218
DYNAMIC_OBS_INFO 0 -5.750000 32.249516 1.570796 41.692356 -5.750000 95.223526 20.738340 1.569009
DYNAMIC_OBS_INFO 1 -1.750000 43.259289 1.570796 3.500187 -1.750000 53.570364 6.536666 0.554504
STATIC_OBS_INFO 0 -6.300000 69.607842 16.107932 
STATIC_OBS_INFO 1 -6.300000 62.758790 9.284187 
Parent: 50.398341 4.465831 46.000000 0.000000 706.900000 0.000000 -10.000000 1.770165 10.000000 0.000000 0 0 0 0 0 0 0 0
EGO_STATUS -5.250000 53.534169 3.600000 1.570796 5.035666 7.000000 -2.839147
DYNAMIC_OBS_INFO 0 -5.750000 32.249516 1.570796 43.284613 -5.750000 97.305205 20.895241 1.569009
DYNAMIC_OBS_INFO 1 -1.750000 43.259289 1.570796 3.505901 -1.750000 54.226804 6.592117 0.554504
STATIC_OBS_INFO 0 -6.300000 69.607842 15.619693 
STATIC_OBS_INFO 1 -6.300000 62.758790 8.798189 
Parent: 51.158465 3.976520 41.000000 0.000000 706.150000 0.000000 -10.000000 1.670190 9.000000 0.000000 0 0 0 0 0 0 0 0
EGO_STATUS -5.250000 54.023480 3.700000 1.570796 4.751757 7.000000 -2.839095
DYNAMIC_OBS_INFO 0 -5.750000 32.249516 1.570796 44.921065 -5.750000 99.402574 21.052141 1.569009
DYNAMIC_OBS_INFO 1 -1.750000 43.259289 1.570796 3.523296 -1.750000 54.888788 6.647567 0.554504
STATIC_OBS_INFO 0 -6.300000 69.607842 15.159956 
STATIC_OBS_INFO 1 -6.300000 62.758790 8.340852 
Parent: 49.611017 3.515708 37.000000 0.000000 705.550000 0.000000 -10.000000 1.570266 9.000000 0.000000 0 0 0 0 0 0 0 0
EGO_STATUS -5.250000 54.484292 3.800000 1.570796 4.467852 7.000000 -2.839052
DYNAMIC_OBS_INFO 0 -5.750000 32.249516 1.570796 46.601612 -5.750000 101.515633 21.209042 1.569009
DYNAMIC_OBS_INFO 1 -1.750000 43.259289 1.570796 3.557964 -1.750000 55.556317 6.703017 0.554504
STATIC_OBS_INFO 0 -6.300000 69.607842 14.728613 
STATIC_OBS_INFO 1 -6.300000 62.758790 7.912067 
Parent: 50.379948 3.083296 32.000000 0.000000 704.800000 0.000000 -10.000000 1.470351 9.000000 0.000000 0 0 0 0 0 0 0 0
EGO_STATUS -5.250000 54.916704 3.900000 1.570796 4.183960 7.000000 -2.838916
DYNAMIC_OBS_INFO 0 -5.750000 32.249516 1.570796 48.326101 -5.750000 103.644383 21.365943 1.569009
DYNAMIC_OBS_INFO 1 -1.750000 43.259289 1.570796 3.615994 -1.750000 56.229391 6.758468 0.554504
STATIC_OBS_INFO 0 -6.300000 69.607842 14.325506 
STATIC_OBS_INFO 1 -6.300000 62.758790 7.511669 
Parent: 50.750534 2.679132 28.000000 0.000000 704.200000 0.000000 -10.000000 1.370370 8.000000 0.000000 0 0 0 0 0 0 0 0
EGO_STATUS -5.250000 55.320868 4.000000 1.570796 3.900085 7.000000 -2.838751
DYNAMIC_OBS_INFO 0 -5.750000 32.249516 1.570796 50.094832 -5.750000 105.788822 21.522844 1.569009
DYNAMIC_OBS_INFO 1 -1.750000 43.259289 1.570796 3.703754 -1.750000 56.908011 6.813918 0.554504
STATIC_OBS_INFO 0 -6.300000 69.607842 13.950926 
STATIC_OBS_INFO 1 -6.300000 62.758790 7.139933 
Parent: 48.114419 2.303515 25.000000 0.000000 703.750000 0.000000 -10.000000 1.270479 8.000000 0.000000 0 0 0 0 0 0 0 0
EGO_STATUS -5.250000 55.696485 4.100000 1.570796 3.616214 7.000000 -2.838711
DYNAMIC_OBS_INFO 0 -5.750000 32.249516 1.570796 51.907764 -5.750000 107.948951 21.679745 1.569009
DYNAMIC_OBS_INFO 1 -1.750000 43.259289 1.570796 3.827283 -1.750000 57.592175 6.869369 0.554504
STATIC_OBS_INFO 0 -6.300000 69.607842 13.604826 
STATIC_OBS_INFO 1 -6.300000 62.758790 6.796789 
Parent: 49.677618 1.956405 21.000000 0.000000 703.150000 0.000000 -10.000000 1.170670 7.000000 0.000000 0 0 0 0 0 0 0 0
EGO_STATUS -5.250000 56.043595 4.200000 1.570796 3.332367 7.000000 -2.838467
DYNAMIC_OBS_INFO 0 -5.750000 32.249516 1.570796 53.764692 -5.750000 110.124771 21.836646 1.569009
DYNAMIC_OBS_INFO 1 -1.750000 43.259289 1.570796 3.991792 -1.750000 58.281884 6.924819 0.554504
STATIC_OBS_INFO 0 -6.300000 69.607842 13.286990 
STATIC_OBS_INFO 1 -6.300000 62.758790 6.481994 
Parent: 48.000740 1.637596 18.000000 0.000000 702.700000 0.000000 -10.000000 1.070826 7.000000 0.000000 0 0 0 0 0 0 0 0
EGO_STATUS -5.250000 56.362404 4.300000 1.570796 3.048567 7.000000 -2.838005
DYNAMIC_OBS_INFO 0 -5.750000 32.249516 1.570796 55.665608 -5.750000 112.316281 21.993547 1.569009
DYNAMIC_OBS_INFO 1 -1.750000 43.259289 1.570796 4.201428 -1.750000 58.977139 6.980269 0.554504
STATIC_OBS_INFO 0 -6.300000 69.607842 12.997405 
STATIC_OBS_INFO 1 -6.300000 62.758790 6.195496 
Parent: 47.036812 1.347082 15.000000 0.000000 702.250000 0.000000 -10.000000 0.970937 7.000000 0.000000 0 0 0 0 0 0 0 0
EGO_STATUS -5.250000 56.652918 4.400000 1.570796 2.764807 7.000000 -2.837593
DYNAMIC_OBS_INFO 0 -5.750000 32.249516 1.570796 57.610976 -5.750000 114.523480 22.150448 1.569009
DYNAMIC_OBS_INFO 1 -1.750000 43.259289 1.570796 4.459330 -1.750000 59.677938 7.035720 0.554504
STATIC_OBS_INFO 0 -6.300000 69.607842 12.736522 
STATIC_OBS_INFO 1 -6.300000 62.758790 5.937692 
Parent: 47.344838 1.085326 12.000000 0.000000 701.800000 0.000000 -10.000000 0.871369 7.000000 0.000000 0 0 0 0 0 0 0 0
EGO_STATUS -5.250000 56.914674 4.500000 1.570796 2.481081 7.000000 -2.837267
DYNAMIC_OBS_INFO 0 -5.750000 32.249516 1.570796 59.600529 -5.750000 116.746370 22.307348 1.569009
DYNAMIC_OBS_INFO 1 -1.750000 43.259289 1.570796 4.766962 -1.750000 60.384283 7.091170 0.554504
STATIC_OBS_INFO 0 -6.300000 69.607842 12.504067 
STATIC_OBS_INFO 1 -6.300000 62.758790 5.708253 
Parent: 44.544118 0.852062 10.000000 0.000000 701.500000 0.000000 -10.000000 0.771972 6.000000 0.000000 0 0 0 0 0 0 0 0
EGO_STATUS -5.250000 57.147938 4.600000 1.570796 2.197495 7.000000 -2.835859
DYNAMIC_OBS_INFO 0 -5.750000 32.249516 1.570796 61.633670 -5.750000 118.984950 22.464249 1.569009
DYNAMIC_OBS_INFO 1 -1.750000 43.259289 1.570796 5.124357 -1.750000 61.096172 7.146620 0.554504
STATIC_OBS_INFO 0 -6.300000 69.607842 12.299435 
STATIC_OBS_INFO 1 -6.300000 62.758790 5.506517 
Parent: 41.354751 0.646692 8.000000 0.000000 701.200000 0.000000 -10.000000 0.672192 6.000000 0.000000 0 0 0 0 0 0 0 0
EGO_STATUS -5.250000 57.353308 4.700000 1.570796 1.914130 7.000000 -2.833646
DYNAMIC_OBS_INFO 0 -5.750000 32.249516 1.570796 63.711536 -5.750000 121.239220 22.621150 1.569009
DYNAMIC_OBS_INFO 1 -1.750000 43.259289 1.570796 5.531936 -1.750000 61.813607 7.202071 0.554504
STATIC_OBS_INFO 0 -6.300000 69.607842 12.123750 
STATIC_OBS_INFO 1 -6.300000 62.758790 5.333521 
Parent: 31.679264 0.470354 6.000000 0.000000 600.900000 0.000000 -10.000000 0.573303 6.000000 0.000000 0 0 0 0 0 0 0 0
EGO_STATUS -5.250000 57.529646 4.800000 1.570796 1.630858 7.000000 -2.832720
DYNAMIC_OBS_INFO 0 -5.750000 32.249516 1.570796 65.834439 -5.750000 123.509180 22.778051 1.569009
DYNAMIC_OBS_INFO 1 -1.750000 43.259289 1.570796 5.989080 -1.750000 62.536586 7.257521 0.554504
STATIC_OBS_INFO 0 -6.300000 69.607842 11.977315 
STATIC_OBS_INFO 1 -6.300000 62.758790 5.189484 
Parent: 16.860707 0.323360 5.000000 0.000000 500.750000 0.000000 -10.000000 0.476183 6.000000 0.000000 0 0 0 0 0 0 0 0
EGO_STATUS -5.250000 57.676640 4.900000 1.570796 1.348135 7.000000 -2.827230
DYNAMIC_OBS_INFO 0 -5.750000 32.249516 1.570796 68.001491 -5.750000 125.794830 22.934952 1.569009
DYNAMIC_OBS_INFO 1 -1.750000 43.259289 1.570796 6.493856 -1.750000 63.265111 7.312972 0.554504
STATIC_OBS_INFO 0 -6.300000 69.607842 11.859238 
STATIC_OBS_INFO 1 -6.300000 62.758790 5.073455 
Parent: 4.893250 0.204822 4.000000 0.000000 400.600000 0.000000 -10.000000 0.380314 6.000000 0.000000 0 0 0 0 0 0 0 0
EGO_STATUS -5.250000 57.795178 5.000000 1.570796 1.067122 7.000000 -2.810130
DYNAMIC_OBS_INFO 0 -5.750000 32.249516 1.570796 70.211245 -5.750000 128.096170 23.091853 1.569009
DYNAMIC_OBS_INFO 1 -1.750000 43.259289 1.570796 7.043604 -1.750000 63.999181 7.368422 0.554504
STATIC_OBS_INFO 0 -6.300000 69.607842 11.768073 
STATIC_OBS_INFO 1 -6.300000 62.758790 4.983945 
CRASH -5.250000 57.886706 5.000000
Parent: -4.370031 0.113294 3.000000 0.000000 300.450000 0.000000 -10.000000 0.283533 6.000000 0.000000 0 0 0 0 0 0 0 0
EGO_STATUS -5.250000 57.886706 5.100000 1.570796 0.789162 7.000000 -2.779606
DYNAMIC_OBS_INFO 0 -5.750000 32.249516 1.570796 72.475237 -5.750000 130.413201 23.248754 1.569009
DYNAMIC_OBS_INFO 1 -1.750000 43.259289 1.570796 7.647081 -1.750000 64.738795 7.423872 0.554504
STATIC_OBS_INFO 0 -6.300000 69.607842 11.715302 
STATIC_OBS_INFO 1 -6.300000 62.758790 4.932164 
CRASH -5.250000 57.939688 5.100000
Parent: -9.729752 0.060312 2.000000 0.000000 200.300000 0.000000 -10.000000 0.230040 6.000000 0.000000 0 0 0 0 0 0 0 0
EGO_STATUS -5.250000 57.939688 5.200000 1.570796 0.514357 7.000000 -2.748044
DYNAMIC_OBS_INFO 0 -5.750000 32.249516 1.570796 74.781686 -5.750000 132.745921 23.405655 1.569009
DYNAMIC_OBS_INFO 1 -1.750000 43.259289 1.570796 8.292832 -1.750000 65.483955 7.479323 0.554504
STATIC_OBS_INFO 0 -6.300000 69.607842 11.689190 
STATIC_OBS_INFO 1 -6.300000 62.758790 4.906550 
CRASH -5.250000 57.965906 5.200000
Parent: -12.362026 0.034094 2.000000 0.000000 200.300000 0.000000 -10.000000 0.223485 6.000000 0.000000 0 0 0 0 0 0 0 0
EGO_STATUS -5.250000 57.965906 5.300000 1.570796 0.295110 7.000000 -2.192474
DYNAMIC_OBS_INFO 0 -5.750000 32.249516 1.570796 77.114791 -5.750000 135.094332 23.562555 1.569009
DYNAMIC_OBS_INFO 1 -1.750000 43.259289 1.570796 8.964945 -1.750000 66.234660 7.534773 0.554504
STATIC_OBS_INFO 0 -6.300000 69.607842 11.673996 
STATIC_OBS_INFO 1 -6.300000 62.758790 4.891649 
CRASH -5.250000 57.981162 5.300000
Parent: -13.901128 0.018838 2.000000 0.000000 200.300000 0.000000 -10.000000 0.212220 6.000000 0.000000 0 0 0 0 0 0 0 0
EGO_STATUS -5.250000 57.981162 5.400000 1.570796 0.167535 7.000000 -1.275744
DYNAMIC_OBS_INFO 0 -5.750000 32.249516 1.570796 79.469967 -5.750000 137.458432 23.719456 1.569009
DYNAMIC_OBS_INFO 1 -1.750000 43.259289 1.570796 9.657416 -1.750000 66.990910 7.590223 0.554504
STATIC_OBS_INFO 0 -6.300000 69.607842 11.665156 
STATIC_OBS_INFO 1 -6.300000 62.758790 4.882980 
CRASH -5.250000 57.990039 5.400000
NO_CANDIDATE
EGO_STATUS -5.250000 57.990039 5.500000 1.570796 0.093303 7.000000 -0.742322
FAIL
DYNAMIC_OBS_INFO 0 -5.750000 32.249516 1.570796 81.840382 -5.750000 139.838223 23.876357 1.569009
DYNAMIC_OBS_INFO 1 -1.750000 43.259289 1.570796 10.362314 -1.750000 67.752705 7.645674 0.554504
STATIC_OBS_INFO 0 -6.300000 69.607842 11.655863 
STATIC_OBS_INFO 1 -6.300000 62.758790 4.873868 
CRASH -5.250000 57.999369 5.500000
NO_CANDIDATE
EGO_STATUS -5.250000 57.999369 5.600000 1.570796 0.093303 4.000000 0.000000
FAIL
DYNAMIC_OBS_INFO 0 -5.750000 32.249516 1.570796 84.226489 -5.750000 142.233704 24.033258 1.569009
DYNAMIC_OBS_INFO 1 -1.750000 43.259289 1.570796 11.078736 -1.750000 68.520044 7.701124 0.554504
STATIC_OBS_INFO 0 -6.300000 69.607842 11.646571 
STATIC_OBS_INFO 1 -6.300000 62.758790 4.864757 
CRASH -5.250000 58.008699 5.600000
NO_CANDIDATE
EGO_STATUS -5.250000 58.008699 5.700000 1.570796 0.093303 4.000000 0.000000
FAIL
DYNAMIC_OBS_INFO 0 -5.750000 32.249516 1.570796 86.628288 -5.750000 144.644875 24.190159 1.569009
DYNAMIC_OBS_INFO 1 -1.750000 43.259289 1.570796 11.805650 -1.750000 69.292929 7.756575 0.554504
STATIC_OBS_INFO 0 -6.300000 69.607842 11.637279 
STATIC_OBS_INFO 1 -6.300000 62.758790 4.855647 
CRASH -5.250000 58.018029 5.700000
NO_CANDIDATE
EGO_STATUS -5.250000 58.018029 5.800000 1.570796 0.093303 4.000000 0.000000
FAIL
DYNAMIC_OBS_INFO 0 -5.750000 32.249516 1.570796 89.045780 -5.750000 147.071736 24.347060 1.569009
DYNAMIC_OBS_INFO 1 -1.750000 43.259289 1.570796 12.542246 -1.750000 70.071359 7.812025 0.554504
STATIC_OBS_INFO 0 -6.300000 69.607842 11.627986 
STATIC_OBS_INFO 1 -6.300000 62.758790 4.846538 
CRASH -5.250000 58.027360 5.800000
NO_CANDIDATE
EGO_STATUS -5.250000 58.027360 5.900000 1.570796 0.093303 4.000000 0.000000
FAIL
DYNAMIC_OBS_INFO 0 -5.750000 32.249516 1.570796 91.478963 -5.750000 149.514287 24.503961 1.569009
DYNAMIC_OBS_INFO 1 -1.750000 43.259289 1.570796 13.287876 -1.750000 70.855334 7.867475 0.554504
STATIC_OBS_INFO 0 -6.300000 69.607842 11.618694 
STATIC_OBS_INFO 1 -6.300000 62.758790 4.837430 
CRASH -5.250000 58.036690 5.900000
NO_CANDIDATE
EGO_STATUS -5.250000 58.036690 6.000000 1.570796 0.093303 4.000000 0.000000
FAIL
DYNAMIC_OBS_INFO 0 -5.750000 32.249516 1.570796 93.927838 -5.750000 151.972528 24.660862 1.569009
DYNAMIC_OBS_INFO 1 -1.750000 43.259289 1.570796 14.042019 -1.750000 71.644854 7.922926 0.554504
STATIC_OBS_INFO 0 -6.300000 69.607842 11.609402 
STATIC_OBS_INFO 1 -6.300000 62.758790 4.828322 
CRASH -5.250000 58.046020 6.000000
NO_CANDIDATE
EGO_STATUS -5.250000 58.046020 6.100000 1.570796 0.093303 4.000000 0.000000
FAIL
DYNAMIC_OBS_INFO 0 -5.750000 32.249516 1.570796 96.392405 -5.750000 154.446459 24.817762 1.569009
DYNAMIC_OBS_INFO 1 -1.750000 43.259289 1.570796 14.804250 -1.750000 72.439920 7.978376 0.554504
STATIC_OBS_INFO 0 -6.300000 69.607842 11.600110 
STATIC_OBS_INFO 1 -6.300000 62.758790 4.819216 
CRASH -5.250000 58.055351 6.100000
NO_CANDIDATE
EGO_STATUS -5.250000 58.055351 6.200000 1.570796 0.093303 4.000000 0.000000
FAIL
DYNAMIC_OBS_INFO 0 -5.750000 32.249516 1.570796 98.872663 -5.750000 156.936080 24.974663 1.569009
DYNAMIC_OBS_INFO 1 -1.750000 43.259289 1.570796 15.574222 -1.750000 73.240530 8.033826 0.554504
STATIC_OBS_INFO 0 -6.300000 69.607842 11.590818 
STATIC_OBS_INFO 1 -6.300000 62.758790 4.810110 
CRASH -5.250000 58.064681 6.200000
NO_CANDIDATE
EGO_STATUS -5.250000 58.064681 6.300000 1.570796 0.093303 4.000000 0.000000
FAIL
DYNAMIC_OBS_INFO 0 -5.750000 32.249516 1.570796 101.368613 -5.750000 159.441392 25.131564 1.569009
DYNAMIC_OBS_INFO 1 -1.750000 43.259289 1.570796 16.351645 -1.750000 74.046685 8.089277 0.554504
STATIC_OBS_INFO 0 -6.300000 69.607842 11.581526 
STATIC_OBS_INFO 1 -6.300000 62.758790 4.801005 
CRASH -5.250000 58.074011 6.300000
NO_CANDIDATE
EGO_STATUS -5.250000 58.074011 6.400000 1.570796 0.093303 4.000000 0.000000
FAIL
DYNAMIC_OBS_INFO 0 -5.750000 32.249516 1.570796 103.880255 -5.750000 161.962393 25.288465 1.569009
DYNAMIC_OBS_INFO 1 -1.750000 43.259289 1.570796 17.136280 -1.750000 74.858385 8.144727 0.554504
STATIC_OBS_INFO 0 -6.300000 69.607842 11.572234 
STATIC_OBS_INFO 1 -6.300000 62.758790 4.791901 
CRASH -5.250000 58.083342 6.400000
NO_CANDIDATE
EGO_STATUS -5.250000 58.083342 6.500000 1.570796 0.093303 4.000000 0.000000
FAIL
DYNAMIC_OBS_INFO 0 -5.750000 32.249516 1.570796 106.407587 -5.750000 164.499085 25.445366 1.569009
DYNAMIC_OBS_INFO 1 -1.750000 43.259289 1.570796 17.927923 -1.750000 75.675630 8.200178 0.554504
STATIC_OBS_INFO 0 -6.300000 69.607842 11.562942 
STATIC_OBS_INFO 1 -6.300000 62.758790 4.782798 
CRASH -5.250000 58.092672 6.500000
NO_CANDIDATE
EGO_STATUS -5.250000 58.092672 6.600000 1.570796 0.093303 4.000000 0.000000
FAIL
DYNAMIC_OBS_INFO 0 -5.750000 32.249516 1.570796 108.950611 -5.750000 167.051466 25.602267 1.569009
DYNAMIC_OBS_INFO 1 -1.750000 43.259289 1.570796 18.726404 -1.750000 76.498421 8.255628 0.554504
STATIC_OBS_INFO 0 -6.300000 69.607842 11.553651 
STATIC_OBS_INFO 1 -6.300000 62.758790 4.773696 
CRASH -5.250000 58.102002 6.600000
NO_CANDIDATE
EGO_STATUS -5.250000 58.102002 6.700000 1.570796 0.093303 4.000000 0.000000
FAIL
DYNAMIC_OBS_INFO 0 -5.750000 32.249516 1.570796 111.509326 -5.750000 169.619538 25.759168 1.569009
DYNAMIC_OBS_INFO 1 -1.750000 43.259289 1.570796 19.531577 -1.750000 77.326756 8.311078 0.554504
STATIC_OBS_INFO 0 -6.300000 69.607842 11.544359 
STATIC_OBS_INFO 1 -6.300000 62.758790 4.764594 
CRASH -5.250000 58.111333 6.700000
NO_CANDIDATE
EGO_STATUS -5.250000 58.111333 6.800000 1.570796 0.093303 4.000000 0.000000
FAIL
DYNAMIC_OBS_INFO 0 -5.750000 32.249516 1.570796 114.083732 -5.750000 172.203300 25.916069 1.569009
DYNAMIC_OBS_INFO 1 -1.750000 43.259289 1.570796 20.343317 -1.750000 78.160636 8.366529 0.554504
STATIC_OBS_INFO 0 -6.300000 69.607842 11.535067 
STATIC_OBS_INFO 1 -6.300000 62.758790 4.755494 
CRASH -5.250000 58.120663 6.800000
NO_CANDIDATE
EGO_STATUS -5.250000 58.120663 6.900000 1.570796 0.093303 4.000000 0.000000
FAIL
DYNAMIC_OBS_INFO 0 -5.750000 32.249516 1.570796 116.673830 -5.750000 174.802752 26.072969 1.569009
DYNAMIC_OBS_INFO 1 -1.750000 43.259289 1.570796 21.161516 -1.750000 79.000062 8.421979 0.554504
STATIC_OBS_INFO 0 -6.300000 69.607842 11.525776 
STATIC_OBS_INFO 1 -6.300000 62.758790 4.746394 
CRASH -5.250000 58.129993 6.900000
NO_CANDIDATE
EGO_STATUS -5.250000 58.129993 7.000000 1.570796 0.093303 4.000000 0.000000
FAIL
DYNAMIC_OBS_INFO 0 -5.750000 32.249516 1.570796 119.279618 -5.750000 177.417894 26.229870 1.569009
DYNAMIC_OBS_INFO 1 -1.750000 43.259289 1.570796 21.986081 -1.750000 79.845032 8.477429 0.554504
STATIC_OBS_INFO 0 -6.300000 69.607842 11.516484 
STATIC_OBS_INFO 1 -6.300000 62.758790 4.737295 
CRASH -5.250000 58.139324 7.000000
NO_CANDIDATE
EGO_STATUS -5.250000 58.139324 7.100000 1.570796 0.093303 4.000000 0.000000
FAIL
DYNAMIC_OBS_INFO 0 -5.750000 32.249516 1.570796 121.901097 -5.750000 180.048726 26.386771 1.569009
DYNAMIC_OBS_INFO 1 -1.750000 43.259289 1.570796 22.816932 -1.750000 80.695547 8.532880 0.554504
STATIC_OBS_INFO 0 -6.300000 69.607842 11.507193 
STATIC_OBS_INFO 1 -6.300000 62.758790 4.728198 
CRASH -5.250000 58.148654 7.100000
NO_CANDIDATE
EGO_STATUS -5.250000 58.148654 7.200000 1.570796 0.093303 4.000000 0.000000
FAIL
DYNAMIC_OBS_INFO 0 -5.750000 32.249516 1.570796 124.538267 -5.750000 182.695248 26.543672 1.569009
DYNAMIC_OBS_INFO 1 -1.750000 43.259289 1.570796 23.653998 -1.750000 81.551608 8.588330 0.554504
STATIC_OBS_INFO 0 -6.300000 69.607842 11.497901 
STATIC_OBS_INFO 1 -6.300000 62.758790 4.719101 
CRASH -5.250000 58.157984 7.200000
NO_CANDIDATE
EGO_STATUS -5.250000 58.157984 7.300000 1.570796 0.093303 4.000000 0.000000
FAIL
DYNAMIC_OBS_INFO 0 -5.750000 32.249516 1.570796 127.191128 -5.750000 185.357460 26.700573 1.569009
DYNAMIC_OBS_INFO 1 -1.750000 43.259289 1.570796 24.497216 -1.750000 82.413214 8.643781 0.554504
STATIC_OBS_INFO 0 -6.300000 69.607842 11.488610 
STATIC_OBS_INFO 1 -6.300000 62.758790 4.710005 
CRASH -5.250000 58.167315 7.300000
NO_CANDIDATE
EGO_STATUS -5.250000 58.167315 7.400000 1.570796 0.093303 4.000000 0.000000
FAIL
DYNAMIC_OBS_INFO 0 -5.750000 32.249516 1.570796 129.859680 -5.750000 188.035362 26.857474 1.569009
DYNAMIC_OBS_INFO 1 -1.750000 43.259289 1.570796 25.346533 -1.750000 83.280364 8.699231 0.554504
STATIC_OBS_INFO 0 -6.300000 69.607842 11.479319 
STATIC_OBS_INFO 1 -6.300000 62.758790 4.700910 
CRASH -5.250000 58.176645 7.400000
NO_CANDIDATE
EGO_STATUS -5.250000 58.176645 7.500000 1.570796 0.093303 4.000000 0.000000
FAIL
DYNAMIC_OBS_INFO 0 -5.750000 32.249516 1.570796 132.543923 -5.750000 190.728955 27.014375 1.569009
DYNAMIC_OBS_INFO 1 -1.750000 43.259289 1.570796 26.201898 -1.750000 84.153060 8.754681 0.554504
STATIC_OBS_INFO 0 -6.300000 69.607842 11.470028 
STATIC_OBS_INFO 1 -6.300000 62.758790 4.691816 
CRASH -5.250000 58.185975 7.500000
NO_CANDIDATE
EGO_STATUS -5.250000 58.185975 7.600000 1.570796 0.093303 4.000000 0.000000
FAIL
DYNAMIC_OBS_INFO 0 -5.750000 32.249516 1.570796 135.243856 -5.750000 193.438237 27.171276 1.569009
DYNAMIC_OBS_INFO 1 -1.750000 43.259289 1.570796 27.063271 -1.750000 85.031300 8.810132 0.554504
STATIC_OBS_INFO 0 -6.300000 69.607842 11.460737 
STATIC_OBS_INFO 1 -6.300000 62.758790 4.682722 
CRASH -5.250000 58.195306 7.600000
NO_CANDIDATE
EGO_STATUS -5.250000 58.195306 7.700000 1.570796 0.093303 4.000000 0.000000
FAIL
DYNAMIC_OBS_INFO 0 -5.750000 32.249516 1.570796 137.959480 -5.750000 196.163210 27.328176 1.569009
DYNAMIC_OBS_INFO 1 -1.750000 43.259289 1.570796 27.930611 -1.750000 85.915086 8.865582 0.554504
STATIC_OBS_INFO 0 -6.300000 69.607842 11.451446 
STATIC_OBS_INFO 1 -6.300000 62.758790 4.673630 
CRASH -5.250000 58.204636 7.700000
NO_CANDIDATE
EGO_STATUS -5.250000 58.204636 7.800000 1.570796 0.093303 4.000000 0.000000
FAIL
DYNAMIC_OBS_INFO 0 -5.750000 32.249516 1.570796 140.690795 -5.750000 198.903873 27.485077 1.569009
DYNAMIC_OBS_INFO 1 -1.750000 43.259289 1.570796 28.803886 -1.750000 86.804417 8.921032 0.554504
STATIC_OBS_INFO 0 -6.300000 69.607842 11.442155 
STATIC_OBS_INFO 1 -6.300000 62.758790 4.664539 
CRASH -5.250000 58.213966 7.800000
NO_CANDIDATE
EGO_STATUS -5.250000 58.213966 7.900000 1.570796 0.093303 4.000000 0.000000
FAIL
DYNAMIC_OBS_INFO 0 -5.750000 32.249516 1.570796 143.437800 -5.750000 201.660225 27.641978 1.569009
DYNAMIC_OBS_INFO 1 -1.750000 43.259289 1.570796 29.683065 -1.750000 87.699293 8.976483 0.554504
STATIC_OBS_INFO 0 -6.300000 69.607842 11.432864 
STATIC_OBS_INFO 1 -6.300000 62.758790 4.655448 
CRASH -5.250000 58.223297 7.900000
NO_CANDIDATE
EGO_STATUS -5.250000 58.223297 8.000000 1.570796 0.093303 4.000000 0.000000
FAIL
DYNAMIC_OBS_INFO 0 -5.750000 32.249516 1.570796 146.200496 -5.750000 204.432268 27.798879 1.569009
DYNAMIC_OBS_INFO 1 -1.750000 43.259289 1.570796 30.568120 -1.750000 88.599713 9.031933 0.554504
STATIC_OBS_INFO 0 -6.300000 69.607842 11.423573 
STATIC_OBS_INFO 1 -6.300000 62.758790 4.646359 
CRASH -5.250000 58.232627 8.000000
NO_CANDIDATE
EGO_STATUS -5.250000 58.232627 8.100000 1.570796 0.093303 4.000000 0.000000
FAIL
DYNAMIC_OBS_INFO 0 -5.750000 32.249516 1.570796 148.978883 -5.750000 207.220001 27.955780 1.569009
DYNAMIC_OBS_INFO 1 -1.750000 43.259289 1.570796 31.459026 -1.750000 89.505679 9.087384 0.554504
STATIC_OBS_INFO 0 -6.300000 69.607842 11.414282 
STATIC_OBS_INFO 1 -6.300000 62.758790 4.637270 
CRASH -5.250000 58.241957 8.100000
NO_CANDIDATE
EGO_STATUS -5.250000 58.241957 8.200000 1.570796 0.093303 4.000000 0.000000
FAIL
DYNAMIC_OBS_INFO 0 -5.750000 32.249516 1.570796 151.772960 -5.750000 210.023424 28.112681 1.569009
DYNAMIC_OBS_INFO 1 -1.750000 43.259289 1.570796 32.355761 -1.750000 90.417190 9.142834 0.554504
STATIC_OBS_INFO 0 -6.300000 69.607842 11.404991 
STATIC_OBS_INFO 1 -6.300000 62.758790 4.628183 
CRASH -5.250000 58.251288 8.200000
NO_CANDIDATE
EGO_STATUS -5.250000 58.251288 8.300000 1.570796 0.093303 4.000000 0.000000
FAIL
DYNAMIC_OBS_INFO 0 -5.750000 32.249516 1.570796 154.582728 -5.750000 212.842537 28.269582 1.569009
DYNAMIC_OBS_INFO 1 -1.750000 43.259289 1.570796 33.258305 -1.750000 91.334246 9.198284 0.554504
STATIC_OBS_INFO 0 -6.300000 69.607842 11.395701 
STATIC_OBS_INFO 1 -6.300000 62.758790 4.619096 
CRASH -5.250000 58.260618 8.300000
NO_CANDIDATE
EGO_STATUS -5.250000 58.260618 8.400000 1.570796 0.093303 4.000000 0.000000
FAIL
DYNAMIC_OBS_INFO 0 -5.750000 32.249516 1.570796 157.408187 -5.750000 215.677341 28.426483 1.569009
DYNAMIC_OBS_INFO 1 -1.750000 43.259289 1.570796 34.166640 -1.750000 92.256847 9.253735 0.554504
STATIC_OBS_INFO 0 -6.300000 69.607842 11.386410 
STATIC_OBS_INFO 1 -6.300000 62.758790 4.610011 
CRASH -5.250000 58.269948 8.400000
NO_CANDIDATE
EGO_STATUS -5.250000 58.269948 8.500000 1.570796 0.093303 4.000000 0.000000
FAIL
DYNAMIC_OBS_INFO 0 -5.750000 32.249516 1.570796 160.249336 -5.750000 218.527834 28.583383 1.569009
DYNAMIC_OBS_INFO 1 -1.750000 43.259289 1.570796 35.080748 -1.750000 93.184993 9.309185 0.554504
STATIC_OBS_INFO 0 -6.300000 69.607842 11.377120 
STATIC_OBS_INFO 1 -6.300000 62.758790 4.600926 
CRASH -5.250000 58.279278 8.500000
NO_CANDIDATE
EGO_STATUS -5.250000 58.279278 8.600000 1.570796 0.093303 4.000000 0.000000
FAIL
DYNAMIC_OBS_INFO 0 -5.750000 32.249516 1.570796 163.106175 -5.750000 221.394017 28.740284 1.569009
DYNAMIC_OBS_INFO 1 -1.750000 43.259289 1.570796 36.000615 -1.750000 94.118684 9.364635 0.554504
STATIC_OBS_INFO 0 -6.300000 69.607842 11.367829 
STATIC_OBS_INFO 1 -6.300000 62.758790 4.591843 
CRASH -5.250000 58.288609 8.600000
NO_CANDIDATE
EGO_STATUS -5.250000 58.288609 8.700000 1.570796 0.093303 4.000000 0.000000
FAIL
DYNAMIC_OBS_INFO 0 -5.750000 32.249516 1.570796 165.978705 -5.750000 224.275891 28.897185 1.569009
DYNAMIC_OBS_INFO 1 -1.750000 43.259289 1.570796 36.926226 -1.750000 95.057920 9.420086 0.554504
STATIC_OBS_INFO 0 -6.300000 69.607842 11.358539 
STATIC_OBS_INFO 1 -6.300000 62.758790 4.582760 
CRASH -5.250000 58.297939 8.700000
NO_CANDIDATE
EGO_STATUS -5.250000 58.297939 8.800000 1.570796 0.093303 4.000000 0.000000
FAIL
DYNAMIC_OBS_INFO 0 -5.750000 32.249516 1.570796 168.866925 -5.750000 227.173454 29.054086 1.569009
DYNAMIC_OBS_INFO 1 -1.750000 43.259289 1.570796 37.857569 -1.750000 96.002701 9.475536 0.554504
STATIC_OBS_INFO 0 -6.300000 69.607842 11.349248 
STATIC_OBS_INFO 1 -6.300000 62.758790 4.573678 
CRASH -5.250000 58.307269 8.800000
NO_CANDIDATE
EGO_STATUS -5.250000 58.307269 8.900000 1.570796 0.093303 4.000000 0.000000
FAIL
DYNAMIC_OBS_INFO 0 -5.750000 32.249516 1.570796 171.770836 -5.750000 230.086708 29.210987 1.569009
DYNAMIC_OBS_INFO 1 -1.750000 43.259289 1.570796 38.794633 -1.750000 96.953027 9.530987 0.554504
STATIC_OBS_INFO 0 -6.300000 69.607842 11.339958 
STATIC_OBS_INFO 1 -6.300000 62.758790 4.564598 
CRASH -5.250000 58.316600 8.900000
NO_CANDIDATE
EGO_STATUS -5.250000 58.316600 9.000000 1.570796 0.093303 4.000000 0.000000
FAIL
DYNAMIC_OBS_INFO 0 -5.750000 32.249516 1.570796 174.690437 -5.750000 233.015652 29.367888 1.569009
DYNAMIC_OBS_INFO 1 -1.750000 43.259289 1.570796 39.737405 -1.750000 97.908898 9.586437 0.554504
STATIC_OBS_INFO 0 -6.300000 69.607842 11.330668 
STATIC_OBS_INFO 1 -6.300000 62.758790 4.555518 
CRASH -5.250000 58.325930 9.000000
NO_CANDIDATE
EGO_STATUS -5.250000 58.325930 9.100000 1.570796 0.093303 4.000000 0.000000
FAIL
DYNAMIC_OBS_INFO 0 -5.750000 32.249516 1.570796 177.625729 -5.750000 235.960286 29.524789 1.569009
DYNAMIC_OBS_INFO 1 -1.750000 43.259289 1.570796 40.685877 -1.750000 98.870315 9.641887 0.554504
STATIC_OBS_INFO 0 -6.300000 69.607842 11.321378 
STATIC_OBS_INFO 1 -6.300000 62.758790 4.546440 
CRASH -5.250000 58.335260 9.100000
NO_CANDIDATE
EGO_STATUS -5.250000 58.335260 9.200000 1.570796 0.093303 4.000000 0.000000
FAIL
DYNAMIC_OBS_INFO 0 -5.750000 32.249516 1.570796 180.576711 -5.750000 238.920610 29.681690 1.569009
DYNAMIC_OBS_INFO 1 -1.750000 43.259289 1.570796 41.640040 -1.750000 99.837276 9.697338 0.554504
STATIC_OBS_INFO 0 -6.300000 69.607842 11.312088 
STATIC_OBS_INFO 1 -6.300000 62.758790 4.537362 
CRASH -5.250000 58.344591 9.200000
NO_CANDIDATE
EGO_STATUS -5.250000 58.344591 9.300000 1.570796 0.093303 4.000000 0.000000
FAIL
DYNAMIC_OBS_INFO 0 -5.750000 32.249516 1.570796 183.543384 -5.750000 241.896624 29.838590 1.569009
DYNAMIC_OBS_INFO 1 -1.750000 43.259289 1.570796 42.599884 -1.750000 100.809782 9.752788 0.554504
STATIC_OBS_INFO 0 -6.300000 69.607842 11.302798 
STATIC_OBS_INFO 1 -6.300000 62.758790 4.528285 
CRASH -5.250000 58.353921 9.300000
NO_CANDIDATE
EGO_STATUS -5.250000 58.353921 9.400000 1.570796 0.093303 4.000000 0.000000
FAIL
DYNAMIC_OBS_INFO 0 -5.750000 32.249516 1.570796 186.525746 -5.750000 244.888328 29.995491 1.569009
DYNAMIC_OBS_INFO 1 -1.750000 43.259289 1.570796 43.565403 -1.750000 101.787833 9.808238 0.554504
STATIC_OBS_INFO 0 -6.300000 69.607842 11.293508 
STATIC_OBS_INFO 1 -6.300000 62.758790 4.519210 
CRASH -5.250000 58.363251 9.400000
NO_CANDIDATE
EGO_STATUS -5.250000 58.363251 9.500000 1.570796 0.093303 4.000000 0.000000
FAIL
DYNAMIC_OBS_INFO 0 -5.750000 32.249516 1.570796 189.523800 -5.750000 247.895722 30.152392 1.569009
DYNAMIC_OBS_INFO 1 -1.750000 43.259289 1.570796 44.536588 -1.750000 102.771430 9.863689 0.554504
STATIC_OBS_INFO 0 -6.300000 69.607842 11.284218 
STATIC_OBS_INFO 1 -6.300000 62.758790 4.510135 
CRASH -5.250000 58.372582 9.500000
NO_CANDIDATE
EGO_STATUS -5.250000 58.372582 9.600000 1.570796 0.093303 4.000000 0.000000
FAIL
DYNAMIC_OBS_INFO 0 -5.750000 32.249516 1.570796 192.537543 -5.750000 250.918806 30.309293 1.569009
DYNAMIC_OBS_INFO 1 -1.750000 43.259289 1.570796 45.513434 -1.750000 103.760571 9.919139 0.554504
STATIC_OBS_INFO 0 -6.300000 69.607842 11.274928 
STATIC_OBS_INFO 1 -6.300000 62.758790 4.501062 
CRASH -5.250000 58.381912 9.600000
NO_CANDIDATE
EGO_STATUS -5.250000 58.381912 9.700000 1.570796 0.093303 4.000000 0.000000
FAIL
DYNAMIC_OBS_INFO 0 -5.750000 32.249516 1.570796 195.566977 -5.750000 253.957580 30.466194 1.569009
DYNAMIC_OBS_INFO 1 -1.750000 43.259289 1.570796 46.495934 -1.750000 104.755258 9.974590 0.554504
STATIC_OBS_INFO 0 -6.300000 69.607842 11.265638 
STATIC_OBS_INFO 1 -6.300000 62.758790 4.491990 
CRASH -5.250000 58.391242 9.700000
NO_CANDIDATE
EGO_STATUS -5.250000 58.391242 9.800000 1.570796 0.093303 4.000000 0.000000
FAIL
DYNAMIC_OBS_INFO 0 -5.750000 32.249516 1.570796 198.612102 -5.750000 257.012045 30.623095 1.569009
DYNAMIC_OBS_INFO 1 -1.750000 43.259289 1.570796 47.484083 -1.750000 105.755489 10.030040 0.554504
STATIC_OBS_INFO 0 -6.300000 69.607842 11.256349 
STATIC_OBS_INFO 1 -6.300000 62.758790 4.482918 
CRASH -5.250000 58.400573 9.800000
NO_CANDIDATE
EGO_STATUS -5.250000 58.400573 9.900000 1.570796 0.093303 4.000000 0.000000
FAIL
DYNAMIC_OBS_INFO 0 -5.750000 32.249516 1.570796 201.672916 -5.750000 260.082199 30.779996 1.569009
DYNAMIC_OBS_INFO 1 -1.750000 43.259289 1.570796 48.477874 -1.750000 106.761266 10.085490 0.554504
STATIC_OBS_INFO 0 -6.300000 69.607842 11.247059 
STATIC_OBS_INFO 1 -6.300000 62.758790 4.473848 
CRASH -5.250000 58.409903 9.900000
NO_CANDIDATE
EGO_STATUS -5.250000 58.409903 10.000000 1.570796 0.093303 4.000000 0.000000
FAIL
DYNAMIC_OBS_INFO 0 -5.750000 32.249516 1.570796 204.749421 -5.750000 263.168044 30.936897 1.569009
DYNAMIC_OBS_INFO 1 -1.750000 43.259289 1.570796 49.477303 -1.750000 107.772587 10.140941 0.554504
STATIC_OBS_INFO 0 -6.300000 69.607842 11.237769 
STATIC_OBS_INFO 1 -6.300000 62.758790 4.464779 
CRASH -5.250000 58.419233 10.000000
NO_CANDIDATE
EGO_STATUS -5.250000 58.419233 10.100000 1.570796 0.093303 4.000000 0.000000
FAIL
DYNAMIC_OBS_INFO 0 -5.750000 32.249516 1.570796 207.841617 -5.750000 266.269579 31.093797 1.569009
DYNAMIC_OBS_INFO 1 -1.750000 43.259289 1.570796 50.482366 -1.750000 108.789454 10.196391 0.554504
STATIC_OBS_INFO 0 -6.300000 69.607842 11.228480 
STATIC_OBS_INFO 1 -6.300000 62.758790 4.455711 
CRASH -5.250000 58.428564 10.100000
NO_CANDIDATE
EGO_STATUS -5.250000 58.428564 10.200000 1.570796 0.093303 4.000000 0.000000
FAIL
DYNAMIC_OBS_INFO 0 -5.750000 32.249516 1.570796 210.949502 -5.750000 269.386804 31.250698 1.569009
DYNAMIC_OBS_INFO 1 -1.750000 43.259289 1.570796 51.493057 -1.750000 109.811865 10.251841 0.554504
STATIC_OBS_INFO 0 -6.300000 69.607842 11.219191 
STATIC_OBS_INFO 1 -6.300000 62.758790 4.446644 
CRASH -5.250000 58.437894 10.200000
NO_CANDIDATE
EGO_STATUS -5.250000 58.437894 10.300000 1.570796 0.093303 4.000000 0.000000
FAIL
DYNAMIC_OBS_INFO 0 -5.750000 32.249516 1.570796 214.073078 -5.750000 272.519718 31.407599 1.569009
DYNAMIC_OBS_INFO 1 -1.750000 43.259289 1.570796 52.509373 -1.750000 110.839822 10.307292 0.554504
STATIC_OBS_INFO 0 -6.300000 69.607842 11.209901 
STATIC_OBS_INFO 1 -6.300000 62.758790 4.437578 
CRASH -5.250000 58.447224 10.300000
NO_CANDIDATE
EGO_STATUS -5.250000 58.447224 10.400000 1.570796 0.093303 4.000000 0.000000
FAIL
DYNAMIC_OBS_INFO 0 -5.750000 32.249516 1.570796 217.212344 -5.750000 275.668323 31.564500 1.569009
DYNAMIC_OBS_INFO 1 -1.750000 43.259289 1.570796 53.531311 -1.750000 111.873324 10.362742 0.554504
STATIC_OBS_INFO 0 -6.300000 69.607842 11.200612 
STATIC_OBS_INFO 1 -6.300000 62.758790 4.428513 
CRASH -5.250000 58.456555 10.400000
NO_CANDIDATE
EGO_STATUS -5.250000 58.456555 10.500000 1.570796 0.093303 4.000000 0.000000
FAIL
DYNAMIC_OBS_INFO 0 -5.750000 32.249516 1.570796 220.367301 -5.750000 278.832618 31.721401 1.569009
DYNAMIC_OBS_INFO 1 -1.750000 43.259289 1.570796 54.558865 -1.750000 112.912370 10.418192 0.554504
STATIC_OBS_INFO 0 -6.300000 69.607842 11.191323 
STATIC_OBS_INFO 1 -6.300000 62.758790 4.419449 
CRASH -5.250000 58.465885 10.500000
NO_CANDIDATE
EGO_STATUS -5.250000 58.465885 10.600000 1.570796 0.093303 4.000000 0.000000
FAIL
DYNAMIC_OBS_INFO 0 -5.750000 32.249516 1.570796 223.537948 -5.750000 282.012604 31.878302 1.569009
DYNAMIC_OBS_INFO 1 -1.750000 43.259289 1.570796 55.592034 -1.750000 113.956962 10.473643 0.554504
STATIC_OBS_INFO 0 -6.300000 69.607842 11.182034 
STATIC_OBS_INFO 1 -6.300000 62.758790 4.410387 
CRASH -5.250000 58.475215 10.600000
NO_CANDIDATE
EGO_STATUS -5.250000 58.475215 10.700000 1.570796 0.093303 4.000000 0.000000
FAIL
DYNAMIC_OBS_INFO 0 -5.750000 32.249516 1.570796 226.724285 -5.750000 285.208279 32.035203 1.569009
DYNAMIC_OBS_INFO 1 -1.750000 43.259289 1.570796 56.630814 -1.750000 115.007099 10.529093 0.554504
STATIC_OBS_INFO 0 -6.300000 69.607842 11.172745 
STATIC_OBS_INFO 1 -6.300000 62.758790 4.401325 
CRASH -5.250000 58.484546 10.700000
NO_CANDIDATE
EGO_STATUS -5.250000 58.484546 10.800000 1.570796 0.093303 4.000000 0.000000
FAIL
DYNAMIC_OBS_INFO 0 -5.750000 32.249516 1.570796 229.926312 -5.750000 288.419644 32.192104 1.569009
DYNAMIC_OBS_INFO 1 -1.750000 43.259289 1.570796 57.675201 -1.750000 116.062781 10.584544 0.554504
STATIC_OBS_INFO 0 -6.300000 69.607842 11.163456 
STATIC_OBS_INFO 1 -6.300000 62.758790 4.392265 
CRASH -5.250000 58.493876 10.800000
NO_CANDIDATE
EGO_STATUS -5.250000 58.493876 10.900000 1.570796 0.093303 4.000000 0.000000
FAIL
DYNAMIC_OBS_INFO 0 -5.750000 32.249516 1.570796 233.144030 -5.750000 291.646700 32.349004 1.569009
DYNAMIC_OBS_INFO 1 -1.750000 43.259289 1.570796 58.725194 -1.750000 117.124008 10.639994 0.554504
STATIC_OBS_INFO 0 -6.300000 69.607842 11.154167 
STATIC_OBS_INFO 1 -6.300000 62.758790 4.383206 
CRASH -5.250000 58.503206 10.900000
NO_CANDIDATE
EGO_STATUS -5.250000 58.503206 11.000000 1.570796 0.093303 4.000000 0.000000
FAIL
DYNAMIC_OBS_INFO 0 -5.750000 32.249516 1.570796 236.377437 -5.750000 294.889445 32.505905 1.569009
DYNAMIC_OBS_INFO 1 -1.750000 43.259289 1.570796 59.780789 -1.750000 118.190780 10.695444 0.554504
STATIC_OBS_INFO 0 -6.300000 69.607842 11.144878 
STATIC_OBS_INFO 1 -6.300000 62.758790 4.374148 
CRASH -5.250000 58.512537 11.000000
NO_CANDIDATE
EGO_STATUS -5.250000 58.512537 11.100000 1.570796 0.093303 4.000000 0.000000
FAIL
DYNAMIC_OBS_INFO 0 -5.750000 32.249516 1.570796 239.626535 -5.750000 298.147881 32.662806 1.569009
DYNAMIC_OBS_INFO 1 -1.750000 43.259289 1.570796 60.841984 -1.750000 119.263097 10.750895 0.554504
STATIC_OBS_INFO 0 -6.300000 69.607842 11.135589 
STATIC_OBS_INFO 1 -6.300000 62.758790 4.365091 
CRASH -5.250000 58.521867 11.100000
NO_CANDIDATE
EGO_STATUS -5.250000 58.521867 11.200000 1.570796 0.093303 4.000000 0.000000
FAIL
DYNAMIC_OBS_INFO 0 -5.750000 32.249516 1.570796 242.891324 -5.750000 301.422006 32.819707 1.569009
DYNAMIC_OBS_INFO 1 -1.750000 43.259289 1.570796 61.908776 -1.750000 120.340959 10.806345 0.554504
STATIC_OBS_INFO 0 -6.300000 69.607842 11.126300 
STATIC_OBS_INFO 1 -6.300000 62.758790 4.356035 
CRASH -5.250000 58.531197 11.200000
NO_CANDIDATE
EGO_STATUS -5.250000 58.531197 11.300000 1.570796 0.093303 4.000000 0.000000
FAIL
DYNAMIC_OBS_INFO 0 -5.750000 32.249516 1.570796 246.171802 -5.750000 304.711822 32.976608 1.569009
DYNAMIC_OBS_INFO 1 -1.750000 43.259289 1.570796 62.981165 -1.750000 121.424366 10.861795 0.554504
STATIC_OBS_INFO 0 -6.300000 69.607842 11.117012 
STATIC_OBS_INFO 1 -6.300000 62.758790 4.346980 
CRASH -5.250000 58.540527 11.300000
NO_CANDIDATE
EGO_STATUS -5.250000 58.540527 11.400000 1.570796 0.093303 4.000000 0.000000
FAIL
DYNAMIC_OBS_INFO 0 -5.750000 32.249516 1.570796 249.467971 -5.750000 308.017328 33.133509 1.569009
DYNAMIC_OBS_INFO 1 -1.750000 43.259289 1.570796 64.059146 -1.750000 122.513318 10.917246 0.554504
STATIC_OBS_INFO 0 -6.300000 69.607842 11.107723 
STATIC_OBS_INFO 1 -6.300000 62.758790 4.337927 
CRASH -5.250000 58.549858 11.400000
NO_CANDIDATE
EGO_STATUS -5.250000 58.549858 11.500000 1.570796 0.093303 4.000000 0.000000
FAIL
DYNAMIC_OBS_INFO 0 -5.750000 32.249516 1.570796 252.779830 -5.750000 311.338524 33.290410 1.569009
DYNAMIC_OBS_INFO 1 -1.750000 43.259289 1.570796 65.142719 -1.750000 123.607815 10.972696 0.554504
STATIC_OBS_INFO 0 -6.300000 69.607842 11.098435 
STATIC_OBS_INFO 1 -6.300000 62.758790 4.328875 
CRASH -5.250000 58.559188 11.500000
NO_CANDIDATE
EGO_STATUS -5.250000 58.559188 11.600000 1.570796 0.093303 4.000000 0.000000
FAIL
DYNAMIC_OBS_INFO 0 -5.750000 32.249516 1.570796 256.107380 -5.750000 314.675410 33.447311 1.569009
DYNAMIC_OBS_INFO 1 -1.750000 43.259289 1.570796 66.231881 -1.750000 124.707857 11.028147 0.554504
STATIC_OBS_INFO 0 -6.300000 69.607842 11.089146 
STATIC_OBS_INFO 1 -6.300000 62.758790 4.319823 
CRASH -5.250000 58.568518 11.600000
NO_CANDIDATE
EGO_STATUS -5.250000 58.568518 11.700000 1.570796 0.093303 4.000000 0.000000
FAIL
DYNAMIC_OBS_INFO 0 -5.750000 32.249516 1.570796 259.450619 -5.750000 318.027986 33.604212 1.569009
DYNAMIC_OBS_INFO 1 -1.750000 43.259289 1.570796 67.326631 -1.750000 125.813444 11.083597 0.554504
STATIC_OBS_INFO 0 -6.300000 69.607842 11.079858 
STATIC_OBS_INFO 1 -6.300000 62.758790 4.310774 
CRASH -5.250000 58.577849 11.700000
NO_CANDIDATE
EGO_STATUS -5.250000 58.577849 11.800000 1.570796 0.093303 4.000000 0.000000
FAIL
DYNAMIC_OBS_INFO 0 -5.750000 32.249516 1.570796 262.809549 -5.750000 321.396252 33.761112 1.569009
DYNAMIC_OBS_INFO 1 -1.750000 43.259289 1.570796 68.426967 -1.750000 126.924576 11.139047 0.554504
STATIC_OBS_INFO 0 -6.300000 69.607842 11.070569 
STATIC_OBS_INFO 1 -6.300000 62.758790 4.301725 
CRASH -5.250000 58.587179 11.800000
NO_CANDIDATE
EGO_STATUS -5.250000 58.587179 11.900000 1.570796 0.093303 4.000000 0.000000
FAIL
DYNAMIC_OBS_INFO 0 -5.750000 32.249516 1.570796 266.184169 -5.750000 324.780208 33.918013 1.569009
DYNAMIC_OBS_INFO 1 -1.750000 43.259289 1.570796 69.532888 -1.750000 128.041254 11.194498 0.554504
STATIC_OBS_INFO 0 -6.300000 69.607842 11.061281 
STATIC_OBS_INFO 1 -6.300000 62.758790 4.292677 
CRASH -5.250000 58.596509 11.900000
NO_CANDIDATE
EGO_STATUS -5.250000 58.596509 12.000000 1.570796 0.093303 4.000000 0.000000
FAIL
DYNAMIC_OBS_INFO 0 -5.750000 32.249516 1.570796 269.574479 -5.750000 328.179855 34.074914 1.569009
DYNAMIC_OBS_INFO 1 -1.750000 43.259289 1.570796 70.644391 -1.750000 129.163476 11.249948 0.554504
STATIC_OBS_INFO 0 -6.300000 69.607842 11.051993 
STATIC_OBS_INFO 1 -6.300000 62.758790 4.283631 
CRASH -5.250000 58.605840 12.000000
NO_CANDIDATE
EGO_STATUS -5.250000 58.605840 12.100000 1.570796 0.093303 4.000000 0.000000
FAIL
DYNAMIC_OBS_INFO 0 -5.750000 32.249516 1.570796 272.980479 -5.750000 331.595191 34.231815 1.569009
DYNAMIC_OBS_INFO 1 -1.750000 43.259289 1.570796 71.761476 -1.750000 130.291243 11.305398 0.554504
STATIC_OBS_INFO 0 -6.300000 69.607842 11.042705 
STATIC_OBS_INFO 1 -6.300000 62.758790 4.274586 
CRASH -5.250000 58.615170 12.100000
NO_CANDIDATE
EGO_STATUS -5.250000 58.615170 12.200000 1.570796 0.093303 4.000000 0.000000
FAIL
DYNAMIC_OBS_INFO 0 -5.750000 32.249516 1.570796 276.402170 -5.750000 335.026218 34.388716 1.569009
DYNAMIC_OBS_INFO 1 -1.750000 43.259289 1.570796 72.884141 -1.750000 131.424556 11.360849 0.554504
STATIC_OBS_INFO 0 -6.300000 69.607842 11.033417 
STATIC_OBS_INFO 1 -6.300000 62.758790 4.265542 
CRASH -5.250000 58.624500 12.200000
NO_CANDIDATE
EGO_STATUS -5.250000 58.624500 12.300000 1.570796 0.093303 4.000000 0.000000
FAIL
DYNAMIC_OBS_INFO 0 -5.750000 32.249516 1.570796 279.839550 -5.750000 338.472934 34.545617 1.569009
DYNAMIC_OBS_INFO 1 -1.750000 43.259289 1.570796 74.012385 -1.750000 132.563413 11.416299 0.554504
STATIC_OBS_INFO 0 -6.300000 69.607842 11.024129 
STATIC_OBS_INFO 1 -6.300000 62.758790 4.256500 
CRASH -5.250000 58.633831 12.300000
NO_CANDIDATE
EGO_STATUS -5.250000 58.633831 12.400000 1.570796 0.093303 4.000000 0.000000
FAIL
DYNAMIC_OBS_INFO 0 -5.750000 32.249516 1.570796 283.292621 -5.750000 341.935341 34.702518 1.569009
DYNAMIC_OBS_INFO 1 -1.750000 43.259289 1.570796 75.146206 -1.750000 133.707815 11.471750 0.554504
STATIC_OBS_INFO 0 -6.300000 69.607842 11.014841 
STATIC_OBS_INFO 1 -6.300000 62.758790 4.247458 
CRASH -5.250000 58.643161 12.400000
NO_CANDIDATE
EGO_STATUS -5.250000 58.643161 12.500000 1.570796 0.093303 4.000000 0.000000
FAIL
DYNAMIC_OBS_INFO 0 -5.750000 32.249516 1.570796 286.761383 -5.750000 345.413438 34.859419 1.569009
DYNAMIC_OBS_INFO 1 -1.750000 43.259289 1.570796 76.285604 -1.750000 134.857763 11.527200 0.554504
STATIC_OBS_INFO 0 -6.300000 69.607842 11.005553 
STATIC_OBS_INFO 1 -6.300000 62.758790 4.238418 
CRASH -5.250000 58.652491 12.500000
NO_CANDIDATE
EGO_STATUS -5.250000 58.652491 12.600000 1.570796 0.093303 4.000000 0.000000
FAIL
DYNAMIC_OBS_INFO 0 -5.750000 32.249516 1.570796 290.245834 -5.750000 348.907225 35.016319 1.569009
DYNAMIC_OBS_INFO 1 -1.750000 43.259289 1.570796 77.430577 -1.750000 136.013255 11.582650 0.554504
STATIC_OBS_INFO 0 -6.300000 69.607842 10.996266 
STATIC_OBS_INFO 1 -6.300000 62.758790 4.229379 
CRASH -5.250000 58.661822 12.600000
NO_CANDIDATE
EGO_STATUS -5.250000 58.661822 12.700000 1.570796 0.093303 4.000000 0.000000
FAIL
DYNAMIC_OBS_INFO 0 -5.750000 32.249516 1.570796 293.745975 -5.750000 352.416702 35.173220 1.569009
DYNAMIC_OBS_INFO 1 -1.750000 43.259289 1.570796 78.581125 -1.750000 137.174293 11.638101 0.554504
STATIC_OBS_INFO 0 -6.300000 69.607842 10.986978 
STATIC_OBS_INFO 1 -6.300000 62.758790 4.220342 
CRASH -5.250000 58.671152 12.700000
NO_CANDIDATE
EGO_STATUS -5.250000 58.671152 12.800000 1.570796 0.093303 4.000000 0.000000
FAIL
DYNAMIC_OBS_INFO 0 -5.750000 32.249516 1.570796 297.261807 -5.750000 355.941869 35.330121 1.569009
DYNAMIC_OBS_INFO 1 -1.750000 43.259289 1.570796 79.737245 -1.750000 138.340876 11.693551 0.554504
STATIC_OBS_INFO 0 -6.300000 69.607842 10.977690 
STATIC_OBS_INFO 1 -6.300000 62.758790 4.211305 
CRASH -5.250000 58.680482 12.800000
NO_CANDIDATE
EGO_STATUS -5.250000 58.680482 12.900000 1.570796 0.093303 4.000000 0.000000
FAIL
DYNAMIC_OBS_INFO 0 -5.750000 32.249516 1.570796 300.793329 -5.750000 359.482726 35.487022 1.569009
DYNAMIC_OBS_INFO 1 -1.750000 43.259289 1.570796 80.898938 -1.750000 139.513003 11.749001 0.554504
STATIC_OBS_INFO 0 -6.300000 69.607842 10.968403 
STATIC_OBS_INFO 1 -6.300000 62.758790 4.202270 
CRASH -5.250000 58.689813 12.900000
NO_CANDIDATE
EGO_STATUS -5.250000 58.689813 13.000000 1.570796 0.093303 4.000000 0.000000
FAIL
DYNAMIC_OBS_INFO 0 -5.750000 32.249516 1.570796 304.340541 -5.750000 363.039273 35.643923 1.569009
DYNAMIC_OBS_INFO 1 -1.750000 43.259289 1.570796 82.066202 -1.750000 140.690676 11.804452 0.554504
STATIC_OBS_INFO 0 -6.300000 69.607842 10.959115 
STATIC_OBS_INFO 1 -6.300000 62.758790 4.193237 
CRASH -5.250000 58.699143 13.000000
NO_CANDIDATE
EGO_STATUS -5.250000 58.699143 13.100000 1.570796 0.093303 4.000000 0.000000
FAIL
DYNAMIC_OBS_INFO 0 -5.750000 32.249516 1.570796 307.903443 -5.750000 366.611511 35.800824 1.569009
DYNAMIC_OBS_INFO 1 -1.750000 43.259289 1.570796 83.239036 -1.750000 141.873894 11.859902 0.554504
STATIC_OBS_INFO 0 -6.300000 69.607842 10.949828 
STATIC_OBS_INFO 1 -6.300000 62.758790 4.184204 
CRASH -5.250000 58.708473 13.100000
NO_CANDIDATE
EGO_STATUS -5.250000 58.708473 13.200000 1.570796 0.093303 4.000000 0.000000
FAIL
DYNAMIC_OBS_INFO 0 -5.750000 32.249516 1.570796 311.482036 -5.750000 370.199438 35.957725 1.569009
DYNAMIC_OBS_INFO 1 -1.750000 43.259289 1.570796 84.417440 -1.750000 143.062656 11.915353 0.554504
STATIC_OBS_INFO 0 -6.300000 69.607842 10.940541 
STATIC_OBS_INFO 1 -6.300000 62.758790 4.175173 
CRASH -5.250000 58.717804 13.200000
NO_CANDIDATE
EGO_STATUS -5.250000 58.717804 13.300000 1.570796 0.093303 4.000000 0.000000
FAIL
DYNAMIC_OBS_INFO 0 -5.750000 32.249516 1.570796 315.076318 -5.750000 373.803056 36.114626 1.569009
DYNAMIC_OBS_INFO 1 -1.750000 43.259289 1.570796 85.601413 -1.750000 144.256964 11.970803 0.554504
STATIC_OBS_INFO 0 -6.300000 69.607842 10.931254 
STATIC_OBS_INFO 1 -6.300000 62.758790 4.166143 
CRASH -5.250000 58.727134 13.300000
NO_CANDIDATE
EGO_STATUS -5.250000 58.727134 13.400000 1.570796 0.093303 4.000000 0.000000
FAIL
DYNAMIC_OBS_INFO 0 -5.750000 32.249516 1.570796 318.686291 -5.750000 377.422363 36.271526 1.569009
DYNAMIC_OBS_INFO 1 -1.750000 43.259289 1.570796 86.790953 -1.750000 145.456817 12.026253 0.554504
STATIC_OBS_INFO 0 -6.300000 69.607842 10.921966 
STATIC_OBS_INFO 1 -6.300000 62.758790 4.157115 
CRASH -5.250000 58.736464 13.400000
NO_CANDIDATE
EGO_STATUS -5.250000 58.736464 13.500000 1.570796 0.093303 4.000000 0.000000
FAIL
DYNAMIC_OBS_INFO 0 -5.750000 32.249516 1.570796 322.311954 -5.750000 381.057361 36.428427 1.569009
DYNAMIC_OBS_INFO 1 -1.750000 43.259289 1.570796 87.986061 -1.750000 146.662215 12.081704 0.554504
STATIC_OBS_INFO 0 -6.300000 69.607842 10.912679 
STATIC_OBS_INFO 1 -6.300000 62.758790 4.148088 
CRASH -5.250000 58.745795 13.500000
NO_CANDIDATE
EGO_STATUS -5.250000 58.745795 13.600000 1.570796 0.093303 4.000000 0.000000
FAIL
DYNAMIC_OBS_INFO 0 -5.750000 32.249516 1.570796 325.953307 -5.750000 384.708049 36.585328 1.569009
DYNAMIC_OBS_INFO 1 -1.750000 43.259289 1.570796 89.186735 -1.750000 147.873158 12.137154 0.554504
STATIC_OBS_INFO 0 -6.300000 69.607842 10.903392 
STATIC_OBS_INFO 1 -6.300000 62.758790 4.139062 
CRASH -5.250000 58.755125 13.600000
NO_CANDIDATE
EGO_STATUS -5.250000 58.755125 13.700000 1.570796 0.093303 4.000000 0.000000
FAIL
DYNAMIC_OBS_INFO 0 -5.750000 32.249516 1.570796 329.610351 -5.750000 388.374426 36.742229 1.569009
DYNAMIC_OBS_INFO 1 -1.750000 43.259289 1.570796 90.392975 -1.750000 149.089646 12.192604 0.554504
STATIC_OBS_INFO 0 -6.300000 69.607842 10.894106 
STATIC_OBS_INFO 1 -6.300000 62.758790 4.130037 
CRASH -5.250000 58.764455 13.700000
NO_CANDIDATE
EGO_STATUS -5.250000 58.764455 13.800000 1.570796 0.093303 4.000000 0.000000
FAIL
DYNAMIC_OBS_INFO 0 -5.750000 32.249516 1.570796 333.283084 -5.750000 392.056494 36.899130 1.569009
DYNAMIC_OBS_INFO 1 -1.750000 43.259289 1.570796 91.604781 -1.750000 150.311678 12.248055 0.554504
STATIC_OBS_INFO 0 -6.300000 69.607842 10.884819 
STATIC_OBS_INFO 1 -6.300000 62.758790 4.121014 
CRASH -5.250000 58.773785 13.800000
NO_CANDIDATE
EGO_STATUS -5.250000 58.773785 13.900000 1.570796 0.093303 4.000000 0.000000
FAIL
DYNAMIC_OBS_INFO 0 -5.750000 32.249516 1.570796 336.971508 -5.750000 395.754252 37.056031 1.569009
DYNAMIC_OBS_INFO 1 -1.750000 43.259289 1.570796 92.822151 -1.750000 151.539256 12.303505 0.554504
STATIC_OBS_INFO 0 -6.300000 69.607842 10.875532 
STATIC_OBS_INFO 1 -6.300000 62.758790 4.111993 
CRASH -5.250000 58.783116 13.900000
NO_CANDIDATE
EGO_STATUS -5.250000 58.783116 14.000000 1.570796 0.093303 4.000000 0.000000
FAIL
DYNAMIC_OBS_INFO 0 -5.750000 32.249516 1.570796 340.675621 -5.750000 399.467701 37.212932 1.569009
DYNAMIC_OBS_INFO 1 -1.750000 43.259289 1.570796 94.045084 -1.750000 152.772380 12.358956 0.554504
STATIC_OBS_INFO 0 -6.300000 69.607842 10.866245 
STATIC_OBS_INFO 1 -6.300000 62.758790 4.102972 
CRASH -5.250000 58.792446 14.000000
NO_CANDIDATE
EGO_STATUS -5.250000 58.792446 14.100000 1.570796 0.093303 4.000000 0.000000
FAIL
DYNAMIC_OBS_INFO 0 -5.750000 32.249516 1.570796 344.395425 -5.750000 403.196839 37.369833 1.569009
DYNAMIC_OBS_INFO 1 -1.750000 43.259289 1.570796 95.273581 -1.750000 154.011048 12.414406 0.554504
STATIC_OBS_INFO 0 -6.300000 69.607842 10.856959 
STATIC_OBS_INFO 1 -6.300000 62.758790 4.093953 
CRASH -5.250000 58.801776 14.100000
NO_CANDIDATE
EGO_STATUS -5.250000 58.801776 14.200000 1.570796 0.093303 4.000000 0.000000
FAIL
DYNAMIC_OBS_INFO 0 -5.750000 32.249516 1.570796 348.130919 -5.750000 406.941667 37.526733 1.569009
DYNAMIC_OBS_INFO 1 -1.750000 43.259289 1.570796 96.507641 -1.750000 155.255261 12.469856 0.554504
STATIC_OBS_INFO 0 -6.300000 69.607842 10.847672 
STATIC_OBS_INFO 1 -6.300000 62.758790 4.084936 
CRASH -5.250000 58.811107 14.200000
NO_CANDIDATE
EGO_STATUS -5.250000 58.811107 14.300000 1.570796 0.093303 4.000000 0.000000
FAIL
DYNAMIC_OBS_INFO 0 -5.750000 32.249516 1.570796 351.882104 -5.750000 410.702185 37.683634 1.569009
DYNAMIC_OBS_INFO 1 -1.750000 43.259289 1.570796 97.747263 -1.750000 156.505019 12.525307 0.554504
STATIC_OBS_INFO 0 -6.300000 69.607842 10.838386 
STATIC_OBS_INFO 1 -6.300000 62.758790 4.075920 
CRASH -5.250000 58.820437 14.300000
NO_CANDIDATE
EGO_STATUS -5.250000 58.820437 14.400000 1.570796 0.093303 4.000000 0.000000
FAIL
DYNAMIC_OBS_INFO 0 -5.750000 32.249516 1.570796 355.648978 -5.750000 414.478394 37.840535 1.569009
DYNAMIC_OBS_INFO 1 -1.750000 43.259289 1.570796 98.992447 -1.750000 157.760322 12.580757 0.554504
STATIC_OBS_INFO 0 -6.300000 69.607842 10.829099 
STATIC_OBS_INFO 1 -6.300000 62.758790 4.066905 
CRASH -5.250000 58.829767 14.400000
NO_CANDIDATE
EGO_STATUS -5.250000 58.829767 14.500000 1.570796 0.093303 4.000000 0.000000
FAIL
DYNAMIC_OBS_INFO 0 -5.750000 32.249516 1.570796 359.431543 -5.750000 418.270293 37.997436 1.569009
DYNAMIC_OBS_INFO 1 -1.750000 43.259289 1.570796 100.243193 -1.750000 159.021170 12.636207 0.554504
STATIC_OBS_INFO 0 -6.300000 69.607842 10.819813 
STATIC_OBS_INFO 1 -6.300000 62.758790 4.057892 
CRASH -5.250000 58.839098 14.500000
NO_CANDIDATE
EGO_STATUS -5.250000 58.839098 14.600000 1.570796 0.093303 4.000000 0.000000
FAIL
DYNAMIC_OBS_INFO 0 -5.750000 32.249516 1.570796 363.229797 -5.750000 422.077881 38.154337 1.569009
DYNAMIC_OBS_INFO 1 -1.750000 43.259289 1.570796 101.499499 -1.750000 160.287564 12.691658 0.554504
STATIC_OBS_INFO 0 -6.300000 69.607842 10.810527 
STATIC_OBS_INFO 1 -6.300000 62.758790 4.048880 
CRASH -5.250000 58.848428 14.600000
NO_CANDIDATE
EGO_STATUS -5.250000 58.848428 14.700000 1.570796 0.093303 4.000000 0.000000
FAIL
DYNAMIC_OBS_INFO 0 -5.750000 32.249516 1.570796 367.043742 -5.750000 425.901160 38.311238 1.569009
DYNAMIC_OBS_INFO 1 -1.750000 43.259289 1.570796 102.761365 -1.750000 161.559502 12.747108 0.554504
STATIC_OBS_INFO 0 -6.300000 69.607842 10.801240 
STATIC_OBS_INFO 1 -6.300000 62.758790 4.039870 
CRASH -5.250000 58.857758 14.700000
NO_CANDIDATE
EGO_STATUS -5.250000 58.857758 14.800000 1.570796 0.093303 4.000000 0.000000
FAIL
DYNAMIC_OBS_INFO 0 -5.750000 32.249516 1.570796 370.873377 -5.750000 429.740129 38.468139 1.569009
DYNAMIC_OBS_INFO 1 -1.750000 43.259289 1.570796 104.028791 -1.750000 162.836985 12.802559 0.554504
STATIC_OBS_INFO 0 -6.300000 69.607842 10.791954 
STATIC_OBS_INFO 1 -6.300000 62.758790 4.030861 
CRASH -5.250000 58.867089 14.800000
NO_CANDIDATE
EGO_STATUS -5.250000 58.867089 14.900000 1.570796 0.093303 4.000000 0.000000
FAIL
DYNAMIC_OBS_INFO 0 -5.750000 32.249516 1.570796 374.718702 -5.750000 433.594788 38.625040 1.569009
DYNAMIC_OBS_INFO 1 -1.750000 43.259289 1.570796 105.301777 -1.750000 164.120014 12.858009 0.554504
STATIC_OBS_INFO 0 -6.300000 69.607842 10.782668 
STATIC_OBS_INFO 1 -6.300000 62.758790 4.021853 
CRASH -5.250000 58.876419 14.900000
NO_CANDIDATE
EGO_STATUS -5.250000 58.876419 15.000000 1.570796 0.093303 4.000000 0.000000
FAIL
DYNAMIC_OBS_INFO 0 -5.750000 32.249516 1.570796 378.579717 -5.750000 437.465137 38.781940 1.569009
DYNAMIC_OBS_INFO 1 -1.750000 43.259289 1.570796 106.580321 -1.750000 165.408587 12.913459 0.554504
STATIC_OBS_INFO 0 -6.300000 69.607842 10.773382 
STATIC_OBS_INFO 1 -6.300000 62.758790 4.012847 
CRASH -5.250000 58.885749 15.000000
NO_CANDIDATE
EGO_STATUS -5.250000 58.885749 15.100000 1.570796 0.093303 4.000000 0.000000
FAIL
DYNAMIC_OBS_INFO 0 -5.750000 32.249516 1.570796 382.456423 -5.750000 441.351176 38.938841 1.569009
DYNAMIC_OBS_INFO 1 -1.750000 43.259289 1.570796 107.864425 -1.750000 166.702705 12.968910 0.554504
STATIC_OBS_INFO 0 -6.300000 69.607842 10.764097 
STATIC_OBS_INFO 1 -6.300000 62.758790 4.003843 
CRASH -5.250000 58.895080 15.100000
NO_CANDIDATE
EGO_STATUS -5.250000 58.895080 15.200000 1.570796 0.093303 4.000000 0.000000
FAIL
DYNAMIC_OBS_INFO 0 -5.750000 32.249516 1.570796 386.348818 -5.750000 445.252905 39.095742 1.569009
DYNAMIC_OBS_INFO 1 -1.750000 43.259289 1.570796 109.154087 -1.750000 168.002369 13.024360 0.554504
STATIC_OBS_INFO 0 -6.300000 69.607842 10.754811 
STATIC_OBS_INFO 1 -6.300000 62.758790 3.994840 
CRASH -5.250000 58.904410 15.200000
NO_CANDIDATE
EGO_STATUS -5.250000 58.904410 15.300000 1.570796 0.093303 4.000000 0.000000
FAIL
DYNAMIC_OBS_INFO 0 -5.750000 32.249516 1.570796 390.256904 -5.750000 449.170324 39.252643 1.569009
DYNAMIC_OBS_INFO 1 -1.750000 43.259289 1.570796 110.449306 -1.750000 169.307577 13.079810 0.554504
STATIC_OBS_INFO 0 -6.300000 69.607842 10.745525 
STATIC_OBS_INFO 1 -6.300000 62.758790 3.985838 
CRASH -5.250000 58.913740 15.300000
NO_CANDIDATE
EGO_STATUS -5.250000 58.913740 15.400000 1.570796 0.093303 4.000000 0.000000
FAIL
DYNAMIC_OBS_INFO 0 -5.750000 32.249516 1.570796 394.180680 -5.750000 453.103433 39.409544 1.569009
DYNAMIC_OBS_INFO 1 -1.750000 43.259289 1.570796 111.750084 -1.750000 170.618331 13.135261 0.554504
STATIC_OBS_INFO 0 -6.300000 69.607842 10.736239 
STATIC_OBS_INFO 1 -6.300000 62.758790 3.976838 
CRASH -5.250000 58.923071 15.400000
NO_CANDIDATE
EGO_STATUS -5.250000 58.923071 15.500000 1.570796 0.093303 4.000000 0.000000
FAIL
DYNAMIC_OBS_INFO 0 -5.750000 32.249516 1.570796 398.120146 -5.750000 457.052233 39.566445 1.569009
DYNAMIC_OBS_INFO 1 -1.750000 43.259289 1.570796 113.056418 -1.750000 171.934630 13.190711 0.554504
STATIC_OBS_INFO 0 -6.300000 69.607842 10.726954 
STATIC_OBS_INFO 1 -6.300000 62.758790 3.967840 
CRASH -5.250000 58.932401 15.500000
NO_CANDIDATE
EGO_STATUS -5.250000 58.932401 15.600000 1.570796 0.093303 4.000000 0.000000
FAIL
DYNAMIC_OBS_INFO 0 -5.750000 32.249516 1.570796 402.075302 -5.750000 461.016722 39.723346 1.569009
DYNAMIC_OBS_INFO 1 -1.750000 43.259289 1.570796 114.368309 -1.750000 173.256473 13.246162 0.554504
STATIC_OBS_INFO 0 -6.300000 69.607842 10.717668 
STATIC_OBS_INFO 1 -6.300000 62.758790 3.958843 
CRASH -5.250000 58.941731 15.600000
NO_CANDIDATE
EGO_STATUS -5.250000 58.941731 15.700000 1.570796 0.093303 4.000000 0.000000
FAIL
DYNAMIC_OBS_INFO 0 -5.750000 32.249516 1.570796 406.046148 -5.750000 464.996902 39.880247 1.569009
DYNAMIC_OBS_INFO 1 -1.750000 43.259289 1.570796 115.685758 -1.750000 174.583862 13.301612 0.554504
STATIC_OBS_INFO 0 -6.300000 69.607842 10.708383 
STATIC_OBS_INFO 1 -6.300000 62.758790 3.949847 
CRASH -5.250000 58.951062 15.700000
NO_CANDIDATE
EGO_STATUS -5.250000 58.951062 15.800000 1.570796 0.093303 4.000000 0.000000
FAIL
DYNAMIC_OBS_INFO 0 -5.750000 32.249516 1.570796 410.032685 -5.750000 468.992772 40.037147 1.569009
DYNAMIC_OBS_INFO 1 -1.750000 43.259289 1.570796 117.008762 -1.750000 175.916796 13.357062 0.554504
STATIC_OBS_INFO 0 -6.300000 69.607842 10.699098 
STATIC_OBS_INFO 1 -6.300000 62.758790 3.940854 
CRASH -5.250000 58.960392 15.800000
NO_CANDIDATE
EGO_STATUS -5.250000 58.960392 15.900000 1.570796 0.093303 4.000000 0.000000
FAIL
DYNAMIC_OBS_INFO 0 -5.750000 32.249516 1.570796 414.034911 -5.750000 473.004332 40.194048 1.569009
DYNAMIC_OBS_INFO 1 -1.750000 43.259289 1.570796 118.337322 -1.750000 177.255274 13.412513 0.554504
STATIC_OBS_INFO 0 -6.300000 69.607842 10.689812 
STATIC_OBS_INFO 1 -6.300000 62.758790 3.931861 
CRASH -5.250000 58.969722 15.900000
NO_CANDIDATE
EGO_STATUS -5.250000 58.969722 16.000000 1.570796 0.093303 4.000000 0.000000
FAIL
DYNAMIC_OBS_INFO 0 -5.750000 32.249516 1.570796 418.052828 -5.750000 477.031581 40.350949 1.569009
DYNAMIC_OBS_INFO 1 -1.750000 43.259289 1.570796 119.671438 -1.750000 178.599298 13.467963 0.554504
STATIC_OBS_INFO 0 -6.300000 69.607842 10.680527 
STATIC_OBS_INFO 1 -6.300000 62.758790 3.922871 
CRASH -5.250000 58.979053 16.000000
NO_CANDIDATE
EGO_STATUS -5.250000 58.979053 16.100000 1.570796 0.093303 4.000000 0.000000
FAIL
DYNAMIC_OBS_INFO 0 -5.750000 32.249516 1.570796 422.086435 -5.750000 481.074521 40.507850 1.569009
DYNAMIC_OBS_INFO 1 -1.750000 43.259289 1.570796 121.011110 -1.750000 179.948867 13.523413 0.554504
STATIC_OBS_INFO 0 -6.300000 69.607842 10.671242 
STATIC_OBS_INFO 1 -6.300000 62.758790 3.913882 
CRASH -5.250000 58.988383 16.100000
NO_CANDIDATE
EGO_STATUS -5.250000 58.988383 16.200000 1.570796 0.093303 4.000000 0.000000
FAIL
DYNAMIC_OBS_INFO 0 -5.750000 32.249516 1.570796 426.135732 -5.750000 485.133151 40.664751 1.569009
DYNAMIC_OBS_INFO 1 -1.750000 43.259289 1.570796 122.356337 -1.750000 181.303981 13.578864 0.554504
STATIC_OBS_INFO 0 -6.300000 69.607842 10.661957 
STATIC_OBS_INFO 1 -6.300000 62.758790 3.904894 
CRASH -5.250000 58.997713 16.200000
NO_CANDIDATE
EGO_STATUS -5.250000 58.997713 16.300000 1.570796 0.093303 4.000000 0.000000
FAIL
DYNAMIC_OBS_INFO 0 -5.750000 32.249516 1.570796 430.200719 -5.750000 489.207472 40.821652 1.569009
DYNAMIC_OBS_INFO 1 -1.750000 43.259289 1.570796 123.707118 -1.750000 182.664640 13.634314 0.554504
STATIC_OBS_INFO 0 -6.300000 69.607842 10.652672 
STATIC_OBS_INFO 1 -6.300000 62.758790 3.895908 
CRASH -5.250000 59.007044 16.300000
NO_CANDIDATE
EGO_STATUS -5.250000 59.007044 16.400000 1.570796 0.093303 4.000000 0.000000
FAIL
DYNAMIC_OBS_INFO 0 -5.750000 32.249516 1.570796 434.281396 -5.750000 493.297482 40.978553 1.569009
DYNAMIC_OBS_INFO 1 -1.750000 43.259289 1.570796 125.063454 -1.750000 184.030844 13.689765 0.554504
STATIC_OBS_INFO 0 -6.300000 69.607842 10.643387 
STATIC_OBS_INFO 1 -6.300000 62.758790 3.886924 
CRASH -5.250000 59.016374 16.400000
NO_CANDIDATE
EGO_STATUS -5.250000 59.016374 16.500000 1.570796 0.093303 4.000000 0.000000
FAIL
DYNAMIC_OBS_INFO 0 -5.750000 32.249516 1.570796 438.377763 -5.750000 497.403182 41.135454 1.569009
DYNAMIC_OBS_INFO 1 -1.750000 43.259289 1.570796 126.425345 -1.750000 185.402593 13.745215 0.554504
STATIC_OBS_INFO 0 -6.300000 69.607842 10.634103 
STATIC_OBS_INFO 1 -6.300000 62.758790 3.877941 
CRASH -5.250000 59.025704 16.500000
NO_CANDIDATE
EGO_STATUS -5.250000 59.025704 16.600000 1.570796 0.093303 4.000000 0.000000
FAIL
DYNAMIC_OBS_INFO 0 -5.750000 32.249516 1.570796 442.489820 -5.750000 501.524572 41.292354 1.569009
DYNAMIC_OBS_INFO 1 -1.750000 43.259289 1.570796 127.792790 -1.750000 186.779887 13.800665 0.554504
STATIC_OBS_INFO 0 -6.300000 69.607842 10.624818 
STATIC_OBS_INFO 1 -6.300000 62.758790 3.868960 
CRASH -5.250000 59.035034 16.600000
NO_CANDIDATE
EGO_STATUS -5.250000 59.035034 16.700000 1.570796 0.093303 4.000000 0.000000
FAIL
DYNAMIC_OBS_INFO 0 -5.750000 32.249516 1.570796 446.617568 -5.750000 505.661653 41.449255 1.569009
DYNAMIC_OBS_INFO 1 -1.750000 43.259289 1.570796 129.165789 -1.750000 188.162726 13.856116 0.554504
STATIC_OBS_INFO 0 -6.300000 69.607842 10.615533 
STATIC_OBS_INFO 1 -6.300000 62.758790 3.859981 
CRASH -5.250000 59.044365 16.700000
NO_CANDIDATE
EGO_STATUS -5.250000 59.044365 16.800000 1.570796 0.093303 4.000000 0.000000
FAIL
DYNAMIC_OBS_INFO 0 -5.750000 32.249516 1.570796 450.761006 -5.750000 509.814424 41.606156 1.569009
DYNAMIC_OBS_INFO 1 -1.750000 43.259289 1.570796 130.544342 -1.750000 189.551110 13.911566 0.554504
STATIC_OBS_INFO 0 -6.300000 69.607842 10.606249 
STATIC_OBS_INFO 1 -6.300000 62.758790 3.851003 
CRASH -5.250000 59.053695 16.800000
NO_CANDIDATE
EGO_STATUS -5.250000 59.053695 16.900000 1.570796 0.093303 4.000000 0.000000
FAIL
DYNAMIC_OBS_INFO 0 -5.750000 32.249516 1.570796 454.920133 -5.750000 513.982884 41.763057 1.569009
DYNAMIC_OBS_INFO 1 -1.750000 43.259289 1.570796 131.928448 -1.750000 190.945039 13.967016 0.554504
STATIC_OBS_INFO 0 -6.300000 69.607842 10.596964 
STATIC_OBS_INFO 1 -6.300000 62.758790 3.842027 
CRASH -5.250000 59.063025 16.900000
NO_CANDIDATE
EGO_STATUS -5.250000 59.063025 17.000000 1.570796 0.093303 4.000000 0.000000
FAIL
DYNAMIC_OBS_INFO 0 -5.750000 32.249516 1.570796 459.094951 -5.750000 518.167035 41.919958 1.569009
DYNAMIC_OBS_INFO 1 -1.750000 43.259289 1.570796 133.318108 -1.750000 192.344513 14.022467 0.554504
STATIC_OBS_INFO 0 -6.300000 69.607842 10.587680 
STATIC_OBS_INFO 1 -6.300000 62.758790 3.833053 
CRASH -5.250000 59.072356 17.000000
NO_CANDIDATE
EGO_STATUS -5.250000 59.072356 17.100000 1.570796 0.093303 4.000000 0.000000
FAIL
DYNAMIC_OBS_INFO 0 -5.750000 32.249516 1.570796 463.285459 -5.750000 522.366876 42.076859 1.569009
DYNAMIC_OBS_INFO 1 -1.750000 43.259289 1.570796 134.713321 -1.750000 193.749532 14.077917 0.554504
STATIC_OBS_INFO 0 -6.300000 69.607842 10.578396 
STATIC_OBS_INFO 1 -6.300000 62.758790 3.824081 
CRASH -5.250000 59.081686 17.100000
NO_CANDIDATE
EGO_STATUS -5.250000 59.081686 17.200000 1.570796 0.093303 4.000000 0.000000
FAIL
DYNAMIC_OBS_INFO 0 -5.750000 32.249516 1.570796 467.491658 -5.750000 526.582407 42.233760 1.569009
DYNAMIC_OBS_INFO 1 -1.750000 43.259289 1.570796 136.114086 -1.750000 195.160096 14.133368 0.554504
STATIC_OBS_INFO 0 -6.300000 69.607842 10.569111 
STATIC_OBS_INFO 1 -6.300000 62.758790 3.815110 
CRASH -5.250000 59.091016 17.200000
NO_CANDIDATE
EGO_STATUS -5.250000 59.091016 17.300000 1.570796 0.093303 4.000000 0.000000
FAIL
DYNAMIC_OBS_INFO 0 -5.750000 32.249516 1.570796 471.713546 -5.750000 530.813628 42.390661 1.569009
DYNAMIC_OBS_INFO 1 -1.750000 43.259289 1.570796 137.520405 -1.750000 196.576206 14.188818 0.554504
STATIC_OBS_INFO 0 -6.300000 69.607842 10.559827 
STATIC_OBS_INFO 1 -6.300000 62.758790 3.806141 
CRASH -5.250000 59.100347 17.300000
NO_CANDIDATE
EGO_STATUS -5.250000 59.100347 17.400000 1.570796 0.093303 4.000000 0.000000
FAIL
DYNAMIC_OBS_INFO 0 -5.750000 32.249516 1.570796 475.951124 -5.750000 535.060539 42.547561 1.569009
DYNAMIC_OBS_INFO 1 -1.750000 43.259289 1.570796 138.932276 -1.750000 197.997860 14.244268 0.554504
STATIC_OBS_INFO 0 -6.300000 69.607842 10.550543 
STATIC_OBS_INFO 1 -6.300000 62.758790 3.797173 
CRASH -5.250000 59.109677 17.400000
TIMEOUT
