STATIC_OBS_INIT_INFO 0 -6.300000 78.313948
STATIC_OBS_INIT_INFO 1 -6.300000 62.743285
Parent: -28.786696 10.000000 101.000000 0.000000 15.150000 17.571944 -10.000000 2.141359 40.000000 0.000000 0 0 0 0 0 0 0 0
Child: 17.571944 24.246973 244.000000 11.959563 265.500000 0.000000 -10.000000 0.000000 0.000000 0.000000 0 0 0 0 0 0 0 0
EGO_STATUS -5.750000 13.761860 0.000000 1.570796 15.993100 4.000000 0.000000
DYNAMIC_OBS_INFO 0 -5.750000 31.219609 1.570796 15.858440 -5.750000 31.219609 15.667565 1.579210
DYNAMIC_OBS_INFO 1 -1.750000 37.142203 1.570796 22.145277 -1.750000 37.142203 9.608024 2.402845
STATIC_OBS_INFO 0 -6.300000 78.313948 62.955181 
STATIC_OBS_INFO 1 -6.300000 62.743285 47.385307 
Parent: 31.036210 10.000000 102.000000 0.000000 815.300000 6.438208 -10.000000 2.666629 48.000000 0.000000 0 0 0 0 0 0 0 0
Child: 6.438208 10.000000 101.000000 0.000000 15.150000 14.938208 -10.000000 0.000000 0.000000 0.000000 0 0 0 0 0 0 0 0
Child: 14.938208 22.647662 228.000000 11.959531 239.100000 0.000000 -10.000000 0.000000 0.000000 0.000000 0 0 0 0 0 0 0 0
EGO_STATUS -5.749988 15.361170 0.100000 1.570761 15.993100 4.000000 0.000000
DYNAMIC_OBS_INFO 0 -5.750000 31.219609 1.570796 15.833782 -5.750000 32.794262 15.825486 1.579210
DYNAMIC_OBS_INFO 1 -1.750000 37.142203 1.570796 20.574238 -1.750000 37.142203 9.608024 2.402845
STATIC_OBS_INFO 0 -6.300000 78.313948 61.355936 
STATIC_OBS_INFO 1 -6.300000 62.743285 45.786112 
Parent: 29.303251 10.000000 102.000000 0.000000 815.300000 3.805250 -10.000000 2.566629 47.000000 0.000000 0 0 0 0 0 0 0 0
Child: 3.805250 10.000000 101.000000 0.000000 15.150000 12.305250 -10.000000 0.000000 0.000000 0.000000 0 0 0 0 0 0 0 0
Child: 12.305250 21.048353 212.000000 11.959531 212.700000 0.000000 -10.000000 0.000000 0.000000 0.000000 0 0 0 0 0 0 0 0
EGO_STATUS -5.749667 16.960480 0.200000 1.570302 15.993100 4.000000 0.000000
DYNAMIC_OBS_INFO 0 -5.750000 31.219609 1.570796 15.824918 -5.750000 34.384707 15.983407 1.579210
DYNAMIC_OBS_INFO 1 -1.750000 37.142203 1.570796 19.007586 -1.750000 37.142203 9.608024 2.402845
STATIC_OBS_INFO 0 -6.300000 78.313948 59.756711 
STATIC_OBS_INFO 1 -6.300000 62.743285 44.186947 
Parent: 28.571261 10.000000 102.000000 0.000000 815.300000 1.173259 -10.000000 2.466629 45.000000 0.000000 0 0 0 0 0 0 0 0
Child: 1.173259 10.000000 101.000000 0.000000 15.150000 9.673259 -10.000000 0.000000 0.000000 0.000000 0 0 0 0 0 0 0 0
Child: 9.673259 19.449043 196.000000 11.959566 186.300000 0.000000 -10.000000 0.000000 0.000000 0.000000 0 0 0 0 0 0 0 0
EGO_STATUS -5.747774 18.559788 0.300000 1.568660 15.993100 4.000000 0.000000
DYNAMIC_OBS_INFO 0 -5.750000 31.219609 1.570796 15.831859 -5.750000 35.990944 16.141328 1.579210
DYNAMIC_OBS_INFO 1 -1.750000 37.142203 1.570796 17.445938 -1.750000 37.142203 9.608024 2.402845
STATIC_OBS_INFO 0 -6.300000 78.313948 58.157540 
STATIC_OBS_INFO 1 -6.300000 62.743285 42.587856 
Parent: 27.840494 10.000000 102.000000 0.000000 815.300000 -1.457507 -10.000000 2.366629 43.000000 0.000000 0 0 0 0 0 0 0 0
Child: -1.457507 10.000000 101.000000 0.000000 15.150000 7.042493 -10.000000 0.000000 0.000000 0.000000 0 0 0 0 0 0 0 0
Child: 7.042493 17.849733 180.000000 11.959637 159.900000 0.000000 -10.000000 0.000000 0.000000 0.000000 0 0 0 0 0 0 0 0
EGO_STATUS -5.741807 20.159087 0.400000 1.565109 15.993100 4.000000 0.000000
DYNAMIC_OBS_INFO 0 -5.750000 31.219609 1.570796 15.854649 -5.750000 37.612972 16.299249 1.579210
DYNAMIC_OBS_INFO 1 -1.750000 37.142203 1.570796 15.889955 -1.750000 37.142203 9.608024 2.402845
STATIC_OBS_INFO 0 -6.300000 78.313948 56.558499 
STATIC_OBS_INFO 1 -6.300000 62.743285 40.988933 
Parent: 26.111310 10.000000 102.000000 0.000000 815.300000 -4.086692 -10.000000 2.266629 42.000000 0.000000 0 0 0 0 0 0 0 0
Child: -4.086692 10.000000 101.000000 0.000000 15.150000 4.413308 -10.000000 0.000000 0.000000 0.000000 0 0 0 0 0 0 0 0
Child: 4.413308 16.250424 164.000000 11.959749 133.500000 0.000000 -10.000000 0.000000 0.000000 0.000000 0 0 0 0 0 0 0 0
EGO_STATUS -5.728361 21.758338 0.500000 1.559289 15.993100 4.000000 0.000000
DYNAMIC_OBS_INFO 0 -5.750000 31.219609 1.570796 15.893404 -5.750000 39.250793 16.457170 1.579210
DYNAMIC_OBS_INFO 1 -1.750000 37.142203 1.570796 14.340587 -1.750000 37.142203 9.608024 2.402845
STATIC_OBS_INFO 0 -6.300000 78.313948 54.959725 
STATIC_OBS_INFO 1 -6.300000 62.743285 39.390339 
Parent: 25.384219 10.000000 102.000000 0.000000 815.300000 -6.713782 -10.000000 2.166629 40.000000 0.000000 0 0 0 0 0 0 0 0
Child: -6.713782 10.000000 101.000000 0.000000 15.150000 1.786218 -10.000000 0.000000 0.000000 0.000000 0 0 0 0 0 0 0 0
Child: 1.786218 14.651114 148.000000 11.959898 107.100000 0.000000 -10.000000 0.000000 0.000000 0.000000 0 0 0 0 0 0 0 0
EGO_STATUS -5.703883 23.357456 0.600000 1.551400 15.993100 4.000000 0.000000
DYNAMIC_OBS_INFO 0 -5.750000 31.219609 1.570796 15.948326 -5.750000 40.904406 16.615091 1.579210
DYNAMIC_OBS_INFO 1 -1.750000 37.142203 1.570796 12.799550 -1.750000 37.142203 9.608024 2.402845
STATIC_OBS_INFO 0 -6.300000 78.313948 53.361415 
STATIC_OBS_INFO 1 -6.300000 62.743285 37.792305 
Parent: 269.353339 30.290952 304.000000 11.320889 3032.100000 11.108089 0.000000 3.994868 49.000000 0.000000 0 0 0 0 0 0 0 0
Child: 11.108089 13.051805 132.000000 27.442149 84.900000 0.000000 0.000000 0.000000 0.000000 0.000000 0 0 0 1 0 0 0 0
EGO_STATUS -5.665655 24.956304 0.700000 1.542279 15.993100 4.000000 0.000000
DYNAMIC_OBS_INFO 0 -5.750000 31.219609 1.570796 16.049061 -5.750000 42.573812 16.773012 1.579210
DYNAMIC_OBS_INFO 1 -1.750000 37.142203 1.570796 11.298118 -1.750000 37.142203 9.608024 2.402845
STATIC_OBS_INFO 0 -6.300000 78.313948 51.793165 
STATIC_OBS_INFO 1 -6.300000 62.743285 36.224455 
Parent: 259.040580 30.290952 304.000000 11.320855 3032.100000 -1.104673 0.000000 3.894875 47.000000 0.000000 0 0 0 0 0 0 0 0
Child: -1.104673 11.481921 116.000000 26.568061 63.300000 0.000000 -10.000000 0.000000 0.000000 0.000000 0 0 0 1 0 0 0 0
EGO_STATUS -5.613865 26.525328 0.800000 1.533493 15.405100 1.000000 -5.880000
DYNAMIC_OBS_INFO 0 -5.750000 31.219609 1.570796 16.225055 -5.750000 44.259009 16.930933 1.579210
DYNAMIC_OBS_INFO 1 -1.750000 37.142203 1.570796 9.868859 -1.750000 37.142203 9.608024 2.402845
STATIC_OBS_INFO 0 -6.300000 78.313948 50.284350 
STATIC_OBS_INFO 1 -6.300000 62.743285 34.716181 
Parent: 259.243816 30.290952 304.000000 11.320837 3032.100000 -2.801439 0.000000 3.794879 45.000000 0.000000 0 0 0 0 0 0 0 0
Child: -2.801439 9.970824 101.000000 26.568210 46.350000 0.000000 -10.000000 0.000000 0.000000 0.000000 0 0 0 1 0 0 0 0
EGO_STATUS -5.552125 28.035160 0.900000 1.526789 14.817100 1.000000 -5.880000
DYNAMIC_OBS_INFO 0 -5.750000 31.219609 1.570796 16.476225 -5.750000 45.959998 17.088854 1.579210
DYNAMIC_OBS_INFO 1 -1.750000 37.142203 1.570796 8.518922 -1.750000 37.142203 9.608024 2.402845
STATIC_OBS_INFO 0 -6.300000 78.313948 48.834845 
STATIC_OBS_INFO 1 -6.300000 62.743285 33.267362 
Parent: 258.704341 30.290952 304.000000 11.320790 3032.100000 -4.240919 0.000000 3.694888 44.000000 0.000000 0 0 0 0 0 0 0 0
Child: -4.240919 8.518550 87.000000 26.567525 32.250000 0.000000 -10.000000 0.000000 0.000000 0.000000 0 0 0 1 0 0 0 0
EGO_STATUS -5.485376 29.485898 1.000000 1.523474 14.229100 1.000000 -5.880000
DYNAMIC_OBS_INFO 0 -5.750000 31.219609 1.570796 16.802188 -5.750000 47.676780 17.246775 1.579210
DYNAMIC_OBS_INFO 1 -1.750000 37.142203 1.570796 7.260006 -1.750000 37.142203 9.608024 2.402845
STATIC_OBS_INFO 0 -6.300000 78.313948 47.444276 
STATIC_OBS_INFO 1 -6.300000 62.743285 31.877604 
Parent: 258.561153 30.290952 304.000000 11.320778 3032.100000 -5.284108 0.000000 3.594891 43.000000 0.000000 0 0 0 0 0 0 0 0
Child: -5.284108 7.125050 73.000000 26.566874 21.750000 0.000000 -10.000000 0.000000 0.000000 0.000000 0 0 0 1 0 0 0 0
EGO_STATUS -5.419533 30.877842 1.100000 1.524304 13.641100 1.000000 -5.880000
DYNAMIC_OBS_INFO 0 -5.750000 31.219609 1.570796 17.202565 -5.750000 49.409353 17.404697 1.579210
DYNAMIC_OBS_INFO 1 -1.750000 37.142203 1.570796 6.111444 -1.750000 37.142203 9.608024 2.402845
STATIC_OBS_INFO 0 -6.300000 78.313948 46.112321 
STATIC_OBS_INFO 1 -6.300000 62.743285 30.546538 
Parent: 259.721351 30.290952 304.000000 11.320728 3032.100000 -6.023916 0.000000 3.494902 41.000000 0.000000 0 0 0 0 0 0 0 0
Child: -6.023916 5.790378 59.000000 26.563585 13.950000 0.000000 -10.000000 0.000000 0.000000 0.000000 0 0 0 1 0 0 0 0
EGO_STATUS -5.360398 32.211201 1.200000 1.529338 13.053100 1.000000 -5.880000
DYNAMIC_OBS_INFO 0 -5.750000 31.219609 1.570796 17.676954 -5.750000 51.157719 17.562618 1.579210
DYNAMIC_OBS_INFO 1 -1.750000 37.142203 1.570796 5.104774 -1.750000 37.142203 9.608024 2.402845
STATIC_OBS_INFO 0 -6.300000 78.313948 44.838644 
STATIC_OBS_INFO 1 -6.300000 62.743285 29.273764 
Parent: 34.916405 10.000000 102.000000 0.000000 815.300000 -6.981619 -10.000000 1.966651 30.000000 0.000000 0 0 0 0 0 0 0 0
Child: -6.981619 10.000000 101.000000 0.000000 15.150000 1.518381 -10.000000 0.000000 0.000000 0.000000 0 0 0 0 0 0 0 0
Child: 1.518381 4.514503 47.000000 7.257701 8.550000 0.000000 0.000000 0.000000 0.000000 0.000000 0 0 0 0 0 0 0 0
EGO_STATUS -5.312611 33.486177 1.300000 1.537866 12.465100 1.000000 -5.880000
DYNAMIC_OBS_INFO 0 -5.750000 31.219609 1.570796 18.195790 -5.750000 52.921877 17.720539 1.579210
DYNAMIC_OBS_INFO 1 -1.750000 37.142203 1.570796 4.272718 -1.750000 37.142203 9.608024 2.402845
STATIC_OBS_INFO 0 -6.300000 78.313948 43.593720 
STATIC_OBS_INFO 1 -6.300000 62.743285 28.029711 
Parent: 246.525713 20.972423 211.000000 13.342807 2865.150000 -5.332049 0.000000 4.748899 39.000000 0.000000 0 0 0 0 0 0 0 0
Child: -5.332049 10.000000 101.000000 20.000000 15.150000 -8.812247 0.000000 0.000000 0.000000 0.000000 0 0 0 1 0 0 0 0
Child: -8.812247 3.267993 34.000000 7.257314 5.100000 0.000000 -10.000000 0.000000 0.000000 0.000000 0 0 0 0 0 0 0 0
EGO_STATUS -5.278177 34.732205 1.400000 1.548740 12.465100 4.000000 0.000000
DYNAMIC_OBS_INFO 0 -5.750000 31.219609 1.570796 18.729749 -5.750000 54.701827 17.878460 1.579210
DYNAMIC_OBS_INFO 1 -1.750000 37.142203 1.570796 3.695862 -1.750000 37.142203 9.608024 2.402845
STATIC_OBS_INFO 0 -6.300000 78.313948 42.348229 
STATIC_OBS_INFO 1 -6.300000 62.743285 26.785021 
Parent: 247.154454 20.972423 211.000000 13.342807 2865.150000 -5.603307 0.000000 4.648899 38.000000 0.000000 0 0 0 0 0 0 0 0
Child: -5.603307 10.000000 101.000000 20.000000 15.150000 -9.083505 0.000000 0.000000 0.000000 0.000000 0 0 0 1 0 0 0 0
Child: -9.083505 2.021483 22.000000 6.674303 3.300000 0.000000 -10.000000 0.000000 0.000000 0.000000 0 0 0 0 0 0 0 0
EGO_STATUS -5.257891 35.978543 1.500000 1.560145 12.465100 4.000000 0.000000
DYNAMIC_OBS_INFO 0 -5.750000 31.219609 1.570796 19.279012 -5.750000 56.497569 18.036381 1.579210
DYNAMIC_OBS_INFO 1 -1.750000 37.142203 1.570796 3.501510 -1.750000 37.142203 9.608024 2.402845
STATIC_OBS_INFO 0 -6.300000 78.313948 41.102321 
STATIC_OBS_INFO 1 -6.300000 62.743285 25.539828 
Parent: 248.568722 20.972423 211.000000 13.342807 2865.150000 -6.089039 0.000000 4.548899 36.000000 0.000000 0 0 0 0 0 0 0 0
Child: -6.089039 10.000000 101.000000 20.000000 15.150000 -9.569237 0.000000 0.000000 0.000000 0.000000 0 0 0 1 0 0 0 0
Child: -9.569237 0.774973 9.000000 3.652582 1.350000 0.000000 -10.000000 0.000000 0.000000 0.000000 0 0 0 0 0 0 0 0
EGO_STATUS -5.250530 37.225028 1.600000 1.568824 12.465100 4.000000 0.000000
DYNAMIC_OBS_INFO 0 -5.750000 31.219609 1.570796 19.848115 -5.750000 58.309103 18.194302 1.579210
DYNAMIC_OBS_INFO 1 -1.750000 37.142203 1.570796 3.742439 -1.750000 37.142203 9.608024 2.402845
STATIC_OBS_INFO 0 -6.300000 78.313948 39.860493 
STATIC_OBS_INFO 1 -6.300000 62.743285 24.298695 
Parent: 402.732788 29.887503 300.000000 23.911748 4421.300000 0.000000 -10.000000 4.878530 35.000000 0.000000 0 0 0 1 0 0 0 0
EGO_STATUS -5.250000 38.467287 1.700000 1.570796 12.242668 1.000000 -5.880000
DYNAMIC_OBS_INFO 0 -5.750000 31.219609 1.570796 20.480390 -5.750000 60.136429 18.352223 1.579210
DYNAMIC_OBS_INFO 1 -1.750000 37.142203 1.570796 4.312778 -1.750000 37.142203 9.608024 2.402845
STATIC_OBS_INFO 0 -6.300000 78.313948 38.666064 
STATIC_OBS_INFO 1 -6.300000 62.743285 23.105012 
Parent: 393.551943 28.692639 288.000000 23.911655 4318.600000 0.000000 -10.000000 4.919581 34.000000 0.000000 0 0 0 1 0 0 0 0
EGO_STATUS -5.249993 39.662143 1.800000 1.570767 11.654668 1.000000 -5.880000
DYNAMIC_OBS_INFO 0 -5.750000 31.219609 1.570796 21.187298 -5.750000 61.979548 18.510144 1.579210
DYNAMIC_OBS_INFO 1 -1.750000 37.142203 1.570796 4.409977 -1.750000 38.115019 9.848309 2.402845
STATIC_OBS_INFO 0 -6.300000 78.313948 37.530489 
STATIC_OBS_INFO 1 -6.300000 62.743285 21.970244 
Parent: 404.121319 27.556622 277.000000 23.912022 4420.550000 0.000000 -10.000000 4.975616 33.000000 0.000000 0 0 0 1 0 0 0 0
EGO_STATUS -5.249812 40.798155 1.900000 1.570406 11.066668 1.000000 -5.880000
DYNAMIC_OBS_INFO 0 -5.750000 31.219609 1.570796 21.968801 -5.750000 63.838458 18.668065 1.579210
DYNAMIC_OBS_INFO 1 -1.750000 37.142203 1.570796 4.458560 -1.750000 39.111865 10.088593 2.402845
STATIC_OBS_INFO 0 -6.300000 78.313948 36.453733 
STATIC_OBS_INFO 1 -6.300000 62.743285 20.894369 
Parent: 44.908015 16.125989 163.000000 21.847904 724.450000 0.000000 -10.000000 3.074936 22.000000 0.000000 0 0 0 1 0 0 0 0
EGO_STATUS -5.248825 41.875374 2.000000 1.569149 10.478668 1.000000 -5.880000
DYNAMIC_OBS_INFO 0 -5.750000 31.219609 1.570796 22.824936 -5.750000 65.713160 18.825986 1.579210
DYNAMIC_OBS_INFO 1 -1.750000 37.142203 1.570796 4.454776 -1.750000 40.132738 10.328878 2.402845
STATIC_OBS_INFO 0 -6.300000 78.313948 35.435837 
STATIC_OBS_INFO 1 -6.300000 62.743285 19.877460 
Parent: 45.594821 15.107567 153.000000 21.847488 722.950000 0.000000 -10.000000 3.051828 21.000000 0.000000 0 0 0 1 0 0 0 0
EGO_STATUS -5.245942 42.893791 2.100000 1.566527 9.890668 1.000000 -5.880000
DYNAMIC_OBS_INFO 0 -5.750000 31.219609 1.570796 23.755769 -5.750000 67.603655 18.983907 1.579210
DYNAMIC_OBS_INFO 1 -1.750000 37.142203 1.570796 4.397781 -1.750000 41.177640 10.569162 2.402845
STATIC_OBS_INFO 0 -6.300000 78.313948 34.476885 
STATIC_OBS_INFO 1 -6.300000 62.743285 18.919637 
Parent: 46.577809 14.147981 143.000000 21.845451 721.450000 0.000000 -10.000000 3.038438 20.000000 0.000000 0 0 0 1 0 0 0 0
EGO_STATUS -5.240130 43.853358 2.200000 1.562813 9.302668 1.000000 -5.880000
DYNAMIC_OBS_INFO 0 -5.750000 31.219609 1.570796 24.761201 -5.750000 69.509942 19.141828 1.579210
DYNAMIC_OBS_INFO 1 -1.750000 37.142203 1.570796 4.290305 -1.750000 42.246571 10.809447 2.402845
STATIC_OBS_INFO 0 -6.300000 78.313948 33.576787 
STATIC_OBS_INFO 1 -6.300000 62.743285 18.020832 
Parent: 47.359851 13.247118 134.000000 21.593553 720.100000 0.000000 -10.000000 3.036704 19.000000 0.000000 0 0 0 1 0 0 0 0
EGO_STATUS -5.231183 44.754177 2.300000 1.558924 8.714668 1.000000 -5.880000
DYNAMIC_OBS_INFO 0 -5.750000 31.219609 1.570796 25.841403 -5.750000 71.432021 19.299749 1.579210
DYNAMIC_OBS_INFO 1 -1.750000 37.142203 1.570796 4.139004 -1.750000 43.339530 11.049731 2.402845
STATIC_OBS_INFO 0 -6.300000 78.313948 32.735718 
STATIC_OBS_INFO 1 -6.300000 62.743285 17.181218 
Parent: 47.900277 12.405159 126.000000 21.053096 718.900000 0.000000 -10.000000 3.049199 18.000000 0.000000 0 0 0 1 0 0 0 0
EGO_STATUS -5.219789 45.596057 2.400000 1.555754 8.126668 1.000000 -5.880000
DYNAMIC_OBS_INFO 0 -5.750000 31.219609 1.570796 26.996199 -5.750000 73.369892 19.457670 1.579210
DYNAMIC_OBS_INFO 1 -1.750000 37.142203 1.570796 3.955837 -1.750000 44.456517 11.290016 2.402845
STATIC_OBS_INFO 0 -6.300000 78.313948 31.953490 
STATIC_OBS_INFO 1 -6.300000 62.743285 16.400583 
Parent: 48.813308 11.621964 118.000000 20.783084 717.700000 0.000000 -10.000000 3.079209 17.000000 0.000000 0 0 0 1 0 0 0 0
EGO_STATUS -5.207185 46.379151 2.500000 1.553869 7.538668 1.000000 -5.880000
DYNAMIC_OBS_INFO 0 -5.750000 31.219609 1.570796 28.225621 -5.750000 75.323555 19.615591 1.579210
DYNAMIC_OBS_INFO 1 -1.750000 37.142203 1.570796 3.759459 -1.750000 45.597533 11.530301 2.402845
STATIC_OBS_INFO 0 -6.300000 78.313948 31.230117 
STATIC_OBS_INFO 1 -6.300000 62.743285 15.678896 
Parent: 50.173231 10.897610 110.000000 20.783130 716.500000 0.000000 -10.000000 3.131196 16.000000 0.000000 0 0 0 1 0 0 0 0
EGO_STATUS -5.194692 47.103397 2.600000 1.553465 6.950668 1.000000 -5.880000
DYNAMIC_OBS_INFO 0 -5.750000 31.219609 1.570796 29.529641 -5.750000 77.293010 19.773512 1.579210
DYNAMIC_OBS_INFO 1 -1.750000 37.142203 1.570796 3.577822 -1.750000 46.762577 11.770585 2.402845
STATIC_OBS_INFO 0 -6.300000 78.313948 30.565545 
STATIC_OBS_INFO 1 -6.300000 62.743285 15.016052 
Parent: 49.660749 10.232106 104.000000 20.782935 715.600000 0.000000 -10.000000 3.211247 16.000000 0.000000 0 0 0 1 0 0 0 0
EGO_STATUS -5.183412 47.768805 2.700000 1.554440 6.362668 1.000000 -5.880000
DYNAMIC_OBS_INFO 0 -5.750000 31.219609 1.570796 30.908081 -5.750000 79.278257 19.931433 1.579210
DYNAMIC_OBS_INFO 1 -1.750000 37.142203 1.570796 3.450198 -1.750000 47.951650 12.010870 2.402845
STATIC_OBS_INFO 0 -6.300000 78.313948 29.959570 
STATIC_OBS_INFO 1 -6.300000 62.743285 14.411792 
Parent: 50.565001 9.625296 98.000000 20.782776 714.700000 0.000000 -10.000000 3.327865 15.000000 0.000000 0 0 0 1 0 0 0 0
EGO_STATUS -5.174060 48.375543 2.800000 1.556503 5.774668 1.000000 -5.880000
DYNAMIC_OBS_INFO 0 -5.750000 31.219609 1.570796 32.361259 -5.750000 81.279296 20.089354 1.579210
DYNAMIC_OBS_INFO 1 -1.750000 37.142203 1.570796 3.425483 -1.750000 49.164751 12.251154 2.402845
STATIC_OBS_INFO 0 -6.300000 78.313948 29.412489 
STATIC_OBS_INFO 1 -6.300000 62.743285 13.866363 
Parent: 50.973773 9.077502 92.000000 20.782856 713.800000 0.000000 -10.000000 3.493585 15.000000 0.000000 0 0 0 1 0 0 0 0
EGO_STATUS -5.166962 48.923290 2.900000 1.559288 5.186668 1.000000 -5.880000
DYNAMIC_OBS_INFO 0 -5.750000 31.219609 1.570796 33.888827 -5.750000 83.296128 20.247275 1.579210
DYNAMIC_OBS_INFO 1 -1.750000 37.142203 1.570796 3.552657 -1.750000 50.401881 12.491439 2.402845
STATIC_OBS_INFO 0 -6.300000 78.313948 28.923940 
STATIC_OBS_INFO 1 -6.300000 62.743285 13.379362 
Parent: 52.164223 8.588367 87.000000 20.737255 713.050000 0.000000 -10.000000 3.727049 14.000000 0.000000 0 0 0 1 0 0 0 0
EGO_STATUS -5.162082 49.412401 3.000000 1.562427 4.598668 1.000000 -5.880000
DYNAMIC_OBS_INFO 0 -5.750000 31.219609 1.570796 35.491202 -5.750000 85.328751 20.405196 1.579210
DYNAMIC_OBS_INFO 1 -1.750000 37.142203 1.570796 3.864825 -1.750000 51.663039 12.731723 2.402845
STATIC_OBS_INFO 0 -6.300000 78.313948 28.494328 
STATIC_OBS_INFO 1 -6.300000 62.743285 12.951162 
Parent: 52.114037 8.158290 83.000000 20.624755 712.450000 0.000000 -10.000000 4.058176 14.000000 0.000000 0 0 0 1 0 0 0 0
EGO_STATUS -5.159162 49.842467 3.100000 1.565607 4.010668 1.000000 -5.880000
DYNAMIC_OBS_INFO 0 -5.750000 31.219609 1.570796 37.168258 -5.750000 87.377167 20.563117 1.579210
DYNAMIC_OBS_INFO 1 -1.750000 37.142203 1.570796 4.369334 -1.750000 52.948225 12.972008 2.402845
STATIC_OBS_INFO 0 -6.300000 78.313948 28.123525 
STATIC_OBS_INFO 1 -6.300000 62.743285 12.581612 
Parent: 53.724091 7.787127 79.000000 20.483558 711.850000 0.000000 -10.000000 4.537070 13.000000 0.000000 0 0 0 1 0 0 0 0
EGO_STATUS -5.157793 50.213627 3.200000 1.568588 3.422668 1.000000 -5.880000
DYNAMIC_OBS_INFO 0 -5.750000 31.219609 1.570796 38.919813 -5.750000 89.441375 20.721038 1.579210
DYNAMIC_OBS_INFO 1 -1.750000 37.142203 1.570796 5.053145 -1.750000 54.257440 13.212292 2.402845
STATIC_OBS_INFO 0 -6.300000 78.313948 27.811353 
STATIC_OBS_INFO 1 -6.300000 62.743285 12.270516 
Parent: 1212.044078 10.000000 102.000000 20.000000 2075.700000 1046.071315 -10.000000 3.511979 33.000000 0.000000 0 0 1 0 0 0 0 0
Child: 1046.071315 18.086266 182.000000 3103.794761 7422.700000 0.000000 0.000000 0.000000 0.000000 0.000000 1 0 1 0 1 0 0 0
EGO_STATUS -5.157515 50.526071 3.300000 1.571211 2.834668 1.000000 -5.880000
DYNAMIC_OBS_INFO 0 -5.750000 31.219609 1.570796 40.701415 -5.750000 91.521375 20.878959 1.579210
DYNAMIC_OBS_INFO 1 -1.750000 37.142203 1.570796 5.859466 -1.750000 55.590684 13.452577 2.402845
STATIC_OBS_INFO 0 -6.300000 78.313948 27.513393 
STATIC_OBS_INFO 1 -6.300000 62.743285 11.973602 
Parent: 61.506219 7.176477 73.000000 0.419816 710.950000 0.000000 0.000000 4.572944 13.000000 0.000000 0 0 0 0 0 0 0 0
EGO_STATUS -5.158020 50.824265 3.400000 1.573763 3.128668 0.000000 2.940000
DYNAMIC_OBS_INFO 0 -5.750000 31.219609 1.570796 42.498875 -5.750000 93.617166 21.036880 1.579210
DYNAMIC_OBS_INFO 1 -1.750000 37.142203 1.570796 6.749841 -1.750000 56.947956 13.692861 2.402845
STATIC_OBS_INFO 0 -6.300000 78.313948 27.215468 
STATIC_OBS_INFO 1 -6.300000 62.743285 11.676740 
Parent: 52.684401 6.878342 70.000000 0.338594 710.500000 0.000000 -10.000000 4.835954 12.000000 0.000000 0 0 0 0 0 0 0 0
EGO_STATUS -5.159284 51.122397 3.500000 1.576303 2.834668 3.000000 -2.940000
DYNAMIC_OBS_INFO 0 -5.750000 31.219609 1.570796 44.341989 -5.750000 95.728751 21.194801 1.579210
DYNAMIC_OBS_INFO 1 -1.750000 37.142203 1.570796 7.731710 -1.750000 58.329256 13.933146 2.402845
STATIC_OBS_INFO 0 -6.300000 78.313948 26.947355 
STATIC_OBS_INFO 1 -6.300000 62.743285 11.409600 
Parent: 1104.375095 10.217552 104.000000 32.645418 10662.800000 71.137035 0.000000 4.456619 22.000000 0.000000 0 0 0 1 0 0 0 0
Child: 71.137035 6.610061 68.000000 21.611483 710.200000 0.000000 0.000000 0.000000 0.000000 0.000000 0 0 1 0 0 0 0 0
EGO_STATUS -5.161070 51.390672 3.600000 1.578525 2.540668 3.000000 -2.940000
DYNAMIC_OBS_INFO 0 -5.750000 31.219609 1.570796 46.200026 -5.750000 97.856127 21.352722 1.579210
DYNAMIC_OBS_INFO 1 -1.750000 37.142203 1.570796 8.766606 -1.750000 59.734585 14.173431 2.402845
STATIC_OBS_INFO 0 -6.300000 78.313948 26.678344 
STATIC_OBS_INFO 1 -6.300000 62.743285 11.141582 
Parent: 61.725966 6.340898 65.000000 0.308987 709.750000 0.000000 0.000000 4.458093 12.000000 0.000000 0 0 0 0 0 0 0 0
EGO_STATUS -5.163448 51.659824 3.700000 1.580654 2.834668 0.000000 2.940000
DYNAMIC_OBS_INFO 0 -5.750000 31.219609 1.570796 48.074748 -5.750000 99.999295 21.510643 1.579210
DYNAMIC_OBS_INFO 1 -1.750000 37.142203 1.570796 9.847464 -1.750000 61.163942 14.413715 2.402845
STATIC_OBS_INFO 0 -6.300000 78.313948 26.410199 
STATIC_OBS_INFO 1 -6.300000 62.743285 10.874445 
Parent: 52.256901 6.072616 62.000000 0.230956 709.300000 0.000000 -10.000000 4.761589 12.000000 0.000000 0 0 0 0 0 0 0 0
EGO_STATUS -5.166371 51.928090 3.800000 1.582646 2.540668 3.000000 -2.940000
DYNAMIC_OBS_INFO 0 -5.750000 31.219609 1.570796 49.994889 -5.750000 102.158255 21.668564 1.579210
DYNAMIC_OBS_INFO 1 -1.750000 37.142203 1.570796 10.995779 -1.750000 62.617328 14.654000 2.402845
STATIC_OBS_INFO 0 -6.300000 78.313948 26.171642 
STATIC_OBS_INFO 1 -6.300000 62.743285 10.636804 
Parent: 1103.568519 10.217552 104.000000 13.816236 10662.800000 71.015028 0.000000 4.621936 21.000000 0.000000 0 0 0 0 0 0 0 0
Child: 71.015028 5.833950 60.000000 21.363131 709.000000 0.000000 0.000000 0.000000 0.000000 0.000000 0 0 1 0 0 0 0 0
EGO_STATUS -5.169405 52.166738 3.900000 1.584287 2.246668 3.000000 -2.940000
DYNAMIC_OBS_INFO 0 -5.750000 31.219609 1.570796 51.929594 -5.750000 104.333008 21.826485 1.579210
DYNAMIC_OBS_INFO 1 -1.750000 37.142203 1.570796 12.178996 -1.750000 64.094742 14.894284 2.402845
STATIC_OBS_INFO 0 -6.300000 78.313948 25.931836 
STATIC_OBS_INFO 1 -6.300000 62.743285 10.397938 
Parent: 62.943173 5.594042 57.000000 0.193368 708.550000 0.000000 0.000000 4.386334 11.000000 0.000000 0 0 0 0 0 0 0 0
EGO_STATUS -5.172832 52.406621 4.000000 1.585796 2.540668 0.000000 2.940000
DYNAMIC_OBS_INFO 0 -5.750000 31.219609 1.570796 53.881345 -5.750000 106.523552 21.984406 1.579210
DYNAMIC_OBS_INFO 1 -1.750000 37.142203 1.570796 13.396565 -1.750000 65.596185 15.134569 2.402845
STATIC_OBS_INFO 0 -6.300000 78.313948 25.693262 
STATIC_OBS_INFO 1 -6.300000 62.743285 10.160325 
Parent: 52.721968 5.355375 55.000000 0.134351 708.250000 0.000000 -10.000000 4.746267 11.000000 0.000000 0 0 0 0 0 0 0 0
EGO_STATUS -5.176582 52.645258 4.100000 1.587144 2.246668 3.000000 -2.940000
DYNAMIC_OBS_INFO 0 -5.750000 31.219609 1.570796 55.877957 -5.750000 108.729889 22.142327 1.579210
DYNAMIC_OBS_INFO 1 -1.750000 37.142203 1.570796 14.673372 -1.750000 67.121656 15.374853 2.402845
STATIC_OBS_INFO 0 -6.300000 78.313948 25.483729 
STATIC_OBS_INFO 1 -6.300000 62.743285 9.951658 
Parent: 1103.295654 10.217552 104.000000 11.377097 10662.800000 70.787547 0.000000 4.816186 21.000000 0.000000 0 0 0 0 0 0 0 0
Child: 70.787547 5.145765 53.000000 21.142721 707.950000 0.000000 0.000000 0.000000 0.000000 0.000000 0 0 1 0 0 0 0 0
EGO_STATUS -5.180122 52.854838 4.200000 1.588193 1.952668 3.000000 -2.940000
DYNAMIC_OBS_INFO 0 -5.750000 31.219609 1.570796 57.889759 -5.750000 110.952018 22.300248 1.579210
DYNAMIC_OBS_INFO 1 -1.750000 37.142203 1.570796 15.979449 -1.750000 68.671155 15.615138 2.402845
STATIC_OBS_INFO 0 -6.300000 78.313948 25.273578 
STATIC_OBS_INFO 1 -6.300000 62.743285 9.742402 
Parent: 62.867088 4.935543 51.000000 0.101522 707.650000 0.000000 0.000000 4.374186 10.000000 0.000000 0 0 0 0 0 0 0 0
EGO_STATUS -5.183879 53.065027 4.300000 1.589108 2.246668 0.000000 2.940000
DYNAMIC_OBS_INFO 0 -5.750000 31.219609 1.570796 59.917977 -5.750000 113.189939 22.458169 1.579210
DYNAMIC_OBS_INFO 1 -1.750000 37.142203 1.570796 17.314798 -1.750000 70.244683 15.855422 2.402845
STATIC_OBS_INFO 0 -6.300000 78.313948 25.064037 
STATIC_OBS_INFO 1 -6.300000 62.743285 9.533781 
Parent: 53.044148 4.725934 49.000000 0.063201 707.350000 0.000000 -10.000000 4.815826 10.000000 0.000000 0 0 0 0 0 0 0 0
EGO_STATUS -5.187802 53.274599 4.400000 1.589877 1.952668 3.000000 -2.940000
DYNAMIC_OBS_INFO 0 -5.750000 31.219609 1.570796 61.991849 -5.750000 115.443652 22.616090 1.579210
DYNAMIC_OBS_INFO 1 -1.750000 37.142203 1.570796 18.707165 -1.750000 71.842240 16.095707 2.402845
STATIC_OBS_INFO 0 -6.300000 78.313948 24.884339 
STATIC_OBS_INFO 1 -6.300000 62.743285 9.354898 
Parent: 1275.364745 10.000000 102.000000 20.000000 2075.700000 1106.284113 -10.000000 3.619847 30.000000 0.000000 0 0 1 0 0 0 0 0
Child: 1106.284113 15.265964 154.000000 3108.773680 8051.200000 0.000000 0.000000 0.000000 0.000000 0.000000 1 0 1 0 1 0 0 0
EGO_STATUS -5.191283 53.454320 4.500000 1.590413 1.658668 3.000000 -2.940000
DYNAMIC_OBS_INFO 0 -5.750000 31.219609 1.570796 64.080091 -5.750000 117.713157 22.774011 1.579210
DYNAMIC_OBS_INFO 1 -1.750000 37.142203 1.570796 20.125377 -1.750000 73.463825 16.335992 2.402845
STATIC_OBS_INFO 0 -6.300000 78.313948 24.703209 
STATIC_OBS_INFO 1 -6.300000 62.743285 9.174616 
Parent: 63.006288 4.364989 45.000000 0.038109 706.750000 0.000000 0.000000 4.448015 10.000000 0.000000 0 0 0 0 0 0 0 0
EGO_STATUS -5.194878 53.635471 4.600000 1.590835 1.952668 0.000000 2.940000
DYNAMIC_OBS_INFO 0 -5.750000 31.219609 1.570796 66.185563 -5.750000 119.998454 22.931932 1.579210
DYNAMIC_OBS_INFO 1 -1.750000 37.142203 1.570796 21.571677 -1.750000 75.109438 16.576276 2.402845
STATIC_OBS_INFO 0 -6.300000 78.313948 24.523509 
STATIC_OBS_INFO 1 -6.300000 62.743285 8.995787 
Parent: 1976.632149 10.217552 104.000000 3041.179995 5937.300000 1119.679979 0.000000 4.855186 30.000000 0.000000 1 0 1 0 0 0 0 0
Child: 1119.679979 10.217552 104.000000 13.385663 10662.800000 70.790725 0.000000 0.000000 0.000000 0.000000 0 0 0 0 0 0 0 0
Child: 70.790725 4.185234 43.000000 20.869245 706.450000 0.000000 0.000000 0.000000 0.000000 0.000000 0 0 1 0 0 0 0 0
EGO_STATUS -5.198509 53.815189 4.700000 1.591125 1.658668 3.000000 -2.940000
DYNAMIC_OBS_INFO 0 -5.750000 31.219609 1.570796 68.305403 -5.750000 122.299543 23.089853 1.579210
DYNAMIC_OBS_INFO 1 -1.750000 37.142203 1.570796 23.042811 -1.750000 76.779080 16.816561 2.402845
STATIC_OBS_INFO 0 -6.300000 78.313948 24.342378 
STATIC_OBS_INFO 1 -6.300000 62.743285 8.815568 
Parent: 61.415848 4.004048 42.000000 0.009413 706.300000 0.000000 0.000000 4.080209 10.000000 0.000000 0 0 0 0 0 0 0 0
EGO_STATUS -5.202208 53.996337 4.800000 1.591280 1.952668 0.000000 2.940000
DYNAMIC_OBS_INFO 0 -5.750000 31.219609 1.570796 70.442472 -5.750000 124.616424 23.247774 1.579210
DYNAMIC_OBS_INFO 1 -1.750000 37.142203 1.570796 24.541244 -1.750000 78.472750 17.056845 2.402845
STATIC_OBS_INFO 0 -6.300000 78.313948 24.162678 
STATIC_OBS_INFO 1 -6.300000 62.743285 8.636811 
Parent: 53.083324 3.824293 40.000000 0.009451 706.000000 0.000000 -10.000000 4.583647 9.000000 0.000000 0 0 0 0 0 0 0 0
EGO_STATUS -5.205893 54.176054 4.900000 1.591290 1.658668 3.000000 -2.940000
DYNAMIC_OBS_INFO 0 -5.750000 31.219609 1.570796 72.625902 -5.750000 126.949098 23.405695 1.579210
DYNAMIC_OBS_INFO 1 -1.750000 37.142203 1.570796 26.095493 -1.750000 80.190449 17.297130 2.402845
STATIC_OBS_INFO 0 -6.300000 78.313948 24.013535 
STATIC_OBS_INFO 1 -6.300000 62.743285 8.488484 
Parent: 2266.802529 10.217552 104.000000 3049.914626 5937.300000 1407.969329 0.000000 4.878076 29.000000 0.000000 1 0 0 1 0 0 0 0
Child: 1407.969329 10.217552 104.000000 3055.004158 10662.800000 70.254160 -10.000000 0.000000 0.000000 0.000000 1 0 1 0 0 0 0 0
Child: 70.254160 3.675104 38.000000 20.717007 705.700000 0.000000 0.000000 0.000000 0.000000 0.000000 0 0 1 0 0 0 0 0
EGO_STATUS -5.208942 54.325212 5.000000 1.591188 1.364668 3.000000 -2.940000
DYNAMIC_OBS_INFO 0 -5.750000 31.219609 1.570796 74.821811 -5.750000 129.297564 23.563616 1.579210
DYNAMIC_OBS_INFO 1 -1.750000 37.142203 1.570796 27.671911 -1.750000 81.932176 17.537414 2.402845
STATIC_OBS_INFO 0 -6.300000 78.313948 23.861077 
STATIC_OBS_INFO 1 -6.300000 62.743285 8.336892 
Parent: 62.396320 3.522598 37.000000 0.022540 705.550000 0.000000 0.000000 4.222047 9.000000 0.000000 0 0 0 0 0 0 0 0
EGO_STATUS -5.212035 54.477687 5.100000 1.590983 1.658668 0.000000 2.940000
DYNAMIC_OBS_INFO 0 -5.750000 31.219609 1.570796 77.036833 -5.750000 131.661821 23.721537 1.579210
DYNAMIC_OBS_INFO 1 -1.750000 37.142203 1.570796 29.276858 -1.750000 83.697932 17.777699 2.402845
STATIC_OBS_INFO 0 -6.300000 78.313948 23.711938 
STATIC_OBS_INFO 1 -6.300000 62.743285 8.188636 
Parent: 53.884179 3.373409 35.000000 0.021132 705.250000 0.000000 -10.000000 4.907961 9.000000 0.000000 0 0 0 0 0 0 0 0
EGO_STATUS -5.215023 54.626846 5.200000 1.590686 1.364668 3.000000 -2.940000
DYNAMIC_OBS_INFO 0 -5.750000 31.219609 1.570796 79.297467 -5.750000 134.041871 23.879458 1.579210
DYNAMIC_OBS_INFO 1 -1.750000 37.142203 1.570796 30.936451 -1.750000 85.487716 18.017983 2.402845
STATIC_OBS_INFO 0 -6.300000 78.313948 23.592609 
STATIC_OBS_INFO 1 -6.300000 62.743285 8.070041 
Parent: 2265.786746 10.217552 104.000000 3048.412354 5937.300000 1407.017232 0.000000 4.961981 29.000000 0.000000 1 0 0 1 0 0 0 0
Child: 1407.017232 10.217552 104.000000 3053.458302 10662.800000 69.453937 -10.000000 0.000000 0.000000 0.000000 1 0 1 0 0 0 0 0
Child: 69.453937 3.254039 34.000000 20.593228 705.100000 0.000000 0.000000 0.000000 0.000000 0.000000 0 0 1 0 0 0 0 0
EGO_STATUS -5.217377 54.746192 5.300000 1.590382 1.070668 3.000000 -2.940000
DYNAMIC_OBS_INFO 0 -5.750000 31.219609 1.570796 81.570208 -5.750000 136.437713 24.037379 1.579210
DYNAMIC_OBS_INFO 1 -1.750000 37.142203 1.570796 32.617377 -1.750000 87.301529 18.258268 2.402845
STATIC_OBS_INFO 0 -6.300000 78.313948 23.469593 
STATIC_OBS_INFO 1 -6.300000 62.743285 7.947809 
Parent: 62.442481 3.130979 33.000000 0.030283 704.950000 0.000000 0.000000 4.555251 9.000000 0.000000 0 0 0 0 0 0 0 0
EGO_STATUS -5.219761 54.869229 5.400000 1.590009 1.364668 0.000000 2.940000
DYNAMIC_OBS_INFO 0 -5.750000 31.219609 1.570796 83.862432 -5.750000 138.849347 24.195300 1.579210
DYNAMIC_OBS_INFO 1 -1.750000 37.142203 1.570796 34.326835 -1.750000 89.139370 18.498552 2.402845
STATIC_OBS_INFO 0 -6.300000 78.313948 23.350267 
STATIC_OBS_INFO 1 -6.300000 62.743285 7.829273 
Parent: 2264.456004 10.217552 104.000000 3047.741438 5937.300000 1405.759124 0.000000 4.955262 29.000000 0.000000 1 0 0 1 0 0 0 0
Child: 1405.759124 10.217552 104.000000 3052.767922 10662.800000 68.263656 -10.000000 0.000000 0.000000 0.000000 1 0 1 0 0 0 0 0
Child: 68.263656 3.011609 32.000000 20.538747 704.800000 0.000000 0.000000 0.000000 0.000000 0.000000 0 0 1 0 0 0 0 0
EGO_STATUS -5.222027 54.988577 5.500000 1.589590 1.070668 3.000000 -2.940000
DYNAMIC_OBS_INFO 0 -5.750000 31.219609 1.570796 86.166761 -5.750000 141.276773 24.353221 1.579210
DYNAMIC_OBS_INFO 1 -1.750000 37.142203 1.570796 36.057397 -1.750000 91.001239 18.738837 2.402845
STATIC_OBS_INFO 0 -6.300000 78.313948 23.227255 
STATIC_OBS_INFO 1 -6.300000 62.743285 7.707107 
Parent: 64.039064 2.888550 30.000000 0.038883 704.500000 0.000000 0.000000 4.202542 8.000000 0.000000 0 0 0 0 0 0 0 0
EGO_STATUS -5.224306 55.111615 5.600000 1.589101 1.364668 0.000000 2.940000
DYNAMIC_OBS_INFO 0 -5.750000 31.219609 1.570796 88.490574 -5.750000 143.719991 24.511142 1.579210
DYNAMIC_OBS_INFO 1 -1.750000 37.142203 1.570796 37.816306 -1.750000 92.887137 18.979122 2.402845
STATIC_OBS_INFO 0 -6.300000 78.313948 23.107933 
STATIC_OBS_INFO 1 -6.300000 62.743285 7.588638 
Parent: 2266.266450 10.217552 104.000000 3047.075980 5937.300000 1406.641353 0.000000 4.948858 28.000000 0.000000 1 0 0 1 0 0 0 0
Child: 1406.641353 10.217552 104.000000 3052.077542 10662.800000 69.213712 -10.000000 0.000000 0.000000 0.000000 1 0 1 0 0 0 0 0
Child: 69.213712 2.769180 29.000000 20.484641 704.350000 0.000000 0.000000 0.000000 0.000000 0.000000 0 0 1 0 0 0 0 0
EGO_STATUS -5.226456 55.230966 5.700000 1.588573 1.070668 3.000000 -2.940000
DYNAMIC_OBS_INFO 0 -5.750000 31.219609 1.570796 90.826492 -5.750000 146.179002 24.669064 1.579210
DYNAMIC_OBS_INFO 1 -1.750000 37.142203 1.570796 39.596154 -1.750000 94.797063 19.219406 2.402845
STATIC_OBS_INFO 0 -6.300000 78.313948 22.984926 
STATIC_OBS_INFO 1 -6.300000 62.743285 7.466547 
Parent: 62.404195 2.646121 28.000000 0.046898 704.200000 0.000000 0.000000 3.849832 8.000000 0.000000 0 0 0 0 0 0 0 0
EGO_STATUS -5.228603 55.354006 5.800000 1.587977 1.364668 0.000000 2.940000
DYNAMIC_OBS_INFO 0 -5.750000 31.219609 1.570796 93.181892 -5.750000 148.653804 24.826985 1.579210
DYNAMIC_OBS_INFO 1 -1.750000 37.142203 1.570796 41.404216 -1.750000 96.731018 19.459691 2.402845
STATIC_OBS_INFO 0 -6.300000 78.313948 22.865609 
STATIC_OBS_INFO 1 -6.300000 62.743285 7.348157 
Parent: 52.566556 2.526751 27.000000 0.031160 704.050000 0.000000 -10.000000 4.676275 8.000000 0.000000 0 0 0 0 0 0 0 0
EGO_STATUS -5.230612 55.473359 5.900000 1.587349 1.070668 3.000000 -2.940000
DYNAMIC_OBS_INFO 0 -5.750000 31.219609 1.570796 95.581560 -5.750000 151.144398 24.984906 1.579210
DYNAMIC_OBS_INFO 1 -1.750000 37.142203 1.570796 43.265112 -1.750000 98.689001 19.699975 2.402845
STATIC_OBS_INFO 0 -6.300000 78.313948 22.774758 
STATIC_OBS_INFO 1 -6.300000 62.743285 7.258036 
Parent: 2445.001837 10.000000 101.000000 20.000000 2055.350000 2283.049676 -10.000000 4.471963 38.000000 0.000000 0 0 1 0 0 0 0 0
Child: 2283.049676 10.217552 104.000000 3100.089432 5937.300000 1405.165093 -10.000000 0.000000 0.000000 0.000000 1 0 1 0 1 0 0 0
Child: 1405.165093 10.217552 104.000000 3050.865278 10662.800000 67.856552 -10.000000 0.000000 0.000000 0.000000 1 0 1 0 0 0 0 0
Child: 67.856552 2.435857 26.000000 20.391562 703.900000 0.000000 0.000000 0.000000 0.000000 0.000000 0 0 1 0 0 0 0 0
EGO_STATUS -5.232091 55.564241 6.000000 1.586840 0.776668 3.000000 -2.940000
DYNAMIC_OBS_INFO 0 -5.750000 31.219609 1.570796 97.994511 -5.750000 153.650785 25.142827 1.579210
DYNAMIC_OBS_INFO 1 -1.750000 37.142203 1.570796 45.147973 -1.750000 100.671013 19.940260 2.402845
STATIC_OBS_INFO 0 -6.300000 78.313948 22.681398 
STATIC_OBS_INFO 1 -6.300000 62.743285 7.165454 
Parent: 62.278443 2.342452 25.000000 0.034514 703.750000 0.000000 0.000000 4.335192 8.000000 0.000000 0 0 0 0 0 0 0 0
EGO_STATUS -5.233562 55.657635 6.100000 1.586290 1.070668 0.000000 2.940000
DYNAMIC_OBS_INFO 0 -5.750000 31.219609 1.570796 100.425766 -5.750000 156.172964 25.300748 1.579210
DYNAMIC_OBS_INFO 1 -1.750000 37.142203 1.570796 47.057754 -1.750000 102.677053 20.180544 2.402845
STATIC_OBS_INFO 0 -6.300000 78.313948 22.590551 
STATIC_OBS_INFO 1 -6.300000 62.743285 7.075387 
Parent: 2444.945960 10.000000 101.000000 20.000000 2055.350000 2283.007053 -10.000000 4.458709 38.000000 0.000000 0 0 1 0 0 0 0 0
Child: 2283.007053 10.217552 104.000000 3099.560971 5937.300000 1405.174389 -10.000000 0.000000 0.000000 0.000000 1 0 1 0 1 0 0 0
Child: 1405.174389 10.217552 104.000000 3050.340439 10662.800000 67.917411 -10.000000 0.000000 0.000000 0.000000 1 0 1 0 0 0 0 0
Child: 67.917411 2.251558 24.000000 20.351225 703.600000 0.000000 0.000000 0.000000 0.000000 0.000000 0 0 1 0 0 0 0 0
EGO_STATUS -5.234942 55.748518 6.200000 1.585729 0.776668 3.000000 -2.940000
DYNAMIC_OBS_INFO 0 -5.750000 31.219609 1.570796 102.870304 -5.750000 158.710935 25.458669 1.579210
DYNAMIC_OBS_INFO 1 -1.750000 37.142203 1.570796 48.989417 -1.750000 104.707122 20.420829 2.402845
STATIC_OBS_INFO 0 -6.300000 78.313948 22.497195 
STATIC_OBS_INFO 1 -6.300000 62.743285 6.982863 
Parent: 62.004272 2.158153 23.000000 0.037614 703.450000 0.000000 0.000000 3.994108 8.000000 0.000000 0 0 0 0 0 0 0 0
EGO_STATUS -5.236307 55.841913 6.300000 1.585128 1.070668 0.000000 2.940000
DYNAMIC_OBS_INFO 0 -5.750000 31.219609 1.570796 105.333146 -5.750000 161.264697 25.616590 1.579210
DYNAMIC_OBS_INFO 1 -1.750000 37.142203 1.570796 50.947930 -1.750000 106.761219 20.661113 2.402845
STATIC_OBS_INFO 0 -6.300000 78.313948 22.406352 
STATIC_OBS_INFO 1 -6.300000 62.743285 6.892856 
Parent: 2444.907046 10.000000 101.000000 20.000000 2055.350000 2282.981431 -10.000000 4.445417 38.000000 0.000000 0 0 1 0 0 0 0 0
Child: 2282.981431 10.217552 104.000000 3099.032511 5937.300000 1405.200686 -10.000000 0.000000 0.000000 0.000000 1 0 1 0 1 0 0 0
Child: 1405.200686 10.217552 104.000000 3049.815600 10662.800000 67.995271 -10.000000 0.000000 0.000000 0.000000 1 0 1 0 0 0 0 0
Child: 67.995271 2.067259 22.000000 20.313366 703.300000 0.000000 0.000000 0.000000 0.000000 0.000000 0 0 1 0 0 0 0 0
EGO_STATUS -5.237579 55.932798 6.400000 1.584519 0.776668 3.000000 -2.940000
DYNAMIC_OBS_INFO 0 -5.750000 31.219609 1.570796 107.809270 -5.750000 163.834252 25.774511 1.579210
DYNAMIC_OBS_INFO 1 -1.750000 37.142203 1.570796 52.928260 -1.750000 108.839345 20.901398 2.402845
STATIC_OBS_INFO 0 -6.300000 78.313948 22.313002 
STATIC_OBS_INFO 1 -6.300000 62.743285 6.800396 
Parent: 62.748029 1.973854 21.000000 0.040417 703.150000 0.000000 0.000000 3.653025 7.000000 0.000000 0 0 0 0 0 0 0 0
EGO_STATUS -5.238828 56.026195 6.500000 1.583870 1.070668 0.000000 2.940000
DYNAMIC_OBS_INFO 0 -5.750000 31.219609 1.570796 110.303697 -5.750000 166.419600 25.932432 1.579210
DYNAMIC_OBS_INFO 1 -1.750000 37.142203 1.570796 54.935387 -1.750000 110.941499 21.141682 2.402845
STATIC_OBS_INFO 0 -6.300000 78.313948 22.222163 
STATIC_OBS_INFO 1 -6.300000 62.743285 6.710455 
Parent: 53.975273 1.882960 20.000000 0.021927 703.000000 0.000000 -10.000000 4.787177 7.000000 0.000000 0 0 0 0 0 0 0 0
EGO_STATUS -5.239984 56.117081 6.600000 1.583218 0.776668 3.000000 -2.940000
DYNAMIC_OBS_INFO 0 -5.750000 31.219609 1.570796 112.859810 -5.750000 169.020739 26.090353 1.579210
DYNAMIC_OBS_INFO 1 -1.750000 37.142203 1.570796 57.012555 -1.750000 113.067681 21.381967 2.402845
STATIC_OBS_INFO 0 -6.300000 78.313948 22.177191 
STATIC_OBS_INFO 1 -6.300000 62.743285 6.665940 
Parent: 2444.292004 10.000000 101.000000 20.000000 2055.350000 2281.287544 -10.000000 4.524262 37.000000 0.000000 0 0 1 0 0 0 0 0
Child: 2281.287544 10.217552 104.000000 3098.194463 5937.300000 1403.589134 -10.000000 0.000000 0.000000 0.000000 1 0 1 0 1 0 0 0
Child: 1403.589134 10.217552 104.000000 3048.983296 10662.800000 66.465489 -10.000000 0.000000 0.000000 0.000000 1 0 1 0 0 0 0 0
Child: 66.465489 1.837959 20.000000 20.253216 703.000000 0.000000 0.000000 0.000000 0.000000 0.000000 0 0 1 0 0 0 0 0
EGO_STATUS -5.240526 56.162079 6.700000 1.582886 0.482668 3.000000 -2.940000
DYNAMIC_OBS_INFO 0 -5.750000 31.219609 1.570796 115.407280 -5.750000 171.637670 26.248274 1.579210
DYNAMIC_OBS_INFO 1 -1.750000 37.142203 1.570796 59.089615 -1.750000 115.217892 21.622252 2.402845
STATIC_OBS_INFO 0 -6.300000 78.313948 22.107799 
STATIC_OBS_INFO 1 -6.300000 62.743285 6.597269 
Parent: 62.919692 1.768522 19.000000 0.022667 702.850000 0.000000 0.000000 4.496234 7.000000 0.000000 0 0 0 0 0 0 0 0
EGO_STATUS -5.241340 56.231511 6.800000 1.582367 0.776668 0.000000 2.940000
DYNAMIC_OBS_INFO 0 -5.750000 31.219609 1.570796 117.994979 -5.750000 174.270394 26.406195 1.579210
DYNAMIC_OBS_INFO 1 -1.750000 37.142203 1.570796 61.215295 -1.750000 117.392132 21.862536 2.402845
STATIC_OBS_INFO 0 -6.300000 78.313948 22.062829 
STATIC_OBS_INFO 1 -6.300000 62.743285 6.552777 
Parent: 2443.345737 10.000000 101.000000 20.000000 2055.350000 2280.349587 -10.000000 4.515952 37.000000 0.000000 0 0 1 0 0 0 0 0
Child: 2280.349587 10.217552 104.000000 3097.866323 5937.300000 1402.683415 -10.000000 0.000000 0.000000 0.000000 1 0 1 0 1 0 0 0
Child: 1402.683415 10.217552 104.000000 3048.657405 10662.800000 65.591788 -10.000000 0.000000 0.000000 0.000000 1 0 1 0 0 0 0 0
Child: 65.591788 1.723521 19.000000 20.230107 702.850000 0.000000 0.000000 0.000000 0.000000 0.000000 0 0 1 0 0 0 0 0
EGO_STATUS -5.241843 56.276509 6.900000 1.582024 0.482668 3.000000 -2.940000
DYNAMIC_OBS_INFO 0 -5.750000 31.219609 1.570796 120.574035 -5.750000 176.918909 26.564116 1.579210
DYNAMIC_OBS_INFO 1 -1.750000 37.142203 1.570796 63.340821 -1.750000 119.590399 22.102821 2.402845
STATIC_OBS_INFO 0 -6.300000 78.313948 21.993440 
STATIC_OBS_INFO 1 -6.300000 62.743285 6.484142 
Parent: 61.781041 1.654084 18.000000 0.023301 702.700000 0.000000 0.000000 4.205291 7.000000 0.000000 0 0 0 0 0 0 0 0
EGO_STATUS -5.242596 56.345942 7.000000 1.581490 0.776668 0.000000 2.940000
DYNAMIC_OBS_INFO 0 -5.750000 31.219609 1.570796 123.193320 -5.750000 179.583217 26.722037 1.579210
DYNAMIC_OBS_INFO 1 -1.750000 37.142203 1.570796 65.514942 -1.750000 121.812696 22.343105 2.402845
STATIC_OBS_INFO 0 -6.300000 78.313948 21.948472 
STATIC_OBS_INFO 1 -6.300000 62.743285 6.439675 
Parent: 3146.735888 20.109224 203.000000 3040.566911 15004.550000 1401.682973 -10.000000 4.499734 37.000000 0.000000 1 0 1 0 0 0 0 0
Child: 1401.682973 10.217552 104.000000 3048.331513 10662.800000 64.623363 -10.000000 0.000000 0.000000 0.000000 1 0 1 0 0 0 0 0
Child: 64.623363 1.609084 18.000000 20.208704 702.700000 0.000000 0.000000 0.000000 0.000000 0.000000 0 0 1 0 0 0 0 0
EGO_STATUS -5.243060 56.390940 7.100000 1.581139 0.482668 3.000000 -2.940000
DYNAMIC_OBS_INFO 0 -5.750000 31.219609 1.570796 125.803962 -5.750000 182.263316 26.879958 1.579210
DYNAMIC_OBS_INFO 1 -1.750000 37.142203 1.570796 67.688872 -1.750000 124.059020 22.583390 2.402845
STATIC_OBS_INFO 0 -6.300000 78.313948 21.879086 
STATIC_OBS_INFO 1 -6.300000 62.743285 6.371078 
Parent: 60.544658 1.539646 17.000000 0.023802 702.550000 0.000000 0.000000 3.914348 7.000000 0.000000 0 0 0 0 0 0 0 0
EGO_STATUS -5.243751 56.460373 7.200000 1.580593 0.776668 0.000000 2.940000
DYNAMIC_OBS_INFO 0 -5.750000 31.219609 1.570796 128.454832 -5.750000 184.959208 27.037879 1.579210
DYNAMIC_OBS_INFO 1 -1.750000 37.142203 1.570796 69.911376 -1.750000 126.329374 22.823674 2.402845
STATIC_OBS_INFO 0 -6.300000 78.313948 21.834119 
STATIC_OBS_INFO 1 -6.300000 62.743285 6.326636 
Parent: 2445.109582 10.000000 101.000000 20.000000 2055.350000 2282.130095 -10.000000 4.499288 37.000000 0.000000 0 0 1 0 0 0 0 0
Child: 2282.130095 10.217552 104.000000 3097.210044 5937.300000 1404.528400 -10.000000 0.000000 0.000000 0.000000 1 0 1 0 1 0 0 0
Child: 1404.528400 10.217552 104.000000 3048.005622 10662.800000 67.500808 -10.000000 0.000000 0.000000 0.000000 1 0 1 0 0 0 0 0
Child: 67.500808 1.494646 16.000000 20.187829 702.400000 0.000000 0.000000 0.000000 0.000000 0.000000 0 0 1 0 0 0 0 0
EGO_STATUS -5.244174 56.505372 7.300000 1.580235 0.482668 3.000000 -2.940000
DYNAMIC_OBS_INFO 0 -5.750000 31.219609 1.570796 131.097060 -5.750000 187.670892 27.195800 1.579210
DYNAMIC_OBS_INFO 1 -1.750000 37.142203 1.570796 72.133659 -1.750000 128.623755 23.063959 2.402845
STATIC_OBS_INFO 0 -6.300000 78.313948 21.764736 
STATIC_OBS_INFO 1 -6.300000 62.743285 6.258081 
Parent: 59.192221 1.425209 16.000000 0.024139 702.400000 0.000000 0.000000 3.623406 7.000000 0.000000 0 0 0 0 0 0 0 0
EGO_STATUS -5.244801 56.574806 7.400000 1.579680 0.776668 0.000000 2.940000
DYNAMIC_OBS_INFO 0 -5.750000 31.219609 1.570796 133.779516 -5.750000 190.398368 27.353721 1.579210
DYNAMIC_OBS_INFO 1 -1.750000 37.142203 1.570796 74.404500 -1.750000 130.942165 23.304243 2.402845
STATIC_OBS_INFO 0 -6.300000 78.313948 21.719772 
STATIC_OBS_INFO 1 -6.300000 62.743285 6.213666 
Parent: 33702.361178 10.000000 101.000000 300020.000000 10930.250000 2957.732701 -10.000000 4.475011 37.000000 0.000000 0 0 1 0 0 0 0 30
Child: 2957.732701 10.000000 102.000000 20.000000 15935.500000 1403.467995 -10.000000 0.000000 0.000000 0.000000 0 0 1 0 0 0 0 0
Child: 1403.467995 10.217552 104.000000 3047.679731 10662.800000 66.472420 -10.000000 0.000000 0.000000 0.000000 1 0 1 0 0 0 0 0
Child: 66.472420 1.380208 15.000000 20.167318 702.250000 0.000000 0.000000 0.000000 0.000000 0.000000 0 0 1 0 0 0 0 0
EGO_STATUS -5.245183 56.619805 7.500000 1.579318 0.482668 3.000000 -2.940000
DYNAMIC_OBS_INFO 0 -5.750000 31.219609 1.570796 136.453328 -5.750000 193.141636 27.511642 1.579210
DYNAMIC_OBS_INFO 1 -1.750000 37.142203 1.570796 76.675094 -1.750000 133.284604 23.544528 2.402845
STATIC_OBS_INFO 0 -6.300000 78.313948 21.650392 
STATIC_OBS_INFO 1 -6.300000 62.743285 6.145153 
Parent: 57.700518 1.310771 15.000000 0.024280 702.250000 0.000000 0.000000 3.332463 7.000000 0.000000 0 0 0 0 0 0 0 0
EGO_STATUS -5.245747 56.689240 7.600000 1.578760 0.776668 0.000000 2.940000
DYNAMIC_OBS_INFO 0 -5.750000 31.219609 1.570796 139.167370 -5.750000 195.900697 27.669563 1.579210
DYNAMIC_OBS_INFO 1 -1.750000 37.142203 1.570796 78.994234 -1.750000 135.651071 23.784812 2.402845
STATIC_OBS_INFO 0 -6.300000 78.313948 21.605429 
STATIC_OBS_INFO 1 -6.300000 62.743285 6.100767 
Parent: 64394.217590 10.000000 101.000000 610020.000000 10930.250000 2956.528204 -10.000000 4.466613 37.000000 0.000000 0 0 1 0 0 0 0 61
Child: 2956.528204 10.000000 102.000000 20.000000 15935.500000 1402.263498 -10.000000 0.000000 0.000000 0.000000 0 0 1 0 0 0 0 0
Child: 1402.263498 10.217552 104.000000 3047.353841 10662.800000 65.299941 -10.000000 0.000000 0.000000 0.000000 1 0 1 0 0 0 0 0
Child: 65.299941 1.265771 14.000000 20.147164 702.100000 0.000000 0.000000 0.000000 0.000000 0.000000 0 0 1 0 0 0 0 0
EGO_STATUS -5.246087 56.734239 7.700000 1.578397 0.482668 3.000000 -2.940000
DYNAMIC_OBS_INFO 0 -5.750000 31.219609 1.570796 141.872768 -5.750000 198.675549 27.827484 1.579210
DYNAMIC_OBS_INFO 1 -1.750000 37.142203 1.570796 81.313106 -1.750000 138.041566 24.025097 2.402845
STATIC_OBS_INFO 0 -6.300000 78.313948 21.536053 
STATIC_OBS_INFO 1 -6.300000 62.743285 6.032301 
Parent: 60.641150 1.196333 13.000000 0.024192 701.950000 0.000000 0.000000 3.041520 7.000000 0.000000 0 0 0 0 0 0 0 0
EGO_STATUS -5.246587 56.803674 7.800000 1.577839 0.776668 0.000000 2.940000
DYNAMIC_OBS_INFO 0 -5.750000 31.219609 1.570796 144.618395 -5.750000 201.466193 27.985405 1.579210
DYNAMIC_OBS_INFO 1 -1.750000 37.142203 1.570796 83.680513 -1.750000 140.456090 24.265382 2.402845
STATIC_OBS_INFO 0 -6.300000 78.313948 21.491092 
STATIC_OBS_INFO 1 -6.300000 62.743285 5.987945 
Parent: 49.842238 1.151333 13.000000 0.009300 701.950000 0.000000 -10.000000 4.673868 7.000000 0.000000 0 0 0 0 0 0 0 0
EGO_STATUS -5.246886 56.848674 7.900000 1.577480 0.482668 3.000000 -2.940000
DYNAMIC_OBS_INFO 0 -5.750000 31.219609 1.570796 147.400181 -5.750000 204.272630 28.143326 1.579210
DYNAMIC_OBS_INFO 1 -1.750000 37.142203 1.570796 86.092390 -1.750000 142.894643 24.505666 2.402845
STATIC_OBS_INFO 0 -6.300000 78.313948 21.466481 
STATIC_OBS_INFO 1 -6.300000 62.743285 5.963670 
Parent: 71746.916264 10.000000 101.000000 700020.000000 2055.350000 2276.994629 -10.000000 4.510744 37.000000 0.000000 0 0 1 0 0 0 0 70
Child: 2276.994629 10.217552 104.000000 3096.106790 5937.300000 1399.501324 -10.000000 0.000000 0.000000 0.000000 1 0 1 0 1 0 0 0
Child: 1399.501324 10.217552 104.000000 3046.909929 10662.800000 62.581378 -10.000000 0.000000 0.000000 0.000000 1 0 1 0 0 0 0 0
Child: 62.581378 1.126699 13.000000 20.121835 701.950000 0.000000 0.000000 0.000000 0.000000 0.000000 0 0 1 0 0 0 0 0
EGO_STATUS -5.247041 56.873307 8.000000 1.577285 0.366234 3.000000 -2.940000
DYNAMIC_OBS_INFO 0 -5.750000 31.219609 1.570796 150.161593 -5.750000 207.094859 28.301247 1.579210
DYNAMIC_OBS_INFO 1 -1.750000 37.142203 1.570796 88.492257 -1.750000 145.357224 24.745951 2.402845
STATIC_OBS_INFO 0 -6.300000 78.313948 21.405737 
STATIC_OBS_INFO 1 -6.300000 62.743285 5.903770 
Parent: 58.519508 1.065899 12.000000 0.017167 701.800000 0.000000 0.000000 3.180677 7.000000 0.000000 0 0 0 0 0 0 0 0
EGO_STATUS -5.247411 56.934106 8.100000 1.576805 0.660234 0.000000 2.940000
DYNAMIC_OBS_INFO 0 -5.750000 31.219609 1.570796 152.966087 -5.750000 209.932879 28.459168 1.579210
DYNAMIC_OBS_INFO 1 -1.750000 37.142203 1.570796 90.943497 -1.750000 147.843833 24.986235 2.402845
STATIC_OBS_INFO 0 -6.300000 78.313948 21.372257 
STATIC_OBS_INFO 1 -6.300000 62.743285 5.870765 
Parent: 47.942844 1.032387 12.000000 0.007647 701.800000 0.000000 -10.000000 4.564756 7.000000 0.000000 0 0 0 0 0 0 0 0
EGO_STATUS -5.247600 56.967617 8.200000 1.576543 0.442329 3.000000 -2.940000
DYNAMIC_OBS_INFO 0 -5.750000 31.219609 1.570796 155.797268 -5.750000 212.786692 28.617089 1.579210
DYNAMIC_OBS_INFO 1 -1.750000 37.142203 1.570796 93.429732 -1.750000 150.354471 25.226520 2.402845
STATIC_OBS_INFO 0 -6.300000 78.313948 21.349663 
STATIC_OBS_INFO 1 -6.300000 62.743285 5.848494 
Parent: 70754.913877 10.000000 101.000000 690020.000000 2055.350000 2275.092657 -10.000000 4.509338 37.000000 0.000000 0 0 1 0 0 0 0 69
Child: 2275.092657 10.217552 104.000000 3095.763991 5937.300000 1397.633030 -10.000000 0.000000 0.000000 0.000000 1 0 1 0 1 0 0 0
Child: 1397.633030 10.217552 104.000000 3046.569480 10662.800000 60.746533 -10.000000 0.000000 0.000000 0.000000 1 0 1 0 0 0 0 0
Child: 60.746533 1.009770 12.000000 20.105063 701.800000 0.000000 0.000000 0.000000 0.000000 0.000000 0 0 1 0 0 0 0 0
EGO_STATUS -5.247721 56.990234 8.300000 1.576369 0.344552 3.000000 -2.940000
DYNAMIC_OBS_INFO 0 -5.750000 31.219609 1.570796 158.607598 -5.750000 215.656297 28.775010 1.579210
DYNAMIC_OBS_INFO 1 -1.750000 37.142203 1.570796 95.903459 -1.750000 152.889137 25.466804 2.402845
STATIC_OBS_INFO 0 -6.300000 78.313948 21.290460 
STATIC_OBS_INFO 1 -6.300000 62.743285 5.790156 
Parent: 57.562074 0.950510 11.000000 0.015574 701.650000 0.000000 0.000000 2.931176 6.000000 0.000000 0 0 0 0 0 0 0 0
EGO_STATUS -5.248028 57.049494 8.400000 1.575914 0.638552 0.000000 2.940000
DYNAMIC_OBS_INFO 0 -5.750000 31.219609 1.570796 161.460553 -5.750000 218.541694 28.932931 1.579210
DYNAMIC_OBS_INFO 1 -1.750000 37.142203 1.570796 98.428094 -1.750000 155.447831 25.707089 2.402845
STATIC_OBS_INFO 0 -6.300000 78.313948 21.258064 
STATIC_OBS_INFO 1 -6.300000 62.743285 5.758243 
Parent: 46.690447 0.918082 11.000000 0.007135 701.650000 0.000000 -10.000000 4.128739 6.000000 0.000000 0 0 0 0 0 0 0 0
EGO_STATUS -5.248182 57.081921 8.500000 1.575671 0.434728 3.000000 -2.940000
DYNAMIC_OBS_INFO 0 -5.750000 31.219609 1.570796 164.339492 -5.750000 221.442883 29.090852 1.579210
DYNAMIC_OBS_INFO 1 -1.750000 37.142203 1.570796 100.987008 -1.750000 158.030555 25.947373 2.402845
STATIC_OBS_INFO 0 -6.300000 78.313948 21.235851 
STATIC_OBS_INFO 1 -6.300000 62.743285 5.736364 
NO_CANDIDATE
EGO_STATUS -5.248282 57.104157 8.600000 1.575506 0.340284 3.000000 -2.940000
DYNAMIC_OBS_INFO 0 -5.750000 31.219609 1.570796 167.211987 -5.750000 224.359865 29.248773 1.579210
DYNAMIC_OBS_INFO 1 -1.750000 37.142203 1.570796 103.547794 -1.750000 160.637306 26.187658 2.402845
STATIC_OBS_INFO 0 -6.300000 78.313948 21.191423 
STATIC_OBS_INFO 1 -6.300000 62.743285 5.692614 
NO_CANDIDATE
EGO_STATUS -5.248483 57.148629 8.700000 1.575177 0.151395 3.000000 -2.940000
DYNAMIC_OBS_INFO 0 -5.750000 31.219609 1.570796 170.100275 -5.750000 227.292638 29.406694 1.579210
DYNAMIC_OBS_INFO 1 -1.750000 37.142203 1.570796 106.132667 -1.750000 163.268086 26.427942 2.402845
STATIC_OBS_INFO 0 -6.300000 78.313948 21.146996 
STATIC_OBS_INFO 1 -6.300000 62.743285 5.648877 
NO_CANDIDATE
EGO_STATUS -5.248675 57.193102 8.800000 1.574851 0.010000 3.000000 -2.940000
DYNAMIC_OBS_INFO 0 -5.750000 31.219609 1.570796 173.004355 -5.750000 230.241203 29.564615 1.579210
DYNAMIC_OBS_INFO 1 -1.750000 37.142203 1.570796 108.741624 -1.750000 165.922895 26.668227 2.402845
STATIC_OBS_INFO 0 -6.300000 78.313948 21.102570 
STATIC_OBS_INFO 1 -6.300000 62.743285 5.605157 
NO_CANDIDATE
EGO_STATUS -5.248843 57.237574 8.900000 1.574537 0.010000 3.000000 -2.940000
DYNAMIC_OBS_INFO 0 -5.750000 31.219609 1.570796 175.924228 -5.750000 233.205561 29.722536 1.579210
DYNAMIC_OBS_INFO 1 -1.750000 37.142203 1.570796 111.374662 -1.750000 168.601732 26.908512 2.402845
STATIC_OBS_INFO 0 -6.300000 78.313948 21.058145 
STATIC_OBS_INFO 1 -6.300000 62.743285 5.561448 
NO_CANDIDATE
EGO_STATUS -5.249011 57.282046 9.000000 1.574222 0.010000 3.000000 -2.940000
DYNAMIC_OBS_INFO 0 -5.750000 31.219609 1.570796 178.859893 -5.750000 236.185711 29.880457 1.579210
DYNAMIC_OBS_INFO 1 -1.750000 37.142203 1.570796 114.031778 -1.750000 171.304597 27.148796 2.402845
STATIC_OBS_INFO 0 -6.300000 78.313948 21.013721 
STATIC_OBS_INFO 1 -6.300000 62.743285 5.517757 
NO_CANDIDATE
EGO_STATUS -5.249149 57.326519 9.100000 1.573926 0.010000 3.000000 -2.940000
DYNAMIC_OBS_INFO 0 -5.750000 31.219609 1.570796 181.811350 -5.750000 239.181652 30.038378 1.579210
DYNAMIC_OBS_INFO 1 -1.750000 37.142203 1.570796 116.712969 -1.750000 174.031491 27.389081 2.402845
STATIC_OBS_INFO 0 -6.300000 78.313948 20.969297 
STATIC_OBS_INFO 1 -6.300000 62.743285 5.474078 
NO_CANDIDATE
EGO_STATUS -5.249286 57.370992 9.200000 1.573630 0.010000 3.000000 -2.940000
DYNAMIC_OBS_INFO 0 -5.750000 31.219609 1.570796 184.778600 -5.750000 242.193386 30.196299 1.579210
DYNAMIC_OBS_INFO 1 -1.750000 37.142203 1.570796 119.418233 -1.750000 176.782413 27.629365 2.402845
STATIC_OBS_INFO 0 -6.300000 78.313948 20.924875 
STATIC_OBS_INFO 1 -6.300000 62.743285 5.430417 
NO_CANDIDATE
EGO_STATUS -5.249402 57.415464 9.300000 1.573348 0.010000 3.000000 -2.940000
DYNAMIC_OBS_INFO 0 -5.750000 31.219609 1.570796 187.806115 -5.750000 245.220912 30.354220 1.579210
DYNAMIC_OBS_INFO 1 -1.750000 37.142203 1.570796 122.192019 -1.750000 179.557364 27.869650 2.402845
STATIC_OBS_INFO 0 -6.300000 78.313948 20.924875 
STATIC_OBS_INFO 1 -6.300000 62.743285 5.430417 
NO_CANDIDATE
EGO_STATUS -5.249402 57.415464 9.400000 1.573348 0.010000 3.000000 -2.940000
DYNAMIC_OBS_INFO 0 -5.750000 31.219609 1.570796 190.849423 -5.750000 248.264230 30.512141 1.579210
DYNAMIC_OBS_INFO 1 -1.750000 37.142203 1.570796 124.989876 -1.750000 182.356343 28.109934 2.402845
STATIC_OBS_INFO 0 -6.300000 78.313948 20.924875 
STATIC_OBS_INFO 1 -6.300000 62.743285 5.430417 
NO_CANDIDATE
EGO_STATUS -5.249402 57.415464 9.500000 1.573348 0.010000 3.000000 -2.940000
DYNAMIC_OBS_INFO 0 -5.750000 31.219609 1.570796 193.908523 -5.750000 251.323341 30.670062 1.579210
DYNAMIC_OBS_INFO 1 -1.750000 37.142203 1.570796 127.811801 -1.750000 185.179351 28.350219 2.402845
STATIC_OBS_INFO 0 -6.300000 78.313948 20.924875 
STATIC_OBS_INFO 1 -6.300000 62.743285 5.430417 
NO_CANDIDATE
EGO_STATUS -5.249402 57.415464 9.600000 1.573348 0.010000 3.000000 -2.940000
DYNAMIC_OBS_INFO 0 -5.750000 31.219609 1.570796 196.983415 -5.750000 254.398243 30.827983 1.579210
DYNAMIC_OBS_INFO 1 -1.750000 37.142203 1.570796 130.657793 -1.750000 188.026387 28.590503 2.402845
STATIC_OBS_INFO 0 -6.300000 78.313948 20.924875 
STATIC_OBS_INFO 1 -6.300000 62.743285 5.430417 
NO_CANDIDATE
EGO_STATUS -5.249402 57.415464 9.700000 1.573348 0.010000 3.000000 -2.940000
DYNAMIC_OBS_INFO 0 -5.750000 31.219609 1.570796 200.074099 -5.750000 257.488937 30.985904 1.579210
DYNAMIC_OBS_INFO 1 -1.750000 37.142203 1.570796 133.527850 -1.750000 190.897451 28.830788 2.402845
STATIC_OBS_INFO 0 -6.300000 78.313948 20.924875 
STATIC_OBS_INFO 1 -6.300000 62.743285 5.430417 
NO_CANDIDATE
EGO_STATUS -5.249402 57.415464 9.800000 1.573348 0.010000 3.000000 -2.940000
DYNAMIC_OBS_INFO 0 -5.750000 31.219609 1.570796 203.180576 -5.750000 260.595424 31.143825 1.579210
DYNAMIC_OBS_INFO 1 -1.750000 37.142203 1.570796 136.421970 -1.750000 193.792544 29.071072 2.402845
STATIC_OBS_INFO 0 -6.300000 78.313948 20.924875 
STATIC_OBS_INFO 1 -6.300000 62.743285 5.430417 
NO_CANDIDATE
EGO_STATUS -5.249402 57.415464 9.900000 1.573348 0.010000 3.000000 -2.940000
DYNAMIC_OBS_INFO 0 -5.750000 31.219609 1.570796 206.302846 -5.750000 263.717702 31.301746 1.579210
DYNAMIC_OBS_INFO 1 -1.750000 37.142203 1.570796 139.340151 -1.750000 196.711666 29.311357 2.402845
STATIC_OBS_INFO 0 -6.300000 78.313948 20.924875 
STATIC_OBS_INFO 1 -6.300000 62.743285 5.430417 
NO_CANDIDATE
EGO_STATUS -5.249402 57.415464 10.000000 1.573348 0.010000 3.000000 -2.940000
DYNAMIC_OBS_INFO 0 -5.750000 31.219609 1.570796 209.440907 -5.750000 266.855773 31.459667 1.579210
DYNAMIC_OBS_INFO 1 -1.750000 37.142203 1.570796 142.282392 -1.750000 199.654816 29.551642 2.402845
STATIC_OBS_INFO 0 -6.300000 78.313948 20.924875 
STATIC_OBS_INFO 1 -6.300000 62.743285 5.430417 
NO_CANDIDATE
EGO_STATUS -5.249402 57.415464 10.100000 1.573348 0.010000 3.000000 -2.940000
DYNAMIC_OBS_INFO 0 -5.750000 31.219609 1.570796 212.594761 -5.750000 270.009636 31.617588 1.579210
DYNAMIC_OBS_INFO 1 -1.750000 37.142203 1.570796 145.248691 -1.750000 202.621994 29.791926 2.402845
STATIC_OBS_INFO 0 -6.300000 78.313948 20.924875 
STATIC_OBS_INFO 1 -6.300000 62.743285 5.430417 
NO_CANDIDATE
EGO_STATUS -5.249402 57.415464 10.200000 1.573348 0.010000 3.000000 -2.940000
DYNAMIC_OBS_INFO 0 -5.750000 31.219609 1.570796 215.764407 -5.750000 273.179291 31.775509 1.579210
DYNAMIC_OBS_INFO 1 -1.750000 37.142203 1.570796 148.239047 -1.750000 205.613201 30.032211 2.402845
STATIC_OBS_INFO 0 -6.300000 78.313948 20.924875 
STATIC_OBS_INFO 1 -6.300000 62.743285 5.430417 
NO_CANDIDATE
EGO_STATUS -5.249402 57.415464 10.300000 1.573348 0.010000 3.000000 -2.940000
DYNAMIC_OBS_INFO 0 -5.750000 31.219609 1.570796 218.949846 -5.750000 276.364738 31.933430 1.579210
DYNAMIC_OBS_INFO 1 -1.750000 37.142203 1.570796 151.253459 -1.750000 208.628436 30.272495 2.402845
STATIC_OBS_INFO 0 -6.300000 78.313948 20.924875 
STATIC_OBS_INFO 1 -6.300000 62.743285 5.430417 
NO_CANDIDATE
EGO_STATUS -5.249402 57.415464 10.400000 1.573348 0.010000 3.000000 -2.940000
DYNAMIC_OBS_INFO 0 -5.750000 31.219609 1.570796 222.151077 -5.750000 279.565977 32.091352 1.579210
DYNAMIC_OBS_INFO 1 -1.750000 37.142203 1.570796 154.291925 -1.750000 211.667700 30.512780 2.402845
STATIC_OBS_INFO 0 -6.300000 78.313948 20.924875 
STATIC_OBS_INFO 1 -6.300000 62.743285 5.430417 
NO_CANDIDATE
EGO_STATUS -5.249402 57.415464 10.500000 1.573348 0.010000 3.000000 -2.940000
DYNAMIC_OBS_INFO 0 -5.750000 31.219609 1.570796 225.368100 -5.750000 282.783008 32.249273 1.579210
DYNAMIC_OBS_INFO 1 -1.750000 37.142203 1.570796 157.354444 -1.750000 214.730992 30.753064 2.402845
STATIC_OBS_INFO 0 -6.300000 78.313948 20.924875 
STATIC_OBS_INFO 1 -6.300000 62.743285 5.430417 
NO_CANDIDATE
EGO_STATUS -5.249402 57.415464 10.600000 1.573348 0.010000 3.000000 -2.940000
DYNAMIC_OBS_INFO 0 -5.750000 31.219609 1.570796 228.600915 -5.750000 286.015831 32.407194 1.579210
DYNAMIC_OBS_INFO 1 -1.750000 37.142203 1.570796 160.441016 -1.750000 217.818313 30.993349 2.402845
STATIC_OBS_INFO 0 -6.300000 78.313948 20.924875 
STATIC_OBS_INFO 1 -6.300000 62.743285 5.430417 
NO_CANDIDATE
EGO_STATUS -5.249402 57.415464 10.700000 1.573348 0.010000 3.000000 -2.940000
DYNAMIC_OBS_INFO 0 -5.750000 31.219609 1.570796 231.849523 -5.750000 289.264447 32.565115 1.579210
DYNAMIC_OBS_INFO 1 -1.750000 37.142203 1.570796 163.551639 -1.750000 220.929662 31.233633 2.402845
STATIC_OBS_INFO 0 -6.300000 78.313948 20.924875 
STATIC_OBS_INFO 1 -6.300000 62.743285 5.430417 
NO_CANDIDATE
EGO_STATUS -5.249402 57.415464 10.800000 1.573348 0.010000 3.000000 -2.940000
DYNAMIC_OBS_INFO 0 -5.750000 31.219609 1.570796 235.113923 -5.750000 292.528854 32.723036 1.579210
DYNAMIC_OBS_INFO 1 -1.750000 37.142203 1.570796 166.686313 -1.750000 224.065040 31.473918 2.402845
STATIC_OBS_INFO 0 -6.300000 78.313948 20.924875 
STATIC_OBS_INFO 1 -6.300000 62.743285 5.430417 
NO_CANDIDATE
EGO_STATUS -5.249402 57.415464 10.900000 1.573348 0.010000 3.000000 -2.940000
DYNAMIC_OBS_INFO 0 -5.750000 31.219609 1.570796 238.394115 -5.750000 295.809054 32.880957 1.579210
DYNAMIC_OBS_INFO 1 -1.750000 37.142203 1.570796 169.845035 -1.750000 227.224446 31.714202 2.402845
STATIC_OBS_INFO 0 -6.300000 78.313948 20.924875 
STATIC_OBS_INFO 1 -6.300000 62.743285 5.430417 
NO_CANDIDATE
EGO_STATUS -5.249402 57.415464 11.000000 1.573348 0.010000 3.000000 -2.940000
DYNAMIC_OBS_INFO 0 -5.750000 31.219609 1.570796 241.690100 -5.750000 299.105046 33.038878 1.579210
DYNAMIC_OBS_INFO 1 -1.750000 37.142203 1.570796 173.027806 -1.750000 230.407880 31.954487 2.402845
STATIC_OBS_INFO 0 -6.300000 78.313948 20.924875 
STATIC_OBS_INFO 1 -6.300000 62.743285 5.430417 
NO_CANDIDATE
EGO_STATUS -5.249402 57.415464 11.100000 1.573348 0.010000 3.000000 -2.940000
DYNAMIC_OBS_INFO 0 -5.750000 31.219609 1.570796 245.001877 -5.750000 302.416829 33.196799 1.579210
DYNAMIC_OBS_INFO 1 -1.750000 37.142203 1.570796 176.234625 -1.750000 233.615343 32.194772 2.402845
STATIC_OBS_INFO 0 -6.300000 78.313948 20.924875 
STATIC_OBS_INFO 1 -6.300000 62.743285 5.430417 
NO_CANDIDATE
EGO_STATUS -5.249402 57.415464 11.200000 1.573348 0.010000 3.000000 -2.940000
DYNAMIC_OBS_INFO 0 -5.750000 31.219609 1.570796 248.329446 -5.750000 305.744405 33.354720 1.579210
DYNAMIC_OBS_INFO 1 -1.750000 37.142203 1.570796 179.465491 -1.750000 236.846834 32.435056 2.402845
STATIC_OBS_INFO 0 -6.300000 78.313948 20.924875 
STATIC_OBS_INFO 1 -6.300000 62.743285 5.430417 
Parent: 30727.922991 23.759958 239.000000 3122.744701 292329.450000 1396.978316 -10.000000 4.845476 36.000000 0.000000 1 0 1 0 0 0 0 0
Child: 1396.978316 10.217552 104.000000 3045.312835 10662.800000 60.215278 -10.000000 0.000000 0.000000 0.000000 1 0 1 0 0 0 0 0
Child: 60.215278 0.584536 7.000000 20.046249 701.050000 0.000000 0.000000 0.000000 0.000000 0.000000 0 0 1 0 0 0 0 0
EGO_STATUS -5.249402 57.415464 11.300000 1.573348 0.010000 3.000000 -2.940000
DYNAMIC_OBS_INFO 0 -5.750000 31.219609 1.570796 251.633963 -5.750000 309.087773 33.512641 1.579210
DYNAMIC_OBS_INFO 1 -1.750000 37.142203 1.570796 182.681568 -1.750000 240.102354 32.675341 2.402845
STATIC_OBS_INFO 0 -6.300000 78.313948 20.886076 
STATIC_OBS_INFO 1 -6.300000 62.743285 5.392295 
Parent: 52.127069 0.545692 7.000000 0.002831 701.050000 0.000000 0.000000 3.475748 6.000000 0.000000 0 0 0 0 0 1 0 0
EGO_STATUS -5.249489 57.454308 11.400000 1.573112 0.304000 0.000000 2.940000
DYNAMIC_OBS_INFO 0 -5.750000 31.219609 1.570796 254.964178 -5.750000 312.446933 33.670562 1.579210
DYNAMIC_OBS_INFO 1 -1.750000 37.142203 1.570796 185.931593 -1.750000 243.381902 32.915625 2.402845
STATIC_OBS_INFO 0 -6.300000 78.313948 20.857171 
STATIC_OBS_INFO 1 -6.300000 62.743285 5.363903 
Parent: 39.135646 0.516754 7.000000 0.002613 701.050000 0.000000 -10.000000 3.382546 6.000000 0.000000 0 0 0 0 0 1 0 0
EGO_STATUS -5.249548 57.483246 11.500000 1.572941 0.295541 7.000000 -0.084586
DYNAMIC_OBS_INFO 0 -5.750000 31.219609 1.570796 258.311075 -5.750000 315.821886 33.828483 1.579210
DYNAMIC_OBS_INFO 1 -1.750000 37.142203 1.570796 189.206551 -1.750000 246.685479 33.155910 2.402845
STATIC_OBS_INFO 0 -6.300000 78.313948 20.829155 
STATIC_OBS_INFO 1 -6.300000 62.743285 5.336389 
Parent: 36.233793 0.488705 6.000000 0.002402 600.900000 0.000000 -10.000000 3.289835 6.000000 0.000000 0 0 0 0 0 1 0 0
EGO_STATUS -5.249600 57.511296 11.600000 1.572781 0.287100 7.000000 -0.084416
DYNAMIC_OBS_INFO 0 -5.750000 31.219609 1.570796 261.674653 -5.750000 319.212630 33.986404 1.579210
DYNAMIC_OBS_INFO 1 -1.750000 37.142203 1.570796 192.506443 -1.750000 250.013084 33.396194 2.402845
STATIC_OBS_INFO 0 -6.300000 78.313948 20.802028 
STATIC_OBS_INFO 1 -6.300000 62.743285 5.309755 
Parent: 33.421585 0.461545 6.000000 0.002199 600.900000 0.000000 -10.000000 3.197660 6.000000 0.000000 0 0 0 0 0 1 0 0
EGO_STATUS -5.249646 57.538455 11.700000 1.572630 0.278677 7.000000 -0.084229
DYNAMIC_OBS_INFO 0 -5.750000 31.219609 1.570796 265.054915 -5.750000 322.619166 34.144325 1.579210
DYNAMIC_OBS_INFO 1 -1.750000 37.142203 1.570796 195.831269 -1.750000 253.364718 33.636479 2.402845
STATIC_OBS_INFO 0 -6.300000 78.313948 20.775791 
STATIC_OBS_INFO 1 -6.300000 62.743285 5.284000 
Parent: 30.699198 0.435277 6.000000 0.002003 600.900000 0.000000 -10.000000 3.106075 6.000000 0.000000 0 0 0 0 0 1 0 0
EGO_STATUS -5.249688 57.564723 11.800000 1.572490 0.270275 7.000000 -0.084023
DYNAMIC_OBS_INFO 0 -5.750000 31.219609 1.570796 268.451861 -5.750000 326.041495 34.302246 1.579210
DYNAMIC_OBS_INFO 1 -1.750000 37.142203 1.570796 199.181029 -1.750000 256.740380 33.876763 2.402845
STATIC_OBS_INFO 0 -6.300000 78.313948 20.750445 
STATIC_OBS_INFO 1 -6.300000 62.743285 5.259125 
Parent: 28.066792 0.409900 6.000000 0.001817 600.900000 0.000000 -10.000000 3.015137 6.000000 0.000000 0 0 0 0 0 1 0 0
EGO_STATUS -5.249724 57.590100 11.900000 1.572360 0.261895 7.000000 -0.083795
DYNAMIC_OBS_INFO 0 -5.750000 31.219609 1.570796 271.865493 -5.750000 329.479616 34.460167 1.579210
DYNAMIC_OBS_INFO 1 -1.750000 37.142203 1.570796 202.555724 -1.750000 260.140071 34.117048 2.402845
STATIC_OBS_INFO 0 -6.300000 78.313948 20.725992 
STATIC_OBS_INFO 1 -6.300000 62.743285 5.235131 
Parent: 25.524561 0.385417 5.000000 0.001640 500.750000 0.000000 -10.000000 2.924915 6.000000 0.000000 0 0 0 0 0 1 0 0
EGO_STATUS -5.249756 57.614583 12.000000 1.572239 0.253541 7.000000 -0.083543
DYNAMIC_OBS_INFO 0 -5.750000 31.219609 1.570796 275.295811 -5.750000 332.933528 34.618088 1.579210
DYNAMIC_OBS_INFO 1 -1.750000 37.142203 1.570796 205.955356 -1.750000 263.563790 34.357332 2.402845
STATIC_OBS_INFO 0 -6.300000 78.313948 20.702431 
STATIC_OBS_INFO 1 -6.300000 62.743285 5.212017 
Parent: 23.072652 0.361828 5.000000 0.001474 500.750000 0.000000 -10.000000 2.835483 6.000000 0.000000 0 0 0 0 0 1 0 0
EGO_STATUS -5.249785 57.638172 12.100000 1.572129 0.245214 7.000000 -0.083264
DYNAMIC_OBS_INFO 0 -5.750000 31.219609 1.570796 278.742816 -5.750000 336.403233 34.776009 1.579210
DYNAMIC_OBS_INFO 1 -1.750000 37.142203 1.570796 209.379923 -1.750000 267.011537 34.597617 2.402845
STATIC_OBS_INFO 0 -6.300000 78.313948 20.679765 
STATIC_OBS_INFO 1 -6.300000 62.743285 5.189786 
Parent: 20.711300 0.339134 5.000000 0.001319 500.750000 0.000000 -10.000000 2.746927 6.000000 0.000000 0 0 0 0 0 1 0 0
EGO_STATUS -5.249810 57.660866 12.200000 1.572027 0.236919 7.000000 -0.082954
DYNAMIC_OBS_INFO 0 -5.750000 31.219609 1.570796 282.206510 -5.750000 339.888730 34.933930 1.579210
DYNAMIC_OBS_INFO 1 -1.750000 37.142203 1.570796 212.829428 -1.750000 270.483313 34.837902 2.402845
STATIC_OBS_INFO 0 -6.300000 78.313948 20.657996 
STATIC_OBS_INFO 1 -6.300000 62.743285 5.168437 
Parent: 18.440741 0.317337 5.000000 0.001177 500.750000 0.000000 -10.000000 2.659346 6.000000 0.000000 0 0 0 0 0 1 0 0
EGO_STATUS -5.249832 57.682663 12.300000 1.571934 0.228658 7.000000 -0.082608
DYNAMIC_OBS_INFO 0 -5.750000 31.219609 1.570796 285.686895 -5.750000 343.390019 35.091851 1.579210
DYNAMIC_OBS_INFO 1 -1.750000 37.142203 1.570796 216.303872 -1.750000 273.979118 35.078186 2.402845
STATIC_OBS_INFO 0 -6.300000 78.313948 20.637123 
STATIC_OBS_INFO 1 -6.300000 62.743285 5.147973 
Parent: 16.261251 0.296439 4.000000 0.001047 400.600000 0.000000 -10.000000 2.572851 6.000000 0.000000 0 0 0 0 0 1 0 0
EGO_STATUS -5.249852 57.703561 12.400000 1.571849 0.220436 7.000000 -0.082222
DYNAMIC_OBS_INFO 0 -5.750000 31.219609 1.570796 289.183973 -5.750000 346.907100 35.249772 1.579210
DYNAMIC_OBS_INFO 1 -1.750000 37.142203 1.570796 219.803256 -1.750000 277.498950 35.318471 2.402845
STATIC_OBS_INFO 0 -6.300000 78.313948 20.617149 
STATIC_OBS_INFO 1 -6.300000 62.743285 5.128392 
Parent: 14.173091 0.276440 4.000000 0.000928 400.600000 0.000000 -10.000000 2.487573 6.000000 0.000000 0 0 0 0 0 0 0 0
EGO_STATUS -5.249869 57.723560 12.500000 1.571772 0.212257 7.000000 -0.081791
DYNAMIC_OBS_INFO 0 -5.750000 31.219609 1.570796 292.697744 -5.750000 350.439974 35.407693 1.579210
DYNAMIC_OBS_INFO 1 -1.750000 37.142203 1.570796 223.327581 -1.750000 281.042812 35.558755 2.402845
STATIC_OBS_INFO 0 -6.300000 78.313948 20.598077 
STATIC_OBS_INFO 1 -6.300000 62.743285 5.109699 
Parent: 12.176615 0.257343 4.000000 0.000821 400.600000 0.000000 -10.000000 2.403659 6.000000 0.000000 0 0 0 0 0 1 0 0
EGO_STATUS -5.249884 57.742657 12.600000 1.571703 0.204126 7.000000 -0.081307
DYNAMIC_OBS_INFO 0 -5.750000 31.219609 1.570796 296.228211 -5.750000 353.988639 35.565614 1.579210
DYNAMIC_OBS_INFO 1 -1.750000 37.142203 1.570796 226.876849 -1.750000 284.610701 35.799040 2.402845
STATIC_OBS_INFO 0 -6.300000 78.313948 20.579907 
STATIC_OBS_INFO 1 -6.300000 62.743285 5.091893 
Parent: 10.272202 0.239150 4.000000 0.000725 400.600000 0.000000 -10.000000 2.321284 6.000000 0.000000 0 0 0 0 0 1 0 0
EGO_STATUS -5.249897 57.760850 12.700000 1.571639 0.196050 7.000000 -0.080763
DYNAMIC_OBS_INFO 0 -5.750000 31.219609 1.570796 299.775377 -5.750000 357.553096 35.723535 1.579210
DYNAMIC_OBS_INFO 1 -1.750000 37.142203 1.570796 230.451061 -1.750000 288.202620 36.039324 2.402845
STATIC_OBS_INFO 0 -6.300000 78.313948 20.562642 
STATIC_OBS_INFO 1 -6.300000 62.743285 5.074976 
Parent: 8.460292 0.221863 4.000000 0.000639 400.600000 0.000000 -10.000000 2.240649 6.000000 0.000000 0 0 0 0 0 1 0 0
EGO_STATUS -5.249909 57.778137 12.800000 1.571582 0.188035 7.000000 -0.080150
DYNAMIC_OBS_INFO 0 -5.750000 31.219609 1.570796 303.339244 -5.750000 361.133346 35.881456 1.579210
DYNAMIC_OBS_INFO 1 -1.750000 37.142203 1.570796 234.050222 -1.750000 291.818566 36.279609 2.402845
STATIC_OBS_INFO 0 -6.300000 78.313948 20.546285 
STATIC_OBS_INFO 1 -6.300000 62.743285 5.058952 
Parent: 6.741399 0.205486 4.000000 0.000564 400.600000 0.000000 -10.000000 2.161992 6.000000 0.000000 0 0 0 0 0 1 0 0
EGO_STATUS -5.249919 57.794514 12.900000 1.571530 0.180089 7.000000 -0.079457
DYNAMIC_OBS_INFO 0 -5.750000 31.219609 1.570796 306.919815 -5.750000 364.729388 36.039377 1.579210
DYNAMIC_OBS_INFO 1 -1.750000 37.142203 1.570796 237.674332 -1.750000 295.458541 36.519893 2.402845
STATIC_OBS_INFO 0 -6.300000 78.313948 20.530839 
STATIC_OBS_INFO 1 -6.300000 62.743285 5.043823 
Parent: 5.116139 0.190020 3.000000 0.000498 300.450000 0.000000 -10.000000 2.085591 6.000000 0.000000 0 0 0 0 0 1 0 0
EGO_STATUS -5.249928 57.809980 13.000000 1.571484 0.172222 7.000000 -0.078672
DYNAMIC_OBS_INFO 0 -5.750000 31.219609 1.570796 310.517095 -5.750000 368.341221 36.197298 1.579210
DYNAMIC_OBS_INFO 1 -1.750000 37.142203 1.570796 241.323397 -1.750000 299.122545 36.760178 2.402845
STATIC_OBS_INFO 0 -6.300000 78.313948 20.516309 
STATIC_OBS_INFO 1 -6.300000 62.743285 5.029592 
CRASH -5.249936 57.824529 13.000000
Parent: 3.585229 0.175471 3.000000 0.000442 300.450000 0.000000 -10.000000 2.011779 6.000000 0.000000 0 0 0 0 0 0 0 0
EGO_STATUS -5.249936 57.824529 13.100000 1.571442 0.164444 7.000000 -0.077782
DYNAMIC_OBS_INFO 0 -5.750000 31.219609 1.570796 314.131089 -5.750000 371.968847 36.355219 1.579210
DYNAMIC_OBS_INFO 1 -1.750000 37.142203 1.570796 244.997421 -1.750000 302.810577 37.000463 2.402845
STATIC_OBS_INFO 0 -6.300000 78.313948 20.502699 
STATIC_OBS_INFO 1 -6.300000 62.743285 5.016264 
CRASH -5.249943 57.838157 13.100000
Parent: 2.149589 0.161843 3.000000 0.000402 300.450000 0.000000 -10.000000 1.940955 6.000000 0.000000 0 0 0 0 0 0 0 0
EGO_STATUS -5.249943 57.838157 13.200000 1.571404 0.156767 7.000000 -0.076770
DYNAMIC_OBS_INFO 0 -5.750000 31.219609 1.570796 317.761802 -5.750000 375.612265 36.513140 1.579210
DYNAMIC_OBS_INFO 1 -1.750000 37.142203 1.570796 248.696410 -1.750000 306.522638 37.240747 2.402845
STATIC_OBS_INFO 0 -6.300000 78.313948 20.490015 
STATIC_OBS_INFO 1 -6.300000 62.743285 5.003845 
CRASH -5.249949 57.850856 13.200000
Parent: 0.810373 0.149144 3.000000 0.000370 300.450000 0.000000 -10.000000 1.873605 6.000000 0.000000 0 0 0 0 0 0 0 0
EGO_STATUS -5.249949 57.850856 13.300000 1.571370 0.149205 7.000000 -0.075616
DYNAMIC_OBS_INFO 0 -5.750000 31.219609 1.570796 321.409246 -5.750000 379.271475 36.671061 1.579210
DYNAMIC_OBS_INFO 1 -1.750000 37.142203 1.570796 252.420374 -1.750000 310.258726 37.481032 2.402845
STATIC_OBS_INFO 0 -6.300000 78.313948 20.478268 
STATIC_OBS_INFO 1 -6.300000 62.743285 4.992344 
CRASH -5.249954 57.862618 13.300000
Parent: -0.430886 0.137382 3.000000 0.000355 300.450000 0.000000 -10.000000 1.810329 6.000000 0.000000 0 0 0 0 0 0 0 0
EGO_STATUS -5.249954 57.862618 13.400000 1.571339 0.141775 7.000000 -0.074298
DYNAMIC_OBS_INFO 0 -5.750000 31.219609 1.570796 325.073433 -5.750000 382.946477 36.828982 1.579210
DYNAMIC_OBS_INFO 1 -1.750000 37.142203 1.570796 256.169325 -1.750000 314.018844 37.721316 2.402845
STATIC_OBS_INFO 0 -6.300000 78.313948 20.467471 
STATIC_OBS_INFO 1 -6.300000 62.743285 4.981774 
CRASH -5.249959 57.873429 13.400000
Parent: -1.572053 0.126571 3.000000 0.000351 300.450000 0.000000 -10.000000 1.751888 6.000000 0.000000 0 0 0 0 0 0 0 0
EGO_STATUS -5.249959 57.873429 13.500000 1.571310 0.134496 7.000000 -0.072791
DYNAMIC_OBS_INFO 0 -5.750000 31.219609 1.570796 328.754385 -5.750000 386.637272 36.986903 1.579210
DYNAMIC_OBS_INFO 1 -1.750000 37.142203 1.570796 259.943286 -1.750000 317.802990 37.961601 2.402845
STATIC_OBS_INFO 0 -6.300000 78.313948 20.457646 
STATIC_OBS_INFO 1 -6.300000 62.743285 4.972157 
CRASH -5.249962 57.883267 13.500000
Parent: -2.609911 0.116733 3.000000 0.000362 300.450000 0.000000 -10.000000 1.699292 6.000000 0.000000 0 0 0 0 0 0 0 0
EGO_STATUS -5.249962 57.883267 13.600000 1.571282 0.127390 7.000000 -0.071064
DYNAMIC_OBS_INFO 0 -5.750000 31.219609 1.570796 332.452142 -5.750000 390.343858 37.144824 1.579210
DYNAMIC_OBS_INFO 1 -1.750000 37.142203 1.570796 263.742296 -1.750000 321.611164 38.201885 2.402845
STATIC_OBS_INFO 0 -6.300000 78.313948 20.448833 
STATIC_OBS_INFO 1 -6.300000 62.743285 4.963531 
CRASH -5.249965 57.892092 13.600000
Parent: -3.539039 0.107908 3.000000 0.000375 300.450000 0.000000 -10.000000 1.653990 6.000000 0.000000 0 0 0 0 0 0 0 0
EGO_STATUS -5.249965 57.892092 13.700000 1.571252 0.120482 7.000000 -0.069082
DYNAMIC_OBS_INFO 0 -5.750000 31.219609 1.570796 336.166792 -5.750000 394.066236 37.302745 1.579210
DYNAMIC_OBS_INFO 1 -1.750000 37.142203 1.570796 267.566442 -1.750000 325.443367 38.442170 2.402845
STATIC_OBS_INFO 0 -6.300000 78.313948 20.441119 
STATIC_OBS_INFO 1 -6.300000 62.743285 4.955981 
CRASH -5.249967 57.899817 13.700000
Parent: -4.348184 0.100183 3.000000 0.000374 300.450000 0.000000 -10.000000 1.618445 6.000000 0.000000 0 0 0 0 0 0 0 0
EGO_STATUS -5.249967 57.899817 13.800000 1.571222 0.113802 7.000000 -0.066797
DYNAMIC_OBS_INFO 0 -5.750000 31.219609 1.570796 339.898712 -5.750000 397.804407 37.460666 1.579210
DYNAMIC_OBS_INFO 1 -1.750000 37.142203 1.570796 271.416103 -1.750000 329.299598 38.682454 2.402845
STATIC_OBS_INFO 0 -6.300000 78.313948 20.434881 
STATIC_OBS_INFO 1 -6.300000 62.743285 4.949877 
CRASH -5.249969 57.906062 13.800000
Parent: -4.991683 0.093938 2.000000 0.000314 200.300000 0.000000 -10.000000 1.600458 6.000000 0.000000 0 0 0 0 0 0 0 0
EGO_STATUS -5.249969 57.906062 13.900000 1.571195 0.107388 7.000000 -0.064137
DYNAMIC_OBS_INFO 0 -5.750000 31.219609 1.570796 343.646802 -5.750000 401.558370 37.618587 1.579210
DYNAMIC_OBS_INFO 1 -1.750000 37.142203 1.570796 275.290175 -1.750000 333.179858 38.922739 2.402845
STATIC_OBS_INFO 0 -6.300000 78.313948 20.429019 
STATIC_OBS_INFO 1 -6.300000 62.743285 4.944141 
CRASH -5.249970 57.911932 13.900000
Parent: -5.597477 0.088068 2.000000 0.000262 200.300000 0.000000 -10.000000 1.582489 6.000000 0.000000 0 0 0 0 0 0 0 0
EGO_STATUS -5.249970 57.911932 14.000000 1.571170 0.101303 7.000000 -0.060850
DYNAMIC_OBS_INFO 0 -5.750000 31.219609 1.570796 347.410987 -5.750000 405.328124 37.776508 1.579210
DYNAMIC_OBS_INFO 1 -1.750000 37.142203 1.570796 279.188588 -1.750000 337.084146 39.163023 2.402845
STATIC_OBS_INFO 0 -6.300000 78.313948 20.423461 
STATIC_OBS_INFO 1 -6.300000 62.743285 4.938703 
CRASH -5.249971 57.917497 14.000000
Parent: -6.173782 0.082503 2.000000 0.000218 200.300000 0.000000 -10.000000 1.563538 6.000000 0.000000 0 0 0 0 0 0 0 0
EGO_STATUS -5.249971 57.917497 14.100000 1.571146 0.095534 7.000000 -0.057696
DYNAMIC_OBS_INFO 0 -5.750000 31.219609 1.570796 351.191254 -5.750000 409.113671 37.934429 1.579210
DYNAMIC_OBS_INFO 1 -1.750000 37.142203 1.570796 283.111324 -1.750000 341.012462 39.403308 2.402845
STATIC_OBS_INFO 0 -6.300000 78.313948 20.418192 
STATIC_OBS_INFO 1 -6.300000 62.743285 4.933547 
CRASH -5.249972 57.922774 14.100000
Parent: -6.722231 0.077226 2.000000 0.000182 200.300000 0.000000 -10.000000 1.543551 6.000000 0.000000 0 0 0 0 0 0 0 0
EGO_STATUS -5.249972 57.922774 14.200000 1.571124 0.090063 7.000000 -0.054705
DYNAMIC_OBS_INFO 0 -5.750000 31.219609 1.570796 354.987586 -5.750000 412.915010 38.092350 1.579210
DYNAMIC_OBS_INFO 1 -1.750000 37.142203 1.570796 287.058368 -1.750000 344.964807 39.643593 2.402845
STATIC_OBS_INFO 0 -6.300000 78.313948 20.413195 
STATIC_OBS_INFO 1 -6.300000 62.743285 4.928658 
CRASH -5.249973 57.927777 14.200000
Parent: -7.244379 0.072223 2.000000 0.000151 200.300000 0.000000 -10.000000 1.522471 6.000000 0.000000 0 0 0 0 0 0 0 0
EGO_STATUS -5.249973 57.927777 14.300000 1.571103 0.084876 7.000000 -0.051869
DYNAMIC_OBS_INFO 0 -5.750000 31.219609 1.570796 358.799969 -5.750000 416.732141 38.250271 1.579210
DYNAMIC_OBS_INFO 1 -1.750000 37.142203 1.570796 291.029706 -1.750000 348.941181 39.883877 2.402845
STATIC_OBS_INFO 0 -6.300000 78.313948 20.408457 
STATIC_OBS_INFO 1 -6.300000 62.743285 4.924023 
CRASH -5.249973 57.932521 14.300000
Parent: -7.741705 0.067479 2.000000 0.000125 200.300000 0.000000 -10.000000 1.500238 6.000000 0.000000 0 0 0 0 0 0 0 0
EGO_STATUS -5.249973 57.932521 14.400000 1.571083 0.079958 7.000000 -0.049181
DYNAMIC_OBS_INFO 0 -5.750000 31.219609 1.570796 362.628391 -5.750000 420.565065 38.408192 1.579210
DYNAMIC_OBS_INFO 1 -1.750000 37.142203 1.570796 295.025325 -1.750000 352.941583 40.124162 2.402845
STATIC_OBS_INFO 0 -6.300000 78.313948 20.403966 
STATIC_OBS_INFO 1 -6.300000 62.743285 4.919629 
CRASH -5.249974 57.937019 14.400000
TIMEOUT
