STATIC_OBS_INIT_INFO 0 -6.300000 60.187302
STATIC_OBS_INIT_INFO 1 -6.300000 77.161461
Parent: -28.502645 10.000000 102.000000 0.000000 15.300000 17.787471 -10.000000 2.209884 40.000000 0.000000 0 0 0 0 0 0 0 0
Child: 17.787471 24.495213 246.000000 11.163419 267.900000 0.000000 -10.000000 0.000000 0.000000 0.000000 0 0 0 0 0 0 0 0
EGO_STATUS -5.750000 17.513530 0.000000 1.570796 15.609510 4.000000 0.000000
DYNAMIC_OBS_INFO 0 -5.750000 31.817038 1.570796 12.742557 -5.750000 31.817038 15.067747 1.288426
DYNAMIC_OBS_INFO 1 -1.750000 31.729483 1.570796 13.272113 -1.750000 31.729483 10.148220 0.655026
STATIC_OBS_INFO 0 -6.300000 60.187302 41.116500 
STATIC_OBS_INFO 1 -6.300000 77.161461 58.089583 
Parent: 467.970280 20.435104 206.000000 3059.619106 2061.400000 15.189177 -10.000000 2.778394 48.000000 0.000000 1 0 0 0 0 0 0 0
Child: 15.189177 22.934261 231.000000 11.162116 242.550000 0.000000 -10.000000 0.000000 0.000000 0.000000 0 0 0 0 0 0 0 0
EGO_STATUS -5.749990 19.074481 0.100000 1.570765 15.609510 4.000000 0.000000
DYNAMIC_OBS_INFO 0 -5.750000 31.817038 1.570796 12.694823 -5.750000 33.330255 15.196589 1.288426
DYNAMIC_OBS_INFO 1 -1.750000 31.729483 1.570796 11.793036 -1.750000 31.729483 10.148220 0.655026
STATIC_OBS_INFO 0 -6.300000 60.187302 39.555698 
STATIC_OBS_INFO 1 -6.300000 77.161461 56.528707 
Parent: 466.338011 20.435104 206.000000 3059.619106 2061.400000 12.656908 -10.000000 2.678394 47.000000 0.000000 1 0 0 0 0 0 0 0
Child: 12.656908 21.373310 215.000000 11.162062 216.750000 0.000000 -10.000000 0.000000 0.000000 0.000000 0 0 0 0 0 0 0 0
EGO_STATUS -5.749716 20.635432 0.200000 1.570365 15.609510 4.000000 0.000000
DYNAMIC_OBS_INFO 0 -5.750000 31.817038 1.570796 12.659974 -5.750000 34.856356 15.325432 1.288426
DYNAMIC_OBS_INFO 1 -1.750000 31.729483 1.570796 10.337542 -1.750000 31.729483 10.148220 0.655026
STATIC_OBS_INFO 0 -6.300000 60.187302 37.994929 
STATIC_OBS_INFO 1 -6.300000 77.161461 54.967849 
Parent: 296.068199 40.097488 402.000000 10.647005 3365.100000 0.000000 0.000000 4.354333 45.000000 0.000000 0 0 0 0 0 0 0 0
EGO_STATUS -5.748097 22.196382 0.300000 1.568921 15.609510 4.000000 0.000000
DYNAMIC_OBS_INFO 0 -5.750000 31.817038 1.570796 12.652735 -5.750000 36.395341 15.454275 1.288426
DYNAMIC_OBS_INFO 1 -1.750000 31.729483 1.570796 8.929416 -1.750000 31.729483 10.148220 0.655026
STATIC_OBS_INFO 0 -6.300000 60.187302 36.448949 
STATIC_OBS_INFO 1 -6.300000 77.161461 53.421756 
Parent: 285.361118 38.551259 387.000000 10.647057 3353.350000 0.000000 -10.000000 4.254341 44.000000 0.000000 0 0 0 0 0 0 0 0
EGO_STATUS -5.743032 23.742609 0.400000 1.565799 15.315510 3.000000 -2.940000
DYNAMIC_OBS_INFO 0 -5.750000 31.817038 1.570796 12.687817 -5.750000 37.947211 15.583117 1.288426
DYNAMIC_OBS_INFO 1 -1.750000 31.729483 1.570796 7.597154 -1.750000 31.729483 10.148220 0.655026
STATIC_OBS_INFO 0 -6.300000 60.187302 34.932516 
STATIC_OBS_INFO 1 -6.300000 77.161461 51.905163 
Parent: 284.801838 37.034426 372.000000 10.646971 3330.700000 0.000000 -10.000000 4.154347 42.000000 0.000000 0 0 0 0 0 0 0 0
EGO_STATUS -5.731817 25.259407 0.500000 1.560633 15.021510 3.000000 -2.940000
DYNAMIC_OBS_INFO 0 -5.750000 31.817038 1.570796 12.765314 -5.750000 39.511965 15.711960 1.288426
DYNAMIC_OBS_INFO 1 -1.750000 31.729483 1.570796 6.365653 -1.750000 31.729483 10.148220 0.655026
STATIC_OBS_INFO 0 -6.300000 60.187302 33.445771 
STATIC_OBS_INFO 1 -6.300000 77.161461 50.418187 
Parent: 182.708396 20.435104 206.000000 9.154636 2061.400000 13.505046 0.000000 4.805295 41.000000 0.000000 0 0 0 0 0 0 0 0
Child: 13.505046 15.262377 154.000000 27.068230 109.200000 0.000000 0.000000 0.000000 0.000000 0.000000 0 0 0 1 0 0 0 0
EGO_STATUS -5.711502 26.746709 0.600000 1.553251 14.727510 3.000000 -2.940000
DYNAMIC_OBS_INFO 0 -5.750000 31.817038 1.570796 12.900128 -5.750000 41.089603 15.840802 1.288426
DYNAMIC_OBS_INFO 1 -1.750000 31.729483 1.570796 5.288891 -1.750000 31.729483 10.148220 0.655026
STATIC_OBS_INFO 0 -6.300000 60.187302 32.003649 
STATIC_OBS_INFO 1 -6.300000 77.161461 48.975723 
Parent: 654.083931 10.000000 101.000000 0.000000 2055.350000 506.454108 -10.000000 3.129823 49.000000 0.000000 0 0 0 0 0 0 0 0
Child: 506.454108 20.435104 206.000000 3048.918782 2061.400000 9.512866 -10.000000 0.000000 0.000000 0.000000 1 0 0 0 0 0 0 0
Child: 9.512866 13.819062 140.000000 9.074212 87.300000 0.000000 0.000000 0.000000 0.000000 0.000000 0 0 0 0 0 0 0 0
EGO_STATUS -5.679639 28.189667 0.700000 1.543882 14.139510 1.000000 -5.880000
DYNAMIC_OBS_INFO 0 -5.750000 31.817038 1.570796 13.077748 -5.750000 42.680125 15.969645 1.288426
DYNAMIC_OBS_INFO 1 -1.750000 31.729483 1.570796 4.428443 -1.750000 31.729483 10.148220 0.655026
STATIC_OBS_INFO 0 -6.300000 60.187302 30.591656 
STATIC_OBS_INFO 1 -6.300000 77.161461 47.563230 
Parent: 643.098650 10.000000 101.000000 0.000000 2055.350000 494.568827 -10.000000 3.029823 48.000000 0.000000 0 0 0 0 0 0 0 0
Child: 494.568827 20.435104 206.000000 3048.918782 2061.400000 -2.372415 -10.000000 0.000000 0.000000 0.000000 1 0 0 0 0 0 0 0
Child: -2.372415 12.405111 126.000000 9.074170 68.400000 0.000000 -10.000000 0.000000 0.000000 0.000000 0 0 0 0 0 0 0 0
EGO_STATUS -5.634418 29.602888 0.800000 1.533766 14.139510 4.000000 0.000000
DYNAMIC_OBS_INFO 0 -5.750000 31.817038 1.570796 13.269066 -5.750000 44.283532 16.098487 1.288426
DYNAMIC_OBS_INFO 1 -1.750000 31.729483 1.570796 3.891656 -1.750000 31.729483 10.148220 0.655026
STATIC_OBS_INFO 0 -6.300000 60.187302 29.180683 
STATIC_OBS_INFO 1 -6.300000 77.161461 46.151534 
Parent: 522.667565 30.652656 308.000000 11.527895 5579.800000 7.588319 0.000000 4.621289 46.000000 0.000000 0 0 0 0 0 0 0 0
Child: 7.588319 10.991160 111.000000 25.784627 50.850000 0.000000 0.000000 0.000000 0.000000 0.000000 0 0 0 1 0 0 0 0
EGO_STATUS -5.575621 31.015612 0.900000 1.525095 14.139510 4.000000 0.000000
DYNAMIC_OBS_INFO 0 -5.750000 31.817038 1.570796 13.503467 -5.750000 45.899823 16.227330 1.288426
DYNAMIC_OBS_INFO 1 -1.750000 31.729483 1.570796 3.817623 -1.750000 31.729483 10.148220 0.655026
STATIC_OBS_INFO 0 -6.300000 60.187302 27.800056 
STATIC_OBS_INFO 1 -6.300000 77.161461 44.769943 
Parent: 512.065082 30.652656 308.000000 11.527855 5579.800000 -3.914170 0.000000 4.521298 45.000000 0.000000 0 0 0 0 0 0 0 0
Child: -3.914170 9.606629 98.000000 25.783314 36.300000 0.000000 -10.000000 0.000000 0.000000 0.000000 0 0 0 1 0 0 0 0
EGO_STATUS -5.508542 32.398514 1.000000 1.520339 13.551510 1.000000 -5.880000
DYNAMIC_OBS_INFO 0 -5.750000 31.817038 1.570796 13.809921 -5.750000 47.528998 16.356173 1.288426
DYNAMIC_OBS_INFO 1 -1.750000 31.729483 1.570796 4.195017 -1.750000 31.729483 10.148220 0.655026
STATIC_OBS_INFO 0 -6.300000 60.187302 26.478701 
STATIC_OBS_INFO 1 -6.300000 77.161461 43.447419 
Parent: 161.312435 28.680286 288.000000 25.196098 1992.100000 0.000000 -10.000000 4.421361 34.000000 0.000000 0 0 0 1 0 0 0 0
EGO_STATUS -5.441333 33.722527 1.100000 1.520667 12.963510 1.000000 -5.880000
DYNAMIC_OBS_INFO 0 -5.750000 31.817038 1.570796 14.187891 -5.750000 49.171057 16.485015 1.288426
DYNAMIC_OBS_INFO 1 -1.750000 31.729483 1.570796 4.878406 -1.750000 31.729483 10.148220 0.655026
STATIC_OBS_INFO 0 -6.300000 60.187302 25.216093 
STATIC_OBS_INFO 1 -6.300000 77.161461 42.183505 
Parent: 162.695590 27.413337 276.000000 25.193929 2001.200000 0.000000 -10.000000 4.426679 33.000000 0.000000 0 0 0 1 0 0 0 0
EGO_STATUS -5.380574 34.987977 1.200000 1.525676 12.375510 1.000000 -5.880000
DYNAMIC_OBS_INFO 0 -5.750000 31.817038 1.570796 14.636929 -5.750000 50.826001 16.613858 1.288426
DYNAMIC_OBS_INFO 1 -1.750000 31.729483 1.570796 5.723896 -1.750000 31.729483 10.148220 0.655026
STATIC_OBS_INFO 0 -6.300000 60.187302 24.011796 
STATIC_OBS_INFO 1 -6.300000 77.161461 40.977848 
Parent: 164.169609 26.205181 264.000000 25.193949 1997.000000 0.000000 -10.000000 4.442494 31.000000 0.000000 0 0 0 1 0 0 0 0
EGO_STATUS -5.330704 36.195079 1.300000 1.533714 11.787510 1.000000 -5.880000
DYNAMIC_OBS_INFO 0 -5.750000 31.817038 1.570796 15.156962 -5.750000 52.493829 16.742700 1.288426
DYNAMIC_OBS_INFO 1 -1.750000 31.729483 1.570796 6.638817 -1.750000 31.729483 10.148220 0.655026
STATIC_OBS_INFO 0 -6.300000 60.187302 22.865727 
STATIC_OBS_INFO 1 -6.300000 77.161461 39.830435 
Parent: 164.487995 25.055873 252.000000 25.180742 1986.500000 0.000000 -10.000000 4.470467 30.000000 0.000000 0 0 0 1 0 0 0 0
EGO_STATUS -5.293142 37.343753 1.400000 1.542493 11.199510 1.000000 -5.880000
DYNAMIC_OBS_INFO 0 -5.750000 31.817038 1.570796 15.748012 -5.750000 54.174541 16.871543 1.288426
DYNAMIC_OBS_INFO 1 -1.750000 31.729483 1.570796 7.570704 -1.750000 31.729483 10.148220 0.655026
STATIC_OBS_INFO 0 -6.300000 60.187302 21.777887 
STATIC_OBS_INFO 1 -6.300000 77.161461 38.741296 
Parent: 514.751827 30.652656 308.000000 11.527103 5579.800000 -6.727515 0.000000 4.021463 39.000000 0.000000 0 0 0 0 0 0 0 0
Child: -6.727515 3.566266 37.000000 28.402024 5.550000 0.000000 -10.000000 0.000000 0.000000 0.000000 0 0 0 1 0 0 0 0
EGO_STATUS -5.266481 38.433953 1.500000 1.549878 10.611510 1.000000 -5.880000
DYNAMIC_OBS_INFO 0 -5.750000 31.817038 1.570796 16.410337 -5.750000 55.868137 17.000385 1.288426
DYNAMIC_OBS_INFO 1 -1.750000 31.729483 1.570796 8.490148 -1.750000 31.729483 10.148220 0.655026
STATIC_OBS_INFO 0 -6.300000 60.187302 20.748506 
STATIC_OBS_INFO 1 -6.300000 77.161461 37.710657 
Parent: 515.425200 30.652656 308.000000 11.526982 5579.800000 -6.954157 0.000000 3.921490 38.000000 0.000000 0 0 0 0 0 0 0 0
Child: -6.954157 2.534578 27.000000 28.396334 4.050000 0.000000 -10.000000 0.000000 0.000000 0.000000 0 0 0 1 0 0 0 0
EGO_STATUS -5.248145 39.465476 1.600000 1.557176 10.023510 1.000000 -5.880000
DYNAMIC_OBS_INFO 0 -5.750000 31.817038 1.570796 17.143809 -5.750000 57.574618 17.129228 1.288426
DYNAMIC_OBS_INFO 1 -1.750000 31.729483 1.570796 9.382927 -1.750000 31.729483 10.148220 0.655026
STATIC_OBS_INFO 0 -6.300000 60.187302 19.777280 
STATIC_OBS_INFO 1 -6.300000 77.161461 36.738361 
Parent: 514.068261 30.652656 308.000000 14.522703 5579.800000 0.898095 -10.000000 3.414161 37.000000 0.000000 0 0 0 0 0 0 0 0
Child: 0.898095 1.561692 17.000000 7.226331 2.550000 0.000000 0.000000 0.000000 0.000000 0.000000 0 0 0 0 0 0 0 0
EGO_STATUS -5.242170 40.438332 1.700000 1.572962 9.435510 1.000000 -5.880000
DYNAMIC_OBS_INFO 0 -5.750000 31.817038 1.570796 17.919147 -5.750000 59.293983 17.258070 1.288426
DYNAMIC_OBS_INFO 1 -1.750000 31.729483 1.570796 10.266747 -1.750000 31.729483 10.148220 0.655026
STATIC_OBS_INFO 0 -6.300000 60.187302 18.834829 
STATIC_OBS_INFO 1 -6.300000 77.161461 35.795053 
Parent: -18.284382 10.000000 102.000000 20.000000 15.300000 -7.928087 0.000000 2.182920 16.000000 0.000000 0 0 0 1 0 0 0 0
Child: -7.928087 0.618141 8.000000 25.614756 1.200000 0.000000 -10.000000 0.000000 0.000000 0.000000 0 0 0 0 1 0 0 0
EGO_STATUS -5.248237 41.381863 1.800000 1.577198 9.435510 4.000000 0.000000
DYNAMIC_OBS_INFO 0 -5.750000 31.817038 1.570796 18.711060 -5.750000 61.026232 17.386913 1.288426
DYNAMIC_OBS_INFO 1 -1.750000 31.729483 1.570796 11.155641 -1.750000 31.729483 10.148220 0.655026
STATIC_OBS_INFO 0 -6.300000 60.187302 17.896277 
STATIC_OBS_INFO 1 -6.300000 77.161461 34.855426 
Parent: -19.478926 9.678146 98.000000 20.000000 14.700000 0.000000 -10.000000 2.094220 15.000000 0.000000 0 0 0 1 0 0 0 0
EGO_STATUS -5.250000 42.321854 1.900000 1.570796 9.232722 1.000000 -5.880000
DYNAMIC_OBS_INFO 0 -5.750000 31.817038 1.570796 19.562053 -5.750000 62.771366 17.515756 1.288426
DYNAMIC_OBS_INFO 1 -1.750000 31.729483 1.570796 11.037736 -1.750000 32.747580 10.213723 0.655026
STATIC_OBS_INFO 0 -6.300000 60.187302 17.004049 
STATIC_OBS_INFO 1 -6.300000 77.161461 33.961993 
Parent: -18.678413 8.784297 89.000000 20.000000 13.350000 0.000000 -10.000000 2.029943 14.000000 0.000000 0 0 0 1 0 0 0 0
EGO_STATUS -5.250000 43.215703 2.000000 1.570796 8.644722 1.000000 -5.880000
DYNAMIC_OBS_INFO 0 -5.750000 31.817038 1.570796 20.484814 -5.750000 64.529383 17.644598 1.288426
DYNAMIC_OBS_INFO 1 -1.750000 31.729483 1.570796 10.858012 -1.750000 33.772227 10.279226 0.655026
STATIC_OBS_INFO 0 -6.300000 60.187302 16.170755 
STATIC_OBS_INFO 1 -6.300000 77.161461 33.127433 
Parent: -17.873910 7.949328 81.000000 20.000000 12.150000 0.000000 -10.000000 1.970894 13.000000 0.000000 0 0 0 1 0 0 0 0
EGO_STATUS -5.250000 44.050672 2.100000 1.570796 8.056722 1.000000 -5.880000
DYNAMIC_OBS_INFO 0 -5.750000 31.817038 1.570796 21.479256 -5.750000 66.300285 17.773441 1.288426
DYNAMIC_OBS_INFO 1 -1.750000 31.729483 1.570796 10.616922 -1.750000 34.803425 10.344728 0.655026
STATIC_OBS_INFO 0 -6.300000 60.187302 15.396299 
STATIC_OBS_INFO 1 -6.300000 77.161461 32.351655 
Parent: -18.040498 7.173151 73.000000 20.000000 10.950000 0.000000 -10.000000 1.918282 13.000000 0.000000 0 0 0 1 0 0 0 0
EGO_STATUS -5.250000 44.826849 2.200000 1.570796 7.468722 1.000000 -5.880000
DYNAMIC_OBS_INFO 0 -5.750000 31.817038 1.570796 22.545385 -5.750000 68.084071 17.902283 1.288426
DYNAMIC_OBS_INFO 1 -1.750000 31.729483 1.570796 10.315006 -1.750000 35.841173 10.410231 0.655026
STATIC_OBS_INFO 0 -6.300000 60.187302 14.680668 
STATIC_OBS_INFO 1 -6.300000 77.161461 31.634659 
Parent: -17.201585 6.455768 66.000000 20.000000 9.900000 0.000000 -10.000000 1.873757 12.000000 0.000000 0 0 0 1 0 0 0 0
EGO_STATUS -5.250000 45.544232 2.300000 1.570796 6.880722 1.000000 -5.880000
DYNAMIC_OBS_INFO 0 -5.750000 31.817038 1.570796 23.683296 -5.750000 69.880742 18.031126 1.288426
DYNAMIC_OBS_INFO 1 -1.750000 31.729483 1.570796 9.952949 -1.750000 36.885471 10.475733 0.655026
STATIC_OBS_INFO 0 -6.300000 60.187302 14.023941 
STATIC_OBS_INFO 1 -6.300000 77.161461 30.976537 
Parent: -16.325620 5.797276 59.000000 20.000000 8.850000 0.000000 -10.000000 1.839610 11.000000 0.000000 0 0 0 1 0 0 0 0
EGO_STATUS -5.250000 46.202724 2.400000 1.570796 6.292722 1.000000 -5.880000
DYNAMIC_OBS_INFO 0 -5.750000 31.817038 1.570796 24.892723 -5.750000 71.690297 18.159968 1.288426
DYNAMIC_OBS_INFO 1 -1.750000 31.729483 1.570796 9.532095 -1.750000 37.936320 10.541236 0.655026
STATIC_OBS_INFO 0 -6.300000 60.187302 13.425829 
STATIC_OBS_INFO 1 -6.300000 77.161461 30.377018 
Parent: -16.440152 5.197405 53.000000 20.000000 7.950000 0.000000 -10.000000 1.818953 11.000000 0.000000 0 0 0 1 0 0 0 0
EGO_STATUS -5.250000 46.802595 2.500000 1.570796 5.704722 1.000000 -5.880000
DYNAMIC_OBS_INFO 0 -5.750000 31.817038 1.570796 26.174117 -5.750000 73.512736 18.288811 1.288426
DYNAMIC_OBS_INFO 1 -1.750000 31.729483 1.570796 9.053568 -1.750000 38.993718 10.606738 0.655026
STATIC_OBS_INFO 0 -6.300000 60.187302 12.886755 
STATIC_OBS_INFO 1 -6.300000 77.161461 29.836547 
Parent: -15.544656 4.656605 48.000000 20.000000 7.200000 0.000000 -10.000000 1.816601 10.000000 0.000000 0 0 0 1 0 0 0 0
EGO_STATUS -5.250000 47.343395 2.600000 1.570796 5.116722 1.000000 -5.880000
DYNAMIC_OBS_INFO 0 -5.750000 31.817038 1.570796 27.527140 -5.750000 75.348059 18.417654 1.288426
DYNAMIC_OBS_INFO 1 -1.750000 31.729483 1.570796 8.519894 -1.750000 40.057667 10.672241 0.655026
STATIC_OBS_INFO 0 -6.300000 60.187302 12.406355 
STATIC_OBS_INFO 1 -6.300000 77.161461 29.354786 
Parent: -15.592650 4.174540 43.000000 20.000000 6.450000 0.000000 -10.000000 1.839522 10.000000 0.000000 0 0 0 1 0 0 0 0
EGO_STATUS -5.250000 47.825460 2.700000 1.570796 4.528722 1.000000 -5.880000
DYNAMIC_OBS_INFO 0 -5.750000 31.817038 1.570796 28.951996 -5.750000 77.196266 18.546496 1.288426
DYNAMIC_OBS_INFO 1 -1.750000 31.729483 1.570796 7.934129 -1.750000 41.128167 10.737743 0.655026
STATIC_OBS_INFO 0 -6.300000 60.187302 11.984798 
STATIC_OBS_INFO 1 -6.300000 77.161461 28.931932 
Parent: -14.614386 3.751411 39.000000 20.000000 5.850000 0.000000 -10.000000 1.899102 9.000000 0.000000 0 0 0 1 0 0 0 0
EGO_STATUS -5.250000 48.248589 2.800000 1.570796 3.940722 1.000000 -5.880000
DYNAMIC_OBS_INFO 0 -5.750000 31.817038 1.570796 30.448796 -5.750000 79.057358 18.675339 1.288426
DYNAMIC_OBS_INFO 1 -1.750000 31.729483 1.570796 7.301057 -1.750000 42.205216 10.803246 0.655026
STATIC_OBS_INFO 0 -6.300000 60.187302 11.622163 
STATIC_OBS_INFO 1 -6.300000 77.161461 28.568096 
Parent: -14.541644 3.387333 35.000000 20.000000 5.250000 0.000000 -10.000000 2.014637 9.000000 0.000000 0 0 0 1 0 0 0 0
EGO_STATUS -5.250000 48.612667 2.900000 1.570796 3.352722 1.000000 -5.880000
DYNAMIC_OBS_INFO 0 -5.750000 31.817038 1.570796 32.016919 -5.750000 80.931334 18.804181 1.288426
DYNAMIC_OBS_INFO 1 -1.750000 31.729483 1.570796 6.628824 -1.750000 43.288816 10.868749 0.655026
STATIC_OBS_INFO 0 -6.300000 60.187302 11.317795 
STATIC_OBS_INFO 1 -6.300000 77.161461 28.262653 
Parent: -14.390444 3.081681 32.000000 20.000000 4.800000 0.000000 -10.000000 2.221254 9.000000 0.000000 0 0 0 1 0 0 0 0
EGO_STATUS -5.250000 48.918319 3.000000 1.570796 2.764722 1.000000 -5.880000
DYNAMIC_OBS_INFO 0 -5.750000 31.817038 1.570796 33.658073 -5.750000 82.818194 18.933024 1.288426
DYNAMIC_OBS_INFO 1 -1.750000 31.729483 1.570796 5.928320 -1.750000 44.378966 10.934251 0.655026
STATIC_OBS_INFO 0 -6.300000 60.187302 11.073361 
STATIC_OBS_INFO 1 -6.300000 77.161461 28.017308 
Parent: -13.089811 2.836165 30.000000 20.000000 4.500000 0.000000 -10.000000 2.593988 8.000000 0.000000 0 0 0 1 0 0 0 0
EGO_STATUS -5.250000 49.163835 3.100000 1.570796 2.176722 1.000000 -5.880000
DYNAMIC_OBS_INFO 0 -5.750000 31.817038 1.570796 35.370483 -5.750000 84.717939 19.061866 1.288426
DYNAMIC_OBS_INFO 1 -1.750000 31.729483 1.570796 5.221890 -1.750000 45.475666 10.999754 0.655026
STATIC_OBS_INFO 0 -6.300000 60.187302 10.887064 
STATIC_OBS_INFO 1 -6.300000 77.161461 27.830286 
Parent: -12.396588 2.649010 28.000000 20.000000 4.200000 0.000000 -10.000000 3.313910 8.000000 0.000000 0 0 0 1 0 0 0 0
EGO_STATUS -5.250000 49.350990 3.200000 1.570796 1.588722 1.000000 -5.880000
DYNAMIC_OBS_INFO 0 -5.750000 31.817038 1.570796 37.161458 -5.750000 86.630568 19.190709 1.288426
DYNAMIC_OBS_INFO 1 -1.750000 31.729483 1.570796 4.541219 -1.750000 46.578917 11.065256 0.655026
STATIC_OBS_INFO 0 -6.300000 60.187302 10.766153 
STATIC_OBS_INFO 1 -6.300000 77.161461 27.708889 
Parent: 1492.934155 10.000000 101.000000 20.000000 2600.750000 1277.008427 -10.000000 4.445529 38.000000 0.000000 0 0 1 0 0 0 0 0
Child: 1277.008427 20.972423 211.000000 3060.573132 9865.150000 2.251371 -10.000000 0.000000 0.000000 0.000000 1 0 1 0 0 0 0 0
Child: 2.251371 2.527527 27.000000 20.000000 4.050000 0.000000 0.000000 0.000000 0.000000 0.000000 0 0 1 0 0 0 0 0
EGO_STATUS -5.250000 49.472473 3.300000 1.570796 1.000722 1.000000 -5.880000
DYNAMIC_OBS_INFO 0 -5.750000 31.817038 1.570796 38.970997 -5.750000 88.556081 19.319552 1.288426
DYNAMIC_OBS_INFO 1 -1.750000 31.729483 1.570796 3.982258 -1.750000 47.688717 11.130759 0.655026
STATIC_OBS_INFO 0 -6.300000 60.187302 10.650893 
STATIC_OBS_INFO 1 -6.300000 77.161461 27.593154 
Parent: -3.941351 2.411709 26.000000 0.000000 3.900000 0.000000 0.000000 3.696893 8.000000 0.000000 0 0 0 0 0 0 0 0
EGO_STATUS -5.250000 49.588291 3.400000 1.570796 1.294722 0.000000 2.940000
DYNAMIC_OBS_INFO 0 -5.750000 31.817038 1.570796 40.796599 -5.750000 90.494478 19.448394 1.288426
DYNAMIC_OBS_INFO 1 -1.750000 31.729483 1.570796 3.612837 -1.750000 48.805068 11.196261 0.655026
STATIC_OBS_INFO 0 -6.300000 60.187302 10.538796 
STATIC_OBS_INFO 1 -6.300000 77.161461 27.480585 
Parent: -13.105805 2.299057 24.000000 0.000000 3.600000 0.000000 -10.000000 4.549336 8.000000 0.000000 0 0 0 0 0 0 0 0
EGO_STATUS -5.250000 49.700943 3.500000 1.570796 1.000722 3.000000 -2.940000
DYNAMIC_OBS_INFO 0 -5.750000 31.817038 1.570796 42.665560 -5.750000 92.445759 19.577237 1.288426
DYNAMIC_OBS_INFO 1 -1.750000 31.729483 1.570796 3.502996 -1.750000 49.927970 11.261764 0.655026
STATIC_OBS_INFO 0 -6.300000 60.187302 10.457023 
STATIC_OBS_INFO 1 -6.300000 77.161461 27.398459 
Parent: 1492.853808 10.000000 101.000000 20.000000 2600.750000 1276.856310 -10.000000 4.517300 38.000000 0.000000 0 0 1 0 0 0 0 0
Child: 1276.856310 20.972423 211.000000 3059.761524 9865.150000 2.179923 -10.000000 0.000000 0.000000 0.000000 1 0 1 0 0 0 0 0
Child: 2.179923 2.216871 24.000000 20.000000 3.600000 0.000000 0.000000 0.000000 0.000000 0.000000 0 0 1 0 0 0 0 0
EGO_STATUS -5.250000 49.783129 3.600000 1.570796 0.706722 3.000000 -2.940000
DYNAMIC_OBS_INFO 0 -5.750000 31.817038 1.570796 44.542126 -5.750000 94.409925 19.706079 1.288426
DYNAMIC_OBS_INFO 1 -1.750000 31.729483 1.570796 3.695745 -1.750000 51.057421 11.327267 0.655026
STATIC_OBS_INFO 0 -6.300000 60.187302 10.369992 
STATIC_OBS_INFO 1 -6.300000 77.161461 27.311047 
Parent: -3.466980 2.129394 23.000000 0.000000 3.450000 0.000000 0.000000 4.213611 8.000000 0.000000 0 0 0 0 0 0 0 0
EGO_STATUS -5.250000 49.870606 3.700000 1.570796 1.000722 0.000000 2.940000
DYNAMIC_OBS_INFO 0 -5.750000 31.817038 1.570796 46.436876 -5.750000 96.386975 19.834922 1.288426
DYNAMIC_OBS_INFO 1 -1.750000 31.729483 1.570796 4.155771 -1.750000 52.193423 11.392769 0.655026
STATIC_OBS_INFO 0 -6.300000 60.187302 10.288232 
STATIC_OBS_INFO 1 -6.300000 77.161461 27.228922 
Parent: 1492.795359 10.000000 101.000000 20.000000 2600.750000 1276.810006 -10.000000 4.505155 38.000000 0.000000 0 0 1 0 0 0 0 0
Child: 1276.810006 20.972423 211.000000 3059.413822 9865.150000 2.168180 -10.000000 0.000000 0.000000 0.000000 1 0 1 0 0 0 0 0
Child: 2.168180 2.047208 22.000000 20.000000 3.300000 0.000000 0.000000 0.000000 0.000000 0.000000 0 0 1 0 0 0 0 0
EGO_STATUS -5.250000 49.952792 3.800000 1.570796 0.706722 3.000000 -2.940000
DYNAMIC_OBS_INFO 0 -5.750000 31.817038 1.570796 48.339227 -5.750000 98.376910 19.963764 1.288426
DYNAMIC_OBS_INFO 1 -1.750000 31.729483 1.570796 4.807461 -1.750000 53.335975 11.458272 0.655026
STATIC_OBS_INFO 0 -6.300000 60.187302 10.201216 
STATIC_OBS_INFO 1 -6.300000 77.161461 27.141510 
Parent: -2.828155 1.959732 21.000000 0.000000 3.150000 0.000000 0.000000 3.877885 7.000000 0.000000 0 0 0 0 0 0 0 0
EGO_STATUS -5.250000 50.040268 3.900000 1.570796 1.000722 0.000000 2.940000
DYNAMIC_OBS_INFO 0 -5.750000 31.817038 1.570796 50.259761 -5.750000 100.379728 20.092607 1.288426
DYNAMIC_OBS_INFO 1 -1.750000 31.729483 1.570796 5.593074 -1.750000 54.485077 11.523774 0.655026
STATIC_OBS_INFO 0 -6.300000 60.187302 10.119470 
STATIC_OBS_INFO 1 -6.300000 77.161461 27.059386 
Parent: 1493.739621 10.000000 101.000000 20.000000 2600.750000 1276.766444 -10.000000 4.492979 37.000000 0.000000 0 0 1 0 0 0 0 0
Child: 1276.766444 20.972423 211.000000 3059.066120 9865.150000 2.159178 -10.000000 0.000000 0.000000 0.000000 1 0 1 0 0 0 0 0
Child: 2.159178 1.877546 20.000000 20.000000 3.000000 0.000000 0.000000 0.000000 0.000000 0.000000 0 0 1 0 0 0 0 0
EGO_STATUS -5.250000 50.122454 4.000000 1.570796 0.706722 3.000000 -2.940000
DYNAMIC_OBS_INFO 0 -5.750000 31.817038 1.570796 52.187895 -5.750000 102.395431 20.221449 1.288426
DYNAMIC_OBS_INFO 1 -1.750000 31.729483 1.570796 6.460927 -1.750000 55.640730 11.589277 0.655026
STATIC_OBS_INFO 0 -6.300000 60.187302 10.032469 
STATIC_OBS_INFO 1 -6.300000 77.161461 26.971975 
Parent: -3.189330 1.790069 19.000000 0.000000 2.850000 0.000000 0.000000 3.542159 7.000000 0.000000 0 0 0 0 0 0 0 0
EGO_STATUS -5.250000 50.209931 4.100000 1.570796 1.000722 0.000000 2.940000
DYNAMIC_OBS_INFO 0 -5.750000 31.817038 1.570796 54.134210 -5.750000 104.424018 20.350292 1.288426
DYNAMIC_OBS_INFO 1 -1.750000 31.729483 1.570796 7.391936 -1.750000 56.802933 11.654779 0.655026
STATIC_OBS_INFO 0 -6.300000 60.187302 9.950738 
STATIC_OBS_INFO 1 -6.300000 77.161461 26.889852 
Parent: -11.977999 1.707883 19.000000 0.000000 2.850000 0.000000 -10.000000 4.765818 7.000000 0.000000 0 0 0 0 0 0 0 0
EGO_STATUS -5.250000 50.292117 4.200000 1.570796 0.706722 3.000000 -2.940000
DYNAMIC_OBS_INFO 0 -5.750000 31.817038 1.570796 56.139763 -5.750000 106.465489 20.479135 1.288426
DYNAMIC_OBS_INFO 1 -1.750000 31.729483 1.570796 8.406941 -1.750000 57.971686 11.720282 0.655026
STATIC_OBS_INFO 0 -6.300000 60.187302 9.915103 
STATIC_OBS_INFO 1 -6.300000 77.161461 26.854043 
Parent: 1493.703726 10.000000 101.000000 20.000000 2600.750000 1276.663978 -10.000000 4.559550 37.000000 0.000000 0 0 1 0 0 0 0 0
Child: 1276.663978 20.972423 211.000000 3058.543705 9865.150000 2.108637 -10.000000 0.000000 0.000000 0.000000 1 0 1 0 0 0 0 0
Child: 2.108637 1.672047 18.000000 20.000000 2.700000 0.000000 0.000000 0.000000 0.000000 0.000000 0 0 1 0 0 0 0 0
EGO_STATUS -5.250000 50.327953 4.300000 1.570796 0.457044 3.000000 -2.940000
DYNAMIC_OBS_INFO 0 -5.750000 31.817038 1.570796 58.126556 -5.750000 108.519845 20.607977 1.288426
DYNAMIC_OBS_INFO 1 -1.750000 31.729483 1.570796 9.425477 -1.750000 59.146989 11.785785 0.655026
STATIC_OBS_INFO 0 -6.300000 60.187302 9.847999 
STATIC_OBS_INFO 1 -6.300000 77.161461 26.786609 
Parent: -2.542580 1.604561 18.000000 0.000000 2.700000 0.000000 0.000000 4.216736 7.000000 0.000000 0 0 0 0 0 0 0 0
EGO_STATUS -5.250000 50.395439 4.400000 1.570796 0.751044 0.000000 2.940000
DYNAMIC_OBS_INFO 0 -5.750000 31.817038 1.570796 60.155671 -5.750000 110.587085 20.736820 1.288426
DYNAMIC_OBS_INFO 1 -1.750000 31.729483 1.570796 10.496093 -1.750000 60.328843 11.851287 0.655026
STATIC_OBS_INFO 0 -6.300000 60.187302 9.810164 
STATIC_OBS_INFO 1 -6.300000 77.161461 26.748586 
Parent: 1493.640360 10.000000 101.000000 20.000000 2600.750000 1276.612182 -10.000000 4.547980 37.000000 0.000000 0 0 1 0 0 0 0 0
Child: 1276.612182 20.972423 211.000000 3058.331564 9865.150000 2.077927 -10.000000 0.000000 0.000000 0.000000 1 0 1 0 0 0 0 0
Child: 2.077927 1.566508 17.000000 20.000000 2.550000 0.000000 0.000000 0.000000 0.000000 0.000000 0 0 1 0 0 0 0 0
EGO_STATUS -5.250000 50.433492 4.500000 1.570796 0.469060 3.000000 -2.940000
DYNAMIC_OBS_INFO 0 -5.750000 31.817038 1.570796 62.167330 -5.750000 112.667209 20.865662 1.288426
DYNAMIC_OBS_INFO 1 -1.750000 31.729483 1.570796 11.558031 -1.750000 61.517246 11.916790 0.655026
STATIC_OBS_INFO 0 -6.300000 60.187302 9.742162 
STATIC_OBS_INFO 1 -6.300000 77.161461 26.680241 
Parent: -2.899492 1.498110 16.000000 0.000000 2.400000 0.000000 0.000000 3.875791 7.000000 0.000000 0 0 0 0 0 0 0 0
EGO_STATUS -5.250000 50.501890 4.600000 1.570796 0.763060 0.000000 2.940000
DYNAMIC_OBS_INFO 0 -5.750000 31.817038 1.570796 64.221621 -5.750000 114.760217 20.994505 1.288426
DYNAMIC_OBS_INFO 1 -1.750000 31.729483 1.570796 12.664883 -1.750000 62.712200 11.982292 0.655026
STATIC_OBS_INFO 0 -6.300000 60.187302 9.703735 
STATIC_OBS_INFO 1 -6.300000 77.161461 26.641618 
Parent: 1493.575377 10.000000 101.000000 20.000000 2600.750000 1276.555900 -10.000000 4.539279 37.000000 0.000000 0 0 1 0 0 0 0 0
Child: 1276.555900 20.972423 211.000000 3058.114295 9865.150000 2.043240 -10.000000 0.000000 0.000000 0.000000 1 0 1 0 0 0 0 0
Child: 2.043240 1.459457 16.000000 20.000000 2.400000 0.000000 0.000000 0.000000 0.000000 0.000000 0 0 1 0 0 0 0 0
EGO_STATUS -5.250000 50.540543 4.700000 1.570796 0.471980 3.000000 -2.940000
DYNAMIC_OBS_INFO 0 -5.750000 31.817038 1.570796 66.258834 -5.750000 116.866110 21.123347 1.288426
DYNAMIC_OBS_INFO 1 -1.750000 31.729483 1.570796 13.757210 -1.750000 63.913705 12.047795 0.655026
STATIC_OBS_INFO 0 -6.300000 60.187302 9.635521 
STATIC_OBS_INFO 1 -6.300000 77.161461 26.573051 
Parent: -3.206649 1.390837 15.000000 0.000000 2.250000 0.000000 0.000000 3.584725 7.000000 0.000000 0 0 0 0 0 0 0 0
EGO_STATUS -5.250000 50.609163 4.800000 1.570796 0.765980 0.000000 2.940000
DYNAMIC_OBS_INFO 0 -5.750000 31.817038 1.570796 68.338754 -5.750000 118.984887 21.252190 1.288426
DYNAMIC_OBS_INFO 1 -1.750000 31.729483 1.570796 14.890964 -1.750000 65.121759 12.113297 0.655026
STATIC_OBS_INFO 0 -6.300000 60.187302 9.596954 
STATIC_OBS_INFO 1 -6.300000 77.161461 26.534282 
Parent: 1493.507911 10.000000 101.000000 20.000000 2600.750000 1276.496440 -10.000000 4.531273 37.000000 0.000000 0 0 1 0 0 0 0 0
Child: 1276.496440 20.972423 211.000000 3057.895547 9865.150000 2.005523 -10.000000 0.000000 0.000000 0.000000 1 0 1 0 0 0 0 0
Child: 2.005523 1.352038 15.000000 20.000000 2.250000 0.000000 0.000000 0.000000 0.000000 0.000000 0 0 1 0 0 0 0 0
EGO_STATUS -5.250000 50.647962 4.900000 1.570796 0.472667 3.000000 -2.940000
DYNAMIC_OBS_INFO 0 -5.750000 31.817038 1.570796 70.401689 -5.750000 121.116548 21.381033 1.288426
DYNAMIC_OBS_INFO 1 -1.750000 31.729483 1.570796 16.007060 -1.750000 66.336364 12.178800 0.655026
STATIC_OBS_INFO 0 -6.300000 60.187302 9.528696 
STATIC_OBS_INFO 1 -6.300000 77.161461 26.465663 
Parent: -3.502694 1.283366 14.000000 0.000000 2.100000 0.000000 0.000000 3.304802 7.000000 0.000000 0 0 0 0 0 0 0 0
EGO_STATUS -5.250000 50.716634 5.000000 1.570796 0.766667 0.000000 2.940000
DYNAMIC_OBS_INFO 0 -5.750000 31.817038 1.570796 72.507349 -5.750000 123.261093 21.509875 1.288426
DYNAMIC_OBS_INFO 1 -1.750000 31.729483 1.570796 17.162719 -1.750000 67.557519 12.244302 0.655026
STATIC_OBS_INFO 0 -6.300000 60.187302 9.490100 
STATIC_OBS_INFO 1 -6.300000 77.161461 26.426861 
Parent: 1493.437341 10.000000 101.000000 20.000000 2600.750000 1276.433723 -10.000000 4.523420 37.000000 0.000000 0 0 1 0 0 0 0 0
Child: 1276.433723 20.972423 211.000000 3057.676450 9865.150000 1.964583 -10.000000 0.000000 0.000000 0.000000 1 0 1 0 0 0 0 0
Child: 1.964583 1.244532 14.000000 20.000000 2.100000 0.000000 0.000000 0.000000 0.000000 0.000000 0 0 1 0 0 0 0 0
EGO_STATUS -5.250000 50.755468 5.100000 1.570796 0.472828 3.000000 -2.940000
DYNAMIC_OBS_INFO 0 -5.750000 31.817038 1.570796 74.596046 -5.750000 125.418523 21.638718 1.288426
DYNAMIC_OBS_INFO 1 -1.750000 31.729483 1.570796 18.298910 -1.750000 68.785225 12.309805 0.655026
STATIC_OBS_INFO 0 -6.300000 60.187302 9.421840 
STATIC_OBS_INFO 1 -6.300000 77.161461 26.358230 
Parent: -3.796318 1.175847 13.000000 0.000000 1.950000 0.000000 0.000000 3.027305 7.000000 0.000000 0 0 0 0 0 0 0 0
EGO_STATUS -5.250000 50.824153 5.200000 1.570796 0.766828 0.000000 2.940000
DYNAMIC_OBS_INFO 0 -5.750000 31.817038 1.570796 76.727472 -5.750000 127.588837 21.767560 1.288426
DYNAMIC_OBS_INFO 1 -1.750000 31.729483 1.570796 19.473597 -1.750000 70.019480 12.375308 0.655026
STATIC_OBS_INFO 0 -6.300000 60.187302 9.383242 
STATIC_OBS_INFO 1 -6.300000 77.161461 26.319420 
Parent: -12.120037 1.137006 13.000000 0.000000 1.950000 0.000000 -10.000000 4.709412 7.000000 0.000000 0 0 0 0 0 0 0 0
EGO_STATUS -5.250000 50.862994 5.300000 1.570796 0.472865 3.000000 -2.940000
DYNAMIC_OBS_INFO 0 -5.750000 31.817038 1.570796 78.886482 -5.750000 129.772035 21.896403 1.288426
DYNAMIC_OBS_INFO 1 -1.750000 31.729483 1.570796 20.671604 -1.750000 71.260286 12.440810 0.655026
STATIC_OBS_INFO 0 -6.300000 60.187302 9.359250 
STATIC_OBS_INFO 1 -6.300000 77.161461 26.295296 
Parent: 1493.349169 10.000000 101.000000 20.000000 2600.750000 1276.318277 -10.000000 4.550694 37.000000 0.000000 0 0 1 0 0 0 0 0
Child: 1276.318277 20.972423 211.000000 3057.375746 9865.150000 1.879026 -10.000000 0.000000 0.000000 0.000000 1 0 1 0 0 0 0 0
Child: 1.879026 1.112863 13.000000 20.000000 1.950000 0.000000 0.000000 0.000000 0.000000 0.000000 0 0 1 0 0 0 0 0
EGO_STATUS -5.250000 50.887137 5.400000 1.570796 0.361115 3.000000 -2.940000
DYNAMIC_OBS_INFO 0 -5.750000 31.817038 1.570796 81.022088 -5.750000 131.968117 22.025245 1.288426
DYNAMIC_OBS_INFO 1 -1.750000 31.729483 1.570796 21.842313 -1.750000 72.507642 12.506313 0.655026
STATIC_OBS_INFO 0 -6.300000 60.187302 9.299199 
STATIC_OBS_INFO 1 -6.300000 77.161461 26.234909 
Parent: -3.677485 1.052428 12.000000 0.000000 1.800000 0.000000 0.000000 3.164651 7.000000 0.000000 0 0 0 0 0 0 0 0
EGO_STATUS -5.250000 50.947572 5.500000 1.570796 0.655115 0.000000 2.940000
DYNAMIC_OBS_INFO 0 -5.750000 31.817038 1.570796 83.197758 -5.750000 134.177084 22.154088 1.288426
DYNAMIC_OBS_INFO 1 -1.750000 31.729483 1.570796 23.048020 -1.750000 73.761549 12.571815 0.655026
STATIC_OBS_INFO 0 -6.300000 60.187302 9.266157 
STATIC_OBS_INFO 1 -6.300000 77.161461 26.201680 
Parent: -12.323272 1.019172 12.000000 0.000000 1.800000 0.000000 -10.000000 4.523852 7.000000 0.000000 0 0 0 0 0 0 0 0
EGO_STATUS -5.250000 50.980828 5.600000 1.570796 0.440577 3.000000 -2.940000
DYNAMIC_OBS_INFO 0 -5.750000 31.817038 1.570796 85.397042 -5.750000 136.398935 22.282930 1.288426
DYNAMIC_OBS_INFO 1 -1.750000 31.729483 1.570796 24.272319 -1.750000 75.022006 12.637318 0.655026
STATIC_OBS_INFO 0 -6.300000 60.187302 9.243774 
STATIC_OBS_INFO 1 -6.300000 77.161461 26.179169 
Parent: 1494.405092 10.000000 101.000000 20.000000 2600.750000 1276.376852 -10.000000 4.548042 36.000000 0.000000 0 0 1 0 0 0 0 0
Child: 1276.376852 20.972423 211.000000 3057.134548 9865.150000 1.961575 -10.000000 0.000000 0.000000 0.000000 1 0 1 0 0 0 0 0
Child: 1.961575 0.996643 11.000000 20.000000 1.650000 0.000000 0.000000 0.000000 0.000000 0.000000 0 0 1 0 0 0 0 0
EGO_STATUS -5.250000 51.003357 5.700000 1.570796 0.343573 3.000000 -2.940000
DYNAMIC_OBS_INFO 0 -5.750000 31.817038 1.570796 87.572549 -5.750000 138.633670 22.411773 1.288426
DYNAMIC_OBS_INFO 1 -1.750000 31.729483 1.570796 25.468107 -1.750000 76.289012 12.702820 0.655026
STATIC_OBS_INFO 0 -6.300000 60.187302 9.184967 
STATIC_OBS_INFO 1 -6.300000 77.161461 26.120025 
Parent: -2.964106 0.937451 11.000000 0.000000 1.650000 0.000000 0.000000 2.895276 6.000000 0.000000 0 0 0 0 0 0 0 0
EGO_STATUS -5.250000 51.062549 5.800000 1.570796 0.637573 0.000000 2.940000
DYNAMIC_OBS_INFO 0 -5.750000 31.817038 1.570796 89.787754 -5.750000 140.881289 22.540616 1.288426
DYNAMIC_OBS_INFO 1 -1.750000 31.729483 1.570796 26.698054 -1.750000 77.562570 12.768323 0.655026
STATIC_OBS_INFO 0 -6.300000 60.187302 9.152802 
STATIC_OBS_INFO 1 -6.300000 77.161461 26.087672 
Parent: -11.790761 0.905073 11.000000 0.000000 1.650000 0.000000 -10.000000 4.073479 6.000000 0.000000 0 0 0 0 0 0 0 0
EGO_STATUS -5.250000 51.094927 5.900000 1.570796 0.434373 3.000000 -2.940000
DYNAMIC_OBS_INFO 0 -5.750000 31.817038 1.570796 92.026005 -5.750000 143.141793 22.669458 1.288426
DYNAMIC_OBS_INFO 1 -1.750000 31.729483 1.570796 27.945573 -1.750000 78.842677 12.833826 0.655026
STATIC_OBS_INFO 0 -6.300000 60.187302 9.130730 
STATIC_OBS_INFO 1 -6.300000 77.161461 26.065472 
Parent: 1494.311368 10.000000 101.000000 20.000000 2600.750000 1276.290275 -10.000000 4.540895 36.000000 0.000000 0 0 1 0 0 0 0 0
Child: 1276.290275 20.972423 211.000000 3056.901763 9865.150000 1.898136 -10.000000 0.000000 0.000000 0.000000 1 0 1 0 0 0 0 0
Child: 1.898136 0.882854 10.000000 20.000000 1.500000 0.000000 0.000000 0.000000 0.000000 0.000000 0 0 1 0 0 0 0 0
EGO_STATUS -5.250000 51.117146 6.000000 1.570796 0.340083 3.000000 -2.940000
DYNAMIC_OBS_INFO 0 -5.750000 31.817038 1.570796 94.240415 -5.750000 145.415181 22.798301 1.288426
DYNAMIC_OBS_INFO 1 -1.750000 31.729483 1.570796 29.164023 -1.750000 80.129335 12.899328 0.655026
STATIC_OBS_INFO 0 -6.300000 60.187302 9.072177 
STATIC_OBS_INFO 1 -6.300000 77.161461 26.006574 
Parent: -3.318025 0.823908 10.000000 0.000000 1.500000 0.000000 0.000000 2.558389 6.000000 0.000000 0 0 0 0 0 0 0 0
EGO_STATUS -5.250000 51.176092 6.100000 1.570796 0.634083 0.000000 2.940000
DYNAMIC_OBS_INFO 0 -5.750000 31.817038 1.570796 96.494452 -5.750000 147.701453 22.927143 1.288426
DYNAMIC_OBS_INFO 1 -1.750000 31.729483 1.570796 30.416290 -1.750000 81.422543 12.964831 0.655026
STATIC_OBS_INFO 0 -6.300000 60.187302 9.040190 
STATIC_OBS_INFO 1 -6.300000 77.161461 25.974396 
Parent: -12.307789 0.791703 9.000000 0.000000 1.350000 0.000000 -10.000000 3.573456 6.000000 0.000000 0 0 0 0 0 0 0 0
EGO_STATUS -5.250000 51.208297 6.200000 1.570796 0.433102 3.000000 -2.940000
DYNAMIC_OBS_INFO 0 -5.750000 31.817038 1.570796 98.771424 -5.750000 150.000610 23.055986 1.288426
DYNAMIC_OBS_INFO 1 -1.750000 31.729483 1.570796 31.685747 -1.750000 82.722301 13.030333 0.655026
STATIC_OBS_INFO 0 -6.300000 60.187302 9.018186 
STATIC_OBS_INFO 1 -6.300000 77.161461 25.952259 
Parent: -11.479138 0.769548 9.000000 0.000000 1.350000 0.000000 -10.000000 4.405430 6.000000 0.000000 0 0 0 0 0 0 0 0
EGO_STATUS -5.250000 51.230452 6.300000 1.570796 0.339364 3.000000 -2.940000
DYNAMIC_OBS_INFO 0 -5.750000 31.817038 1.570796 101.065967 -5.750000 152.312650 23.184828 1.288426
DYNAMIC_OBS_INFO 1 -1.750000 31.729483 1.570796 32.967008 -1.750000 84.028609 13.095836 0.655026
STATIC_OBS_INFO 0 -6.300000 60.187302 9.000837 
STATIC_OBS_INFO 1 -6.300000 77.161461 25.934805 
Parent: 1494.179389 10.000000 101.000000 20.000000 2600.750000 1276.148496 -10.000000 4.550696 36.000000 0.000000 0 0 1 0 0 0 0 0
Child: 1276.148496 20.972423 211.000000 3056.622623 9865.150000 1.784101 -10.000000 0.000000 0.000000 0.000000 1 0 1 0 0 0 0 0
Child: 1.784101 0.752080 9.000000 20.000000 1.350000 0.000000 0.000000 0.000000 0.000000 0.000000 0 0 1 0 0 0 0 0
EGO_STATUS -5.250000 51.247920 6.400000 1.570796 0.281830 3.000000 -2.940000
DYNAMIC_OBS_INFO 0 -5.750000 31.817038 1.570796 103.335926 -5.750000 154.637575 23.313671 1.288426
DYNAMIC_OBS_INFO 1 -1.750000 31.729483 1.570796 34.218078 -1.750000 85.341468 13.161338 0.655026
STATIC_OBS_INFO 0 -6.300000 60.187302 8.946274 
STATIC_OBS_INFO 1 -6.300000 77.161461 25.879910 
Parent: -3.515418 0.697141 8.000000 0.000000 1.200000 0.000000 0.000000 2.380011 6.000000 0.000000 0 0 0 0 0 0 0 0
EGO_STATUS -5.250000 51.302859 6.500000 1.570796 0.575830 0.000000 2.940000
DYNAMIC_OBS_INFO 0 -5.750000 31.817038 1.570796 105.644417 -5.750000 156.975385 23.442514 1.288426
DYNAMIC_OBS_INFO 1 -1.750000 31.729483 1.570796 35.501674 -1.750000 86.660877 13.226841 0.655026
STATIC_OBS_INFO 0 -6.300000 60.187302 8.917186 
STATIC_OBS_INFO 1 -6.300000 77.161461 25.850643 
Parent: -12.720269 0.667849 8.000000 0.000000 1.200000 0.000000 -10.000000 3.179554 6.000000 0.000000 0 0 0 0 0 0 0 0
EGO_STATUS -5.250000 51.332151 6.600000 1.570796 0.410090 3.000000 -2.940000
DYNAMIC_OBS_INFO 0 -5.750000 31.817038 1.570796 107.974080 -5.750000 159.326078 23.571356 1.288426
DYNAMIC_OBS_INFO 1 -1.750000 31.729483 1.570796 36.800497 -1.750000 87.986836 13.292344 0.655026
STATIC_OBS_INFO 0 -6.300000 60.187302 8.896328 
STATIC_OBS_INFO 1 -6.300000 77.161461 25.829656 
Parent: -12.053315 0.646845 8.000000 0.000000 1.200000 0.000000 -10.000000 3.849658 6.000000 0.000000 0 0 0 0 0 0 0 0
EGO_STATUS -5.250000 51.353155 6.700000 1.570796 0.326053 3.000000 -2.940000
DYNAMIC_OBS_INFO 0 -5.750000 31.817038 1.570796 110.320831 -5.750000 161.689656 23.700199 1.288426
DYNAMIC_OBS_INFO 1 -1.750000 31.729483 1.570796 38.110445 -1.750000 89.319346 13.357846 0.655026
STATIC_OBS_INFO 0 -6.300000 60.187302 8.879643 
STATIC_OBS_INFO 1 -6.300000 77.161461 25.812867 
Parent: -11.452078 0.630042 8.000000 0.000000 1.200000 0.000000 -10.000000 4.453416 6.000000 0.000000 0 0 0 0 0 0 0 0
EGO_STATUS -5.250000 51.369958 6.800000 1.570796 0.272948 3.000000 -2.940000
DYNAMIC_OBS_INFO 0 -5.750000 31.817038 1.570796 112.683122 -5.750000 164.066118 23.829041 1.288426
DYNAMIC_OBS_INFO 1 -1.750000 31.729483 1.570796 39.429946 -1.750000 90.658405 13.423349 0.655026
STATIC_OBS_INFO 0 -6.300000 60.187302 8.865595 
STATIC_OBS_INFO 1 -6.300000 77.161461 25.798731 
Parent: 1494.004390 10.000000 101.000000 20.000000 2600.750000 1275.968099 -10.000000 4.556093 36.000000 0.000000 0 0 1 0 0 0 0 0
Child: 1275.968099 20.972423 211.000000 3056.336742 9865.150000 1.632121 -10.000000 0.000000 0.000000 0.000000 1 0 1 0 0 0 0 0
Child: 1.632121 0.615895 8.000000 20.000000 1.200000 0.000000 0.000000 0.000000 0.000000 0.000000 0 0 1 0 0 0 0 0
EGO_STATUS -5.250000 51.384105 6.900000 1.570796 0.235747 3.000000 -2.940000
DYNAMIC_OBS_INFO 0 -5.750000 31.817038 1.570796 115.020546 -5.750000 166.455464 23.957884 1.288426
DYNAMIC_OBS_INFO 1 -1.750000 31.729483 1.570796 40.718712 -1.750000 92.004015 13.488851 0.655026
STATIC_OBS_INFO 0 -6.300000 60.187302 8.814063 
STATIC_OBS_INFO 1 -6.300000 77.161461 25.746875 
Parent: -3.825551 0.563996 7.000000 0.000000 1.050000 0.000000 0.000000 2.089850 6.000000 0.000000 0 0 0 0 0 0 0 0
EGO_STATUS -5.250000 51.436004 7.000000 1.570796 0.529747 0.000000 2.940000
DYNAMIC_OBS_INFO 0 -5.750000 31.817038 1.570796 117.395768 -5.750000 168.857695 24.086726 1.288426
DYNAMIC_OBS_INFO 1 -1.750000 31.729483 1.570796 42.039135 -1.750000 93.356176 13.554354 0.655026
STATIC_OBS_INFO 0 -6.300000 60.187302 8.787269 
STATIC_OBS_INFO 1 -6.300000 77.161461 25.719911 
Parent: -13.230921 0.537008 7.000000 0.000000 1.050000 0.000000 -10.000000 2.688527 6.000000 0.000000 0 0 0 0 0 0 0 0
EGO_STATUS -5.250000 51.462992 7.100000 1.570796 0.389481 3.000000 -2.940000
DYNAMIC_OBS_INFO 0 -5.750000 31.817038 1.570796 119.790887 -5.750000 171.272809 24.215569 1.288426
DYNAMIC_OBS_INFO 1 -1.750000 31.729483 1.570796 43.373367 -1.750000 94.714886 13.619856 0.655026
STATIC_OBS_INFO 0 -6.300000 60.187302 8.767438 
STATIC_OBS_INFO 1 -6.300000 77.161461 25.699953 
Parent: -12.727755 0.517034 7.000000 0.000000 1.050000 0.000000 -10.000000 3.194690 6.000000 0.000000 0 0 0 0 0 0 0 0
EGO_STATUS -5.250000 51.482966 7.200000 1.570796 0.313683 3.000000 -2.940000
DYNAMIC_OBS_INFO 0 -5.750000 31.817038 1.570796 122.202681 -5.750000 173.700808 24.344412 1.288426
DYNAMIC_OBS_INFO 1 -1.750000 31.729483 1.570796 44.718176 -1.750000 96.080147 13.685359 0.655026
STATIC_OBS_INFO 0 -6.300000 60.187302 8.751371 
STATIC_OBS_INFO 1 -6.300000 77.161461 25.683783 
Parent: -12.276155 0.500850 7.000000 0.000000 1.050000 0.000000 -10.000000 3.648717 6.000000 0.000000 0 0 0 0 0 0 0 0
EGO_STATUS -5.250000 51.499150 7.300000 1.570796 0.264535 3.000000 -2.940000
DYNAMIC_OBS_INFO 0 -5.750000 31.817038 1.570796 124.629818 -5.750000 176.141692 24.473254 1.288426
DYNAMIC_OBS_INFO 1 -1.750000 31.729483 1.570796 46.072217 -1.750000 97.451958 13.750861 0.655026
STATIC_OBS_INFO 0 -6.300000 60.187302 8.737743 
STATIC_OBS_INFO 1 -6.300000 77.161461 25.670067 
Parent: -11.860718 0.487123 6.000000 0.000000 0.900000 0.000000 -10.000000 4.066214 6.000000 0.000000 0 0 0 0 0 0 0 0
EGO_STATUS -5.250000 51.512877 7.400000 1.570796 0.229595 3.000000 -2.940000
DYNAMIC_OBS_INFO 0 -5.750000 31.817038 1.570796 127.071586 -5.750000 178.595459 24.602097 1.288426
DYNAMIC_OBS_INFO 1 -1.750000 31.729483 1.570796 47.434764 -1.750000 98.830319 13.816364 0.655026
STATIC_OBS_INFO 0 -6.300000 60.187302 8.725850 
STATIC_OBS_INFO 1 -6.300000 77.161461 25.658098 
Parent: -11.473321 0.475143 6.000000 0.000000 0.900000 0.000000 -10.000000 4.455407 6.000000 0.000000 0 0 0 0 0 0 0 0
EGO_STATUS -5.250000 51.524857 7.500000 1.570796 0.203288 3.000000 -2.940000
DYNAMIC_OBS_INFO 0 -5.750000 31.817038 1.570796 129.527555 -5.750000 181.062111 24.730939 1.288426
DYNAMIC_OBS_INFO 1 -1.750000 31.729483 1.570796 48.805370 -1.750000 100.215231 13.881867 0.655026
STATIC_OBS_INFO 0 -6.300000 60.187302 8.715264 
STATIC_OBS_INFO 1 -6.300000 77.161461 25.647442 
Parent: -11.108964 0.464479 6.000000 0.000000 0.900000 0.000000 -10.000000 4.821364 6.000000 0.000000 0 0 0 0 0 0 0 0
EGO_STATUS -5.250000 51.535521 7.600000 1.570796 0.182675 3.000000 -2.940000
DYNAMIC_OBS_INFO 0 -5.750000 31.817038 1.570796 131.997439 -5.750000 183.541647 24.859782 1.288426
DYNAMIC_OBS_INFO 1 -1.750000 31.729483 1.570796 50.183738 -1.750000 101.606693 13.947369 0.655026
STATIC_OBS_INFO 0 -6.300000 60.187302 8.705700 
STATIC_OBS_INFO 1 -6.300000 77.161461 25.637816 
Parent: 1493.934580 10.000000 101.000000 20.000000 2600.750000 1275.886760 -10.000000 4.567622 36.000000 0.000000 0 0 1 0 0 0 0 0
Child: 1275.886760 20.972423 211.000000 3055.998735 9865.150000 1.584378 -10.000000 0.000000 0.000000 0.000000 1 0 1 0 0 0 0 0
Child: 1.584378 0.454845 6.000000 20.000000 0.900000 0.000000 0.000000 0.000000 0.000000 0.000000 0 0 1 0 0 0 0 0
EGO_STATUS -5.250000 51.545155 7.700000 1.570796 0.166040 3.000000 -2.940000
DYNAMIC_OBS_INFO 0 -5.750000 31.817038 1.570796 134.442311 -5.750000 186.034067 24.988624 1.288426
DYNAMIC_OBS_INFO 1 -1.750000 31.729483 1.570796 51.531017 -1.750000 103.004705 14.012872 0.655026
STATIC_OBS_INFO 0 -6.300000 60.187302 8.658518 
STATIC_OBS_INFO 1 -6.300000 77.161461 25.590325 
Parent: -4.205800 0.407314 6.000000 0.000000 0.900000 0.000000 0.000000 1.733103 6.000000 0.000000 0 0 0 0 0 0 0 0
EGO_STATUS -5.250000 51.592686 7.800000 1.570796 0.460040 0.000000 2.940000
DYNAMIC_OBS_INFO 0 -5.750000 31.817038 1.570796 136.904616 -5.750000 188.539372 25.117467 1.288426
DYNAMIC_OBS_INFO 1 -1.750000 31.729483 1.570796 52.889532 -1.750000 104.409267 14.078374 0.655026
STATIC_OBS_INFO 0 -6.300000 60.187302 8.615853 
STATIC_OBS_INFO 1 -6.300000 77.161461 25.547378 
Parent: -14.304490 0.364331 5.000000 0.000000 0.750000 0.000000 -10.000000 1.640860 6.000000 0.000000 0 0 0 0 0 0 0 0
EGO_STATUS -5.250000 51.635669 7.900000 1.570796 0.434073 7.000000 -0.259673
DYNAMIC_OBS_INFO 0 -5.750000 31.817038 1.570796 139.382596 -5.750000 191.057561 25.246309 1.288426
DYNAMIC_OBS_INFO 1 -1.750000 31.729483 1.570796 54.257523 -1.750000 105.820379 14.143877 0.655026
STATIC_OBS_INFO 0 -6.300000 60.187302 8.575962 
STATIC_OBS_INFO 1 -6.300000 77.161461 25.507220 
Parent: -14.401324 0.324139 5.000000 0.000000 0.750000 0.000000 -10.000000 1.550055 6.000000 0.000000 0 0 0 0 0 0 0 0
EGO_STATUS -5.250000 51.675861 8.000000 1.570796 0.408228 7.000000 -0.258446
DYNAMIC_OBS_INFO 0 -5.750000 31.817038 1.570796 141.876267 -5.750000 193.588634 25.375152 1.288426
DYNAMIC_OBS_INFO 1 -1.750000 31.729483 1.570796 55.634996 -1.750000 107.238042 14.209379 0.655026
STATIC_OBS_INFO 0 -6.300000 60.187302 8.538858 
STATIC_OBS_INFO 1 -6.300000 77.161461 25.469865 
Parent: -14.495971 0.286752 4.000000 0.000000 0.600000 0.000000 -10.000000 1.461016 6.000000 0.000000 0 0 0 0 0 0 0 0
EGO_STATUS -5.250000 51.713248 8.100000 1.570796 0.382537 7.000000 -0.256912
DYNAMIC_OBS_INFO 0 -5.750000 31.817038 1.570796 144.385643 -5.750000 196.132591 25.503995 1.288426
DYNAMIC_OBS_INFO 1 -1.750000 31.729483 1.570796 57.021958 -1.750000 108.662255 14.274882 0.655026
STATIC_OBS_INFO 0 -6.300000 60.187302 8.504556 
STATIC_OBS_INFO 1 -6.300000 77.161461 25.435329 
Parent: -14.588004 0.252186 4.000000 0.000000 0.600000 0.000000 -10.000000 1.374168 6.000000 0.000000 0 0 0 0 0 0 0 0
EGO_STATUS -5.250000 51.747814 8.200000 1.570796 0.357039 7.000000 -0.254985
DYNAMIC_OBS_INFO 0 -5.750000 31.817038 1.570796 146.910747 -5.750000 198.689433 25.632837 1.288426
DYNAMIC_OBS_INFO 1 -1.750000 31.729483 1.570796 58.418423 -1.750000 110.093019 14.340385 0.655026
STATIC_OBS_INFO 0 -6.300000 60.187302 8.473076 
STATIC_OBS_INFO 1 -6.300000 77.161461 25.403632 
Parent: -14.676860 0.220463 4.000000 0.000000 0.600000 0.000000 -10.000000 1.290071 6.000000 0.000000 0 0 0 0 0 0 0 0
EGO_STATUS -5.250000 51.779537 8.300000 1.570796 0.331784 7.000000 -0.252545
DYNAMIC_OBS_INFO 0 -5.750000 31.817038 1.570796 149.451601 -5.750000 201.259159 25.761680 1.288426
DYNAMIC_OBS_INFO 1 -1.750000 31.729483 1.570796 59.824409 -1.750000 111.530332 14.405887 0.655026
STATIC_OBS_INFO 0 -6.300000 60.187302 8.444443 
STATIC_OBS_INFO 1 -6.300000 77.161461 25.374801 
Parent: -14.761779 0.191606 3.000000 0.000000 0.450000 0.000000 -10.000000 1.209480 6.000000 0.000000 0 0 0 0 0 0 0 0
EGO_STATUS -5.250000 51.808394 8.400000 1.570796 0.306841 7.000000 -0.249431
DYNAMIC_OBS_INFO 0 -5.750000 31.817038 1.570796 152.008241 -5.750000 203.841769 25.890522 1.288426
DYNAMIC_OBS_INFO 1 -1.750000 31.729483 1.570796 61.239944 -1.750000 112.974196 14.471390 0.655026
STATIC_OBS_INFO 0 -6.300000 60.187302 8.418688 
STATIC_OBS_INFO 1 -6.300000 77.161461 25.348867 
Parent: -14.841721 0.165650 3.000000 0.000000 0.450000 0.000000 -10.000000 1.133432 6.000000 0.000000 0 0 0 0 0 0 0 0
EGO_STATUS -5.250000 51.834350 8.500000 1.570796 0.282298 7.000000 -0.245429
DYNAMIC_OBS_INFO 0 -5.750000 31.817038 1.570796 154.580712 -5.750000 206.437263 26.019365 1.288426
DYNAMIC_OBS_INFO 1 -1.750000 31.729483 1.570796 62.665069 -1.750000 114.424610 14.536892 0.655026
STATIC_OBS_INFO 0 -6.300000 60.187302 8.395859 
STATIC_OBS_INFO 1 -6.300000 77.161461 25.325877 
Parent: -14.915208 0.142641 3.000000 0.000000 0.450000 0.000000 -10.000000 1.063396 6.000000 0.000000 0 0 0 0 0 0 0 0
EGO_STATUS -5.250000 51.857359 8.600000 1.570796 0.258274 7.000000 -0.240242
DYNAMIC_OBS_INFO 0 -5.750000 31.817038 1.570796 157.169091 -5.750000 209.045642 26.148207 1.288426
DYNAMIC_OBS_INFO 1 -1.750000 31.729483 1.570796 64.099854 -1.750000 115.881575 14.602395 0.655026
STATIC_OBS_INFO 0 -6.300000 60.187302 8.376030 
STATIC_OBS_INFO 1 -6.300000 77.161461 25.305908 
Parent: -14.980045 0.122654 3.000000 0.000000 0.450000 0.000000 -10.000000 1.001557 6.000000 0.000000 0 0 0 0 0 0 0 0
EGO_STATUS -5.250000 51.877346 8.700000 1.570796 0.234927 7.000000 -0.233473
DYNAMIC_OBS_INFO 0 -5.750000 31.817038 1.570796 159.773526 -5.750000 211.666905 26.277050 1.288426
DYNAMIC_OBS_INFO 1 -1.750000 31.729483 1.570796 65.544443 -1.750000 117.345089 14.667897 0.655026
STATIC_OBS_INFO 0 -6.300000 60.187302 8.359348 
STATIC_OBS_INFO 1 -6.300000 77.161461 25.289107 
Parent: -15.032626 0.105839 3.000000 0.000000 0.450000 0.000000 -10.000000 0.951498 6.000000 0.000000 0 0 0 0 0 0 0 0
EGO_STATUS -5.250000 51.894161 8.800000 1.570796 0.212469 7.000000 -0.224577
DYNAMIC_OBS_INFO 0 -5.750000 31.817038 1.570796 162.394495 -5.750000 214.301052 26.405893 1.288426
DYNAMIC_OBS_INFO 1 -1.750000 31.729483 1.570796 66.999309 -1.750000 118.815154 14.733400 0.655026
STATIC_OBS_INFO 0 -6.300000 60.187302 8.346287 
STATIC_OBS_INFO 1 -6.300000 77.161461 25.275953 
Parent: -15.064843 0.092674 2.000000 0.000000 0.300000 0.000000 -10.000000 0.921256 6.000000 0.000000 0 0 0 0 0 0 0 0
EGO_STATUS -5.250000 51.907326 8.900000 1.570796 0.191190 7.000000 -0.212790
DYNAMIC_OBS_INFO 0 -5.750000 31.817038 1.570796 165.031455 -5.750000 216.948083 26.534735 1.288426
DYNAMIC_OBS_INFO 1 -1.750000 31.729483 1.570796 68.463905 -1.750000 120.291769 14.798902 0.655026
STATIC_OBS_INFO 0 -6.300000 60.187302 8.336307 
STATIC_OBS_INFO 1 -6.300000 77.161461 25.265902 
Parent: -15.077370 0.082614 2.000000 0.000000 0.300000 0.000000 -10.000000 0.910238 6.000000 0.000000 0 0 0 0 0 0 0 0
EGO_STATUS -5.250000 51.917386 9.000000 1.570796 0.171522 7.000000 -0.196677
DYNAMIC_OBS_INFO 0 -5.750000 31.817038 1.570796 167.682282 -5.750000 219.607999 26.663578 1.288426
DYNAMIC_OBS_INFO 1 -1.750000 31.729483 1.570796 69.936107 -1.750000 121.774934 14.864405 0.655026
STATIC_OBS_INFO 0 -6.300000 60.187302 8.327303 
STATIC_OBS_INFO 1 -6.300000 77.161461 25.256834 
Parent: -15.090943 0.073538 2.000000 0.000000 0.300000 0.000000 -10.000000 0.898026 6.000000 0.000000 0 0 0 0 0 0 0 0
EGO_STATUS -5.250000 51.926462 9.100000 1.570796 0.153777 7.000000 -0.177451
DYNAMIC_OBS_INFO 0 -5.750000 31.817038 1.570796 170.346882 -5.750000 222.280799 26.792420 1.288426
DYNAMIC_OBS_INFO 1 -1.750000 31.729483 1.570796 71.415816 -1.750000 123.264650 14.929908 0.655026
STATIC_OBS_INFO 0 -6.300000 60.187302 8.319180 
STATIC_OBS_INFO 1 -6.300000 77.161461 25.248652 
Parent: -15.105706 0.065349 2.000000 0.000000 0.300000 0.000000 -10.000000 0.884491 6.000000 0.000000 0 0 0 0 0 0 0 0
EGO_STATUS -5.250000 51.934651 9.200000 1.570796 0.137767 7.000000 -0.160104
DYNAMIC_OBS_INFO 0 -5.750000 31.817038 1.570796 173.025166 -5.750000 224.966483 26.921263 1.288426
DYNAMIC_OBS_INFO 1 -1.750000 31.729483 1.570796 72.902941 -1.750000 124.760916 14.995410 0.655026
STATIC_OBS_INFO 0 -6.300000 60.187302 8.311851 
STATIC_OBS_INFO 1 -6.300000 77.161461 25.241270 
Parent: -15.121816 0.057961 2.000000 0.000000 0.300000 0.000000 -10.000000 0.869490 6.000000 0.000000 0 0 0 0 0 0 0 0
EGO_STATUS -5.250000 51.942039 9.300000 1.570796 0.123322 7.000000 -0.144452
DYNAMIC_OBS_INFO 0 -5.750000 31.817038 1.570796 175.717057 -5.750000 227.665051 27.050105 1.288426
DYNAMIC_OBS_INFO 1 -1.750000 31.729483 1.570796 74.397401 -1.750000 126.263732 15.060913 0.655026
STATIC_OBS_INFO 0 -6.300000 60.187302 8.305238 
STATIC_OBS_INFO 1 -6.300000 77.161461 25.234610 
Parent: -15.139442 0.051295 2.000000 0.000000 0.300000 0.000000 -10.000000 0.852863 6.000000 0.000000 0 0 0 0 0 0 0 0
EGO_STATUS -5.250000 51.948705 9.400000 1.570796 0.110289 7.000000 -0.130331
DYNAMIC_OBS_INFO 0 -5.750000 31.817038 1.570796 178.422485 -5.750000 230.376504 27.178948 1.288426
DYNAMIC_OBS_INFO 1 -1.750000 31.729483 1.570796 75.899121 -1.750000 127.773099 15.126415 0.655026
STATIC_OBS_INFO 0 -6.300000 60.187302 8.299272 
STATIC_OBS_INFO 1 -6.300000 77.161461 25.228601 
Parent: -15.158773 0.045280 2.000000 0.000000 0.300000 0.000000 -10.000000 0.834435 6.000000 0.000000 0 0 0 0 0 0 0 0
EGO_STATUS -5.250000 51.954720 9.500000 1.570796 0.098529 7.000000 -0.117590
DYNAMIC_OBS_INFO 0 -5.750000 31.817038 1.570796 181.141385 -5.750000 233.100841 27.307791 1.288426
DYNAMIC_OBS_INFO 1 -1.750000 31.729483 1.570796 77.408036 -1.750000 129.289015 15.191918 0.655026
STATIC_OBS_INFO 0 -6.300000 60.187302 8.293889 
STATIC_OBS_INFO 1 -6.300000 77.161461 25.223179 
Parent: -15.180012 0.039854 2.000000 0.000000 0.300000 0.000000 -10.000000 0.814010 6.000000 0.000000 0 0 0 0 0 0 0 0
EGO_STATUS -5.250000 51.960146 9.600000 1.570796 0.087920 7.000000 -0.106095
DYNAMIC_OBS_INFO 0 -5.750000 31.817038 1.570796 183.873700 -5.750000 235.838062 27.436633 1.288426
DYNAMIC_OBS_INFO 1 -1.750000 31.729483 1.570796 78.924084 -1.750000 130.811482 15.257420 0.655026
STATIC_OBS_INFO 0 -6.300000 60.187302 8.289033 
STATIC_OBS_INFO 1 -6.300000 77.161461 25.218287 
Parent: -15.203384 0.034958 2.000000 0.000000 0.300000 0.000000 -10.000000 0.791372 6.000000 0.000000 0 0 0 0 0 0 0 0
EGO_STATUS -5.250000 51.965042 9.700000 1.570796 0.078348 7.000000 -0.095724
DYNAMIC_OBS_INFO 0 -5.750000 31.817038 1.570796 186.619378 -5.750000 238.588167 27.565476 1.288426
DYNAMIC_OBS_INFO 1 -1.750000 31.729483 1.570796 80.447213 -1.750000 132.340499 15.322923 0.655026
STATIC_OBS_INFO 0 -6.300000 60.187302 8.284651 
STATIC_OBS_INFO 1 -6.300000 77.161461 25.213874 
Parent: -15.229137 0.030541 2.000000 0.000000 0.300000 0.000000 -10.000000 0.766282 6.000000 0.000000 0 0 0 0 0 0 0 0
EGO_STATUS -5.250000 51.969459 9.800000 1.570796 0.069711 7.000000 -0.086366
DYNAMIC_OBS_INFO 0 -5.750000 31.817038 1.570796 189.378372 -5.750000 241.351157 27.694318 1.288426
DYNAMIC_OBS_INFO 1 -1.750000 31.729483 1.570796 81.977372 -1.750000 133.876067 15.388426 0.655026
STATIC_OBS_INFO 0 -6.300000 60.187302 8.280697 
STATIC_OBS_INFO 1 -6.300000 77.161461 25.209892 
Parent: -15.257544 0.026555 2.000000 0.000000 0.300000 0.000000 -10.000000 0.738473 6.000000 0.000000 0 0 0 0 0 0 0 0
EGO_STATUS -5.250000 51.973445 9.900000 1.570796 0.061919 7.000000 -0.077923
DYNAMIC_OBS_INFO 0 -5.750000 31.817038 1.570796 192.150641 -5.750000 244.127031 27.823161 1.288426
DYNAMIC_OBS_INFO 1 -1.750000 31.729483 1.570796 83.514516 -1.750000 135.418184 15.453928 0.655026
STATIC_OBS_INFO 0 -6.300000 60.187302 8.277131 
STATIC_OBS_INFO 1 -6.300000 77.161461 25.206299 
Parent: -15.288906 0.022959 2.000000 0.000000 0.300000 0.000000 -10.000000 0.707650 6.000000 0.000000 0 0 0 0 0 0 0 0
EGO_STATUS -5.250000 51.977041 10.000000 1.570796 0.054888 7.000000 -0.070306
DYNAMIC_OBS_INFO 0 -5.750000 31.817038 1.570796 194.936145 -5.750000 246.915789 27.952003 1.288426
DYNAMIC_OBS_INFO 1 -1.750000 31.729483 1.570796 85.058607 -1.750000 136.966852 15.519431 0.655026
STATIC_OBS_INFO 0 -6.300000 60.187302 8.273912 
STATIC_OBS_INFO 1 -6.300000 77.161461 25.203057 
Parent: -15.323554 0.019715 2.000000 0.000000 0.300000 0.000000 -10.000000 0.673489 6.000000 0.000000 0 0 0 0 0 0 0 0
EGO_STATUS -5.250000 51.980285 10.100000 1.570796 0.048545 7.000000 -0.063433
DYNAMIC_OBS_INFO 0 -5.750000 31.817038 1.570796 197.734851 -5.750000 249.717432 28.080846 1.288426
DYNAMIC_OBS_INFO 1 -1.750000 31.729483 1.570796 86.609606 -1.750000 138.522071 15.584933 0.655026
STATIC_OBS_INFO 0 -6.300000 60.187302 8.271009 
STATIC_OBS_INFO 1 -6.300000 77.161461 25.200132 
Parent: -15.361856 0.016787 2.000000 0.000000 0.300000 0.000000 -10.000000 0.635625 6.000000 0.000000 0 0 0 0 0 0 0 0
EGO_STATUS -5.250000 51.983213 10.200000 1.570796 0.042822 7.000000 -0.057232
DYNAMIC_OBS_INFO 0 -5.750000 31.817038 1.570796 200.546728 -5.750000 252.531958 28.209688 1.288426
DYNAMIC_OBS_INFO 1 -1.750000 31.729483 1.570796 88.167483 -1.750000 140.083839 15.650436 0.655026
STATIC_OBS_INFO 0 -6.300000 60.187302 8.268389 
STATIC_OBS_INFO 1 -6.300000 77.161461 25.197494 
Parent: -15.404218 0.014146 2.000000 0.000000 0.300000 0.000000 -10.000000 0.593660 6.000000 0.000000 0 0 0 0 0 0 0 0
EGO_STATUS -5.250000 51.985854 10.300000 1.570796 0.037658 7.000000 -0.051637
DYNAMIC_OBS_INFO 0 -5.750000 31.817038 1.570796 203.371748 -5.750000 255.359369 28.338531 1.288426
DYNAMIC_OBS_INFO 1 -1.750000 31.729483 1.570796 89.732206 -1.750000 141.652158 15.715938 0.655026
STATIC_OBS_INFO 0 -6.300000 60.187302 8.266026 
STATIC_OBS_INFO 1 -6.300000 77.161461 25.195113 
Parent: -15.451088 0.011763 2.000000 0.000000 0.300000 0.000000 -10.000000 0.547147 6.000000 0.000000 0 0 0 0 0 0 0 0
EGO_STATUS -5.250000 51.988237 10.400000 1.570796 0.032999 7.000000 -0.046589
DYNAMIC_OBS_INFO 0 -5.750000 31.817038 1.570796 206.209884 -5.750000 258.199665 28.467374 1.288426
DYNAMIC_OBS_INFO 1 -1.750000 31.729483 1.570796 91.303749 -1.750000 143.227027 15.781441 0.655026
STATIC_OBS_INFO 0 -6.300000 60.187302 8.263893 
STATIC_OBS_INFO 1 -6.300000 77.161461 25.192965 
NO_CANDIDATE
EGO_STATUS -5.250000 51.990387 10.500000 1.570796 0.028796 7.000000 -0.042035
DYNAMIC_OBS_INFO 0 -5.750000 31.817038 1.570796 209.058756 -5.750000 261.052844 28.596216 1.288426
DYNAMIC_OBS_INFO 1 -1.750000 31.729483 1.570796 92.879728 -1.750000 144.808446 15.846944 0.655026
STATIC_OBS_INFO 0 -6.300000 60.187302 8.259628 
STATIC_OBS_INFO 1 -6.300000 77.161461 25.188669 
NO_CANDIDATE
EGO_STATUS -5.250000 51.994686 10.600000 1.570796 0.020389 7.000000 -0.042035
FAIL
DYNAMIC_OBS_INFO 0 -5.750000 31.817038 1.570796 211.922772 -5.750000 263.918908 28.725059 1.288426
DYNAMIC_OBS_INFO 1 -1.750000 31.729483 1.570796 94.464551 -1.750000 146.396415 15.912446 0.655026
STATIC_OBS_INFO 0 -6.300000 60.187302 8.257606 
STATIC_OBS_INFO 1 -6.300000 77.161461 25.186631 
NO_CANDIDATE
EGO_STATUS -5.250000 51.996725 10.700000 1.570796 0.020389 4.000000 0.000000
FAIL
DYNAMIC_OBS_INFO 0 -5.750000 31.817038 1.570796 214.799674 -5.750000 266.797856 28.853901 1.288426
DYNAMIC_OBS_INFO 1 -1.750000 31.729483 1.570796 96.055957 -1.750000 147.990935 15.977949 0.655026
STATIC_OBS_INFO 0 -6.300000 60.187302 8.255583 
STATIC_OBS_INFO 1 -6.300000 77.161461 25.184594 
NO_CANDIDATE
EGO_STATUS -5.250000 51.998764 10.800000 1.570796 0.020389 4.000000 0.000000
FAIL
DYNAMIC_OBS_INFO 0 -5.750000 31.817038 1.570796 217.689459 -5.750000 269.689688 28.982744 1.288426
DYNAMIC_OBS_INFO 1 -1.750000 31.729483 1.570796 97.653944 -1.750000 149.592005 16.043451 0.655026
STATIC_OBS_INFO 0 -6.300000 60.187302 8.253561 
STATIC_OBS_INFO 1 -6.300000 77.161461 25.182557 
NO_CANDIDATE
EGO_STATUS -5.250000 52.000803 10.900000 1.570796 0.020389 4.000000 0.000000
FAIL
DYNAMIC_OBS_INFO 0 -5.750000 31.817038 1.570796 220.592129 -5.750000 272.594405 29.111586 1.288426
DYNAMIC_OBS_INFO 1 -1.750000 31.729483 1.570796 99.258510 -1.750000 151.199625 16.108954 0.655026
STATIC_OBS_INFO 0 -6.300000 60.187302 8.251539 
STATIC_OBS_INFO 1 -6.300000 77.161461 25.180520 
NO_CANDIDATE
EGO_STATUS -5.250000 52.002842 11.000000 1.570796 0.020389 4.000000 0.000000
FAIL
DYNAMIC_OBS_INFO 0 -5.750000 31.817038 1.570796 223.507684 -5.750000 275.512005 29.240429 1.288426
DYNAMIC_OBS_INFO 1 -1.750000 31.729483 1.570796 100.869655 -1.750000 152.813796 16.174456 0.655026
STATIC_OBS_INFO 0 -6.300000 60.187302 8.249516 
STATIC_OBS_INFO 1 -6.300000 77.161461 25.178483 
NO_CANDIDATE
EGO_STATUS -5.250000 52.004881 11.100000 1.570796 0.020389 4.000000 0.000000
FAIL
DYNAMIC_OBS_INFO 0 -5.750000 31.817038 1.570796 226.436123 -5.750000 278.442490 29.369272 1.288426
DYNAMIC_OBS_INFO 1 -1.750000 31.729483 1.570796 102.487378 -1.750000 154.434517 16.239959 0.655026
STATIC_OBS_INFO 0 -6.300000 60.187302 8.247494 
STATIC_OBS_INFO 1 -6.300000 77.161461 25.176446 
NO_CANDIDATE
EGO_STATUS -5.250000 52.006920 11.200000 1.570796 0.020389 4.000000 0.000000
FAIL
DYNAMIC_OBS_INFO 0 -5.750000 31.817038 1.570796 229.377446 -5.750000 281.385860 29.498114 1.288426
DYNAMIC_OBS_INFO 1 -1.750000 31.729483 1.570796 104.111677 -1.750000 156.061788 16.305461 0.655026
STATIC_OBS_INFO 0 -6.300000 60.187302 8.245472 
STATIC_OBS_INFO 1 -6.300000 77.161461 25.174409 
NO_CANDIDATE
EGO_STATUS -5.250000 52.008959 11.300000 1.570796 0.020389 4.000000 0.000000
FAIL
DYNAMIC_OBS_INFO 0 -5.750000 31.817038 1.570796 232.331654 -5.750000 284.342113 29.626957 1.288426
DYNAMIC_OBS_INFO 1 -1.750000 31.729483 1.570796 105.742551 -1.750000 157.695609 16.370964 0.655026
STATIC_OBS_INFO 0 -6.300000 60.187302 8.243450 
STATIC_OBS_INFO 1 -6.300000 77.161461 25.172372 
NO_CANDIDATE
EGO_STATUS -5.250000 52.010997 11.400000 1.570796 0.020389 4.000000 0.000000
FAIL
DYNAMIC_OBS_INFO 0 -5.750000 31.817038 1.570796 235.298746 -5.750000 287.311251 29.755799 1.288426
DYNAMIC_OBS_INFO 1 -1.750000 31.729483 1.570796 107.380000 -1.750000 159.335980 16.436467 0.655026
STATIC_OBS_INFO 0 -6.300000 60.187302 8.241427 
STATIC_OBS_INFO 1 -6.300000 77.161461 25.170335 
NO_CANDIDATE
EGO_STATUS -5.250000 52.013036 11.500000 1.570796 0.020389 4.000000 0.000000
FAIL
DYNAMIC_OBS_INFO 0 -5.750000 31.817038 1.570796 238.278723 -5.750000 290.293273 29.884642 1.288426
DYNAMIC_OBS_INFO 1 -1.750000 31.729483 1.570796 109.024022 -1.750000 160.982902 16.501969 0.655026
STATIC_OBS_INFO 0 -6.300000 60.187302 8.239405 
STATIC_OBS_INFO 1 -6.300000 77.161461 25.168298 
NO_CANDIDATE
EGO_STATUS -5.250000 52.015075 11.600000 1.570796 0.020389 4.000000 0.000000
FAIL
DYNAMIC_OBS_INFO 0 -5.750000 31.817038 1.570796 241.271584 -5.750000 293.288179 30.013484 1.288426
DYNAMIC_OBS_INFO 1 -1.750000 31.729483 1.570796 110.674616 -1.750000 162.636374 16.567472 0.655026
STATIC_OBS_INFO 0 -6.300000 60.187302 8.237383 
STATIC_OBS_INFO 1 -6.300000 77.161461 25.166260 
NO_CANDIDATE
EGO_STATUS -5.250000 52.017114 11.700000 1.570796 0.020389 4.000000 0.000000
FAIL
DYNAMIC_OBS_INFO 0 -5.750000 31.817038 1.570796 244.277329 -5.750000 296.295970 30.142327 1.288426
DYNAMIC_OBS_INFO 1 -1.750000 31.729483 1.570796 112.331783 -1.750000 164.296397 16.632974 0.655026
STATIC_OBS_INFO 0 -6.300000 60.187302 8.235361 
STATIC_OBS_INFO 1 -6.300000 77.161461 25.164223 
NO_CANDIDATE
EGO_STATUS -5.250000 52.019153 11.800000 1.570796 0.020389 4.000000 0.000000
FAIL
DYNAMIC_OBS_INFO 0 -5.750000 31.817038 1.570796 247.295959 -5.750000 299.316645 30.271170 1.288426
DYNAMIC_OBS_INFO 1 -1.750000 31.729483 1.570796 113.995520 -1.750000 165.962969 16.698477 0.655026
STATIC_OBS_INFO 0 -6.300000 60.187302 8.233338 
STATIC_OBS_INFO 1 -6.300000 77.161461 25.162186 
NO_CANDIDATE
EGO_STATUS -5.250000 52.021192 11.900000 1.570796 0.020389 4.000000 0.000000
FAIL
DYNAMIC_OBS_INFO 0 -5.750000 31.817038 1.570796 250.327473 -5.750000 302.350204 30.400012 1.288426
DYNAMIC_OBS_INFO 1 -1.750000 31.729483 1.570796 115.665828 -1.750000 167.636092 16.763979 0.655026
STATIC_OBS_INFO 0 -6.300000 60.187302 8.231316 
STATIC_OBS_INFO 1 -6.300000 77.161461 25.160149 
NO_CANDIDATE
EGO_STATUS -5.250000 52.023231 12.000000 1.570796 0.020389 4.000000 0.000000
FAIL
DYNAMIC_OBS_INFO 0 -5.750000 31.817038 1.570796 253.371871 -5.750000 305.396647 30.528855 1.288426
DYNAMIC_OBS_INFO 1 -1.750000 31.729483 1.570796 117.342705 -1.750000 169.315765 16.829482 0.655026
STATIC_OBS_INFO 0 -6.300000 60.187302 8.229294 
STATIC_OBS_INFO 1 -6.300000 77.161461 25.158112 
NO_CANDIDATE
EGO_STATUS -5.250000 52.025270 12.100000 1.570796 0.020389 4.000000 0.000000
FAIL
DYNAMIC_OBS_INFO 0 -5.750000 31.817038 1.570796 256.429154 -5.750000 308.455975 30.657697 1.288426
DYNAMIC_OBS_INFO 1 -1.750000 31.729483 1.570796 119.026150 -1.750000 171.001988 16.894985 0.655026
STATIC_OBS_INFO 0 -6.300000 60.187302 8.227272 
STATIC_OBS_INFO 1 -6.300000 77.161461 25.156075 
NO_CANDIDATE
EGO_STATUS -5.250000 52.027308 12.200000 1.570796 0.020389 4.000000 0.000000
FAIL
DYNAMIC_OBS_INFO 0 -5.750000 31.817038 1.570796 259.499321 -5.750000 311.528187 30.786540 1.288426
DYNAMIC_OBS_INFO 1 -1.750000 31.729483 1.570796 120.716164 -1.750000 172.694762 16.960487 0.655026
STATIC_OBS_INFO 0 -6.300000 60.187302 8.225249 
STATIC_OBS_INFO 1 -6.300000 77.161461 25.154038 
NO_CANDIDATE
EGO_STATUS -5.250000 52.029347 12.300000 1.570796 0.020389 4.000000 0.000000
FAIL
DYNAMIC_OBS_INFO 0 -5.750000 31.817038 1.570796 262.582373 -5.750000 314.613283 30.915382 1.288426
DYNAMIC_OBS_INFO 1 -1.750000 31.729483 1.570796 122.412745 -1.750000 174.394086 17.025990 0.655026
STATIC_OBS_INFO 0 -6.300000 60.187302 8.223227 
STATIC_OBS_INFO 1 -6.300000 77.161461 25.152001 
NO_CANDIDATE
EGO_STATUS -5.250000 52.031386 12.400000 1.570796 0.020389 4.000000 0.000000
FAIL
DYNAMIC_OBS_INFO 0 -5.750000 31.817038 1.570796 265.678309 -5.750000 317.711263 31.044225 1.288426
DYNAMIC_OBS_INFO 1 -1.750000 31.729483 1.570796 124.115894 -1.750000 176.099960 17.091492 0.655026
STATIC_OBS_INFO 0 -6.300000 60.187302 8.221205 
STATIC_OBS_INFO 1 -6.300000 77.161461 25.149964 
NO_CANDIDATE
EGO_STATUS -5.250000 52.033425 12.500000 1.570796 0.020389 4.000000 0.000000
FAIL
DYNAMIC_OBS_INFO 0 -5.750000 31.817038 1.570796 268.787129 -5.750000 320.822128 31.173067 1.288426
DYNAMIC_OBS_INFO 1 -1.750000 31.729483 1.570796 125.825608 -1.750000 177.812384 17.156995 0.655026
STATIC_OBS_INFO 0 -6.300000 60.187302 8.219183 
STATIC_OBS_INFO 1 -6.300000 77.161461 25.147927 
NO_CANDIDATE
EGO_STATUS -5.250000 52.035464 12.600000 1.570796 0.020389 4.000000 0.000000
FAIL
DYNAMIC_OBS_INFO 0 -5.750000 31.817038 1.570796 271.908834 -5.750000 323.945877 31.301910 1.288426
DYNAMIC_OBS_INFO 1 -1.750000 31.729483 1.570796 127.541889 -1.750000 179.531359 17.222497 0.655026
STATIC_OBS_INFO 0 -6.300000 60.187302 8.217161 
STATIC_OBS_INFO 1 -6.300000 77.161461 25.145890 
NO_CANDIDATE
EGO_STATUS -5.250000 52.037503 12.700000 1.570796 0.020389 4.000000 0.000000
FAIL
DYNAMIC_OBS_INFO 0 -5.750000 31.817038 1.570796 275.043423 -5.750000 327.082510 31.430753 1.288426
DYNAMIC_OBS_INFO 1 -1.750000 31.729483 1.570796 129.264734 -1.750000 181.256884 17.288000 0.655026
STATIC_OBS_INFO 0 -6.300000 60.187302 8.215139 
STATIC_OBS_INFO 1 -6.300000 77.161461 25.143852 
NO_CANDIDATE
EGO_STATUS -5.250000 52.039542 12.800000 1.570796 0.020389 4.000000 0.000000
FAIL
DYNAMIC_OBS_INFO 0 -5.750000 31.817038 1.570796 278.190896 -5.750000 330.232027 31.559595 1.288426
DYNAMIC_OBS_INFO 1 -1.750000 31.729483 1.570796 130.994144 -1.750000 182.988959 17.353503 0.655026
STATIC_OBS_INFO 0 -6.300000 60.187302 8.213116 
STATIC_OBS_INFO 1 -6.300000 77.161461 25.141815 
NO_CANDIDATE
EGO_STATUS -5.250000 52.041581 12.900000 1.570796 0.020389 4.000000 0.000000
FAIL
DYNAMIC_OBS_INFO 0 -5.750000 31.817038 1.570796 281.351254 -5.750000 333.394429 31.688438 1.288426
DYNAMIC_OBS_INFO 1 -1.750000 31.729483 1.570796 132.730119 -1.750000 184.727584 17.419005 0.655026
STATIC_OBS_INFO 0 -6.300000 60.187302 8.211094 
STATIC_OBS_INFO 1 -6.300000 77.161461 25.139778 
NO_CANDIDATE
EGO_STATUS -5.250000 52.043619 13.000000 1.570796 0.020389 4.000000 0.000000
FAIL
DYNAMIC_OBS_INFO 0 -5.750000 31.817038 1.570796 284.524496 -5.750000 336.569715 31.817280 1.288426
DYNAMIC_OBS_INFO 1 -1.750000 31.729483 1.570796 134.472658 -1.750000 186.472760 17.484508 0.655026
STATIC_OBS_INFO 0 -6.300000 60.187302 8.209072 
STATIC_OBS_INFO 1 -6.300000 77.161461 25.137741 
NO_CANDIDATE
EGO_STATUS -5.250000 52.045658 13.100000 1.570796 0.020389 4.000000 0.000000
FAIL
DYNAMIC_OBS_INFO 0 -5.750000 31.817038 1.570796 287.710622 -5.750000 339.757885 31.946123 1.288426
DYNAMIC_OBS_INFO 1 -1.750000 31.729483 1.570796 136.221759 -1.750000 188.224486 17.550010 0.655026
STATIC_OBS_INFO 0 -6.300000 60.187302 8.207050 
STATIC_OBS_INFO 1 -6.300000 77.161461 25.135704 
NO_CANDIDATE
EGO_STATUS -5.250000 52.047697 13.200000 1.570796 0.020389 4.000000 0.000000
FAIL
DYNAMIC_OBS_INFO 0 -5.750000 31.817038 1.570796 290.909633 -5.750000 342.958939 32.074965 1.288426
DYNAMIC_OBS_INFO 1 -1.750000 31.729483 1.570796 137.977424 -1.750000 189.982762 17.615513 0.655026
STATIC_OBS_INFO 0 -6.300000 60.187302 8.205028 
STATIC_OBS_INFO 1 -6.300000 77.161461 25.133667 
NO_CANDIDATE
EGO_STATUS -5.250000 52.049736 13.300000 1.570796 0.020389 4.000000 0.000000
FAIL
DYNAMIC_OBS_INFO 0 -5.750000 31.817038 1.570796 294.121528 -5.750000 346.172878 32.203808 1.288426
DYNAMIC_OBS_INFO 1 -1.750000 31.729483 1.570796 139.739652 -1.750000 191.747588 17.681015 0.655026
STATIC_OBS_INFO 0 -6.300000 60.187302 8.203006 
STATIC_OBS_INFO 1 -6.300000 77.161461 25.131630 
NO_CANDIDATE
EGO_STATUS -5.250000 52.051775 13.400000 1.570796 0.020389 4.000000 0.000000
FAIL
DYNAMIC_OBS_INFO 0 -5.750000 31.817038 1.570796 297.346308 -5.750000 349.399701 32.332651 1.288426
DYNAMIC_OBS_INFO 1 -1.750000 31.729483 1.570796 141.508441 -1.750000 193.518965 17.746518 0.655026
STATIC_OBS_INFO 0 -6.300000 60.187302 8.200984 
STATIC_OBS_INFO 1 -6.300000 77.161461 25.129593 
NO_CANDIDATE
EGO_STATUS -5.250000 52.053814 13.500000 1.570796 0.020389 4.000000 0.000000
FAIL
DYNAMIC_OBS_INFO 0 -5.750000 31.817038 1.570796 300.583971 -5.750000 352.639408 32.461493 1.288426
DYNAMIC_OBS_INFO 1 -1.750000 31.729483 1.570796 143.283793 -1.750000 195.296892 17.812020 0.655026
STATIC_OBS_INFO 0 -6.300000 60.187302 8.198962 
STATIC_OBS_INFO 1 -6.300000 77.161461 25.127556 
NO_CANDIDATE
EGO_STATUS -5.250000 52.055853 13.600000 1.570796 0.020389 4.000000 0.000000
FAIL
DYNAMIC_OBS_INFO 0 -5.750000 31.817038 1.570796 303.834519 -5.750000 355.892000 32.590336 1.288426
DYNAMIC_OBS_INFO 1 -1.750000 31.729483 1.570796 145.065706 -1.750000 197.081369 17.877523 0.655026
STATIC_OBS_INFO 0 -6.300000 60.187302 8.196940 
STATIC_OBS_INFO 1 -6.300000 77.161461 25.125519 
NO_CANDIDATE
EGO_STATUS -5.250000 52.057892 13.700000 1.570796 0.020389 4.000000 0.000000
FAIL
DYNAMIC_OBS_INFO 0 -5.750000 31.817038 1.570796 307.097952 -5.750000 359.157475 32.719178 1.288426
DYNAMIC_OBS_INFO 1 -1.750000 31.729483 1.570796 146.854180 -1.750000 198.872396 17.943026 0.655026
STATIC_OBS_INFO 0 -6.300000 60.187302 8.194917 
STATIC_OBS_INFO 1 -6.300000 77.161461 25.123481 
NO_CANDIDATE
EGO_STATUS -5.250000 52.059930 13.800000 1.570796 0.020389 4.000000 0.000000
FAIL
DYNAMIC_OBS_INFO 0 -5.750000 31.817038 1.570796 310.374269 -5.750000 362.435835 32.848021 1.288426
DYNAMIC_OBS_INFO 1 -1.750000 31.729483 1.570796 148.649215 -1.750000 200.669974 18.008528 0.655026
STATIC_OBS_INFO 0 -6.300000 60.187302 8.192895 
STATIC_OBS_INFO 1 -6.300000 77.161461 25.121444 
NO_CANDIDATE
EGO_STATUS -5.250000 52.061969 13.900000 1.570796 0.020389 4.000000 0.000000
FAIL
DYNAMIC_OBS_INFO 0 -5.750000 31.817038 1.570796 313.663470 -5.750000 365.727079 32.976863 1.288426
DYNAMIC_OBS_INFO 1 -1.750000 31.729483 1.570796 150.450810 -1.750000 202.474102 18.074031 0.655026
STATIC_OBS_INFO 0 -6.300000 60.187302 8.190873 
STATIC_OBS_INFO 1 -6.300000 77.161461 25.119407 
NO_CANDIDATE
EGO_STATUS -5.250000 52.064008 14.000000 1.570796 0.020389 4.000000 0.000000
FAIL
DYNAMIC_OBS_INFO 0 -5.750000 31.817038 1.570796 316.965555 -5.750000 369.031208 33.105706 1.288426
DYNAMIC_OBS_INFO 1 -1.750000 31.729483 1.570796 152.258966 -1.750000 204.284780 18.139533 0.655026
STATIC_OBS_INFO 0 -6.300000 60.187302 8.188851 
STATIC_OBS_INFO 1 -6.300000 77.161461 25.117370 
NO_CANDIDATE
EGO_STATUS -5.250000 52.066047 14.100000 1.570796 0.020389 4.000000 0.000000
FAIL
DYNAMIC_OBS_INFO 0 -5.750000 31.817038 1.570796 320.280525 -5.750000 372.348221 33.234549 1.288426
DYNAMIC_OBS_INFO 1 -1.750000 31.729483 1.570796 154.073682 -1.750000 206.102009 18.205036 0.655026
STATIC_OBS_INFO 0 -6.300000 60.187302 8.186829 
STATIC_OBS_INFO 1 -6.300000 77.161461 25.115333 
NO_CANDIDATE
EGO_STATUS -5.250000 52.068086 14.200000 1.570796 0.020389 4.000000 0.000000
FAIL
DYNAMIC_OBS_INFO 0 -5.750000 31.817038 1.570796 323.608379 -5.750000 375.678118 33.363391 1.288426
DYNAMIC_OBS_INFO 1 -1.750000 31.729483 1.570796 155.894957 -1.750000 207.925787 18.270538 0.655026
STATIC_OBS_INFO 0 -6.300000 60.187302 8.184807 
STATIC_OBS_INFO 1 -6.300000 77.161461 25.113296 
NO_CANDIDATE
EGO_STATUS -5.250000 52.070125 14.300000 1.570796 0.020389 4.000000 0.000000
FAIL
DYNAMIC_OBS_INFO 0 -5.750000 31.817038 1.570796 326.949117 -5.750000 379.020899 33.492234 1.288426
DYNAMIC_OBS_INFO 1 -1.750000 31.729483 1.570796 157.722792 -1.750000 209.756116 18.336041 0.655026
STATIC_OBS_INFO 0 -6.300000 60.187302 8.182785 
STATIC_OBS_INFO 1 -6.300000 77.161461 25.111259 
NO_CANDIDATE
EGO_STATUS -5.250000 52.072164 14.400000 1.570796 0.020389 4.000000 0.000000
FAIL
DYNAMIC_OBS_INFO 0 -5.750000 31.817038 1.570796 330.302740 -5.750000 382.376564 33.621076 1.288426
DYNAMIC_OBS_INFO 1 -1.750000 31.729483 1.570796 159.557185 -1.750000 211.592996 18.401544 0.655026
STATIC_OBS_INFO 0 -6.300000 60.187302 8.180763 
STATIC_OBS_INFO 1 -6.300000 77.161461 25.109222 
NO_CANDIDATE
EGO_STATUS -5.250000 52.074203 14.500000 1.570796 0.020389 4.000000 0.000000
FAIL
DYNAMIC_OBS_INFO 0 -5.750000 31.817038 1.570796 333.669247 -5.750000 385.745114 33.749919 1.288426
DYNAMIC_OBS_INFO 1 -1.750000 31.729483 1.570796 161.398138 -1.750000 213.436425 18.467046 0.655026
STATIC_OBS_INFO 0 -6.300000 60.187302 8.178741 
STATIC_OBS_INFO 1 -6.300000 77.161461 25.107185 
NO_CANDIDATE
EGO_STATUS -5.250000 52.076241 14.600000 1.570796 0.020389 4.000000 0.000000
FAIL
DYNAMIC_OBS_INFO 0 -5.750000 31.817038 1.570796 337.048639 -5.750000 389.126548 33.878761 1.288426
DYNAMIC_OBS_INFO 1 -1.750000 31.729483 1.570796 163.245649 -1.750000 215.286405 18.532549 0.655026
STATIC_OBS_INFO 0 -6.300000 60.187302 8.176719 
STATIC_OBS_INFO 1 -6.300000 77.161461 25.105148 
NO_CANDIDATE
EGO_STATUS -5.250000 52.078280 14.700000 1.570796 0.020389 4.000000 0.000000
FAIL
DYNAMIC_OBS_INFO 0 -5.750000 31.817038 1.570796 340.440914 -5.750000 392.520866 34.007604 1.288426
DYNAMIC_OBS_INFO 1 -1.750000 31.729483 1.570796 165.099719 -1.750000 217.142935 18.598051 0.655026
STATIC_OBS_INFO 0 -6.300000 60.187302 8.174697 
STATIC_OBS_INFO 1 -6.300000 77.161461 25.103111 
NO_CANDIDATE
EGO_STATUS -5.250000 52.080319 14.800000 1.570796 0.020389 4.000000 0.000000
FAIL
DYNAMIC_OBS_INFO 0 -5.750000 31.817038 1.570796 343.846074 -5.750000 395.928069 34.136446 1.288426
DYNAMIC_OBS_INFO 1 -1.750000 31.729483 1.570796 166.960347 -1.750000 219.006015 18.663554 0.655026
STATIC_OBS_INFO 0 -6.300000 60.187302 8.172675 
STATIC_OBS_INFO 1 -6.300000 77.161461 25.101073 
NO_CANDIDATE
EGO_STATUS -5.250000 52.082358 14.900000 1.570796 0.020389 4.000000 0.000000
FAIL
DYNAMIC_OBS_INFO 0 -5.750000 31.817038 1.570796 347.264119 -5.750000 399.348156 34.265289 1.288426
DYNAMIC_OBS_INFO 1 -1.750000 31.729483 1.570796 168.827532 -1.750000 220.875646 18.729056 0.655026
STATIC_OBS_INFO 0 -6.300000 60.187302 8.170653 
STATIC_OBS_INFO 1 -6.300000 77.161461 25.099036 
NO_CANDIDATE
EGO_STATUS -5.250000 52.084397 15.000000 1.570796 0.020389 4.000000 0.000000
FAIL
DYNAMIC_OBS_INFO 0 -5.750000 31.817038 1.570796 350.695047 -5.750000 402.781127 34.394132 1.288426
DYNAMIC_OBS_INFO 1 -1.750000 31.729483 1.570796 170.701276 -1.750000 222.751826 18.794559 0.655026
STATIC_OBS_INFO 0 -6.300000 60.187302 8.168631 
STATIC_OBS_INFO 1 -6.300000 77.161461 25.096999 
NO_CANDIDATE
EGO_STATUS -5.250000 52.086436 15.100000 1.570796 0.020389 4.000000 0.000000
FAIL
DYNAMIC_OBS_INFO 0 -5.750000 31.817038 1.570796 354.138860 -5.750000 406.226982 34.522974 1.288426
DYNAMIC_OBS_INFO 1 -1.750000 31.729483 1.570796 172.581577 -1.750000 224.634557 18.860061 0.655026
STATIC_OBS_INFO 0 -6.300000 60.187302 8.166609 
STATIC_OBS_INFO 1 -6.300000 77.161461 25.094962 
NO_CANDIDATE
EGO_STATUS -5.250000 52.088475 15.200000 1.570796 0.020389 4.000000 0.000000
FAIL
DYNAMIC_OBS_INFO 0 -5.750000 31.817038 1.570796 357.595557 -5.750000 409.685721 34.651817 1.288426
DYNAMIC_OBS_INFO 1 -1.750000 31.729483 1.570796 174.468435 -1.750000 226.523839 18.925564 0.655026
STATIC_OBS_INFO 0 -6.300000 60.187302 8.164587 
STATIC_OBS_INFO 1 -6.300000 77.161461 25.092925 
NO_CANDIDATE
EGO_STATUS -5.250000 52.090514 15.300000 1.570796 0.020389 4.000000 0.000000
FAIL
DYNAMIC_OBS_INFO 0 -5.750000 31.817038 1.570796 361.065139 -5.750000 413.157345 34.780659 1.288426
DYNAMIC_OBS_INFO 1 -1.750000 31.729483 1.570796 176.361851 -1.750000 228.419670 18.991067 0.655026
STATIC_OBS_INFO 0 -6.300000 60.187302 8.162565 
STATIC_OBS_INFO 1 -6.300000 77.161461 25.090888 
NO_CANDIDATE
EGO_STATUS -5.250000 52.092552 15.400000 1.570796 0.020389 4.000000 0.000000
FAIL
DYNAMIC_OBS_INFO 0 -5.750000 31.817038 1.570796 364.547605 -5.750000 416.641853 34.909502 1.288426
DYNAMIC_OBS_INFO 1 -1.750000 31.729483 1.570796 178.261824 -1.750000 230.322052 19.056569 0.655026
STATIC_OBS_INFO 0 -6.300000 60.187302 8.160544 
STATIC_OBS_INFO 1 -6.300000 77.161461 25.088851 
NO_CANDIDATE
EGO_STATUS -5.250000 52.094591 15.500000 1.570796 0.020389 4.000000 0.000000
FAIL
DYNAMIC_OBS_INFO 0 -5.750000 31.817038 1.570796 368.042955 -5.750000 420.139246 35.038344 1.288426
DYNAMIC_OBS_INFO 1 -1.750000 31.729483 1.570796 180.168353 -1.750000 232.230984 19.122072 0.655026
STATIC_OBS_INFO 0 -6.300000 60.187302 8.158522 
STATIC_OBS_INFO 1 -6.300000 77.161461 25.086814 
NO_CANDIDATE
EGO_STATUS -5.250000 52.096630 15.600000 1.570796 0.020389 4.000000 0.000000
FAIL
DYNAMIC_OBS_INFO 0 -5.750000 31.817038 1.570796 371.551190 -5.750000 423.649522 35.167187 1.288426
DYNAMIC_OBS_INFO 1 -1.750000 31.729483 1.570796 182.081439 -1.750000 234.146466 19.187574 0.655026
STATIC_OBS_INFO 0 -6.300000 60.187302 8.156500 
STATIC_OBS_INFO 1 -6.300000 77.161461 25.084777 
NO_CANDIDATE
EGO_STATUS -5.250000 52.098669 15.700000 1.570796 0.020389 4.000000 0.000000
FAIL
DYNAMIC_OBS_INFO 0 -5.750000 31.817038 1.570796 375.072308 -5.750000 427.172683 35.296030 1.288426
DYNAMIC_OBS_INFO 1 -1.750000 31.729483 1.570796 184.001082 -1.750000 236.068499 19.253077 0.655026
STATIC_OBS_INFO 0 -6.300000 60.187302 8.154478 
STATIC_OBS_INFO 1 -6.300000 77.161461 25.082740 
NO_CANDIDATE
EGO_STATUS -5.250000 52.100708 15.800000 1.570796 0.020389 4.000000 0.000000
FAIL
DYNAMIC_OBS_INFO 0 -5.750000 31.817038 1.570796 378.606311 -5.750000 430.708728 35.424872 1.288426
DYNAMIC_OBS_INFO 1 -1.750000 31.729483 1.570796 185.927281 -1.750000 237.997082 19.318579 0.655026
STATIC_OBS_INFO 0 -6.300000 60.187302 8.152456 
STATIC_OBS_INFO 1 -6.300000 77.161461 25.080703 
NO_CANDIDATE
EGO_STATUS -5.250000 52.102747 15.900000 1.570796 0.020389 4.000000 0.000000
FAIL
DYNAMIC_OBS_INFO 0 -5.750000 31.817038 1.570796 382.153199 -5.750000 434.257657 35.553715 1.288426
DYNAMIC_OBS_INFO 1 -1.750000 31.729483 1.570796 187.860036 -1.750000 239.932215 19.384082 0.655026
STATIC_OBS_INFO 0 -6.300000 60.187302 8.150434 
STATIC_OBS_INFO 1 -6.300000 77.161461 25.078666 
NO_CANDIDATE
EGO_STATUS -5.250000 52.104786 16.000000 1.570796 0.020389 4.000000 0.000000
FAIL
DYNAMIC_OBS_INFO 0 -5.750000 31.817038 1.570796 385.712971 -5.750000 437.819471 35.682557 1.288426
DYNAMIC_OBS_INFO 1 -1.750000 31.729483 1.570796 189.799347 -1.750000 241.873898 19.449585 0.655026
STATIC_OBS_INFO 0 -6.300000 60.187302 8.148412 
STATIC_OBS_INFO 1 -6.300000 77.161461 25.076628 
NO_CANDIDATE
EGO_STATUS -5.250000 52.106825 16.100000 1.570796 0.020389 4.000000 0.000000
FAIL
DYNAMIC_OBS_INFO 0 -5.750000 31.817038 1.570796 389.285627 -5.750000 441.394169 35.811400 1.288426
DYNAMIC_OBS_INFO 1 -1.750000 31.729483 1.570796 191.745214 -1.750000 243.822132 19.515087 0.655026
STATIC_OBS_INFO 0 -6.300000 60.187302 8.146390 
STATIC_OBS_INFO 1 -6.300000 77.161461 25.074591 
NO_CANDIDATE
EGO_STATUS -5.250000 52.108863 16.200000 1.570796 0.020389 4.000000 0.000000
FAIL
DYNAMIC_OBS_INFO 0 -5.750000 31.817038 1.570796 392.871167 -5.750000 444.981751 35.940242 1.288426
DYNAMIC_OBS_INFO 1 -1.750000 31.729483 1.570796 193.697637 -1.750000 245.776916 19.580590 0.655026
STATIC_OBS_INFO 0 -6.300000 60.187302 8.144368 
STATIC_OBS_INFO 1 -6.300000 77.161461 25.072554 
NO_CANDIDATE
EGO_STATUS -5.250000 52.110902 16.300000 1.570796 0.020389 4.000000 0.000000
FAIL
DYNAMIC_OBS_INFO 0 -5.750000 31.817038 1.570796 396.469591 -5.750000 448.582217 36.069085 1.288426
DYNAMIC_OBS_INFO 1 -1.750000 31.729483 1.570796 195.656616 -1.750000 247.738250 19.646092 0.655026
STATIC_OBS_INFO 0 -6.300000 60.187302 8.142347 
STATIC_OBS_INFO 1 -6.300000 77.161461 25.070517 
NO_CANDIDATE
EGO_STATUS -5.250000 52.112941 16.400000 1.570796 0.020389 4.000000 0.000000
FAIL
DYNAMIC_OBS_INFO 0 -5.750000 31.817038 1.570796 400.080900 -5.750000 452.195568 36.197927 1.288426
DYNAMIC_OBS_INFO 1 -1.750000 31.729483 1.570796 197.622150 -1.750000 249.706134 19.711595 0.655026
STATIC_OBS_INFO 0 -6.300000 60.187302 8.140325 
STATIC_OBS_INFO 1 -6.300000 77.161461 25.068480 
NO_CANDIDATE
EGO_STATUS -5.250000 52.114980 16.500000 1.570796 0.020389 4.000000 0.000000
FAIL
DYNAMIC_OBS_INFO 0 -5.750000 31.817038 1.570796 403.705094 -5.750000 455.821803 36.326770 1.288426
DYNAMIC_OBS_INFO 1 -1.750000 31.729483 1.570796 199.594239 -1.750000 251.680569 19.777097 0.655026
STATIC_OBS_INFO 0 -6.300000 60.187302 8.138303 
STATIC_OBS_INFO 1 -6.300000 77.161461 25.066443 
NO_CANDIDATE
EGO_STATUS -5.250000 52.117019 16.600000 1.570796 0.020389 4.000000 0.000000
FAIL
DYNAMIC_OBS_INFO 0 -5.750000 31.817038 1.570796 407.342171 -5.750000 459.460922 36.455613 1.288426
DYNAMIC_OBS_INFO 1 -1.750000 31.729483 1.570796 201.572884 -1.750000 253.661554 19.842600 0.655026
STATIC_OBS_INFO 0 -6.300000 60.187302 8.136281 
STATIC_OBS_INFO 1 -6.300000 77.161461 25.064406 
NO_CANDIDATE
EGO_STATUS -5.250000 52.119058 16.700000 1.570796 0.020389 4.000000 0.000000
FAIL
DYNAMIC_OBS_INFO 0 -5.750000 31.817038 1.570796 410.992133 -5.750000 463.112925 36.584455 1.288426
DYNAMIC_OBS_INFO 1 -1.750000 31.729483 1.570796 203.558084 -1.750000 255.649089 19.908103 0.655026
STATIC_OBS_INFO 0 -6.300000 60.187302 8.134259 
STATIC_OBS_INFO 1 -6.300000 77.161461 25.062369 
NO_CANDIDATE
EGO_STATUS -5.250000 52.121097 16.800000 1.570796 0.020389 4.000000 0.000000
FAIL
DYNAMIC_OBS_INFO 0 -5.750000 31.817038 1.570796 414.654979 -5.750000 466.777813 36.713298 1.288426
DYNAMIC_OBS_INFO 1 -1.750000 31.729483 1.570796 205.549839 -1.750000 257.643174 19.973605 0.655026
STATIC_OBS_INFO 0 -6.300000 60.187302 8.132237 
STATIC_OBS_INFO 1 -6.300000 77.161461 25.060332 
NO_CANDIDATE
EGO_STATUS -5.250000 52.123136 16.900000 1.570796 0.020389 4.000000 0.000000
FAIL
DYNAMIC_OBS_INFO 0 -5.750000 31.817038 1.570796 418.330709 -5.750000 470.455585 36.842140 1.288426
DYNAMIC_OBS_INFO 1 -1.750000 31.729483 1.570796 207.548149 -1.750000 259.643810 20.039108 0.655026
STATIC_OBS_INFO 0 -6.300000 60.187302 8.130216 
STATIC_OBS_INFO 1 -6.300000 77.161461 25.058295 
NO_CANDIDATE
EGO_STATUS -5.250000 52.125174 17.000000 1.570796 0.020389 4.000000 0.000000
FAIL
DYNAMIC_OBS_INFO 0 -5.750000 31.817038 1.570796 422.019324 -5.750000 474.146241 36.970983 1.288426
DYNAMIC_OBS_INFO 1 -1.750000 31.729483 1.570796 209.553013 -1.750000 261.650996 20.104610 0.655026
STATIC_OBS_INFO 0 -6.300000 60.187302 8.128194 
STATIC_OBS_INFO 1 -6.300000 77.161461 25.056258 
NO_CANDIDATE
EGO_STATUS -5.250000 52.127213 17.100000 1.570796 0.020389 4.000000 0.000000
FAIL
DYNAMIC_OBS_INFO 0 -5.750000 31.817038 1.570796 425.720823 -5.750000 477.849781 37.099825 1.288426
DYNAMIC_OBS_INFO 1 -1.750000 31.729483 1.570796 211.564433 -1.750000 263.664732 20.170113 0.655026
STATIC_OBS_INFO 0 -6.300000 60.187302 8.126172 
STATIC_OBS_INFO 1 -6.300000 77.161461 25.054220 
NO_CANDIDATE
EGO_STATUS -5.250000 52.129252 17.200000 1.570796 0.020389 4.000000 0.000000
FAIL
DYNAMIC_OBS_INFO 0 -5.750000 31.817038 1.570796 429.435206 -5.750000 481.566206 37.228668 1.288426
DYNAMIC_OBS_INFO 1 -1.750000 31.729483 1.570796 213.582406 -1.750000 265.685018 20.235615 0.655026
STATIC_OBS_INFO 0 -6.300000 60.187302 8.124150 
STATIC_OBS_INFO 1 -6.300000 77.161461 25.052183 
NO_CANDIDATE
EGO_STATUS -5.250000 52.131291 17.300000 1.570796 0.020389 4.000000 0.000000
FAIL
DYNAMIC_OBS_INFO 0 -5.750000 31.817038 1.570796 433.162474 -5.750000 485.295515 37.357511 1.288426
DYNAMIC_OBS_INFO 1 -1.750000 31.729483 1.570796 215.606935 -1.750000 267.711855 20.301118 0.655026
STATIC_OBS_INFO 0 -6.300000 60.187302 8.122128 
STATIC_OBS_INFO 1 -6.300000 77.161461 25.050146 
NO_CANDIDATE
EGO_STATUS -5.250000 52.133330 17.400000 1.570796 0.020389 4.000000 0.000000
FAIL
DYNAMIC_OBS_INFO 0 -5.750000 31.817038 1.570796 436.902626 -5.750000 489.037708 37.486353 1.288426
DYNAMIC_OBS_INFO 1 -1.750000 31.729483 1.570796 217.638018 -1.750000 269.745242 20.366620 0.655026
STATIC_OBS_INFO 0 -6.300000 60.187302 8.120107 
STATIC_OBS_INFO 1 -6.300000 77.161461 25.048109 
NO_CANDIDATE
EGO_STATUS -5.250000 52.135369 17.500000 1.570796 0.020389 4.000000 0.000000
FAIL
DYNAMIC_OBS_INFO 0 -5.750000 31.817038 1.570796 440.655662 -5.750000 492.792786 37.615196 1.288426
DYNAMIC_OBS_INFO 1 -1.750000 31.729483 1.570796 219.675655 -1.750000 271.785179 20.432123 0.655026
STATIC_OBS_INFO 0 -6.300000 60.187302 8.118085 
STATIC_OBS_INFO 1 -6.300000 77.161461 25.046072 
NO_CANDIDATE
EGO_STATUS -5.250000 52.137408 17.600000 1.570796 0.020389 4.000000 0.000000
FAIL
DYNAMIC_OBS_INFO 0 -5.750000 31.817038 1.570796 444.421582 -5.750000 496.560747 37.744038 1.288426
DYNAMIC_OBS_INFO 1 -1.750000 31.729483 1.570796 221.719846 -1.750000 273.831666 20.497626 0.655026
STATIC_OBS_INFO 0 -6.300000 60.187302 8.116063 
STATIC_OBS_INFO 1 -6.300000 77.161461 25.044035 
NO_CANDIDATE
EGO_STATUS -5.250000 52.139447 17.700000 1.570796 0.020389 4.000000 0.000000
FAIL
DYNAMIC_OBS_INFO 0 -5.750000 31.817038 1.570796 448.200387 -5.750000 500.341593 37.872881 1.288426
DYNAMIC_OBS_INFO 1 -1.750000 31.729483 1.570796 223.770592 -1.750000 275.884704 20.563128 0.655026
STATIC_OBS_INFO 0 -6.300000 60.187302 8.114041 
STATIC_OBS_INFO 1 -6.300000 77.161461 25.041998 
NO_CANDIDATE
EGO_STATUS -5.250000 52.141485 17.800000 1.570796 0.020389 4.000000 0.000000
FAIL
DYNAMIC_OBS_INFO 0 -5.750000 31.817038 1.570796 451.992076 -5.750000 504.135324 38.001723 1.288426
DYNAMIC_OBS_INFO 1 -1.750000 31.729483 1.570796 225.827892 -1.750000 277.944292 20.628631 0.655026
STATIC_OBS_INFO 0 -6.300000 60.187302 8.112020 
STATIC_OBS_INFO 1 -6.300000 77.161461 25.039961 
NO_CANDIDATE
EGO_STATUS -5.250000 52.143524 17.900000 1.570796 0.020389 4.000000 0.000000
FAIL
DYNAMIC_OBS_INFO 0 -5.750000 31.817038 1.570796 455.796649 -5.750000 507.941938 38.130566 1.288426
DYNAMIC_OBS_INFO 1 -1.750000 31.729483 1.570796 227.891745 -1.750000 280.010430 20.694133 0.655026
STATIC_OBS_INFO 0 -6.300000 60.187302 8.109998 
STATIC_OBS_INFO 1 -6.300000 77.161461 25.037924 
NO_CANDIDATE
EGO_STATUS -5.250000 52.145563 18.000000 1.570796 0.020389 4.000000 0.000000
FAIL
DYNAMIC_OBS_INFO 0 -5.750000 31.817038 1.570796 459.614107 -5.750000 511.761437 38.259409 1.288426
DYNAMIC_OBS_INFO 1 -1.750000 31.729483 1.570796 229.962153 -1.750000 282.083119 20.759636 0.655026
STATIC_OBS_INFO 0 -6.300000 60.187302 8.107976 
STATIC_OBS_INFO 1 -6.300000 77.161461 25.035887 
NO_CANDIDATE
EGO_STATUS -5.250000 52.147602 18.100000 1.570796 0.020389 4.000000 0.000000
FAIL
DYNAMIC_OBS_INFO 0 -5.750000 31.817038 1.570796 463.444449 -5.750000 515.593820 38.388251 1.288426
DYNAMIC_OBS_INFO 1 -1.750000 31.729483 1.570796 232.039114 -1.750000 284.162357 20.825138 0.655026
STATIC_OBS_INFO 0 -6.300000 60.187302 8.105955 
STATIC_OBS_INFO 1 -6.300000 77.161461 25.033850 
NO_CANDIDATE
EGO_STATUS -5.250000 52.149641 18.200000 1.570796 0.020389 4.000000 0.000000
FAIL
DYNAMIC_OBS_INFO 0 -5.750000 31.817038 1.570796 467.287675 -5.750000 519.439087 38.517094 1.288426
DYNAMIC_OBS_INFO 1 -1.750000 31.729483 1.570796 234.122630 -1.750000 286.248146 20.890641 0.655026
STATIC_OBS_INFO 0 -6.300000 60.187302 8.103933 
STATIC_OBS_INFO 1 -6.300000 77.161461 25.031813 
NO_CANDIDATE
EGO_STATUS -5.250000 52.151680 18.300000 1.570796 0.020389 4.000000 0.000000
FAIL
DYNAMIC_OBS_INFO 0 -5.750000 31.817038 1.570796 471.143785 -5.750000 523.297238 38.645936 1.288426
DYNAMIC_OBS_INFO 1 -1.750000 31.729483 1.570796 236.212698 -1.750000 288.340486 20.956144 0.655026
STATIC_OBS_INFO 0 -6.300000 60.187302 8.101911 
STATIC_OBS_INFO 1 -6.300000 77.161461 25.029776 
NO_CANDIDATE
EGO_STATUS -5.250000 52.153719 18.400000 1.570796 0.020389 4.000000 0.000000
FAIL
DYNAMIC_OBS_INFO 0 -5.750000 31.817038 1.570796 475.012780 -5.750000 527.168274 38.774779 1.288426
DYNAMIC_OBS_INFO 1 -1.750000 31.729483 1.570796 238.309321 -1.750000 290.439375 21.021646 0.655026
STATIC_OBS_INFO 0 -6.300000 60.187302 8.099890 
STATIC_OBS_INFO 1 -6.300000 77.161461 25.027738 
NO_CANDIDATE
EGO_STATUS -5.250000 52.155757 18.500000 1.570796 0.020389 4.000000 0.000000
FAIL
DYNAMIC_OBS_INFO 0 -5.750000 31.817038 1.570796 478.894659 -5.750000 531.052194 38.903621 1.288426
DYNAMIC_OBS_INFO 1 -1.750000 31.729483 1.570796 240.412497 -1.750000 292.544815 21.087149 0.655026
STATIC_OBS_INFO 0 -6.300000 60.187302 8.097868 
STATIC_OBS_INFO 1 -6.300000 77.161461 25.025701 
NO_CANDIDATE
EGO_STATUS -5.250000 52.157796 18.600000 1.570796 0.020389 4.000000 0.000000
FAIL
DYNAMIC_OBS_INFO 0 -5.750000 31.817038 1.570796 482.789422 -5.750000 534.948999 39.032464 1.288426
DYNAMIC_OBS_INFO 1 -1.750000 31.729483 1.570796 242.522226 -1.750000 294.656805 21.152651 0.655026
STATIC_OBS_INFO 0 -6.300000 60.187302 8.095846 
STATIC_OBS_INFO 1 -6.300000 77.161461 25.023664 
NO_CANDIDATE
EGO_STATUS -5.250000 52.159835 18.700000 1.570796 0.020389 4.000000 0.000000
FAIL
DYNAMIC_OBS_INFO 0 -5.750000 31.817038 1.570796 486.697070 -5.750000 538.858687 39.161306 1.288426
DYNAMIC_OBS_INFO 1 -1.750000 31.729483 1.570796 244.638509 -1.750000 296.775345 21.218154 0.655026
STATIC_OBS_INFO 0 -6.300000 60.187302 8.093825 
STATIC_OBS_INFO 1 -6.300000 77.161461 25.021627 
NO_CANDIDATE
EGO_STATUS -5.250000 52.161874 18.800000 1.570796 0.020389 4.000000 0.000000
FAIL
DYNAMIC_OBS_INFO 0 -5.750000 31.817038 1.570796 490.617602 -5.750000 542.781260 39.290149 1.288426
DYNAMIC_OBS_INFO 1 -1.750000 31.729483 1.570796 246.761345 -1.750000 298.900436 21.283656 0.655026
STATIC_OBS_INFO 0 -6.300000 60.187302 8.091803 
STATIC_OBS_INFO 1 -6.300000 77.161461 25.019590 
NO_CANDIDATE
EGO_STATUS -5.250000 52.163913 18.900000 1.570796 0.020389 4.000000 0.000000
FAIL
DYNAMIC_OBS_INFO 0 -5.750000 31.817038 1.570796 494.551018 -5.750000 546.716717 39.418992 1.288426
DYNAMIC_OBS_INFO 1 -1.750000 31.729483 1.570796 248.890735 -1.750000 301.032076 21.349159 0.655026
STATIC_OBS_INFO 0 -6.300000 60.187302 8.089781 
STATIC_OBS_INFO 1 -6.300000 77.161461 25.017553 
NO_CANDIDATE
EGO_STATUS -5.250000 52.165952 19.000000 1.570796 0.020389 4.000000 0.000000
FAIL
DYNAMIC_OBS_INFO 0 -5.750000 31.817038 1.570796 498.497318 -5.750000 550.665058 39.547834 1.288426
DYNAMIC_OBS_INFO 1 -1.750000 31.729483 1.570796 251.026678 -1.750000 303.170267 21.414662 0.655026
STATIC_OBS_INFO 0 -6.300000 60.187302 8.087760 
STATIC_OBS_INFO 1 -6.300000 77.161461 25.015516 
NO_CANDIDATE
EGO_STATUS -5.250000 52.167991 19.100000 1.570796 0.020389 4.000000 0.000000
FAIL
DYNAMIC_OBS_INFO 0 -5.750000 31.817038 1.570796 502.456503 -5.750000 554.626284 39.676677 1.288426
DYNAMIC_OBS_INFO 1 -1.750000 31.729483 1.570796 253.169173 -1.750000 305.315009 21.480164 0.655026
STATIC_OBS_INFO 0 -6.300000 60.187302 8.085738 
STATIC_OBS_INFO 1 -6.300000 77.161461 25.013479 
NO_CANDIDATE
EGO_STATUS -5.250000 52.170030 19.200000 1.570796 0.020389 4.000000 0.000000
FAIL
DYNAMIC_OBS_INFO 0 -5.750000 31.817038 1.570796 506.428572 -5.750000 558.600393 39.805519 1.288426
DYNAMIC_OBS_INFO 1 -1.750000 31.729483 1.570796 255.318222 -1.750000 307.466300 21.545667 0.655026
STATIC_OBS_INFO 0 -6.300000 60.187302 8.083716 
STATIC_OBS_INFO 1 -6.300000 77.161461 25.011442 
NO_CANDIDATE
EGO_STATUS -5.250000 52.172068 19.300000 1.570796 0.020389 4.000000 0.000000
FAIL
DYNAMIC_OBS_INFO 0 -5.750000 31.817038 1.570796 510.413525 -5.750000 562.587388 39.934362 1.288426
DYNAMIC_OBS_INFO 1 -1.750000 31.729483 1.570796 257.473824 -1.750000 309.624142 21.611169 0.655026
STATIC_OBS_INFO 0 -6.300000 60.187302 8.081695 
STATIC_OBS_INFO 1 -6.300000 77.161461 25.009405 
NO_CANDIDATE
EGO_STATUS -5.250000 52.174107 19.400000 1.570796 0.020389 4.000000 0.000000
FAIL
DYNAMIC_OBS_INFO 0 -5.750000 31.817038 1.570796 514.411363 -5.750000 566.587266 40.063204 1.288426
DYNAMIC_OBS_INFO 1 -1.750000 31.729483 1.570796 259.635980 -1.750000 311.788534 21.676672 0.655026
STATIC_OBS_INFO 0 -6.300000 60.187302 8.079673 
STATIC_OBS_INFO 1 -6.300000 77.161461 25.007368 
TIMEOUT
