STATIC_OBS_INIT_INFO 0 -6.300000 60.638552
STATIC_OBS_INIT_INFO 1 -6.300000 62.196416
Parent: -28.797653 10.000000 101.000000 0.000000 15.150000 17.509107 -10.000000 2.193240 40.000000 0.000000 0 0 0 0 0 0 0 0
Child: 17.509107 24.240427 244.000000 11.401975 265.500000 0.000000 -10.000000 0.000000 0.000000 0.000000 0 0 0 0 0 0 0 0
EGO_STATUS -5.750000 13.768408 0.000000 1.570796 15.611802 4.000000 0.000000
DYNAMIC_OBS_INFO 0 -5.750000 57.385791 1.570796 42.056203 -5.750000 57.385791 9.802963 1.214960
DYNAMIC_OBS_INFO 1 -1.750000 31.747287 1.570796 16.897951 -1.750000 31.747287 9.438084 2.625518
STATIC_OBS_INFO 0 -6.300000 60.638552 45.312302 
STATIC_OBS_INFO 1 -6.300000 62.196416 46.870055 
Parent: 374.249806 10.000000 102.000000 0.000000 4315.300000 6.447398 -10.000000 2.733781 48.000000 0.000000 0 0 0 0 0 0 0 0
Child: 6.447398 10.000000 101.000000 0.000000 15.150000 14.947398 -10.000000 0.000000 0.000000 0.000000 0 0 0 0 0 0 0 0
Child: 14.947398 22.679246 228.000000 11.402281 239.400000 0.000000 -10.000000 0.000000 0.000000 0.000000 0 0 0 0 0 0 0 0
EGO_STATUS -5.749989 15.329588 0.100000 1.570764 15.611802 4.000000 0.000000
DYNAMIC_OBS_INFO 0 -5.750000 57.385791 1.570796 41.481394 -5.750000 58.372162 9.924459 1.214960
DYNAMIC_OBS_INFO 1 -1.750000 31.747287 1.570796 15.385505 -1.750000 31.747287 9.438084 2.625518
STATIC_OBS_INFO 0 -6.300000 60.638552 43.751244 
STATIC_OBS_INFO 1 -6.300000 62.196416 45.308990 
Parent: 297.858196 41.404363 416.000000 10.291737 3404.500000 0.000000 0.000000 4.984933 47.000000 0.000000 0 0 0 0 0 0 0 0
EGO_STATUS -5.749701 16.890768 0.200000 1.570343 15.611802 4.000000 0.000000
DYNAMIC_OBS_INFO 0 -5.750000 57.385791 1.570796 40.933407 -5.750000 59.370683 10.045955 1.214960
DYNAMIC_OBS_INFO 1 -1.750000 31.747287 1.570796 13.897505 -1.750000 31.747287 9.438084 2.625518
STATIC_OBS_INFO 0 -6.300000 60.638552 42.204885 
STATIC_OBS_INFO 1 -6.300000 62.196416 43.762621 
Parent: 285.985520 39.857860 400.000000 10.291755 3362.700000 0.000000 -10.000000 4.884936 45.000000 0.000000 0 0 0 0 0 0 0 0
EGO_STATUS -5.748031 18.437276 0.300000 1.568853 15.318683 6.000000 -2.931193
DYNAMIC_OBS_INFO 0 -5.750000 57.385791 1.570796 40.426884 -5.750000 60.381353 10.167451 1.214960
DYNAMIC_OBS_INFO 1 -1.750000 31.747287 1.570796 12.450465 -1.750000 31.747287 9.438084 2.625518
STATIC_OBS_INFO 0 -6.300000 60.638552 40.687895 
STATIC_OBS_INFO 1 -6.300000 62.196416 42.245619 
Parent: 285.398524 38.340665 385.000000 10.291631 3349.750000 0.000000 -10.000000 4.784938 44.000000 0.000000 0 0 0 0 0 0 0 0
EGO_STATUS -5.742936 19.954470 0.400000 1.565704 15.025564 6.000000 -2.931192
DYNAMIC_OBS_INFO 0 -5.750000 57.385791 1.570796 39.961858 -5.750000 61.404173 10.288947 1.214960
DYNAMIC_OBS_INFO 1 -1.750000 31.747287 1.570796 11.047486 -1.750000 31.747287 9.438084 2.625518
STATIC_OBS_INFO 0 -6.300000 60.638552 39.200351 
STATIC_OBS_INFO 1 -6.300000 62.196416 40.758058 
Parent: 176.718950 20.435104 206.000000 33.264145 2061.400000 5.983139 0.000000 4.946103 42.000000 0.000000 0 0 1 0 0 0 0 0
Child: 5.983139 16.566613 167.000000 25.968283 135.150000 0.000000 -10.000000 0.000000 0.000000 0.000000 0 0 0 1 0 0 0 0
EGO_STATUS -5.731783 21.442319 0.500000 1.560526 14.732445 6.000000 -2.931190
DYNAMIC_OBS_INFO 0 -5.750000 57.385791 1.570796 39.553172 -5.750000 62.439143 10.410443 1.214960
DYNAMIC_OBS_INFO 1 -1.750000 31.747287 1.570796 9.706695 -1.750000 31.747287 9.438084 2.625518
STATIC_OBS_INFO 0 -6.300000 60.638552 37.757142 
STATIC_OBS_INFO 1 -6.300000 62.196416 39.314825 
Parent: 175.277810 20.435104 206.000000 33.264041 2061.400000 3.641984 0.000000 4.846129 41.000000 0.000000 0 0 1 0 0 0 0 0
Child: 3.641984 15.122805 153.000000 25.968277 112.050000 0.000000 -10.000000 0.000000 0.000000 0.000000 0 0 0 1 0 0 0 0
EGO_STATUS -5.711984 22.885989 0.600000 1.553298 14.144445 6.000000 -5.880000
DYNAMIC_OBS_INFO 0 -5.750000 57.385791 1.570796 39.215638 -5.750000 63.486262 10.531939 1.214960
DYNAMIC_OBS_INFO 1 -1.750000 31.747287 1.570796 8.447481 -1.750000 31.747287 9.438084 2.625518
STATIC_OBS_INFO 0 -6.300000 60.638552 36.373119 
STATIC_OBS_INFO 1 -6.300000 62.196416 37.930768 
Parent: 317.807359 30.290952 304.000000 11.399358 3532.100000 9.584797 0.000000 4.143718 49.000000 0.000000 0 0 0 0 0 0 0 0
Child: 9.584797 13.737781 139.000000 5.929762 91.050000 0.000000 0.000000 0.000000 0.000000 0.000000 0 0 0 0 0 0 0 0
EGO_STATUS -5.681964 24.270683 0.700000 1.544774 13.556445 6.000000 -5.880000
DYNAMIC_OBS_INFO 0 -5.750000 57.385791 1.570796 38.934697 -5.750000 64.545531 10.653435 1.214960
DYNAMIC_OBS_INFO 1 -1.750000 31.747287 1.570796 7.266097 -1.750000 31.747287 9.438084 2.625518
STATIC_OBS_INFO 0 -6.300000 60.638552 35.033759 
STATIC_OBS_INFO 1 -6.300000 62.196416 36.591360 
Parent: 306.882901 30.290952 304.000000 11.399345 3532.100000 -2.239664 0.000000 4.043722 48.000000 0.000000 0 0 0 0 0 0 0 0
Child: -2.239664 12.396857 125.000000 5.499025 72.750000 0.000000 -10.000000 0.000000 0.000000 0.000000 0 0 0 0 0 0 0 0
EGO_STATUS -5.641269 25.610986 0.800000 1.536184 13.262445 3.000000 -2.940000
DYNAMIC_OBS_INFO 0 -5.750000 57.385791 1.570796 38.695727 -5.750000 65.616949 10.774931 1.214960
DYNAMIC_OBS_INFO 1 -1.750000 31.747287 1.570796 6.167662 -1.750000 31.747287 9.438084 2.625518
STATIC_OBS_INFO 0 -6.300000 60.638552 33.724458 
STATIC_OBS_INFO 1 -6.300000 62.196416 35.281993 
Parent: 180.767539 20.435104 206.000000 9.253288 2061.400000 7.877010 0.000000 4.482688 37.000000 0.000000 0 0 0 0 0 0 0 0
Child: 7.877010 11.085321 112.000000 24.084984 55.500000 0.000000 0.000000 0.000000 0.000000 0.000000 0 0 0 1 0 0 0 0
EGO_STATUS -5.590875 26.921550 0.900000 1.528835 12.968445 3.000000 -2.940000
DYNAMIC_OBS_INFO 0 -5.750000 57.385791 1.570796 38.513432 -5.750000 66.700517 10.896427 1.214960
DYNAMIC_OBS_INFO 1 -1.750000 31.747287 1.570796 5.195376 -1.750000 31.747287 9.438084 2.625518
STATIC_OBS_INFO 0 -6.300000 60.638552 32.459894 
STATIC_OBS_INFO 1 -6.300000 62.196416 34.017345 
Parent: 171.306117 20.435104 206.000000 9.253167 2061.400000 -3.484428 0.000000 4.382716 35.000000 0.000000 0 0 0 0 0 0 0 0
Child: -3.484428 9.817919 100.000000 23.764082 42.600000 0.000000 -10.000000 0.000000 0.000000 0.000000 0 0 0 1 0 0 0 0
EGO_STATUS -5.534336 28.187689 1.000000 1.523970 12.380445 1.000000 -5.880000
DYNAMIC_OBS_INFO 0 -5.750000 57.385791 1.570796 38.402281 -5.750000 67.796234 11.017923 1.214960
DYNAMIC_OBS_INFO 1 -1.750000 31.747287 1.570796 4.406786 -1.750000 31.747287 9.438084 2.625518
STATIC_OBS_INFO 0 -6.300000 60.638552 31.254477 
STATIC_OBS_INFO 1 -6.300000 62.196416 32.811826 
Parent: 169.003985 28.987793 291.000000 22.623087 2066.350000 0.000000 -10.000000 4.912167 34.000000 0.000000 0 0 0 1 0 0 0 0
EGO_STATUS -5.476416 29.394928 1.100000 1.522272 11.792445 1.000000 -5.880000
DYNAMIC_OBS_INFO 0 -5.750000 57.385791 1.570796 38.362123 -5.750000 68.904102 11.139419 1.214960
DYNAMIC_OBS_INFO 1 -1.750000 31.747287 1.570796 3.863568 -1.750000 31.747287 9.438084 2.625518
STATIC_OBS_INFO 0 -6.300000 60.638552 30.107992 
STATIC_OBS_INFO 1 -6.300000 62.196416 31.665225 
Parent: 169.908177 10.217552 104.000000 10.768835 1637.300000 36.599458 0.000000 4.393055 33.000000 0.000000 0 0 0 0 0 0 0 0
Child: 36.599458 17.606809 178.000000 13.610465 356.400000 0.000000 0.000000 0.000000 0.000000 0.000000 0 0 0 0 0 0 0 0
EGO_STATUS -5.421211 30.543388 1.200000 1.523756 11.204445 1.000000 -5.880000
DYNAMIC_OBS_INFO 0 -5.750000 57.385791 1.570796 38.377995 -5.750000 70.024118 11.260915 1.214960
DYNAMIC_OBS_INFO 1 -1.750000 31.747287 1.570796 3.622556 -1.750000 31.747287 9.438084 2.625518
STATIC_OBS_INFO 0 -6.300000 60.638552 29.005433 
STATIC_OBS_INFO 1 -6.300000 62.196416 30.562540 
Parent: 160.161312 10.217552 104.000000 10.768836 1637.300000 25.952592 0.000000 4.293055 32.000000 0.000000 0 0 0 0 0 0 0 0
Child: 25.952592 16.501064 167.000000 13.610346 350.250000 0.000000 -10.000000 0.000000 0.000000 0.000000 0 0 0 0 0 0 0 0
EGO_STATUS -5.371195 31.647993 1.300000 1.527614 10.910445 3.000000 -2.940000
DYNAMIC_OBS_INFO 0 -5.750000 57.385791 1.570796 38.435209 -5.750000 71.156285 11.382411 1.214960
DYNAMIC_OBS_INFO 1 -1.750000 31.747287 1.570796 3.707755 -1.750000 31.747287 9.438084 2.625518
STATIC_OBS_INFO 0 -6.300000 60.638552 27.932101 
STATIC_OBS_INFO 1 -6.300000 62.196416 29.489070 
Parent: 160.477637 10.217552 104.000000 10.768779 1637.300000 25.368913 0.000000 4.193065 31.000000 0.000000 0 0 0 0 0 0 0 0
Child: 25.368913 15.424739 156.000000 13.607857 344.100000 0.000000 -10.000000 0.000000 0.000000 0.000000 0 0 0 0 0 0 0 0
EGO_STATUS -5.326960 32.723404 1.400000 1.531497 10.616445 3.000000 -2.940000
DYNAMIC_OBS_INFO 0 -5.750000 57.385791 1.570796 38.533855 -5.750000 72.300601 11.503907 1.214960
DYNAMIC_OBS_INFO 1 -1.750000 31.747287 1.570796 4.073873 -1.750000 31.747287 9.438084 2.625518
STATIC_OBS_INFO 0 -6.300000 60.638552 26.888126 
STATIC_OBS_INFO 1 -6.300000 62.196416 28.444944 
Parent: 160.927816 10.217552 104.000000 10.768685 1637.300000 24.919085 0.000000 4.093082 30.000000 0.000000 0 0 0 0 0 0 0 0
Child: 24.919085 14.377828 145.000000 13.608015 338.550000 0.000000 -10.000000 0.000000 0.000000 0.000000 0 0 0 0 0 0 0 0
EGO_STATUS -5.286519 33.769533 1.500000 1.531990 10.322445 3.000000 -2.940000
DYNAMIC_OBS_INFO 0 -5.750000 57.385791 1.570796 38.674170 -5.750000 73.457066 11.625403 1.214960
DYNAMIC_OBS_INFO 1 -1.750000 31.747287 1.570796 4.631215 -1.750000 31.747287 9.438084 2.625518
STATIC_OBS_INFO 0 -6.300000 60.638552 25.873884 
STATIC_OBS_INFO 1 -6.300000 62.196416 27.430525 
Parent: 409.944944 20.109224 203.000000 34.640208 4204.550000 24.762190 0.000000 4.247656 39.000000 0.000000 0 0 1 0 0 0 0 0
Child: 24.762190 13.360307 135.000000 13.606573 337.650000 0.000000 -10.000000 0.000000 0.000000 0.000000 0 0 0 0 0 0 0 0
EGO_STATUS -5.244736 34.786196 1.600000 1.526232 10.028445 3.000000 -2.940000
DYNAMIC_OBS_INFO 0 -5.750000 57.385791 1.570796 38.856598 -5.750000 74.625681 11.746899 1.214960
DYNAMIC_OBS_INFO 1 -1.750000 31.747287 1.570796 5.298396 -1.750000 31.747287 9.438084 2.625518
STATIC_OBS_INFO 0 -6.300000 60.638552 24.890053 
STATIC_OBS_INFO 1 -6.300000 62.196416 26.446471 
Parent: 5939.025350 12.281291 124.000000 60029.998741 90.600000 0.000000 0.000000 2.520675 18.000000 0.000000 0 0 0 1 0 0 0 6
EGO_STATUS -5.194738 35.773051 1.700000 1.512759 9.734445 3.000000 -2.940000
DYNAMIC_OBS_INFO 0 -5.750000 57.385791 1.570796 39.096517 -5.750000 75.806446 11.868395 1.214960
DYNAMIC_OBS_INFO 1 -1.750000 31.747287 1.570796 6.008908 -1.750000 31.747287 9.438084 2.625518
STATIC_OBS_INFO 0 -6.300000 60.638552 23.952269 
STATIC_OBS_INFO 1 -6.300000 62.196416 25.508390 
Parent: 3668.512144 10.000000 102.000000 20.000000 4315.300000 3267.058947 0.000000 3.423785 27.000000 0.000000 0 0 0 1 0 0 0 0
Child: 3267.058947 11.337302 115.000000 33049.884968 89.550000 0.000000 0.000000 0.000000 0.000000 0.000000 1 0 0 0 1 0 0 3
EGO_STATUS -5.130899 36.714831 1.800000 1.492571 9.146445 1.000000 -5.880000
DYNAMIC_OBS_INFO 0 -5.750000 57.385791 1.570796 39.379758 -5.750000 76.999360 11.989891 1.214960
DYNAMIC_OBS_INFO 1 -1.750000 31.747287 1.570796 5.925305 -1.750000 32.704223 9.700636 2.625518
STATIC_OBS_INFO 0 -6.300000 60.638552 23.046668 
STATIC_OBS_INFO 1 -6.300000 62.196416 24.602383 
Parent: 2947.799011 10.422643 106.000000 30032.770774 86.400000 0.000000 0.000000 2.276570 16.000000 0.000000 0 0 0 1 0 0 0 3
EGO_STATUS -5.049545 37.625832 1.900000 1.471423 9.146445 4.000000 0.000000
DYNAMIC_OBS_INFO 0 -5.750000 57.385791 1.570796 39.706398 -5.750000 78.204424 12.111387 1.214960
DYNAMIC_OBS_INFO 1 -1.750000 31.747287 1.570796 5.787234 -1.750000 33.687414 9.963188 2.625518
STATIC_OBS_INFO 0 -6.300000 60.638552 22.173387 
STATIC_OBS_INFO 1 -6.300000 62.196416 23.728572 
Parent: 2938.180430 9.537440 97.000000 30032.769209 81.450000 0.000000 -10.000000 2.226178 15.000000 0.000000 0 0 0 1 0 0 0 3
EGO_STATUS -4.955229 38.505981 2.000000 1.458735 8.558445 1.000000 -5.880000
DYNAMIC_OBS_INFO 0 -5.750000 57.385791 1.570796 40.104302 -5.750000 79.421638 12.232883 1.214960
DYNAMIC_OBS_INFO 1 -1.750000 31.747287 1.570796 5.579349 -1.750000 34.696860 10.225740 2.625518
STATIC_OBS_INFO 0 -6.300000 60.638552 21.359807 
STATIC_OBS_INFO 1 -6.300000 62.196416 22.914381 
Parent: 2924.974384 8.711074 89.000000 30032.765172 74.250000 0.000000 -10.000000 2.183105 14.000000 0.000000 0 0 0 1 0 0 0 3
EGO_STATUS -4.862806 39.327150 2.100000 1.461477 7.970445 1.000000 -5.880000
DYNAMIC_OBS_INFO 0 -5.750000 57.385791 1.570796 40.571731 -5.750000 80.651001 12.354379 1.214960
DYNAMIC_OBS_INFO 1 -1.750000 31.747287 1.570796 5.311004 -1.750000 35.732562 10.488292 2.625518
STATIC_OBS_INFO 0 -6.300000 60.638552 20.603564 
STATIC_OBS_INFO 1 -6.300000 62.196416 22.157509 
Parent: 2930.869622 7.943534 81.000000 30032.762611 65.850000 0.000000 -10.000000 2.149095 13.000000 0.000000 0 0 0 1 0 0 0 3
EGO_STATUS -4.785300 40.090741 2.200000 1.480446 7.382445 1.000000 -5.880000
DYNAMIC_OBS_INFO 0 -5.750000 57.385791 1.570796 41.107642 -5.750000 81.892513 12.475875 1.214960
DYNAMIC_OBS_INFO 1 -1.750000 31.747287 1.570796 4.991500 -1.750000 36.794519 10.750843 2.625518
STATIC_OBS_INFO 0 -6.300000 60.638552 19.902943 
STATIC_OBS_INFO 1 -6.300000 62.196416 21.456316 
Parent: 875.419815 20.972423 211.000000 3056.318428 5965.150000 6.879365 0.000000 4.848241 33.000000 0.000000 1 0 1 0 0 0 0 0
Child: 6.879365 7.234740 74.000000 13.965078 56.400000 0.000000 0.000000 0.000000 0.000000 0.000000 0 0 0 0 0 0 0 0
EGO_STATUS -4.731837 40.797483 2.300000 1.512188 6.794445 1.000000 -5.880000
DYNAMIC_OBS_INFO 0 -5.750000 57.385791 1.570796 41.697662 -5.750000 83.146176 12.597371 1.214960
DYNAMIC_OBS_INFO 1 -1.750000 31.747287 1.570796 4.641657 -1.750000 37.882731 11.013395 2.625518
STATIC_OBS_INFO 0 -6.300000 60.638552 19.243111 
STATIC_OBS_INFO 1 -6.300000 62.196416 20.796021 
Parent: 865.472419 20.972423 211.000000 3056.318281 5965.150000 -3.968085 0.000000 4.748310 32.000000 0.000000 1 0 1 0 0 0 0 0
Child: -3.968085 6.570067 67.000000 13.962049 47.550000 0.000000 -10.000000 0.000000 0.000000 0.000000 0 0 0 0 0 0 0 0
EGO_STATUS -4.705799 41.461590 2.400000 1.552142 6.500445 3.000000 -2.940000
DYNAMIC_OBS_INFO 0 -5.750000 57.385791 1.570796 42.328032 -5.750000 84.411988 12.718867 1.214960
DYNAMIC_OBS_INFO 1 -1.750000 31.747287 1.570796 4.284348 -1.750000 38.997198 11.275947 2.625518
STATIC_OBS_INFO 0 -6.300000 60.638552 18.610005 
STATIC_OBS_INFO 1 -6.300000 62.196416 20.162597 
Parent: 16275.713989 10.000000 102.000000 20.000000 4315.300000 15868.549757 0.000000 3.134820 21.000000 0.000000 0 0 0 1 0 0 0 0
Child: 15868.549757 5.934806 61.000000 163063.634481 38.850000 0.000000 0.000000 0.000000 0.000000 0.000000 1 0 1 0 1 0 0 16
EGO_STATUS -4.707731 42.096789 2.500000 1.595784 6.206445 3.000000 -2.940000
DYNAMIC_OBS_INFO 0 -5.750000 57.385791 1.570796 42.970427 -5.750000 85.689949 12.840363 1.214960
DYNAMIC_OBS_INFO 1 -1.750000 31.747287 1.570796 3.956434 -1.750000 40.137920 11.538499 2.625518
STATIC_OBS_INFO 0 -6.300000 60.638552 17.975119 
STATIC_OBS_INFO 1 -6.300000 62.196416 19.527559 
Parent: 874.171327 20.972423 211.000000 3058.911374 5965.150000 4.332902 0.000000 3.888489 31.000000 0.000000 1 0 1 0 0 0 0 0
Child: 4.332902 5.299380 54.000000 14.151718 30.000000 0.000000 0.000000 0.000000 0.000000 0.000000 0 0 0 0 0 0 0 0
EGO_STATUS -4.737809 42.731445 2.600000 1.639913 6.500445 0.000000 2.940000
DYNAMIC_OBS_INFO 0 -5.750000 57.385791 1.570796 43.626403 -5.750000 86.980060 12.961859 1.214960
DYNAMIC_OBS_INFO 1 -1.750000 31.747287 1.570796 3.675525 -1.750000 41.304898 11.801051 2.625518
STATIC_OBS_INFO 0 -6.300000 60.638552 17.339908 
STATIC_OBS_INFO 1 -6.300000 62.196416 18.892374 
Parent: 561.855570 20.972423 211.000000 13.604598 5965.150000 3.464401 -10.000000 4.130633 30.000000 0.000000 0 0 0 0 0 0 0 0
Child: 3.464401 4.664121 48.000000 13.753286 21.900000 0.000000 0.000000 0.000000 0.000000 0.000000 0 0 0 0 0 0 0 0
EGO_STATUS -4.794516 43.364122 2.700000 1.678947 6.206445 3.000000 -2.940000
DYNAMIC_OBS_INFO 0 -5.750000 57.385791 1.570796 44.311001 -5.750000 88.282321 13.083355 1.214960
DYNAMIC_OBS_INFO 1 -1.750000 31.747287 1.570796 3.454731 -1.750000 42.498130 12.063603 2.625518
STATIC_OBS_INFO 0 -6.300000 60.638552 16.719707 
STATIC_OBS_INFO 1 -6.300000 62.196416 18.272355 
Parent: 551.029927 20.972423 211.000000 13.604598 5965.150000 -7.261241 -10.000000 4.030632 30.000000 0.000000 0 0 0 0 0 0 0 0
Child: -7.261241 4.043474 42.000000 13.747782 14.700000 0.000000 -10.000000 0.000000 0.000000 0.000000 0 0 0 0 0 0 0 0
EGO_STATUS -4.870753 43.980044 2.800000 1.706762 6.206445 4.000000 0.000000
DYNAMIC_OBS_INFO 0 -5.750000 57.385791 1.570796 45.009395 -5.750000 89.596731 13.204851 1.214960
DYNAMIC_OBS_INFO 1 -1.750000 31.747287 1.570796 3.327281 -1.750000 43.717618 12.326154 2.625518
STATIC_OBS_INFO 0 -6.300000 60.638552 16.100161 
STATIC_OBS_INFO 1 -6.300000 62.196416 17.653094 
Parent: -4.519773 3.422824 36.000000 26.239182 9.300000 0.000000 0.000000 1.101216 9.000000 0.000000 0 0 0 1 0 0 0 0
EGO_STATUS -4.959716 44.594275 2.900000 1.719732 6.206445 4.000000 0.000000
DYNAMIC_OBS_INFO 0 -5.750000 57.385791 1.570796 45.749727 -5.750000 90.923291 13.326347 1.214960
DYNAMIC_OBS_INFO 1 -1.750000 31.747287 1.570796 3.304047 -1.750000 44.963361 12.588706 2.625518
STATIC_OBS_INFO 0 -6.300000 60.638552 15.510281 
STATIC_OBS_INFO 1 -6.300000 62.196416 17.063517 
Parent: -13.979451 2.831650 30.000000 26.235692 5.700000 0.000000 -10.000000 1.006193 8.000000 0.000000 0 0 0 1 0 0 0 0
EGO_STATUS -5.047005 45.178965 3.000000 1.715529 5.618445 1.000000 -5.880000
DYNAMIC_OBS_INFO 0 -5.750000 57.385791 1.570796 46.560087 -5.750000 92.262000 13.447843 1.214960
DYNAMIC_OBS_INFO 1 -1.750000 31.747287 1.570796 3.410818 -1.750000 46.235359 12.851258 2.625518
STATIC_OBS_INFO 0 -6.300000 60.638552 14.978958 
STATIC_OBS_INFO 1 -6.300000 62.196416 16.532433 
Parent: -14.230330 2.299453 24.000000 26.222079 3.600000 0.000000 -10.000000 0.912401 8.000000 0.000000 0 0 0 1 0 0 0 0
EGO_STATUS -5.119518 45.706182 3.100000 1.697483 5.030445 1.000000 -5.880000
DYNAMIC_OBS_INFO 0 -5.750000 57.385791 1.570796 47.439925 -5.750000 93.612859 13.569339 1.214960
DYNAMIC_OBS_INFO 1 -1.750000 31.747287 1.570796 3.682685 -1.750000 47.533613 13.113810 2.625518
STATIC_OBS_INFO 0 -6.300000 60.638552 14.505922 
STATIC_OBS_INFO 1 -6.300000 62.196416 16.059537 
Parent: -13.516505 1.826091 20.000000 26.168657 3.000000 0.000000 -10.000000 0.820264 7.000000 0.000000 0 0 0 1 0 0 0 0
EGO_STATUS -5.173485 46.176438 3.200000 1.671584 4.442445 1.000000 -5.880000
DYNAMIC_OBS_INFO 0 -5.750000 57.385791 1.570796 48.389443 -5.750000 94.975868 13.690835 1.214960
DYNAMIC_OBS_INFO 1 -1.750000 31.747287 1.570796 4.137048 -1.750000 48.858121 13.376362 2.625518
STATIC_OBS_INFO 0 -6.300000 60.638552 14.091365 
STATIC_OBS_INFO 1 -6.300000 62.196416 15.645022 
Parent: -13.832511 1.411499 16.000000 25.224351 2.400000 0.000000 -10.000000 0.730505 7.000000 0.000000 0 0 0 1 0 0 0 0
EGO_STATUS -5.209518 46.589444 3.300000 1.643755 3.854445 1.000000 -5.880000
DYNAMIC_OBS_INFO 0 -5.750000 57.385791 1.570796 49.409597 -5.750000 96.351026 13.812331 1.214960
DYNAMIC_OBS_INFO 1 -1.750000 31.747287 1.570796 4.772314 -1.750000 50.208885 13.638914 2.625518
STATIC_OBS_INFO 0 -6.300000 60.638552 13.736064 
STATIC_OBS_INFO 1 -6.300000 62.196416 15.289683 
Parent: -14.110970 1.056130 12.000000 23.700843 1.800000 0.000000 -10.000000 0.644680 7.000000 0.000000 0 0 0 1 0 0 0 0
EGO_STATUS -5.230881 46.944157 3.400000 1.618692 3.266445 1.000000 -5.880000
DYNAMIC_OBS_INFO 0 -5.750000 57.385791 1.570796 50.499812 -5.750000 97.738334 13.933827 1.214960
DYNAMIC_OBS_INFO 1 -1.750000 31.747287 1.570796 5.574274 -1.750000 51.585904 13.901465 2.625518
STATIC_OBS_INFO 0 -6.300000 60.638552 13.439175 
STATIC_OBS_INFO 1 -6.300000 62.196416 14.992707 
Parent: -13.448758 0.758992 9.000000 22.206866 1.350000 0.000000 -10.000000 0.564633 6.000000 0.000000 0 0 0 1 0 0 0 0
EGO_STATUS -5.242134 47.241077 3.500000 1.599067 2.678445 1.000000 -5.880000
DYNAMIC_OBS_INFO 0 -5.750000 57.385791 1.570796 51.662397 -5.750000 99.137792 14.055323 1.214960
DYNAMIC_OBS_INFO 1 -1.750000 31.747287 1.570796 6.527244 -1.750000 52.989178 14.164017 2.625518
STATIC_OBS_INFO 0 -6.300000 60.638552 13.202756 
STATIC_OBS_INFO 1 -6.300000 62.196416 14.756182 
Parent: -13.851445 0.522171 7.000000 21.087335 1.050000 0.000000 -10.000000 0.497201 6.000000 0.000000 0 0 0 1 0 0 0 0
EGO_STATUS -5.247153 47.477842 3.600000 1.585850 2.090445 1.000000 -5.880000
DYNAMIC_OBS_INFO 0 -5.750000 57.385791 1.570796 52.896278 -5.750000 100.549399 14.176819 1.214960
DYNAMIC_OBS_INFO 1 -1.750000 31.747287 1.570796 7.614764 -1.750000 54.418707 14.426569 2.625518
STATIC_OBS_INFO 0 -6.300000 60.638552 13.025523 
STATIC_OBS_INFO 1 -6.300000 62.196416 14.578851 
Parent: -14.085787 0.344510 5.000000 20.419880 0.750000 0.000000 -10.000000 0.455567 6.000000 0.000000 0 0 0 1 0 0 0 0
EGO_STATUS -5.249080 47.655492 3.700000 1.578130 1.502445 1.000000 -5.880000
DYNAMIC_OBS_INFO 0 -5.750000 57.385791 1.570796 54.208493 -5.750000 101.973155 14.298315 1.214960
DYNAMIC_OBS_INFO 1 -1.750000 31.747287 1.570796 8.830609 -1.750000 55.874492 14.689121 2.625518
STATIC_OBS_INFO 0 -6.300000 60.638552 12.914362 
STATIC_OBS_INFO 1 -6.300000 62.196416 14.467621 
Parent: -14.292811 0.233029 4.000000 20.117281 0.600000 0.000000 -10.000000 0.500257 6.000000 0.000000 0 0 0 1 0 0 0 0
EGO_STATUS -5.249680 47.766971 3.800000 1.574550 0.921638 1.000000 -5.880000
DYNAMIC_OBS_INFO 0 -5.750000 57.385791 1.570796 55.597759 -5.750000 103.409062 14.419811 1.214960
DYNAMIC_OBS_INFO 1 -1.750000 31.747287 1.570796 10.164500 -1.750000 57.356532 14.951673 2.625518
STATIC_OBS_INFO 0 -6.300000 60.638552 12.867926 
STATIC_OBS_INFO 1 -6.300000 62.196416 14.421153 
Parent: -13.991723 0.186447 3.000000 20.029083 0.450000 0.000000 -10.000000 0.735521 6.000000 0.000000 0 0 0 1 0 0 0 0
EGO_STATUS -5.249801 47.813553 3.900000 1.573469 0.496980 1.000000 -5.880000
DYNAMIC_OBS_INFO 0 -5.750000 57.385791 1.570796 57.020409 -5.750000 104.857118 14.541307 1.214960
DYNAMIC_OBS_INFO 1 -1.750000 31.747287 1.570796 11.568057 -1.750000 58.864827 15.214225 2.625518
STATIC_OBS_INFO 0 -6.300000 60.638552 12.842658 
STATIC_OBS_INFO 1 -6.300000 62.196416 14.395869 
Parent: -14.061023 0.161098 3.000000 20.014036 0.450000 0.000000 -10.000000 0.840070 6.000000 0.000000 0 0 0 1 0 0 0 0
EGO_STATUS -5.249846 47.838902 4.000000 1.573009 0.373535 1.000000 -5.880000
DYNAMIC_OBS_INFO 0 -5.750000 57.385791 1.570796 58.461384 -5.750000 106.317323 14.662803 1.214960
DYNAMIC_OBS_INFO 1 -1.750000 31.747287 1.570796 13.020494 -1.750000 60.399377 15.476776 2.625518
STATIC_OBS_INFO 0 -6.300000 60.638552 12.823543 
STATIC_OBS_INFO 1 -6.300000 62.196416 14.376741 
Parent: -14.127695 0.141921 3.000000 20.008456 0.450000 0.000000 -10.000000 0.904474 6.000000 0.000000 0 0 0 1 0 0 0 0
EGO_STATUS -5.249874 47.858079 4.100000 1.572718 0.303821 1.000000 -5.880000
DYNAMIC_OBS_INFO 0 -5.750000 57.385791 1.570796 59.917996 -5.750000 107.789678 14.784299 1.214960
DYNAMIC_OBS_INFO 1 -1.750000 31.747287 1.570796 14.514691 -1.750000 61.960182 15.739328 2.625518
STATIC_OBS_INFO 0 -6.300000 60.638552 12.807903 
STATIC_OBS_INFO 1 -6.300000 62.196416 14.361091 
Parent: -14.196271 0.126230 3.000000 20.005845 0.450000 0.000000 -10.000000 0.943012 6.000000 0.000000 0 0 0 1 0 0 0 0
EGO_STATUS -5.249893 47.873770 4.200000 1.572504 0.257717 1.000000 -5.880000
DYNAMIC_OBS_INFO 0 -5.750000 57.385791 1.570796 61.389064 -5.750000 109.274183 14.905795 1.214960
DYNAMIC_OBS_INFO 1 -1.750000 31.747287 1.570796 16.046422 -1.750000 63.547242 16.001880 2.625518
STATIC_OBS_INFO 0 -6.300000 60.638552 12.794561 
STATIC_OBS_INFO 1 -6.300000 62.196416 14.347740 
Parent: -14.268419 0.112845 3.000000 20.004506 0.450000 0.000000 -10.000000 0.962188 6.000000 0.000000 0 0 0 1 0 0 0 0
EGO_STATUS -5.249907 47.887156 4.300000 1.572332 0.224558 1.000000 -5.880000
DYNAMIC_OBS_INFO 0 -5.750000 57.385791 1.570796 62.873942 -5.750000 110.770837 15.027291 1.214960
DYNAMIC_OBS_INFO 1 -1.750000 31.747287 1.570796 17.612916 -1.750000 65.160558 16.264432 2.625518
STATIC_OBS_INFO 0 -6.300000 60.638552 12.782872 
STATIC_OBS_INFO 1 -6.300000 62.196416 14.336042 
Parent: -14.344799 0.101117 3.000000 20.003723 0.450000 0.000000 -10.000000 0.965798 6.000000 0.000000 0 0 0 1 0 0 0 0
EGO_STATUS -5.249918 47.898883 4.400000 1.572176 0.199395 1.000000 -5.880000
DYNAMIC_OBS_INFO 0 -5.750000 57.385791 1.570796 64.372230 -5.750000 112.279641 15.148786 1.214960
DYNAMIC_OBS_INFO 1 -1.750000 31.747287 1.570796 19.212258 -1.750000 66.800129 16.526984 2.625518
STATIC_OBS_INFO 0 -6.300000 60.638552 12.772437 
STATIC_OBS_INFO 1 -6.300000 62.196416 14.325600 
Parent: -14.123444 0.090647 2.000000 20.002811 0.300000 0.000000 -10.000000 0.956363 6.000000 0.000000 0 0 0 1 0 0 0 0
EGO_STATUS -5.249925 47.909353 4.500000 1.572032 0.179566 1.000000 -5.880000
DYNAMIC_OBS_INFO 0 -5.750000 57.385791 1.570796 65.883661 -5.750000 113.800594 15.270282 1.214960
DYNAMIC_OBS_INFO 1 -1.750000 31.747287 1.570796 20.843075 -1.750000 68.465955 16.789535 2.625518
STATIC_OBS_INFO 0 -6.300000 60.638552 12.762990 
STATIC_OBS_INFO 1 -6.300000 62.196416 14.316147 
Parent: -14.231332 0.081169 2.000000 20.002045 0.300000 0.000000 -10.000000 0.944724 6.000000 0.000000 0 0 0 1 0 0 0 0
EGO_STATUS -5.249931 47.918831 4.600000 1.571903 0.161836 1.000000 -5.880000
DYNAMIC_OBS_INFO 0 -5.750000 57.385791 1.570796 67.408129 -5.750000 115.333697 15.391778 1.214960
DYNAMIC_OBS_INFO 1 -1.750000 31.747287 1.570796 22.504437 -1.750000 70.158036 17.052087 2.625518
STATIC_OBS_INFO 0 -6.300000 60.638552 12.754427 
STATIC_OBS_INFO 1 -6.300000 62.196416 14.307578 
Parent: -14.331408 0.072577 2.000000 20.001483 0.300000 0.000000 -10.000000 0.931884 6.000000 0.000000 0 0 0 1 0 0 0 0
EGO_STATUS -5.249936 47.927423 4.700000 1.571785 0.145764 1.000000 -5.880000
DYNAMIC_OBS_INFO 0 -5.750000 57.385791 1.570796 68.945552 -5.750000 116.878950 15.513274 1.214960
DYNAMIC_OBS_INFO 1 -1.750000 31.747287 1.570796 24.195635 -1.750000 71.876372 17.314639 2.625518
STATIC_OBS_INFO 0 -6.300000 60.638552 12.746665 
STATIC_OBS_INFO 1 -6.300000 62.196416 14.299811 
Parent: -14.424642 0.064789 2.000000 20.001073 0.300000 0.000000 -10.000000 0.917719 6.000000 0.000000 0 0 0 1 0 0 0 0
EGO_STATUS -5.249939 47.935211 4.800000 1.571679 0.131195 1.000000 -5.880000
DYNAMIC_OBS_INFO 0 -5.750000 57.385791 1.570796 70.495855 -5.750000 118.436352 15.634770 1.214960
DYNAMIC_OBS_INFO 1 -1.750000 31.747287 1.570796 25.916112 -1.750000 73.620963 17.577191 2.625518
STATIC_OBS_INFO 0 -6.300000 60.638552 12.739629 
STATIC_OBS_INFO 1 -6.300000 62.196416 14.292770 
Parent: -14.511937 0.057729 2.000000 20.000773 0.300000 0.000000 -10.000000 0.902093 6.000000 0.000000 0 0 0 1 0 0 0 0
EGO_STATUS -5.249942 47.942271 4.900000 1.571583 0.117989 1.000000 -5.880000
DYNAMIC_OBS_INFO 0 -5.750000 57.385791 1.570796 72.058969 -5.750000 120.005904 15.756266 1.214960
DYNAMIC_OBS_INFO 1 -1.750000 31.747287 1.570796 27.665421 -1.750000 75.391810 17.839743 2.625518
STATIC_OBS_INFO 0 -6.300000 60.638552 12.733252 
STATIC_OBS_INFO 1 -6.300000 62.196416 14.286387 
Parent: -14.594138 0.051329 2.000000 20.000555 0.300000 0.000000 -10.000000 0.884854 6.000000 0.000000 0 0 0 1 0 0 0 0
EGO_STATUS -5.249945 47.948671 5.000000 1.571496 0.106018 1.000000 -5.880000
DYNAMIC_OBS_INFO 0 -5.750000 57.385791 1.570796 73.634832 -5.750000 121.587606 15.877762 1.214960
DYNAMIC_OBS_INFO 1 -1.750000 31.747287 1.570796 29.443202 -1.750000 77.188912 18.102295 2.625518
STATIC_OBS_INFO 0 -6.300000 60.638552 12.727470 
STATIC_OBS_INFO 1 -6.300000 62.196416 14.280602 
Parent: -14.672039 0.045529 2.000000 20.000397 0.300000 0.000000 -10.000000 0.865837 6.000000 0.000000 0 0 0 1 0 0 0 0
EGO_STATUS -5.249947 47.954471 5.100000 1.571417 0.095167 1.000000 -5.880000
DYNAMIC_OBS_INFO 0 -5.750000 57.385791 1.570796 75.223389 -5.750000 123.181457 15.999258 1.214960
DYNAMIC_OBS_INFO 1 -1.750000 31.747287 1.570796 31.249157 -1.750000 79.012269 18.364846 2.625518
STATIC_OBS_INFO 0 -6.300000 60.638552 12.722230 
STATIC_OBS_INFO 1 -6.300000 62.196416 14.275358 
Parent: -14.343692 0.040270 2.000000 40.000282 0.300000 0.000000 -10.000000 0.844857 6.000000 0.000000 0 0 0 1 1 0 0 0
EGO_STATUS -5.249949 47.959730 5.200000 1.571345 0.085330 1.000000 -5.880000
DYNAMIC_OBS_INFO 0 -5.750000 57.385791 1.570796 76.824588 -5.750000 124.787457 16.120754 1.214960
DYNAMIC_OBS_INFO 1 -1.750000 31.747287 1.570796 33.083041 -1.750000 80.861881 18.627398 2.625518
STATIC_OBS_INFO 0 -6.300000 60.638552 12.717479 
STATIC_OBS_INFO 1 -6.300000 62.196416 14.270604 
Parent: -14.462884 0.035504 2.000000 40.000199 0.300000 0.000000 -10.000000 0.821713 6.000000 0.000000 0 0 0 1 1 0 0 0
EGO_STATUS -5.249950 47.964496 5.300000 1.571280 0.076414 1.000000 -5.880000
DYNAMIC_OBS_INFO 0 -5.750000 57.385791 1.570796 78.438384 -5.750000 126.405607 16.242250 1.214960
DYNAMIC_OBS_INFO 1 -1.750000 31.747287 1.570796 34.944646 -1.750000 82.737749 18.889950 2.625518
STATIC_OBS_INFO 0 -6.300000 60.638552 12.713173 
STATIC_OBS_INFO 1 -6.300000 62.196416 14.266295 
Parent: -14.575479 0.031183 2.000000 40.000140 0.300000 0.000000 -10.000000 0.796181 6.000000 0.000000 0 0 0 1 1 0 0 0
EGO_STATUS -5.249951 47.968817 5.400000 1.571221 0.068332 1.000000 -5.880000
DYNAMIC_OBS_INFO 0 -5.750000 57.385791 1.570796 80.064735 -5.750000 128.035907 16.363746 1.214960
DYNAMIC_OBS_INFO 1 -1.750000 31.747287 1.570796 36.833798 -1.750000 84.639871 19.152502 2.625518
STATIC_OBS_INFO 0 -6.300000 60.638552 12.709270 
STATIC_OBS_INFO 1 -6.300000 62.196416 14.262389 
Parent: -14.682566 0.027266 2.000000 40.000098 0.300000 0.000000 -10.000000 0.768014 6.000000 0.000000 0 0 0 1 1 0 0 0
EGO_STATUS -5.249952 47.972734 5.500000 1.571168 0.061005 1.000000 -5.880000
DYNAMIC_OBS_INFO 0 -5.750000 57.385791 1.570796 81.703603 -5.750000 129.678357 16.485242 1.214960
DYNAMIC_OBS_INFO 1 -1.750000 31.747287 1.570796 38.750348 -1.750000 86.568249 19.415054 2.625518
STATIC_OBS_INFO 0 -6.300000 60.638552 12.705732 
STATIC_OBS_INFO 1 -6.300000 62.196416 14.258848 
Parent: -14.785177 0.023716 2.000000 40.000067 0.300000 0.000000 -10.000000 0.736941 6.000000 0.000000 0 0 0 1 1 0 0 0
EGO_STATUS -5.249952 47.976284 5.600000 1.571120 0.054364 1.000000 -5.880000
DYNAMIC_OBS_INFO 0 -5.750000 57.385791 1.570796 83.354954 -5.750000 131.332956 16.606738 1.214960
DYNAMIC_OBS_INFO 1 -1.750000 31.747287 1.570796 40.694168 -1.750000 88.522882 19.677606 2.625518
STATIC_OBS_INFO 0 -6.300000 60.638552 12.702525 
STATIC_OBS_INFO 1 -6.300000 62.196416 14.255639 
Parent: -14.884302 0.020498 2.000000 40.000046 0.300000 0.000000 -10.000000 0.702662 6.000000 0.000000 0 0 0 1 1 0 0 0
EGO_STATUS -5.249953 47.979502 5.700000 1.571076 0.048344 1.000000 -5.880000
DYNAMIC_OBS_INFO 0 -5.750000 57.385791 1.570796 85.018756 -5.750000 132.999704 16.728234 1.214960
DYNAMIC_OBS_INFO 1 -1.750000 31.747287 1.570796 42.665149 -1.750000 90.503770 19.940157 2.625518
STATIC_OBS_INFO 0 -6.300000 60.638552 12.699617 
STATIC_OBS_INFO 1 -6.300000 62.196416 14.252730 
Parent: -14.980900 0.017581 2.000000 40.000031 0.300000 0.000000 -10.000000 0.664846 6.000000 0.000000 0 0 0 1 1 0 0 0
EGO_STATUS -5.249953 47.982419 5.800000 1.571036 0.042887 1.000000 -5.880000
DYNAMIC_OBS_INFO 0 -5.750000 57.385791 1.570796 86.694981 -5.750000 134.678603 16.849730 1.214960
DYNAMIC_OBS_INFO 1 -1.750000 31.747287 1.570796 44.663195 -1.750000 92.510914 20.202709 2.625518
STATIC_OBS_INFO 0 -6.300000 60.638552 12.696982 
STATIC_OBS_INFO 1 -6.300000 62.196416 14.250092 
Parent: -15.075901 0.014937 2.000000 40.000021 0.300000 0.000000 -10.000000 0.623128 6.000000 0.000000 0 0 0 1 1 0 0 0
EGO_STATUS -5.249954 47.985064 5.900000 1.571000 0.037940 1.000000 -5.880000
DYNAMIC_OBS_INFO 0 -5.750000 57.385791 1.570796 88.383604 -5.750000 136.369650 16.971226 1.214960
DYNAMIC_OBS_INFO 1 -1.750000 31.747287 1.570796 46.688222 -1.750000 94.544312 20.465261 2.625518
STATIC_OBS_INFO 0 -6.300000 60.638552 12.694593 
STATIC_OBS_INFO 1 -6.300000 62.196416 14.247702 
Parent: -15.170222 0.012540 2.000000 40.000013 0.300000 0.000000 -10.000000 0.577106 6.000000 0.000000 0 0 0 1 1 0 0 0
EGO_STATUS -5.249954 47.987461 6.000000 1.570967 0.033457 1.000000 -5.880000
DYNAMIC_OBS_INFO 0 -5.750000 57.385791 1.570796 90.084602 -5.750000 138.072848 17.092722 1.214960
DYNAMIC_OBS_INFO 1 -1.750000 31.747287 1.570796 48.740158 -1.750000 96.603966 20.727813 2.625518
STATIC_OBS_INFO 0 -6.300000 60.638552 12.692428 
STATIC_OBS_INFO 1 -6.300000 62.196416 14.245535 
Parent: -15.264775 0.010367 2.000000 40.000009 0.300000 0.000000 -10.000000 0.526336 6.000000 0.000000 0 0 0 1 1 0 0 0
EGO_STATUS -5.249954 47.989633 6.100000 1.570938 0.029392 1.000000 -5.880000
DYNAMIC_OBS_INFO 0 -5.750000 57.385791 1.570796 91.797954 -5.750000 139.788195 17.214218 1.214960
DYNAMIC_OBS_INFO 1 -1.750000 31.747287 1.570796 50.818938 -1.750000 98.689875 20.990365 2.625518
STATIC_OBS_INFO 0 -6.300000 60.638552 12.690465 
STATIC_OBS_INFO 1 -6.300000 62.196416 14.243571 
Parent: 1689.821736 10.000000 102.000000 20.000000 2626.500000 1471.765261 -10.000000 4.595691 36.000000 0.000000 0 0 1 0 0 0 0 0
Child: 1471.765261 21.165092 213.000000 3112.214226 11699.250000 0.000000 0.000000 0.000000 0.000000 0.000000 1 0 1 0 1 0 0 0
EGO_STATUS -5.249954 47.991603 6.200000 1.570911 0.025708 1.000000 -5.880000
DYNAMIC_OBS_INFO 0 -5.750000 57.385791 1.570796 93.485778 -5.750000 141.515691 17.335714 1.214960
DYNAMIC_OBS_INFO 1 -1.750000 31.747287 1.570796 52.886726 -1.750000 100.802039 21.252917 2.625518
STATIC_OBS_INFO 0 -6.300000 60.638552 12.650954 
STATIC_OBS_INFO 1 -6.300000 62.196416 14.204031 
Parent: 1688.404037 10.000000 102.000000 20.000000 2626.500000 1469.449219 -10.000000 4.494034 35.000000 0.000000 0 0 1 0 0 0 0 0
Child: 1469.449219 21.125403 213.000000 3112.115687 11804.650000 0.000000 -10.000000 0.000000 0.000000 0.000000 1 0 1 0 1 0 0 0
EGO_STATUS -5.249956 48.031251 6.300000 1.570847 0.319708 0.000000 2.940000
DYNAMIC_OBS_INFO 0 -5.750000 57.385791 1.570796 95.167876 -5.750000 143.255338 17.457210 1.214960
DYNAMIC_OBS_INFO 1 -1.750000 31.747287 1.570796 54.963231 -1.750000 102.940458 21.515468 2.625518
STATIC_OBS_INFO 0 -6.300000 60.638552 12.593628 
STATIC_OBS_INFO 1 -6.300000 62.196416 14.146665 
Parent: 1680.708669 10.000000 102.000000 20.000000 2626.500000 1461.854655 -10.000000 4.393229 35.000000 0.000000 0 0 1 0 0 0 0 0
Child: 1461.854655 21.067835 212.000000 3112.080194 11698.800000 0.000000 -10.000000 0.000000 0.000000 0.000000 1 0 1 0 1 0 0 0
EGO_STATUS -5.249954 48.088775 6.400000 1.570754 0.613708 0.000000 2.940000
DYNAMIC_OBS_INFO 0 -5.750000 57.385791 1.570796 96.839856 -5.750000 145.007133 17.578706 1.214960
DYNAMIC_OBS_INFO 1 -1.750000 31.747287 1.570796 57.044035 -1.750000 105.105132 21.778020 2.625518
STATIC_OBS_INFO 0 -6.300000 60.638552 12.514116 
STATIC_OBS_INFO 1 -6.300000 62.196416 14.067093 
Parent: 1680.581232 10.000000 102.000000 20.000000 2626.500000 1461.827496 -10.000000 4.292952 35.000000 0.000000 0 0 1 0 0 0 0 0
Child: 1461.827496 20.988014 211.000000 3112.057532 11684.750000 0.000000 -10.000000 0.000000 0.000000 0.000000 1 0 1 0 1 0 0 0
EGO_STATUS -5.249944 48.168569 6.500000 1.570625 0.907708 0.000000 2.940000
DYNAMIC_OBS_INFO 0 -5.750000 57.385791 1.570796 98.497822 -5.750000 146.771079 17.700202 1.214960
DYNAMIC_OBS_INFO 1 -1.750000 31.747287 1.570796 59.125216 -1.750000 107.296062 22.040572 2.625518
STATIC_OBS_INFO 0 -6.300000 60.638552 12.408538 
STATIC_OBS_INFO 1 -6.300000 62.196416 13.961436 
Parent: 1680.127734 10.000000 102.000000 20.000000 2626.500000 1461.474034 -10.000000 4.192915 35.000000 0.000000 0 0 1 0 0 0 0 0
Child: 1461.474034 20.882046 210.000000 3112.057615 11685.800000 0.000000 -10.000000 0.000000 0.000000 0.000000 1 0 1 0 1 0 0 0
EGO_STATUS -5.249916 48.274526 6.600000 1.570453 1.201708 0.000000 2.940000
DYNAMIC_OBS_INFO 0 -5.750000 57.385791 1.570796 100.137558 -5.750000 148.547174 17.821698 1.214960
DYNAMIC_OBS_INFO 1 -1.750000 31.747287 1.570796 61.202533 -1.750000 109.513247 22.303124 2.625518
STATIC_OBS_INFO 0 -6.300000 60.638552 12.272699 
STATIC_OBS_INFO 1 -6.300000 62.196416 13.825492 
Parent: 1678.895527 10.000000 102.000000 20.000000 2626.500000 1460.341939 -10.000000 4.092804 35.000000 0.000000 0 0 1 0 0 0 0 0
Child: 1460.341939 20.745668 209.000000 3112.052005 11700.750000 0.000000 -10.000000 0.000000 0.000000 0.000000 1 0 1 0 1 0 0 0
EGO_STATUS -5.249852 48.410865 6.700000 1.570228 1.495708 0.000000 2.940000
DYNAMIC_OBS_INFO 0 -5.750000 57.385791 1.570796 101.760443 -5.750000 150.335419 17.943194 1.214960
DYNAMIC_OBS_INFO 1 -1.750000 31.747287 1.570796 63.277337 -1.750000 111.756687 22.565676 2.625518
STATIC_OBS_INFO 0 -6.300000 60.638552 12.107984 
STATIC_OBS_INFO 1 -6.300000 62.196416 13.660644 
Parent: 1679.724702 10.000000 102.000000 20.000000 2626.500000 1461.271196 -10.000000 3.992722 35.000000 0.000000 0 0 1 0 0 0 0 0
Child: 1461.271196 20.580288 207.000000 3112.042958 11686.250000 0.000000 -10.000000 0.000000 0.000000 0.000000 1 0 1 0 1 0 0 0
EGO_STATUS -5.249733 48.576205 6.800000 1.569949 1.789708 0.000000 2.940000
DYNAMIC_OBS_INFO 0 -5.750000 57.385791 1.570796 103.366942 -5.750000 152.135813 18.064690 1.214960
DYNAMIC_OBS_INFO 1 -1.750000 31.747287 1.570796 65.350068 -1.750000 114.026382 22.828227 2.625518
STATIC_OBS_INFO 0 -6.300000 60.638552 11.914866 
STATIC_OBS_INFO 1 -6.300000 62.196416 13.467364 
Parent: 1679.773248 10.000000 102.000000 20.000000 2626.500000 1461.419758 -10.000000 3.892706 35.000000 0.000000 0 0 1 0 0 0 0 0
Child: 1461.419758 20.386401 205.000000 3112.039054 11684.150000 0.000000 -10.000000 0.000000 0.000000 0.000000 1 0 1 0 1 0 0 0
EGO_STATUS -5.249536 48.770083 6.900000 1.569604 2.083708 0.000000 2.940000
DYNAMIC_OBS_INFO 0 -5.750000 57.385791 1.570796 104.955943 -5.750000 153.948357 18.186186 1.214960
DYNAMIC_OBS_INFO 1 -1.750000 31.747287 1.570796 67.419593 -1.750000 116.322332 23.090779 2.625518
STATIC_OBS_INFO 0 -6.300000 60.638552 11.692255 
STATIC_OBS_INFO 1 -6.300000 62.196416 13.244556 
Parent: 1679.226608 10.000000 102.000000 20.000000 2626.500000 1460.973154 -10.000000 3.792670 35.000000 0.000000 0 0 1 0 0 0 0 0
Child: 1460.973154 20.162847 203.000000 3112.041331 11697.750000 0.000000 -10.000000 0.000000 0.000000 0.000000 1 0 1 0 1 0 0 0
EGO_STATUS -5.249219 48.993609 7.000000 1.569164 2.377708 0.000000 2.940000
DYNAMIC_OBS_INFO 0 -5.750000 57.385791 1.570796 106.527636 -5.750000 155.773050 18.307682 1.214960
DYNAMIC_OBS_INFO 1 -1.750000 31.747287 1.570796 69.486084 -1.750000 118.644538 23.353331 2.625518
STATIC_OBS_INFO 0 -6.300000 60.638552 11.440362 
STATIC_OBS_INFO 1 -6.300000 62.196416 12.992424 
Parent: 1686.765933 10.000000 102.000000 20.000000 2626.500000 1467.612519 -10.000000 3.692629 34.000000 0.000000 0 0 1 0 0 0 0 0
Child: 1467.612519 19.909823 201.000000 3112.015649 11805.250000 0.000000 -10.000000 0.000000 0.000000 0.000000 1 0 1 0 1 0 0 0
EGO_STATUS -5.248731 49.246593 7.100000 1.568581 2.671708 0.000000 2.940000
DYNAMIC_OBS_INFO 0 -5.750000 57.385791 1.570796 108.082345 -5.750000 157.609893 18.429178 1.214960
DYNAMIC_OBS_INFO 1 -1.750000 31.747287 1.570796 71.549842 -1.750000 120.992999 23.615883 2.625518
STATIC_OBS_INFO 0 -6.300000 60.638552 11.159534 
STATIC_OBS_INFO 1 -6.300000 62.196416 12.711310 
Parent: 1687.516004 10.000000 102.000000 20.000000 2626.500000 1468.462611 -10.000000 3.592609 34.000000 0.000000 0 0 1 0 0 0 0 0
Child: 1468.462611 19.627682 198.000000 3112.025418 11802.400000 0.000000 -10.000000 0.000000 0.000000 0.000000 1 0 1 0 1 0 0 0
EGO_STATUS -5.247995 49.528714 7.200000 1.567777 2.965708 0.000000 2.940000
DYNAMIC_OBS_INFO 0 -5.750000 57.385791 1.570796 109.619921 -5.750000 159.458886 18.550674 1.214960
DYNAMIC_OBS_INFO 1 -1.750000 31.747287 1.570796 73.610702 -1.750000 123.367714 23.878435 2.625518
STATIC_OBS_INFO 0 -6.300000 60.638552 10.849663 
STATIC_OBS_INFO 1 -6.300000 62.196416 12.401094 
Parent: 395.354259 8.160611 83.000000 0.243882 4112.450000 0.000000 0.000000 4.991646 14.000000 0.000000 0 0 0 0 0 0 0 0
EGO_STATUS -5.246881 49.840119 7.300000 1.566622 3.259708 0.000000 2.940000
DYNAMIC_OBS_INFO 0 -5.750000 57.385791 1.570796 111.169956 -5.750000 161.320028 18.672170 1.214960
DYNAMIC_OBS_INFO 1 -1.750000 31.747287 1.570796 75.698210 -1.750000 125.768685 24.140987 2.625518
STATIC_OBS_INFO 0 -6.300000 60.638552 10.540231 
STATIC_OBS_INFO 1 -6.300000 62.196416 12.091282 
Parent: 1798.610689 10.000000 102.000000 20.000000 2626.500000 1578.599616 -10.000000 3.550289 33.000000 0.000000 0 0 1 0 0 0 0 0
Child: 1578.599616 19.057807 192.000000 3120.678062 12783.100000 0.000000 0.000000 0.000000 0.000000 0.000000 1 0 1 0 1 0 0 0
EGO_STATUS -5.245352 50.151217 7.400000 1.565098 2.965708 3.000000 -2.940000
DYNAMIC_OBS_INFO 0 -5.750000 57.385791 1.570796 112.731841 -5.750000 163.193319 18.793666 1.214960
DYNAMIC_OBS_INFO 1 -1.750000 31.747287 1.570796 77.811747 -1.750000 128.195912 24.403538 2.625518
STATIC_OBS_INFO 0 -6.300000 60.638552 10.230654 
STATIC_OBS_INFO 1 -6.300000 62.196416 11.781285 
Parent: 394.170480 7.538368 77.000000 0.358390 4111.550000 0.000000 0.000000 4.611035 13.000000 0.000000 0 0 0 0 0 0 0 0
EGO_STATUS -5.243284 50.462618 7.500000 1.563180 3.259708 0.000000 2.940000
DYNAMIC_OBS_INFO 0 -5.750000 57.385791 1.570796 114.306189 -5.750000 165.078761 18.915162 1.214960
DYNAMIC_OBS_INFO 1 -1.750000 31.747287 1.570796 79.951918 -1.750000 130.649393 24.666090 2.625518
STATIC_OBS_INFO 0 -6.300000 60.638552 9.921570 
STATIC_OBS_INFO 1 -6.300000 62.196416 11.471734 
Parent: 383.404639 7.227266 74.000000 0.342487 4111.100000 0.000000 -10.000000 4.857511 13.000000 0.000000 0 0 0 0 0 0 0 0
EGO_STATUS -5.240566 50.773707 7.600000 1.560909 2.965708 3.000000 -2.940000
DYNAMIC_OBS_INFO 0 -5.750000 57.385791 1.570796 115.922226 -5.750000 166.976352 19.036658 1.214960
DYNAMIC_OBS_INFO 1 -1.750000 31.747287 1.570796 82.147931 -1.750000 133.129130 24.928642 2.625518
STATIC_OBS_INFO 0 -6.300000 60.638552 9.642017 
STATIC_OBS_INFO 1 -6.300000 62.196416 11.191710 
Parent: 2119.856332 10.000000 102.000000 20.000000 2075.700000 1952.881240 -10.000000 3.514307 32.000000 0.000000 0 0 1 0 0 0 0 0
Child: 1952.881240 17.544226 177.000000 3107.157009 16595.050000 0.000000 0.000000 0.000000 0.000000 0.000000 1 0 1 0 1 0 0 0
EGO_STATUS -5.237458 51.055259 7.700000 1.558635 2.671708 3.000000 -2.940000
DYNAMIC_OBS_INFO 0 -5.750000 57.385791 1.570796 117.549871 -5.750000 168.886092 19.158154 1.214960
DYNAMIC_OBS_INFO 1 -1.750000 31.747287 1.570796 84.369719 -1.750000 135.635122 25.191194 2.625518
STATIC_OBS_INFO 0 -6.300000 60.638552 9.362118 
STATIC_OBS_INFO 1 -6.300000 62.196416 10.911288 
Parent: 395.296310 6.663720 68.000000 0.355866 4110.200000 0.000000 0.000000 4.478747 12.000000 0.000000 0 0 0 0 0 0 0 0
EGO_STATUS -5.233693 51.337355 7.800000 1.556315 2.965708 0.000000 2.940000
DYNAMIC_OBS_INFO 0 -5.750000 57.385791 1.570796 119.190230 -5.750000 170.807983 19.279650 1.214960
DYNAMIC_OBS_INFO 1 -1.750000 31.747287 1.570796 86.618385 -1.750000 138.167369 25.453746 2.625518
STATIC_OBS_INFO 0 -6.300000 60.638552 9.082990 
STATIC_OBS_INFO 1 -6.300000 62.196416 10.631579 
Parent: 386.309336 6.382151 65.000000 0.263059 4109.750000 0.000000 -10.000000 4.759766 12.000000 0.000000 0 0 0 0 0 0 0 0
EGO_STATUS -5.229298 51.618890 7.900000 1.554125 2.671708 3.000000 -2.940000
DYNAMIC_OBS_INFO 0 -5.750000 57.385791 1.570796 120.872489 -5.750000 172.742022 19.401146 1.214960
DYNAMIC_OBS_INFO 1 -1.750000 31.747287 1.570796 88.923117 -1.750000 140.725871 25.716298 2.625518
STATIC_OBS_INFO 0 -6.300000 60.638552 8.833549 
STATIC_OBS_INFO 1 -6.300000 62.196416 10.381563 
NO_CANDIDATE
EGO_STATUS -5.224871 51.870674 8.000000 1.552420 2.377708 3.000000 -2.940000
DYNAMIC_OBS_INFO 0 -5.750000 57.385791 1.570796 122.402351 -5.750000 174.688212 19.522642 1.214960
DYNAMIC_OBS_INFO 1 -1.750000 31.747287 1.570796 91.089601 -1.750000 143.310628 25.978849 2.625518
STATIC_OBS_INFO 0 -6.300000 60.638552 8.421485 
STATIC_OBS_INFO 1 -6.300000 62.196416 9.968423 
NO_CANDIDATE
EGO_STATUS -5.216778 52.287022 8.100000 1.550528 1.789708 3.000000 -2.940000
DYNAMIC_OBS_INFO 0 -5.750000 57.385791 1.570796 124.062798 -5.750000 176.646551 19.644138 1.214960
DYNAMIC_OBS_INFO 1 -1.750000 31.747287 1.570796 93.400849 -1.750000 145.921641 26.241401 2.625518
STATIC_OBS_INFO 0 -6.300000 60.638552 8.126963 
STATIC_OBS_INFO 1 -6.300000 62.196416 9.673024 
NO_CANDIDATE
EGO_STATUS -5.210673 52.584925 8.200000 1.550232 1.201708 3.000000 -2.940000
DYNAMIC_OBS_INFO 0 -5.750000 57.385791 1.570796 125.861044 -5.750000 178.617039 19.765634 1.214960
DYNAMIC_OBS_INFO 1 -1.750000 31.747287 1.570796 95.864100 -1.750000 148.558908 26.503953 2.625518
STATIC_OBS_INFO 0 -6.300000 60.638552 7.956792 
STATIC_OBS_INFO 1 -6.300000 62.196416 9.502302 
NO_CANDIDATE
EGO_STATUS -5.207156 52.757167 8.300000 1.550567 0.613708 3.000000 -2.940000
DYNAMIC_OBS_INFO 0 -5.750000 57.385791 1.570796 127.726142 -5.750000 180.599678 19.887130 1.214960
DYNAMIC_OBS_INFO 1 -1.750000 31.747287 1.570796 98.408395 -1.750000 151.222431 26.766505 2.625518
STATIC_OBS_INFO 0 -6.300000 60.638552 7.840718 
STATIC_OBS_INFO 1 -6.300000 62.196416 9.385833 
NO_CANDIDATE
EGO_STATUS -5.204805 52.874699 8.400000 1.551030 0.131480 3.000000 -2.940000
DYNAMIC_OBS_INFO 0 -5.750000 57.385791 1.570796 129.502081 -5.750000 182.594465 20.008626 1.214960
DYNAMIC_OBS_INFO 1 -1.750000 31.747287 1.570796 100.877693 -1.750000 153.912209 27.029057 2.625518
STATIC_OBS_INFO 0 -6.300000 60.638552 7.624677 
STATIC_OBS_INFO 1 -6.300000 62.196416 9.169014 
NO_CANDIDATE
EGO_STATUS -5.200618 53.093549 8.500000 1.552415 0.010000 3.000000 -2.940000
DYNAMIC_OBS_INFO 0 -5.750000 57.385791 1.570796 131.240891 -5.750000 184.601403 20.130122 1.214960
DYNAMIC_OBS_INFO 1 -1.750000 31.747287 1.570796 103.324043 -1.750000 156.628243 27.291609 2.625518
STATIC_OBS_INFO 0 -6.300000 60.638552 7.360136 
STATIC_OBS_INFO 1 -6.300000 62.196416 8.903443 
NO_CANDIDATE
EGO_STATUS -5.196029 53.361681 8.600000 1.555081 0.010000 3.000000 -2.940000
DYNAMIC_OBS_INFO 0 -5.750000 57.385791 1.570796 132.991834 -5.750000 186.620490 20.251618 1.214960
DYNAMIC_OBS_INFO 1 -1.750000 31.747287 1.570796 105.796721 -1.750000 159.370531 27.554160 2.625518
STATIC_OBS_INFO 0 -6.300000 60.638552 7.095724 
STATIC_OBS_INFO 1 -6.300000 62.196416 8.637912 
NO_CANDIDATE
EGO_STATUS -5.192279 53.629825 8.700000 1.558759 0.010000 3.000000 -2.940000
DYNAMIC_OBS_INFO 0 -5.750000 57.385791 1.570796 134.754909 -5.750000 188.651726 20.373114 1.214960
DYNAMIC_OBS_INFO 1 -1.750000 31.747287 1.570796 108.295730 -1.750000 162.139075 27.816712 2.625518
STATIC_OBS_INFO 0 -6.300000 60.638552 6.831408 
STATIC_OBS_INFO 1 -6.300000 62.196416 8.372387 
NO_CANDIDATE
EGO_STATUS -5.189658 53.897983 8.800000 1.563367 0.010000 3.000000 -2.940000
DYNAMIC_OBS_INFO 0 -5.750000 57.385791 1.570796 136.530118 -5.750000 190.695112 20.494610 1.214960
DYNAMIC_OBS_INFO 1 -1.750000 31.747287 1.570796 110.821077 -1.750000 164.933873 28.079264 2.625518
STATIC_OBS_INFO 0 -6.300000 60.638552 6.567167 
STATIC_OBS_INFO 1 -6.300000 62.196416 8.106841 
NO_CANDIDATE
EGO_STATUS -5.188378 54.166150 8.900000 1.568702 0.010000 3.000000 -2.940000
DYNAMIC_OBS_INFO 0 -5.750000 57.385791 1.570796 138.317468 -5.750000 192.750648 20.616106 1.214960
DYNAMIC_OBS_INFO 1 -1.750000 31.747287 1.570796 113.372765 -1.750000 167.754927 28.341816 2.625518
STATIC_OBS_INFO 0 -6.300000 60.638552 6.302996 
STATIC_OBS_INFO 1 -6.300000 62.196416 7.841263 
NO_CANDIDATE
EGO_STATUS -5.188575 54.434320 9.000000 1.574499 0.010000 3.000000 -2.940000
DYNAMIC_OBS_INFO 0 -5.750000 57.385791 1.570796 140.116967 -5.750000 194.818334 20.737602 1.214960
DYNAMIC_OBS_INFO 1 -1.750000 31.747287 1.570796 115.950803 -1.750000 170.602237 28.604368 2.625518
STATIC_OBS_INFO 0 -6.300000 60.638552 6.038889 
STATIC_OBS_INFO 1 -6.300000 62.196416 7.575639 
NO_CANDIDATE
EGO_STATUS -5.190366 54.702484 9.100000 1.580448 0.010000 3.000000 -2.940000
DYNAMIC_OBS_INFO 0 -5.750000 57.385791 1.570796 141.928626 -5.750000 196.898168 20.859098 1.214960
DYNAMIC_OBS_INFO 1 -1.750000 31.747287 1.570796 118.555195 -1.750000 173.475801 28.866919 2.625518
STATIC_OBS_INFO 0 -6.300000 60.638552 5.774869 
STATIC_OBS_INFO 1 -6.300000 62.196416 7.309976 
NO_CANDIDATE
EGO_STATUS -5.193742 54.970633 9.200000 1.586171 0.010000 3.000000 -2.940000
DYNAMIC_OBS_INFO 0 -5.750000 57.385791 1.570796 143.752451 -5.750000 198.990153 20.980594 1.214960
DYNAMIC_OBS_INFO 1 -1.750000 31.747287 1.570796 121.185938 -1.750000 176.375620 29.129471 2.625518
STATIC_OBS_INFO 0 -6.300000 60.638552 5.510982 
STATIC_OBS_INFO 1 -6.300000 62.196416 7.044299 
NO_CANDIDATE
EGO_STATUS -5.198558 55.238760 9.300000 1.591286 0.010000 3.000000 -2.940000
DYNAMIC_OBS_INFO 0 -5.750000 57.385791 1.570796 145.588447 -5.750000 201.094287 21.102090 1.214960
DYNAMIC_OBS_INFO 1 -1.750000 31.747287 1.570796 123.843026 -1.750000 179.301695 29.392023 2.625518
STATIC_OBS_INFO 0 -6.300000 60.638552 5.247294 
STATIC_OBS_INFO 1 -6.300000 62.196416 6.778642 
NO_CANDIDATE
EGO_STATUS -5.204622 55.506862 9.400000 1.595397 0.010000 3.000000 -2.940000
DYNAMIC_OBS_INFO 0 -5.750000 57.385791 1.570796 147.436613 -5.750000 203.210571 21.223586 1.214960
DYNAMIC_OBS_INFO 1 -1.750000 31.747287 1.570796 126.526446 -1.750000 182.254025 29.654575 2.625518
STATIC_OBS_INFO 0 -6.300000 60.638552 4.983902 
STATIC_OBS_INFO 1 -6.300000 62.196416 6.513057 
CRASH -5.211620 55.774941 9.400000
NO_CANDIDATE
EGO_STATUS -5.211620 55.774941 9.500000 1.598118 0.010000 3.000000 -2.940000
DYNAMIC_OBS_INFO 0 -5.750000 57.385791 1.570796 149.296941 -5.750000 205.339004 21.345082 1.214960
DYNAMIC_OBS_INFO 1 -1.750000 31.747287 1.570796 129.236173 -1.750000 185.232610 29.917127 2.625518
STATIC_OBS_INFO 0 -6.300000 60.638552 4.720945 
STATIC_OBS_INFO 1 -6.300000 62.196416 6.247618 
CRASH -5.219123 56.043007 9.500000
NO_CANDIDATE
EGO_STATUS -5.219123 56.043007 9.600000 1.599199 0.010000 3.000000 -2.940000
DYNAMIC_OBS_INFO 0 -5.750000 57.385791 1.570796 151.169422 -5.750000 207.479587 21.466578 1.214960
DYNAMIC_OBS_INFO 1 -1.750000 31.747287 1.570796 131.972182 -1.750000 188.237450 30.179679 2.625518
STATIC_OBS_INFO 0 -6.300000 60.638552 4.458599 
STATIC_OBS_INFO 1 -6.300000 62.196416 5.982416 
CRASH -5.226677 56.311071 9.600000
NO_CANDIDATE
EGO_STATUS -5.226677 56.311071 9.700000 1.598443 0.010000 3.000000 -2.940000
DYNAMIC_OBS_INFO 0 -5.750000 57.385791 1.570796 153.322142 -5.750000 209.632320 21.588073 1.214960
DYNAMIC_OBS_INFO 1 -1.750000 31.747287 1.570796 135.002249 -1.750000 191.268546 30.442230 2.625518
STATIC_OBS_INFO 0 -6.300000 60.638552 4.458599 
STATIC_OBS_INFO 1 -6.300000 62.196416 5.982416 
CRASH -5.226677 56.311071 9.700000
NO_CANDIDATE
EGO_STATUS -5.226677 56.311071 9.800000 1.598443 0.010000 3.000000 -2.940000
DYNAMIC_OBS_INFO 0 -5.750000 57.385791 1.570796 155.487011 -5.750000 211.797202 21.709569 1.214960
DYNAMIC_OBS_INFO 1 -1.750000 31.747287 1.570796 138.058608 -1.750000 194.325897 30.704782 2.625518
STATIC_OBS_INFO 0 -6.300000 60.638552 4.458599 
STATIC_OBS_INFO 1 -6.300000 62.196416 5.982416 
CRASH -5.226677 56.311071 9.800000
NO_CANDIDATE
EGO_STATUS -5.226677 56.311071 9.900000 1.598443 0.010000 3.000000 -2.940000
DYNAMIC_OBS_INFO 0 -5.750000 57.385791 1.570796 157.664031 -5.750000 213.974234 21.831065 1.214960
DYNAMIC_OBS_INFO 1 -1.750000 31.747287 1.570796 141.141257 -1.750000 197.409502 30.967334 2.625518
STATIC_OBS_INFO 0 -6.300000 60.638552 4.458599 
STATIC_OBS_INFO 1 -6.300000 62.196416 5.982416 
CRASH -5.226677 56.311071 9.900000
NO_CANDIDATE
EGO_STATUS -5.226677 56.311071 10.000000 1.598443 0.010000 3.000000 -2.940000
DYNAMIC_OBS_INFO 0 -5.750000 57.385791 1.570796 159.853200 -5.750000 216.163415 21.952561 1.214960
DYNAMIC_OBS_INFO 1 -1.750000 31.747287 1.570796 144.250195 -1.750000 200.519363 31.229886 2.625518
STATIC_OBS_INFO 0 -6.300000 60.638552 4.458599 
STATIC_OBS_INFO 1 -6.300000 62.196416 5.982416 
CRASH -5.226677 56.311071 10.000000
NO_CANDIDATE
EGO_STATUS -5.226677 56.311071 10.100000 1.598443 0.010000 3.000000 -2.940000
DYNAMIC_OBS_INFO 0 -5.750000 57.385791 1.570796 162.054520 -5.750000 218.364746 22.074057 1.214960
DYNAMIC_OBS_INFO 1 -1.750000 31.747287 1.570796 147.385420 -1.750000 203.655480 31.492438 2.625518
STATIC_OBS_INFO 0 -6.300000 60.638552 4.458599 
STATIC_OBS_INFO 1 -6.300000 62.196416 5.982416 
CRASH -5.226677 56.311071 10.100000
NO_CANDIDATE
EGO_STATUS -5.226677 56.311071 10.200000 1.598443 0.010000 3.000000 -2.940000
DYNAMIC_OBS_INFO 0 -5.750000 57.385791 1.570796 164.267989 -5.750000 220.578227 22.195553 1.214960
DYNAMIC_OBS_INFO 1 -1.750000 31.747287 1.570796 150.546929 -1.750000 206.817851 31.754990 2.625518
STATIC_OBS_INFO 0 -6.300000 60.638552 4.458599 
STATIC_OBS_INFO 1 -6.300000 62.196416 5.982416 
CRASH -5.226677 56.311071 10.200000
NO_CANDIDATE
EGO_STATUS -5.226677 56.311071 10.300000 1.598443 0.010000 3.000000 -2.940000
DYNAMIC_OBS_INFO 0 -5.750000 57.385791 1.570796 166.493608 -5.750000 222.803857 22.317049 1.214960
DYNAMIC_OBS_INFO 1 -1.750000 31.747287 1.570796 153.734723 -1.750000 210.006477 32.017541 2.625518
STATIC_OBS_INFO 0 -6.300000 60.638552 4.458599 
STATIC_OBS_INFO 1 -6.300000 62.196416 5.982416 
CRASH -5.226677 56.311071 10.300000
NO_CANDIDATE
EGO_STATUS -5.226677 56.311071 10.400000 1.598443 0.010000 3.000000 -2.940000
DYNAMIC_OBS_INFO 0 -5.750000 57.385791 1.570796 168.731377 -5.750000 225.041636 22.438545 1.214960
DYNAMIC_OBS_INFO 1 -1.750000 31.747287 1.570796 156.948800 -1.750000 213.221359 32.280093 2.625518
STATIC_OBS_INFO 0 -6.300000 60.638552 4.458599 
STATIC_OBS_INFO 1 -6.300000 62.196416 5.982416 
CRASH -5.226677 56.311071 10.400000
NO_CANDIDATE
EGO_STATUS -5.226677 56.311071 10.500000 1.598443 0.010000 3.000000 -2.940000
DYNAMIC_OBS_INFO 0 -5.750000 57.385791 1.570796 170.981295 -5.750000 227.291566 22.560041 1.214960
DYNAMIC_OBS_INFO 1 -1.750000 31.747287 1.570796 160.189157 -1.750000 216.462496 32.542645 2.625518
STATIC_OBS_INFO 0 -6.300000 60.638552 4.458599 
STATIC_OBS_INFO 1 -6.300000 62.196416 5.982416 
CRASH -5.226677 56.311071 10.500000
NO_CANDIDATE
EGO_STATUS -5.226677 56.311071 10.600000 1.598443 0.010000 3.000000 -2.940000
DYNAMIC_OBS_INFO 0 -5.750000 57.385791 1.570796 173.243364 -5.750000 229.553645 22.681537 1.214960
DYNAMIC_OBS_INFO 1 -1.750000 31.747287 1.570796 163.455795 -1.750000 219.729888 32.805197 2.625518
STATIC_OBS_INFO 0 -6.300000 60.638552 4.458599 
STATIC_OBS_INFO 1 -6.300000 62.196416 5.982416 
CRASH -5.226677 56.311071 10.600000
NO_CANDIDATE
EGO_STATUS -5.226677 56.311071 10.700000 1.598443 0.010000 3.000000 -2.940000
DYNAMIC_OBS_INFO 0 -5.750000 57.385791 1.570796 175.517582 -5.750000 231.827873 22.803033 1.214960
DYNAMIC_OBS_INFO 1 -1.750000 31.747287 1.570796 166.748712 -1.750000 223.023535 33.067749 2.625518
STATIC_OBS_INFO 0 -6.300000 60.638552 4.458599 
STATIC_OBS_INFO 1 -6.300000 62.196416 5.982416 
CRASH -5.226677 56.311071 10.700000
NO_CANDIDATE
EGO_STATUS -5.226677 56.311071 10.800000 1.598443 0.010000 3.000000 -2.940000
DYNAMIC_OBS_INFO 0 -5.750000 57.385791 1.570796 177.803950 -5.750000 234.114251 22.924529 1.214960
DYNAMIC_OBS_INFO 1 -1.750000 31.747287 1.570796 170.067907 -1.750000 226.343438 33.330301 2.625518
STATIC_OBS_INFO 0 -6.300000 60.638552 4.458599 
STATIC_OBS_INFO 1 -6.300000 62.196416 5.982416 
CRASH -5.226677 56.311071 10.800000
NO_CANDIDATE
EGO_STATUS -5.226677 56.311071 10.900000 1.598443 0.010000 3.000000 -2.940000
DYNAMIC_OBS_INFO 0 -5.750000 57.385791 1.570796 180.102468 -5.750000 236.412779 23.046025 1.214960
DYNAMIC_OBS_INFO 1 -1.750000 31.747287 1.570796 173.413379 -1.750000 229.689596 33.592852 2.625518
STATIC_OBS_INFO 0 -6.300000 60.638552 4.458599 
STATIC_OBS_INFO 1 -6.300000 62.196416 5.982416 
CRASH -5.226677 56.311071 10.900000
NO_CANDIDATE
EGO_STATUS -5.226677 56.311071 11.000000 1.598443 0.010000 3.000000 -2.940000
DYNAMIC_OBS_INFO 0 -5.750000 57.385791 1.570796 182.413136 -5.750000 238.723456 23.167521 1.214960
DYNAMIC_OBS_INFO 1 -1.750000 31.747287 1.570796 176.785127 -1.750000 233.062008 33.855404 2.625518
STATIC_OBS_INFO 0 -6.300000 60.638552 4.458599 
STATIC_OBS_INFO 1 -6.300000 62.196416 5.982416 
CRASH -5.226677 56.311071 11.000000
NO_CANDIDATE
EGO_STATUS -5.226677 56.311071 11.100000 1.598443 0.010000 3.000000 -2.940000
DYNAMIC_OBS_INFO 0 -5.750000 57.385791 1.570796 184.735953 -5.750000 241.046283 23.289017 1.214960
DYNAMIC_OBS_INFO 1 -1.750000 31.747287 1.570796 180.183150 -1.750000 236.460676 34.117956 2.625518
STATIC_OBS_INFO 0 -6.300000 60.638552 4.458599 
STATIC_OBS_INFO 1 -6.300000 62.196416 5.982416 
CRASH -5.226677 56.311071 11.100000
NO_CANDIDATE
EGO_STATUS -5.226677 56.311071 11.200000 1.598443 0.010000 3.000000 -2.940000
DYNAMIC_OBS_INFO 0 -5.750000 57.385791 1.570796 187.070920 -5.750000 243.381260 23.410513 1.214960
DYNAMIC_OBS_INFO 1 -1.750000 31.747287 1.570796 183.607447 -1.750000 239.885600 34.380508 2.625518
STATIC_OBS_INFO 0 -6.300000 60.638552 4.458599 
STATIC_OBS_INFO 1 -6.300000 62.196416 5.982416 
CRASH -5.226677 56.311071 11.200000
NO_CANDIDATE
EGO_STATUS -5.226677 56.311071 11.300000 1.598443 0.010000 3.000000 -2.940000
DYNAMIC_OBS_INFO 0 -5.750000 57.385791 1.570796 189.418037 -5.750000 245.728386 23.532009 1.214960
DYNAMIC_OBS_INFO 1 -1.750000 31.747287 1.570796 187.058018 -1.750000 243.336778 34.643060 2.625518
STATIC_OBS_INFO 0 -6.300000 60.638552 4.458599 
STATIC_OBS_INFO 1 -6.300000 62.196416 5.982416 
CRASH -5.226677 56.311071 11.300000
NO_CANDIDATE
EGO_STATUS -5.226677 56.311071 11.400000 1.598443 0.010000 3.000000 -2.940000
DYNAMIC_OBS_INFO 0 -5.750000 57.385791 1.570796 191.777304 -5.750000 248.087662 23.653505 1.214960
DYNAMIC_OBS_INFO 1 -1.750000 31.747287 1.570796 190.534862 -1.750000 246.814212 34.905611 2.625518
STATIC_OBS_INFO 0 -6.300000 60.638552 4.458599 
STATIC_OBS_INFO 1 -6.300000 62.196416 5.982416 
CRASH -5.226677 56.311071 11.400000
NO_CANDIDATE
EGO_STATUS -5.226677 56.311071 11.500000 1.598443 0.010000 3.000000 -2.940000
DYNAMIC_OBS_INFO 0 -5.750000 57.385791 1.570796 194.148721 -5.750000 250.459087 23.775001 1.214960
DYNAMIC_OBS_INFO 1 -1.750000 31.747287 1.570796 194.037978 -1.750000 250.317900 35.168163 2.625518
STATIC_OBS_INFO 0 -6.300000 60.638552 4.458599 
STATIC_OBS_INFO 1 -6.300000 62.196416 5.982416 
CRASH -5.226677 56.311071 11.500000
NO_CANDIDATE
EGO_STATUS -5.226677 56.311071 11.600000 1.598443 0.010000 3.000000 -2.940000
DYNAMIC_OBS_INFO 0 -5.750000 57.385791 1.570796 196.532287 -5.750000 252.842662 23.896497 1.214960
DYNAMIC_OBS_INFO 1 -1.750000 31.747287 1.570796 197.567365 -1.750000 253.847844 35.430715 2.625518
STATIC_OBS_INFO 0 -6.300000 60.638552 4.458599 
STATIC_OBS_INFO 1 -6.300000 62.196416 5.982416 
CRASH -5.226677 56.311071 11.600000
NO_CANDIDATE
EGO_STATUS -5.226677 56.311071 11.700000 1.598443 0.010000 3.000000 -2.940000
DYNAMIC_OBS_INFO 0 -5.750000 57.385791 1.570796 198.928003 -5.750000 255.238386 24.017993 1.214960
DYNAMIC_OBS_INFO 1 -1.750000 31.747287 1.570796 201.123024 -1.750000 257.404043 35.693267 2.625518
STATIC_OBS_INFO 0 -6.300000 60.638552 4.458599 
STATIC_OBS_INFO 1 -6.300000 62.196416 5.982416 
CRASH -5.226677 56.311071 11.700000
NO_CANDIDATE
EGO_STATUS -5.226677 56.311071 11.800000 1.598443 0.010000 3.000000 -2.940000
DYNAMIC_OBS_INFO 0 -5.750000 57.385791 1.570796 201.335869 -5.750000 257.646261 24.139489 1.214960
DYNAMIC_OBS_INFO 1 -1.750000 31.747287 1.570796 204.704952 -1.750000 260.986498 35.955819 2.625518
STATIC_OBS_INFO 0 -6.300000 60.638552 4.458599 
STATIC_OBS_INFO 1 -6.300000 62.196416 5.982416 
CRASH -5.226677 56.311071 11.800000
NO_CANDIDATE
EGO_STATUS -5.226677 56.311071 11.900000 1.598443 0.010000 3.000000 -2.940000
DYNAMIC_OBS_INFO 0 -5.750000 57.385791 1.570796 203.755885 -5.750000 260.066284 24.260985 1.214960
DYNAMIC_OBS_INFO 1 -1.750000 31.747287 1.570796 208.313150 -1.750000 264.595207 36.218371 2.625518
STATIC_OBS_INFO 0 -6.300000 60.638552 4.458599 
STATIC_OBS_INFO 1 -6.300000 62.196416 5.982416 
CRASH -5.226677 56.311071 11.900000
NO_CANDIDATE
EGO_STATUS -5.226677 56.311071 12.000000 1.598443 0.010000 3.000000 -2.940000
DYNAMIC_OBS_INFO 0 -5.750000 57.385791 1.570796 206.188050 -5.750000 262.498458 24.382481 1.214960
DYNAMIC_OBS_INFO 1 -1.750000 31.747287 1.570796 211.947617 -1.750000 268.230172 36.480922 2.625518
STATIC_OBS_INFO 0 -6.300000 60.638552 4.458599 
STATIC_OBS_INFO 1 -6.300000 62.196416 5.982416 
CRASH -5.226677 56.311071 12.000000
NO_CANDIDATE
EGO_STATUS -5.226677 56.311071 12.100000 1.598443 0.010000 3.000000 -2.940000
DYNAMIC_OBS_INFO 0 -5.750000 57.385791 1.570796 208.632365 -5.750000 264.942780 24.503977 1.214960
DYNAMIC_OBS_INFO 1 -1.750000 31.747287 1.570796 215.608353 -1.750000 271.891392 36.743474 2.625518
STATIC_OBS_INFO 0 -6.300000 60.638552 4.458599 
STATIC_OBS_INFO 1 -6.300000 62.196416 5.982416 
CRASH -5.226677 56.311071 12.100000
NO_CANDIDATE
EGO_STATUS -5.226677 56.311071 12.200000 1.598443 0.010000 3.000000 -2.940000
DYNAMIC_OBS_INFO 0 -5.750000 57.385791 1.570796 211.088830 -5.750000 267.399253 24.625473 1.214960
DYNAMIC_OBS_INFO 1 -1.750000 31.747287 1.570796 219.295356 -1.750000 275.578867 37.006026 2.625518
STATIC_OBS_INFO 0 -6.300000 60.638552 4.458599 
STATIC_OBS_INFO 1 -6.300000 62.196416 5.982416 
CRASH -5.226677 56.311071 12.200000
NO_CANDIDATE
EGO_STATUS -5.226677 56.311071 12.300000 1.598443 0.010000 3.000000 -2.940000
DYNAMIC_OBS_INFO 0 -5.750000 57.385791 1.570796 213.557445 -5.750000 269.867875 24.746969 1.214960
DYNAMIC_OBS_INFO 1 -1.750000 31.747287 1.570796 223.008627 -1.750000 279.292597 37.268578 2.625518
STATIC_OBS_INFO 0 -6.300000 60.638552 4.458599 
STATIC_OBS_INFO 1 -6.300000 62.196416 5.982416 
CRASH -5.226677 56.311071 12.300000
NO_CANDIDATE
EGO_STATUS -5.226677 56.311071 12.400000 1.598443 0.010000 3.000000 -2.940000
DYNAMIC_OBS_INFO 0 -5.750000 57.385791 1.570796 216.038209 -5.750000 272.348647 24.868465 1.214960
DYNAMIC_OBS_INFO 1 -1.750000 31.747287 1.570796 226.748166 -1.750000 283.032582 37.531130 2.625518
STATIC_OBS_INFO 0 -6.300000 60.638552 4.458599 
STATIC_OBS_INFO 1 -6.300000 62.196416 5.982416 
CRASH -5.226677 56.311071 12.400000
NO_CANDIDATE
EGO_STATUS -5.226677 56.311071 12.500000 1.598443 0.010000 3.000000 -2.940000
DYNAMIC_OBS_INFO 0 -5.750000 57.385791 1.570796 218.531123 -5.750000 274.841568 24.989961 1.214960
DYNAMIC_OBS_INFO 1 -1.750000 31.747287 1.570796 230.513971 -1.750000 286.798823 37.793682 2.625518
STATIC_OBS_INFO 0 -6.300000 60.638552 4.458599 
STATIC_OBS_INFO 1 -6.300000 62.196416 5.982416 
CRASH -5.226677 56.311071 12.500000
NO_CANDIDATE
EGO_STATUS -5.226677 56.311071 12.600000 1.598443 0.010000 3.000000 -2.940000
DYNAMIC_OBS_INFO 0 -5.750000 57.385791 1.570796 221.036187 -5.750000 277.346639 25.111457 1.214960
DYNAMIC_OBS_INFO 1 -1.750000 31.747287 1.570796 234.306042 -1.750000 290.591318 38.056233 2.625518
STATIC_OBS_INFO 0 -6.300000 60.638552 4.458599 
STATIC_OBS_INFO 1 -6.300000 62.196416 5.982416 
CRASH -5.226677 56.311071 12.600000
NO_CANDIDATE
EGO_STATUS -5.226677 56.311071 12.700000 1.598443 0.010000 3.000000 -2.940000
DYNAMIC_OBS_INFO 0 -5.750000 57.385791 1.570796 223.553401 -5.750000 279.863859 25.232953 1.214960
DYNAMIC_OBS_INFO 1 -1.750000 31.747287 1.570796 238.124379 -1.750000 294.410069 38.318785 2.625518
STATIC_OBS_INFO 0 -6.300000 60.638552 4.458599 
STATIC_OBS_INFO 1 -6.300000 62.196416 5.982416 
CRASH -5.226677 56.311071 12.700000
NO_CANDIDATE
EGO_STATUS -5.226677 56.311071 12.800000 1.598443 0.010000 3.000000 -2.940000
DYNAMIC_OBS_INFO 0 -5.750000 57.385791 1.570796 226.082764 -5.750000 282.393230 25.354449 1.214960
DYNAMIC_OBS_INFO 1 -1.750000 31.747287 1.570796 241.968982 -1.750000 298.255075 38.581337 2.625518
STATIC_OBS_INFO 0 -6.300000 60.638552 4.458599 
STATIC_OBS_INFO 1 -6.300000 62.196416 5.982416 
CRASH -5.226677 56.311071 12.800000
NO_CANDIDATE
EGO_STATUS -5.226677 56.311071 12.900000 1.598443 0.010000 3.000000 -2.940000
DYNAMIC_OBS_INFO 0 -5.750000 57.385791 1.570796 228.624277 -5.750000 284.934749 25.475945 1.214960
DYNAMIC_OBS_INFO 1 -1.750000 31.747287 1.570796 245.839850 -1.750000 302.126337 38.843889 2.625518
STATIC_OBS_INFO 0 -6.300000 60.638552 4.458599 
STATIC_OBS_INFO 1 -6.300000 62.196416 5.982416 
CRASH -5.226677 56.311071 12.900000
NO_CANDIDATE
EGO_STATUS -5.226677 56.311071 13.000000 1.598443 0.010000 3.000000 -2.940000
DYNAMIC_OBS_INFO 0 -5.750000 57.385791 1.570796 231.177939 -5.750000 287.488419 25.597441 1.214960
DYNAMIC_OBS_INFO 1 -1.750000 31.747287 1.570796 249.736983 -1.750000 306.023853 39.106441 2.625518
STATIC_OBS_INFO 0 -6.300000 60.638552 4.458599 
STATIC_OBS_INFO 1 -6.300000 62.196416 5.982416 
CRASH -5.226677 56.311071 13.000000
NO_CANDIDATE
EGO_STATUS -5.226677 56.311071 13.100000 1.598443 0.010000 3.000000 -2.940000
DYNAMIC_OBS_INFO 0 -5.750000 57.385791 1.570796 233.743752 -5.750000 290.054237 25.718937 1.214960
DYNAMIC_OBS_INFO 1 -1.750000 31.747287 1.570796 253.660380 -1.750000 309.947625 39.368993 2.625518
STATIC_OBS_INFO 0 -6.300000 60.638552 4.458599 
STATIC_OBS_INFO 1 -6.300000 62.196416 5.982416 
CRASH -5.226677 56.311071 13.100000
NO_CANDIDATE
EGO_STATUS -5.226677 56.311071 13.200000 1.598443 0.010000 3.000000 -2.940000
DYNAMIC_OBS_INFO 0 -5.750000 57.385791 1.570796 236.321714 -5.750000 292.632206 25.840433 1.214960
DYNAMIC_OBS_INFO 1 -1.750000 31.747287 1.570796 257.610042 -1.750000 313.897652 39.631544 2.625518
STATIC_OBS_INFO 0 -6.300000 60.638552 4.458599 
STATIC_OBS_INFO 1 -6.300000 62.196416 5.982416 
CRASH -5.226677 56.311071 13.200000
NO_CANDIDATE
EGO_STATUS -5.226677 56.311071 13.300000 1.598443 0.010000 3.000000 -2.940000
DYNAMIC_OBS_INFO 0 -5.750000 57.385791 1.570796 238.911826 -5.750000 295.222324 25.961929 1.214960
DYNAMIC_OBS_INFO 1 -1.750000 31.747287 1.570796 261.585967 -1.750000 317.873934 39.894096 2.625518
STATIC_OBS_INFO 0 -6.300000 60.638552 4.458599 
STATIC_OBS_INFO 1 -6.300000 62.196416 5.982416 
CRASH -5.226677 56.311071 13.300000
NO_CANDIDATE
EGO_STATUS -5.226677 56.311071 13.400000 1.598443 0.010000 3.000000 -2.940000
DYNAMIC_OBS_INFO 0 -5.750000 57.385791 1.570796 241.514087 -5.750000 297.824592 26.083425 1.214960
DYNAMIC_OBS_INFO 1 -1.750000 31.747287 1.570796 265.588156 -1.750000 321.876471 40.156648 2.625518
STATIC_OBS_INFO 0 -6.300000 60.638552 4.458599 
STATIC_OBS_INFO 1 -6.300000 62.196416 5.982416 
CRASH -5.226677 56.311071 13.400000
NO_CANDIDATE
EGO_STATUS -5.226677 56.311071 13.500000 1.598443 0.010000 3.000000 -2.940000
DYNAMIC_OBS_INFO 0 -5.750000 57.385791 1.570796 244.128498 -5.750000 300.439009 26.204921 1.214960
DYNAMIC_OBS_INFO 1 -1.750000 31.747287 1.570796 269.616609 -1.750000 325.905263 40.419200 2.625518
STATIC_OBS_INFO 0 -6.300000 60.638552 4.458599 
STATIC_OBS_INFO 1 -6.300000 62.196416 5.982416 
CRASH -5.226677 56.311071 13.500000
NO_CANDIDATE
EGO_STATUS -5.226677 56.311071 13.600000 1.598443 0.010000 3.000000 -2.940000
DYNAMIC_OBS_INFO 0 -5.750000 57.385791 1.570796 246.755059 -5.750000 303.065576 26.326417 1.214960
DYNAMIC_OBS_INFO 1 -1.750000 31.747287 1.570796 273.671324 -1.750000 329.960311 40.681752 2.625518
STATIC_OBS_INFO 0 -6.300000 60.638552 4.458599 
STATIC_OBS_INFO 1 -6.300000 62.196416 5.982416 
CRASH -5.226677 56.311071 13.600000
NO_CANDIDATE
EGO_STATUS -5.226677 56.311071 13.700000 1.598443 0.010000 3.000000 -2.940000
DYNAMIC_OBS_INFO 0 -5.750000 57.385791 1.570796 249.393770 -5.750000 305.704292 26.447913 1.214960
DYNAMIC_OBS_INFO 1 -1.750000 31.747287 1.570796 277.752302 -1.750000 334.041614 40.944303 2.625518
STATIC_OBS_INFO 0 -6.300000 60.638552 4.458599 
STATIC_OBS_INFO 1 -6.300000 62.196416 5.982416 
CRASH -5.226677 56.311071 13.700000
NO_CANDIDATE
EGO_STATUS -5.226677 56.311071 13.800000 1.598443 0.010000 3.000000 -2.940000
DYNAMIC_OBS_INFO 0 -5.750000 57.385791 1.570796 252.044630 -5.750000 308.355158 26.569409 1.214960
DYNAMIC_OBS_INFO 1 -1.750000 31.747287 1.570796 281.859543 -1.750000 338.149172 41.206855 2.625518
STATIC_OBS_INFO 0 -6.300000 60.638552 4.458599 
STATIC_OBS_INFO 1 -6.300000 62.196416 5.982416 
CRASH -5.226677 56.311071 13.800000
NO_CANDIDATE
EGO_STATUS -5.226677 56.311071 13.900000 1.598443 0.010000 3.000000 -2.940000
DYNAMIC_OBS_INFO 0 -5.750000 57.385791 1.570796 254.707640 -5.750000 311.018174 26.690905 1.214960
DYNAMIC_OBS_INFO 1 -1.750000 31.747287 1.570796 285.993046 -1.750000 342.282985 41.469407 2.625518
STATIC_OBS_INFO 0 -6.300000 60.638552 4.458599 
STATIC_OBS_INFO 1 -6.300000 62.196416 5.982416 
CRASH -5.226677 56.311071 13.900000
NO_CANDIDATE
EGO_STATUS -5.226677 56.311071 14.000000 1.598443 0.010000 3.000000 -2.940000
DYNAMIC_OBS_INFO 0 -5.750000 57.385791 1.570796 257.382800 -5.750000 313.693339 26.812401 1.214960
DYNAMIC_OBS_INFO 1 -1.750000 31.747287 1.570796 290.152812 -1.750000 346.443053 41.731959 2.625518
STATIC_OBS_INFO 0 -6.300000 60.638552 4.458599 
STATIC_OBS_INFO 1 -6.300000 62.196416 5.982416 
CRASH -5.226677 56.311071 14.000000
NO_CANDIDATE
EGO_STATUS -5.226677 56.311071 14.100000 1.598443 0.010000 3.000000 -2.940000
DYNAMIC_OBS_INFO 0 -5.750000 57.385791 1.570796 260.070109 -5.750000 316.380654 26.933897 1.214960
DYNAMIC_OBS_INFO 1 -1.750000 31.747287 1.570796 294.338839 -1.750000 350.629377 41.994511 2.625518
STATIC_OBS_INFO 0 -6.300000 60.638552 4.458599 
STATIC_OBS_INFO 1 -6.300000 62.196416 5.982416 
CRASH -5.226677 56.311071 14.100000
NO_CANDIDATE
EGO_STATUS -5.226677 56.311071 14.200000 1.598443 0.010000 3.000000 -2.940000
DYNAMIC_OBS_INFO 0 -5.750000 57.385791 1.570796 262.769568 -5.750000 319.080119 27.055393 1.214960
DYNAMIC_OBS_INFO 1 -1.750000 31.747287 1.570796 298.551128 -1.750000 354.841955 42.257063 2.625518
STATIC_OBS_INFO 0 -6.300000 60.638552 4.458599 
STATIC_OBS_INFO 1 -6.300000 62.196416 5.982416 
CRASH -5.226677 56.311071 14.200000
NO_CANDIDATE
EGO_STATUS -5.226677 56.311071 14.300000 1.598443 0.010000 3.000000 -2.940000
DYNAMIC_OBS_INFO 0 -5.750000 57.385791 1.570796 265.481177 -5.750000 321.791733 27.176889 1.214960
DYNAMIC_OBS_INFO 1 -1.750000 31.747287 1.570796 302.789678 -1.750000 359.080789 42.519614 2.625518
STATIC_OBS_INFO 0 -6.300000 60.638552 4.458599 
STATIC_OBS_INFO 1 -6.300000 62.196416 5.982416 
CRASH -5.226677 56.311071 14.300000
NO_CANDIDATE
EGO_STATUS -5.226677 56.311071 14.400000 1.598443 0.010000 3.000000 -2.940000
DYNAMIC_OBS_INFO 0 -5.750000 57.385791 1.570796 268.204935 -5.750000 324.515496 27.298385 1.214960
DYNAMIC_OBS_INFO 1 -1.750000 31.747287 1.570796 307.054490 -1.750000 363.345878 42.782166 2.625518
STATIC_OBS_INFO 0 -6.300000 60.638552 4.458599 
STATIC_OBS_INFO 1 -6.300000 62.196416 5.982416 
CRASH -5.226677 56.311071 14.400000
NO_CANDIDATE
EGO_STATUS -5.226677 56.311071 14.500000 1.598443 0.010000 3.000000 -2.940000
DYNAMIC_OBS_INFO 0 -5.750000 57.385791 1.570796 270.940844 -5.750000 327.251410 27.419881 1.214960
DYNAMIC_OBS_INFO 1 -1.750000 31.747287 1.570796 311.345563 -1.750000 367.637222 43.044718 2.625518
STATIC_OBS_INFO 0 -6.300000 60.638552 4.458599 
STATIC_OBS_INFO 1 -6.300000 62.196416 5.982416 
CRASH -5.226677 56.311071 14.500000
NO_CANDIDATE
EGO_STATUS -5.226677 56.311071 14.600000 1.598443 0.010000 3.000000 -2.940000
DYNAMIC_OBS_INFO 0 -5.750000 57.385791 1.570796 273.688901 -5.750000 329.999472 27.541377 1.214960
DYNAMIC_OBS_INFO 1 -1.750000 31.747287 1.570796 315.662897 -1.750000 371.954822 43.307270 2.625518
STATIC_OBS_INFO 0 -6.300000 60.638552 4.458599 
STATIC_OBS_INFO 1 -6.300000 62.196416 5.982416 
CRASH -5.226677 56.311071 14.600000
NO_CANDIDATE
EGO_STATUS -5.226677 56.311071 14.700000 1.598443 0.010000 3.000000 -2.940000
DYNAMIC_OBS_INFO 0 -5.750000 57.385791 1.570796 276.449109 -5.750000 332.759685 27.662873 1.214960
DYNAMIC_OBS_INFO 1 -1.750000 31.747287 1.570796 320.006491 -1.750000 376.298676 43.569822 2.625518
STATIC_OBS_INFO 0 -6.300000 60.638552 4.458599 
STATIC_OBS_INFO 1 -6.300000 62.196416 5.982416 
CRASH -5.226677 56.311071 14.700000
NO_CANDIDATE
EGO_STATUS -5.226677 56.311071 14.800000 1.598443 0.010000 3.000000 -2.940000
DYNAMIC_OBS_INFO 0 -5.750000 57.385791 1.570796 279.221466 -5.750000 335.532047 27.784369 1.214960
DYNAMIC_OBS_INFO 1 -1.750000 31.747287 1.570796 324.376347 -1.750000 380.668786 43.832374 2.625518
STATIC_OBS_INFO 0 -6.300000 60.638552 4.458599 
STATIC_OBS_INFO 1 -6.300000 62.196416 5.982416 
CRASH -5.226677 56.311071 14.800000
NO_CANDIDATE
EGO_STATUS -5.226677 56.311071 14.900000 1.598443 0.010000 3.000000 -2.940000
DYNAMIC_OBS_INFO 0 -5.750000 57.385791 1.570796 282.005973 -5.750000 338.316559 27.905865 1.214960
DYNAMIC_OBS_INFO 1 -1.750000 31.747287 1.570796 328.772463 -1.750000 385.065151 44.094925 2.625518
STATIC_OBS_INFO 0 -6.300000 60.638552 4.458599 
STATIC_OBS_INFO 1 -6.300000 62.196416 5.982416 
CRASH -5.226677 56.311071 14.900000
NO_CANDIDATE
EGO_STATUS -5.226677 56.311071 15.000000 1.598443 0.010000 3.000000 -2.940000
DYNAMIC_OBS_INFO 0 -5.750000 57.385791 1.570796 284.802629 -5.750000 341.113220 28.027360 1.214960
DYNAMIC_OBS_INFO 1 -1.750000 31.747287 1.570796 333.194839 -1.750000 389.487771 44.357477 2.625518
STATIC_OBS_INFO 0 -6.300000 60.638552 4.458599 
STATIC_OBS_INFO 1 -6.300000 62.196416 5.982416 
CRASH -5.226677 56.311071 15.000000
NO_CANDIDATE
EGO_STATUS -5.226677 56.311071 15.100000 1.598443 0.010000 3.000000 -2.940000
DYNAMIC_OBS_INFO 0 -5.750000 57.385791 1.570796 287.611435 -5.750000 343.922031 28.148856 1.214960
DYNAMIC_OBS_INFO 1 -1.750000 31.747287 1.570796 337.643475 -1.750000 393.936646 44.620029 2.625518
STATIC_OBS_INFO 0 -6.300000 60.638552 4.458599 
STATIC_OBS_INFO 1 -6.300000 62.196416 5.982416 
CRASH -5.226677 56.311071 15.100000
NO_CANDIDATE
EGO_STATUS -5.226677 56.311071 15.200000 1.598443 0.010000 3.000000 -2.940000
DYNAMIC_OBS_INFO 0 -5.750000 57.385791 1.570796 290.432391 -5.750000 346.742991 28.270352 1.214960
DYNAMIC_OBS_INFO 1 -1.750000 31.747287 1.570796 342.118371 -1.750000 398.411777 44.882581 2.625518
STATIC_OBS_INFO 0 -6.300000 60.638552 4.458599 
STATIC_OBS_INFO 1 -6.300000 62.196416 5.982416 
CRASH -5.226677 56.311071 15.200000
NO_CANDIDATE
EGO_STATUS -5.226677 56.311071 15.300000 1.598443 0.010000 3.000000 -2.940000
DYNAMIC_OBS_INFO 0 -5.750000 57.385791 1.570796 293.265497 -5.750000 349.576101 28.391848 1.214960
DYNAMIC_OBS_INFO 1 -1.750000 31.747287 1.570796 346.619528 -1.750000 402.913163 45.145133 2.625518
STATIC_OBS_INFO 0 -6.300000 60.638552 4.458599 
STATIC_OBS_INFO 1 -6.300000 62.196416 5.982416 
CRASH -5.226677 56.311071 15.300000
NO_CANDIDATE
EGO_STATUS -5.226677 56.311071 15.400000 1.598443 0.010000 3.000000 -2.940000
DYNAMIC_OBS_INFO 0 -5.750000 57.385791 1.570796 296.110752 -5.750000 352.421361 28.513344 1.214960
DYNAMIC_OBS_INFO 1 -1.750000 31.747287 1.570796 351.146944 -1.750000 407.440803 45.407685 2.625518
STATIC_OBS_INFO 0 -6.300000 60.638552 4.458599 
STATIC_OBS_INFO 1 -6.300000 62.196416 5.982416 
CRASH -5.226677 56.311071 15.400000
NO_CANDIDATE
EGO_STATUS -5.226677 56.311071 15.500000 1.598443 0.010000 3.000000 -2.940000
DYNAMIC_OBS_INFO 0 -5.750000 57.385791 1.570796 298.968157 -5.750000 355.278770 28.634840 1.214960
DYNAMIC_OBS_INFO 1 -1.750000 31.747287 1.570796 355.700619 -1.750000 411.994700 45.670236 2.625518
STATIC_OBS_INFO 0 -6.300000 60.638552 4.458599 
STATIC_OBS_INFO 1 -6.300000 62.196416 5.982416 
CRASH -5.226677 56.311071 15.500000
NO_CANDIDATE
EGO_STATUS -5.226677 56.311071 15.600000 1.598443 0.010000 3.000000 -2.940000
DYNAMIC_OBS_INFO 0 -5.750000 57.385791 1.570796 301.837711 -5.750000 358.148329 28.756336 1.214960
DYNAMIC_OBS_INFO 1 -1.750000 31.747287 1.570796 360.280555 -1.750000 416.574851 45.932788 2.625518
STATIC_OBS_INFO 0 -6.300000 60.638552 4.458599 
STATIC_OBS_INFO 1 -6.300000 62.196416 5.982416 
CRASH -5.226677 56.311071 15.600000
NO_CANDIDATE
EGO_STATUS -5.226677 56.311071 15.700000 1.598443 0.010000 3.000000 -2.940000
DYNAMIC_OBS_INFO 0 -5.750000 57.385791 1.570796 304.719415 -5.750000 361.030037 28.877832 1.214960
DYNAMIC_OBS_INFO 1 -1.750000 31.747287 1.570796 364.886749 -1.750000 421.181257 46.195340 2.625518
STATIC_OBS_INFO 0 -6.300000 60.638552 4.458599 
STATIC_OBS_INFO 1 -6.300000 62.196416 5.982416 
CRASH -5.226677 56.311071 15.700000
NO_CANDIDATE
EGO_STATUS -5.226677 56.311071 15.800000 1.598443 0.010000 3.000000 -2.940000
DYNAMIC_OBS_INFO 0 -5.750000 57.385791 1.570796 307.613269 -5.750000 363.923895 28.999328 1.214960
DYNAMIC_OBS_INFO 1 -1.750000 31.747287 1.570796 369.519203 -1.750000 425.813919 46.457892 2.625518
STATIC_OBS_INFO 0 -6.300000 60.638552 4.458599 
STATIC_OBS_INFO 1 -6.300000 62.196416 5.982416 
CRASH -5.226677 56.311071 15.800000
NO_CANDIDATE
EGO_STATUS -5.226677 56.311071 15.900000 1.598443 0.010000 3.000000 -2.940000
DYNAMIC_OBS_INFO 0 -5.750000 57.385791 1.570796 310.519273 -5.750000 366.829903 29.120824 1.214960
DYNAMIC_OBS_INFO 1 -1.750000 31.747287 1.570796 374.177916 -1.750000 430.472836 46.720444 2.625518
STATIC_OBS_INFO 0 -6.300000 60.638552 4.458599 
STATIC_OBS_INFO 1 -6.300000 62.196416 5.982416 
CRASH -5.226677 56.311071 15.900000
NO_CANDIDATE
EGO_STATUS -5.226677 56.311071 16.000000 1.598443 0.010000 3.000000 -2.940000
DYNAMIC_OBS_INFO 0 -5.750000 57.385791 1.570796 313.437426 -5.750000 369.748060 29.242320 1.214960
DYNAMIC_OBS_INFO 1 -1.750000 31.747287 1.570796 378.862888 -1.750000 435.158007 46.982995 2.625518
STATIC_OBS_INFO 0 -6.300000 60.638552 4.458599 
STATIC_OBS_INFO 1 -6.300000 62.196416 5.982416 
CRASH -5.226677 56.311071 16.000000
NO_CANDIDATE
EGO_STATUS -5.226677 56.311071 16.100000 1.598443 0.010000 3.000000 -2.940000
DYNAMIC_OBS_INFO 0 -5.750000 57.385791 1.570796 316.367728 -5.750000 372.678367 29.363816 1.214960
DYNAMIC_OBS_INFO 1 -1.750000 31.747287 1.570796 383.574120 -1.750000 439.869435 47.245547 2.625518
STATIC_OBS_INFO 0 -6.300000 60.638552 4.458599 
STATIC_OBS_INFO 1 -6.300000 62.196416 5.982416 
CRASH -5.226677 56.311071 16.100000
NO_CANDIDATE
EGO_STATUS -5.226677 56.311071 16.200000 1.598443 0.010000 3.000000 -2.940000
DYNAMIC_OBS_INFO 0 -5.750000 57.385791 1.570796 319.310181 -5.750000 375.620824 29.485312 1.214960
DYNAMIC_OBS_INFO 1 -1.750000 31.747287 1.570796 388.311610 -1.750000 444.607117 47.508099 2.625518
STATIC_OBS_INFO 0 -6.300000 60.638552 4.458599 
STATIC_OBS_INFO 1 -6.300000 62.196416 5.982416 
CRASH -5.226677 56.311071 16.200000
NO_CANDIDATE
EGO_STATUS -5.226677 56.311071 16.300000 1.598443 0.010000 3.000000 -2.940000
DYNAMIC_OBS_INFO 0 -5.750000 57.385791 1.570796 322.264783 -5.750000 378.575430 29.606808 1.214960
DYNAMIC_OBS_INFO 1 -1.750000 31.747287 1.570796 393.075359 -1.750000 449.371054 47.770651 2.625518
STATIC_OBS_INFO 0 -6.300000 60.638552 4.458599 
STATIC_OBS_INFO 1 -6.300000 62.196416 5.982416 
CRASH -5.226677 56.311071 16.300000
NO_CANDIDATE
EGO_STATUS -5.226677 56.311071 16.400000 1.598443 0.010000 3.000000 -2.940000
DYNAMIC_OBS_INFO 0 -5.750000 57.385791 1.570796 325.231535 -5.750000 381.542185 29.728304 1.214960
DYNAMIC_OBS_INFO 1 -1.750000 31.747287 1.570796 397.865366 -1.750000 454.161247 48.033203 2.625518
STATIC_OBS_INFO 0 -6.300000 60.638552 4.458599 
STATIC_OBS_INFO 1 -6.300000 62.196416 5.982416 
CRASH -5.226677 56.311071 16.400000
NO_CANDIDATE
EGO_STATUS -5.226677 56.311071 16.500000 1.598443 0.010000 3.000000 -2.940000
DYNAMIC_OBS_INFO 0 -5.750000 57.385791 1.570796 328.210436 -5.750000 384.521090 29.849800 1.214960
DYNAMIC_OBS_INFO 1 -1.750000 31.747287 1.570796 402.681632 -1.750000 458.977695 48.295755 2.625518
STATIC_OBS_INFO 0 -6.300000 60.638552 4.458599 
STATIC_OBS_INFO 1 -6.300000 62.196416 5.982416 
CRASH -5.226677 56.311071 16.500000
NO_CANDIDATE
EGO_STATUS -5.226677 56.311071 16.600000 1.598443 0.010000 3.000000 -2.940000
DYNAMIC_OBS_INFO 0 -5.750000 57.385791 1.570796 331.201487 -5.750000 387.512145 29.971296 1.214960
DYNAMIC_OBS_INFO 1 -1.750000 31.747287 1.570796 407.524157 -1.750000 463.820398 48.558306 2.625518
STATIC_OBS_INFO 0 -6.300000 60.638552 4.458599 
STATIC_OBS_INFO 1 -6.300000 62.196416 5.982416 
CRASH -5.226677 56.311071 16.600000
NO_CANDIDATE
EGO_STATUS -5.226677 56.311071 16.700000 1.598443 0.010000 3.000000 -2.940000
DYNAMIC_OBS_INFO 0 -5.750000 57.385791 1.570796 334.204688 -5.750000 390.515350 30.092792 1.214960
DYNAMIC_OBS_INFO 1 -1.750000 31.747287 1.570796 412.392940 -1.750000 468.689356 48.820858 2.625518
STATIC_OBS_INFO 0 -6.300000 60.638552 4.458599 
STATIC_OBS_INFO 1 -6.300000 62.196416 5.982416 
CRASH -5.226677 56.311071 16.700000
NO_CANDIDATE
EGO_STATUS -5.226677 56.311071 16.800000 1.598443 0.010000 3.000000 -2.940000
DYNAMIC_OBS_INFO 0 -5.750000 57.385791 1.570796 337.220038 -5.750000 393.530704 30.214288 1.214960
DYNAMIC_OBS_INFO 1 -1.750000 31.747287 1.570796 417.287982 -1.750000 473.584570 49.083410 2.625518
STATIC_OBS_INFO 0 -6.300000 60.638552 4.458599 
STATIC_OBS_INFO 1 -6.300000 62.196416 5.982416 
CRASH -5.226677 56.311071 16.800000
NO_CANDIDATE
EGO_STATUS -5.226677 56.311071 16.900000 1.598443 0.010000 3.000000 -2.940000
DYNAMIC_OBS_INFO 0 -5.750000 57.385791 1.570796 340.247538 -5.750000 396.558207 30.335784 1.214960
DYNAMIC_OBS_INFO 1 -1.750000 31.747287 1.570796 422.209281 -1.750000 478.506038 49.345962 2.625518
STATIC_OBS_INFO 0 -6.300000 60.638552 4.458599 
STATIC_OBS_INFO 1 -6.300000 62.196416 5.982416 
CRASH -5.226677 56.311071 16.900000
NO_CANDIDATE
EGO_STATUS -5.226677 56.311071 17.000000 1.598443 0.010000 3.000000 -2.940000
DYNAMIC_OBS_INFO 0 -5.750000 57.385791 1.570796 343.287188 -5.750000 399.597860 30.457280 1.214960
DYNAMIC_OBS_INFO 1 -1.750000 31.747287 1.570796 427.156839 -1.750000 483.453762 49.608514 2.625518
STATIC_OBS_INFO 0 -6.300000 60.638552 4.458599 
STATIC_OBS_INFO 1 -6.300000 62.196416 5.982416 
CRASH -5.226677 56.311071 17.000000
NO_CANDIDATE
EGO_STATUS -5.226677 56.311071 17.100000 1.598443 0.010000 3.000000 -2.940000
DYNAMIC_OBS_INFO 0 -5.750000 57.385791 1.570796 346.338987 -5.750000 402.649663 30.578776 1.214960
DYNAMIC_OBS_INFO 1 -1.750000 31.747287 1.570796 432.130656 -1.750000 488.427741 49.871066 2.625518
STATIC_OBS_INFO 0 -6.300000 60.638552 4.458599 
STATIC_OBS_INFO 1 -6.300000 62.196416 5.982416 
CRASH -5.226677 56.311071 17.100000
NO_CANDIDATE
EGO_STATUS -5.226677 56.311071 17.200000 1.598443 0.010000 3.000000 -2.940000
DYNAMIC_OBS_INFO 0 -5.750000 57.385791 1.570796 349.402936 -5.750000 405.713616 30.700272 1.214960
DYNAMIC_OBS_INFO 1 -1.750000 31.747287 1.570796 437.130730 -1.750000 493.427975 50.133617 2.625518
STATIC_OBS_INFO 0 -6.300000 60.638552 4.458599 
STATIC_OBS_INFO 1 -6.300000 62.196416 5.982416 
CRASH -5.226677 56.311071 17.200000
NO_CANDIDATE
EGO_STATUS -5.226677 56.311071 17.300000 1.598443 0.010000 3.000000 -2.940000
DYNAMIC_OBS_INFO 0 -5.750000 57.385791 1.570796 352.479035 -5.750000 408.789718 30.821768 1.214960
DYNAMIC_OBS_INFO 1 -1.750000 31.747287 1.570796 442.157062 -1.750000 498.454465 50.396169 2.625518
STATIC_OBS_INFO 0 -6.300000 60.638552 4.458599 
STATIC_OBS_INFO 1 -6.300000 62.196416 5.982416 
CRASH -5.226677 56.311071 17.300000
NO_CANDIDATE
EGO_STATUS -5.226677 56.311071 17.400000 1.598443 0.010000 3.000000 -2.940000
DYNAMIC_OBS_INFO 0 -5.750000 57.385791 1.570796 355.567283 -5.750000 411.877969 30.943264 1.214960
DYNAMIC_OBS_INFO 1 -1.750000 31.747287 1.570796 447.209652 -1.750000 503.507209 50.658721 2.625518
STATIC_OBS_INFO 0 -6.300000 60.638552 4.458599 
STATIC_OBS_INFO 1 -6.300000 62.196416 5.982416 
CRASH -5.226677 56.311071 17.400000
NO_CANDIDATE
EGO_STATUS -5.226677 56.311071 17.500000 1.598443 0.010000 3.000000 -2.940000
DYNAMIC_OBS_INFO 0 -5.750000 57.385791 1.570796 358.667681 -5.750000 414.978370 31.064760 1.214960
DYNAMIC_OBS_INFO 1 -1.750000 31.747287 1.570796 452.288500 -1.750000 508.586209 50.921273 2.625518
STATIC_OBS_INFO 0 -6.300000 60.638552 4.458599 
STATIC_OBS_INFO 1 -6.300000 62.196416 5.982416 
CRASH -5.226677 56.311071 17.500000
NO_CANDIDATE
EGO_STATUS -5.226677 56.311071 17.600000 1.598443 0.010000 3.000000 -2.940000
DYNAMIC_OBS_INFO 0 -5.750000 57.385791 1.570796 361.780228 -5.750000 418.090921 31.186256 1.214960
DYNAMIC_OBS_INFO 1 -1.750000 31.747287 1.570796 457.393606 -1.750000 513.691464 51.183825 2.625518
STATIC_OBS_INFO 0 -6.300000 60.638552 4.458599 
STATIC_OBS_INFO 1 -6.300000 62.196416 5.982416 
CRASH -5.226677 56.311071 17.600000
NO_CANDIDATE
EGO_STATUS -5.226677 56.311071 17.700000 1.598443 0.010000 3.000000 -2.940000
DYNAMIC_OBS_INFO 0 -5.750000 57.385791 1.570796 364.904926 -5.750000 421.215622 31.307752 1.214960
DYNAMIC_OBS_INFO 1 -1.750000 31.747287 1.570796 462.524969 -1.750000 518.822974 51.446377 2.625518
STATIC_OBS_INFO 0 -6.300000 60.638552 4.458599 
STATIC_OBS_INFO 1 -6.300000 62.196416 5.982416 
CRASH -5.226677 56.311071 17.700000
NO_CANDIDATE
EGO_STATUS -5.226677 56.311071 17.800000 1.598443 0.010000 3.000000 -2.940000
DYNAMIC_OBS_INFO 0 -5.750000 57.385791 1.570796 368.041772 -5.750000 424.352472 31.429248 1.214960
DYNAMIC_OBS_INFO 1 -1.750000 31.747287 1.570796 467.682590 -1.750000 523.980739 51.708928 2.625518
STATIC_OBS_INFO 0 -6.300000 60.638552 4.458599 
STATIC_OBS_INFO 1 -6.300000 62.196416 5.982416 
CRASH -5.226677 56.311071 17.800000
NO_CANDIDATE
EGO_STATUS -5.226677 56.311071 17.900000 1.598443 0.010000 3.000000 -2.940000
DYNAMIC_OBS_INFO 0 -5.750000 57.385791 1.570796 371.190769 -5.750000 427.501471 31.550744 1.214960
DYNAMIC_OBS_INFO 1 -1.750000 31.747287 1.570796 472.866469 -1.750000 529.164759 51.971480 2.625518
STATIC_OBS_INFO 0 -6.300000 60.638552 4.458599 
STATIC_OBS_INFO 1 -6.300000 62.196416 5.982416 
CRASH -5.226677 56.311071 17.900000
NO_CANDIDATE
EGO_STATUS -5.226677 56.311071 18.000000 1.598443 0.010000 3.000000 -2.940000
DYNAMIC_OBS_INFO 0 -5.750000 57.385791 1.570796 374.351915 -5.750000 430.662620 31.672240 1.214960
DYNAMIC_OBS_INFO 1 -1.750000 31.747287 1.570796 478.076605 -1.750000 534.375035 52.234032 2.625518
STATIC_OBS_INFO 0 -6.300000 60.638552 4.458599 
STATIC_OBS_INFO 1 -6.300000 62.196416 5.982416 
CRASH -5.226677 56.311071 18.000000
NO_CANDIDATE
EGO_STATUS -5.226677 56.311071 18.100000 1.598443 0.010000 3.000000 -2.940000
DYNAMIC_OBS_INFO 0 -5.750000 57.385791 1.570796 377.525211 -5.750000 433.835919 31.793736 1.214960
DYNAMIC_OBS_INFO 1 -1.750000 31.747287 1.570796 483.312999 -1.750000 539.611566 52.496584 2.625518
STATIC_OBS_INFO 0 -6.300000 60.638552 4.458599 
STATIC_OBS_INFO 1 -6.300000 62.196416 5.982416 
CRASH -5.226677 56.311071 18.100000
NO_CANDIDATE
EGO_STATUS -5.226677 56.311071 18.200000 1.598443 0.010000 3.000000 -2.940000
DYNAMIC_OBS_INFO 0 -5.750000 57.385791 1.570796 380.710656 -5.750000 437.021368 31.915232 1.214960
DYNAMIC_OBS_INFO 1 -1.750000 31.747287 1.570796 488.575650 -1.750000 544.874352 52.759136 2.625518
STATIC_OBS_INFO 0 -6.300000 60.638552 4.458599 
STATIC_OBS_INFO 1 -6.300000 62.196416 5.982416 
CRASH -5.226677 56.311071 18.200000
NO_CANDIDATE
EGO_STATUS -5.226677 56.311071 18.300000 1.598443 0.010000 3.000000 -2.940000
DYNAMIC_OBS_INFO 0 -5.750000 57.385791 1.570796 383.908251 -5.750000 440.218966 32.036728 1.214960
DYNAMIC_OBS_INFO 1 -1.750000 31.747287 1.570796 493.864559 -1.750000 550.163393 53.021687 2.625518
STATIC_OBS_INFO 0 -6.300000 60.638552 4.458599 
STATIC_OBS_INFO 1 -6.300000 62.196416 5.982416 
CRASH -5.226677 56.311071 18.300000
TIMEOUT
