STATIC_OBS_INIT_INFO 0 -6.300000 60.033999
STATIC_OBS_INIT_INFO 1 -6.300000 64.723544
Parent: -28.970114 10.000000 101.000000 0.000000 15.150000 17.345078 -10.000000 2.184808 40.000000 0.000000 0 0 0 0 0 0 0 0
Child: 17.345078 24.103784 243.000000 11.526795 264.150000 0.000000 -10.000000 0.000000 0.000000 0.000000 0 0 0 0 0 0 0 0
EGO_STATUS -5.750000 13.905100 0.000000 1.570796 15.609510 4.000000 0.000000
DYNAMIC_OBS_INFO 0 -5.750000 51.053211 1.570796 35.587160 -5.750000 51.053211 15.220089 1.284290
DYNAMIC_OBS_INFO 1 -1.750000 31.788721 1.570796 16.805638 -1.750000 31.788721 8.378340 2.636389
STATIC_OBS_INFO 0 -6.300000 60.033999 44.571341 
STATIC_OBS_INFO 1 -6.300000 64.723544 49.260563 
Parent: 295.617961 10.000000 102.000000 0.000000 3515.300000 6.255263 -10.000000 2.725443 48.000000 0.000000 0 0 0 0 0 0 0 0
Child: 6.255263 10.000000 101.000000 0.000000 15.150000 14.755263 -10.000000 0.000000 0.000000 0.000000 0 0 0 0 0 0 0 0
Child: 14.755263 22.542833 227.000000 11.528548 237.750000 0.000000 -10.000000 0.000000 0.000000 0.000000 0 0 0 0 0 0 0 0
EGO_STATUS -5.749989 15.466051 0.100000 1.570763 15.609510 4.000000 0.000000
DYNAMIC_OBS_INFO 0 -5.750000 51.053211 1.570796 35.554639 -5.750000 52.581641 15.348518 1.284290
DYNAMIC_OBS_INFO 1 -1.750000 31.788721 1.570796 15.293982 -1.750000 31.788721 8.378340 2.636389
STATIC_OBS_INFO 0 -6.300000 60.033999 43.010517 
STATIC_OBS_INFO 1 -6.300000 64.723544 47.699716 
Parent: 295.045012 10.000000 102.000000 0.000000 3515.300000 3.782314 -10.000000 2.625443 46.000000 0.000000 0 0 0 0 0 0 0 0
Child: 3.782314 10.000000 101.000000 0.000000 15.150000 12.282314 -10.000000 0.000000 0.000000 0.000000 0 0 0 0 0 0 0 0
Child: 12.282314 20.981882 211.000000 11.527527 212.550000 0.000000 -10.000000 0.000000 0.000000 0.000000 0 0 0 0 0 0 0 0
EGO_STATUS -5.749693 17.027002 0.200000 1.570331 15.609510 4.000000 0.000000
DYNAMIC_OBS_INFO 0 -5.750000 51.053211 1.570796 35.534963 -5.750000 54.122915 15.476947 1.284290
DYNAMIC_OBS_INFO 1 -1.750000 31.788721 1.570796 13.792893 -1.750000 31.788721 8.378340 2.636389
STATIC_OBS_INFO 0 -6.300000 60.033999 41.449723 
STATIC_OBS_INFO 1 -6.300000 64.723544 46.138894 
Parent: 293.294390 10.000000 102.000000 0.000000 3515.300000 1.131692 -10.000000 2.525443 45.000000 0.000000 0 0 0 0 0 0 0 0
Child: 1.131692 10.000000 101.000000 0.000000 15.150000 9.631692 -10.000000 0.000000 0.000000 0.000000 0 0 0 0 0 0 0 0
Child: 9.631692 19.420931 196.000000 11.527038 186.600000 0.000000 -10.000000 0.000000 0.000000 0.000000 0 0 0 0 0 0 0 0
EGO_STATUS -5.747949 18.587952 0.300000 1.568779 15.609510 4.000000 0.000000
DYNAMIC_OBS_INFO 0 -5.750000 51.053211 1.570796 35.528139 -5.750000 55.677031 15.605376 1.284290
DYNAMIC_OBS_INFO 1 -1.750000 31.788721 1.570796 12.305493 -1.750000 31.788721 8.378340 2.636389
STATIC_OBS_INFO 0 -6.300000 60.033999 39.889003 
STATIC_OBS_INFO 1 -6.300000 64.723544 44.578138 
Parent: 288.187308 38.147524 383.000000 10.976600 3275.850000 0.000000 0.000000 3.813170 43.000000 0.000000 0 0 0 0 0 0 0 0
EGO_STATUS -5.742436 20.148893 0.400000 1.565407 15.609510 4.000000 0.000000
DYNAMIC_OBS_INFO 0 -5.750000 51.053211 1.570796 35.548918 -5.750000 57.243990 15.733805 1.284290
DYNAMIC_OBS_INFO 1 -1.750000 31.788721 1.570796 10.850022 -1.750000 31.788721 8.378340 2.636389
STATIC_OBS_INFO 0 -6.300000 60.033999 38.343157 
STATIC_OBS_INFO 1 -6.300000 64.723544 43.032240 
Parent: 183.937183 20.435104 206.000000 10.451486 2061.400000 15.790563 0.000000 4.619918 42.000000 0.000000 0 0 0 0 0 0 0 0
Child: 15.790563 16.313840 165.000000 26.357512 133.350000 0.000000 0.000000 0.000000 0.000000 0.000000 0 0 0 1 0 0 0 0
EGO_STATUS -5.730118 21.695077 0.500000 1.559882 15.315510 3.000000 -2.940000
DYNAMIC_OBS_INFO 0 -5.750000 51.053211 1.570796 35.626753 -5.750000 58.823792 15.862234 1.284290
DYNAMIC_OBS_INFO 1 -1.750000 31.788721 1.570796 9.459644 -1.750000 31.788721 8.378340 2.636389
STATIC_OBS_INFO 0 -6.300000 60.033999 36.841687 
STATIC_OBS_INFO 1 -6.300000 64.723544 41.530695 
Parent: 173.372949 20.435104 206.000000 10.451476 2061.400000 3.326327 0.000000 4.519920 40.000000 0.000000 0 0 0 0 0 0 0 0
Child: 3.326327 14.811693 150.000000 26.357507 108.600000 0.000000 -10.000000 0.000000 0.000000 0.000000 0 0 0 1 0 0 0 0
EGO_STATUS -5.708319 23.197064 0.600000 1.552347 14.727510 1.000000 -5.880000
DYNAMIC_OBS_INFO 0 -5.750000 51.053211 1.570796 35.776514 -5.750000 60.416437 15.990664 1.284290
DYNAMIC_OBS_INFO 1 -1.750000 31.788721 1.570796 8.155594 -1.750000 31.788721 8.378340 2.636389
STATIC_OBS_INFO 0 -6.300000 60.033999 35.399508 
STATIC_OBS_INFO 1 -6.300000 64.723544 40.088408 
Parent: 371.970445 30.290952 304.000000 29.968018 4132.100000 1.322524 0.000000 4.934097 49.000000 0.000000 0 0 1 0 0 0 0 0
Child: 1.322524 13.368378 135.000000 26.290034 88.050000 0.000000 -10.000000 0.000000 0.000000 0.000000 0 0 0 1 0 0 0 0
EGO_STATUS -5.675494 24.640000 0.700000 1.543613 14.139510 1.000000 -5.880000
DYNAMIC_OBS_INFO 0 -5.750000 51.053211 1.570796 35.998280 -5.750000 62.021925 16.119093 1.284290
DYNAMIC_OBS_INFO 1 -1.750000 31.788721 1.570796 6.950020 -1.750000 31.788721 8.378340 2.636389
STATIC_OBS_INFO 0 -6.300000 60.033999 34.016722 
STATIC_OBS_INFO 1 -6.300000 64.723544 38.705472 
Parent: 371.914609 30.290952 304.000000 29.967990 4132.100000 -0.633319 0.000000 4.834107 47.000000 0.000000 0 0 1 0 0 0 0 0
Child: -0.633319 11.983848 121.000000 25.424666 69.150000 0.000000 -10.000000 0.000000 0.000000 0.000000 0 0 0 1 0 0 0 0
EGO_STATUS -5.631868 26.023839 0.800000 1.535044 13.551510 1.000000 -5.880000
DYNAMIC_OBS_INFO 0 -5.750000 51.053211 1.570796 36.292132 -5.750000 63.640255 16.247522 1.284290
DYNAMIC_OBS_INFO 1 -1.750000 31.788721 1.570796 5.863563 -1.750000 31.788721 8.378340 2.636389
STATIC_OBS_INFO 0 -6.300000 60.033999 32.693413 
STATIC_OBS_INFO 1 -6.300000 64.723544 37.381962 
Parent: 171.322534 20.435104 206.000000 10.451215 2061.400000 -2.424114 0.000000 4.219973 36.000000 0.000000 0 0 0 0 0 0 0 0
Child: -2.424114 10.658130 108.000000 23.967281 52.800000 0.000000 -10.000000 0.000000 0.000000 0.000000 0 0 0 1 0 0 0 0
EGO_STATUS -5.579624 27.348524 0.900000 1.528025 12.963510 1.000000 -5.880000
DYNAMIC_OBS_INFO 0 -5.750000 51.053211 1.570796 36.657999 -5.750000 65.271429 16.375951 1.284290
DYNAMIC_OBS_INFO 1 -1.750000 31.788721 1.570796 4.930388 -1.750000 31.788721 8.378340 2.636389
STATIC_OBS_INFO 0 -6.300000 60.033999 31.429484 
STATIC_OBS_INFO 1 -6.300000 64.723544 36.117780 
Parent: 170.885996 20.435104 206.000000 10.451094 2061.400000 -3.760665 0.000000 4.119998 35.000000 0.000000 0 0 0 0 0 0 0 0
Child: -3.760665 9.391222 95.000000 23.966050 39.150000 0.000000 -10.000000 0.000000 0.000000 0.000000 0 0 0 1 0 0 0 0
EGO_STATUS -5.522366 28.614137 1.000000 1.523612 12.375510 1.000000 -5.880000
DYNAMIC_OBS_INFO 0 -5.750000 51.053211 1.570796 37.095670 -5.750000 66.915446 16.504380 1.284290
DYNAMIC_OBS_INFO 1 -1.750000 31.788721 1.570796 4.203389 -1.750000 31.788721 8.378340 2.636389
STATIC_OBS_INFO 0 -6.300000 60.033999 30.224679 
STATIC_OBS_INFO 1 -6.300000 64.723544 34.912672 
Parent: 166.188415 28.568015 287.000000 22.790551 2040.150000 0.000000 -10.000000 4.843058 34.000000 0.000000 0 0 0 1 0 0 0 0
EGO_STATUS -5.464305 29.820876 1.100000 1.522362 11.787510 1.000000 -5.880000
DYNAMIC_OBS_INFO 0 -5.750000 51.053211 1.570796 37.604987 -5.750000 68.572305 16.632809 1.284290
DYNAMIC_OBS_INFO 1 -1.750000 31.788721 1.570796 3.750198 -1.750000 31.788721 8.378340 2.636389
STATIC_OBS_INFO 0 -6.300000 60.033999 29.078778 
STATIC_OBS_INFO 1 -6.300000 64.723544 33.766429 
Parent: 167.451800 27.418689 276.000000 22.790581 2046.400000 0.000000 -10.000000 4.892041 33.000000 0.000000 0 0 0 1 0 0 0 0
EGO_STATUS -5.409483 30.968860 1.200000 1.524293 11.199510 1.000000 -5.880000
DYNAMIC_OBS_INFO 0 -5.750000 51.053211 1.570796 38.185681 -5.750000 70.242007 16.761238 1.284290
DYNAMIC_OBS_INFO 1 -1.750000 31.788721 1.570796 3.621016 -1.750000 31.788721 8.378340 2.636389
STATIC_OBS_INFO 0 -6.300000 60.033999 27.991447 
STATIC_OBS_INFO 1 -6.300000 64.723544 32.678731 
Parent: 168.893815 26.328143 265.000000 22.790258 2039.950000 0.000000 -10.000000 4.957514 31.000000 0.000000 0 0 0 1 0 0 0 0
EGO_STATUS -5.360967 32.058308 1.300000 1.528618 10.611510 1.000000 -5.880000
DYNAMIC_OBS_INFO 0 -5.750000 51.053211 1.570796 38.837744 -5.750000 71.924553 16.889667 1.284290
DYNAMIC_OBS_INFO 1 -1.750000 31.788721 1.570796 3.799654 -1.750000 31.788721 8.378340 2.636389
STATIC_OBS_INFO 0 -6.300000 60.033999 26.962621 
STATIC_OBS_INFO 1 -6.300000 64.723544 31.649527 
Parent: 170.246016 10.217552 104.000000 33.605833 1637.300000 31.597054 0.000000 4.489661 30.000000 0.000000 0 0 1 0 0 0 0 0
Child: 31.597054 15.075797 152.000000 14.373700 304.200000 0.000000 0.000000 0.000000 0.000000 0.000000 0 0 0 0 0 0 0 0
EGO_STATUS -5.320176 33.089187 1.400000 1.533967 10.023510 1.000000 -5.880000
DYNAMIC_OBS_INFO 0 -5.750000 51.053211 1.570796 39.546418 -5.750000 73.619941 17.018096 1.284290
DYNAMIC_OBS_INFO 1 -1.750000 31.788721 1.570796 4.211699 -1.750000 31.788721 8.378340 2.636389
STATIC_OBS_INFO 0 -6.300000 60.033999 25.977543 
STATIC_OBS_INFO 1 -6.300000 64.723544 30.664062 
Parent: 368.437747 10.000000 101.000000 0.000000 2055.350000 209.097925 -10.000000 4.839822 39.000000 0.000000 0 0 0 0 0 0 0 0
Child: 209.097925 20.435104 206.000000 11.870184 2061.400000 3.430488 0.000000 0.000000 0.000000 0.000000 0 0 0 0 0 0 0 0
Child: 3.430488 3.924423 41.000000 29.689669 6.150000 0.000000 0.000000 0.000000 0.000000 0.000000 0 0 0 1 0 0 0 0
EGO_STATUS -5.286335 34.076241 1.500000 1.538877 9.729510 3.000000 -2.940000
DYNAMIC_OBS_INFO 0 -5.750000 51.053211 1.570796 40.311891 -5.750000 75.328172 17.146525 1.284290
DYNAMIC_OBS_INFO 1 -1.750000 31.788721 1.570796 4.769005 -1.750000 31.788721 8.378340 2.636389
STATIC_OBS_INFO 0 -6.300000 60.033999 25.036405 
STATIC_OBS_INFO 1 -6.300000 64.723544 29.722528 
Parent: 359.205788 10.000000 101.000000 0.000000 2055.350000 198.965908 -10.000000 4.739880 38.000000 0.000000 0 0 0 0 0 0 0 0
Child: 198.965908 20.435104 206.000000 11.869939 2061.400000 -6.701504 0.000000 0.000000 0.000000 0.000000 0 0 0 0 0 0 0 0
Child: -6.701504 2.980957 31.000000 29.652195 4.650000 0.000000 -10.000000 0.000000 0.000000 0.000000 0 0 0 1 0 0 0 0
EGO_STATUS -5.258117 35.019282 1.600000 1.543794 9.141510 1.000000 -5.880000
DYNAMIC_OBS_INFO 0 -5.750000 51.053211 1.570796 41.148601 -5.750000 77.049246 17.274954 1.284290
DYNAMIC_OBS_INFO 1 -1.750000 31.788721 1.570796 5.396154 -1.750000 31.788721 8.378340 2.636389
STATIC_OBS_INFO 0 -6.300000 60.033999 24.153444 
STATIC_OBS_INFO 1 -6.300000 64.723544 28.839210 
Parent: 358.946476 10.000000 101.000000 0.000000 2055.350000 198.806561 -10.000000 4.639914 38.000000 0.000000 0 0 0 0 0 0 0 0
Child: 198.806561 20.435104 206.000000 11.869791 2061.400000 -6.860836 0.000000 0.000000 0.000000 0.000000 0 0 0 0 0 0 0 0
Child: -6.860836 2.096258 22.000000 29.645191 3.300000 0.000000 -10.000000 0.000000 0.000000 0.000000 0 0 0 1 0 0 0 0
EGO_STATUS -5.240648 35.903797 1.700000 1.560748 8.553510 1.000000 -5.880000
DYNAMIC_OBS_INFO 0 -5.750000 51.053211 1.570796 42.056598 -5.750000 78.783162 17.403383 1.284290
DYNAMIC_OBS_INFO 1 -1.750000 31.788721 1.570796 6.049757 -1.750000 31.788721 8.378340 2.636389
STATIC_OBS_INFO 0 -6.300000 60.033999 23.328404 
STATIC_OBS_INFO 1 -6.300000 64.723544 28.013924 
Parent: 858.719848 20.972423 211.000000 3059.268219 5865.150000 4.064320 0.000000 4.609660 37.000000 0.000000 1 0 1 0 0 0 0 0
Child: 4.064320 10.000000 101.000000 0.000000 15.150000 2.564320 0.000000 0.000000 0.000000 0.000000 0 0 0 0 0 0 0 0
Child: 2.564320 1.270396 14.000000 26.159283 2.100000 0.000000 0.000000 0.000000 0.000000 0.000000 0 0 1 0 0 0 0 0
EGO_STATUS -5.240965 36.729645 1.800000 1.579784 7.965510 1.000000 -5.880000
DYNAMIC_OBS_INFO 0 -5.750000 51.053211 1.570796 42.991964 -5.750000 80.529922 17.531812 1.284290
DYNAMIC_OBS_INFO 1 -1.750000 31.788721 1.570796 6.732701 -1.750000 31.788721 8.378340 2.636389
STATIC_OBS_INFO 0 -6.300000 60.033999 22.517668 
STATIC_OBS_INFO 1 -6.300000 64.723544 27.202982 
Parent: 849.335122 20.972423 211.000000 3057.391632 5865.150000 -6.448840 0.000000 4.924619 36.000000 0.000000 1 0 1 0 0 0 0 0
Child: -6.448840 10.000000 101.000000 0.000000 15.150000 2.051160 -10.000000 0.000000 0.000000 0.000000 0 0 0 0 0 0 0 0
Child: 2.051160 0.459124 6.000000 25.905333 0.900000 0.000000 0.000000 0.000000 0.000000 0.000000 0 0 0 0 1 0 0 0
EGO_STATUS -5.248849 37.540879 1.900000 1.576912 8.259510 0.000000 2.940000
DYNAMIC_OBS_INFO 0 -5.750000 51.053211 1.570796 43.940300 -5.750000 82.289525 17.660241 1.284290
DYNAMIC_OBS_INFO 1 -1.750000 31.788721 1.570796 6.699309 -1.750000 32.639737 8.641978 2.636389
STATIC_OBS_INFO 0 -6.300000 60.033999 21.707339 
STATIC_OBS_INFO 1 -6.300000 64.723544 26.392369 
Parent: 848.131179 20.972423 211.000000 3057.391514 5865.150000 -8.552810 0.000000 4.824658 35.000000 0.000000 1 0 1 0 0 0 0 0
Child: -8.552810 9.647930 98.000000 0.000000 14.700000 0.000000 -10.000000 0.000000 0.000000 0.000000 0 0 0 0 0 0 0 0
EGO_STATUS -5.250000 38.352070 2.000000 1.570796 7.965510 3.000000 -2.940000
DYNAMIC_OBS_INFO 0 -5.750000 51.053211 1.570796 44.930869 -5.750000 84.061970 17.788670 1.284290
DYNAMIC_OBS_INFO 1 -1.750000 31.788721 1.570796 6.618011 -1.750000 33.517117 8.905617 2.636389
STATIC_OBS_INFO 0 -6.300000 60.033999 20.926474 
STATIC_OBS_INFO 1 -6.300000 64.723544 25.611193 
Parent: 848.913925 20.972423 211.000000 3057.391439 5865.150000 -8.670083 0.000000 4.724684 34.000000 0.000000 1 0 1 0 0 0 0 0
Child: -8.670083 8.866116 90.000000 0.000000 13.500000 0.000000 -10.000000 0.000000 0.000000 0.000000 0 0 0 0 0 0 0 0
EGO_STATUS -5.250000 39.133884 2.100000 1.570796 7.671510 3.000000 -2.940000
DYNAMIC_OBS_INFO 0 -5.750000 51.053211 1.570796 45.963711 -5.750000 85.847259 17.917099 1.284290
DYNAMIC_OBS_INFO 1 -1.750000 31.788721 1.570796 6.490044 -1.750000 34.420861 9.169256 2.636389
STATIC_OBS_INFO 0 -6.300000 60.033999 20.175074 
STATIC_OBS_INFO 1 -6.300000 64.723544 24.859461 
Parent: 848.701100 20.972423 211.000000 3057.391301 5865.150000 -8.782940 0.000000 4.624730 34.000000 0.000000 1 0 1 0 0 0 0 0
Child: -8.782940 8.113733 83.000000 0.000000 12.450000 0.000000 -10.000000 0.000000 0.000000 0.000000 0 0 0 0 0 0 0 0
EGO_STATUS -5.250000 39.886267 2.200000 1.570796 7.377510 3.000000 -2.940000
DYNAMIC_OBS_INFO 0 -5.750000 51.053211 1.570796 47.038781 -5.750000 87.645390 18.045528 1.284290
DYNAMIC_OBS_INFO 1 -1.750000 31.788721 1.570796 6.316621 -1.750000 35.350968 9.432895 2.636389
STATIC_OBS_INFO 0 -6.300000 60.033999 19.453091 
STATIC_OBS_INFO 1 -6.300000 64.723544 24.137127 
Parent: 849.492675 20.972423 211.000000 3057.391195 5865.150000 -8.891390 0.000000 4.524765 33.000000 0.000000 1 0 1 0 0 0 0 0
Child: -8.891390 7.390734 75.000000 0.000000 11.250000 0.000000 -10.000000 0.000000 0.000000 0.000000 0 0 0 0 0 0 0 0
EGO_STATUS -5.250000 40.609266 2.300000 1.570796 7.083510 3.000000 -2.940000
DYNAMIC_OBS_INFO 0 -5.750000 51.053211 1.570796 48.156062 -5.750000 89.456364 18.173957 1.284290
DYNAMIC_OBS_INFO 1 -1.750000 31.788721 1.570796 6.099558 -1.750000 36.307440 9.696534 2.636389
STATIC_OBS_INFO 0 -6.300000 60.033999 18.760507 
STATIC_OBS_INFO 1 -6.300000 64.723544 23.444171 
Parent: 850.288639 20.972423 211.000000 3057.391157 5865.150000 -8.995435 0.000000 4.424778 32.000000 0.000000 1 0 1 0 0 0 0 0
Child: -8.995435 6.697102 68.000000 0.000000 10.200000 0.000000 -10.000000 0.000000 0.000000 0.000000 0 0 0 0 0 0 0 0
EGO_STATUS -5.250000 41.302898 2.400000 1.570796 6.789510 3.000000 -2.940000
DYNAMIC_OBS_INFO 0 -5.750000 51.053211 1.570796 49.315647 -5.750000 91.280181 18.302386 1.284290
DYNAMIC_OBS_INFO 1 -1.750000 31.788721 1.570796 5.841439 -1.750000 37.290275 9.960173 2.636389
STATIC_OBS_INFO 0 -6.300000 60.033999 18.097415 
STATIC_OBS_INFO 1 -6.300000 64.723544 22.780686 
Parent: 850.089052 20.972423 211.000000 3057.390994 5865.150000 -9.095060 0.000000 4.324833 32.000000 0.000000 1 0 1 0 0 0 0 0
Child: -9.095060 6.032931 62.000000 0.000000 9.300000 0.000000 -10.000000 0.000000 0.000000 0.000000 0 0 0 0 0 0 0 0
EGO_STATUS -5.250000 41.967069 2.500000 1.570796 6.495510 3.000000 -2.940000
DYNAMIC_OBS_INFO 0 -5.750000 51.053211 1.570796 50.517482 -5.750000 93.116841 18.430815 1.284290
DYNAMIC_OBS_INFO 1 -1.750000 31.788721 1.570796 5.546196 -1.750000 38.299474 10.223812 2.636389
STATIC_OBS_INFO 0 -6.300000 60.033999 17.463759 
STATIC_OBS_INFO 1 -6.300000 64.723544 22.146615 
Parent: 850.893879 20.972423 211.000000 3057.390817 5865.150000 -9.190275 0.000000 4.224892 31.000000 0.000000 1 0 1 0 0 0 0 0
Child: -9.190275 5.398166 55.000000 0.000000 8.250000 0.000000 -10.000000 0.000000 0.000000 0.000000 0 0 0 0 0 0 0 0
EGO_STATUS -5.250000 42.601834 2.600000 1.570796 6.201510 3.000000 -2.940000
DYNAMIC_OBS_INFO 0 -5.750000 51.053211 1.570796 51.761497 -5.750000 94.966344 18.559244 1.284290
DYNAMIC_OBS_INFO 1 -1.750000 31.788721 1.570796 5.219591 -1.750000 39.335037 10.487451 2.636389
STATIC_OBS_INFO 0 -6.300000 60.033999 16.859465 
STATIC_OBS_INFO 1 -6.300000 64.723544 21.541886 
Parent: 765.523587 20.435104 206.000000 8.539174 8061.400000 0.718911 -10.000000 4.270469 30.000000 0.000000 0 0 0 0 0 0 0 0
Child: 0.718911 4.792737 49.000000 0.000000 7.350000 0.000000 0.000000 0.000000 0.000000 0.000000 0 0 0 0 0 0 0 0
EGO_STATUS -5.250000 43.207263 2.700000 1.570796 5.907510 3.000000 -2.940000
DYNAMIC_OBS_INFO 0 -5.750000 51.053211 1.570796 53.033034 -5.750000 96.828690 18.687673 1.284290
DYNAMIC_OBS_INFO 1 -1.750000 31.788721 1.570796 4.880280 -1.750000 40.396964 10.751090 2.636389
STATIC_OBS_INFO 0 -6.300000 60.033999 16.269902 
STATIC_OBS_INFO 1 -6.300000 64.723544 20.951857 
Parent: 755.334974 20.435104 206.000000 8.539174 8061.400000 -9.369702 -10.000000 4.170469 30.000000 0.000000 0 0 0 0 0 0 0 0
Child: -9.369702 4.201986 44.000000 0.000000 6.600000 0.000000 -10.000000 0.000000 0.000000 0.000000 0 0 0 0 0 0 0 0
EGO_STATUS -5.250000 43.798014 2.800000 1.570796 5.907510 4.000000 0.000000
DYNAMIC_OBS_INFO 0 -5.750000 51.053211 1.570796 54.317416 -5.750000 98.703879 18.816102 1.284290
DYNAMIC_OBS_INFO 1 -1.750000 31.788721 1.570796 4.547567 -1.750000 41.485255 11.014728 2.636389
STATIC_OBS_INFO 0 -6.300000 60.033999 15.680429 
STATIC_OBS_INFO 1 -6.300000 64.723544 20.361870 
Parent: -5.337139 3.611235 38.000000 20.000000 5.700000 0.000000 0.000000 1.220525 9.000000 0.000000 0 0 0 1 0 0 0 0
EGO_STATUS -5.250000 44.388765 2.900000 1.570796 5.907510 4.000000 0.000000
DYNAMIC_OBS_INFO 0 -5.750000 51.053211 1.570796 55.638984 -5.750000 100.591911 18.944531 1.284290
DYNAMIC_OBS_INFO 1 -1.750000 31.788721 1.570796 4.218681 -1.750000 42.599910 11.278367 2.636389
STATIC_OBS_INFO 0 -6.300000 60.033999 15.115339 
STATIC_OBS_INFO 1 -6.300000 64.723544 19.796236 
Parent: -15.519667 3.044826 32.000000 20.000000 4.800000 0.000000 -10.000000 1.120592 9.000000 0.000000 0 0 0 1 0 0 0 0
EGO_STATUS -5.250000 44.955174 3.000000 1.570796 5.424316 7.000000 -4.831944
DYNAMIC_OBS_INFO 0 -5.750000 51.053211 1.570796 57.021679 -5.750000 102.492785 19.072960 1.284290
DYNAMIC_OBS_INFO 1 -1.750000 31.788721 1.570796 3.905266 -1.750000 43.740929 11.542006 2.636389
STATIC_OBS_INFO 0 -6.300000 60.033999 14.598510 
STATIC_OBS_INFO 1 -6.300000 64.723544 19.278860 
Parent: 965.704934 10.000000 102.000000 20.000000 2075.700000 803.418813 -10.000000 4.825336 38.000000 0.000000 0 0 1 0 0 0 0 0
Child: 803.418813 20.435104 206.000000 33.797371 8061.400000 0.379005 0.000000 0.000000 0.000000 0.000000 0 0 1 0 0 0 0 0
Child: 0.379005 2.526702 27.000000 0.000000 4.050000 0.000000 0.000000 0.000000 0.000000 0.000000 0 0 0 0 0 0 0 0
EGO_STATUS -5.250000 45.473298 3.100000 1.570796 4.941150 7.000000 -4.831655
DYNAMIC_OBS_INFO 0 -5.750000 51.053211 1.570796 58.441228 -5.750000 104.406503 19.201389 1.284290
DYNAMIC_OBS_INFO 1 -1.750000 31.788721 1.570796 3.656733 -1.750000 44.908311 11.805645 2.636389
STATIC_OBS_INFO 0 -6.300000 60.033999 14.105720 
STATIC_OBS_INFO 1 -6.300000 64.723544 18.785498 
Parent: 955.530816 10.000000 102.000000 20.000000 2075.700000 793.344696 -10.000000 4.725336 38.000000 0.000000 0 0 1 0 0 0 0 0
Child: 793.344696 20.435104 206.000000 33.797371 8061.400000 -9.695112 0.000000 0.000000 0.000000 0.000000 0 0 1 0 0 0 0 0
Child: -9.695112 2.032587 22.000000 0.000000 3.300000 0.000000 -10.000000 0.000000 0.000000 0.000000 0 0 0 0 0 0 0 0
EGO_STATUS -5.250000 45.967413 3.200000 1.570796 4.941150 4.000000 0.000000
DYNAMIC_OBS_INFO 0 -5.750000 51.053211 1.570796 59.873622 -5.750000 106.333063 19.329818 1.284290
DYNAMIC_OBS_INFO 1 -1.750000 31.788721 1.570796 3.518411 -1.750000 46.102058 12.069284 2.636389
STATIC_OBS_INFO 0 -6.300000 60.033999 13.613025 
STATIC_OBS_INFO 1 -6.300000 64.723544 18.292176 
Parent: 956.356699 10.000000 102.000000 20.000000 2075.700000 793.270579 -10.000000 4.625336 37.000000 0.000000 0 0 1 0 0 0 0 0
Child: 793.270579 20.435104 206.000000 33.797371 8061.400000 -9.769229 0.000000 0.000000 0.000000 0.000000 0 0 1 0 0 0 0 0
Child: -9.769229 1.538472 17.000000 0.000000 2.550000 0.000000 -10.000000 0.000000 0.000000 0.000000 0 0 0 0 0 0 0 0
EGO_STATUS -5.250000 46.461528 3.300000 1.570796 4.941150 4.000000 0.000000
DYNAMIC_OBS_INFO 0 -5.750000 51.053211 1.570796 61.318861 -5.750000 108.272466 19.458247 1.284290
DYNAMIC_OBS_INFO 1 -1.750000 31.788721 1.570796 3.519139 -1.750000 47.322168 12.332923 2.636389
STATIC_OBS_INFO 0 -6.300000 60.033999 13.120438 
STATIC_OBS_INFO 1 -6.300000 64.723544 17.798898 
Parent: 956.182582 10.000000 102.000000 20.000000 2075.700000 793.196461 -10.000000 4.525336 37.000000 0.000000 0 0 1 0 0 0 0 0
Child: 793.196461 20.435104 206.000000 33.797371 8061.400000 -9.843347 0.000000 0.000000 0.000000 0.000000 0 0 1 0 0 0 0 0
Child: -9.843347 1.044357 12.000000 0.000000 1.800000 0.000000 -10.000000 0.000000 0.000000 0.000000 0 0 0 0 0 0 0 0
EGO_STATUS -5.250000 46.955643 3.400000 1.570796 4.941150 4.000000 0.000000
DYNAMIC_OBS_INFO 0 -5.750000 51.053211 1.570796 62.776945 -5.750000 110.224712 19.586676 1.284290
DYNAMIC_OBS_INFO 1 -1.750000 31.788721 1.570796 3.674493 -1.750000 48.568642 12.596562 2.636389
STATIC_OBS_INFO 0 -6.300000 60.033999 12.627969 
STATIC_OBS_INFO 1 -6.300000 64.723544 17.305669 
Parent: 957.008465 10.000000 102.000000 20.000000 2075.700000 793.122344 -10.000000 4.425336 36.000000 0.000000 0 0 1 0 0 0 0 0
Child: 793.122344 20.435104 206.000000 33.797371 8061.400000 -9.917464 0.000000 0.000000 0.000000 0.000000 0 0 1 0 0 0 0 0
Child: -9.917464 0.550242 7.000000 0.000000 1.050000 0.000000 -10.000000 0.000000 0.000000 0.000000 0 0 0 0 0 0 0 0
EGO_STATUS -5.250000 47.449758 3.500000 1.570796 4.941150 4.000000 0.000000
DYNAMIC_OBS_INFO 0 -5.750000 51.053211 1.570796 64.247874 -5.750000 112.189802 19.715105 1.284290
DYNAMIC_OBS_INFO 1 -1.750000 31.788721 1.570796 3.981320 -1.750000 49.841481 12.860201 2.636389
STATIC_OBS_INFO 0 -6.300000 60.033999 12.135635 
STATIC_OBS_INFO 1 -6.300000 64.723544 16.812491 
Parent: 956.834347 10.000000 102.000000 20.000000 2075.700000 793.048227 -10.000000 4.325336 36.000000 0.000000 0 0 1 0 0 0 0 0
Child: 793.048227 20.435104 206.000000 33.797371 8061.400000 -9.991581 0.000000 0.000000 0.000000 0.000000 0 0 1 0 0 0 0 0
Child: -9.991581 0.056127 2.000000 0.000000 0.300000 0.000000 -10.000000 0.000000 0.000000 0.000000 0 0 0 0 0 0 0 0
EGO_STATUS -5.250000 47.943873 3.600000 1.570796 4.941150 4.000000 0.000000
DYNAMIC_OBS_INFO 0 -5.750000 51.053211 1.570796 65.727753 -5.750000 114.167734 19.843534 1.284290
DYNAMIC_OBS_INFO 1 -1.750000 31.788721 1.570796 4.419381 -1.750000 51.140683 13.123840 2.636389
STATIC_OBS_INFO 0 -6.300000 60.033999 11.639603 
STATIC_OBS_INFO 1 -6.300000 64.723544 16.315504 
Parent: 930.300133 30.321610 305.000000 32.069380 9735.450000 0.000000 -10.000000 4.261079 35.000000 0.000000 0 0 1 0 0 0 0 0
EGO_STATUS -5.249632 48.441885 3.700000 1.568444 5.028018 2.000000 0.980000
DYNAMIC_OBS_INFO 0 -5.750000 51.053211 1.570796 67.210803 -5.750000 116.158508 19.971963 1.284290
DYNAMIC_OBS_INFO 1 -1.750000 31.788721 1.570796 4.959172 -1.750000 52.466248 13.387479 2.636389
STATIC_OBS_INFO 0 -6.300000 60.033999 11.134347 
STATIC_OBS_INFO 1 -6.300000 64.723544 15.809085 
Parent: 923.758585 29.585532 297.000000 34.095179 9649.450000 0.000000 -10.000000 4.136233 35.000000 0.000000 0 0 1 0 0 0 0 0
EGO_STATUS -5.246642 48.949590 3.800000 1.560565 5.126018 2.000000 0.980000
DYNAMIC_OBS_INFO 0 -5.750000 51.053211 1.570796 68.696988 -5.750000 118.162126 20.100392 1.284290
DYNAMIC_OBS_INFO 1 -1.750000 31.788721 1.570796 5.576715 -1.750000 53.818178 13.651117 2.636389
STATIC_OBS_INFO 0 -6.300000 60.033999 10.620169 
STATIC_OBS_INFO 1 -6.300000 64.723544 15.293405 
Parent: 933.981810 29.067968 292.000000 34.094245 9749.600000 0.000000 -10.000000 4.036226 34.000000 0.000000 0 0 1 0 0 0 0 0
EGO_STATUS -5.238179 49.467045 3.900000 1.547677 5.224018 2.000000 0.980000
DYNAMIC_OBS_INFO 0 -5.750000 51.053211 1.570796 70.186465 -5.750000 120.178587 20.228821 1.284290
DYNAMIC_OBS_INFO 1 -1.750000 31.788721 1.570796 6.254303 -1.750000 55.196472 13.914756 2.636389
STATIC_OBS_INFO 0 -6.300000 60.033999 10.097642 
STATIC_OBS_INFO 1 -6.300000 64.723544 14.768859 
Parent: 915.814098 10.000000 102.000000 20.000000 2626.500000 685.424403 0.000000 4.928911 34.000000 0.000000 0 0 1 0 0 0 0 0
Child: 685.424403 18.969192 191.000000 12.959649 6888.550000 0.000000 0.000000 0.000000 0.000000 0.000000 0 0 0 0 0 0 0 0
EGO_STATUS -5.221563 49.994112 4.000000 1.530412 5.322018 2.000000 0.980000
DYNAMIC_OBS_INFO 0 -5.750000 51.053211 1.570796 71.684421 -5.750000 122.207890 20.357250 1.284290
DYNAMIC_OBS_INFO 1 -1.750000 31.788721 1.570796 6.984077 -1.750000 56.601129 14.178395 2.636389
STATIC_OBS_INFO 0 -6.300000 60.033999 9.572412 
STATIC_OBS_INFO 1 -6.300000 64.723544 14.240886 
Parent: 906.844308 10.000000 102.000000 20.000000 2626.500000 675.554613 0.000000 4.828910 33.000000 0.000000 0 0 1 0 0 0 0 0
Child: 675.554613 18.436988 186.000000 12.960012 6903.200000 0.000000 -10.000000 0.000000 0.000000 0.000000 0 0 0 0 0 0 0 0
EGO_STATUS -5.194638 50.525621 4.100000 1.509641 5.322018 4.000000 0.000000
DYNAMIC_OBS_INFO 0 -5.750000 51.053211 1.570796 73.196046 -5.750000 124.250037 20.485679 1.284290
DYNAMIC_OBS_INFO 1 -1.750000 31.788721 1.570796 7.762837 -1.750000 58.032151 14.442034 2.636389
STATIC_OBS_INFO 0 -6.300000 60.033999 9.050198 
STATIC_OBS_INFO 1 -6.300000 64.723544 13.714941 
Parent: 906.776476 10.000000 102.000000 20.000000 2626.500000 674.586781 0.000000 4.728910 32.000000 0.000000 0 0 1 0 0 0 0 0
Child: 674.586781 17.904784 181.000000 12.958310 6907.550000 0.000000 -10.000000 0.000000 0.000000 0.000000 0 0 0 0 0 0 0 0
EGO_STATUS -5.155959 51.056402 4.200000 1.486285 5.322018 4.000000 0.000000
DYNAMIC_OBS_INFO 0 -5.750000 51.053211 1.570796 74.721736 -5.750000 126.305026 20.614108 1.284290
DYNAMIC_OBS_INFO 1 -1.750000 31.788721 1.570796 8.585819 -1.750000 59.489536 14.705673 2.636389
STATIC_OBS_INFO 0 -6.300000 60.033999 8.532111 
STATIC_OBS_INFO 1 -6.300000 64.723544 13.191761 
Parent: 884.687927 10.000000 102.000000 20.000000 2075.700000 706.692962 0.000000 4.534181 32.000000 0.000000 0 0 1 0 0 0 0 0
Child: 706.692962 16.868434 170.000000 7.728447 7215.100000 0.000000 -10.000000 0.000000 0.000000 0.000000 0 0 0 0 0 0 0 0
EGO_STATUS -5.104349 51.586079 4.300000 1.460974 5.322018 4.000000 0.000000
DYNAMIC_OBS_INFO 0 -5.750000 51.053211 1.570796 76.261944 -5.750000 128.372859 20.742537 1.284290
DYNAMIC_OBS_INFO 1 -1.750000 31.788721 1.570796 9.449871 -1.750000 60.973286 14.969312 2.636389
STATIC_OBS_INFO 0 -6.300000 60.033999 8.019539 
STATIC_OBS_INFO 1 -6.300000 64.723544 12.672216 
Parent: 872.517220 10.000000 102.000000 0.000000 2075.700000 705.068680 -10.000000 4.948540 31.000000 0.000000 0 0 0 0 0 0 0 0
Child: 705.068680 16.336219 165.000000 7.727169 7214.650000 0.000000 -10.000000 0.000000 0.000000 0.000000 0 0 0 0 0 0 0 0
EGO_STATUS -5.038948 52.114230 4.400000 1.434227 5.322018 4.000000 0.000000
DYNAMIC_OBS_INFO 0 -5.750000 51.053211 1.570796 77.817152 -5.750000 130.453534 20.870966 1.284290
DYNAMIC_OBS_INFO 1 -1.750000 31.788721 1.570796 10.352944 -1.750000 62.483399 15.232951 2.636389
STATIC_OBS_INFO 0 -6.300000 60.033999 7.514193 
STATIC_OBS_INFO 1 -6.300000 64.723544 12.157309 
Parent: 862.012256 10.000000 102.000000 0.000000 2075.700000 694.663719 -10.000000 4.848537 31.000000 0.000000 0 0 0 0 0 0 0 0
Child: 694.663719 15.804004 160.000000 7.727369 7126.300000 0.000000 -10.000000 0.000000 0.000000 0.000000 0 0 0 0 0 0 0 0
EGO_STATUS -4.959180 52.640400 4.500000 1.406571 5.322018 4.000000 0.000000
DYNAMIC_OBS_INFO 0 -5.750000 51.053211 1.570796 79.387842 -5.750000 132.547052 20.999395 1.284290
DYNAMIC_OBS_INFO 1 -1.750000 31.788721 1.570796 11.293750 -1.750000 64.019876 15.496590 2.636389
STATIC_OBS_INFO 0 -6.300000 60.033999 7.018171 
STATIC_OBS_INFO 1 -6.300000 64.723544 11.648156 
Parent: 873.506447 10.000000 102.000000 0.000000 2075.700000 705.257912 -10.000000 4.748535 30.000000 0.000000 0 0 0 0 0 0 0 0
Child: 705.257912 15.271789 154.000000 7.726927 7204.900000 0.000000 -10.000000 0.000000 0.000000 0.000000 0 0 0 0 0 0 0 0
EGO_STATUS -4.864789 53.164145 4.600000 1.378623 5.322018 4.000000 0.000000
DYNAMIC_OBS_INFO 0 -5.750000 51.053211 1.570796 80.974453 -5.750000 134.653413 21.127824 1.284290
DYNAMIC_OBS_INFO 1 -1.750000 31.788721 1.570796 12.271488 -1.750000 65.582717 15.760229 2.636389
STATIC_OBS_INFO 0 -6.300000 60.033999 6.534013 
STATIC_OBS_INFO 1 -6.300000 64.723544 11.145959 
Parent: 871.244795 10.000000 102.000000 0.000000 2075.700000 703.096263 -10.000000 4.648533 30.000000 0.000000 0 0 0 0 0 0 0 0
Child: 703.096263 14.739575 149.000000 7.725631 7200.850000 0.000000 -10.000000 0.000000 0.000000 0.000000 0 0 0 0 0 0 0 0
EGO_STATUS -4.755871 53.685063 4.700000 1.351063 5.322018 4.000000 0.000000
DYNAMIC_OBS_INFO 0 -5.750000 51.053211 1.570796 82.577329 -5.750000 136.772617 21.256253 1.284290
DYNAMIC_OBS_INFO 1 -1.750000 31.788721 1.570796 13.285633 -1.750000 67.171921 16.023867 2.636389
STATIC_OBS_INFO 0 -6.300000 60.033999 6.064784 
STATIC_OBS_INFO 1 -6.300000 64.723544 10.651965 
Parent: 883.850074 10.000000 102.000000 0.000000 2075.700000 704.468065 0.000000 4.882009 29.000000 0.000000 0 0 0 0 0 0 0 0
Child: 704.468065 14.207362 144.000000 32.499801 7107.700000 0.000000 0.000000 0.000000 0.000000 0.000000 0 0 1 0 0 0 0 0
EGO_STATUS -4.632896 54.202844 4.800000 1.324599 5.322018 4.000000 0.000000
DYNAMIC_OBS_INFO 0 -5.750000 51.053211 1.570796 84.191946 -5.750000 138.904664 21.384682 1.284290
DYNAMIC_OBS_INFO 1 -1.750000 31.788721 1.570796 14.330849 -1.750000 68.787490 16.287506 2.636389
STATIC_OBS_INFO 0 -6.300000 60.033999 5.610107 
STATIC_OBS_INFO 1 -6.300000 64.723544 10.162984 
Parent: 883.837637 10.000000 102.000000 0.000000 2075.700000 704.555632 0.000000 4.782005 29.000000 0.000000 0 0 0 0 0 0 0 0
Child: 704.555632 13.670209 138.000000 32.499539 7180.900000 0.000000 -10.000000 0.000000 0.000000 0.000000 0 0 1 0 0 0 0 0
EGO_STATUS -4.495374 54.722066 4.900000 1.299715 5.420018 2.000000 0.980000
DYNAMIC_OBS_INFO 0 -5.750000 51.053211 1.570796 85.813821 -5.750000 141.049553 21.513111 1.284290
DYNAMIC_OBS_INFO 1 -1.750000 31.788721 1.570796 15.401952 -1.750000 70.429423 16.551145 2.636389
STATIC_OBS_INFO 0 -6.300000 60.033999 5.171415 
STATIC_OBS_INFO 1 -6.300000 64.723544 9.676286 
Parent: 987.407769 20.109224 203.000000 30.962046 3690.050000 662.457901 -10.000000 4.345610 38.000000 0.000000 0 0 1 0 0 0 0 0
Child: 662.457901 13.123254 133.000000 32.496728 6782.650000 0.000000 -10.000000 0.000000 0.000000 0.000000 0 0 1 0 0 0 0 0
EGO_STATUS -4.342764 55.247272 5.000000 1.276974 5.518018 2.000000 0.980000
DYNAMIC_OBS_INFO 0 -5.750000 51.053211 1.570796 87.442993 -5.750000 143.207286 21.641541 1.284290
DYNAMIC_OBS_INFO 1 -1.750000 31.788721 1.570796 16.498607 -1.750000 72.097719 16.814784 2.636389
STATIC_OBS_INFO 0 -6.300000 60.033999 4.756124 
STATIC_OBS_INFO 1 -6.300000 64.723544 9.193782 
Parent: 917.076866 20.109224 203.000000 30.962033 3690.050000 592.227004 -10.000000 4.245605 38.000000 0.000000 0 0 1 0 0 0 0 0
Child: 592.227004 12.566501 127.000000 32.496947 6053.750000 0.000000 -10.000000 0.000000 0.000000 0.000000 0 0 1 0 0 0 0 0
EGO_STATUS -4.176066 55.778459 5.100000 1.257201 5.616018 2.000000 0.980000
DYNAMIC_OBS_INFO 0 -5.750000 51.053211 1.570796 89.079247 -5.750000 145.377861 21.769970 1.284290
DYNAMIC_OBS_INFO 1 -1.750000 31.788721 1.570796 17.620341 -1.750000 73.792379 17.078423 2.636389
STATIC_OBS_INFO 0 -6.300000 60.033999 4.373710 
STATIC_OBS_INFO 1 -6.300000 64.723544 8.717445 
Parent: 857.696059 20.109224 203.000000 30.962022 3690.050000 531.946203 -10.000000 4.145600 37.000000 0.000000 0 0 1 0 0 0 0 0
Child: 531.946203 11.999954 121.000000 32.495060 5432.150000 0.000000 -10.000000 0.000000 0.000000 0.000000 0 0 1 0 0 0 0 0
EGO_STATUS -3.996775 56.315869 5.200000 1.241202 5.714018 2.000000 0.980000
DYNAMIC_OBS_INFO 0 -5.750000 51.053211 1.570796 90.722082 -5.750000 147.561280 21.898399 1.284290
DYNAMIC_OBS_INFO 1 -1.750000 31.788721 1.570796 18.766456 -1.750000 75.513404 17.342062 2.636389
STATIC_OBS_INFO 0 -6.300000 60.033999 4.036072 
STATIC_OBS_INFO 1 -6.300000 64.723544 8.249293 
Parent: 813.876397 20.109224 203.000000 30.962013 3690.050000 488.226546 -10.000000 4.045597 37.000000 0.000000 0 0 1 0 0 0 0 0
Child: 488.226546 11.423616 116.000000 32.492922 5026.700000 0.000000 -10.000000 0.000000 0.000000 0.000000 0 0 1 0 0 0 0 0
EGO_STATUS -3.806876 56.860010 5.300000 1.229728 5.812018 2.000000 0.980000
DYNAMIC_OBS_INFO 0 -5.750000 51.053211 1.570796 92.370706 -5.750000 149.757541 22.026828 1.284290
DYNAMIC_OBS_INFO 1 -1.750000 31.788721 1.570796 19.935985 -1.750000 77.260792 17.605701 2.636389
STATIC_OBS_INFO 0 -6.300000 60.033999 3.757536 
STATIC_OBS_INFO 1 -6.300000 64.723544 7.791413 
Parent: 742.265492 20.109224 203.000000 30.962008 3690.050000 415.715644 -10.000000 3.945594 36.000000 0.000000 0 0 1 0 0 0 0 0
Child: 415.715644 10.837491 110.000000 32.492756 4288.500000 0.000000 -10.000000 0.000000 0.000000 0.000000 0 0 1 0 0 0 0 0
EGO_STATUS -3.608831 57.411654 5.400000 1.223435 5.910018 2.000000 0.980000
DYNAMIC_OBS_INFO 0 -5.750000 51.053211 1.570796 94.024066 -5.750000 151.966645 22.155257 1.284290
DYNAMIC_OBS_INFO 1 -1.750000 31.788721 1.570796 21.127694 -1.750000 79.034544 17.869340 2.636389
STATIC_OBS_INFO 0 -6.300000 60.033999 3.553943 
STATIC_OBS_INFO 1 -6.300000 64.723544 7.346004 
Parent: 679.926794 20.109224 203.000000 30.962006 3690.050000 353.476947 -10.000000 3.845594 36.000000 0.000000 0 0 1 0 0 0 0 0
Child: 353.476947 10.241582 104.000000 32.492512 3658.500000 0.000000 -10.000000 0.000000 0.000000 0.000000 0 0 1 0 0 0 0 0
EGO_STATUS -3.405540 57.971813 5.500000 1.222845 6.008018 2.000000 0.980000
DYNAMIC_OBS_INFO 0 -5.750000 51.053211 1.570796 95.680885 -5.750000 154.188592 22.283686 1.284290
DYNAMIC_OBS_INFO 1 -1.750000 31.788721 1.570796 22.340099 -1.750000 80.834660 18.132979 2.636389
STATIC_OBS_INFO 0 -6.300000 60.033999 3.440233 
STATIC_OBS_INFO 1 -6.300000 64.723544 6.915459 
Parent: 613.052253 20.109224 203.000000 30.962003 3690.050000 285.702407 -10.000000 3.745593 35.000000 0.000000 0 0 1 0 0 0 0 0
Child: 285.702407 9.635870 98.000000 32.491705 2974.900000 0.000000 -10.000000 0.000000 0.000000 0.000000 0 0 1 0 0 0 0 0
EGO_STATUS -3.200290 58.541686 5.600000 1.228316 6.106018 2.000000 0.980000
DYNAMIC_OBS_INFO 0 -5.750000 51.053211 1.570796 97.339773 -5.750000 156.423382 22.412115 1.284290
DYNAMIC_OBS_INFO 1 -1.750000 31.788721 1.570796 23.571576 -1.750000 82.661140 18.396617 2.636389
STATIC_OBS_INFO 0 -6.300000 60.033999 3.426735 
STATIC_OBS_INFO 1 -6.300000 64.723544 6.502526 
Parent: 554.621050 20.109224 203.000000 30.961997 3690.050000 226.371207 -10.000000 3.645590 34.000000 0.000000 0 0 1 0 0 0 0 0
Child: 226.371207 9.020344 92.000000 32.489590 2378.300000 0.000000 -10.000000 0.000000 0.000000 0.000000 0 0 1 0 0 0 0 0
EGO_STATUS -2.996702 59.122556 5.700000 1.239991 6.204018 2.000000 0.980000
DYNAMIC_OBS_INFO 0 -5.750000 51.053211 1.570796 98.999352 -5.750000 158.671015 22.540544 1.284290
DYNAMIC_OBS_INFO 1 -1.750000 31.788721 1.570796 24.820477 -1.750000 84.513983 18.660256 2.636389
STATIC_OBS_INFO 0 -6.300000 60.033999 3.515830 
STATIC_OBS_INFO 1 -6.300000 64.723544 6.110529 
Parent: 485.145215 20.109224 203.000000 30.961989 3690.050000 156.995376 -10.000000 3.545587 34.000000 0.000000 0 0 1 0 0 0 0 0
Child: 156.995376 8.395008 85.000000 32.489070 1658.350000 0.000000 -10.000000 0.000000 0.000000 0.000000 0 0 1 0 0 0 0 0
EGO_STATUS -2.798611 59.715666 5.800000 1.257760 6.302018 2.000000 0.980000
DYNAMIC_OBS_INFO 0 -5.750000 51.053211 1.570796 100.658377 -5.750000 160.931491 22.668973 1.284290
DYNAMIC_OBS_INFO 1 -1.750000 31.788721 1.570796 26.085265 -1.750000 86.393191 18.923895 2.636389
STATIC_OBS_INFO 0 -6.300000 60.033999 3.701305 
STATIC_OBS_INFO 1 -6.300000 64.723544 5.743633 
Parent: 474.967872 20.109224 203.000000 30.961979 3690.050000 145.918039 -10.000000 3.445582 33.000000 0.000000 0 0 1 0 0 0 0 0
Child: 145.918039 7.759866 79.000000 32.487302 1554.850000 0.000000 -10.000000 0.000000 0.000000 0.000000 0 0 1 0 0 0 0 0
EGO_STATUS -2.609925 60.322104 5.900000 1.281236 6.400018 2.000000 0.980000
DYNAMIC_OBS_INFO 0 -5.750000 51.053211 1.570796 102.315864 -5.750000 163.204810 22.797402 1.284290
DYNAMIC_OBS_INFO 1 -1.750000 31.788721 1.570796 27.364643 -1.750000 88.298762 19.187534 2.636389
STATIC_OBS_INFO 0 -6.300000 60.033999 3.970912 
STATIC_OBS_INFO 1 -6.300000 64.723544 5.407159 
Parent: 463.161918 20.109224 203.000000 30.961969 3690.050000 134.212089 -10.000000 3.345578 33.000000 0.000000 0 0 1 0 0 0 0 0
Child: 134.212089 7.114924 73.000000 32.483935 1447.150000 0.000000 -10.000000 0.000000 0.000000 0.000000 0 0 1 0 0 0 0 0
EGO_STATUS -2.434455 60.942680 6.000000 1.309744 6.498018 2.000000 0.980000
DYNAMIC_OBS_INFO 0 -5.750000 51.053211 1.570796 103.971196 -5.750000 165.490971 22.925831 1.284290
DYNAMIC_OBS_INFO 1 -1.750000 31.788721 1.570796 28.657679 -1.750000 90.230698 19.451173 2.636389
STATIC_OBS_INFO 0 -6.300000 60.033999 4.310266 
STATIC_OBS_INFO 1 -6.300000 64.723544 5.107876 
Parent: 451.968733 20.109224 203.000000 30.961960 3690.050000 122.118909 -10.000000 3.245574 32.000000 0.000000 0 0 1 0 0 0 0 0
Child: 122.118909 6.460184 66.000000 32.483214 1317.300000 0.000000 -10.000000 0.000000 0.000000 0.000000 0 0 1 0 0 0 0 0
EGO_STATUS -2.275705 61.577841 6.100000 1.342309 6.596018 2.000000 0.980000
DYNAMIC_OBS_INFO 0 -5.750000 51.053211 1.570796 105.624185 -5.750000 167.789976 23.054260 1.284290
DYNAMIC_OBS_INFO 1 -1.750000 31.788721 1.570796 29.963876 -1.750000 92.188997 19.714812 2.636389
STATIC_OBS_INFO 0 -6.300000 60.033999 4.705903 
STATIC_OBS_INFO 1 -6.300000 64.723544 4.854197 
Parent: 440.231705 20.109224 203.000000 30.961952 3690.050000 109.481885 -10.000000 3.145571 31.000000 0.000000 0 0 1 0 0 0 0 0
Child: 109.481885 5.795650 59.000000 32.481334 1183.850000 0.000000 -10.000000 0.000000 0.000000 0.000000 0 0 1 0 0 0 0 0
EGO_STATUS -2.136640 62.227615 6.200000 1.377674 6.694018 2.000000 0.980000
DYNAMIC_OBS_INFO 0 -5.750000 51.053211 1.570796 107.275077 -5.750000 170.101823 23.182689 1.284290
DYNAMIC_OBS_INFO 1 -1.750000 31.788721 1.570796 31.283188 -1.750000 94.173660 19.978451 2.636389
STATIC_OBS_INFO 0 -6.300000 60.033999 5.146778 
STATIC_OBS_INFO 1 -6.300000 64.723544 4.656088 
Parent: 390.775132 25.210374 254.000000 33.964301 4285.600000 0.000000 -10.000000 3.043505 31.000000 0.000000 0 0 1 0 0 0 0 0
EGO_STATUS -2.019433 62.891632 6.300000 1.414330 6.792018 2.000000 0.980000
DYNAMIC_OBS_INFO 0 -5.750000 51.053211 1.570796 108.924494 -5.750000 172.426514 23.311118 1.284290
DYNAMIC_OBS_INFO 1 -1.750000 31.788721 1.570796 32.615966 -1.750000 96.184687 20.242090 2.636389
STATIC_OBS_INFO 0 -6.300000 60.033999 5.624603 
STATIC_OBS_INFO 1 -6.300000 64.723544 4.524500 
Parent: 378.252852 24.526255 247.000000 33.964123 4148.550000 0.000000 -10.000000 2.943503 30.000000 0.000000 0 0 1 0 0 0 0 0
EGO_STATUS -1.925235 63.569191 6.400000 1.450594 6.890018 2.000000 0.980000
DYNAMIC_OBS_INFO 0 -5.750000 51.053211 1.570796 110.573301 -5.750000 174.764047 23.439547 1.284290
DYNAMIC_OBS_INFO 1 -1.750000 31.788721 1.570796 33.962835 -1.750000 98.222078 20.505729 2.636389
STATIC_OBS_INFO 0 -6.300000 60.033999 6.133553 
STATIC_OBS_INFO 1 -6.300000 64.723544 4.470108 
Parent: 328.942615 30.290952 304.000000 31.449440 3030.900000 68.968510 -10.000000 3.837659 39.000000 0.000000 0 0 1 0 0 0 0 0
Child: 68.968510 3.743216 39.000000 31.510941 791.250000 0.000000 -10.000000 0.000000 0.000000 0.000000 0 0 1 0 0 0 0 0
EGO_STATUS -1.854054 64.259403 6.500000 1.484924 6.988018 2.000000 0.980000
DYNAMIC_OBS_INFO 0 -5.750000 51.053211 1.570796 112.222434 -5.750000 177.114423 23.567976 1.284290
DYNAMIC_OBS_INFO 1 -1.750000 31.788721 1.570796 35.324519 -1.750000 100.285833 20.769367 2.636389
STATIC_OBS_INFO 0 -6.300000 60.033999 6.669724 
STATIC_OBS_INFO 1 -6.300000 64.723544 4.501435 
Parent: 314.553620 30.290952 304.000000 31.449440 3030.900000 54.679515 -10.000000 3.737659 39.000000 0.000000 0 0 1 0 0 0 0 0
Child: 54.679515 3.039512 32.000000 30.046298 650.900000 0.000000 -10.000000 0.000000 0.000000 0.000000 0 0 1 0 0 0 0 0
EGO_STATUS -1.804851 64.961356 6.600000 1.515876 7.086018 2.000000 0.980000
DYNAMIC_OBS_INFO 0 -5.750000 51.053211 1.570796 113.872822 -5.750000 179.477642 23.696405 1.284290
DYNAMIC_OBS_INFO 1 -1.750000 31.788721 1.570796 36.701738 -1.750000 102.375952 21.033006 2.636389
STATIC_OBS_INFO 0 -6.300000 60.033999 7.231077 
STATIC_OBS_INFO 1 -6.300000 64.723544 4.623867 
Parent: 300.640752 30.290952 304.000000 31.449437 3030.900000 39.866648 -10.000000 3.637658 38.000000 0.000000 0 0 1 0 0 0 0 0
Child: 39.866648 2.326000 25.000000 27.219999 508.750000 0.000000 -10.000000 0.000000 0.000000 0.000000 0 0 1 0 0 0 0 0
EGO_STATUS -1.774919 65.674222 6.700000 1.540317 7.184018 2.000000 0.980000
DYNAMIC_OBS_INFO 0 -5.750000 51.053211 1.570796 115.525300 -5.750000 181.853704 23.824834 1.284290
DYNAMIC_OBS_INFO 1 -1.750000 31.788721 1.570796 38.095076 -1.750000 104.492434 21.296645 2.636389
STATIC_OBS_INFO 0 -6.300000 60.033999 7.817436 
STATIC_OBS_INFO 1 -6.300000 64.723544 4.839588 
Parent: 286.450060 30.290952 304.000000 31.449434 3030.900000 24.775958 -10.000000 3.537656 37.000000 0.000000 0 0 1 0 0 0 0 0
Child: 24.775958 1.602682 18.000000 24.274824 366.300000 0.000000 -10.000000 0.000000 0.000000 0.000000 0 0 1 0 0 0 0 0
EGO_STATUS -1.759080 66.397359 6.800000 1.556010 7.282018 2.000000 0.980000
DYNAMIC_OBS_INFO 0 -5.750000 51.053211 1.570796 117.180392 -5.750000 184.242609 23.953263 1.284290
DYNAMIC_OBS_INFO 1 -1.750000 31.788721 1.570796 39.504838 -1.750000 106.635281 21.560284 2.636389
STATIC_OBS_INFO 0 -6.300000 60.033999 8.428814 
STATIC_OBS_INFO 1 -6.300000 64.723544 5.145731 
Parent: 272.242631 30.290952 304.000000 31.449430 3030.900000 9.668531 -10.000000 3.437654 36.000000 0.000000 0 0 1 0 0 0 0 0
Child: 9.668531 0.869560 10.000000 22.689372 203.500000 0.000000 -10.000000 0.000000 0.000000 0.000000 0 0 1 0 0 0 0 0
EGO_STATUS -1.751882 67.130443 6.900000 1.565170 7.380018 2.000000 0.980000
DYNAMIC_OBS_INFO 0 -5.750000 51.053211 1.570796 118.838331 -5.750000 186.644357 24.081692 1.284290
DYNAMIC_OBS_INFO 1 -1.750000 31.788721 1.570796 40.931128 -1.750000 108.804491 21.823923 2.636389
STATIC_OBS_INFO 0 -6.300000 60.033999 9.064109 
STATIC_OBS_INFO 1 -6.300000 64.723544 5.533877 
Parent: 256.774543 30.290952 304.000000 31.449425 3030.900000 -5.699555 -10.000000 3.337652 36.000000 0.000000 0 0 1 0 0 0 0 0
Child: -5.699555 0.126637 3.000000 40.826410 61.050000 0.000000 -10.000000 0.000000 0.000000 0.000000 0 0 1 0 1 0 0 0
EGO_STATUS -1.750007 67.873363 7.000000 1.570569 7.478018 2.000000 0.980000
DYNAMIC_OBS_INFO 0 -5.750000 51.053211 1.570796 120.499265 -5.750000 189.058947 24.210121 1.284290
DYNAMIC_OBS_INFO 1 -1.750000 31.788721 1.570796 42.373984 -1.750000 111.000065 22.087562 2.636389
STATIC_OBS_INFO 0 -6.300000 60.033999 9.722323 
STATIC_OBS_INFO 1 -6.300000 64.723544 5.994121 
Parent: 250.659878 29.664806 298.000000 31.449115 2906.100000 0.000000 -10.000000 3.237645 35.000000 0.000000 0 0 1 0 0 0 0 0
EGO_STATUS -1.750309 68.626081 7.100000 1.572230 7.576018 2.000000 0.980000
DYNAMIC_OBS_INFO 0 -5.750000 51.053211 1.570796 122.163184 -5.750000 191.486381 24.338550 1.284290
DYNAMIC_OBS_INFO 1 -1.750000 31.788721 1.570796 43.833407 -1.750000 113.222003 22.351201 2.636389
STATIC_OBS_INFO 0 -6.300000 60.033999 10.401057 
STATIC_OBS_INFO 1 -6.300000 64.723544 6.514309 
Parent: 235.159356 28.902287 291.000000 31.449046 2747.650000 0.000000 -10.000000 3.137643 34.000000 0.000000 0 0 1 0 0 0 0 0
EGO_STATUS -1.753187 69.388596 7.200000 1.577474 7.674018 2.000000 0.980000
DYNAMIC_OBS_INFO 0 -5.750000 51.053211 1.570796 123.830041 -5.750000 193.926657 24.466979 1.284290
DYNAMIC_OBS_INFO 1 -1.750000 31.788721 1.570796 45.309440 -1.750000 115.470305 22.614840 2.636389
STATIC_OBS_INFO 0 -6.300000 60.033999 11.097363 
STATIC_OBS_INFO 1 -6.300000 64.723544 7.082549 
Parent: 221.298407 28.129971 283.000000 31.449290 2596.950000 0.000000 -10.000000 3.037642 33.000000 0.000000 0 0 1 0 0 0 0 0
EGO_STATUS -1.761495 70.160867 7.300000 1.586102 7.772018 2.000000 0.980000
DYNAMIC_OBS_INFO 0 -5.750000 51.053211 1.570796 125.499848 -5.750000 196.379777 24.595408 1.284290
DYNAMIC_OBS_INFO 1 -1.750000 31.788721 1.570796 46.802174 -1.750000 117.744971 22.878479 2.636389
STATIC_OBS_INFO 0 -6.300000 60.033999 11.808987 
STATIC_OBS_INFO 1 -6.300000 64.723544 7.689560 
Parent: 205.342351 27.347860 275.000000 31.449260 2436.250000 0.000000 -10.000000 2.937641 33.000000 0.000000 0 0 1 0 0 0 0 0
EGO_STATUS -1.777819 70.942805 7.400000 1.597618 7.870018 2.000000 0.980000
DYNAMIC_OBS_INFO 0 -5.750000 51.053211 1.570796 127.172701 -5.750000 198.845739 24.723837 1.284290
DYNAMIC_OBS_INFO 1 -1.750000 31.788721 1.570796 48.311773 -1.750000 120.046001 23.142118 2.636389
STATIC_OBS_INFO 0 -6.300000 60.033999 12.534200 
STATIC_OBS_INFO 1 -6.300000 64.723544 8.328278 
Parent: 190.263124 26.555957 267.000000 31.449216 2275.250000 0.000000 -10.000000 2.837641 32.000000 0.000000 0 0 1 0 0 0 0 0
EGO_STATUS -1.804437 71.734259 7.500000 1.611519 7.968018 2.000000 0.980000
DYNAMIC_OBS_INFO 0 -5.750000 51.053211 1.570796 128.848772 -5.750000 201.324544 24.852266 1.284290
DYNAMIC_OBS_INFO 1 -1.750000 31.788721 1.570796 49.838471 -1.750000 122.373395 23.405756 2.636389
STATIC_OBS_INFO 0 -6.300000 60.033999 13.271679 
STATIC_OBS_INFO 1 -6.300000 64.723544 8.993396 
Parent: 175.159819 25.754258 259.000000 31.449269 2114.850000 0.000000 -10.000000 2.737641 31.000000 0.000000 0 0 1 0 0 0 0 0
EGO_STATUS -1.843301 72.535011 7.600000 1.627296 8.066018 2.000000 0.980000
DYNAMIC_OBS_INFO 0 -5.750000 51.053211 1.570796 130.528305 -5.750000 203.816192 24.980695 1.284290
DYNAMIC_OBS_INFO 1 -1.750000 31.788721 1.570796 51.382564 -1.750000 124.727152 23.669395 2.636389
STATIC_OBS_INFO 0 -6.300000 60.033999 14.020426 
STATIC_OBS_INFO 1 -6.300000 64.723544 9.680961 
Parent: 159.774741 24.942750 251.000000 31.449367 1952.350000 0.000000 -10.000000 2.637641 30.000000 0.000000 0 0 1 0 0 0 0 0
EGO_STATUS -1.896021 73.344795 7.700000 1.644442 8.164018 2.000000 0.980000
DYNAMIC_OBS_INFO 0 -5.750000 51.053211 1.570796 132.211612 -5.750000 206.320683 25.109124 1.284290
DYNAMIC_OBS_INFO 1 -1.750000 31.788721 1.570796 52.944411 -1.750000 127.107274 23.933034 2.636389
STATIC_OBS_INFO 0 -6.300000 60.033999 14.779699 
STATIC_OBS_INFO 1 -6.300000 64.723544 10.388041 
Parent: 128.951937 10.000000 102.000000 20.000000 15.300000 171.059611 -10.000000 3.431541 39.000000 0.000000 0 0 1 0 0 0 0 0
Child: 171.059611 24.121437 243.000000 31.449349 1792.550000 0.000000 -10.000000 0.000000 0.000000 0.000000 0 0 1 0 0 0 0 0
EGO_STATUS -1.963814 74.163295 7.800000 1.662446 8.262018 2.000000 0.980000
DYNAMIC_OBS_INFO 0 -5.750000 51.053211 1.570796 133.899041 -5.750000 208.838017 25.237553 1.284290
DYNAMIC_OBS_INFO 1 -1.750000 31.788721 1.570796 54.524396 -1.750000 129.513759 24.196673 2.636389
STATIC_OBS_INFO 0 -6.300000 60.033999 15.548985 
STATIC_OBS_INFO 1 -6.300000 64.723544 11.112491 
Parent: 112.362214 10.000000 102.000000 20.000000 15.300000 154.569890 -10.000000 3.331540 39.000000 0.000000 0 0 1 0 0 0 0 0
Child: 154.569890 23.290320 234.000000 31.448914 1622.000000 0.000000 -10.000000 0.000000 0.000000 0.000000 0 0 1 0 0 0 0 0
EGO_STATUS -2.047503 74.990175 7.900000 1.680805 8.360018 2.000000 0.980000
DYNAMIC_OBS_INFO 0 -5.750000 51.053211 1.570796 135.590945 -5.750000 211.368194 25.365982 1.284290
DYNAMIC_OBS_INFO 1 -1.750000 31.788721 1.570796 56.122902 -1.750000 131.946608 24.460312 2.636389
STATIC_OBS_INFO 0 -6.300000 60.033999 16.327969 
STATIC_OBS_INFO 1 -6.300000 64.723544 11.852768 
Parent: 97.240731 10.000000 102.000000 20.000000 15.300000 138.548409 -10.000000 3.231538 38.000000 0.000000 0 0 1 0 0 0 0 0
Child: 138.548409 22.449401 226.000000 31.449289 1464.000000 0.000000 -10.000000 0.000000 0.000000 0.000000 0 0 1 0 0 0 0 0
EGO_STATUS -2.147502 75.825114 8.000000 1.699029 8.458018 2.000000 0.980000
DYNAMIC_OBS_INFO 0 -5.750000 51.053211 1.570796 137.287651 -5.750000 213.911213 25.494411 1.284290
DYNAMIC_OBS_INFO 1 -1.750000 31.788721 1.570796 57.740275 -1.750000 134.405822 24.723951 2.636389
STATIC_OBS_INFO 0 -6.300000 60.033999 17.116518 
STATIC_OBS_INFO 1 -6.300000 64.723544 12.607808 
Parent: 81.821935 10.000000 102.000000 20.000000 15.300000 122.229614 -10.000000 3.131537 37.000000 0.000000 0 0 1 0 0 0 0 0
Child: 122.229614 21.598681 217.000000 31.449001 1297.050000 0.000000 -10.000000 0.000000 0.000000 0.000000 0 0 1 0 0 0 0 0
EGO_STATUS -2.263816 76.667832 8.100000 1.716641 8.556018 2.000000 0.980000
DYNAMIC_OBS_INFO 0 -5.750000 51.053211 1.570796 138.989428 -5.750000 216.467076 25.622840 1.284290
DYNAMIC_OBS_INFO 1 -1.750000 31.788721 1.570796 59.376792 -1.750000 136.891399 24.987590 2.636389
STATIC_OBS_INFO 0 -6.300000 60.033999 17.914671 
STATIC_OBS_INFO 1 -6.300000 64.723544 13.376925 
Parent: 66.963319 10.000000 102.000000 20.000000 15.300000 106.470999 -10.000000 3.031535 36.000000 0.000000 0 0 1 0 0 0 0 0
Child: 106.470999 20.738163 209.000000 31.449212 1142.350000 0.000000 -10.000000 0.000000 0.000000 0.000000 0 0 1 0 0 0 0 0
EGO_STATUS -2.396036 77.518121 8.200000 1.733186 8.654018 2.000000 0.980000
DYNAMIC_OBS_INFO 0 -5.750000 51.053211 1.570796 140.696459 -5.750000 219.035781 25.751269 1.284290
DYNAMIC_OBS_INFO 1 -1.750000 31.788721 1.570796 61.032627 -1.750000 139.403340 25.251229 2.636389
STATIC_OBS_INFO 0 -6.300000 60.033999 18.722623 
STATIC_OBS_INFO 1 -6.300000 64.723544 14.159745 
Parent: 51.948340 10.000000 102.000000 20.000000 15.300000 90.556022 -10.000000 2.931534 35.000000 0.000000 0 0 1 0 0 0 0 0
Child: 90.556022 19.867846 200.000000 31.448827 980.800000 0.000000 -10.000000 0.000000 0.000000 0.000000 0 0 1 0 0 0 0 0
EGO_STATUS -2.543351 78.375869 8.300000 1.748232 8.752018 2.000000 0.980000
DYNAMIC_OBS_INFO 0 -5.750000 51.053211 1.570796 142.408813 -5.750000 221.617330 25.879698 1.284290
DYNAMIC_OBS_INFO 1 -1.750000 31.788721 1.570796 62.707826 -1.750000 141.941644 25.514868 2.636389
STATIC_OBS_INFO 0 -6.300000 60.033999 19.540710 
STATIC_OBS_INFO 1 -6.300000 64.723544 14.956142 
Parent: 37.190209 10.000000 102.000000 20.000000 15.300000 74.897892 -10.000000 2.831533 34.000000 0.000000 0 0 1 0 0 0 0 0
Child: 74.897892 18.987734 191.000000 31.448542 822.550000 0.000000 -10.000000 0.000000 0.000000 0.000000 0 0 1 0 0 0 0 0
EGO_STATUS -2.704558 79.241084 8.400000 1.761380 8.850018 2.000000 0.980000
DYNAMIC_OBS_INFO 0 -5.750000 51.053211 1.570796 144.126431 -5.750000 224.211721 26.008127 1.284290
DYNAMIC_OBS_INFO 1 -1.750000 31.788721 1.570796 64.402287 -1.750000 144.506313 25.778506 2.636389
STATIC_OBS_INFO 0 -6.300000 60.033999 20.369395 
STATIC_OBS_INFO 1 -6.300000 64.723544 15.766192 
Parent: 22.794238 10.000000 102.000000 20.000000 15.300000 59.601921 -10.000000 2.731533 33.000000 0.000000 0 0 1 0 0 0 0 0
Child: 59.601921 18.097827 182.000000 31.448663 668.500000 0.000000 -10.000000 0.000000 0.000000 0.000000 0 0 1 0 0 0 0 0
EGO_STATUS -2.878077 80.113906 8.500000 1.772268 8.948018 2.000000 0.980000
DYNAMIC_OBS_INFO 0 -5.750000 51.053211 1.570796 145.849118 -5.750000 226.818955 26.136556 1.284290
DYNAMIC_OBS_INFO 1 -1.750000 31.788721 1.570796 66.115755 -1.750000 147.097346 26.042145 2.636389
STATIC_OBS_INFO 0 -6.300000 60.033999 21.209242 
STATIC_OBS_INFO 1 -6.300000 64.723544 16.590128 
Parent: 7.688777 10.000000 102.000000 20.000000 15.300000 44.596460 -10.000000 2.631533 33.000000 0.000000 0 0 1 0 0 0 0 0
Child: 44.596460 17.198126 173.000000 31.448660 517.750000 0.000000 -10.000000 0.000000 0.000000 0.000000 0 0 1 0 0 0 0 0
EGO_STATUS -3.061982 80.994609 8.600000 1.780575 9.046018 2.000000 0.980000
DYNAMIC_OBS_INFO 0 -5.750000 51.053211 1.570796 147.576533 -5.750000 229.439032 26.264985 1.284290
DYNAMIC_OBS_INFO 1 -1.750000 31.788721 1.570796 67.847806 -1.750000 149.714742 26.305784 2.636389
STATIC_OBS_INFO 0 -6.300000 60.033999 22.060901 
STATIC_OBS_INFO 1 -6.300000 64.723544 17.428303 
Parent: -5.926921 10.000000 102.000000 20.000000 15.300000 30.080763 -10.000000 2.531532 32.000000 0.000000 0 0 1 0 0 0 0 0
Child: 30.080763 16.288619 164.000000 31.448347 372.100000 0.000000 -10.000000 0.000000 0.000000 0.000000 0 0 1 0 0 0 0 0
EGO_STATUS -3.254028 81.883608 8.700000 1.786025 9.144018 2.000000 0.980000
DYNAMIC_OBS_INFO 0 -5.750000 51.053211 1.570796 149.308221 -5.750000 232.071952 26.393414 1.284290
DYNAMIC_OBS_INFO 1 -1.750000 31.788721 1.570796 69.597887 -1.750000 152.358502 26.569423 2.636389
STATIC_OBS_INFO 0 -6.300000 60.033999 22.925056 
STATIC_OBS_INFO 1 -6.300000 64.723544 18.281136 
Parent: -17.165477 10.000000 102.000000 20.000000 15.300000 17.942208 -10.000000 2.431531 31.000000 0.000000 0 0 1 0 0 0 0 0
Child: 17.942208 15.369307 155.000000 31.448147 250.350000 0.000000 -10.000000 0.000000 0.000000 0.000000 0 0 1 0 0 0 0 0
EGO_STATUS -3.451672 82.781422 8.800000 1.788403 9.242018 2.000000 0.980000
DYNAMIC_OBS_INFO 0 -5.750000 51.053211 1.570796 151.043630 -5.750000 234.717715 26.521843 1.284290
DYNAMIC_OBS_INFO 1 -1.750000 31.788721 1.570796 71.365325 -1.750000 155.028627 26.833062 2.636389
STATIC_OBS_INFO 0 -6.300000 60.033999 23.802395 
STATIC_OBS_INFO 1 -6.300000 64.723544 19.149065 
Parent: -20.861262 10.000000 102.000000 20.000000 15.300000 13.346424 -10.000000 2.331530 30.000000 0.000000 0 0 1 0 0 0 0 0
Child: 13.346424 14.440191 146.000000 31.447970 204.600000 0.000000 -10.000000 0.000000 0.000000 0.000000 0 0 1 0 0 0 0 0
EGO_STATUS -3.652120 83.688655 8.900000 1.787554 9.340018 2.000000 0.980000
DYNAMIC_OBS_INFO 0 -5.750000 51.053211 1.570796 152.782143 -5.750000 237.376321 26.650272 1.284290
DYNAMIC_OBS_INFO 1 -1.750000 31.788721 1.570796 73.149370 -1.750000 157.725115 27.096701 2.636389
STATIC_OBS_INFO 0 -6.300000 60.033999 24.693567 
STATIC_OBS_INFO 1 -6.300000 64.723544 20.032509 
Parent: -39.769674 10.000000 101.000000 20.000000 15.150000 2.687493 -10.000000 3.062635 39.000000 0.000000 0 0 1 0 0 0 0 0
Child: 2.687493 10.000000 102.000000 20.000000 15.300000 9.226709 -10.000000 0.000000 0.000000 0.000000 0 0 1 0 0 0 0 0
Child: 9.226709 13.501274 137.000000 31.447078 163.650000 0.000000 -10.000000 0.000000 0.000000 0.000000 0 0 1 0 0 0 0 0
EGO_STATUS -3.852383 84.605963 9.000000 1.783397 9.438018 2.000000 0.980000
DYNAMIC_OBS_INFO 0 -5.750000 51.053211 1.570796 154.523121 -5.750000 240.047770 26.778701 1.284290
DYNAMIC_OBS_INFO 1 -1.750000 31.788721 1.570796 74.949238 -1.750000 160.447967 27.360340 2.636389
STATIC_OBS_INFO 0 -6.300000 60.033999 25.599140 
STATIC_OBS_INFO 1 -6.300000 64.723544 20.931816 
Parent: -42.371464 10.000000 101.000000 20.000000 15.150000 -0.814296 -10.000000 2.962634 38.000000 0.000000 0 0 1 0 0 0 0 0
Child: -0.814296 10.000000 102.000000 20.000000 15.300000 5.724920 -10.000000 0.000000 0.000000 0.000000 0 0 1 0 0 0 0 0
Child: 5.724920 12.552556 127.000000 31.446266 127.650000 0.000000 -10.000000 0.000000 0.000000 0.000000 0 0 1 0 0 0 0 0
EGO_STATUS -4.049334 85.534008 9.100000 1.775925 9.536018 2.000000 0.980000
DYNAMIC_OBS_INFO 0 -5.750000 51.053211 1.570796 156.265951 -5.750000 242.732061 26.907130 1.284290
DYNAMIC_OBS_INFO 1 -1.750000 31.788721 1.570796 76.764162 -1.750000 163.197183 27.623979 2.636389
STATIC_OBS_INFO 0 -6.300000 60.033999 26.519557 
STATIC_OBS_INFO 1 -6.300000 64.723544 21.847223 
Parent: -44.463251 10.000000 101.000000 20.000000 15.150000 -3.806081 -10.000000 2.862632 37.000000 0.000000 0 0 1 0 0 0 0 0
Child: -3.806081 10.000000 102.000000 20.000000 15.300000 2.733135 -10.000000 0.000000 0.000000 0.000000 0 0 1 0 0 0 0 0
Child: 2.733135 11.594039 117.000000 31.445061 97.050000 0.000000 -10.000000 0.000000 0.000000 0.000000 0 0 1 0 0 0 0 0
EGO_STATUS -4.239773 86.473409 9.200000 1.765220 9.634018 2.000000 0.980000
DYNAMIC_OBS_INFO 0 -5.750000 51.053211 1.570796 158.010093 -5.750000 245.429196 27.035559 1.284290
DYNAMIC_OBS_INFO 1 -1.750000 31.788721 1.570796 78.593450 -1.750000 165.972763 27.887618 2.636389
STATIC_OBS_INFO 0 -6.300000 60.033999 27.455104 
STATIC_OBS_INFO 1 -6.300000 64.723544 22.778823 
Parent: -46.207426 10.000000 101.000000 20.000000 15.150000 -6.450255 -10.000000 2.762631 36.000000 0.000000 0 0 1 0 0 0 0 0
Child: -6.450255 10.000000 102.000000 20.000000 15.300000 0.088961 -10.000000 0.000000 0.000000 0.000000 0 0 1 0 0 0 0 0
Child: 0.088961 10.625724 108.000000 31.444333 71.100000 0.000000 -10.000000 0.000000 0.000000 0.000000 0 0 1 0 0 0 0 0
EGO_STATUS -4.420515 87.424696 9.300000 1.751460 9.732018 2.000000 0.980000
DYNAMIC_OBS_INFO 0 -5.750000 51.053211 1.570796 159.755131 -5.750000 248.139173 27.163988 1.284290
DYNAMIC_OBS_INFO 1 -1.750000 31.788721 1.570796 80.436540 -1.750000 168.774706 28.151256 2.636389
STATIC_OBS_INFO 0 -6.300000 60.033999 28.405874 
STATIC_OBS_INFO 1 -6.300000 64.723544 23.726532 
Parent: -47.280246 10.000000 101.000000 20.000000 15.150000 -8.423074 -10.000000 2.662631 35.000000 0.000000 0 0 1 0 0 0 0 0
Child: -8.423074 10.000000 102.000000 20.000000 15.300000 -1.883858 -10.000000 0.000000 0.000000 0.000000 0 0 1 0 0 0 0 0
Child: -1.883858 9.647612 98.000000 31.443394 51.000000 0.000000 -10.000000 0.000000 0.000000 0.000000 0 0 1 0 0 0 0 0
EGO_STATUS -4.588480 88.388265 9.400000 1.734924 9.830018 2.000000 0.980000
DYNAMIC_OBS_INFO 0 -5.750000 51.053211 1.570796 161.500806 -5.750000 250.861993 27.292418 1.284290
DYNAMIC_OBS_INFO 1 -1.750000 31.788721 1.570796 82.293039 -1.750000 171.603014 28.414895 2.636389
STATIC_OBS_INFO 0 -6.300000 60.033999 29.371756 
STATIC_OBS_INFO 1 -6.300000 64.723544 24.690078 
Parent: -47.948200 10.000000 101.000000 20.000000 15.150000 -9.991028 -10.000000 2.562630 34.000000 0.000000 0 0 1 0 0 0 0 0
Child: -9.991028 10.000000 102.000000 20.000000 15.300000 -3.451813 -10.000000 0.000000 0.000000 0.000000 0 0 1 0 0 0 0 0
Child: -3.451813 8.659704 88.000000 31.442743 35.100000 0.000000 -10.000000 0.000000 0.000000 0.000000 0 0 1 0 0 0 0 0
EGO_STATUS -4.740814 89.364341 9.500000 1.716004 9.928018 2.000000 0.980000
DYNAMIC_OBS_INFO 0 -5.750000 51.053211 1.570796 163.247043 -5.750000 253.597657 27.420847 1.284290
DYNAMIC_OBS_INFO 1 -1.750000 31.788721 1.570796 84.162764 -1.750000 174.457685 28.678534 2.636389
STATIC_OBS_INFO 0 -6.300000 60.033999 30.352427 
STATIC_OBS_INFO 1 -6.300000 64.723544 25.668998 
Parent: -48.238622 10.000000 101.000000 20.000000 15.150000 -11.181450 -10.000000 2.462630 33.000000 0.000000 0 0 1 0 0 0 0 0
Child: -11.181450 10.000000 102.000000 20.000000 15.300000 -4.642235 -10.000000 0.000000 0.000000 0.000000 0 0 1 0 0 0 0 0
Child: -4.642235 7.662002 78.000000 31.442625 23.100000 0.000000 -10.000000 0.000000 0.000000 0.000000 0 0 1 0 0 0 0 0
EGO_STATUS -4.875019 90.352958 9.600000 1.695217 10.026018 2.000000 0.980000
DYNAMIC_OBS_INFO 0 -5.750000 51.053211 1.570796 164.993953 -5.750000 256.346163 27.549276 1.284290
DYNAMIC_OBS_INFO 1 -1.750000 31.788721 1.570796 86.045744 -1.750000 177.338721 28.942173 2.636389
STATIC_OBS_INFO 0 -6.300000 60.033999 31.347388 
STATIC_OBS_INFO 1 -6.300000 64.723544 26.662667 
Parent: -48.180867 10.000000 101.000000 20.000000 15.150000 -12.023695 -10.000000 2.362630 32.000000 0.000000 0 0 1 0 0 0 0 0
Child: -12.023695 10.000000 102.000000 20.000000 15.300000 -5.484479 -10.000000 0.000000 0.000000 0.000000 0 0 1 0 0 0 0 0
Child: -5.484479 6.654497 68.000000 31.442545 14.700000 0.000000 -10.000000 0.000000 0.000000 0.000000 0 0 1 0 0 0 0 0
EGO_STATUS -4.989085 91.353964 9.700000 1.673211 10.124018 2.000000 0.980000
DYNAMIC_OBS_INFO 0 -5.750000 51.053211 1.570796 166.741824 -5.750000 259.107512 27.677705 1.284290
DYNAMIC_OBS_INFO 1 -1.750000 31.788721 1.570796 87.942227 -1.750000 180.246120 29.205812 2.636389
STATIC_OBS_INFO 0 -6.300000 60.033999 32.355972 
STATIC_OBS_INFO 1 -6.300000 64.723544 27.670316 
Parent: -47.809413 10.000000 101.000000 20.000000 15.150000 -12.552240 -10.000000 2.262629 31.000000 0.000000 0 0 1 0 0 0 0 0
Child: -12.552240 10.000000 102.000000 20.000000 15.300000 -6.013024 -10.000000 0.000000 0.000000 0.000000 0 0 1 0 0 0 0 0
Child: -6.013024 5.637188 58.000000 31.421263 9.600000 0.000000 -10.000000 0.000000 0.000000 0.000000 0 0 1 0 0 0 0 0
EGO_STATUS -5.081695 92.367027 9.800000 1.650776 10.222018 2.000000 0.980000
DYNAMIC_OBS_INFO 0 -5.750000 51.053211 1.570796 168.491084 -5.750000 261.881704 27.806134 1.284290
DYNAMIC_OBS_INFO 1 -1.750000 31.788721 1.570796 89.852645 -1.750000 183.179883 29.469451 2.636389
STATIC_OBS_INFO 0 -6.300000 60.033999 33.377415 
STATIC_OBS_INFO 1 -6.300000 64.723544 28.691096 
Parent: -47.228421 10.000000 101.000000 20.000000 15.150000 -12.871247 -10.000000 2.162629 30.000000 0.000000 0 0 1 0 0 0 0 0
Child: -12.871247 10.000000 102.000000 20.000000 15.300000 -6.332031 -10.000000 0.000000 0.000000 0.000000 0 0 1 0 0 0 0 0
Child: -6.332031 4.610077 48.000000 30.990789 7.200000 0.000000 -10.000000 0.000000 0.000000 0.000000 0 0 1 0 0 0 0 0
EGO_STATUS -5.152404 93.391680 9.900000 1.628861 10.320018 2.000000 0.980000
DYNAMIC_OBS_INFO 0 -5.750000 51.053211 1.570796 170.242227 -5.750000 264.668738 27.934563 1.284290
DYNAMIC_OBS_INFO 1 -1.750000 31.788721 1.570796 91.777553 -1.750000 186.140010 29.733090 2.636389
STATIC_OBS_INFO 0 -6.300000 60.033999 34.410922 
STATIC_OBS_INFO 1 -6.300000 64.723544 29.724143 
Parent: -62.329837 10.000000 102.000000 20.000000 15.300000 -19.633186 -10.000000 2.842564 39.000000 0.000000 0 0 1 0 0 0 0 0
Child: -19.633186 10.000000 101.000000 20.000000 15.150000 -13.113384 -10.000000 0.000000 0.000000 0.000000 0 0 1 0 0 0 0 0
Child: -13.113384 10.000000 102.000000 20.000000 15.300000 -6.574168 -10.000000 0.000000 0.000000 0.000000 0 0 1 0 0 0 0 0
Child: -6.574168 3.573165 37.000000 29.924373 5.550000 0.000000 -10.000000 0.000000 0.000000 0.000000 0 0 1 0 0 0 0 0
EGO_STATUS -5.201846 94.427394 10.000000 1.608580 10.418018 2.000000 0.980000
DYNAMIC_OBS_INFO 0 -5.750000 51.053211 1.570796 171.995736 -5.750000 267.468616 28.062992 1.284290
DYNAMIC_OBS_INFO 1 -1.750000 31.788721 1.570796 93.717547 -1.750000 189.126501 29.996729 2.636389
STATIC_OBS_INFO 0 -6.300000 60.033999 35.455751 
STATIC_OBS_INFO 1 -6.300000 64.723544 30.768659 
Parent: -61.846695 10.000000 102.000000 20.000000 15.300000 -20.050042 -10.000000 2.742563 38.000000 0.000000 0 0 1 0 0 0 0 0
Child: -20.050042 10.000000 101.000000 20.000000 15.150000 -13.530240 -10.000000 0.000000 0.000000 0.000000 0 0 1 0 0 0 0 0
Child: -13.530240 10.000000 102.000000 20.000000 15.300000 -6.991025 -10.000000 0.000000 0.000000 0.000000 0 0 1 0 0 0 0 0
Child: -6.991025 2.526452 27.000000 28.106686 4.050000 0.000000 -10.000000 0.000000 0.000000 0.000000 0 0 1 0 0 0 0 0
EGO_STATUS -5.231959 95.473660 10.100000 1.591225 10.516018 2.000000 0.980000
DYNAMIC_OBS_INFO 0 -5.750000 51.053211 1.570796 173.751998 -5.750000 270.281337 28.191421 1.284290
DYNAMIC_OBS_INFO 1 -1.750000 31.788721 1.570796 95.673191 -1.750000 192.139356 30.260368 2.636389
STATIC_OBS_INFO 0 -6.300000 60.033999 36.511280 
STATIC_OBS_INFO 1 -6.300000 64.723544 31.823976 
Parent: -61.400272 10.000000 102.000000 20.000000 15.300000 -20.503619 -10.000000 2.642562 37.000000 0.000000 0 0 1 0 0 0 0 0
Child: -20.503619 10.000000 101.000000 20.000000 15.150000 -13.983817 -10.000000 0.000000 0.000000 0.000000 0 0 1 0 0 0 0 0
Child: -13.983817 10.000000 102.000000 20.000000 15.300000 -7.444601 -10.000000 0.000000 0.000000 0.000000 0 0 1 0 0 0 0 0
Child: -7.444601 1.469940 16.000000 25.415005 2.400000 0.000000 -10.000000 0.000000 0.000000 0.000000 0 0 1 0 0 0 0 0
EGO_STATUS -5.246224 96.530069 10.200000 1.578281 10.614018 2.000000 0.980000
DYNAMIC_OBS_INFO 0 -5.750000 51.053211 1.570796 175.511241 -5.750000 273.106900 28.319850 1.284290
DYNAMIC_OBS_INFO 1 -1.750000 31.788721 1.570796 97.644948 -1.750000 195.178575 30.524006 2.636389
STATIC_OBS_INFO 0 -6.300000 60.033999 37.577048 
STATIC_OBS_INFO 1 -6.300000 64.723544 32.889595 
Parent: -61.534114 10.000000 102.000000 20.000000 15.300000 -21.537460 -10.000000 2.542561 36.000000 0.000000 0 0 1 0 0 0 0 0
Child: -21.537460 10.000000 101.000000 20.000000 15.150000 -15.017658 -10.000000 0.000000 0.000000 0.000000 0 0 1 0 0 0 0 0
Child: -15.017658 10.000000 102.000000 20.000000 15.300000 -8.478442 -10.000000 0.000000 0.000000 0.000000 0 0 1 0 0 0 0 0
Child: -8.478442 0.403629 6.000000 21.718186 0.900000 0.000000 -10.000000 0.000000 0.000000 0.000000 0 0 1 0 0 0 0 0
EGO_STATUS -5.249918 97.596371 10.300000 1.571420 10.712018 2.000000 0.980000
DYNAMIC_OBS_INFO 0 -5.750000 51.053211 1.570796 177.273530 -5.750000 275.945307 28.448279 1.284290
DYNAMIC_OBS_INFO 1 -1.750000 31.788721 1.570796 99.633170 -1.750000 198.244157 30.787645 2.636389
STATIC_OBS_INFO 0 -6.300000 60.033999 38.652747 
STATIC_OBS_INFO 1 -6.300000 64.723544 33.965171 
Parent: -52.253641 10.000000 102.000000 20.000000 15.300000 -13.156986 -10.000000 2.442561 35.000000 0.000000 0 0 1 0 0 0 0 0
Child: -13.156986 10.000000 101.000000 20.000000 15.150000 -6.637184 -10.000000 0.000000 0.000000 0.000000 0 0 1 0 0 0 0 0
Child: -6.637184 9.327518 95.000000 20.000000 14.250000 0.000000 -10.000000 0.000000 0.000000 0.000000 0 0 1 0 0 0 0 0
EGO_STATUS -5.250000 98.672482 10.400000 1.570796 10.810018 2.000000 0.980000
DYNAMIC_OBS_INFO 0 -5.750000 51.053211 1.570796 179.038866 -5.750000 278.796556 28.576708 1.284290
DYNAMIC_OBS_INFO 1 -1.750000 31.788721 1.570796 101.637996 -1.750000 201.336104 31.051284 2.636389
STATIC_OBS_INFO 0 -6.300000 60.033999 39.738264 
STATIC_OBS_INFO 1 -6.300000 64.723544 35.050575 
Parent: -51.517927 10.000000 102.000000 20.000000 15.300000 -13.321272 -10.000000 2.342560 34.000000 0.000000 0 0 1 0 0 0 0 0
Child: -13.321272 10.000000 101.000000 20.000000 15.150000 -6.801470 -10.000000 0.000000 0.000000 0.000000 0 0 1 0 0 0 0 0
Child: -6.801470 8.241612 84.000000 20.000000 12.600000 0.000000 -10.000000 0.000000 0.000000 0.000000 0 0 1 0 0 0 0 0
EGO_STATUS -5.250000 99.758388 10.500000 1.570796 10.908018 2.000000 0.980000
DYNAMIC_OBS_INFO 0 -5.750000 51.053211 1.570796 180.807248 -5.750000 281.660648 28.705137 1.284290
DYNAMIC_OBS_INFO 1 -1.750000 31.788721 1.570796 103.659427 -1.750000 204.454414 31.314923 2.636389
STATIC_OBS_INFO 0 -6.300000 60.033999 40.833595 
STATIC_OBS_INFO 1 -6.300000 64.723544 36.145802 
Parent: -50.786788 10.000000 102.000000 20.000000 15.300000 -13.490133 -10.000000 2.242560 33.000000 0.000000 0 0 1 0 0 0 0 0
Child: -13.490133 10.000000 101.000000 20.000000 15.150000 -6.970331 -10.000000 0.000000 0.000000 0.000000 0 0 1 0 0 0 0 0
Child: -6.970331 7.145908 73.000000 20.000000 10.950000 0.000000 -10.000000 0.000000 0.000000 0.000000 0 0 1 0 0 0 0 0
EGO_STATUS -5.250000 100.854092 10.600000 1.570796 11.006018 2.000000 0.980000
DYNAMIC_OBS_INFO 0 -5.750000 51.053211 1.570796 182.578672 -5.750000 284.537583 28.833566 1.284290
DYNAMIC_OBS_INFO 1 -1.750000 31.788721 1.570796 105.697457 -1.750000 207.599088 31.578562 2.636389
STATIC_OBS_INFO 0 -6.300000 60.033999 41.938743 
STATIC_OBS_INFO 1 -6.300000 64.723544 37.250853 
Parent: -50.061879 10.000000 102.000000 20.000000 15.300000 -13.665224 -10.000000 2.142560 32.000000 0.000000 0 0 1 0 0 0 0 0
Child: -13.665224 10.000000 101.000000 20.000000 15.150000 -7.145422 -10.000000 0.000000 0.000000 0.000000 0 0 1 0 0 0 0 0
Child: -7.145422 6.040404 62.000000 20.000000 9.300000 0.000000 -10.000000 0.000000 0.000000 0.000000 0 0 1 0 0 0 0 0
EGO_STATUS -5.250000 101.959596 10.700000 1.570796 11.104018 2.000000 0.980000
DYNAMIC_OBS_INFO 0 -5.750000 51.053211 1.570796 184.353137 -5.750000 287.427361 28.961995 1.284290
DYNAMIC_OBS_INFO 1 -1.750000 31.788721 1.570796 107.752082 -1.750000 210.770127 31.842201 2.636389
STATIC_OBS_INFO 0 -6.300000 60.033999 43.053709 
STATIC_OBS_INFO 1 -6.300000 64.723544 38.365730 
Parent: -48.346283 10.000000 102.000000 20.000000 15.300000 -13.849627 -10.000000 2.042560 30.000000 0.000000 0 0 1 0 0 0 0 0
Child: -13.849627 10.000000 101.000000 20.000000 15.150000 -7.329825 -10.000000 0.000000 0.000000 0.000000 0 0 1 0 0 0 0 0
Child: -7.329825 4.925097 51.000000 20.000000 7.650000 0.000000 -10.000000 0.000000 0.000000 0.000000 0 0 1 0 0 0 0 0
EGO_STATUS -5.250000 103.074903 10.800000 1.570796 11.202018 2.000000 0.980000
DYNAMIC_OBS_INFO 0 -5.750000 51.053211 1.570796 186.130642 -5.750000 290.329982 29.090424 1.284290
DYNAMIC_OBS_INFO 1 -1.750000 31.788721 1.570796 109.823302 -1.750000 213.967529 32.105840 2.636389
STATIC_OBS_INFO 0 -6.300000 60.033999 44.178492 
STATIC_OBS_INFO 1 -6.300000 64.723544 39.490429 
Parent: -63.399770 10.000000 102.000000 20.000000 15.300000 -20.540308 -10.000000 2.679753 39.000000 0.000000 0 0 1 0 0 0 0 0
Child: -20.540308 10.000000 102.000000 20.000000 15.300000 -14.001092 -10.000000 0.000000 0.000000 0.000000 0 0 1 0 0 0 0 0
Child: -14.001092 10.000000 101.000000 20.000000 15.150000 -7.481290 -10.000000 0.000000 0.000000 0.000000 0 0 1 0 0 0 0 0
Child: -7.481290 3.799988 39.000000 20.000000 5.850000 0.000000 -10.000000 0.000000 0.000000 0.000000 0 0 1 0 0 0 0 0
EGO_STATUS -5.250000 104.200012 10.900000 1.570796 11.300018 2.000000 0.980000
DYNAMIC_OBS_INFO 0 -5.750000 51.053211 1.570796 187.911189 -5.750000 293.245446 29.218853 1.284290
DYNAMIC_OBS_INFO 1 -1.750000 31.788721 1.570796 111.911117 -1.750000 217.191294 32.369479 2.636389
STATIC_OBS_INFO 0 -6.300000 60.033999 45.313090 
STATIC_OBS_INFO 1 -6.300000 64.723544 40.624950 
Parent: -62.715092 10.000000 102.000000 20.000000 15.300000 -20.755629 -10.000000 2.579753 38.000000 0.000000 0 0 1 0 0 0 0 0
Child: -20.755629 10.000000 102.000000 20.000000 15.300000 -14.216413 -10.000000 0.000000 0.000000 0.000000 0 0 1 0 0 0 0 0
Child: -14.216413 10.000000 101.000000 20.000000 15.150000 -7.696611 -10.000000 0.000000 0.000000 0.000000 0 0 1 0 0 0 0 0
Child: -7.696611 2.665078 28.000000 20.000000 4.200000 0.000000 -10.000000 0.000000 0.000000 0.000000 0 0 1 0 0 0 0 0
EGO_STATUS -5.250000 105.334922 11.000000 1.570796 11.398018 2.000000 0.980000
DYNAMIC_OBS_INFO 0 -5.750000 51.053211 1.570796 189.694779 -5.750000 296.173753 29.347282 1.284290
DYNAMIC_OBS_INFO 1 -1.750000 31.788721 1.570796 114.015525 -1.750000 220.441424 32.633118 2.636389
STATIC_OBS_INFO 0 -6.300000 60.033999 46.457501 
STATIC_OBS_INFO 1 -6.300000 64.723544 41.769289 
Parent: -62.101760 10.000000 102.000000 20.000000 15.300000 -21.042296 -10.000000 2.479752 37.000000 0.000000 0 0 1 0 0 0 0 0
Child: -21.042296 10.000000 102.000000 20.000000 15.300000 -14.503080 -10.000000 0.000000 0.000000 0.000000 0 0 1 0 0 0 0 0
Child: -14.503080 10.000000 101.000000 20.000000 15.150000 -7.983278 -10.000000 0.000000 0.000000 0.000000 0 0 1 0 0 0 0 0
Child: -7.983278 1.520367 17.000000 20.000000 2.550000 0.000000 -10.000000 0.000000 0.000000 0.000000 0 0 1 0 0 0 0 0
EGO_STATUS -5.250000 106.479633 11.100000 1.570796 11.496018 2.000000 0.980000
DYNAMIC_OBS_INFO 0 -5.750000 51.053211 1.570796 191.481411 -5.750000 299.114903 29.475711 1.284290
DYNAMIC_OBS_INFO 1 -1.750000 31.788721 1.570796 116.136526 -1.750000 223.717918 32.896757 2.636389
STATIC_OBS_INFO 0 -6.300000 60.033999 47.611725 
STATIC_OBS_INFO 1 -6.300000 64.723544 42.923445 
Parent: -61.700180 10.000000 102.000000 20.000000 15.300000 -21.540716 -10.000000 2.379751 36.000000 0.000000 0 0 1 0 0 0 0 0
Child: -21.540716 10.000000 102.000000 20.000000 15.300000 -15.001500 -10.000000 0.000000 0.000000 0.000000 0 0 1 0 0 0 0 0
Child: -15.001500 10.000000 101.000000 20.000000 15.150000 -8.481698 -10.000000 0.000000 0.000000 0.000000 0 0 1 0 0 0 0 0
Child: -8.481698 0.365856 5.000000 20.000000 0.750000 0.000000 -10.000000 0.000000 0.000000 0.000000 0 0 1 0 0 0 0 0
EGO_STATUS -5.250000 107.634144 11.200000 1.570796 11.594018 2.000000 0.980000
DYNAMIC_OBS_INFO 0 -5.750000 51.053211 1.570796 193.271095 -5.750000 302.068895 29.604140 1.284290
DYNAMIC_OBS_INFO 1 -1.750000 31.788721 1.570796 118.274127 -1.750000 227.020776 33.160395 2.636389
STATIC_OBS_INFO 0 -6.300000 60.033999 48.775751 
STATIC_OBS_INFO 1 -6.300000 64.723544 44.087408 
Parent: -52.460670 10.000000 102.000000 20.000000 15.300000 -13.201205 -10.000000 2.279751 35.000000 0.000000 0 0 1 0 0 0 0 0
Child: -13.201205 10.000000 102.000000 20.000000 15.300000 -6.661990 -10.000000 0.000000 0.000000 0.000000 0 0 1 0 0 0 0 0
Child: -6.661990 9.201554 94.000000 20.000000 14.100000 0.000000 -10.000000 0.000000 0.000000 0.000000 0 0 1 0 0 0 0 0
EGO_STATUS -5.250000 108.798446 11.300000 1.570796 11.692018 2.000000 0.980000
DYNAMIC_OBS_INFO 0 -5.750000 51.053211 1.570796 195.063816 -5.750000 305.035731 29.732569 1.284290
DYNAMIC_OBS_INFO 1 -1.750000 31.788721 1.570796 120.428313 -1.750000 230.349997 33.424034 2.636389
STATIC_OBS_INFO 0 -6.300000 60.033999 49.949593 
STATIC_OBS_INFO 1 -6.300000 64.723544 45.261192 
Parent: -51.736650 10.000000 102.000000 20.000000 15.300000 -13.377186 -10.000000 2.179751 34.000000 0.000000 0 0 1 0 0 0 0 0
Child: -13.377186 10.000000 102.000000 20.000000 15.300000 -6.837970 -10.000000 0.000000 0.000000 0.000000 0 0 1 0 0 0 0 0
Child: -6.837970 8.027445 82.000000 20.000000 12.300000 0.000000 -10.000000 0.000000 0.000000 0.000000 0 0 1 0 0 0 0 0
EGO_STATUS -5.250000 109.972555 11.400000 1.570796 11.790018 2.000000 0.980000
DYNAMIC_OBS_INFO 0 -5.750000 51.053211 1.570796 196.859582 -5.750000 308.015409 29.860998 1.284290
DYNAMIC_OBS_INFO 1 -1.750000 31.788721 1.570796 122.599091 -1.750000 233.705582 33.687673 2.636389
STATIC_OBS_INFO 0 -6.300000 60.033999 51.133244 
STATIC_OBS_INFO 1 -6.300000 64.723544 46.444788 
Parent: -50.016853 10.000000 102.000000 20.000000 15.300000 -13.557388 -10.000000 2.079750 32.000000 0.000000 0 0 1 0 0 0 0 0
Child: -13.557388 10.000000 102.000000 20.000000 15.300000 -7.018173 -10.000000 0.000000 0.000000 0.000000 0 0 1 0 0 0 0 0
Child: -7.018173 6.843538 70.000000 20.000000 10.500000 0.000000 -10.000000 0.000000 0.000000 0.000000 0 0 1 0 0 0 0 0
EGO_STATUS -5.250000 111.156462 11.500000 1.570796 11.888018 2.000000 0.980000
DYNAMIC_OBS_INFO 0 -5.750000 51.053211 1.570796 198.658394 -5.750000 311.007930 29.989427 1.284290
DYNAMIC_OBS_INFO 1 -1.750000 31.788721 1.570796 124.786460 -1.750000 237.087532 33.951312 2.636389
STATIC_OBS_INFO 0 -6.300000 60.033999 52.326702 
STATIC_OBS_INFO 1 -6.300000 64.723544 47.638194 
Parent: -49.302987 10.000000 102.000000 20.000000 15.300000 -13.743522 -10.000000 1.979750 31.000000 0.000000 0 0 1 0 0 0 0 0
Child: -13.743522 10.000000 102.000000 20.000000 15.300000 -7.204306 -10.000000 0.000000 0.000000 0.000000 0 0 1 0 0 0 0 0
Child: -7.204306 5.649835 58.000000 20.000000 8.700000 0.000000 -10.000000 0.000000 0.000000 0.000000 0 0 1 0 0 0 0 0
EGO_STATUS -5.250000 112.350165 11.600000 1.570796 11.986018 2.000000 0.980000
DYNAMIC_OBS_INFO 0 -5.750000 51.053211 1.570796 200.460249 -5.750000 314.013294 30.117856 1.284290
DYNAMIC_OBS_INFO 1 -1.750000 31.788721 1.570796 126.990418 -1.750000 240.495845 34.214951 2.636389
STATIC_OBS_INFO 0 -6.300000 60.033999 53.529968 
STATIC_OBS_INFO 1 -6.300000 64.723544 48.841412 
Parent: -48.598544 10.000000 102.000000 20.000000 15.300000 -13.939078 -10.000000 1.879750 30.000000 0.000000 0 0 1 0 0 0 0 0
Child: -13.939078 10.000000 102.000000 20.000000 15.300000 -7.399863 -10.000000 0.000000 0.000000 0.000000 0 0 1 0 0 0 0 0
Child: -7.399863 4.446332 46.000000 20.000000 6.900000 0.000000 -10.000000 0.000000 0.000000 0.000000 0 0 1 0 0 0 0 0
EGO_STATUS -5.250000 113.553668 11.700000 1.570796 12.084018 2.000000 0.980000
DYNAMIC_OBS_INFO 0 -5.750000 51.053211 1.570796 202.265145 -5.750000 317.031501 30.246285 1.284290
DYNAMIC_OBS_INFO 1 -1.750000 31.788721 1.570796 129.210960 -1.750000 243.930522 34.478590 2.636389
STATIC_OBS_INFO 0 -6.300000 60.033999 54.743046 
STATIC_OBS_INFO 1 -6.300000 64.723544 50.054444 
Parent: -63.730957 10.000000 101.000000 20.000000 15.150000 -20.691697 -10.000000 2.480542 39.000000 0.000000 0 0 1 0 0 0 0 0
Child: -20.691697 10.000000 102.000000 20.000000 15.300000 -14.152482 -10.000000 0.000000 0.000000 0.000000 0 0 1 0 0 0 0 0
Child: -14.152482 10.000000 102.000000 20.000000 15.300000 -7.613266 -10.000000 0.000000 0.000000 0.000000 0 0 1 0 0 0 0 0
Child: -7.613266 3.233026 34.000000 20.000000 5.100000 0.000000 -10.000000 0.000000 0.000000 0.000000 0 0 1 0 0 0 0 0
EGO_STATUS -5.250000 114.766974 11.800000 1.570796 12.182018 2.000000 0.980000
DYNAMIC_OBS_INFO 0 -5.750000 51.053211 1.570796 204.073082 -5.750000 320.062551 30.374714 1.284290
DYNAMIC_OBS_INFO 1 -1.750000 31.788721 1.570796 131.448086 -1.750000 247.391563 34.742229 2.636389
STATIC_OBS_INFO 0 -6.300000 60.033999 55.965933 
STATIC_OBS_INFO 1 -6.300000 64.723544 51.277289 
Parent: -63.089005 10.000000 101.000000 20.000000 15.150000 -20.949745 -10.000000 2.380542 38.000000 0.000000 0 0 1 0 0 0 0 0
Child: -20.949745 10.000000 102.000000 20.000000 15.300000 -14.410529 -10.000000 0.000000 0.000000 0.000000 0 0 1 0 0 0 0 0
Child: -14.410529 10.000000 102.000000 20.000000 15.300000 -7.871314 -10.000000 0.000000 0.000000 0.000000 0 0 1 0 0 0 0 0
Child: -7.871314 2.009918 22.000000 20.000000 3.300000 0.000000 -10.000000 0.000000 0.000000 0.000000 0 0 1 0 0 0 0 0
EGO_STATUS -5.250000 115.990082 11.900000 1.570796 12.280018 2.000000 0.980000
DYNAMIC_OBS_INFO 0 -5.750000 51.053211 1.570796 205.884061 -5.750000 323.106444 30.503143 1.284290
DYNAMIC_OBS_INFO 1 -1.750000 31.788721 1.570796 133.701796 -1.750000 250.878968 35.005868 2.636389
STATIC_OBS_INFO 0 -6.300000 60.033999 57.198630 
STATIC_OBS_INFO 1 -6.300000 64.723544 52.509946 
Parent: -61.474453 10.000000 101.000000 20.000000 15.150000 -21.235192 -10.000000 2.280541 36.000000 0.000000 0 0 1 0 0 0 0 0
Child: -21.235192 10.000000 102.000000 20.000000 15.300000 -14.695976 -10.000000 0.000000 0.000000 0.000000 0 0 1 0 0 0 0 0
Child: -14.695976 10.000000 102.000000 20.000000 15.300000 -8.156761 -10.000000 0.000000 0.000000 0.000000 0 0 1 0 0 0 0 0
Child: -8.156761 0.777010 9.000000 20.000000 1.350000 0.000000 -10.000000 0.000000 0.000000 0.000000 0 0 1 0 0 0 0 0
EGO_STATUS -5.250000 117.222990 12.000000 1.570796 12.378018 2.000000 0.980000
DYNAMIC_OBS_INFO 0 -5.750000 51.053211 1.570796 207.698082 -5.750000 326.163180 30.631572 1.284290
DYNAMIC_OBS_INFO 1 -1.750000 31.788721 1.570796 135.972090 -1.750000 254.392736 35.269507 2.636389
STATIC_OBS_INFO 0 -6.300000 60.033999 58.441134 
STATIC_OBS_INFO 1 -6.300000 64.723544 53.752412 
Parent: -52.482496 10.000000 101.000000 20.000000 15.150000 -13.143235 -10.000000 2.180541 35.000000 0.000000 0 0 1 0 0 0 0 0
Child: -13.143235 10.000000 102.000000 20.000000 15.300000 -6.604020 -10.000000 0.000000 0.000000 0.000000 0 0 1 0 0 0 0 0
Child: -6.604020 9.534301 97.000000 20.000000 14.550000 0.000000 -10.000000 0.000000 0.000000 0.000000 0 0 1 0 0 0 0 0
EGO_STATUS -5.250000 118.465699 12.100000 1.570796 12.476018 2.000000 0.980000
DYNAMIC_OBS_INFO 0 -5.750000 51.053211 1.570796 209.515146 -5.750000 329.232759 30.760001 1.284290
DYNAMIC_OBS_INFO 1 -1.750000 31.788721 1.570796 138.258968 -1.750000 257.932869 35.533145 2.636389
STATIC_OBS_INFO 0 -6.300000 60.033999 59.693445 
STATIC_OBS_INFO 1 -6.300000 64.723544 55.004688 
Parent: -51.764354 10.000000 101.000000 20.000000 15.150000 -13.325092 -10.000000 2.080540 34.000000 0.000000 0 0 1 0 0 0 0 0
Child: -13.325092 10.000000 102.000000 20.000000 15.300000 -6.785876 -10.000000 0.000000 0.000000 0.000000 0 0 1 0 0 0 0 0
Child: -6.785876 8.281791 84.000000 20.000000 12.600000 0.000000 -10.000000 0.000000 0.000000 0.000000 0 0 1 0 0 0 0 0
EGO_STATUS -5.250000 119.718209 12.200000 1.570796 12.574018 2.000000 0.980000
DONE
FINISHED
