STATIC_OBS_INIT_INFO 0 -6.300000 60.033999
STATIC_OBS_INIT_INFO 1 -6.300000 77.193909
Parent: -28.586005 10.000000 102.000000 0.000000 15.300000 17.750981 -10.000000 2.163015 40.000000 0.000000 0 0 0 0 0 0 0 0
Child: 17.750981 24.506646 247.000000 11.649315 268.050000 0.000000 -10.000000 0.000000 0.000000 0.000000 0 0 0 0 0 0 0 0
EGO_STATUS -5.750000 17.502092 0.000000 1.570796 15.953034 4.000000 0.000000
DYNAMIC_OBS_INFO 0 -5.750000 32.178497 1.570796 13.081101 -5.750000 32.178497 15.067735 1.287741
DYNAMIC_OBS_INFO 1 -1.750000 31.747070 1.570796 13.267033 -1.750000 31.747070 10.142229 2.632324
STATIC_OBS_INFO 0 -6.300000 60.033999 40.940298 
STATIC_OBS_INFO 1 -6.300000 77.193909 58.099116 
Parent: 468.135814 20.435104 206.000000 3062.272098 2061.400000 15.152800 -10.000000 2.717129 48.000000 0.000000 1 0 0 0 0 0 0 0
Child: 15.152800 22.911343 231.000000 11.649144 241.950000 0.000000 -10.000000 0.000000 0.000000 0.000000 0 0 0 0 0 0 0 0
EGO_STATUS -5.749989 19.097396 0.100000 1.570763 15.953034 4.000000 0.000000
DYNAMIC_OBS_INFO 0 -5.750000 32.178497 1.570796 12.999010 -5.750000 33.691709 15.196509 1.287741
DYNAMIC_OBS_INFO 1 -1.750000 31.747070 1.570796 11.755706 -1.750000 31.747070 10.142229 2.632324
STATIC_OBS_INFO 0 -6.300000 60.033999 39.345149 
STATIC_OBS_INFO 1 -6.300000 77.193909 56.503889 
Parent: 297.977630 41.601121 418.000000 10.791952 3411.700000 0.000000 0.000000 4.356816 47.000000 0.000000 0 0 0 0 0 0 0 0
EGO_STATUS -5.749687 20.692699 0.200000 1.570330 15.953034 4.000000 0.000000
DYNAMIC_OBS_INFO 0 -5.750000 32.178497 1.570796 12.944507 -5.750000 35.217799 15.325284 1.287741
DYNAMIC_OBS_INFO 1 -1.750000 31.747070 1.570796 10.282799 -1.750000 31.747070 10.142229 2.632324
STATIC_OBS_INFO 0 -6.300000 60.033999 37.764742 
STATIC_OBS_INFO 1 -6.300000 77.193909 54.923391 
Parent: 287.170692 40.020533 402.000000 10.792012 3383.500000 0.000000 -10.000000 4.256821 45.000000 0.000000 0 0 0 0 0 0 0 0
EGO_STATUS -5.747934 22.273292 0.300000 1.568801 15.659034 3.000000 -2.940000
DYNAMIC_OBS_INFO 0 -5.750000 32.178497 1.570796 12.932298 -5.750000 36.756766 15.454058 1.287741
DYNAMIC_OBS_INFO 1 -1.750000 31.747070 1.570796 8.871772 -1.750000 31.747070 10.142229 2.632324
STATIC_OBS_INFO 0 -6.300000 60.033999 36.213819 
STATIC_OBS_INFO 1 -6.300000 77.193909 53.372350 
Parent: 285.267933 38.469352 386.000000 10.791917 3351.700000 0.000000 -10.000000 4.156828 44.000000 0.000000 0 0 0 0 0 0 0 0
EGO_STATUS -5.742586 23.824470 0.400000 1.565568 15.365034 3.000000 -2.940000
DYNAMIC_OBS_INFO 0 -5.750000 32.178497 1.570796 12.962409 -5.750000 38.308610 15.582832 1.287741
DYNAMIC_OBS_INFO 1 -1.750000 31.747070 1.570796 7.537790 -1.750000 31.747070 10.142229 2.632324
STATIC_OBS_INFO 0 -6.300000 60.033999 34.692452 
STATIC_OBS_INFO 1 -6.300000 77.193909 51.850817 
Parent: 284.668788 36.947568 371.000000 10.791843 3329.050000 0.000000 -10.000000 4.056834 42.000000 0.000000 0 0 0 0 0 0 0 0
EGO_STATUS -5.730872 25.346215 0.500000 1.560250 15.071034 3.000000 -2.940000
DYNAMIC_OBS_INFO 0 -5.750000 32.178497 1.570796 13.034933 -5.750000 39.873332 15.711606 1.287741
DYNAMIC_OBS_INFO 1 -1.750000 31.747070 1.570796 6.306689 -1.750000 31.747070 10.142229 2.632324
STATIC_OBS_INFO 0 -6.300000 60.033999 33.200784 
STATIC_OBS_INFO 1 -6.300000 77.193909 50.358906 
Parent: 182.435035 20.435104 206.000000 9.776093 2061.400000 13.304274 0.000000 4.671057 41.000000 0.000000 0 0 0 0 0 0 0 0
Child: 13.304274 15.170655 153.000000 27.227058 106.950000 0.000000 0.000000 0.000000 0.000000 0.000000 0 0 0 1 0 0 0 0
EGO_STATUS -5.709783 26.838461 0.600000 1.552680 14.777034 3.000000 -2.940000
DYNAMIC_OBS_INFO 0 -5.750000 32.178497 1.570796 13.164787 -5.750000 41.450932 15.840380 1.287741
DYNAMIC_OBS_INFO 1 -1.750000 31.747070 1.570796 5.234180 -1.750000 31.747070 10.142229 2.632324
STATIC_OBS_INFO 0 -6.300000 60.033999 31.753766 
STATIC_OBS_INFO 1 -6.300000 77.193909 48.911531 
Parent: 653.985365 10.000000 101.000000 0.000000 2055.350000 506.373279 -10.000000 3.112086 49.000000 0.000000 0 0 0 0 0 0 0 0
Child: 506.373279 20.435104 206.000000 3049.262061 2061.400000 9.397983 -10.000000 0.000000 0.000000 0.000000 1 0 0 0 0 0 0 0
Child: 9.397983 13.722388 139.000000 9.246235 85.950000 0.000000 0.000000 0.000000 0.000000 0.000000 0 0 0 0 0 0 0 0
EGO_STATUS -5.676836 28.286348 0.700000 1.543105 14.189034 1.000000 -5.880000
DYNAMIC_OBS_INFO 0 -5.750000 32.178497 1.570796 13.337466 -5.750000 43.041408 15.969154 1.287741
DYNAMIC_OBS_INFO 1 -1.750000 31.747070 1.570796 4.385022 -1.750000 31.747070 10.142229 2.632324
STATIC_OBS_INFO 0 -6.300000 60.033999 30.336914 
STATIC_OBS_INFO 1 -6.300000 77.193909 47.494152 
Parent: 377.517314 10.000000 101.000000 20.000000 2055.350000 215.093967 0.000000 4.943148 48.000000 0.000000 0 0 1 0 0 0 0 0
Child: 215.093967 20.435104 206.000000 13.858873 2061.400000 9.229254 0.000000 0.000000 0.000000 0.000000 0 0 0 0 0 0 0 0
Child: 9.229254 12.303485 125.000000 27.016667 66.750000 0.000000 0.000000 0.000000 0.000000 0.000000 0 0 0 1 0 0 0 0
EGO_STATUS -5.630237 29.704480 0.800000 1.532849 14.189034 4.000000 0.000000
DYNAMIC_OBS_INFO 0 -5.750000 32.178497 1.570796 13.553227 -5.750000 44.644762 16.097928 1.287741
DYNAMIC_OBS_INFO 1 -1.750000 31.747070 1.570796 3.876934 -1.750000 31.747070 10.142229 2.632324
STATIC_OBS_INFO 0 -6.300000 60.033999 28.950457 
STATIC_OBS_INFO 1 -6.300000 77.193909 46.106953 
Parent: 367.583920 10.000000 101.000000 20.000000 2055.350000 203.260567 0.000000 4.843156 46.000000 0.000000 0 0 1 0 0 0 0 0
Child: 203.260567 20.435104 206.000000 13.858830 2061.400000 -2.604142 0.000000 0.000000 0.000000 0.000000 0 0 0 0 0 0 0 0
Child: -2.604142 10.913996 111.000000 25.269029 49.950000 0.000000 -10.000000 0.000000 0.000000 0.000000 0 0 0 1 0 0 0 0
EGO_STATUS -5.571313 31.092714 0.900000 1.524381 13.601034 1.000000 -5.880000
DYNAMIC_OBS_INFO 0 -5.750000 32.178497 1.570796 13.841361 -5.750000 46.260994 16.226702 1.287741
DYNAMIC_OBS_INFO 1 -1.750000 31.747070 1.570796 3.816245 -1.750000 31.747070 10.142229 2.632324
STATIC_OBS_INFO 0 -6.300000 60.033999 27.623627 
STATIC_OBS_INFO 1 -6.300000 77.193909 44.779165 
Parent: 355.380216 10.000000 101.000000 0.000000 2055.350000 201.902978 -10.000000 4.977238 45.000000 0.000000 0 0 0 0 0 0 0 0
Child: 201.902978 20.435104 206.000000 13.858725 2061.400000 -3.961721 0.000000 0.000000 0.000000 0.000000 0 0 0 0 0 0 0 0
Child: -3.961721 9.583329 97.000000 25.267915 35.850000 0.000000 -10.000000 0.000000 0.000000 0.000000 0 0 0 1 0 0 0 0
EGO_STATUS -5.506127 32.421782 1.000000 1.519945 13.013034 1.000000 -5.880000
DYNAMIC_OBS_INFO 0 -5.750000 32.178497 1.570796 14.201471 -5.750000 47.890103 16.355476 1.287741
DYNAMIC_OBS_INFO 1 -1.750000 31.747070 1.570796 4.172272 -1.750000 31.747070 10.142229 2.632324
STATIC_OBS_INFO 0 -6.300000 60.033999 26.356004 
STATIC_OBS_INFO 1 -6.300000 77.193909 43.510395 
Parent: 162.542488 28.712217 289.000000 24.801520 2007.650000 0.000000 -10.000000 4.617956 34.000000 0.000000 0 0 0 1 0 0 0 0
EGO_STATUS -5.441225 33.691989 1.100000 1.520348 12.425034 1.000000 -5.880000
DYNAMIC_OBS_INFO 0 -5.750000 32.178497 1.570796 14.633055 -5.750000 49.532089 16.484250 1.287741
DYNAMIC_OBS_INFO 1 -1.750000 31.747070 1.570796 4.812432 -1.750000 31.747070 10.142229 2.632324
STATIC_OBS_INFO 0 -6.300000 60.033999 25.147091 
STATIC_OBS_INFO 1 -6.300000 77.193909 42.300210 
Parent: 161.399498 27.499102 276.000000 24.800766 1980.100000 0.000000 -10.000000 4.642361 33.000000 0.000000 0 0 0 1 0 0 0 0
EGO_STATUS -5.382563 34.903648 1.200000 1.525161 11.837034 1.000000 -5.880000
DYNAMIC_OBS_INFO 0 -5.750000 32.178497 1.570796 15.135791 -5.750000 51.186953 16.613024 1.287741
DYNAMIC_OBS_INFO 1 -1.750000 31.747070 1.570796 5.605401 -1.750000 31.747070 10.142229 2.632324
STATIC_OBS_INFO 0 -6.300000 60.033999 23.996569 
STATIC_OBS_INFO 1 -6.300000 77.193909 41.148370 
Parent: 164.064481 26.344828 265.000000 24.799887 1990.850000 0.000000 -10.000000 4.679767 31.000000 0.000000 0 0 0 1 0 0 0 0
EGO_STATUS -5.334145 36.056875 1.300000 1.532878 11.249034 1.000000 -5.880000
DYNAMIC_OBS_INFO 0 -5.750000 32.178497 1.570796 15.709474 -5.750000 52.854694 16.741799 1.287741
DYNAMIC_OBS_INFO 1 -1.750000 31.747070 1.570796 6.464809 -1.750000 31.747070 10.142229 2.632324
STATIC_OBS_INFO 0 -6.300000 60.033999 22.904214 
STATIC_OBS_INFO 1 -6.300000 77.193909 40.054717 
Parent: 163.491807 25.249326 254.000000 24.455792 1975.000000 0.000000 -10.000000 4.732311 30.000000 0.000000 0 0 0 1 0 0 0 0
EGO_STATUS -5.297289 37.151744 1.400000 1.541465 10.661034 1.000000 -5.880000
DYNAMIC_OBS_INFO 0 -5.750000 32.178497 1.570796 16.354288 -5.750000 54.535313 16.870573 1.287741
DYNAMIC_OBS_INFO 1 -1.750000 31.747070 1.570796 7.340511 -1.750000 31.747070 10.142229 2.632324
STATIC_OBS_INFO 0 -6.300000 60.033999 21.870180 
STATIC_OBS_INFO 1 -6.300000 77.193909 39.019438 
Parent: 357.904797 10.000000 101.000000 0.000000 2055.350000 198.927350 -10.000000 4.477447 39.000000 0.000000 0 0 0 0 0 0 0 0
Child: 198.927350 20.435104 206.000000 13.857635 2061.400000 -6.937241 0.000000 0.000000 0.000000 0.000000 0 0 0 0 0 0 0 0
Child: -6.937241 3.812191 40.000000 26.136472 6.000000 0.000000 -10.000000 0.000000 0.000000 0.000000 0 0 0 1 0 0 0 0
EGO_STATUS -5.270935 38.188042 1.500000 1.549029 10.073034 1.000000 -5.880000
DYNAMIC_OBS_INFO 0 -5.750000 32.178497 1.570796 17.070334 -5.750000 56.228809 16.999347 1.287741
DYNAMIC_OBS_INFO 1 -1.750000 31.747070 1.570796 8.203993 -1.750000 31.747070 10.142229 2.632324
STATIC_OBS_INFO 0 -6.300000 60.033999 20.894542 
STATIC_OBS_INFO 1 -6.300000 77.193909 38.042608 
Parent: 358.635435 10.000000 101.000000 0.000000 2055.350000 198.757957 -10.000000 4.377478 38.000000 0.000000 0 0 0 0 0 0 0 0
Child: 198.757957 20.435104 206.000000 13.857474 2061.400000 -7.106618 0.000000 0.000000 0.000000 0.000000 0 0 0 0 0 0 0 0
Child: -7.106618 2.834344 30.000000 26.124889 4.500000 0.000000 -10.000000 0.000000 0.000000 0.000000 0 0 0 1 0 0 0 0
EGO_STATUS -5.252735 39.165718 1.600000 1.555786 9.485034 1.000000 -5.880000
DYNAMIC_OBS_INFO 0 -5.750000 32.178497 1.570796 17.857633 -5.750000 57.935182 17.128121 1.287741
DYNAMIC_OBS_INFO 1 -1.750000 31.747070 1.570796 9.040180 -1.750000 31.747070 10.142229 2.632324
STATIC_OBS_INFO 0 -6.300000 60.033999 19.977208 
STATIC_OBS_INFO 1 -6.300000 77.193909 37.124211 
Parent: -27.994558 10.000000 102.000000 20.000000 15.300000 -7.342695 -10.000000 2.887352 17.000000 0.000000 0 0 0 1 0 0 0 0
Child: -7.342695 1.915298 21.000000 25.985635 3.150000 0.000000 -10.000000 0.000000 0.000000 0.000000 0 0 0 1 0 0 0 0
EGO_STATUS -5.244066 40.084717 1.700000 1.567864 8.897034 1.000000 -5.880000
DYNAMIC_OBS_INFO 0 -5.750000 32.178497 1.570796 18.716301 -5.750000 59.654433 17.256895 1.287741
DYNAMIC_OBS_INFO 1 -1.750000 31.747070 1.570796 9.839907 -1.750000 31.747070 10.142229 2.632324
STATIC_OBS_INFO 0 -6.300000 60.033999 19.118151 
STATIC_OBS_INFO 1 -6.300000 77.193909 36.264310 
Parent: -28.572492 10.000000 102.000000 20.000000 15.300000 -7.820670 -10.000000 2.787394 17.000000 0.000000 0 0 0 1 0 0 0 0
Child: -7.820670 1.055096 12.000000 22.986329 1.800000 0.000000 -10.000000 0.000000 0.000000 0.000000 0 0 0 1 0 0 0 0
EGO_STATUS -5.246204 40.944913 1.800000 1.576822 8.309034 1.000000 -5.880000
DYNAMIC_OBS_INFO 0 -5.750000 32.178497 1.570796 19.646528 -5.750000 61.386561 17.385669 1.287741
DYNAMIC_OBS_INFO 1 -1.750000 31.747070 1.570796 9.630411 -1.750000 32.774455 10.405462 2.632324
STATIC_OBS_INFO 0 -6.300000 60.033999 18.317726 
STATIC_OBS_INFO 1 -6.300000 77.193909 35.463061 
Parent: -27.106596 10.000000 102.000000 20.000000 15.300000 -7.254777 -10.000000 2.687397 16.000000 0.000000 0 0 0 1 0 0 0 0
Child: -7.254777 0.253600 4.000000 42.700021 0.600000 0.000000 -10.000000 0.000000 0.000000 0.000000 0 0 0 1 1 0 0 0
EGO_STATUS -5.249858 41.746400 1.900000 1.572212 7.721034 1.000000 -5.880000
DYNAMIC_OBS_INFO 0 -5.750000 32.178497 1.570796 20.648574 -5.750000 63.131567 17.514443 1.287741
DYNAMIC_OBS_INFO 1 -1.750000 31.747070 1.570796 9.341356 -1.750000 33.828162 10.668694 2.632324
STATIC_OBS_INFO 0 -6.300000 60.033999 17.576343 
STATIC_OBS_INFO 1 -6.300000 77.193909 34.720741 
Parent: -18.949335 9.510953 97.000000 20.000000 14.550000 0.000000 -10.000000 2.663001 15.000000 0.000000 0 0 0 1 0 0 0 0
EGO_STATUS -5.250000 42.489047 2.000000 1.570796 7.133034 1.000000 -5.880000
DYNAMIC_OBS_INFO 0 -5.750000 32.178497 1.570796 21.722346 -5.750000 64.889450 17.643217 1.287741
DYNAMIC_OBS_INFO 1 -1.750000 31.747070 1.570796 8.975226 -1.750000 34.908193 10.931927 2.632324
STATIC_OBS_INFO 0 -6.300000 60.033999 16.893802 
STATIC_OBS_INFO 1 -6.300000 77.193909 34.037249 
Parent: -18.021101 8.827141 90.000000 20.000000 13.500000 0.000000 -10.000000 2.693240 14.000000 0.000000 0 0 0 1 0 0 0 0
EGO_STATUS -5.250000 43.172859 2.100000 1.570796 6.545034 1.000000 -5.880000
DYNAMIC_OBS_INFO 0 -5.750000 32.178497 1.570796 22.867871 -5.750000 66.660210 17.771991 1.287741
DYNAMIC_OBS_INFO 1 -1.750000 31.747070 1.570796 8.533997 -1.750000 36.014548 11.195159 2.632324
STATIC_OBS_INFO 0 -6.300000 60.033999 16.270110 
STATIC_OBS_INFO 1 -6.300000 77.193909 33.412605 
Parent: 944.456392 29.036700 292.000000 12.373859 9778.200000 0.000000 0.000000 4.874355 34.000000 0.000000 0 0 0 0 0 0 0 0
EGO_STATUS -5.250000 43.797806 2.200000 1.570796 5.957034 1.000000 -5.880000
DYNAMIC_OBS_INFO 0 -5.750000 32.178497 1.570796 24.055536 -5.750000 68.443848 17.900765 1.287741
DYNAMIC_OBS_INFO 1 -1.750000 31.747070 1.570796 8.047274 -1.750000 37.147225 11.458391 2.632324
STATIC_OBS_INFO 0 -6.300000 60.033999 15.675695 
STATIC_OBS_INFO 1 -6.300000 77.193909 32.817202 
Parent: 944.680549 20.972423 211.000000 12.533145 9965.150000 -8.852484 -10.000000 4.797507 33.000000 0.000000 0 0 0 0 0 0 0 0
Child: -8.852484 7.606491 78.000000 0.067087 11.700000 0.000000 -10.000000 0.000000 0.000000 0.000000 0 0 0 0 0 0 0 0
EGO_STATUS -5.250000 44.393509 2.300000 1.570793 5.957034 4.000000 0.000000
DYNAMIC_OBS_INFO 0 -5.750000 32.178497 1.570796 25.256101 -5.750000 70.240363 18.029539 1.287741
DYNAMIC_OBS_INFO 1 -1.750000 31.747070 1.570796 7.544019 -1.750000 38.306226 11.721624 2.632324
STATIC_OBS_INFO 0 -6.300000 60.033999 15.081384 
STATIC_OBS_INFO 1 -6.300000 77.193909 32.221809 
Parent: 944.491183 20.972423 211.000000 12.533145 9965.150000 -8.941850 -10.000000 4.697507 33.000000 0.000000 0 0 0 0 0 0 0 0
Child: -8.941850 7.010788 72.000000 0.067081 10.800000 0.000000 -10.000000 0.000000 0.000000 0.000000 0 0 0 0 0 0 0 0
EGO_STATUS -5.249989 44.989212 2.400000 1.570753 5.957034 4.000000 0.000000
DYNAMIC_OBS_INFO 0 -5.750000 32.178497 1.570796 26.469564 -5.750000 72.049756 18.158313 1.287741
DYNAMIC_OBS_INFO 1 -1.750000 31.747070 1.570796 7.026995 -1.750000 39.491550 11.984856 2.632324
STATIC_OBS_INFO 0 -6.300000 60.033999 14.487189 
STATIC_OBS_INFO 1 -6.300000 77.193909 31.626430 
Parent: 945.301816 20.972423 211.000000 12.533145 9965.150000 -9.031218 -10.000000 4.597507 32.000000 0.000000 0 0 0 0 0 0 0 0
Child: -9.031218 6.415085 66.000000 0.067074 9.900000 0.000000 -10.000000 0.000000 0.000000 0.000000 0 0 0 0 0 0 0 0
EGO_STATUS -5.249936 45.584916 2.500000 1.570656 5.957034 4.000000 0.000000
DYNAMIC_OBS_INFO 0 -5.750000 32.178497 1.570796 27.695924 -5.750000 73.872026 18.287088 1.287741
DYNAMIC_OBS_INFO 1 -1.750000 31.747070 1.570796 6.500067 -1.750000 40.703197 12.248089 2.632324
STATIC_OBS_INFO 0 -6.300000 60.033999 13.893128 
STATIC_OBS_INFO 1 -6.300000 77.193909 31.031065 
Parent: 946.112445 20.972423 211.000000 12.533145 9965.150000 -9.120588 -10.000000 4.497507 31.000000 0.000000 0 0 0 0 0 0 0 0
Child: -9.120588 5.819381 60.000000 0.067064 9.000000 0.000000 -10.000000 0.000000 0.000000 0.000000 0 0 0 0 0 0 0 0
EGO_STATUS -5.249817 46.180619 2.600000 1.570538 5.957034 4.000000 0.000000
DYNAMIC_OBS_INFO 0 -5.750000 32.178497 1.570796 28.935177 -5.750000 75.707173 18.415862 1.287741
DYNAMIC_OBS_INFO 1 -1.750000 31.747070 1.570796 5.968766 -1.750000 41.941168 12.511321 2.632324
STATIC_OBS_INFO 0 -6.300000 60.033999 13.299220 
STATIC_OBS_INFO 1 -6.300000 77.193909 30.435716 
Parent: 945.923071 20.972423 211.000000 12.533145 9965.150000 -9.209962 -10.000000 4.397507 31.000000 0.000000 0 0 0 0 0 0 0 0
Child: -9.209962 5.223678 54.000000 0.067050 8.100000 0.000000 -10.000000 0.000000 0.000000 0.000000 0 0 0 0 0 0 0 0
EGO_STATUS -5.249636 46.776322 2.700000 1.570459 5.957034 4.000000 0.000000
DYNAMIC_OBS_INFO 0 -5.750000 32.178497 1.570796 30.187323 -5.750000 77.555198 18.544636 1.287741
DYNAMIC_OBS_INFO 1 -1.750000 31.747070 1.570796 5.441166 -1.750000 43.205462 12.774554 2.632324
STATIC_OBS_INFO 0 -6.300000 60.033999 12.705481 
STATIC_OBS_INFO 1 -6.300000 77.193909 29.840382 
Parent: 946.733693 20.972423 211.000000 12.533145 9965.150000 -9.299341 -10.000000 4.297507 30.000000 0.000000 0 0 0 0 0 0 0 0
Child: -9.299341 4.627974 48.000000 0.067033 7.200000 0.000000 -10.000000 0.000000 0.000000 0.000000 0 0 0 0 0 0 0 0
EGO_STATUS -5.249432 47.372026 2.800000 1.570466 5.957034 4.000000 0.000000
DYNAMIC_OBS_INFO 0 -5.750000 32.178497 1.570796 31.452357 -5.750000 79.416100 18.673410 1.287741
DYNAMIC_OBS_INFO 1 -1.750000 31.747070 1.570796 4.929220 -1.750000 44.496079 13.037786 2.632324
STATIC_OBS_INFO 0 -6.300000 60.033999 12.111933 
STATIC_OBS_INFO 1 -6.300000 77.193909 29.245061 
Parent: 946.544308 20.972423 211.000000 12.533145 9965.150000 -9.388725 -10.000000 4.197507 30.000000 0.000000 0 0 0 0 0 0 0 0
Child: -9.388725 4.032271 42.000000 0.067016 6.300000 0.000000 -10.000000 0.000000 0.000000 0.000000 0 0 0 0 0 0 0 0
EGO_STATUS -5.249264 47.967729 2.900000 1.570578 5.957034 4.000000 0.000000
DYNAMIC_OBS_INFO 0 -5.750000 32.178497 1.570796 32.730279 -5.750000 81.289880 18.802184 1.287741
DYNAMIC_OBS_INFO 1 -1.750000 31.747070 1.570796 4.450742 -1.750000 45.813019 13.301019 2.632324
STATIC_OBS_INFO 0 -6.300000 60.033999 11.518598 
STATIC_OBS_INFO 1 -6.300000 77.193909 28.649753 
Parent: -5.417207 3.436568 36.000000 20.065495 5.400000 0.000000 0.000000 1.151851 9.000000 0.000000 0 0 0 1 0 0 0 0
EGO_STATUS -5.249189 48.563433 3.000000 1.570773 5.957034 4.000000 0.000000
DYNAMIC_OBS_INFO 0 -5.750000 32.178497 1.570796 34.047082 -5.750000 83.176537 18.930958 1.287741
DYNAMIC_OBS_INFO 1 -1.750000 31.747070 1.570796 4.019032 -1.750000 47.156282 13.564251 2.632324
STATIC_OBS_INFO 0 -6.300000 60.033999 10.951387 
STATIC_OBS_INFO 1 -6.300000 77.193909 28.080437 
Parent: -14.601821 2.866862 30.000000 20.052212 4.500000 0.000000 -10.000000 1.051918 8.000000 0.000000 0 0 0 1 0 0 0 0
EGO_STATUS -5.249237 49.133138 3.100000 1.570985 5.440732 7.000000 -5.163023
DYNAMIC_OBS_INFO 0 -5.750000 32.178497 1.570796 35.428371 -5.750000 85.076072 19.059732 1.287741
DYNAMIC_OBS_INFO 1 -1.750000 31.747070 1.570796 3.675881 -1.750000 48.525869 13.827483 2.632324
STATIC_OBS_INFO 0 -6.300000 60.033999 10.435782 
STATIC_OBS_INFO 1 -6.300000 77.193909 27.562702 
Parent: -14.814083 2.348762 25.000000 20.027772 3.750000 0.000000 -10.000000 0.951983 8.000000 0.000000 0 0 0 1 0 0 0 0
EGO_STATUS -5.249378 49.651238 3.200000 1.571140 4.924462 7.000000 -5.162694
DYNAMIC_OBS_INFO 0 -5.750000 32.178497 1.570796 36.874301 -5.750000 86.988483 19.188506 1.287741
DYNAMIC_OBS_INFO 1 -1.750000 31.747070 1.570796 3.505030 -1.750000 49.921779 14.090716 2.632324
STATIC_OBS_INFO 0 -6.300000 60.033999 9.971902 
STATIC_OBS_INFO 1 -6.300000 77.193909 27.096699 
Parent: -13.981567 1.882422 20.000000 20.016269 3.000000 0.000000 -10.000000 0.852116 7.000000 0.000000 0 0 0 1 0 0 0 0
EGO_STATUS -5.249557 50.117578 3.300000 1.571205 4.408228 7.000000 -5.162342
DYNAMIC_OBS_INFO 0 -5.750000 32.178497 1.570796 38.384660 -5.750000 88.913773 19.317280 1.287741
DYNAMIC_OBS_INFO 1 -1.750000 31.747070 1.570796 3.592608 -1.750000 51.344012 14.353948 2.632324
STATIC_OBS_INFO 0 -6.300000 60.033999 9.559496 
STATIC_OBS_INFO 1 -6.300000 77.193909 26.682214 
Parent: -14.191604 1.467627 16.000000 20.016240 2.400000 0.000000 -10.000000 0.752229 7.000000 0.000000 0 0 0 1 0 0 0 0
EGO_STATUS -5.249725 50.532373 3.400000 1.571185 3.892075 7.000000 -5.161536
DYNAMIC_OBS_INFO 0 -5.750000 32.178497 1.570796 39.959815 -5.750000 90.851940 19.446054 1.287741
DYNAMIC_OBS_INFO 1 -1.750000 31.747070 1.570796 3.981051 -1.750000 52.792569 14.617181 2.632324
STATIC_OBS_INFO 0 -6.300000 60.033999 9.198884 
STATIC_OBS_INFO 1 -6.300000 77.193909 26.319613 
Parent: -14.480770 1.104746 13.000000 20.016150 1.950000 0.000000 -10.000000 0.652538 7.000000 0.000000 0 0 0 1 0 0 0 0
EGO_STATUS -5.249853 50.895254 3.500000 1.571106 3.375998 7.000000 -5.160762
DYNAMIC_OBS_INFO 0 -5.750000 32.178497 1.570796 41.599264 -5.750000 92.802984 19.574828 1.287741
DYNAMIC_OBS_INFO 1 -1.750000 31.747070 1.570796 4.649469 -1.750000 54.267448 14.880413 2.632324
STATIC_OBS_INFO 0 -6.300000 60.033999 8.889510 
STATIC_OBS_INFO 1 -6.300000 77.193909 26.008389 
Parent: -13.564146 0.793274 9.000000 20.014287 1.350000 0.000000 -10.000000 0.552772 6.000000 0.000000 0 0 0 1 0 0 0 0
EGO_STATUS -5.249934 51.206726 3.600000 1.571006 2.860166 7.000000 -5.158321
DYNAMIC_OBS_INFO 0 -5.750000 32.178497 1.570796 43.303945 -5.750000 94.766905 19.703603 1.287741
DYNAMIC_OBS_INFO 1 -1.750000 31.747070 1.570796 5.546526 -1.750000 55.768651 15.143646 2.632324
STATIC_OBS_INFO 0 -6.300000 60.033999 8.632252 
STATIC_OBS_INFO 1 -6.300000 77.193909 25.749479 
Parent: -13.939298 0.534153 7.000000 20.009307 1.050000 0.000000 -10.000000 0.453719 6.000000 0.000000 0 0 0 1 0 0 0 0
EGO_STATUS -5.249976 51.465847 3.700000 1.570915 2.344553 7.000000 -5.156132
DYNAMIC_OBS_INFO 0 -5.750000 32.178497 1.570796 45.072560 -5.750000 96.743704 19.832377 1.287741
DYNAMIC_OBS_INFO 1 -1.750000 31.747070 1.570796 6.622670 -1.750000 57.296177 15.406878 2.632324
STATIC_OBS_INFO 0 -6.300000 60.033999 8.425762 
STATIC_OBS_INFO 1 -6.300000 77.193909 25.541582 
Parent: -14.292031 0.326082 5.000000 20.004518 0.750000 0.000000 -10.000000 0.354434 6.000000 0.000000 0 0 0 1 0 0 0 0
EGO_STATUS -5.249993 51.673918 3.800000 1.570851 1.830016 7.000000 -5.145374
DYNAMIC_OBS_INFO 0 -5.750000 32.178497 1.570796 46.908405 -5.750000 98.733381 19.961151 1.287741
DYNAMIC_OBS_INFO 1 -1.750000 31.747070 1.570796 7.846266 -1.750000 58.850027 15.670111 2.632324
STATIC_OBS_INFO 0 -6.300000 60.033999 8.273259 
STATIC_OBS_INFO 1 -6.300000 77.193909 25.387990 
Parent: -14.565126 0.172359 3.000000 20.001594 0.450000 0.000000 -10.000000 0.259867 6.000000 0.000000 0 0 0 1 0 0 0 0
EGO_STATUS -5.249999 51.827641 3.900000 1.570816 1.316517 7.000000 -5.134993
DYNAMIC_OBS_INFO 0 -5.750000 32.178497 1.570796 48.807482 -5.750000 100.735934 20.089925 1.287741
DYNAMIC_OBS_INFO 1 -1.750000 31.747070 1.570796 9.191636 -1.750000 60.430200 15.933343 2.632324
STATIC_OBS_INFO 0 -6.300000 60.033999 8.170733 
STATIC_OBS_INFO 1 -6.300000 77.193909 25.284706 
Parent: -15.132282 0.068987 2.000000 20.000333 0.300000 0.000000 -10.000000 0.167493 6.000000 0.000000 0 0 0 1 0 0 0 0
EGO_STATUS -5.250000 51.931013 4.000000 1.570801 0.813754 7.000000 -5.027628
DYNAMIC_OBS_INFO 0 -5.750000 32.178497 1.570796 50.781626 -5.750000 102.751365 20.218699 1.287741
DYNAMIC_OBS_INFO 1 -1.750000 31.747070 1.570796 10.655705 -1.750000 62.036695 16.196575 2.632324
STATIC_OBS_INFO 0 -6.300000 60.033999 8.129888 
STATIC_OBS_INFO 1 -6.300000 77.193909 25.243554 
Parent: -15.834153 0.027799 2.000000 0.000023 0.300000 0.000000 -10.000000 0.161677 6.000000 0.000000 0 0 0 0 0 0 0 0
EGO_STATUS -5.250000 51.972201 4.100000 1.570798 0.333881 7.000000 -4.798724
DYNAMIC_OBS_INFO 0 -5.750000 32.178497 1.570796 52.792647 -5.750000 104.779674 20.347473 1.287741
DYNAMIC_OBS_INFO 1 -1.750000 31.747070 1.570796 12.193244 -1.750000 63.669515 16.459808 2.632324
STATIC_OBS_INFO 0 -6.300000 60.033999 8.112839 
STATIC_OBS_INFO 1 -6.300000 77.193909 25.226375 
Parent: -15.850664 0.010605 2.000000 0.000001 0.300000 0.000000 -10.000000 0.147745 6.000000 0.000000 0 0 0 0 0 0 0 0
EGO_STATUS -5.250000 51.989395 4.200000 1.570797 0.133555 7.000000 -2.003258
DYNAMIC_OBS_INFO 0 -5.750000 32.178497 1.570796 54.826567 -5.750000 106.820860 20.476247 1.287741
DYNAMIC_OBS_INFO 1 -1.750000 31.747070 1.570796 13.783848 -1.750000 65.328657 16.723040 2.632324
STATIC_OBS_INFO 0 -6.300000 60.033999 8.105721 
STATIC_OBS_INFO 1 -6.300000 77.193909 25.219203 
NO_CANDIDATE
EGO_STATUS -5.250000 51.996573 4.300000 1.570797 0.049928 7.000000 -0.836273
FAIL
DYNAMIC_OBS_INFO 0 -5.750000 32.178497 1.570796 56.875556 -5.750000 108.874923 20.605021 1.287741
DYNAMIC_OBS_INFO 1 -1.750000 31.747070 1.570796 15.415151 -1.750000 67.014123 16.986273 2.632324
STATIC_OBS_INFO 0 -6.300000 60.033999 8.100771 
STATIC_OBS_INFO 1 -6.300000 77.193909 25.214215 
NO_CANDIDATE
EGO_STATUS -5.250000 52.001566 4.400000 1.570797 0.049928 4.000000 0.000000
FAIL
DYNAMIC_OBS_INFO 0 -5.750000 32.178497 1.570796 58.937427 -5.750000 110.941864 20.733795 1.287741
DYNAMIC_OBS_INFO 1 -1.750000 31.747070 1.570796 17.081767 -1.750000 68.725912 17.249505 2.632324
STATIC_OBS_INFO 0 -6.300000 60.033999 8.095820 
STATIC_OBS_INFO 1 -6.300000 77.193909 25.209226 
NO_CANDIDATE
EGO_STATUS -5.250000 52.006559 4.500000 1.570797 0.049928 4.000000 0.000000
FAIL
DYNAMIC_OBS_INFO 0 -5.750000 32.178497 1.570796 61.012180 -5.750000 113.021683 20.862569 1.287741
DYNAMIC_OBS_INFO 1 -1.750000 31.747070 1.570796 18.781473 -1.750000 70.464024 17.512738 2.632324
STATIC_OBS_INFO 0 -6.300000 60.033999 8.090869 
STATIC_OBS_INFO 1 -6.300000 77.193909 25.204238 
NO_CANDIDATE
EGO_STATUS -5.250000 52.011551 4.600000 1.570797 0.049928 4.000000 0.000000
FAIL
DYNAMIC_OBS_INFO 0 -5.750000 32.178497 1.570796 63.099815 -5.750000 115.114378 20.991343 1.287741
DYNAMIC_OBS_INFO 1 -1.750000 31.747070 1.570796 20.512716 -1.750000 72.228459 17.775970 2.632324
STATIC_OBS_INFO 0 -6.300000 60.033999 8.085919 
STATIC_OBS_INFO 1 -6.300000 77.193909 25.199250 
NO_CANDIDATE
EGO_STATUS -5.250000 52.016544 4.700000 1.570797 0.049928 4.000000 0.000000
FAIL
DYNAMIC_OBS_INFO 0 -5.750000 32.178497 1.570796 65.200331 -5.750000 117.219951 21.120117 1.287741
DYNAMIC_OBS_INFO 1 -1.750000 31.747070 1.570796 22.274379 -1.750000 74.019218 18.039202 2.632324
STATIC_OBS_INFO 0 -6.300000 60.033999 8.080968 
STATIC_OBS_INFO 1 -6.300000 77.193909 25.194261 
NO_CANDIDATE
EGO_STATUS -5.250000 52.021537 4.800000 1.570797 0.049928 4.000000 0.000000
FAIL
DYNAMIC_OBS_INFO 0 -5.750000 32.178497 1.570796 67.313729 -5.750000 119.338402 21.248892 1.287741
DYNAMIC_OBS_INFO 1 -1.750000 31.747070 1.570796 24.065642 -1.750000 75.836300 18.302435 2.632324
STATIC_OBS_INFO 0 -6.300000 60.033999 8.076018 
STATIC_OBS_INFO 1 -6.300000 77.193909 25.189273 
NO_CANDIDATE
EGO_STATUS -5.250000 52.026530 4.900000 1.570797 0.049928 4.000000 0.000000
FAIL
DYNAMIC_OBS_INFO 0 -5.750000 32.178497 1.570796 69.440007 -5.750000 121.469730 21.377666 1.287741
DYNAMIC_OBS_INFO 1 -1.750000 31.747070 1.570796 25.885889 -1.750000 77.679705 18.565667 2.632324
STATIC_OBS_INFO 0 -6.300000 60.033999 8.071067 
STATIC_OBS_INFO 1 -6.300000 77.193909 25.184284 
NO_CANDIDATE
EGO_STATUS -5.250000 52.031523 5.000000 1.570797 0.049928 4.000000 0.000000
FAIL
DYNAMIC_OBS_INFO 0 -5.750000 32.178497 1.570796 71.579166 -5.750000 123.613935 21.506440 1.287741
DYNAMIC_OBS_INFO 1 -1.750000 31.747070 1.570796 27.734647 -1.750000 79.549433 18.828900 2.632324
STATIC_OBS_INFO 0 -6.300000 60.033999 8.066117 
STATIC_OBS_INFO 1 -6.300000 77.193909 25.179296 
NO_CANDIDATE
EGO_STATUS -5.250000 52.036515 5.100000 1.570797 0.049928 4.000000 0.000000
FAIL
DYNAMIC_OBS_INFO 0 -5.750000 32.178497 1.570796 73.731205 -5.750000 125.771017 21.635214 1.287741
DYNAMIC_OBS_INFO 1 -1.750000 31.747070 1.570796 29.611549 -1.750000 81.445485 19.092132 2.632324
STATIC_OBS_INFO 0 -6.300000 60.033999 8.061167 
STATIC_OBS_INFO 1 -6.300000 77.193909 25.174307 
NO_CANDIDATE
EGO_STATUS -5.250000 52.041508 5.200000 1.570797 0.049928 4.000000 0.000000
FAIL
DYNAMIC_OBS_INFO 0 -5.750000 32.178497 1.570796 75.896123 -5.750000 127.940978 21.763988 1.287741
DYNAMIC_OBS_INFO 1 -1.750000 31.747070 1.570796 31.516305 -1.750000 83.367860 19.355365 2.632324
STATIC_OBS_INFO 0 -6.300000 60.033999 8.056216 
STATIC_OBS_INFO 1 -6.300000 77.193909 25.169319 
NO_CANDIDATE
EGO_STATUS -5.250000 52.046501 5.300000 1.570797 0.049928 4.000000 0.000000
FAIL
DYNAMIC_OBS_INFO 0 -5.750000 32.178497 1.570796 78.073922 -5.750000 130.123815 21.892762 1.287741
DYNAMIC_OBS_INFO 1 -1.750000 31.747070 1.570796 33.448684 -1.750000 85.316558 19.618597 2.632324
STATIC_OBS_INFO 0 -6.300000 60.033999 8.051266 
STATIC_OBS_INFO 1 -6.300000 77.193909 25.164330 
NO_CANDIDATE
EGO_STATUS -5.250000 52.051494 5.400000 1.570797 0.049928 4.000000 0.000000
FAIL
DYNAMIC_OBS_INFO 0 -5.750000 32.178497 1.570796 80.264601 -5.750000 132.319530 22.021536 1.287741
DYNAMIC_OBS_INFO 1 -1.750000 31.747070 1.570796 35.408498 -1.750000 87.291579 19.881830 2.632324
STATIC_OBS_INFO 0 -6.300000 60.033999 8.046316 
STATIC_OBS_INFO 1 -6.300000 77.193909 25.159342 
NO_CANDIDATE
EGO_STATUS -5.250000 52.056487 5.500000 1.570797 0.049928 4.000000 0.000000
FAIL
DYNAMIC_OBS_INFO 0 -5.750000 32.178497 1.570796 82.468158 -5.750000 134.528122 22.150310 1.287741
DYNAMIC_OBS_INFO 1 -1.750000 31.747070 1.570796 37.395594 -1.750000 89.292924 20.145062 2.632324
STATIC_OBS_INFO 0 -6.300000 60.033999 8.041366 
STATIC_OBS_INFO 1 -6.300000 77.193909 25.154353 
NO_CANDIDATE
EGO_STATUS -5.250000 52.061480 5.600000 1.570797 0.049928 4.000000 0.000000
FAIL
DYNAMIC_OBS_INFO 0 -5.750000 32.178497 1.570796 84.684596 -5.750000 136.749592 22.279084 1.287741
DYNAMIC_OBS_INFO 1 -1.750000 31.747070 1.570796 39.409845 -1.750000 91.320591 20.408294 2.632324
STATIC_OBS_INFO 0 -6.300000 60.033999 8.036416 
STATIC_OBS_INFO 1 -6.300000 77.193909 25.149365 
NO_CANDIDATE
EGO_STATUS -5.250000 52.066472 5.700000 1.570797 0.049928 4.000000 0.000000
FAIL
DYNAMIC_OBS_INFO 0 -5.750000 32.178497 1.570796 86.913912 -5.750000 138.983939 22.407858 1.287741
DYNAMIC_OBS_INFO 1 -1.750000 31.747070 1.570796 41.451146 -1.750000 93.374582 20.671527 2.632324
STATIC_OBS_INFO 0 -6.300000 60.033999 8.031466 
STATIC_OBS_INFO 1 -6.300000 77.193909 25.144376 
NO_CANDIDATE
EGO_STATUS -5.250000 52.071465 5.800000 1.570797 0.049928 4.000000 0.000000
FAIL
DYNAMIC_OBS_INFO 0 -5.750000 32.178497 1.570796 89.156108 -5.750000 141.231164 22.536632 1.287741
DYNAMIC_OBS_INFO 1 -1.750000 31.747070 1.570796 43.519409 -1.750000 95.454897 20.934759 2.632324
STATIC_OBS_INFO 0 -6.300000 60.033999 8.026516 
STATIC_OBS_INFO 1 -6.300000 77.193909 25.139388 
NO_CANDIDATE
EGO_STATUS -5.250000 52.076458 5.900000 1.570797 0.049928 4.000000 0.000000
FAIL
DYNAMIC_OBS_INFO 0 -5.750000 32.178497 1.570796 91.411182 -5.750000 143.491266 22.665406 1.287741
DYNAMIC_OBS_INFO 1 -1.750000 31.747070 1.570796 45.614559 -1.750000 97.561534 21.197992 2.632324
STATIC_OBS_INFO 0 -6.300000 60.033999 8.021566 
STATIC_OBS_INFO 1 -6.300000 77.193909 25.134399 
NO_CANDIDATE
EGO_STATUS -5.250000 52.081451 6.000000 1.570797 0.049928 4.000000 0.000000
FAIL
DYNAMIC_OBS_INFO 0 -5.750000 32.178497 1.570796 93.679136 -5.750000 145.764245 22.794181 1.287741
DYNAMIC_OBS_INFO 1 -1.750000 31.747070 1.570796 47.736533 -1.750000 99.694495 21.461224 2.632324
STATIC_OBS_INFO 0 -6.300000 60.033999 8.016616 
STATIC_OBS_INFO 1 -6.300000 77.193909 25.129411 
NO_CANDIDATE
EGO_STATUS -5.250000 52.086444 6.100000 1.570797 0.049928 4.000000 0.000000
FAIL
DYNAMIC_OBS_INFO 0 -5.750000 32.178497 1.570796 95.959968 -5.750000 148.050102 22.922955 1.287741
DYNAMIC_OBS_INFO 1 -1.750000 31.747070 1.570796 49.885276 -1.750000 101.853779 21.724457 2.632324
STATIC_OBS_INFO 0 -6.300000 60.033999 8.011666 
STATIC_OBS_INFO 1 -6.300000 77.193909 25.124423 
NO_CANDIDATE
EGO_STATUS -5.250000 52.091436 6.200000 1.570797 0.049928 4.000000 0.000000
FAIL
DYNAMIC_OBS_INFO 0 -5.750000 32.178497 1.570796 98.253679 -5.750000 150.348836 23.051729 1.287741
DYNAMIC_OBS_INFO 1 -1.750000 31.747070 1.570796 52.060741 -1.750000 104.039386 21.987689 2.632324
STATIC_OBS_INFO 0 -6.300000 60.033999 8.006717 
STATIC_OBS_INFO 1 -6.300000 77.193909 25.119434 
NO_CANDIDATE
EGO_STATUS -5.250000 52.096429 6.300000 1.570797 0.049928 4.000000 0.000000
FAIL
DYNAMIC_OBS_INFO 0 -5.750000 32.178497 1.570796 100.560268 -5.750000 152.660447 23.180503 1.287741
DYNAMIC_OBS_INFO 1 -1.750000 31.747070 1.570796 54.262889 -1.750000 106.251317 22.250922 2.632324
STATIC_OBS_INFO 0 -6.300000 60.033999 8.001767 
STATIC_OBS_INFO 1 -6.300000 77.193909 25.114446 
NO_CANDIDATE
EGO_STATUS -5.250000 52.101422 6.400000 1.570797 0.049928 4.000000 0.000000
FAIL
DYNAMIC_OBS_INFO 0 -5.750000 32.178497 1.570796 102.879737 -5.750000 154.984936 23.309277 1.287741
DYNAMIC_OBS_INFO 1 -1.750000 31.747070 1.570796 56.491683 -1.750000 108.489571 22.514154 2.632324
STATIC_OBS_INFO 0 -6.300000 60.033999 7.996817 
STATIC_OBS_INFO 1 -6.300000 77.193909 25.109457 
NO_CANDIDATE
EGO_STATUS -5.250000 52.106415 6.500000 1.570797 0.049928 4.000000 0.000000
FAIL
DYNAMIC_OBS_INFO 0 -5.750000 32.178497 1.570796 105.212083 -5.750000 157.322303 23.438051 1.287741
DYNAMIC_OBS_INFO 1 -1.750000 31.747070 1.570796 58.747093 -1.750000 110.754148 22.777386 2.632324
STATIC_OBS_INFO 0 -6.300000 60.033999 7.991868 
STATIC_OBS_INFO 1 -6.300000 77.193909 25.104469 
NO_CANDIDATE
EGO_STATUS -5.250000 52.111408 6.600000 1.570797 0.049928 4.000000 0.000000
FAIL
DYNAMIC_OBS_INFO 0 -5.750000 32.178497 1.570796 107.557308 -5.750000 159.672547 23.566825 1.287741
DYNAMIC_OBS_INFO 1 -1.750000 31.747070 1.570796 61.029092 -1.750000 113.045048 23.040619 2.632324
STATIC_OBS_INFO 0 -6.300000 60.033999 7.986918 
STATIC_OBS_INFO 1 -6.300000 77.193909 25.099480 
NO_CANDIDATE
EGO_STATUS -5.250000 52.116401 6.700000 1.570797 0.049928 4.000000 0.000000
FAIL
DYNAMIC_OBS_INFO 0 -5.750000 32.178497 1.570796 109.915412 -5.750000 162.035668 23.695599 1.287741
DYNAMIC_OBS_INFO 1 -1.750000 31.747070 1.570796 63.337656 -1.750000 115.362272 23.303851 2.632324
STATIC_OBS_INFO 0 -6.300000 60.033999 7.981969 
STATIC_OBS_INFO 1 -6.300000 77.193909 25.094492 
NO_CANDIDATE
EGO_STATUS -5.250000 52.121393 6.800000 1.570797 0.049928 4.000000 0.000000
FAIL
DYNAMIC_OBS_INFO 0 -5.750000 32.178497 1.570796 112.286394 -5.750000 164.411666 23.824373 1.287741
DYNAMIC_OBS_INFO 1 -1.750000 31.747070 1.570796 65.672764 -1.750000 117.705818 23.567084 2.632324
STATIC_OBS_INFO 0 -6.300000 60.033999 7.977019 
STATIC_OBS_INFO 1 -6.300000 77.193909 25.089503 
NO_CANDIDATE
EGO_STATUS -5.250000 52.126386 6.900000 1.570797 0.049928 4.000000 0.000000
FAIL
DYNAMIC_OBS_INFO 0 -5.750000 32.178497 1.570796 114.670254 -5.750000 166.800543 23.953147 1.287741
DYNAMIC_OBS_INFO 1 -1.750000 31.747070 1.570796 68.034397 -1.750000 120.075688 23.830316 2.632324
STATIC_OBS_INFO 0 -6.300000 60.033999 7.972070 
STATIC_OBS_INFO 1 -6.300000 77.193909 25.084515 
NO_CANDIDATE
EGO_STATUS -5.250000 52.131379 7.000000 1.570797 0.049928 4.000000 0.000000
FAIL
DYNAMIC_OBS_INFO 0 -5.750000 32.178497 1.570796 117.066992 -5.750000 169.202296 24.081921 1.287741
DYNAMIC_OBS_INFO 1 -1.750000 31.747070 1.570796 70.422538 -1.750000 122.471882 24.093549 2.632324
STATIC_OBS_INFO 0 -6.300000 60.033999 7.967121 
STATIC_OBS_INFO 1 -6.300000 77.193909 25.079527 
NO_CANDIDATE
EGO_STATUS -5.250000 52.136372 7.100000 1.570797 0.049928 4.000000 0.000000
FAIL
DYNAMIC_OBS_INFO 0 -5.750000 32.178497 1.570796 119.476608 -5.750000 171.616927 24.210696 1.287741
DYNAMIC_OBS_INFO 1 -1.750000 31.747070 1.570796 72.837174 -1.750000 124.894398 24.356781 2.632324
STATIC_OBS_INFO 0 -6.300000 60.033999 7.962172 
STATIC_OBS_INFO 1 -6.300000 77.193909 25.074538 
NO_CANDIDATE
EGO_STATUS -5.250000 52.141365 7.200000 1.570797 0.049928 4.000000 0.000000
FAIL
DYNAMIC_OBS_INFO 0 -5.750000 32.178497 1.570796 121.899103 -5.750000 174.044435 24.339470 1.287741
DYNAMIC_OBS_INFO 1 -1.750000 31.747070 1.570796 75.278289 -1.750000 127.343238 24.620014 2.632324
STATIC_OBS_INFO 0 -6.300000 60.033999 7.957222 
STATIC_OBS_INFO 1 -6.300000 77.193909 25.069550 
NO_CANDIDATE
EGO_STATUS -5.250000 52.146357 7.300000 1.570797 0.049928 4.000000 0.000000
FAIL
DYNAMIC_OBS_INFO 0 -5.750000 32.178497 1.570796 124.334476 -5.750000 176.484821 24.468244 1.287741
DYNAMIC_OBS_INFO 1 -1.750000 31.747070 1.570796 77.745873 -1.750000 129.818401 24.883246 2.632324
STATIC_OBS_INFO 0 -6.300000 60.033999 7.952273 
STATIC_OBS_INFO 1 -6.300000 77.193909 25.064561 
NO_CANDIDATE
EGO_STATUS -5.250000 52.151350 7.400000 1.570797 0.049928 4.000000 0.000000
FAIL
DYNAMIC_OBS_INFO 0 -5.750000 32.178497 1.570796 126.782727 -5.750000 178.938084 24.597018 1.287741
DYNAMIC_OBS_INFO 1 -1.750000 31.747070 1.570796 80.239914 -1.750000 132.319887 25.146478 2.632324
STATIC_OBS_INFO 0 -6.300000 60.033999 7.947324 
STATIC_OBS_INFO 1 -6.300000 77.193909 25.059573 
NO_CANDIDATE
EGO_STATUS -5.250000 52.156343 7.500000 1.570797 0.049928 4.000000 0.000000
FAIL
DYNAMIC_OBS_INFO 0 -5.750000 32.178497 1.570796 129.243856 -5.750000 181.404224 24.725792 1.287741
DYNAMIC_OBS_INFO 1 -1.750000 31.747070 1.570796 82.760402 -1.750000 134.847696 25.409711 2.632324
STATIC_OBS_INFO 0 -6.300000 60.033999 7.942375 
STATIC_OBS_INFO 1 -6.300000 77.193909 25.054584 
NO_CANDIDATE
EGO_STATUS -5.250000 52.161336 7.600000 1.570797 0.049928 4.000000 0.000000
FAIL
DYNAMIC_OBS_INFO 0 -5.750000 32.178497 1.570796 131.717862 -5.750000 183.883242 24.854566 1.287741
DYNAMIC_OBS_INFO 1 -1.750000 31.747070 1.570796 85.307330 -1.750000 137.401829 25.672943 2.632324
STATIC_OBS_INFO 0 -6.300000 60.033999 7.937426 
STATIC_OBS_INFO 1 -6.300000 77.193909 25.049596 
NO_CANDIDATE
EGO_STATUS -5.250000 52.166329 7.700000 1.570797 0.049928 4.000000 0.000000
FAIL
DYNAMIC_OBS_INFO 0 -5.750000 32.178497 1.570796 134.204747 -5.750000 186.375137 24.983340 1.287741
DYNAMIC_OBS_INFO 1 -1.750000 31.747070 1.570796 87.880688 -1.750000 139.982285 25.936176 2.632324
STATIC_OBS_INFO 0 -6.300000 60.033999 7.932477 
STATIC_OBS_INFO 1 -6.300000 77.193909 25.044607 
NO_CANDIDATE
EGO_STATUS -5.250000 52.171321 7.800000 1.570797 0.049928 4.000000 0.000000
FAIL
DYNAMIC_OBS_INFO 0 -5.750000 32.178497 1.570796 136.704510 -5.750000 188.879910 25.112114 1.287741
DYNAMIC_OBS_INFO 1 -1.750000 31.747070 1.570796 90.480469 -1.750000 142.589064 26.199408 2.632324
STATIC_OBS_INFO 0 -6.300000 60.033999 7.927528 
STATIC_OBS_INFO 1 -6.300000 77.193909 25.039619 
NO_CANDIDATE
EGO_STATUS -5.250000 52.176314 7.900000 1.570797 0.049928 4.000000 0.000000
FAIL
DYNAMIC_OBS_INFO 0 -5.750000 32.178497 1.570796 139.217151 -5.750000 191.397560 25.240888 1.287741
DYNAMIC_OBS_INFO 1 -1.750000 31.747070 1.570796 93.106668 -1.750000 145.222167 26.462641 2.632324
STATIC_OBS_INFO 0 -6.300000 60.033999 7.922580 
STATIC_OBS_INFO 1 -6.300000 77.193909 25.034631 
NO_CANDIDATE
EGO_STATUS -5.250000 52.181307 8.000000 1.570797 0.049928 4.000000 0.000000
FAIL
DYNAMIC_OBS_INFO 0 -5.750000 32.178497 1.570796 141.742670 -5.750000 193.928088 25.369662 1.287741
DYNAMIC_OBS_INFO 1 -1.750000 31.747070 1.570796 95.759276 -1.750000 147.881592 26.725873 2.632324
STATIC_OBS_INFO 0 -6.300000 60.033999 7.917631 
STATIC_OBS_INFO 1 -6.300000 77.193909 25.029642 
NO_CANDIDATE
EGO_STATUS -5.250000 52.186300 8.100000 1.570797 0.049928 4.000000 0.000000
FAIL
DYNAMIC_OBS_INFO 0 -5.750000 32.178497 1.570796 144.281066 -5.750000 196.471493 25.498436 1.287741
DYNAMIC_OBS_INFO 1 -1.750000 31.747070 1.570796 98.438290 -1.750000 150.567341 26.989105 2.632324
STATIC_OBS_INFO 0 -6.300000 60.033999 7.912682 
STATIC_OBS_INFO 1 -6.300000 77.193909 25.024654 
NO_CANDIDATE
EGO_STATUS -5.250000 52.191293 8.200000 1.570797 0.049928 4.000000 0.000000
FAIL
DYNAMIC_OBS_INFO 0 -5.750000 32.178497 1.570796 146.832341 -5.750000 199.027775 25.627210 1.287741
DYNAMIC_OBS_INFO 1 -1.750000 31.747070 1.570796 101.143703 -1.750000 153.279413 27.252338 2.632324
STATIC_OBS_INFO 0 -6.300000 60.033999 7.907734 
STATIC_OBS_INFO 1 -6.300000 77.193909 25.019665 
NO_CANDIDATE
EGO_STATUS -5.250000 52.196286 8.300000 1.570797 0.049928 4.000000 0.000000
FAIL
DYNAMIC_OBS_INFO 0 -5.750000 32.178497 1.570796 149.396493 -5.750000 201.596935 25.755985 1.287741
DYNAMIC_OBS_INFO 1 -1.750000 31.747070 1.570796 103.875512 -1.750000 156.017809 27.515570 2.632324
STATIC_OBS_INFO 0 -6.300000 60.033999 7.902785 
STATIC_OBS_INFO 1 -6.300000 77.193909 25.014677 
NO_CANDIDATE
EGO_STATUS -5.250000 52.201278 8.400000 1.570797 0.049928 4.000000 0.000000
FAIL
DYNAMIC_OBS_INFO 0 -5.750000 32.178497 1.570796 151.973523 -5.750000 204.178972 25.884759 1.287741
DYNAMIC_OBS_INFO 1 -1.750000 31.747070 1.570796 106.633711 -1.750000 158.782528 27.778803 2.632324
STATIC_OBS_INFO 0 -6.300000 60.033999 7.897837 
STATIC_OBS_INFO 1 -6.300000 77.193909 25.009689 
NO_CANDIDATE
EGO_STATUS -5.250000 52.206271 8.500000 1.570797 0.049928 4.000000 0.000000
FAIL
DYNAMIC_OBS_INFO 0 -5.750000 32.178497 1.570796 154.563431 -5.750000 206.773887 26.013533 1.287741
DYNAMIC_OBS_INFO 1 -1.750000 31.747070 1.570796 109.418298 -1.750000 161.573569 28.042035 2.632324
STATIC_OBS_INFO 0 -6.300000 60.033999 7.892888 
STATIC_OBS_INFO 1 -6.300000 77.193909 25.004700 
NO_CANDIDATE
EGO_STATUS -5.250000 52.211264 8.600000 1.570797 0.049928 4.000000 0.000000
FAIL
DYNAMIC_OBS_INFO 0 -5.750000 32.178497 1.570796 157.166217 -5.750000 209.381679 26.142307 1.287741
DYNAMIC_OBS_INFO 1 -1.750000 31.747070 1.570796 112.229267 -1.750000 164.390935 28.305268 2.632324
STATIC_OBS_INFO 0 -6.300000 60.033999 7.887940 
STATIC_OBS_INFO 1 -6.300000 77.193909 24.999712 
NO_CANDIDATE
EGO_STATUS -5.250000 52.216257 8.700000 1.570797 0.049928 4.000000 0.000000
FAIL
DYNAMIC_OBS_INFO 0 -5.750000 32.178497 1.570796 159.781881 -5.750000 212.002348 26.271081 1.287741
DYNAMIC_OBS_INFO 1 -1.750000 31.747070 1.570796 115.066616 -1.750000 167.234623 28.568500 2.632324
STATIC_OBS_INFO 0 -6.300000 60.033999 7.882991 
STATIC_OBS_INFO 1 -6.300000 77.193909 24.994723 
NO_CANDIDATE
EGO_STATUS -5.250000 52.221250 8.800000 1.570797 0.049928 4.000000 0.000000
FAIL
DYNAMIC_OBS_INFO 0 -5.750000 32.178497 1.570796 162.410422 -5.750000 214.635895 26.399855 1.287741
DYNAMIC_OBS_INFO 1 -1.750000 31.747070 1.570796 117.930341 -1.750000 170.104635 28.831733 2.632324
STATIC_OBS_INFO 0 -6.300000 60.033999 7.878043 
STATIC_OBS_INFO 1 -6.300000 77.193909 24.989735 
NO_CANDIDATE
EGO_STATUS -5.250000 52.226242 8.900000 1.570797 0.049928 4.000000 0.000000
FAIL
DYNAMIC_OBS_INFO 0 -5.750000 32.178497 1.570796 165.051841 -5.750000 217.282319 26.528629 1.287741
DYNAMIC_OBS_INFO 1 -1.750000 31.747070 1.570796 120.820440 -1.750000 173.000969 29.094965 2.632324
STATIC_OBS_INFO 0 -6.300000 60.033999 7.873095 
STATIC_OBS_INFO 1 -6.300000 77.193909 24.984747 
NO_CANDIDATE
EGO_STATUS -5.250000 52.231235 9.000000 1.570797 0.049928 4.000000 0.000000
FAIL
DYNAMIC_OBS_INFO 0 -5.750000 32.178497 1.570796 167.706138 -5.750000 219.941621 26.657403 1.287741
DYNAMIC_OBS_INFO 1 -1.750000 31.747070 1.570796 123.736910 -1.750000 175.923628 29.358197 2.632324
STATIC_OBS_INFO 0 -6.300000 60.033999 7.868147 
STATIC_OBS_INFO 1 -6.300000 77.193909 24.979758 
NO_CANDIDATE
EGO_STATUS -5.250000 52.236228 9.100000 1.570797 0.049928 4.000000 0.000000
FAIL
DYNAMIC_OBS_INFO 0 -5.750000 32.178497 1.570796 170.373312 -5.750000 222.613800 26.786177 1.287741
DYNAMIC_OBS_INFO 1 -1.750000 31.747070 1.570796 126.679748 -1.750000 178.872609 29.621430 2.632324
STATIC_OBS_INFO 0 -6.300000 60.033999 7.863198 
STATIC_OBS_INFO 1 -6.300000 77.193909 24.974770 
NO_CANDIDATE
EGO_STATUS -5.250000 52.241221 9.200000 1.570797 0.049928 4.000000 0.000000
FAIL
DYNAMIC_OBS_INFO 0 -5.750000 32.178497 1.570796 173.053365 -5.750000 225.298856 26.914951 1.287741
DYNAMIC_OBS_INFO 1 -1.750000 31.747070 1.570796 129.648951 -1.750000 181.847914 29.884662 2.632324
STATIC_OBS_INFO 0 -6.300000 60.033999 7.858250 
STATIC_OBS_INFO 1 -6.300000 77.193909 24.969781 
NO_CANDIDATE
EGO_STATUS -5.250000 52.246214 9.300000 1.570797 0.049928 4.000000 0.000000
FAIL
DYNAMIC_OBS_INFO 0 -5.750000 32.178497 1.570796 175.746295 -5.750000 227.996790 27.043725 1.287741
DYNAMIC_OBS_INFO 1 -1.750000 31.747070 1.570796 132.644519 -1.750000 184.849541 30.147895 2.632324
STATIC_OBS_INFO 0 -6.300000 60.033999 7.853302 
STATIC_OBS_INFO 1 -6.300000 77.193909 24.964793 
NO_CANDIDATE
EGO_STATUS -5.250000 52.251207 9.400000 1.570797 0.049928 4.000000 0.000000
FAIL
DYNAMIC_OBS_INFO 0 -5.750000 32.178497 1.570796 178.452102 -5.750000 230.707601 27.172500 1.287741
DYNAMIC_OBS_INFO 1 -1.750000 31.747070 1.570796 135.666448 -1.750000 187.877493 30.411127 2.632324
STATIC_OBS_INFO 0 -6.300000 60.033999 7.848354 
STATIC_OBS_INFO 1 -6.300000 77.193909 24.959805 
NO_CANDIDATE
EGO_STATUS -5.250000 52.256199 9.500000 1.570797 0.049928 4.000000 0.000000
FAIL
DYNAMIC_OBS_INFO 0 -5.750000 32.178497 1.570796 181.170788 -5.750000 233.431290 27.301274 1.287741
DYNAMIC_OBS_INFO 1 -1.750000 31.747070 1.570796 138.714737 -1.750000 190.931767 30.674360 2.632324
STATIC_OBS_INFO 0 -6.300000 60.033999 7.843406 
STATIC_OBS_INFO 1 -6.300000 77.193909 24.954816 
NO_CANDIDATE
EGO_STATUS -5.250000 52.261192 9.600000 1.570797 0.049928 4.000000 0.000000
FAIL
DYNAMIC_OBS_INFO 0 -5.750000 32.178497 1.570796 183.902351 -5.750000 236.167856 27.430048 1.287741
DYNAMIC_OBS_INFO 1 -1.750000 31.747070 1.570796 141.789384 -1.750000 194.012364 30.937592 2.632324
STATIC_OBS_INFO 0 -6.300000 60.033999 7.838459 
STATIC_OBS_INFO 1 -6.300000 77.193909 24.949828 
NO_CANDIDATE
EGO_STATUS -5.250000 52.266185 9.700000 1.570797 0.049928 4.000000 0.000000
FAIL
DYNAMIC_OBS_INFO 0 -5.750000 32.178497 1.570796 186.646791 -5.750000 238.917299 27.558822 1.287741
DYNAMIC_OBS_INFO 1 -1.750000 31.747070 1.570796 144.890387 -1.750000 197.119285 31.200825 2.632324
STATIC_OBS_INFO 0 -6.300000 60.033999 7.833511 
STATIC_OBS_INFO 1 -6.300000 77.193909 24.944839 
NO_CANDIDATE
EGO_STATUS -5.250000 52.271178 9.800000 1.570797 0.049928 4.000000 0.000000
FAIL
DYNAMIC_OBS_INFO 0 -5.750000 32.178497 1.570796 189.404110 -5.750000 241.679620 27.687596 1.287741
DYNAMIC_OBS_INFO 1 -1.750000 31.747070 1.570796 148.017745 -1.750000 200.252529 31.464057 2.632324
STATIC_OBS_INFO 0 -6.300000 60.033999 7.828563 
STATIC_OBS_INFO 1 -6.300000 77.193909 24.939851 
NO_CANDIDATE
EGO_STATUS -5.250000 52.276171 9.900000 1.570797 0.049928 4.000000 0.000000
FAIL
DYNAMIC_OBS_INFO 0 -5.750000 32.178497 1.570796 192.174306 -5.750000 244.454819 27.816370 1.287741
DYNAMIC_OBS_INFO 1 -1.750000 31.747070 1.570796 151.171456 -1.750000 203.412097 31.727289 2.632324
STATIC_OBS_INFO 0 -6.300000 60.033999 7.823615 
STATIC_OBS_INFO 1 -6.300000 77.193909 24.934863 
NO_CANDIDATE
EGO_STATUS -5.250000 52.281163 10.000000 1.570797 0.049928 4.000000 0.000000
FAIL
DYNAMIC_OBS_INFO 0 -5.750000 32.178497 1.570796 194.957379 -5.750000 247.242894 27.945144 1.287741
DYNAMIC_OBS_INFO 1 -1.750000 31.747070 1.570796 154.351518 -1.750000 206.597987 31.990522 2.632324
STATIC_OBS_INFO 0 -6.300000 60.033999 7.818668 
STATIC_OBS_INFO 1 -6.300000 77.193909 24.929874 
NO_CANDIDATE
EGO_STATUS -5.250000 52.286156 10.100000 1.570797 0.049928 4.000000 0.000000
FAIL
DYNAMIC_OBS_INFO 0 -5.750000 32.178497 1.570796 197.753330 -5.750000 250.043847 28.073918 1.287741
DYNAMIC_OBS_INFO 1 -1.750000 31.747070 1.570796 157.557931 -1.750000 209.810201 32.253754 2.632324
STATIC_OBS_INFO 0 -6.300000 60.033999 7.813720 
STATIC_OBS_INFO 1 -6.300000 77.193909 24.924886 
NO_CANDIDATE
EGO_STATUS -5.250000 52.291149 10.200000 1.570797 0.049928 4.000000 0.000000
FAIL
DYNAMIC_OBS_INFO 0 -5.750000 32.178497 1.570796 200.562159 -5.750000 252.857678 28.202692 1.287741
DYNAMIC_OBS_INFO 1 -1.750000 31.747070 1.570796 160.790694 -1.750000 213.048738 32.516987 2.632324
STATIC_OBS_INFO 0 -6.300000 60.033999 7.808773 
STATIC_OBS_INFO 1 -6.300000 77.193909 24.919897 
NO_CANDIDATE
EGO_STATUS -5.250000 52.296142 10.300000 1.570797 0.049928 4.000000 0.000000
FAIL
DYNAMIC_OBS_INFO 0 -5.750000 32.178497 1.570796 203.383866 -5.750000 255.684386 28.331466 1.287741
DYNAMIC_OBS_INFO 1 -1.750000 31.747070 1.570796 164.049804 -1.750000 216.313598 32.780219 2.632324
STATIC_OBS_INFO 0 -6.300000 60.033999 7.803825 
STATIC_OBS_INFO 1 -6.300000 77.193909 24.914909 
NO_CANDIDATE
EGO_STATUS -5.250000 52.301135 10.400000 1.570797 0.049928 4.000000 0.000000
FAIL
DYNAMIC_OBS_INFO 0 -5.750000 32.178497 1.570796 206.218450 -5.750000 258.523971 28.460240 1.287741
DYNAMIC_OBS_INFO 1 -1.750000 31.747070 1.570796 167.335262 -1.750000 219.604782 33.043452 2.632324
STATIC_OBS_INFO 0 -6.300000 60.033999 7.798878 
STATIC_OBS_INFO 1 -6.300000 77.193909 24.909921 
NO_CANDIDATE
EGO_STATUS -5.250000 52.306128 10.500000 1.570797 0.049928 4.000000 0.000000
FAIL
DYNAMIC_OBS_INFO 0 -5.750000 32.178497 1.570796 209.065911 -5.750000 261.376434 28.589014 1.287741
DYNAMIC_OBS_INFO 1 -1.750000 31.747070 1.570796 170.647065 -1.750000 222.922289 33.306684 2.632324
STATIC_OBS_INFO 0 -6.300000 60.033999 7.793931 
STATIC_OBS_INFO 1 -6.300000 77.193909 24.904932 
NO_CANDIDATE
EGO_STATUS -5.250000 52.311120 10.600000 1.570797 0.049928 4.000000 0.000000
FAIL
DYNAMIC_OBS_INFO 0 -5.750000 32.178497 1.570796 211.926251 -5.750000 264.241774 28.717789 1.287741
DYNAMIC_OBS_INFO 1 -1.750000 31.747070 1.570796 173.985213 -1.750000 226.266119 33.569917 2.632324
STATIC_OBS_INFO 0 -6.300000 60.033999 7.788983 
STATIC_OBS_INFO 1 -6.300000 77.193909 24.899944 
NO_CANDIDATE
EGO_STATUS -5.250000 52.316113 10.700000 1.570797 0.049928 4.000000 0.000000
FAIL
DYNAMIC_OBS_INFO 0 -5.750000 32.178497 1.570796 214.799468 -5.750000 267.119992 28.846563 1.287741
DYNAMIC_OBS_INFO 1 -1.750000 31.747070 1.570796 177.349706 -1.750000 229.636272 33.833149 2.632324
STATIC_OBS_INFO 0 -6.300000 60.033999 7.784036 
STATIC_OBS_INFO 1 -6.300000 77.193909 24.894956 
NO_CANDIDATE
EGO_STATUS -5.250000 52.321106 10.800000 1.570797 0.049928 4.000000 0.000000
FAIL
DYNAMIC_OBS_INFO 0 -5.750000 32.178497 1.570796 217.685562 -5.750000 270.011087 28.975337 1.287741
DYNAMIC_OBS_INFO 1 -1.750000 31.747070 1.570796 180.740541 -1.750000 233.032749 34.096381 2.632324
STATIC_OBS_INFO 0 -6.300000 60.033999 7.779089 
STATIC_OBS_INFO 1 -6.300000 77.193909 24.889967 
NO_CANDIDATE
EGO_STATUS -5.250000 52.326099 10.900000 1.570797 0.049928 4.000000 0.000000
FAIL
DYNAMIC_OBS_INFO 0 -5.750000 32.178497 1.570796 220.584534 -5.750000 272.915059 29.104111 1.287741
DYNAMIC_OBS_INFO 1 -1.750000 31.747070 1.570796 184.157719 -1.750000 236.455548 34.359614 2.632324
STATIC_OBS_INFO 0 -6.300000 60.033999 7.774142 
STATIC_OBS_INFO 1 -6.300000 77.193909 24.884979 
NO_CANDIDATE
EGO_STATUS -5.250000 52.331092 11.000000 1.570797 0.049928 4.000000 0.000000
FAIL
DYNAMIC_OBS_INFO 0 -5.750000 32.178497 1.570796 223.496384 -5.750000 275.831909 29.232885 1.287741
DYNAMIC_OBS_INFO 1 -1.750000 31.747070 1.570796 187.601239 -1.750000 239.904671 34.622846 2.632324
STATIC_OBS_INFO 0 -6.300000 60.033999 7.769195 
STATIC_OBS_INFO 1 -6.300000 77.193909 24.879990 
NO_CANDIDATE
EGO_STATUS -5.250000 52.336084 11.100000 1.570797 0.049928 4.000000 0.000000
FAIL
DYNAMIC_OBS_INFO 0 -5.750000 32.178497 1.570796 226.421111 -5.750000 278.761636 29.361659 1.287741
DYNAMIC_OBS_INFO 1 -1.750000 31.747070 1.570796 191.071099 -1.750000 243.380118 34.886079 2.632324
STATIC_OBS_INFO 0 -6.300000 60.033999 7.764248 
STATIC_OBS_INFO 1 -6.300000 77.193909 24.875002 
NO_CANDIDATE
EGO_STATUS -5.250000 52.341077 11.200000 1.570797 0.049928 4.000000 0.000000
FAIL
DYNAMIC_OBS_INFO 0 -5.750000 32.178497 1.570796 229.358715 -5.750000 281.704240 29.490433 1.287741
DYNAMIC_OBS_INFO 1 -1.750000 31.747070 1.570796 194.567300 -1.750000 246.881887 35.149311 2.632324
STATIC_OBS_INFO 0 -6.300000 60.033999 7.759301 
STATIC_OBS_INFO 1 -6.300000 77.193909 24.870014 
NO_CANDIDATE
EGO_STATUS -5.250000 52.346070 11.300000 1.570797 0.049928 4.000000 0.000000
FAIL
DYNAMIC_OBS_INFO 0 -5.750000 32.178497 1.570796 232.309198 -5.750000 284.659723 29.619207 1.287741
DYNAMIC_OBS_INFO 1 -1.750000 31.747070 1.570796 198.089840 -1.750000 250.409980 35.412544 2.632324
STATIC_OBS_INFO 0 -6.300000 60.033999 7.754354 
STATIC_OBS_INFO 1 -6.300000 77.193909 24.865025 
NO_CANDIDATE
EGO_STATUS -5.250000 52.351063 11.400000 1.570797 0.049928 4.000000 0.000000
FAIL
DYNAMIC_OBS_INFO 0 -5.750000 32.178497 1.570796 235.272558 -5.750000 287.628082 29.747981 1.287741
DYNAMIC_OBS_INFO 1 -1.750000 31.747070 1.570796 201.638718 -1.750000 253.964396 35.675776 2.632324
STATIC_OBS_INFO 0 -6.300000 60.033999 7.749407 
STATIC_OBS_INFO 1 -6.300000 77.193909 24.860037 
NO_CANDIDATE
EGO_STATUS -5.250000 52.356056 11.500000 1.570797 0.049928 4.000000 0.000000
FAIL
DYNAMIC_OBS_INFO 0 -5.750000 32.178497 1.570796 238.248795 -5.750000 290.609319 29.876755 1.287741
DYNAMIC_OBS_INFO 1 -1.750000 31.747070 1.570796 205.213936 -1.750000 257.545135 35.939008 2.632324
STATIC_OBS_INFO 0 -6.300000 60.033999 7.744460 
STATIC_OBS_INFO 1 -6.300000 77.193909 24.855049 
NO_CANDIDATE
EGO_STATUS -5.250000 52.361049 11.600000 1.570797 0.049928 4.000000 0.000000
FAIL
DYNAMIC_OBS_INFO 0 -5.750000 32.178497 1.570796 241.237910 -5.750000 293.603433 30.005529 1.287741
DYNAMIC_OBS_INFO 1 -1.750000 31.747070 1.570796 208.815490 -1.750000 261.152197 36.202241 2.632324
STATIC_OBS_INFO 0 -6.300000 60.033999 7.739514 
STATIC_OBS_INFO 1 -6.300000 77.193909 24.850060 
NO_CANDIDATE
EGO_STATUS -5.250000 52.366041 11.700000 1.570797 0.049928 4.000000 0.000000
FAIL
DYNAMIC_OBS_INFO 0 -5.750000 32.178497 1.570796 244.239902 -5.750000 296.610425 30.134304 1.287741
DYNAMIC_OBS_INFO 1 -1.750000 31.747070 1.570796 212.443382 -1.750000 264.785583 36.465473 2.632324
STATIC_OBS_INFO 0 -6.300000 60.033999 7.734567 
STATIC_OBS_INFO 1 -6.300000 77.193909 24.845072 
NO_CANDIDATE
EGO_STATUS -5.250000 52.371034 11.800000 1.570797 0.049928 4.000000 0.000000
FAIL
DYNAMIC_OBS_INFO 0 -5.750000 32.178497 1.570796 247.254772 -5.750000 299.630294 30.263078 1.287741
DYNAMIC_OBS_INFO 1 -1.750000 31.747070 1.570796 216.097611 -1.750000 268.445292 36.728706 2.632324
STATIC_OBS_INFO 0 -6.300000 60.033999 7.729621 
STATIC_OBS_INFO 1 -6.300000 77.193909 24.840084 
NO_CANDIDATE
EGO_STATUS -5.250000 52.376027 11.900000 1.570797 0.049928 4.000000 0.000000
FAIL
DYNAMIC_OBS_INFO 0 -5.750000 32.178497 1.570796 250.282520 -5.750000 302.663040 30.391852 1.287741
DYNAMIC_OBS_INFO 1 -1.750000 31.747070 1.570796 219.778175 -1.750000 272.131324 36.991938 2.632324
STATIC_OBS_INFO 0 -6.300000 60.033999 7.724674 
STATIC_OBS_INFO 1 -6.300000 77.193909 24.835095 
NO_CANDIDATE
EGO_STATUS -5.250000 52.381020 12.000000 1.570797 0.049928 4.000000 0.000000
FAIL
DYNAMIC_OBS_INFO 0 -5.750000 32.178497 1.570796 253.323145 -5.750000 305.708664 30.520626 1.287741
DYNAMIC_OBS_INFO 1 -1.750000 31.747070 1.570796 223.485076 -1.750000 275.843680 37.255171 2.632324
STATIC_OBS_INFO 0 -6.300000 60.033999 7.719728 
STATIC_OBS_INFO 1 -6.300000 77.193909 24.830107 
NO_CANDIDATE
EGO_STATUS -5.250000 52.386013 12.100000 1.570797 0.049928 4.000000 0.000000
FAIL
DYNAMIC_OBS_INFO 0 -5.750000 32.178497 1.570796 256.376648 -5.750000 308.767165 30.649400 1.287741
DYNAMIC_OBS_INFO 1 -1.750000 31.747070 1.570796 227.218311 -1.750000 279.582358 37.518403 2.632324
STATIC_OBS_INFO 0 -6.300000 60.033999 7.714781 
STATIC_OBS_INFO 1 -6.300000 77.193909 24.825118 
NO_CANDIDATE
EGO_STATUS -5.250000 52.391005 12.200000 1.570797 0.049928 4.000000 0.000000
FAIL
DYNAMIC_OBS_INFO 0 -5.750000 32.178497 1.570796 259.443028 -5.750000 311.838544 30.778174 1.287741
DYNAMIC_OBS_INFO 1 -1.750000 31.747070 1.570796 230.977881 -1.750000 283.347360 37.781636 2.632324
STATIC_OBS_INFO 0 -6.300000 60.033999 7.709835 
STATIC_OBS_INFO 1 -6.300000 77.193909 24.820130 
NO_CANDIDATE
EGO_STATUS -5.250000 52.395998 12.300000 1.570797 0.049928 4.000000 0.000000
FAIL
DYNAMIC_OBS_INFO 0 -5.750000 32.178497 1.570796 262.522285 -5.750000 314.922800 30.906948 1.287741
DYNAMIC_OBS_INFO 1 -1.750000 31.747070 1.570796 234.763786 -1.750000 287.138686 38.044868 2.632324
STATIC_OBS_INFO 0 -6.300000 60.033999 7.704889 
STATIC_OBS_INFO 1 -6.300000 77.193909 24.815142 
NO_CANDIDATE
EGO_STATUS -5.250000 52.400991 12.400000 1.570797 0.049928 4.000000 0.000000
FAIL
DYNAMIC_OBS_INFO 0 -5.750000 32.178497 1.570796 265.614420 -5.750000 318.019934 31.035722 1.287741
DYNAMIC_OBS_INFO 1 -1.750000 31.747070 1.570796 238.576025 -1.750000 290.956334 38.308100 2.632324
STATIC_OBS_INFO 0 -6.300000 60.033999 7.699942 
STATIC_OBS_INFO 1 -6.300000 77.193909 24.810153 
NO_CANDIDATE
EGO_STATUS -5.250000 52.405984 12.500000 1.570797 0.049928 4.000000 0.000000
FAIL
DYNAMIC_OBS_INFO 0 -5.750000 32.178497 1.570796 268.719433 -5.750000 321.129945 31.164496 1.287741
DYNAMIC_OBS_INFO 1 -1.750000 31.747070 1.570796 242.414597 -1.750000 294.800306 38.571333 2.632324
STATIC_OBS_INFO 0 -6.300000 60.033999 7.694996 
STATIC_OBS_INFO 1 -6.300000 77.193909 24.805165 
NO_CANDIDATE
EGO_STATUS -5.250000 52.410977 12.600000 1.570797 0.049928 4.000000 0.000000
FAIL
DYNAMIC_OBS_INFO 0 -5.750000 32.178497 1.570796 271.837323 -5.750000 324.252833 31.293270 1.287741
DYNAMIC_OBS_INFO 1 -1.750000 31.747070 1.570796 246.279502 -1.750000 298.670601 38.834565 2.632324
STATIC_OBS_INFO 0 -6.300000 60.033999 7.690050 
STATIC_OBS_INFO 1 -6.300000 77.193909 24.800177 
NO_CANDIDATE
EGO_STATUS -5.250000 52.415969 12.700000 1.570797 0.049928 4.000000 0.000000
FAIL
DYNAMIC_OBS_INFO 0 -5.750000 32.178497 1.570796 274.968091 -5.750000 327.388599 31.422044 1.287741
DYNAMIC_OBS_INFO 1 -1.750000 31.747070 1.570796 250.170741 -1.750000 302.567219 39.097798 2.632324
STATIC_OBS_INFO 0 -6.300000 60.033999 7.685104 
STATIC_OBS_INFO 1 -6.300000 77.193909 24.795188 
NO_CANDIDATE
EGO_STATUS -5.250000 52.420962 12.800000 1.570797 0.049928 4.000000 0.000000
FAIL
DYNAMIC_OBS_INFO 0 -5.750000 32.178497 1.570796 278.111736 -5.750000 330.537242 31.550818 1.287741
DYNAMIC_OBS_INFO 1 -1.750000 31.747070 1.570796 254.088312 -1.750000 306.490160 39.361030 2.632324
STATIC_OBS_INFO 0 -6.300000 60.033999 7.680158 
STATIC_OBS_INFO 1 -6.300000 77.193909 24.790200 
NO_CANDIDATE
EGO_STATUS -5.250000 52.425955 12.900000 1.570797 0.049928 4.000000 0.000000
FAIL
DYNAMIC_OBS_INFO 0 -5.750000 32.178497 1.570796 281.268259 -5.750000 333.698762 31.679593 1.287741
DYNAMIC_OBS_INFO 1 -1.750000 31.747070 1.570796 258.032215 -1.750000 310.439425 39.624263 2.632324
STATIC_OBS_INFO 0 -6.300000 60.033999 7.675212 
STATIC_OBS_INFO 1 -6.300000 77.193909 24.785212 
NO_CANDIDATE
EGO_STATUS -5.250000 52.430948 13.000000 1.570797 0.049928 4.000000 0.000000
FAIL
DYNAMIC_OBS_INFO 0 -5.750000 32.178497 1.570796 284.437659 -5.750000 336.873160 31.808367 1.287741
DYNAMIC_OBS_INFO 1 -1.750000 31.747070 1.570796 262.002451 -1.750000 314.415013 39.887495 2.632324
STATIC_OBS_INFO 0 -6.300000 60.033999 7.670267 
STATIC_OBS_INFO 1 -6.300000 77.193909 24.780223 
NO_CANDIDATE
EGO_STATUS -5.250000 52.435941 13.100000 1.570797 0.049928 4.000000 0.000000
FAIL
DYNAMIC_OBS_INFO 0 -5.750000 32.178497 1.570796 287.619937 -5.750000 340.060436 31.937141 1.287741
DYNAMIC_OBS_INFO 1 -1.750000 31.747070 1.570796 265.999018 -1.750000 318.416924 40.150728 2.632324
STATIC_OBS_INFO 0 -6.300000 60.033999 7.665321 
STATIC_OBS_INFO 1 -6.300000 77.193909 24.775235 
NO_CANDIDATE
EGO_STATUS -5.250000 52.440934 13.200000 1.570797 0.049928 4.000000 0.000000
FAIL
DYNAMIC_OBS_INFO 0 -5.750000 32.178497 1.570796 290.815092 -5.750000 343.260588 32.065915 1.287741
DYNAMIC_OBS_INFO 1 -1.750000 31.747070 1.570796 270.021916 -1.750000 322.445158 40.413960 2.632324
STATIC_OBS_INFO 0 -6.300000 60.033999 7.660375 
STATIC_OBS_INFO 1 -6.300000 77.193909 24.770247 
NO_CANDIDATE
EGO_STATUS -5.250000 52.445926 13.300000 1.570797 0.049928 4.000000 0.000000
FAIL
DYNAMIC_OBS_INFO 0 -5.750000 32.178497 1.570796 294.023125 -5.750000 346.473619 32.194689 1.287741
DYNAMIC_OBS_INFO 1 -1.750000 31.747070 1.570796 274.071146 -1.750000 326.499716 40.677192 2.632324
STATIC_OBS_INFO 0 -6.300000 60.033999 7.655429 
STATIC_OBS_INFO 1 -6.300000 77.193909 24.765258 
NO_CANDIDATE
EGO_STATUS -5.250000 52.450919 13.400000 1.570797 0.049928 4.000000 0.000000
FAIL
DYNAMIC_OBS_INFO 0 -5.750000 32.178497 1.570796 297.244035 -5.750000 349.699526 32.323463 1.287741
DYNAMIC_OBS_INFO 1 -1.750000 31.747070 1.570796 278.146706 -1.750000 330.580597 40.940425 2.632324
STATIC_OBS_INFO 0 -6.300000 60.033999 7.650484 
STATIC_OBS_INFO 1 -6.300000 77.193909 24.760270 
NO_CANDIDATE
EGO_STATUS -5.250000 52.455912 13.500000 1.570797 0.049928 4.000000 0.000000
FAIL
DYNAMIC_OBS_INFO 0 -5.750000 32.178497 1.570796 300.477822 -5.750000 352.938311 32.452237 1.287741
DYNAMIC_OBS_INFO 1 -1.750000 31.747070 1.570796 282.248598 -1.750000 334.687801 41.203657 2.632324
STATIC_OBS_INFO 0 -6.300000 60.033999 7.645538 
STATIC_OBS_INFO 1 -6.300000 77.193909 24.755282 
NO_CANDIDATE
EGO_STATUS -5.250000 52.460905 13.600000 1.570797 0.049928 4.000000 0.000000
FAIL
DYNAMIC_OBS_INFO 0 -5.750000 32.178497 1.570796 303.724488 -5.750000 356.189974 32.581011 1.287741
DYNAMIC_OBS_INFO 1 -1.750000 31.747070 1.570796 286.376819 -1.750000 338.821328 41.466890 2.632324
STATIC_OBS_INFO 0 -6.300000 60.033999 7.640593 
STATIC_OBS_INFO 1 -6.300000 77.193909 24.750293 
NO_CANDIDATE
EGO_STATUS -5.250000 52.465898 13.700000 1.570797 0.049928 4.000000 0.000000
FAIL
DYNAMIC_OBS_INFO 0 -5.750000 32.178497 1.570796 306.984030 -5.750000 359.454513 32.709785 1.287741
DYNAMIC_OBS_INFO 1 -1.750000 31.747070 1.570796 290.531371 -1.750000 342.981179 41.730122 2.632324
STATIC_OBS_INFO 0 -6.300000 60.033999 7.635647 
STATIC_OBS_INFO 1 -6.300000 77.193909 24.745305 
NO_CANDIDATE
EGO_STATUS -5.250000 52.470890 13.800000 1.570797 0.049928 4.000000 0.000000
FAIL
DYNAMIC_OBS_INFO 0 -5.750000 32.178497 1.570796 310.256450 -5.750000 362.731931 32.838559 1.287741
DYNAMIC_OBS_INFO 1 -1.750000 31.747070 1.570796 294.712253 -1.750000 347.167353 41.993355 2.632324
STATIC_OBS_INFO 0 -6.300000 60.033999 7.630702 
STATIC_OBS_INFO 1 -6.300000 77.193909 24.740317 
NO_CANDIDATE
EGO_STATUS -5.250000 52.475883 13.900000 1.570797 0.049928 4.000000 0.000000
FAIL
DYNAMIC_OBS_INFO 0 -5.750000 32.178497 1.570796 313.541748 -5.750000 366.022225 32.967333 1.287741
DYNAMIC_OBS_INFO 1 -1.750000 31.747070 1.570796 298.919465 -1.750000 351.379850 42.256587 2.632324
STATIC_OBS_INFO 0 -6.300000 60.033999 7.625757 
STATIC_OBS_INFO 1 -6.300000 77.193909 24.735328 
NO_CANDIDATE
EGO_STATUS -5.250000 52.480876 14.000000 1.570797 0.049928 4.000000 0.000000
FAIL
DYNAMIC_OBS_INFO 0 -5.750000 32.178497 1.570796 316.839923 -5.750000 369.325397 33.096108 1.287741
DYNAMIC_OBS_INFO 1 -1.750000 31.747070 1.570796 303.153006 -1.750000 355.618670 42.519819 2.632324
STATIC_OBS_INFO 0 -6.300000 60.033999 7.620811 
STATIC_OBS_INFO 1 -6.300000 77.193909 24.730340 
TIMEOUT
