STATIC_OBS_INIT_INFO 0 -6.300000 76.515171
STATIC_OBS_INIT_INFO 1 -6.300000 63.841963
Parent: -28.176142 10.000000 101.000000 0.000000 15.150000 18.141237 -10.000000 2.182621 40.000000 0.000000 0 0 0 0 0 0 0 0
Child: 18.141237 24.846548 250.000000 11.350369 271.800000 0.000000 -10.000000 0.000000 0.000000 0.000000 0 0 0 0 0 0 0 0
EGO_STATUS -5.750000 14.162071 0.000000 1.570796 15.965459 4.000000 0.000000
DYNAMIC_OBS_INFO 0 -5.750000 57.385791 1.570796 41.627175 -5.750000 57.385791 10.037454 1.274648
DYNAMIC_OBS_INFO 1 -1.750000 31.197946 1.570796 15.949069 -1.750000 31.197946 9.319601 2.786841
STATIC_OBS_INFO 0 -6.300000 76.515171 60.759044 
STATIC_OBS_INFO 1 -6.300000 63.841963 48.086492 
Parent: 11.655165 10.000000 101.000000 0.000000 615.150000 7.040252 -10.000000 2.708973 49.000000 0.000000 0 0 0 0 0 0 0 0
Child: 7.040252 10.000000 101.000000 0.000000 15.150000 15.540252 -10.000000 0.000000 0.000000 0.000000 0 0 0 0 0 0 0 0
Child: 15.540252 23.250002 234.000000 11.350250 245.700000 0.000000 -10.000000 0.000000 0.000000 0.000000 0 0 0 0 0 0 0 0
EGO_STATUS -5.749990 15.758617 0.100000 1.570765 15.965459 4.000000 0.000000
DYNAMIC_OBS_INFO 0 -5.750000 57.385791 1.570796 41.040747 -5.750000 58.395910 10.164918 1.274648
DYNAMIC_OBS_INFO 1 -1.750000 31.197946 1.570796 14.409035 -1.750000 31.197946 9.319601 2.786841
STATIC_OBS_INFO 0 -6.300000 76.515171 59.162568 
STATIC_OBS_INFO 1 -6.300000 63.841963 46.490057 
Parent: 10.924881 10.000000 101.000000 0.000000 615.150000 4.409967 -10.000000 2.608973 47.000000 0.000000 0 0 0 0 0 0 0 0
Child: 4.409967 10.000000 101.000000 0.000000 15.150000 12.909967 -10.000000 0.000000 0.000000 0.000000 0 0 0 0 0 0 0 0
Child: 12.909967 21.653456 218.000000 11.350142 219.300000 0.000000 -10.000000 0.000000 0.000000 0.000000 0 0 0 0 0 0 0 0
EGO_STATUS -5.749706 17.355163 0.200000 1.570358 15.965459 4.000000 0.000000
DYNAMIC_OBS_INFO 0 -5.750000 57.385791 1.570796 40.467067 -5.750000 59.418775 10.292383 1.274648
DYNAMIC_OBS_INFO 1 -1.750000 31.197946 1.570796 12.882335 -1.750000 31.197946 9.319601 2.786841
STATIC_OBS_INFO 0 -6.300000 76.515171 57.566110 
STATIC_OBS_INFO 1 -6.300000 63.841963 44.893649 
Parent: 9.195236 10.000000 101.000000 0.000000 615.150000 1.780322 -10.000000 2.508973 46.000000 0.000000 0 0 0 0 0 0 0 0
Child: 1.780322 10.000000 101.000000 0.000000 15.150000 10.280322 -10.000000 0.000000 0.000000 0.000000 0 0 0 0 0 0 0 0
Child: 10.280322 20.056911 202.000000 11.350050 192.900000 0.000000 -10.000000 0.000000 0.000000 0.000000 0 0 0 0 0 0 0 0
EGO_STATUS -5.748027 18.951708 0.300000 1.568894 15.965459 4.000000 0.000000
DYNAMIC_OBS_INFO 0 -5.750000 57.385791 1.570796 39.906143 -5.750000 60.454387 10.419848 1.274648
DYNAMIC_OBS_INFO 1 -1.750000 31.197946 1.570796 11.373559 -1.750000 31.197946 9.319601 2.786841
STATIC_OBS_INFO 0 -6.300000 76.515171 55.969702 
STATIC_OBS_INFO 1 -6.300000 63.841963 43.297306 
Parent: 8.466395 10.000000 101.000000 0.000000 615.150000 -0.848519 -10.000000 2.408973 44.000000 0.000000 0 0 0 0 0 0 0 0
Child: -0.848519 10.000000 101.000000 0.000000 15.150000 7.651481 -10.000000 0.000000 0.000000 0.000000 0 0 0 0 0 0 0 0
Child: 7.651481 18.460365 186.000000 11.349976 166.500000 0.000000 -10.000000 0.000000 0.000000 0.000000 0 0 0 0 0 0 0 0
EGO_STATUS -5.742706 20.548244 0.400000 1.565705 15.965459 4.000000 0.000000
DYNAMIC_OBS_INFO 0 -5.750000 57.385791 1.570796 39.358007 -5.750000 61.502745 10.547313 1.274648
DYNAMIC_OBS_INFO 1 -1.750000 31.197946 1.570796 9.889692 -1.750000 31.197946 9.319601 2.786841
STATIC_OBS_INFO 0 -6.300000 76.515171 54.373410 
STATIC_OBS_INFO 1 -6.300000 63.841963 41.701107 
Parent: 7.738586 10.000000 101.000000 0.000000 615.150000 -3.476328 -10.000000 2.308973 42.000000 0.000000 0 0 0 0 0 0 0 0
Child: -3.476328 10.000000 101.000000 0.000000 15.150000 5.023672 -10.000000 0.000000 0.000000 0.000000 0 0 0 0 0 0 0 0
Child: 5.023672 16.863820 170.000000 11.349925 140.100000 0.000000 -10.000000 0.000000 0.000000 0.000000 0 0 0 0 0 0 0 0
EGO_STATUS -5.730643 22.144742 0.500000 1.560423 15.965459 4.000000 0.000000
DYNAMIC_OBS_INFO 0 -5.750000 57.385791 1.570796 38.822740 -5.750000 62.563849 10.674778 1.274648
DYNAMIC_OBS_INFO 1 -1.750000 31.197946 1.570796 8.442390 -1.750000 31.197946 9.319601 2.786841
STATIC_OBS_INFO 0 -6.300000 76.515171 52.777354 
STATIC_OBS_INFO 1 -6.300000 63.841963 40.105193 
Parent: 6.041870 10.000000 101.000000 0.000000 615.150000 -6.073044 -10.000000 2.208973 41.000000 0.000000 0 0 0 0 0 0 0 0
Child: -6.073044 10.000000 101.000000 0.000000 15.150000 2.426956 -10.000000 0.000000 0.000000 0.000000 0 0 0 0 0 0 0 0
Child: 2.426956 15.267274 154.000000 11.349894 114.000000 0.000000 -10.000000 0.000000 0.000000 0.000000 0 0 0 0 0 0 0 0
EGO_STATUS -5.708520 23.741132 0.600000 1.553167 15.965459 4.000000 0.000000
DYNAMIC_OBS_INFO 0 -5.750000 57.385791 1.570796 38.300484 -5.750000 63.637700 10.802243 1.274648
DYNAMIC_OBS_INFO 1 -1.750000 31.197946 1.570796 7.052821 -1.750000 31.197946 9.319601 2.786841
STATIC_OBS_INFO 0 -6.300000 76.515171 51.181712 
STATIC_OBS_INFO 1 -6.300000 63.841963 38.509765 
Parent: 270.033459 30.290952 304.000000 10.417575 3032.100000 11.685719 0.000000 4.187366 49.000000 0.000000 0 0 0 0 0 0 0 0
Child: 11.685719 13.670729 138.000000 27.062196 90.900000 0.000000 0.000000 0.000000 0.000000 0.000000 0 0 0 1 0 0 0 0
EGO_STATUS -5.673649 25.337292 0.700000 1.544609 15.965459 4.000000 0.000000
DYNAMIC_OBS_INFO 0 -5.750000 57.385791 1.570796 37.820824 -5.750000 64.724298 10.929707 1.274648
DYNAMIC_OBS_INFO 1 -1.750000 31.197946 1.570796 5.784729 -1.750000 31.197946 9.319601 2.786841
STATIC_OBS_INFO 0 -6.300000 76.515171 49.616074 
STATIC_OBS_INFO 1 -6.300000 63.841963 36.944437 
Parent: 258.679464 30.290952 304.000000 10.417539 3032.100000 -0.568281 0.000000 4.087374 48.000000 0.000000 0 0 0 0 0 0 0 0
Child: -0.568281 12.103610 123.000000 26.097556 69.750000 0.000000 -10.000000 0.000000 0.000000 0.000000 0 0 0 1 0 0 0 0
EGO_STATUS -5.625867 26.903677 0.800000 1.536101 15.377459 1.000000 -5.880000
DYNAMIC_OBS_INFO 0 -5.750000 57.385791 1.570796 37.413181 -5.750000 65.823642 11.057172 1.274648
DYNAMIC_OBS_INFO 1 -1.750000 31.197946 1.570796 4.727098 -1.750000 31.197946 9.319601 2.786841
STATIC_OBS_INFO 0 -6.300000 76.515171 48.109836 
STATIC_OBS_INFO 1 -6.300000 63.841963 35.438619 
Parent: 258.811583 30.290952 304.000000 10.417525 3032.100000 -2.336164 0.000000 3.987377 46.000000 0.000000 0 0 0 0 0 0 0 0
Child: -2.336164 10.595275 107.000000 25.945866 51.450000 0.000000 -10.000000 0.000000 0.000000 0.000000 0 0 0 1 0 0 0 0
EGO_STATUS -5.568095 28.410903 0.900000 1.529206 14.789459 1.000000 -5.880000
DYNAMIC_OBS_INFO 0 -5.750000 57.385791 1.570796 37.077529 -5.750000 66.935732 11.184637 1.274648
DYNAMIC_OBS_INFO 1 -1.750000 31.197946 1.570796 3.986105 -1.750000 31.197946 9.319601 2.786841
STATIC_OBS_INFO 0 -6.300000 76.515171 46.662937 
STATIC_OBS_INFO 1 -6.300000 63.841963 33.992257 
Parent: 258.154281 30.290952 304.000000 10.417478 3032.100000 -3.893472 0.000000 3.887388 45.000000 0.000000 0 0 0 0 0 0 0 0
Child: -3.893472 9.145765 93.000000 25.945088 36.150000 0.000000 -10.000000 0.000000 0.000000 0.000000 0 0 0 1 0 0 0 0
EGO_STATUS -5.504504 29.859016 1.000000 1.525145 14.201459 1.000000 -5.880000
DYNAMIC_OBS_INFO 0 -5.750000 57.385791 1.570796 36.813607 -5.750000 68.060569 11.312102 1.274648
DYNAMIC_OBS_INFO 1 -1.750000 31.197946 1.570796 3.690634 -1.750000 31.197946 9.319601 2.786841
STATIC_OBS_INFO 0 -6.300000 76.515171 45.275069 
STATIC_OBS_INFO 1 -6.300000 63.841963 32.605034 
Parent: 258.983082 30.290952 304.000000 10.417461 3032.100000 -4.964673 0.000000 3.787392 43.000000 0.000000 0 0 0 0 0 0 0 0
Child: -4.964673 7.755032 79.000000 25.944541 25.350000 0.000000 -10.000000 0.000000 0.000000 0.000000 0 0 0 1 0 0 0 0
EGO_STATUS -5.440291 31.248265 1.100000 1.524706 13.613459 1.000000 -5.880000
DYNAMIC_OBS_INFO 0 -5.750000 57.385791 1.570796 36.621172 -5.750000 69.198152 11.439567 1.274648
DYNAMIC_OBS_INFO 1 -1.750000 31.197946 1.570796 3.884495 -1.750000 31.197946 9.319601 2.786841
STATIC_OBS_INFO 0 -6.300000 76.515171 43.945945 
STATIC_OBS_INFO 1 -6.300000 63.841963 31.276633 
Parent: 259.007407 30.290952 304.000000 10.417412 3032.100000 -5.840355 0.000000 3.687403 42.000000 0.000000 0 0 0 0 0 0 0 0
Child: -5.840355 6.423124 66.000000 25.941913 16.800000 0.000000 -10.000000 0.000000 0.000000 0.000000 0 0 0 1 0 0 0 0
EGO_STATUS -5.380761 32.578842 1.200000 1.528110 13.025459 1.000000 -5.880000
DYNAMIC_OBS_INFO 0 -5.750000 57.385791 1.570796 36.499941 -5.750000 70.348482 11.567031 1.274648
DYNAMIC_OBS_INFO 1 -1.750000 31.197946 1.570796 4.456225 -1.750000 31.197946 9.319601 2.786841
STATIC_OBS_INFO 0 -6.300000 76.515171 42.675234 
STATIC_OBS_INFO 1 -6.300000 63.841963 30.006679 
Parent: 15.160874 10.000000 101.000000 0.000000 615.150000 -6.767184 -10.000000 2.022118 31.000000 0.000000 0 0 0 0 0 0 0 0
Child: -6.767184 10.000000 101.000000 0.000000 15.150000 1.732816 -10.000000 0.000000 0.000000 0.000000 0 0 0 0 0 0 0 0
Child: 1.732816 5.150015 53.000000 6.882807 10.950000 0.000000 0.000000 0.000000 0.000000 0.000000 0 0 0 0 0 0 0 0
EGO_STATUS -5.330432 33.850952 1.300000 1.534944 12.437459 1.000000 -5.880000
DYNAMIC_OBS_INFO 0 -5.750000 57.385791 1.570796 36.420360 -5.750000 71.511559 11.694496 1.274648
DYNAMIC_OBS_INFO 1 -1.750000 31.197946 1.570796 5.265199 -1.750000 31.197946 9.319601 2.786841
STATIC_OBS_INFO 0 -6.300000 76.515171 41.433361 
STATIC_OBS_INFO 1 -6.300000 63.841963 28.765561 
Parent: 246.643492 20.972423 211.000000 13.099702 2865.150000 -5.278388 0.000000 4.837182 39.000000 0.000000 0 0 0 0 0 0 0 0
Child: -5.278388 10.000000 101.000000 20.000000 15.150000 -8.758586 0.000000 0.000000 0.000000 0.000000 0 0 0 1 0 0 0 0
Child: -8.758586 3.906269 41.000000 6.879813 6.150000 0.000000 -10.000000 0.000000 0.000000 0.000000 0 0 0 0 0 0 0 0
EGO_STATUS -5.291528 35.094085 1.400000 1.544439 12.437459 4.000000 0.000000
DYNAMIC_OBS_INFO 0 -5.750000 57.385791 1.570796 36.353058 -5.750000 72.687382 11.821961 1.274648
DYNAMIC_OBS_INFO 1 -1.750000 31.197946 1.570796 6.226903 -1.750000 31.197946 9.319601 2.786841
STATIC_OBS_INFO 0 -6.300000 76.515171 40.190935 
STATIC_OBS_INFO 1 -6.300000 63.841963 27.523859 
Parent: 238.481915 32.975311 331.000000 11.558483 2714.450000 0.000000 0.000000 4.907968 38.000000 0.000000 0 0 0 0 0 0 0 0
EGO_STATUS -5.265503 36.337552 1.500000 1.555357 12.437459 4.000000 0.000000
DYNAMIC_OBS_INFO 0 -5.750000 57.385791 1.570796 36.309795 -5.750000 73.875951 11.949426 1.274648
DYNAMIC_OBS_INFO 1 -1.750000 31.197946 1.570796 7.271000 -1.750000 31.197946 9.319601 2.786841
STATIC_OBS_INFO 0 -6.300000 76.515171 38.959687 
STATIC_OBS_INFO 1 -6.300000 63.841963 26.293264 
Parent: 229.308031 31.743240 319.000000 11.558257 2716.850000 0.000000 -10.000000 4.807972 37.000000 0.000000 0 0 0 0 0 0 0 0
EGO_STATUS -5.252853 37.569559 1.600000 1.565335 12.204421 6.000000 -2.330386
DYNAMIC_OBS_INFO 0 -5.750000 57.385791 1.570796 36.302362 -5.750000 75.077267 12.076891 1.274648
DYNAMIC_OBS_INFO 1 -1.750000 31.197946 1.570796 8.349689 -1.750000 31.197946 9.319601 2.786841
STATIC_OBS_INFO 0 -6.300000 76.515171 37.751418 
STATIC_OBS_INFO 1 -6.300000 63.841963 25.085579 
Parent: 580.229840 20.972423 211.000000 3376.438424 2865.150000 3.768498 -10.000000 2.076340 36.000000 0.000000 1 1 1 0 0 0 0 0
Child: 3.768498 10.221683 104.000000 22.742395 15.600000 0.000000 0.000000 0.000000 0.000000 0.000000 0 0 1 0 0 0 0 0
EGO_STATUS -5.250707 38.778338 1.700000 1.572051 11.971382 6.000000 -2.330384
DYNAMIC_OBS_INFO 0 -5.750000 57.385791 1.570796 36.304534 -5.750000 76.291329 12.204355 1.274648
DYNAMIC_OBS_INFO 1 -1.750000 31.197946 1.570796 9.464776 -1.750000 31.197946 9.319601 2.786841
STATIC_OBS_INFO 0 -6.300000 76.515171 36.539962 
STATIC_OBS_INFO 1 -6.300000 63.841963 23.874702 
Parent: 570.865159 20.972423 211.000000 3376.438402 2865.150000 -6.496181 -10.000000 1.976339 35.000000 0.000000 1 1 1 0 0 0 0 0
Child: -6.496181 9.009835 92.000000 21.977723 13.800000 0.000000 -10.000000 0.000000 0.000000 0.000000 0 0 1 0 0 0 0 0
EGO_STATUS -5.254080 39.990182 1.800000 1.574341 12.265382 0.000000 2.940000
DYNAMIC_OBS_INFO 0 -5.750000 57.385791 1.570796 36.290039 -5.750000 77.518138 12.331820 1.274648
DYNAMIC_OBS_INFO 1 -1.750000 31.197946 1.570796 9.741101 -1.750000 32.143840 9.598285 2.786841
STATIC_OBS_INFO 0 -6.300000 76.515171 35.299123 
STATIC_OBS_INFO 1 -6.300000 63.841963 22.634533 
Parent: 572.587574 20.972423 211.000000 3376.438356 2865.150000 -6.673759 -10.000000 1.876338 33.000000 0.000000 1 1 1 0 0 0 0 0
Child: -6.673759 7.768574 79.000000 21.975130 11.850000 0.000000 -10.000000 0.000000 0.000000 0.000000 0 0 1 0 0 0 0 0
EGO_STATUS -5.257794 41.231437 1.900000 1.572774 12.559382 0.000000 2.940000
DYNAMIC_OBS_INFO 0 -5.750000 57.385791 1.570796 36.258933 -5.750000 78.757693 12.459285 1.274648
DYNAMIC_OBS_INFO 1 -1.750000 31.197946 1.570796 10.018856 -1.750000 33.117603 9.876969 2.786841
STATIC_OBS_INFO 0 -6.300000 76.515171 34.029023 
STATIC_OBS_INFO 1 -6.300000 63.841963 21.365275 
Parent: 573.280105 20.972423 211.000000 3376.438317 2865.150000 -6.881223 -10.000000 1.776337 32.000000 0.000000 1 1 1 0 0 0 0 0
Child: -6.881223 6.497917 66.000000 21.777729 9.900000 0.000000 -10.000000 0.000000 0.000000 0.000000 0 0 1 0 0 0 0 0
EGO_STATUS -5.258393 42.502093 2.000000 1.569780 12.853382 0.000000 2.940000
DYNAMIC_OBS_INFO 0 -5.750000 57.385791 1.570796 36.211241 -5.750000 80.009995 12.586750 1.274648
DYNAMIC_OBS_INFO 1 -1.750000 31.197946 1.570796 10.297962 -1.750000 34.119234 10.155653 2.786841
STATIC_OBS_INFO 0 -6.300000 76.515171 32.729709 
STATIC_OBS_INFO 1 -6.300000 63.841963 20.067029 
Parent: 838.691947 10.000000 101.000000 270.000000 2600.750000 603.252585 -10.000000 2.206688 41.000000 0.000000 0 1 1 0 0 0 0 0
Child: 603.252585 20.972423 211.000000 3376.438317 2865.150000 -7.132406 -10.000000 0.000000 0.000000 0.000000 1 1 1 0 0 0 0 0
Child: -7.132406 5.197879 53.000000 21.289324 7.950000 0.000000 -10.000000 0.000000 0.000000 0.000000 0 0 1 0 0 0 0 0
EGO_STATUS -5.255649 43.802128 2.100000 1.567946 13.147382 0.000000 2.940000
DYNAMIC_OBS_INFO 0 -5.750000 57.385791 1.570796 36.146897 -5.750000 81.275043 12.714215 1.274648
DYNAMIC_OBS_INFO 1 -1.750000 31.197946 1.570796 10.579258 -1.750000 35.148733 10.434337 2.786841
STATIC_OBS_INFO 0 -6.300000 76.515171 31.401089 
STATIC_OBS_INFO 1 -6.300000 63.841963 18.739716 
Parent: 1079.730278 10.217552 104.000000 30.572103 10662.800000 63.584811 -10.000000 4.567720 29.000000 0.000000 0 0 0 1 0 0 0 0
Child: 63.584811 10.000000 101.000000 20.000000 615.150000 0.698672 0.000000 0.000000 0.000000 0.000000 0 0 0 1 0 0 0 0
Child: 0.698672 3.868424 40.000000 1.224364 6.000000 0.000000 0.000000 0.000000 0.000000 0.000000 0 0 0 0 0 0 0 0
EGO_STATUS -5.251929 45.131578 2.200000 1.568411 13.441382 0.000000 2.940000
DYNAMIC_OBS_INFO 0 -5.750000 57.385791 1.570796 36.095306 -5.750000 82.552838 12.841680 1.274648
DYNAMIC_OBS_INFO 1 -1.750000 31.197946 1.570796 10.835688 -1.750000 36.206101 10.713022 2.786841
STATIC_OBS_INFO 0 -6.300000 76.515171 30.072514 
STATIC_OBS_INFO 1 -6.300000 63.841963 17.412659 
Parent: 1070.413196 10.217552 104.000000 30.572062 10662.800000 53.367727 -10.000000 4.467726 28.000000 0.000000 0 0 0 1 0 0 0 0
Child: 53.367727 10.000000 101.000000 20.000000 615.150000 -9.518412 0.000000 0.000000 0.000000 0.000000 0 0 0 1 0 0 0 0
Child: -9.518412 2.539003 27.000000 1.071252 4.050000 0.000000 -10.000000 0.000000 0.000000 0.000000 0 0 0 0 0 0 0 0
EGO_STATUS -5.249891 46.460997 2.300000 1.570149 13.147382 3.000000 -2.940000
DYNAMIC_OBS_INFO 0 -5.750000 57.385791 1.570796 36.085811 -5.750000 83.843379 12.969144 1.274648
DYNAMIC_OBS_INFO 1 -1.750000 31.197946 1.570796 11.039170 -1.750000 37.291338 10.991706 2.786841
STATIC_OBS_INFO 0 -6.300000 76.515171 28.773308 
STATIC_OBS_INFO 1 -6.300000 63.841963 16.115183 
Parent: 1071.042241 10.217552 104.000000 30.572061 10662.800000 53.096772 -10.000000 4.367726 27.000000 0.000000 0 0 0 1 0 0 0 0
Child: 53.096772 10.000000 101.000000 20.000000 615.150000 -9.789366 0.000000 0.000000 0.000000 0.000000 0 0 0 1 0 0 0 0
Child: -9.789366 1.238965 14.000000 0.280108 2.100000 0.000000 -10.000000 0.000000 0.000000 0.000000 0 0 0 0 0 0 0 0
EGO_STATUS -5.249814 47.761035 2.400000 1.571064 12.853382 3.000000 -2.940000
DYNAMIC_OBS_INFO 0 -5.750000 57.385791 1.570796 36.118504 -5.750000 85.146667 13.096609 1.274648
DYNAMIC_OBS_INFO 1 -1.750000 31.197946 1.570796 11.188699 -1.750000 38.404442 11.270390 2.786841
STATIC_OBS_INFO 0 -6.300000 76.515171 27.503598 
STATIC_OBS_INFO 1 -6.300000 63.841963 14.847513 
Parent: 1072.532745 10.217552 104.000000 30.571870 10662.800000 52.687270 -10.000000 4.267752 25.000000 0.000000 0 0 0 1 0 0 0 0
Child: 52.687270 9.968376 101.000000 20.000000 615.150000 0.000000 -10.000000 0.000000 0.000000 0.000000 0 0 0 1 0 0 0 0
EGO_STATUS -5.250000 49.031624 2.500000 1.570796 12.551970 1.000000 -5.880000
DYNAMIC_OBS_INFO 0 -5.750000 57.385791 1.570796 36.208772 -5.750000 86.462701 13.224074 1.274648
DYNAMIC_OBS_INFO 1 -1.750000 31.197946 1.570796 11.269260 -1.750000 39.545415 11.549074 2.786841
STATIC_OBS_INFO 0 -6.300000 76.515171 26.278775 
STATIC_OBS_INFO 1 -6.300000 63.841963 13.625100 
Parent: 1072.960511 10.217552 104.000000 30.571683 10662.800000 52.215029 -10.000000 4.167776 24.000000 0.000000 0 0 0 1 0 0 0 0
Child: 52.215029 8.742619 89.000000 20.000000 613.350000 0.000000 -10.000000 0.000000 0.000000 0.000000 0 0 0 1 0 0 0 0
EGO_STATUS -5.250000 50.257381 2.600000 1.570796 11.963970 1.000000 -5.880000
DYNAMIC_OBS_INFO 0 -5.750000 57.385791 1.570796 36.370590 -5.750000 87.791481 13.351539 1.274648
DYNAMIC_OBS_INFO 1 -1.750000 31.197946 1.570796 11.267459 -1.750000 40.714257 11.827758 2.786841
STATIC_OBS_INFO 0 -6.300000 76.515171 25.112804 
STATIC_OBS_INFO 1 -6.300000 63.841963 12.461948 
Parent: 1073.780757 10.217552 104.000000 30.571445 10662.800000 52.135267 -10.000000 4.067808 23.000000 0.000000 0 0 0 1 0 0 0 0
Child: 52.135267 7.575672 77.000000 20.000000 611.550000 0.000000 -10.000000 0.000000 0.000000 0.000000 0 0 0 1 0 0 0 0
EGO_STATUS -5.250000 51.424328 2.700000 1.570796 11.375970 1.000000 -5.880000
DYNAMIC_OBS_INFO 0 -5.750000 57.385791 1.570796 36.603918 -5.750000 89.133009 13.479004 1.274648
DYNAMIC_OBS_INFO 1 -1.750000 31.197946 1.570796 11.183340 -1.750000 41.910967 12.106442 2.786841
STATIC_OBS_INFO 0 -6.300000 76.515171 24.005639 
STATIC_OBS_INFO 1 -6.300000 63.841963 11.358095 
Parent: 1074.270862 10.217552 104.000000 30.571355 10662.800000 51.725370 -10.000000 3.967820 22.000000 0.000000 0 0 0 1 0 0 0 0
Child: 51.725370 6.467494 66.000000 20.000000 609.900000 0.000000 -10.000000 0.000000 0.000000 0.000000 0 0 0 1 0 0 0 0
EGO_STATUS -5.250000 52.532506 2.800000 1.570796 10.787970 1.000000 -5.880000
DYNAMIC_OBS_INFO 0 -5.750000 57.385791 1.570796 36.908837 -5.750000 90.487282 13.606468 1.274648
DYNAMIC_OBS_INFO 1 -1.750000 31.197946 1.570796 11.017028 -1.750000 43.135545 12.385126 2.786841
STATIC_OBS_INFO 0 -6.300000 76.515171 22.957363 
STATIC_OBS_INFO 1 -6.300000 63.841963 10.313718 
Parent: 1074.245084 10.217552 104.000000 30.571020 10662.800000 50.799579 -10.000000 3.867864 21.000000 0.000000 0 0 0 1 0 0 0 0
Child: 50.799579 5.418167 56.000000 20.000000 608.400000 0.000000 -10.000000 0.000000 0.000000 0.000000 0 0 0 1 0 0 0 0
EGO_STATUS -5.250000 53.581833 2.900000 1.570796 10.199970 1.000000 -5.880000
DYNAMIC_OBS_INFO 0 -5.750000 57.385791 1.570796 37.285252 -5.750000 91.854302 13.733933 1.274648
DYNAMIC_OBS_INFO 1 -1.750000 31.197946 1.570796 10.769040 -1.750000 44.387992 12.663810 2.786841
STATIC_OBS_INFO 0 -6.300000 76.515171 21.967876 
STATIC_OBS_INFO 1 -6.300000 63.841963 9.328840 
Parent: 1074.685962 10.217552 104.000000 30.570891 10662.800000 50.340454 -10.000000 3.767881 20.000000 0.000000 0 0 0 1 0 0 0 0
Child: 50.340454 4.427597 46.000000 20.000000 606.900000 0.000000 -10.000000 0.000000 0.000000 0.000000 0 0 0 1 0 0 0 0
EGO_STATUS -5.250000 54.572403 3.000000 1.570796 9.611970 1.000000 -5.880000
DYNAMIC_OBS_INFO 0 -5.750000 57.385791 1.570796 37.733261 -5.750000 93.234069 13.861398 1.274648
DYNAMIC_OBS_INFO 1 -1.750000 31.197946 1.570796 10.439982 -1.750000 45.668307 12.942494 2.786841
STATIC_OBS_INFO 0 -6.300000 76.515171 21.037270 
STATIC_OBS_INFO 1 -6.300000 63.841963 8.403696 
Parent: 1075.976705 10.217552 104.000000 30.570520 10662.800000 50.731184 -10.000000 3.667930 19.000000 0.000000 0 0 0 1 0 0 0 0
Child: 50.731184 3.495879 36.000000 20.000000 605.400000 0.000000 -10.000000 0.000000 0.000000 0.000000 0 0 0 1 0 0 0 0
EGO_STATUS -5.250000 55.504121 3.100000 1.570796 9.023970 1.000000 -5.880000
DYNAMIC_OBS_INFO 0 -5.750000 57.385791 1.570796 38.252813 -5.750000 94.626582 13.988863 1.274648
DYNAMIC_OBS_INFO 1 -1.750000 31.197946 1.570796 10.030965 -1.750000 46.976491 13.221178 2.786841
STATIC_OBS_INFO 0 -6.300000 76.515171 20.165489 
STATIC_OBS_INFO 1 -6.300000 63.841963 7.538410 
Parent: 1074.618876 10.217552 104.000000 30.570134 10662.800000 48.473342 -10.000000 3.567980 18.000000 0.000000 0 0 0 1 0 0 0 0
Child: 48.473342 2.622963 28.000000 20.000000 604.200000 0.000000 -10.000000 0.000000 0.000000 0.000000 0 0 0 1 0 0 0 0
EGO_STATUS -5.250000 56.377037 3.200000 1.570796 8.435970 1.000000 -5.880000
DYNAMIC_OBS_INFO 0 -5.750000 57.385791 1.570796 38.843884 -5.750000 96.031841 14.116328 1.274648
DYNAMIC_OBS_INFO 1 -1.750000 31.197946 1.570796 9.543590 -1.750000 48.312543 13.499862 2.786841
STATIC_OBS_INFO 0 -6.300000 76.515171 19.352501 
STATIC_OBS_INFO 1 -6.300000 63.841963 6.733162 
Parent: 1073.390424 10.217552 104.000000 30.569857 10662.800000 46.344881 -10.000000 3.468017 17.000000 0.000000 0 0 0 1 0 0 0 0
Child: 46.344881 1.808824 20.000000 20.000000 603.000000 0.000000 -10.000000 0.000000 0.000000 0.000000 0 0 0 1 0 0 0 0
EGO_STATUS -5.250000 57.191176 3.300000 1.570796 7.847970 1.000000 -5.880000
DYNAMIC_OBS_INFO 0 -5.750000 57.385791 1.570796 39.506577 -5.750000 97.449847 14.243793 1.274648
DYNAMIC_OBS_INFO 1 -1.750000 31.197946 1.570796 8.980113 -1.750000 49.676464 13.778546 2.786841
STATIC_OBS_INFO 0 -6.300000 76.515171 18.598400 
STATIC_OBS_INFO 1 -6.300000 63.841963 5.988301 
Parent: 1071.537799 10.217552 104.000000 30.569204 10662.800000 44.592233 -10.000000 3.368103 17.000000 0.000000 0 0 0 1 0 0 0 0
Child: 44.592233 1.053565 12.000000 20.000000 601.800000 0.000000 -10.000000 0.000000 0.000000 0.000000 0 0 0 1 0 0 0 0
EGO_STATUS -5.250000 57.946435 3.400000 1.570796 7.259970 1.000000 -5.880000
DYNAMIC_OBS_INFO 0 -5.750000 57.385791 1.570796 40.240696 -5.750000 98.880600 14.371257 1.274648
DYNAMIC_OBS_INFO 1 -1.750000 31.197946 1.570796 8.344277 -1.750000 51.068252 14.057230 2.786841
STATIC_OBS_INFO 0 -6.300000 76.515171 17.902978 
STATIC_OBS_INFO 1 -6.300000 63.841963 5.303924 
Parent: 1055.026044 10.217552 104.000000 30.569102 10662.800000 27.180475 -10.000000 3.268117 16.000000 0.000000 0 0 0 1 0 0 0 0
Child: 27.180475 0.356990 5.000000 20.000000 500.750000 0.000000 -10.000000 0.000000 0.000000 0.000000 0 0 0 1 0 0 0 0
EGO_STATUS -5.250000 58.643010 3.500000 1.570796 6.671970 1.000000 -5.880000
DYNAMIC_OBS_INFO 0 -5.750000 57.385791 1.570796 41.046465 -5.750000 100.324099 14.498722 1.274648
DYNAMIC_OBS_INFO 1 -1.750000 31.197946 1.570796 7.641272 -1.750000 52.487910 14.335915 2.786841
STATIC_OBS_INFO 0 -6.300000 76.515171 17.266466 
STATIC_OBS_INFO 1 -6.300000 63.841963 4.680661 
CRASH -5.249608 59.280684 3.500000
Parent: 2968.264370 9.936799 101.000000 20030.558318 10360.550000 0.000000 -10.000000 3.261190 15.000000 0.000000 0 0 0 1 0 0 0 2
EGO_STATUS -5.249608 59.280684 3.600000 1.567021 6.083970 1.000000 -5.880000
DYNAMIC_OBS_INFO 0 -5.750000 57.385791 1.570796 41.924009 -5.750000 101.780344 14.626187 1.274648
DYNAMIC_OBS_INFO 1 -1.750000 31.197946 1.570796 6.875896 -1.750000 53.935435 14.614599 2.786841
STATIC_OBS_INFO 0 -6.300000 76.515171 16.689399 
STATIC_OBS_INFO 1 -6.300000 63.841963 4.121033 
CRASH -5.240592 59.859430 3.600000
Parent: 942.661743 9.357945 95.000000 30.551964 9758.450000 0.000000 -10.000000 3.399199 15.000000 0.000000 0 0 0 1 0 0 0 0
EGO_STATUS -5.240592 59.859430 3.700000 1.539863 5.495970 1.000000 -5.880000
DYNAMIC_OBS_INFO 0 -5.750000 57.385791 1.570796 42.873944 -5.750000 103.249336 14.753652 1.274648
DYNAMIC_OBS_INFO 1 -1.750000 31.197946 1.570796 6.056649 -1.750000 55.410829 14.893283 2.786841
STATIC_OBS_INFO 0 -6.300000 76.515171 16.172903 
STATIC_OBS_INFO 1 -6.300000 63.841963 3.629354 
CRASH -5.214520 60.378736 3.700000
Parent: 891.799572 8.837933 90.000000 30.431275 9258.900000 0.000000 -10.000000 3.594138 14.000000 0.000000 0 0 0 1 0 0 0 0
EGO_STATUS -5.214520 60.378736 3.800000 1.499851 4.907970 1.000000 -5.880000
DYNAMIC_OBS_INFO 0 -5.750000 57.385791 1.570796 43.897110 -5.750000 104.731075 14.881117 1.274648
DYNAMIC_OBS_INFO 1 -1.750000 31.197946 1.570796 5.206370 -1.750000 56.914092 15.171967 2.786841
STATIC_OBS_INFO 0 -6.300000 76.515171 15.717920 
STATIC_OBS_INFO 1 -6.300000 63.841963 3.208933 
CRASH -5.172141 60.837769 3.800000
Parent: 845.704965 8.376889 85.000000 28.954613 8756.650000 0.000000 -10.000000 3.869259 14.000000 0.000000 0 0 0 1 0 0 0 0
EGO_STATUS -5.172141 60.837769 3.900000 1.457414 4.319970 1.000000 -5.880000
DYNAMIC_OBS_INFO 0 -5.750000 57.385791 1.570796 44.993257 -5.750000 106.225560 15.008581 1.274648
DYNAMIC_OBS_INFO 1 -1.750000 31.197946 1.570796 4.375072 -1.750000 58.445223 15.450651 2.786841
STATIC_OBS_INFO 0 -6.300000 76.515171 15.324034 
STATIC_OBS_INFO 1 -6.300000 63.841963 2.860506 
CRASH -5.118789 61.236730 3.900000
Parent: 806.543291 7.974350 81.000000 26.799275 8356.050000 0.000000 -10.000000 4.262113 13.000000 0.000000 0 0 0 1 0 0 0 0
EGO_STATUS -5.118789 61.236730 4.000000 1.418256 3.731970 1.000000 -5.880000
DYNAMIC_OBS_INFO 0 -5.750000 57.385791 1.570796 46.163079 -5.750000 107.732791 15.136046 1.274648
DYNAMIC_OBS_INFO 1 -1.750000 31.197946 1.570796 3.664568 -1.750000 60.004222 15.729335 2.786841
STATIC_OBS_INFO 0 -6.300000 76.515171 14.991610 
STATIC_OBS_INFO 1 -6.300000 63.841963 2.583622 
CRASH -5.060917 61.574855 4.000000
Parent: 772.476689 7.631272 78.000000 24.685720 8056.500000 0.000000 -10.000000 4.839153 13.000000 0.000000 0 0 0 1 0 0 0 0
EGO_STATUS -5.060917 61.574855 4.100000 1.385152 3.143970 1.000000 -5.880000
DYNAMIC_OBS_INFO 0 -5.750000 57.385791 1.570796 47.404965 -5.750000 109.252769 15.263511 1.274648
DYNAMIC_OBS_INFO 1 -1.750000 31.197946 1.570796 3.265231 -1.750000 61.591090 16.008019 2.786841
STATIC_OBS_INFO 0 -6.300000 76.515171 14.718617 
STATIC_OBS_INFO 1 -6.300000 63.841963 2.373025 
CRASH -5.004656 61.853664 4.100000
Parent: 5937.385032 10.000000 101.000000 20.000000 2055.350000 5770.378722 -10.000000 4.526111 33.000000 0.000000 0 0 1 0 0 0 0 0
Child: 5770.378722 10.217552 104.000000 3053.774406 8037.300000 4680.728437 0.000000 0.000000 0.000000 0.000000 1 0 1 0 0 0 0 0
Child: 4680.728437 7.346825 75.000000 40028.324055 7754.850000 0.000000 0.000000 0.000000 0.000000 0.000000 0 0 1 0 0 0 0 4
EGO_STATUS -5.004656 61.853664 4.200000 1.358844 2.555970 1.000000 -5.880000
DYNAMIC_OBS_INFO 0 -5.750000 57.385791 1.570796 48.684298 -5.750000 110.785493 15.390976 1.274648
DYNAMIC_OBS_INFO 1 -1.750000 31.197946 1.570796 3.380124 -1.750000 63.205826 16.286703 2.786841
STATIC_OBS_INFO 0 -6.300000 76.515171 14.470759 
STATIC_OBS_INFO 1 -6.300000 63.841963 2.199628 
CRASH -4.946814 62.107821 4.200000
Parent: 4936.321328 10.000000 101.000000 20.000000 2055.350000 4768.415050 -10.000000 4.426080 32.000000 0.000000 0 0 1 0 0 0 0 0
Child: 4768.415050 10.217552 104.000000 3053.774233 8037.300000 3678.764782 0.000000 0.000000 0.000000 0.000000 1 0 1 0 0 0 0 0
Child: 3678.764782 7.086147 72.000000 30028.321455 7452.000000 0.000000 -10.000000 0.000000 0.000000 0.000000 0 0 1 0 0 0 0 3
EGO_STATUS -4.946814 62.107821 4.300000 1.336235 2.653970 2.000000 0.980000
DYNAMIC_OBS_INFO 0 -5.750000 57.385791 1.570796 49.968401 -5.750000 112.330964 15.518441 1.274648
DYNAMIC_OBS_INFO 1 -1.750000 31.197946 1.570796 3.993157 -1.750000 64.848430 16.565387 2.786841
STATIC_OBS_INFO 0 -6.300000 76.515171 14.216047 
STATIC_OBS_INFO 1 -6.300000 63.841963 2.044464 
CRASH -4.881018 62.370119 4.300000
Parent: 1675.055807 6.815702 70.000000 10022.852991 7253.200000 0.000000 0.000000 4.935391 12.000000 0.000000 0 0 0 1 0 0 0 1
EGO_STATUS -4.881018 62.370119 4.400000 1.314748 2.751970 2.000000 0.980000
DYNAMIC_OBS_INFO 0 -5.750000 57.385791 1.570796 51.291867 -5.750000 113.889181 15.645906 1.274648
DYNAMIC_OBS_INFO 1 -1.750000 31.197946 1.570796 4.971808 -1.750000 66.518903 16.844071 2.786841
STATIC_OBS_INFO 0 -6.300000 76.515171 13.988204 
STATIC_OBS_INFO 1 -6.300000 63.841963 1.930641 
CRASH -4.817004 62.605801 4.400000
Parent: 3903.271850 10.000000 101.000000 20.000000 2055.350000 3735.175823 -10.000000 4.615829 32.000000 0.000000 0 0 1 0 0 0 0 0
Child: 3735.175823 10.217552 104.000000 3052.142305 8037.300000 2645.685885 0.000000 0.000000 0.000000 0.000000 1 0 1 0 0 0 0 0
Child: 2645.685885 6.571461 67.000000 20026.708979 6947.650000 0.000000 0.000000 0.000000 0.000000 0.000000 0 0 1 0 0 0 0 2
EGO_STATUS -4.817004 62.605801 4.500000 1.297423 2.163970 1.000000 -5.880000
DYNAMIC_OBS_INFO 0 -5.750000 57.385791 1.570796 52.650943 -5.750000 115.460145 15.773370 1.274648
DYNAMIC_OBS_INFO 1 -1.750000 31.197946 1.570796 6.178956 -1.750000 68.217245 17.122755 2.786841
STATIC_OBS_INFO 0 -6.300000 76.515171 13.783368 
STATIC_OBS_INFO 1 -6.300000 63.841963 1.852632 
CRASH -4.755669 62.818592 4.500000
Parent: 5816.800602 10.000000 101.000000 20.000000 2055.350000 5648.804608 -10.000000 4.515797 32.000000 0.000000 0 0 1 0 0 0 0 0
Child: 5648.804608 10.217552 104.000000 3052.142144 8037.300000 4559.314685 0.000000 0.000000 0.000000 0.000000 1 0 1 0 0 0 0 0
Child: 4559.314685 6.349994 65.000000 40026.707377 6745.850000 0.000000 -10.000000 0.000000 0.000000 0.000000 0 0 1 0 0 0 0 4
EGO_STATUS -4.755669 62.818592 4.600000 1.283631 2.261970 2.000000 0.980000
DYNAMIC_OBS_INFO 0 -5.750000 57.385791 1.570796 54.014311 -5.750000 117.043855 15.900835 1.274648
DYNAMIC_OBS_INFO 1 -1.750000 31.197946 1.570796 7.502941 -1.750000 69.943454 17.401439 2.786841
STATIC_OBS_INFO 0 -6.300000 76.515171 13.571192 
STATIC_OBS_INFO 1 -6.300000 63.841963 1.799841 
CRASH -4.688716 63.039971 4.600000
Parent: 1577.132650 10.000000 101.000000 20.000000 2600.750000 1355.112111 -10.000000 3.540342 31.000000 0.000000 0 0 1 0 0 0 0 0
Child: 1355.112111 16.780109 169.000000 3119.491357 10528.450000 0.000000 0.000000 0.000000 0.000000 0.000000 1 0 1 0 1 0 0 0
EGO_STATUS -4.688716 63.039971 4.700000 1.271377 2.359970 2.000000 0.980000
DYNAMIC_OBS_INFO 0 -5.750000 57.385791 1.570796 55.372400 -5.750000 118.640312 16.028300 1.274648
DYNAMIC_OBS_INFO 1 -1.750000 31.197946 1.570796 8.891570 -1.750000 71.697532 17.680123 2.786841
STATIC_OBS_INFO 0 -6.300000 76.515171 13.342637 
STATIC_OBS_INFO 1 -6.300000 63.841963 1.778042 
CRASH -4.613240 63.279582 4.700000
Parent: 603.584587 5.867860 60.000000 1.300119 6237.900000 0.000000 0.000000 4.405350 11.000000 0.000000 0 0 0 0 0 0 0 0
EGO_STATUS -4.613240 63.279582 4.800000 1.260728 2.653970 0.000000 2.940000
DYNAMIC_OBS_INFO 0 -5.750000 57.385791 1.570796 56.745133 -5.750000 120.249515 16.155765 1.274648
DYNAMIC_OBS_INFO 1 -1.750000 31.197946 1.570796 10.344326 -1.750000 73.479479 17.958807 2.786841
STATIC_OBS_INFO 0 -6.300000 76.515171 13.116963 
STATIC_OBS_INFO 1 -6.300000 63.841963 1.793671 
CRASH -4.535943 63.517371 4.800000
Parent: 568.457705 5.617804 58.000000 0.703786 6036.100000 0.000000 -10.000000 4.740822 11.000000 0.000000 0 0 0 0 0 0 0 0
EGO_STATUS -4.535943 63.517371 4.900000 1.253005 2.359970 3.000000 -2.940000
DYNAMIC_OBS_INFO 0 -5.750000 57.385791 1.570796 58.158771 -5.750000 121.871465 16.283230 1.274648
DYNAMIC_OBS_INFO 1 -1.750000 31.197946 1.570796 11.877252 -1.750000 75.289294 18.237492 2.786841
STATIC_OBS_INFO 0 -6.300000 76.515171 12.919084 
STATIC_OBS_INFO 1 -6.300000 63.841963 1.837137 
Parent: 1339.756021 10.217552 104.000000 12.268860 8037.300000 565.182323 0.000000 4.738231 21.000000 0.000000 0 0 0 0 0 0 0 0
Child: 565.182323 5.397083 55.000000 32.348328 5727.250000 0.000000 0.000000 0.000000 0.000000 0.000000 0 0 1 0 0 0 0 0
EGO_STATUS -4.466473 63.726860 5.000000 1.248623 2.065970 3.000000 -2.940000
DYNAMIC_OBS_INFO 0 -5.750000 57.385791 1.570796 59.584448 -5.750000 123.506161 16.410694 1.274648
DYNAMIC_OBS_INFO 1 -1.750000 31.197946 1.570796 13.452667 -1.750000 77.126977 18.516176 2.786841
STATIC_OBS_INFO 0 -6.300000 76.515171 12.721363 
STATIC_OBS_INFO 1 -6.300000 63.841963 1.906364 
Parent: 532.736694 5.175335 53.000000 0.268077 5523.350000 0.000000 0.000000 4.367426 11.000000 0.000000 0 0 0 0 0 0 0 0
EGO_STATUS -4.396011 63.937099 5.100000 1.246582 2.359970 0.000000 2.940000
DYNAMIC_OBS_INFO 0 -5.750000 57.385791 1.570796 61.023918 -5.750000 125.153604 16.538159 1.274648
DYNAMIC_OBS_INFO 1 -1.750000 31.197946 1.570796 15.067996 -1.750000 78.992529 18.794860 2.786841
STATIC_OBS_INFO 0 -6.300000 76.515171 12.525437 
STATIC_OBS_INFO 1 -6.300000 63.841963 1.997614 
Parent: 501.550753 4.954612 51.000000 0.267845 5319.150000 0.000000 -10.000000 4.773297 10.000000 0.000000 0 0 0 0 0 0 0 0
EGO_STATUS -4.325706 64.146310 5.200000 1.246924 2.065970 3.000000 -2.940000
DYNAMIC_OBS_INFO 0 -5.750000 57.385791 1.570796 62.503465 -5.750000 126.813793 16.665624 1.274648
DYNAMIC_OBS_INFO 1 -1.750000 31.197946 1.570796 16.747878 -1.750000 80.885949 19.073544 2.786841
STATIC_OBS_INFO 0 -6.300000 76.515171 12.355942 
STATIC_OBS_INFO 1 -6.300000 63.841963 2.092300 
Parent: 1275.575479 10.217552 104.000000 10.046416 8037.300000 500.007742 0.000000 4.950616 20.000000 0.000000 0 0 0 0 0 0 0 0
Child: 500.007742 4.763043 49.000000 30.100116 5113.750000 0.000000 0.000000 0.000000 0.000000 0.000000 0 0 1 0 0 0 0 0
EGO_STATUS -4.264929 64.327973 5.300000 1.249136 1.771970 3.000000 -2.940000
DYNAMIC_OBS_INFO 0 -5.750000 57.385791 1.570796 63.994997 -5.750000 128.486729 16.793089 1.274648
DYNAMIC_OBS_INFO 1 -1.750000 31.197946 1.570796 18.460746 -1.750000 82.807238 19.352228 2.786841
STATIC_OBS_INFO 0 -6.300000 76.515171 12.186288 
STATIC_OBS_INFO 1 -6.300000 63.841963 2.199498 
Parent: 471.778506 4.570874 47.000000 0.556150 4908.050000 0.000000 0.000000 4.403603 10.000000 0.000000 0 0 0 0 0 0 0 0
EGO_STATUS -4.204531 64.510396 5.400000 1.253148 2.065970 0.000000 2.940000
DYNAMIC_OBS_INFO 0 -5.750000 57.385791 1.570796 65.499531 -5.750000 130.172411 16.920554 1.274648
DYNAMIC_OBS_INFO 1 -1.750000 31.197946 1.570796 20.206317 -1.750000 84.756395 19.630912 2.786841
STATIC_OBS_INFO 0 -6.300000 76.515171 12.017389 
STATIC_OBS_INFO 1 -6.300000 63.841963 2.316587 
Parent: 442.561510 4.379305 45.000000 0.542606 4702.050000 0.000000 -10.000000 4.915127 10.000000 0.000000 0 0 0 0 0 0 0 0
EGO_STATUS -4.145217 64.692542 5.500000 1.258916 1.771970 3.000000 -2.940000
DYNAMIC_OBS_INFO 0 -5.750000 57.385791 1.570796 67.045354 -5.750000 131.870840 17.048019 1.274648
DYNAMIC_OBS_INFO 1 -1.750000 31.197946 1.570796 22.012943 -1.750000 86.733420 19.909596 2.786841
STATIC_OBS_INFO 0 -6.300000 76.515171 11.875539 
STATIC_OBS_INFO 1 -6.300000 63.841963 2.421561 
Parent: 1414.802566 10.000000 101.000000 20.000000 2055.350000 1234.707876 0.000000 4.614492 30.000000 0.000000 0 0 1 0 0 0 0 0
Child: 1234.707876 10.217552 104.000000 13.203612 8037.300000 443.780574 0.000000 0.000000 0.000000 0.000000 0 0 0 0 0 0 0 0
Child: 443.780574 4.218341 44.000000 28.215602 4600.700000 0.000000 0.000000 0.000000 0.000000 0.000000 0 0 1 0 0 0 0 0
EGO_STATUS -4.096343 64.845882 5.600000 1.265139 1.477970 3.000000 -2.940000
DYNAMIC_OBS_INFO 0 -5.750000 57.385791 1.570796 68.601034 -5.750000 133.582015 17.175483 1.274648
DYNAMIC_OBS_INFO 1 -1.750000 31.197946 1.570796 23.847165 -1.750000 88.738314 20.188280 2.786841
STATIC_OBS_INFO 0 -6.300000 76.515171 11.731300 
STATIC_OBS_INFO 1 -6.300000 63.841963 2.533498 
Parent: 419.661436 4.054709 42.000000 0.775949 4392.300000 0.000000 0.000000 4.550816 9.000000 0.000000 0 0 0 0 0 0 0 0
EGO_STATUS -4.047738 65.002104 5.700000 1.272677 1.771970 0.000000 2.940000
DYNAMIC_OBS_INFO 0 -5.750000 57.385791 1.570796 70.171571 -5.750000 135.305936 17.302948 1.274648
DYNAMIC_OBS_INFO 1 -1.750000 31.197946 1.570796 25.713647 -1.750000 90.771076 20.466964 2.786841
STATIC_OBS_INFO 0 -6.300000 76.515171 11.589292 
STATIC_OBS_INFO 1 -6.300000 63.841963 2.647962 
Parent: 1671.186307 10.000000 101.000000 20.000000 2055.350000 1489.905057 0.000000 4.801052 29.000000 0.000000 0 0 0 1 0 0 0 0
Child: 1489.905057 10.217552 104.000000 3055.782782 8037.300000 410.057458 -10.000000 0.000000 0.000000 0.000000 1 0 1 0 0 0 0 0
Child: 410.057458 3.893746 40.000000 27.373040 4185.100000 0.000000 0.000000 0.000000 0.000000 0.000000 0 0 1 0 0 0 0 0
EGO_STATUS -4.001178 65.156161 5.800000 1.281249 1.477970 3.000000 -2.940000
DYNAMIC_OBS_INFO 0 -5.750000 57.385791 1.570796 71.751850 -5.750000 137.042604 17.430413 1.274648
DYNAMIC_OBS_INFO 1 -1.750000 31.197946 1.570796 27.606727 -1.750000 92.831707 20.745648 2.786841
STATIC_OBS_INFO 0 -6.300000 76.515171 11.444725 
STATIC_OBS_INFO 1 -6.300000 63.841963 2.768068 
Parent: 385.752549 3.730114 39.000000 0.991391 4082.550000 0.000000 0.000000 4.186505 9.000000 0.000000 0 0 0 0 0 0 0 0
EGO_STATUS -3.955293 65.313203 5.900000 1.291082 1.771970 0.000000 2.940000
DYNAMIC_OBS_INFO 0 -5.750000 57.385791 1.570796 73.346916 -5.750000 138.792019 17.557878 1.274648
DYNAMIC_OBS_INFO 1 -1.750000 31.197946 1.570796 29.531293 -1.750000 94.920206 21.024332 2.786841
STATIC_OBS_INFO 0 -6.300000 76.515171 11.302237 
STATIC_OBS_INFO 1 -6.300000 63.841963 2.889318 
Parent: 359.584697 3.569151 37.000000 0.757808 3874.150000 0.000000 -10.000000 4.797342 9.000000 0.000000 0 0 0 0 0 0 0 0
EGO_STATUS -3.911758 65.468142 6.000000 1.301799 1.477970 3.000000 -2.940000
DYNAMIC_OBS_INFO 0 -5.750000 57.385791 1.570796 74.983270 -5.750000 140.554180 17.685343 1.274648
DYNAMIC_OBS_INFO 1 -1.750000 31.197946 1.570796 31.514193 -1.750000 97.036573 21.303016 2.786841
STATIC_OBS_INFO 0 -6.300000 76.515171 11.186296 
STATIC_OBS_INFO 1 -6.300000 63.841963 2.989682 
Parent: 1623.696517 10.000000 101.000000 20.000000 2055.350000 1442.334374 0.000000 4.881945 29.000000 0.000000 0 0 0 1 0 0 0 0
Child: 1442.334374 10.217552 104.000000 3054.107228 8037.300000 362.651391 -10.000000 0.000000 0.000000 0.000000 1 0 1 0 0 0 0 0
Child: 362.651391 3.438466 36.000000 25.881916 3771.000000 0.000000 0.000000 0.000000 0.000000 0.000000 0 0 1 0 0 0 0 0
EGO_STATUS -3.877697 65.594289 6.100000 1.311216 1.183970 3.000000 -2.940000
DYNAMIC_OBS_INFO 0 -5.750000 57.385791 1.570796 76.628262 -5.750000 142.329087 17.812807 1.274648
DYNAMIC_OBS_INFO 1 -1.750000 31.197946 1.570796 33.521735 -1.750000 99.180809 21.581700 2.786841
STATIC_OBS_INFO 0 -6.300000 76.515171 11.066625 
STATIC_OBS_INFO 1 -6.300000 63.841963 3.094583 
Parent: 341.726802 3.303888 35.000000 0.858773 3667.550000 0.000000 0.000000 4.440798 9.000000 0.000000 0 0 0 0 0 0 0 0
EGO_STATUS -3.843912 65.724535 6.200000 1.321534 1.477970 0.000000 2.940000
DYNAMIC_OBS_INFO 0 -5.750000 57.385791 1.570796 78.289371 -5.750000 144.116741 17.940272 1.274648
DYNAMIC_OBS_INFO 1 -1.750000 31.197946 1.570796 35.561420 -1.750000 101.352913 21.860385 2.786841
STATIC_OBS_INFO 0 -6.300000 76.515171 10.950118 
STATIC_OBS_INFO 1 -6.300000 63.841963 3.197756 
Parent: 1595.926538 10.000000 101.000000 20.000000 2055.350000 1414.572502 0.000000 4.873837 29.000000 0.000000 0 0 0 1 0 0 0 0
Child: 1414.572502 10.217552 104.000000 3053.351824 8037.300000 334.963734 -10.000000 0.000000 0.000000 0.000000 1 0 1 0 0 0 0 0
Child: 334.963734 3.173204 33.000000 25.233477 3458.250000 0.000000 0.000000 0.000000 0.000000 0.000000 0 0 1 0 0 0 0 0
EGO_STATUS -3.812430 65.851350 6.300000 1.332107 1.183970 3.000000 -2.940000
DYNAMIC_OBS_INFO 0 -5.750000 57.385791 1.570796 79.959085 -5.750000 145.917142 18.067737 1.274648
DYNAMIC_OBS_INFO 1 -1.750000 31.197946 1.570796 37.625474 -1.750000 103.552886 22.139069 2.786841
STATIC_OBS_INFO 0 -6.300000 76.515171 10.829802 
STATIC_OBS_INFO 1 -6.300000 63.841963 3.305161 
Parent: 313.735875 3.038627 32.000000 0.943226 3354.800000 0.000000 0.000000 4.084257 9.000000 0.000000 0 0 0 0 0 0 0 0
EGO_STATUS -3.781454 65.982293 6.400000 1.343514 1.477970 0.000000 2.940000
DYNAMIC_OBS_INFO 0 -5.750000 57.385791 1.570796 81.644936 -5.750000 147.730289 18.195202 1.274648
DYNAMIC_OBS_INFO 1 -1.750000 31.197946 1.570796 39.721469 -1.750000 105.780727 22.417753 2.786841
STATIC_OBS_INFO 0 -6.300000 76.515171 10.712616 
STATIC_OBS_INFO 1 -6.300000 63.841963 3.410434 
Parent: 291.865475 2.907945 31.000000 0.627535 3250.750000 0.000000 -10.000000 4.871051 8.000000 0.000000 0 0 0 0 0 0 0 0
EGO_STATUS -3.752835 66.109784 6.500000 1.355036 1.183970 3.000000 -2.940000
DYNAMIC_OBS_INFO 0 -5.750000 57.385791 1.570796 83.370282 -5.750000 149.556182 18.322667 1.274648
DYNAMIC_OBS_INFO 1 -1.750000 31.197946 1.570796 41.872994 -1.750000 108.036437 22.696437 2.786841
STATIC_OBS_INFO 0 -6.300000 76.515171 10.620155 
STATIC_OBS_INFO 1 -6.300000 63.841963 3.493916 
Parent: 1558.373327 10.000000 101.000000 20.000000 2055.350000 1375.932845 0.000000 4.960284 28.000000 0.000000 0 0 0 1 0 0 0 0
Child: 1375.932845 10.217552 104.000000 3052.008256 8037.300000 296.456077 -10.000000 0.000000 0.000000 0.000000 1 0 1 0 0 0 0 0
Child: 296.456077 2.805102 30.000000 24.137669 3146.400000 0.000000 0.000000 0.000000 0.000000 0.000000 0 0 1 0 0 0 0 0
EGO_STATUS -3.731299 66.210344 6.600000 1.364362 0.889970 3.000000 -2.940000
DYNAMIC_OBS_INFO 0 -5.750000 57.385791 1.570796 85.106985 -5.750000 151.394822 18.450132 1.274648
DYNAMIC_OBS_INFO 1 -1.750000 31.197946 1.570796 44.051382 -1.750000 110.320014 22.975121 2.786841
STATIC_OBS_INFO 0 -6.300000 76.515171 10.526377 
STATIC_OBS_INFO 1 -6.300000 63.841963 3.578835 
Parent: 279.922168 2.701060 29.000000 0.656335 3042.050000 0.000000 0.000000 4.524501 8.000000 0.000000 0 0 0 0 0 0 0 0
EGO_STATUS -3.710483 66.312279 6.700000 1.374011 1.183970 0.000000 2.940000
DYNAMIC_OBS_INFO 0 -5.750000 57.385791 1.570796 86.857387 -5.750000 153.246209 18.577596 1.274648
DYNAMIC_OBS_INFO 1 -1.750000 31.197946 1.570796 46.258962 -1.750000 112.631461 23.253805 2.786841
STATIC_OBS_INFO 0 -6.300000 76.515171 10.433440 
STATIC_OBS_INFO 1 -6.300000 63.841963 3.663187 
Parent: 1536.699226 10.000000 101.000000 20.000000 2055.350000 1354.264309 0.000000 4.954719 28.000000 0.000000 0 0 0 1 0 0 0 0
Child: 1354.264309 10.217552 104.000000 3051.419098 8037.300000 274.845423 -10.000000 0.000000 0.000000 0.000000 1 0 1 0 0 0 0 0
Child: 274.845423 2.598218 27.000000 23.672066 2832.450000 0.000000 0.000000 0.000000 0.000000 0.000000 0 0 1 0 0 0 0 0
EGO_STATUS -3.690879 66.413233 6.800000 1.383727 0.889970 3.000000 -2.940000
DYNAMIC_OBS_INFO 0 -5.750000 57.385791 1.570796 88.619151 -5.750000 155.110341 18.705061 1.274648
DYNAMIC_OBS_INFO 1 -1.750000 31.197946 1.570796 48.493326 -1.750000 114.970775 23.532489 2.786841
STATIC_OBS_INFO 0 -6.300000 76.515171 10.339168 
STATIC_OBS_INFO 1 -6.300000 63.841963 3.748890 
Parent: 257.920232 2.494176 26.000000 0.676287 2727.800000 0.000000 0.000000 4.177953 8.000000 0.000000 0 0 0 0 0 0 0 0
EGO_STATUS -3.672058 66.515555 6.900000 1.393705 1.183970 0.000000 2.940000
DYNAMIC_OBS_INFO 0 -5.750000 57.385791 1.570796 90.394635 -5.750000 156.987221 18.832526 1.274648
DYNAMIC_OBS_INFO 1 -1.750000 31.197946 1.570796 50.756822 -1.750000 117.337958 23.811173 2.786841
STATIC_OBS_INFO 0 -6.300000 76.515171 10.245735 
STATIC_OBS_INFO 1 -6.300000 63.841963 3.833933 
Parent: 1689.873613 10.000000 101.000000 20.000000 2055.350000 1527.976534 -10.000000 4.416881 38.000000 0.000000 0 0 1 0 0 0 0 0
Child: 1527.976534 10.000000 101.000000 20.000000 2055.350000 1332.496336 -10.000000 0.000000 0.000000 0.000000 0 0 1 0 0 0 0 0
Child: 1332.496336 10.217552 104.000000 3050.829942 8037.300000 253.135332 -10.000000 0.000000 0.000000 0.000000 1 0 1 0 0 0 0 0
Child: 253.135332 2.391334 25.000000 23.232488 2623.150000 0.000000 0.000000 0.000000 0.000000 0.000000 0 0 1 0 0 0 0 0
EGO_STATUS -3.654460 66.616878 7.000000 1.403679 0.889970 3.000000 -2.940000
DYNAMIC_OBS_INFO 0 -5.750000 57.385791 1.570796 92.181494 -5.750000 158.876847 18.959991 1.274648
DYNAMIC_OBS_INFO 1 -1.750000 31.197946 1.570796 53.047051 -1.750000 119.733010 24.089857 2.786841
STATIC_OBS_INFO 0 -6.300000 76.515171 10.150957 
STATIC_OBS_INFO 1 -6.300000 63.841963 3.920258 
Parent: 235.919572 2.287292 24.000000 0.686695 2518.500000 0.000000 0.000000 3.831405 8.000000 0.000000 0 0 0 0 0 0 0 0
EGO_STATUS -3.637694 66.719557 7.100000 1.413847 1.183970 0.000000 2.940000
DYNAMIC_OBS_INFO 0 -5.750000 57.385791 1.570796 93.982096 -5.750000 160.779219 19.087456 1.274648
DYNAMIC_OBS_INFO 1 -1.750000 31.197946 1.570796 55.366376 -1.750000 122.155930 24.368541 2.786841
STATIC_OBS_INFO 0 -6.300000 76.515171 10.057022 
STATIC_OBS_INFO 1 -6.300000 63.841963 4.005851 
Parent: 216.149487 2.184450 23.000000 0.388814 2413.850000 0.000000 -10.000000 4.854494 8.000000 0.000000 0 0 0 0 0 0 0 0
EGO_STATUS -3.622146 66.821215 7.200000 1.423937 0.889970 3.000000 -2.940000
DYNAMIC_OBS_INFO 0 -5.750000 57.385791 1.570796 95.830552 -5.750000 162.694338 19.214920 1.274648
DYNAMIC_OBS_INFO 1 -1.750000 31.197946 1.570796 57.749142 -1.750000 124.606718 24.647225 2.786841
STATIC_OBS_INFO 0 -6.300000 76.515171 9.995574 
STATIC_OBS_INFO 1 -6.300000 63.841963 4.061757 
Parent: 1661.060477 10.000000 101.000000 20.000000 2055.350000 1499.088564 -10.000000 4.491714 38.000000 0.000000 0 0 1 0 0 0 0 0
Child: 1499.088564 10.000000 101.000000 20.000000 2055.350000 1303.608366 -10.000000 0.000000 0.000000 0.000000 0 0 1 0 0 0 0 0
Child: 1303.608366 10.217552 104.000000 3049.838138 8037.300000 224.344803 -10.000000 0.000000 0.000000 0.000000 1 0 1 0 0 0 0 0
Child: 224.344803 2.117356 23.000000 22.519310 2414.450000 0.000000 0.000000 0.000000 0.000000 0.000000 0 0 1 0 0 0 0 0
EGO_STATUS -3.612655 66.887624 7.300000 1.430520 0.595970 3.000000 -2.940000
DYNAMIC_OBS_INFO 0 -5.750000 57.385791 1.570796 97.680558 -5.750000 164.622203 19.342385 1.274648
DYNAMIC_OBS_INFO 1 -1.750000 31.197946 1.570796 60.148633 -1.750000 127.085375 24.925909 2.786841
STATIC_OBS_INFO 0 -6.300000 76.515171 9.923685 
STATIC_OBS_INFO 1 -6.300000 63.841963 4.127200 
Parent: 210.614836 2.038991 22.000000 0.387219 2309.500000 0.000000 0.000000 4.531240 8.000000 0.000000 0 0 0 0 0 0 0 0
EGO_STATUS -3.602080 66.965263 7.400000 1.438192 0.889970 0.000000 2.940000
DYNAMIC_OBS_INFO 0 -5.750000 57.385791 1.570796 99.554373 -5.750000 166.562815 19.469850 1.274648
DYNAMIC_OBS_INFO 1 -1.750000 31.197946 1.570796 62.587257 -1.750000 129.591900 25.204593 2.786841
STATIC_OBS_INFO 0 -6.300000 76.515171 9.862012 
STATIC_OBS_INFO 1 -6.300000 63.841963 4.183302 
Parent: 1646.759465 10.000000 101.000000 20.000000 2055.350000 1483.798104 -10.000000 4.481163 37.000000 0.000000 0 0 1 0 0 0 0 0
Child: 1483.798104 10.000000 101.000000 20.000000 2055.350000 1288.317906 -10.000000 0.000000 0.000000 0.000000 0 0 1 0 0 0 0 0
Child: 1288.317906 10.217552 104.000000 3049.423909 8037.300000 209.095038 -10.000000 0.000000 0.000000 0.000000 1 0 1 0 0 0 0 0
Child: 209.095038 1.971897 21.000000 22.237064 2204.550000 0.000000 0.000000 0.000000 0.000000 0.000000 0 0 1 0 0 0 0 0
EGO_STATUS -3.593534 67.031800 7.500000 1.444731 0.595970 3.000000 -2.940000
DYNAMIC_OBS_INFO 0 -5.750000 57.385791 1.570796 101.429720 -5.750000 168.516173 19.597315 1.274648
DYNAMIC_OBS_INFO 1 -1.750000 31.197946 1.570796 65.042576 -1.750000 132.126294 25.483277 2.786841
STATIC_OBS_INFO 0 -6.300000 76.515171 9.789865 
STATIC_OBS_INFO 1 -6.300000 63.841963 4.248961 
Parent: 196.027404 1.893534 20.000000 0.382568 2099.600000 0.000000 0.000000 4.207992 7.000000 0.000000 0 0 0 0 0 0 0 0
EGO_STATUS -3.584059 67.109581 7.600000 1.452324 0.889970 0.000000 2.940000
DYNAMIC_OBS_INFO 0 -5.750000 57.385791 1.570796 103.328909 -5.750000 170.482278 19.724780 1.274648
DYNAMIC_OBS_INFO 1 -1.750000 31.197946 1.570796 67.537025 -1.750000 134.688556 25.761962 2.786841
STATIC_OBS_INFO 0 -6.300000 76.515171 9.727976 
STATIC_OBS_INFO 1 -6.300000 63.841963 4.305238 
Parent: 1631.386454 10.000000 101.000000 20.000000 2055.350000 1468.435668 -10.000000 4.470588 37.000000 0.000000 0 0 1 0 0 0 0 0
Child: 1468.435668 10.000000 101.000000 20.000000 2055.350000 1272.955470 -10.000000 0.000000 0.000000 0.000000 0 0 1 0 0 0 0 0
Child: 1272.955470 10.217552 104.000000 3049.009686 8037.300000 193.773298 -10.000000 0.000000 0.000000 0.000000 1 0 1 0 0 0 0 0
Child: 193.773298 1.826442 20.000000 21.966630 2099.900000 0.000000 0.000000 0.000000 0.000000 0.000000 0 0 1 0 0 0 0 0
EGO_STATUS -3.576450 67.176232 7.700000 1.458765 0.595970 3.000000 -2.940000
DYNAMIC_OBS_INFO 0 -5.750000 57.385791 1.570796 105.229615 -5.750000 172.461129 19.852244 1.274648
DYNAMIC_OBS_INFO 1 -1.750000 31.197946 1.570796 70.048145 -1.750000 137.278686 26.040646 2.786841
STATIC_OBS_INFO 0 -6.300000 76.515171 9.655580 
STATIC_OBS_INFO 1 -6.300000 63.841963 4.371091 
Parent: 180.462949 1.748079 19.000000 0.374712 1994.950000 0.000000 0.000000 3.884749 7.000000 0.000000 0 0 0 0 0 0 0 0
EGO_STATUS -3.568060 67.254138 7.800000 1.466215 0.889970 0.000000 2.940000
DYNAMIC_OBS_INFO 0 -5.750000 57.385791 1.570796 107.154193 -5.750000 174.452727 19.979709 1.274648
DYNAMIC_OBS_INFO 1 -1.750000 31.197946 1.570796 72.598399 -1.750000 139.896685 26.319330 2.786841
STATIC_OBS_INFO 0 -6.300000 76.515171 9.593485 
STATIC_OBS_INFO 1 -6.300000 63.841963 4.427528 
Parent: 21283.816426 20.109224 203.000000 183040.475412 12004.550000 2005.161969 -10.000000 4.452081 37.000000 0.000000 1 0 1 0 0 0 0 18
Child: 2005.161969 10.000000 101.000000 20.000000 18530.250000 178.503553 -10.000000 0.000000 0.000000 0.000000 0 0 1 0 0 0 0 0
Child: 178.503553 1.680988 18.000000 21.713428 1889.700000 0.000000 0.000000 0.000000 0.000000 0.000000 0 0 1 0 0 0 0 0
EGO_STATUS -3.561370 67.320887 7.900000 1.472504 0.595970 3.000000 -2.940000
DYNAMIC_OBS_INFO 0 -5.750000 57.385791 1.570796 109.080277 -5.750000 176.457071 20.107174 1.274648
DYNAMIC_OBS_INFO 1 -1.750000 31.197946 1.570796 75.165304 -1.750000 142.542552 26.598014 2.786841
STATIC_OBS_INFO 0 -6.300000 76.515171 9.520856 
STATIC_OBS_INFO 1 -6.300000 63.841963 4.493561 
Parent: 164.869699 1.602627 18.000000 0.363502 1890.000000 0.000000 0.000000 3.561511 7.000000 0.000000 0 0 0 0 0 0 0 0
EGO_STATUS -3.554041 67.398900 8.000000 1.479745 0.889970 0.000000 2.940000
DYNAMIC_OBS_INFO 0 -5.750000 57.385791 1.570796 111.030262 -5.750000 178.474161 20.234639 1.274648
DYNAMIC_OBS_INFO 1 -1.750000 31.197946 1.570796 77.771347 -1.750000 145.216287 26.876698 2.786841
STATIC_OBS_INFO 0 -6.300000 76.515171 9.458567 
STATIC_OBS_INFO 1 -6.300000 63.841963 4.550150 
Parent: 19587.110704 30.072872 302.000000 170028.477127 25459.400000 163.175673 -10.000000 4.438777 37.000000 0.000000 0 0 1 0 0 0 0 17
Child: 163.175673 1.535537 17.000000 21.474939 1785.050000 0.000000 0.000000 0.000000 0.000000 0.000000 0 0 1 0 0 0 0 0
EGO_STATUS -3.548244 67.465733 8.100000 1.485825 0.595970 3.000000 -2.940000
DYNAMIC_OBS_INFO 0 -5.750000 57.385791 1.570796 112.981742 -5.750000 180.503999 20.362104 1.274648
DYNAMIC_OBS_INFO 1 -1.750000 31.197946 1.570796 80.394029 -1.750000 147.917891 27.155382 2.786841
STATIC_OBS_INFO 0 -6.300000 76.515171 9.385721 
STATIC_OBS_INFO 1 -6.300000 63.841963 4.616356 
Parent: 149.255375 1.457177 16.000000 0.348814 1679.800000 0.000000 0.000000 3.238277 7.000000 0.000000 0 0 0 0 0 0 0 0
EGO_STATUS -3.541941 67.543835 8.200000 1.492789 0.889970 0.000000 2.940000
DYNAMIC_OBS_INFO 0 -5.750000 57.385791 1.570796 114.957148 -5.750000 182.546582 20.489569 1.274648
DYNAMIC_OBS_INFO 1 -1.750000 31.197946 1.570796 83.055853 -1.750000 150.647364 27.434066 2.786841
STATIC_OBS_INFO 0 -6.300000 76.515171 9.323256 
STATIC_OBS_INFO 1 -6.300000 63.841963 4.673094 
Parent: 133.547492 1.390088 15.000000 0.152830 1574.850000 0.000000 -10.000000 4.587974 7.000000 0.000000 0 0 0 0 0 0 0 0
EGO_STATUS -3.537003 67.610737 8.300000 1.498599 0.595970 3.000000 -2.940000
DYNAMIC_OBS_INFO 0 -5.750000 57.385791 1.570796 116.981920 -5.750000 184.601912 20.617033 1.274648
DYNAMIC_OBS_INFO 1 -1.750000 31.197946 1.570796 85.782312 -1.750000 153.404705 27.712750 2.786841
STATIC_OBS_INFO 0 -6.300000 76.515171 9.295002 
STATIC_OBS_INFO 1 -6.300000 63.841963 4.698718 
Parent: 77010.933784 20.000000 201.000000 740020.000000 14555.250000 1971.340700 -10.000000 4.478656 37.000000 0.000000 0 0 1 0 0 0 0 74
Child: 1971.340700 10.000000 101.000000 20.000000 18530.250000 144.682284 -10.000000 0.000000 0.000000 0.000000 0 0 1 0 0 0 0 0
Child: 144.682284 1.359786 15.000000 21.161804 1574.850000 0.000000 0.000000 0.000000 0.000000 0.000000 0 0 1 0 0 0 0 0
EGO_STATUS -3.534945 67.640965 8.400000 1.501157 0.418430 3.000000 -2.940000
DYNAMIC_OBS_INFO 0 -5.750000 57.385791 1.570796 118.985262 -5.750000 186.669989 20.744498 1.274648
DYNAMIC_OBS_INFO 1 -1.750000 31.197946 1.570796 88.502405 -1.750000 156.189914 27.991434 2.786841
STATIC_OBS_INFO 0 -6.300000 76.515171 9.234747 
STATIC_OBS_INFO 1 -6.300000 63.841963 4.753447 
Parent: 132.590084 1.295183 14.000000 0.210237 1469.900000 0.000000 0.000000 3.585630 7.000000 0.000000 0 0 0 0 0 0 0 0
EGO_STATUS -3.530719 67.705425 8.500000 1.506543 0.712430 0.000000 2.940000
DYNAMIC_OBS_INFO 0 -5.750000 57.385791 1.570796 121.029720 -5.750000 188.750812 20.871963 1.274648
DYNAMIC_OBS_INFO 1 -1.750000 31.197946 1.570796 91.278840 -1.750000 159.002992 28.270118 2.786841
STATIC_OBS_INFO 0 -6.300000 76.515171 9.201011 
STATIC_OBS_INFO 1 -6.300000 63.841963 4.784057 
Parent: 75010.264159 20.000000 201.000000 720020.000000 14555.250000 1960.741502 -10.000000 4.457980 37.000000 0.000000 0 0 1 0 0 0 0 72
Child: 1960.741502 10.000000 101.000000 20.000000 18530.250000 134.083086 -10.000000 0.000000 0.000000 0.000000 0 0 1 0 0 0 0 0
Child: 134.083086 1.259058 14.000000 21.026179 1469.900000 0.000000 0.000000 0.000000 0.000000 0.000000 0 0 1 0 0 0 0 0
EGO_STATUS -3.528546 67.741481 8.600000 1.509470 0.458702 3.000000 -2.940000
DYNAMIC_OBS_INFO 0 -5.750000 57.385791 1.570796 123.055523 -5.750000 190.844382 20.999428 1.274648
DYNAMIC_OBS_INFO 1 -1.750000 31.197946 1.570796 94.051701 -1.750000 161.843938 28.548802 2.786841
STATIC_OBS_INFO 0 -6.300000 76.515171 9.137844 
STATIC_OBS_INFO 1 -6.300000 63.841963 4.841455 
Parent: 121.241764 1.191444 13.000000 0.223474 1364.950000 0.000000 0.000000 3.124272 7.000000 0.000000 0 0 0 0 0 0 0 0
EGO_STATUS -3.524671 67.808981 8.700000 1.514852 0.752702 0.000000 2.940000
DYNAMIC_OBS_INFO 0 -5.750000 57.385791 1.570796 125.123459 -5.750000 192.950698 21.126893 1.274648
DYNAMIC_OBS_INFO 1 -1.750000 31.197946 1.570796 96.881907 -1.750000 164.712752 28.827486 2.786841
STATIC_OBS_INFO 0 -6.300000 76.515171 9.102173 
STATIC_OBS_INFO 1 -6.300000 63.841963 4.873840 
Parent: 108.910971 1.153306 13.000000 0.085186 1364.950000 0.000000 -10.000000 4.810735 7.000000 0.000000 0 0 0 0 0 0 0 0
EGO_STATUS -3.522685 67.847064 8.800000 1.517783 0.469472 3.000000 -2.940000
DYNAMIC_OBS_INFO 0 -5.750000 57.385791 1.570796 127.218271 -5.750000 195.069760 21.254357 1.274648
DYNAMIC_OBS_INFO 1 -1.750000 31.197946 1.570796 99.754157 -1.750000 167.609435 29.106170 2.786841
STATIC_OBS_INFO 0 -6.300000 76.515171 9.079735 
STATIC_OBS_INFO 1 -6.300000 63.841963 4.894205 
Parent: 93741.182655 20.109224 203.000000 930032.296427 4490.050000 1199.362455 0.000000 4.834566 37.000000 0.000000 0 0 1 0 0 0 0 93
Child: 1199.362455 10.217552 104.000000 3046.914992 8037.300000 120.386078 -10.000000 0.000000 0.000000 0.000000 1 0 1 0 0 0 0 0
Child: 120.386078 1.129330 13.000000 20.843946 1364.950000 0.000000 0.000000 0.000000 0.000000 0.000000 0 0 1 0 0 0 0 0
EGO_STATUS -3.521504 67.871008 8.900000 1.519585 0.359320 3.000000 -2.940000
DYNAMIC_OBS_INFO 0 -5.750000 57.385791 1.570796 129.289578 -5.750000 197.201569 21.381822 1.274648
DYNAMIC_OBS_INFO 1 -1.750000 31.197946 1.570796 102.617981 -1.750000 170.533986 29.384855 2.786841
STATIC_OBS_INFO 0 -6.300000 76.515171 9.023287 
STATIC_OBS_INFO 1 -6.300000 63.841963 4.945524 
Parent: 108.484408 1.069021 12.000000 0.157047 1260.000000 0.000000 0.000000 3.223243 7.000000 0.000000 0 0 0 0 0 0 0 0
EGO_STATUS -3.518640 67.931247 9.000000 1.524053 0.653320 0.000000 2.940000
DYNAMIC_OBS_INFO 0 -5.750000 57.385791 1.570796 131.400714 -5.750000 199.346125 21.509287 1.274648
DYNAMIC_OBS_INFO 1 -1.750000 31.197946 1.570796 105.536821 -1.750000 173.486406 29.663539 2.786841
STATIC_OBS_INFO 0 -6.300000 76.515171 8.992214 
STATIC_OBS_INFO 1 -6.300000 63.841963 4.973758 
Parent: 96.374790 1.035853 12.000000 0.069711 1260.000000 0.000000 -10.000000 4.604235 7.000000 0.000000 0 0 0 0 0 0 0 0
EGO_STATUS -3.517209 67.964382 9.100000 1.526417 0.439956 3.000000 -2.940000
DYNAMIC_OBS_INFO 0 -5.750000 57.385791 1.570796 133.535249 -5.750000 201.503426 21.636752 1.274648
DYNAMIC_OBS_INFO 1 -1.750000 31.197946 1.570796 108.494211 -1.750000 176.466694 29.942223 2.786841
STATIC_OBS_INFO 0 -6.300000 76.515171 8.971127 
STATIC_OBS_INFO 1 -6.300000 63.841963 4.992918 
Parent: 94090.916967 20.000000 201.000000 930020.000000 4090.350000 1187.119464 -10.000000 4.494020 37.000000 0.000000 0 0 1 0 0 0 0 93
Child: 1187.119464 10.217552 104.000000 3046.579242 8037.300000 108.176073 -10.000000 0.000000 0.000000 0.000000 1 0 1 0 0 0 0 0
Child: 108.176073 1.013353 12.000000 20.707002 1260.300000 0.000000 0.000000 0.000000 0.000000 0.000000 0 0 1 0 0 0 0 0
EGO_STATUS -3.516289 67.986861 9.200000 1.527983 0.343226 3.000000 -2.940000
DYNAMIC_OBS_INFO 0 -5.750000 57.385791 1.570796 135.645924 -5.750000 203.673475 21.764217 1.274648
DYNAMIC_OBS_INFO 1 -1.750000 31.197946 1.570796 111.442829 -1.750000 179.474850 30.220907 2.786841
STATIC_OBS_INFO 0 -6.300000 76.515171 8.915671 
STATIC_OBS_INFO 1 -6.300000 63.841963 5.043392 
Parent: 97.154212 0.954184 11.000000 0.138102 1155.050000 0.000000 0.000000 2.948537 6.000000 0.000000 0 0 0 0 0 0 0 0
EGO_STATUS -3.513959 68.045982 9.300000 1.532037 0.637226 0.000000 2.940000
DYNAMIC_OBS_INFO 0 -5.750000 57.385791 1.570796 137.796109 -5.750000 205.856270 21.891682 1.274648
DYNAMIC_OBS_INFO 1 -1.750000 31.197946 1.570796 114.446129 -1.750000 182.510875 30.499591 2.786841
STATIC_OBS_INFO 0 -6.300000 76.515171 8.885316 
STATIC_OBS_INFO 1 -6.300000 63.841963 5.071013 
Parent: 84.950742 0.921822 11.000000 0.062553 1155.050000 0.000000 -10.000000 4.150038 6.000000 0.000000 0 0 0 0 0 0 0 0
EGO_STATUS -3.512811 68.078323 9.400000 1.534156 0.434247 3.000000 -2.940000
DYNAMIC_OBS_INFO 0 -5.750000 57.385791 1.570796 139.969181 -5.750000 208.051811 22.019146 1.274648
DYNAMIC_OBS_INFO 1 -1.750000 31.197946 1.570796 117.487460 -1.750000 185.574768 30.778275 2.786841
STATIC_OBS_INFO 0 -6.300000 76.515171 8.864473 
STATIC_OBS_INFO 1 -6.300000 63.841963 5.089980 
NO_CANDIDATE
EGO_STATUS -3.512068 68.100523 9.500000 1.535571 0.340012 3.000000 -2.940000
DYNAMIC_OBS_INFO 0 -5.750000 57.385791 1.570796 142.132820 -5.750000 210.260099 22.146611 1.274648
DYNAMIC_OBS_INFO 1 -1.750000 31.197946 1.570796 120.534466 -1.750000 188.666530 31.056959 2.786841
STATIC_OBS_INFO 0 -6.300000 76.515171 8.822807 
STATIC_OBS_INFO 1 -6.300000 63.841963 5.127993 
NO_CANDIDATE
EGO_STATUS -3.510582 68.144922 9.600000 1.538402 0.151541 3.000000 -2.940000
DYNAMIC_OBS_INFO 0 -5.750000 57.385791 1.570796 144.309208 -5.750000 212.481133 22.274076 1.274648
DYNAMIC_OBS_INFO 1 -1.750000 31.197946 1.570796 123.609355 -1.750000 191.786160 31.335643 2.786841
STATIC_OBS_INFO 0 -6.300000 76.515171 8.781145 
STATIC_OBS_INFO 1 -6.300000 63.841963 5.166074 
NO_CANDIDATE
EGO_STATUS -3.509164 68.189324 9.700000 1.541172 0.010000 3.000000 -2.940000
DYNAMIC_OBS_INFO 0 -5.750000 57.385791 1.570796 146.498340 -5.750000 214.714914 22.401541 1.274648
DYNAMIC_OBS_INFO 1 -1.750000 31.197946 1.570796 126.712122 -1.750000 194.933659 31.614327 2.786841
STATIC_OBS_INFO 0 -6.300000 76.515171 8.739439 
STATIC_OBS_INFO 1 -6.300000 63.841963 5.204151 
NO_CANDIDATE
EGO_STATUS -3.507948 68.233732 9.800000 1.543759 0.010000 3.000000 -2.940000
DYNAMIC_OBS_INFO 0 -5.750000 57.385791 1.570796 148.700224 -5.750000 216.961442 22.529006 1.274648
DYNAMIC_OBS_INFO 1 -1.750000 31.197946 1.570796 129.842770 -1.750000 198.109026 31.893011 2.786841
STATIC_OBS_INFO 0 -6.300000 76.515171 8.697760 
STATIC_OBS_INFO 1 -6.300000 63.841963 5.242328 
NO_CANDIDATE
EGO_STATUS -3.506733 68.278140 9.900000 1.546347 0.010000 3.000000 -2.940000
DYNAMIC_OBS_INFO 0 -5.750000 57.385791 1.570796 150.914849 -5.750000 219.220715 22.656470 1.274648
DYNAMIC_OBS_INFO 1 -1.750000 31.197946 1.570796 133.001297 -1.750000 201.312261 32.171695 2.786841
STATIC_OBS_INFO 0 -6.300000 76.515171 8.656023 
STATIC_OBS_INFO 1 -6.300000 63.841963 5.280478 
NO_CANDIDATE
EGO_STATUS -3.505764 68.322554 10.000000 1.548681 0.010000 3.000000 -2.940000
DYNAMIC_OBS_INFO 0 -5.750000 57.385791 1.570796 153.142227 -5.750000 221.492736 22.783935 1.274648
DYNAMIC_OBS_INFO 1 -1.750000 31.197946 1.570796 136.187703 -1.750000 204.543365 32.450379 2.786841
STATIC_OBS_INFO 0 -6.300000 76.515171 8.614313 
STATIC_OBS_INFO 1 -6.300000 63.841963 5.318726 
NO_CANDIDATE
EGO_STATUS -3.504795 68.366968 10.100000 1.551016 0.010000 3.000000 -2.940000
DYNAMIC_OBS_INFO 0 -5.750000 57.385791 1.570796 155.382351 -5.750000 223.777502 22.911400 1.274648
DYNAMIC_OBS_INFO 1 -1.750000 31.197946 1.570796 139.401987 -1.750000 207.802337 32.729063 2.786841
STATIC_OBS_INFO 0 -6.300000 76.515171 8.572574 
STATIC_OBS_INFO 1 -6.300000 63.841963 5.356985 
NO_CANDIDATE
EGO_STATUS -3.503990 68.411385 10.200000 1.553164 0.010000 3.000000 -2.940000
DYNAMIC_OBS_INFO 0 -5.750000 57.385791 1.570796 157.679628 -5.750000 226.075016 23.038865 1.274648
DYNAMIC_OBS_INFO 1 -1.750000 31.197946 1.570796 142.688573 -1.750000 211.089177 33.007748 2.786841
STATIC_OBS_INFO 0 -6.300000 76.515171 8.572574 
STATIC_OBS_INFO 1 -6.300000 63.841963 5.356985 
NO_CANDIDATE
EGO_STATUS -3.503990 68.411385 10.300000 1.553164 0.010000 3.000000 -2.940000
DYNAMIC_OBS_INFO 0 -5.750000 57.385791 1.570796 159.989656 -5.750000 228.385275 23.166330 1.274648
DYNAMIC_OBS_INFO 1 -1.750000 31.197946 1.570796 146.003037 -1.750000 214.403886 33.286432 2.786841
STATIC_OBS_INFO 0 -6.300000 76.515171 8.572574 
STATIC_OBS_INFO 1 -6.300000 63.841963 5.356985 
NO_CANDIDATE
EGO_STATUS -3.503990 68.411385 10.400000 1.553164 0.010000 3.000000 -2.940000
DYNAMIC_OBS_INFO 0 -5.750000 57.385791 1.570796 162.312437 -5.750000 230.708282 23.293795 1.274648
DYNAMIC_OBS_INFO 1 -1.750000 31.197946 1.570796 149.345379 -1.750000 217.746464 33.565116 2.786841
STATIC_OBS_INFO 0 -6.300000 76.515171 8.572574 
STATIC_OBS_INFO 1 -6.300000 63.841963 5.356985 
NO_CANDIDATE
EGO_STATUS -3.503990 68.411385 10.500000 1.553164 0.010000 3.000000 -2.940000
DYNAMIC_OBS_INFO 0 -5.750000 57.385791 1.570796 164.647969 -5.750000 233.044034 23.421259 1.274648
DYNAMIC_OBS_INFO 1 -1.750000 31.197946 1.570796 152.715597 -1.750000 221.116909 33.843800 2.786841
STATIC_OBS_INFO 0 -6.300000 76.515171 8.572574 
STATIC_OBS_INFO 1 -6.300000 63.841963 5.356985 
NO_CANDIDATE
EGO_STATUS -3.503990 68.411385 10.600000 1.553164 0.010000 3.000000 -2.940000
DYNAMIC_OBS_INFO 0 -5.750000 57.385791 1.570796 166.996253 -5.750000 235.392534 23.548724 1.274648
DYNAMIC_OBS_INFO 1 -1.750000 31.197946 1.570796 156.113692 -1.750000 224.515224 34.122484 2.786841
STATIC_OBS_INFO 0 -6.300000 76.515171 8.572574 
STATIC_OBS_INFO 1 -6.300000 63.841963 5.356985 
NO_CANDIDATE
EGO_STATUS -3.503990 68.411385 10.700000 1.553164 0.010000 3.000000 -2.940000
DYNAMIC_OBS_INFO 0 -5.750000 57.385791 1.570796 169.357288 -5.750000 237.753779 23.676189 1.274648
DYNAMIC_OBS_INFO 1 -1.750000 31.197946 1.570796 159.539663 -1.750000 227.941406 34.401168 2.786841
STATIC_OBS_INFO 0 -6.300000 76.515171 8.572574 
STATIC_OBS_INFO 1 -6.300000 63.841963 5.356985 
NO_CANDIDATE
EGO_STATUS -3.503990 68.411385 10.800000 1.553164 0.010000 3.000000 -2.940000
DYNAMIC_OBS_INFO 0 -5.750000 57.385791 1.570796 171.731074 -5.750000 240.127771 23.803654 1.274648
DYNAMIC_OBS_INFO 1 -1.750000 31.197946 1.570796 162.993510 -1.750000 231.395457 34.679852 2.786841
STATIC_OBS_INFO 0 -6.300000 76.515171 8.572574 
STATIC_OBS_INFO 1 -6.300000 63.841963 5.356985 
NO_CANDIDATE
EGO_STATUS -3.503990 68.411385 10.900000 1.553164 0.010000 3.000000 -2.940000
DYNAMIC_OBS_INFO 0 -5.750000 57.385791 1.570796 174.117612 -5.750000 242.514510 23.931119 1.274648
DYNAMIC_OBS_INFO 1 -1.750000 31.197946 1.570796 166.475232 -1.750000 234.877377 34.958536 2.786841
STATIC_OBS_INFO 0 -6.300000 76.515171 8.572574 
STATIC_OBS_INFO 1 -6.300000 63.841963 5.356985 
NO_CANDIDATE
EGO_STATUS -3.503990 68.411385 11.000000 1.553164 0.010000 3.000000 -2.940000
DYNAMIC_OBS_INFO 0 -5.750000 57.385791 1.570796 176.516900 -5.750000 244.913995 24.058583 1.274648
DYNAMIC_OBS_INFO 1 -1.750000 31.197946 1.570796 169.984829 -1.750000 238.387164 35.237220 2.786841
STATIC_OBS_INFO 0 -6.300000 76.515171 8.572574 
STATIC_OBS_INFO 1 -6.300000 63.841963 5.356985 
NO_CANDIDATE
EGO_STATUS -3.503990 68.411385 11.100000 1.553164 0.010000 3.000000 -2.940000
DYNAMIC_OBS_INFO 0 -5.750000 57.385791 1.570796 178.928939 -5.750000 247.326227 24.186048 1.274648
DYNAMIC_OBS_INFO 1 -1.750000 31.197946 1.570796 173.522301 -1.750000 241.924821 35.515904 2.786841
STATIC_OBS_INFO 0 -6.300000 76.515171 8.572574 
STATIC_OBS_INFO 1 -6.300000 63.841963 5.356985 
NO_CANDIDATE
EGO_STATUS -3.503990 68.411385 11.200000 1.553164 0.010000 3.000000 -2.940000
DYNAMIC_OBS_INFO 0 -5.750000 57.385791 1.570796 181.353728 -5.750000 249.751205 24.313513 1.274648
DYNAMIC_OBS_INFO 1 -1.750000 31.197946 1.570796 177.087647 -1.750000 245.490345 35.794588 2.786841
STATIC_OBS_INFO 0 -6.300000 76.515171 8.572574 
STATIC_OBS_INFO 1 -6.300000 63.841963 5.356985 
NO_CANDIDATE
EGO_STATUS -3.503990 68.411385 11.300000 1.553164 0.010000 3.000000 -2.940000
DYNAMIC_OBS_INFO 0 -5.750000 57.385791 1.570796 183.791268 -5.750000 252.188929 24.440978 1.274648
DYNAMIC_OBS_INFO 1 -1.750000 31.197946 1.570796 180.680867 -1.750000 249.083738 36.073272 2.786841
STATIC_OBS_INFO 0 -6.300000 76.515171 8.572574 
STATIC_OBS_INFO 1 -6.300000 63.841963 5.356985 
NO_CANDIDATE
EGO_STATUS -3.503990 68.411385 11.400000 1.553164 0.010000 3.000000 -2.940000
DYNAMIC_OBS_INFO 0 -5.750000 57.385791 1.570796 186.241559 -5.750000 254.639400 24.568443 1.274648
DYNAMIC_OBS_INFO 1 -1.750000 31.197946 1.570796 184.301961 -1.750000 252.705000 36.351956 2.786841
STATIC_OBS_INFO 0 -6.300000 76.515171 8.572574 
STATIC_OBS_INFO 1 -6.300000 63.841963 5.356985 
NO_CANDIDATE
EGO_STATUS -3.503990 68.411385 11.500000 1.553164 0.010000 3.000000 -2.940000
DYNAMIC_OBS_INFO 0 -5.750000 57.385791 1.570796 188.704600 -5.750000 257.102618 24.695908 1.274648
DYNAMIC_OBS_INFO 1 -1.750000 31.197946 1.570796 187.950929 -1.750000 256.354130 36.630640 2.786841
STATIC_OBS_INFO 0 -6.300000 76.515171 8.572574 
STATIC_OBS_INFO 1 -6.300000 63.841963 5.356985 
NO_CANDIDATE
EGO_STATUS -3.503990 68.411385 11.600000 1.553164 0.010000 3.000000 -2.940000
DYNAMIC_OBS_INFO 0 -5.750000 57.385791 1.570796 191.180390 -5.750000 259.578582 24.823372 1.274648
DYNAMIC_OBS_INFO 1 -1.750000 31.197946 1.570796 191.627770 -1.750000 260.031128 36.909325 2.786841
STATIC_OBS_INFO 0 -6.300000 76.515171 8.572574 
STATIC_OBS_INFO 1 -6.300000 63.841963 5.356985 
NO_CANDIDATE
EGO_STATUS -3.503990 68.411385 11.700000 1.553164 0.010000 3.000000 -2.940000
DYNAMIC_OBS_INFO 0 -5.750000 57.385791 1.570796 193.668931 -5.750000 262.067292 24.950837 1.274648
DYNAMIC_OBS_INFO 1 -1.750000 31.197946 1.570796 195.332485 -1.750000 263.735995 37.188009 2.786841
STATIC_OBS_INFO 0 -6.300000 76.515171 8.572574 
STATIC_OBS_INFO 1 -6.300000 63.841963 5.356985 
NO_CANDIDATE
EGO_STATUS -3.503990 68.411385 11.800000 1.553164 0.010000 3.000000 -2.940000
DYNAMIC_OBS_INFO 0 -5.750000 57.385791 1.570796 196.170222 -5.750000 264.568749 25.078302 1.274648
DYNAMIC_OBS_INFO 1 -1.750000 31.197946 1.570796 199.065072 -1.750000 267.468730 37.466693 2.786841
STATIC_OBS_INFO 0 -6.300000 76.515171 8.572574 
STATIC_OBS_INFO 1 -6.300000 63.841963 5.356985 
NO_CANDIDATE
EGO_STATUS -3.503990 68.411385 11.900000 1.553164 0.010000 3.000000 -2.940000
DYNAMIC_OBS_INFO 0 -5.750000 57.385791 1.570796 198.684263 -5.750000 267.082953 25.205767 1.274648
DYNAMIC_OBS_INFO 1 -1.750000 31.197946 1.570796 202.825532 -1.750000 271.229333 37.745377 2.786841
STATIC_OBS_INFO 0 -6.300000 76.515171 8.572574 
STATIC_OBS_INFO 1 -6.300000 63.841963 5.356985 
NO_CANDIDATE
EGO_STATUS -3.503990 68.411385 12.000000 1.553164 0.010000 3.000000 -2.940000
DYNAMIC_OBS_INFO 0 -5.750000 57.385791 1.570796 201.211053 -5.750000 269.609903 25.333232 1.274648
DYNAMIC_OBS_INFO 1 -1.750000 31.197946 1.570796 206.613865 -1.750000 275.017805 38.024061 2.786841
STATIC_OBS_INFO 0 -6.300000 76.515171 8.572574 
STATIC_OBS_INFO 1 -6.300000 63.841963 5.356985 
NO_CANDIDATE
EGO_STATUS -3.503990 68.411385 12.100000 1.553164 0.010000 3.000000 -2.940000
DYNAMIC_OBS_INFO 0 -5.750000 57.385791 1.570796 203.750594 -5.750000 272.149599 25.460696 1.274648
DYNAMIC_OBS_INFO 1 -1.750000 31.197946 1.570796 210.430070 -1.750000 278.834145 38.302745 2.786841
STATIC_OBS_INFO 0 -6.300000 76.515171 8.572574 
STATIC_OBS_INFO 1 -6.300000 63.841963 5.356985 
NO_CANDIDATE
EGO_STATUS -3.503990 68.411385 12.200000 1.553164 0.010000 3.000000 -2.940000
DYNAMIC_OBS_INFO 0 -5.750000 57.385791 1.570796 206.302883 -5.750000 274.702042 25.588161 1.274648
DYNAMIC_OBS_INFO 1 -1.750000 31.197946 1.570796 214.274148 -1.750000 282.678354 38.581429 2.786841
STATIC_OBS_INFO 0 -6.300000 76.515171 8.572574 
STATIC_OBS_INFO 1 -6.300000 63.841963 5.356985 
NO_CANDIDATE
EGO_STATUS -3.503990 68.411385 12.300000 1.553164 0.010000 3.000000 -2.940000
DYNAMIC_OBS_INFO 0 -5.750000 57.385791 1.570796 208.867922 -5.750000 277.267231 25.715626 1.274648
DYNAMIC_OBS_INFO 1 -1.750000 31.197946 1.570796 218.146097 -1.750000 286.550431 38.860113 2.786841
STATIC_OBS_INFO 0 -6.300000 76.515171 8.572574 
STATIC_OBS_INFO 1 -6.300000 63.841963 5.356985 
Parent: 39436.502607 10.000000 101.000000 20.000000 204651.250000 19213.331376 -10.000000 4.691033 36.000000 0.000000 0 0 1 0 0 0 0 0
Child: 19213.331376 22.395426 225.000000 3122.222157 189908.250000 0.000000 0.000000 0.000000 0.000000 0.000000 1 0 1 0 1 0 0 0
EGO_STATUS -3.503990 68.411385 12.400000 1.553164 0.010000 3.000000 -2.940000
DYNAMIC_OBS_INFO 0 -5.750000 57.385791 1.570796 211.406880 -5.750000 279.845167 25.843091 1.274648
DYNAMIC_OBS_INFO 1 -1.750000 31.197946 1.570796 222.007076 -1.750000 290.450377 39.138797 2.786841
STATIC_OBS_INFO 0 -6.300000 76.515171 8.536063 
STATIC_OBS_INFO 1 -6.300000 63.841963 5.390462 
Parent: 55.251375 0.549793 7.000000 0.021155 735.250000 0.000000 0.000000 3.501863 6.000000 0.000000 0 0 0 0 0 0 0 0
EGO_STATUS -3.503393 68.450224 12.500000 1.554918 0.304000 0.000000 2.940000
DYNAMIC_OBS_INFO 0 -5.750000 57.385791 1.570796 213.981723 -5.750000 282.435849 25.970556 1.274648
DYNAMIC_OBS_INFO 1 -1.750000 31.197946 1.570796 225.919070 -1.750000 294.378190 39.417481 2.786841
STATIC_OBS_INFO 0 -6.300000 76.515171 8.521304 
STATIC_OBS_INFO 1 -6.300000 63.841963 5.404000 
Parent: 44.088021 0.534092 7.000000 0.014932 735.250000 0.000000 -10.000000 3.988115 6.000000 0.000000 0 0 0 0 0 0 0 0
EGO_STATUS -3.503178 68.465923 12.600000 1.555594 0.257842 3.000000 -2.940000
DYNAMIC_OBS_INFO 0 -5.750000 57.385791 1.570796 216.571622 -5.750000 285.039278 26.098021 1.274648
DYNAMIC_OBS_INFO 1 -1.750000 31.197946 1.570796 229.861244 -1.750000 298.333873 39.696165 2.786841
STATIC_OBS_INFO 0 -6.300000 76.515171 8.508713 
STATIC_OBS_INFO 1 -6.300000 63.841963 5.415553 
Parent: 43.131014 0.520700 7.000000 0.011146 735.250000 0.000000 -10.000000 4.438085 6.000000 0.000000 0 0 0 0 0 0 0 0
EGO_STATUS -3.503002 68.479314 12.700000 1.556159 0.224651 3.000000 -2.940000
DYNAMIC_OBS_INFO 0 -5.750000 57.385791 1.570796 219.175928 -5.750000 287.655454 26.225485 1.274648
DYNAMIC_OBS_INFO 1 -1.750000 31.197946 1.570796 233.832948 -1.750000 302.317424 39.974849 2.786841
STATIC_OBS_INFO 0 -6.300000 76.515171 8.497683 
STATIC_OBS_INFO 1 -6.300000 63.841963 5.425679 
Parent: 42.320026 0.508967 7.000000 0.008654 735.250000 0.000000 -10.000000 4.859648 6.000000 0.000000 0 0 0 0 0 0 0 0
EGO_STATUS -3.502855 68.491045 12.800000 1.556644 0.199467 3.000000 -2.940000
DYNAMIC_OBS_INFO 0 -5.750000 57.385791 1.570796 221.794243 -5.750000 290.284375 26.352950 1.274648
DYNAMIC_OBS_INFO 1 -1.750000 31.197946 1.570796 237.833783 -1.750000 306.328843 40.253533 2.786841
STATIC_OBS_INFO 0 -6.300000 76.515171 8.487837 
STATIC_OBS_INFO 1 -6.300000 63.841963 5.434720 
Parent: 1492.290702 10.000000 101.000000 20.000000 2055.350000 1328.300057 -10.000000 4.510446 36.000000 0.000000 0 0 1 0 0 0 0 0
Child: 1328.300057 10.000000 101.000000 20.000000 2055.350000 1132.819859 -10.000000 0.000000 0.000000 0.000000 0 0 1 0 0 0 0 0
Child: 1132.819859 10.217552 104.000000 3045.085833 8037.300000 54.023189 -10.000000 0.000000 0.000000 0.000000 1 0 1 0 0 0 0 0
Child: 54.023189 0.498494 6.000000 20.236930 630.000000 0.000000 0.000000 0.000000 0.000000 0.000000 0 0 1 0 0 0 0 0
EGO_STATUS -3.502728 68.501518 12.900000 1.557069 0.179623 3.000000 -2.940000
DYNAMIC_OBS_INFO 0 -5.750000 57.385791 1.570796 224.387429 -5.750000 292.926044 26.480415 1.274648
DYNAMIC_OBS_INFO 1 -1.750000 31.197946 1.570796 241.824604 -1.750000 310.368130 40.532218 2.786841
STATIC_OBS_INFO 0 -6.300000 76.515171 8.442385 
STATIC_OBS_INFO 1 -6.300000 63.841963 5.476525 
Parent: 43.151452 0.450134 6.000000 0.044882 630.300000 0.000000 0.000000 1.861507 6.000000 0.000000 0 0 0 0 0 0 0 0
EGO_STATUS -3.502161 68.549874 13.000000 1.559003 0.473623 0.000000 2.940000
DYNAMIC_OBS_INFO 0 -5.750000 57.385791 1.570796 227.017536 -5.750000 295.580458 26.607880 1.274648
DYNAMIC_OBS_INFO 1 -1.750000 31.197946 1.570796 245.867474 -1.750000 314.435286 40.810902 2.786841
STATIC_OBS_INFO 0 -6.300000 76.515171 8.419655 
STATIC_OBS_INFO 1 -6.300000 63.841963 5.497448 
Parent: 31.041180 0.425953 6.000000 0.025144 630.300000 0.000000 -10.000000 2.293065 6.000000 0.000000 0 0 0 0 0 0 0 0
EGO_STATUS -3.501920 68.574054 13.100000 1.559895 0.361514 3.000000 -2.940000
DYNAMIC_OBS_INFO 0 -5.750000 57.385791 1.570796 229.665995 -5.750000 298.247620 26.735345 1.274648
DYNAMIC_OBS_INFO 1 -1.750000 31.197946 1.570796 249.943820 -1.750000 318.530311 41.089586 2.786841
STATIC_OBS_INFO 0 -6.300000 76.515171 8.402195 
STATIC_OBS_INFO 1 -6.300000 63.841963 5.513531 
Parent: 29.456752 0.407377 6.000000 0.016344 630.300000 0.000000 -10.000000 2.660701 6.000000 0.000000 0 0 0 0 0 0 0 0
EGO_STATUS -3.501751 68.592629 13.200000 1.560550 0.296218 3.000000 -2.940000
DYNAMIC_OBS_INFO 0 -5.750000 57.385791 1.570796 232.330468 -5.750000 300.927527 26.862809 1.274648
DYNAMIC_OBS_INFO 1 -1.750000 31.197946 1.570796 254.051303 -1.750000 322.653203 41.368270 2.786841
STATIC_OBS_INFO 0 -6.300000 76.515171 8.387804 
STATIC_OBS_INFO 1 -6.300000 63.841963 5.526795 
Parent: 28.160107 0.392066 5.000000 0.011536 525.050000 0.000000 -10.000000 2.988362 6.000000 0.000000 0 0 0 0 0 0 0 0
EGO_STATUS -3.501620 68.607939 13.300000 1.561070 0.252395 3.000000 -2.940000
DYNAMIC_OBS_INFO 0 -5.750000 57.385791 1.570796 235.009880 -5.750000 303.620181 26.990274 1.274648
DYNAMIC_OBS_INFO 1 -1.750000 31.197946 1.570796 258.188847 -1.750000 326.803964 41.646954 2.786841
STATIC_OBS_INFO 0 -6.300000 76.515171 8.375473 
STATIC_OBS_INFO 1 -6.300000 63.841963 5.538166 
Parent: 27.080480 0.378946 5.000000 0.008592 525.050000 0.000000 -10.000000 3.286702 6.000000 0.000000 0 0 0 0 0 0 0 0
EGO_STATUS -3.501514 68.621058 13.400000 1.561501 0.220594 3.000000 -2.940000
DYNAMIC_OBS_INFO 0 -5.750000 57.385791 1.570796 237.703630 -5.750000 306.325582 27.117739 1.274648
DYNAMIC_OBS_INFO 1 -1.750000 31.197946 1.570796 262.355852 -1.750000 330.982594 41.925638 2.786841
STATIC_OBS_INFO 0 -6.300000 76.515171 8.364637 
STATIC_OBS_INFO 1 -6.300000 63.841963 5.548163 
Parent: 26.144620 0.367416 5.000000 0.006649 525.050000 0.000000 -10.000000 3.561741 6.000000 0.000000 0 0 0 0 0 0 0 0
EGO_STATUS -3.501425 68.632588 13.500000 1.561869 0.196313 3.000000 -2.940000
DYNAMIC_OBS_INFO 0 -5.750000 57.385791 1.570796 240.411343 -5.750000 309.043729 27.245204 1.274648
DYNAMIC_OBS_INFO 1 -1.750000 31.197946 1.570796 266.551943 -1.750000 335.189092 42.204322 2.786841
STATIC_OBS_INFO 0 -6.300000 76.515171 8.354942 
STATIC_OBS_INFO 1 -6.300000 63.841963 5.557110 
Parent: 25.316869 0.357101 5.000000 0.005296 525.050000 0.000000 -10.000000 3.817351 6.000000 0.000000 0 0 0 0 0 0 0 0
EGO_STATUS -3.501349 68.642903 13.600000 1.562189 0.177093 3.000000 -2.940000
DYNAMIC_OBS_INFO 0 -5.750000 57.385791 1.570796 243.132765 -5.750000 311.774623 27.372669 1.274648
DYNAMIC_OBS_INFO 1 -1.750000 31.197946 1.570796 270.776864 -1.750000 339.423458 42.483006 2.786841
STATIC_OBS_INFO 0 -6.300000 76.515171 8.346151 
STATIC_OBS_INFO 1 -6.300000 63.841963 5.565227 
Parent: 24.573337 0.347746 5.000000 0.004316 525.050000 0.000000 -10.000000 4.056236 6.000000 0.000000 0 0 0 0 0 0 0 0
EGO_STATUS -3.501282 68.652257 13.700000 1.562473 0.161462 3.000000 -2.940000
DYNAMIC_OBS_INFO 0 -5.750000 57.385791 1.570796 245.867717 -5.750000 314.518263 27.500133 1.274648
DYNAMIC_OBS_INFO 1 -1.750000 31.197946 1.570796 275.030438 -1.750000 343.685693 42.761690 2.786841
STATIC_OBS_INFO 0 -6.300000 76.515171 8.338094 
STATIC_OBS_INFO 1 -6.300000 63.841963 5.572668 
Parent: 23.917523 0.339173 5.000000 0.003581 525.350000 0.000000 -10.000000 4.280395 6.000000 0.000000 0 0 0 0 0 0 0 0
EGO_STATUS -3.501224 68.660830 13.800000 1.562726 0.148477 3.000000 -2.940000
DYNAMIC_OBS_INFO 0 -5.750000 57.385791 1.570796 248.616066 -5.750000 317.274650 27.627598 1.274648
DYNAMIC_OBS_INFO 1 -1.750000 31.197946 1.570796 279.312532 -1.750000 347.975796 43.040374 2.786841
STATIC_OBS_INFO 0 -6.300000 76.515171 8.330648 
STATIC_OBS_INFO 1 -6.300000 63.841963 5.579548 
Parent: 23.295892 0.331249 5.000000 0.003018 525.350000 0.000000 -10.000000 4.491371 6.000000 0.000000 0 0 0 0 0 0 0 0
EGO_STATUS -3.501171 68.668754 13.900000 1.562956 0.137505 3.000000 -2.940000
DYNAMIC_OBS_INFO 0 -5.750000 57.385791 1.570796 251.377713 -5.750000 320.043783 27.755063 1.274648
DYNAMIC_OBS_INFO 1 -1.750000 31.197946 1.570796 283.623045 -1.750000 352.293768 43.319058 2.786841
STATIC_OBS_INFO 0 -6.300000 76.515171 8.323718 
STATIC_OBS_INFO 1 -6.300000 63.841963 5.585953 
Parent: 22.719963 0.323874 5.000000 0.002575 525.350000 0.000000 -10.000000 4.690394 6.000000 0.000000 0 0 0 0 0 0 0 0
EGO_STATUS -3.501124 68.676129 14.000000 1.563165 0.128101 3.000000 -2.940000
DYNAMIC_OBS_INFO 0 -5.750000 57.385791 1.570796 254.152578 -5.750000 322.825662 27.882528 1.274648
DYNAMIC_OBS_INFO 1 -1.750000 31.197946 1.570796 287.961898 -1.750000 356.639608 43.597742 2.786841
STATIC_OBS_INFO 0 -6.300000 76.515171 8.317230 
STATIC_OBS_INFO 1 -6.300000 63.841963 5.591951 
Parent: 22.182498 0.316969 5.000000 0.002222 525.350000 0.000000 -10.000000 4.878469 6.000000 0.000000 0 0 0 0 0 0 0 0
EGO_STATUS -3.501081 68.683034 14.100000 1.563357 0.119946 3.000000 -2.940000
DYNAMIC_OBS_INFO 0 -5.750000 57.385791 1.570796 256.940600 -5.750000 325.620288 28.009993 1.274648
DYNAMIC_OBS_INFO 1 -1.750000 31.197946 1.570796 292.329030 -1.750000 361.013317 43.876426 2.786841
STATIC_OBS_INFO 0 -6.300000 76.515171 8.311126 
STATIC_OBS_INFO 1 -6.300000 63.841963 5.597597 
Parent: 1473.336990 10.000000 101.000000 20.000000 2055.350000 1309.337876 -10.000000 4.518916 36.000000 0.000000 0 0 1 0 0 0 0 0
Child: 1309.337876 10.000000 101.000000 20.000000 2055.350000 1113.857678 -10.000000 0.000000 0.000000 0.000000 0 0 1 0 0 0 0 0
Child: 1113.857678 10.217552 104.000000 3044.546741 8037.300000 35.113971 -10.000000 0.000000 0.000000 0.000000 1 0 1 0 0 0 0 0
Child: 35.113971 0.310471 5.000000 40.144733 525.350000 0.000000 0.000000 0.000000 0.000000 0.000000 0 0 1 0 1 0 0 0
EGO_STATUS -3.501041 68.689531 14.200000 1.563535 0.112802 3.000000 -2.940000
DYNAMIC_OBS_INFO 0 -5.750000 57.385791 1.570796 259.703477 -5.750000 328.427661 28.137458 1.274648
DYNAMIC_OBS_INFO 1 -1.750000 31.197946 1.570796 296.686136 -1.750000 365.414893 44.155111 2.786841
STATIC_OBS_INFO 0 -6.300000 76.515171 8.269429 
STATIC_OBS_INFO 1 -6.300000 63.841963 5.636215 
Parent: 23.223079 0.266078 4.000000 0.022492 420.100000 0.000000 0.000000 1.276758 6.000000 0.000000 0 0 0 0 0 0 0 0
EGO_STATUS -3.500779 68.733924 14.300000 1.564726 0.406802 0.000000 2.940000
DYNAMIC_OBS_INFO 0 -5.750000 57.385791 1.570796 262.502653 -5.750000 331.247780 28.264922 1.274648
DYNAMIC_OBS_INFO 1 -1.750000 31.197946 1.570796 301.094665 -1.750000 369.844339 44.433795 2.786841
STATIC_OBS_INFO 0 -6.300000 76.515171 8.249856 
STATIC_OBS_INFO 1 -6.300000 63.841963 5.654363 
Parent: 11.206534 0.245238 4.000000 0.013481 419.800000 0.000000 -10.000000 1.468013 6.000000 0.000000 0 0 0 0 0 0 0 0
EGO_STATUS -3.500678 68.754764 14.400000 1.565239 0.324108 3.000000 -2.940000
DYNAMIC_OBS_INFO 0 -5.750000 57.385791 1.570796 265.318712 -5.750000 334.080645 28.392387 1.274648
DYNAMIC_OBS_INFO 1 -1.750000 31.197946 1.570796 305.535199 -1.750000 374.301652 44.712479 2.786841
STATIC_OBS_INFO 0 -6.300000 76.515171 8.234169 
STATIC_OBS_INFO 1 -6.300000 63.841963 5.668919 
Parent: 9.607869 0.228532 4.000000 0.009008 419.800000 0.000000 -10.000000 1.622895 6.000000 0.000000 0 0 0 0 0 0 0 0
EGO_STATUS -3.500604 68.771469 14.500000 1.565620 0.271635 3.000000 -2.940000
DYNAMIC_OBS_INFO 0 -5.750000 57.385791 1.570796 268.150142 -5.750000 336.926257 28.519852 1.274648
DYNAMIC_OBS_INFO 1 -1.750000 31.197946 1.570796 310.006227 -1.750000 378.786834 44.991163 2.786841
STATIC_OBS_INFO 0 -6.300000 76.515171 8.220948 
STATIC_OBS_INFO 1 -6.300000 63.841963 5.681197 
Parent: 8.259023 0.214450 4.000000 0.006455 419.800000 0.000000 -10.000000 1.752101 6.000000 0.000000 0 0 0 0 0 0 0 0
EGO_STATUS -3.500546 68.785550 14.600000 1.565920 0.234792 3.000000 -2.940000
DYNAMIC_OBS_INFO 0 -5.750000 57.385791 1.570796 270.996162 -5.750000 339.784616 28.647317 1.274648
DYNAMIC_OBS_INFO 1 -1.750000 31.197946 1.570796 314.506966 -1.750000 383.299885 45.269847 2.786841
STATIC_OBS_INFO 0 -6.300000 76.515171 8.209457 
STATIC_OBS_INFO 1 -6.300000 63.841963 5.691874 
Parent: 7.113909 0.202211 4.000000 0.004864 420.400000 0.000000 -10.000000 1.861304 6.000000 0.000000 0 0 0 0 0 0 0 0
EGO_STATUS -3.500499 68.797790 14.700000 1.566168 0.207279 3.000000 -2.940000
DYNAMIC_OBS_INFO 0 -5.750000 57.385791 1.570796 273.856306 -5.750000 342.655721 28.774782 1.274648
DYNAMIC_OBS_INFO 1 -1.750000 31.197946 1.570796 319.036952 -1.750000 387.840804 45.548531 2.786841
STATIC_OBS_INFO 0 -6.300000 76.515171 8.199258 
STATIC_OBS_INFO 1 -6.300000 63.841963 5.701355 
Parent: 6.055284 0.191347 3.000000 0.003812 315.150000 0.000000 -10.000000 1.954050 6.000000 0.000000 0 0 0 0 0 0 0 0
EGO_STATUS -3.500459 68.808654 14.800000 1.566378 0.185846 3.000000 -2.940000
DYNAMIC_OBS_INFO 0 -5.750000 57.385791 1.570796 276.730270 -5.750000 345.539572 28.902246 1.274648
DYNAMIC_OBS_INFO 1 -1.750000 31.197946 1.570796 323.595879 -1.750000 392.409591 45.827215 2.786841
STATIC_OBS_INFO 0 -6.300000 76.515171 8.190067 
STATIC_OBS_INFO 1 -6.300000 63.841963 5.709904 
Parent: 5.105272 0.181555 3.000000 0.003085 315.150000 0.000000 -10.000000 2.032779 6.000000 0.000000 0 0 0 0 0 0 0 0
EGO_STATUS -3.500425 68.818446 14.900000 1.566561 0.168627 3.000000 -2.940000
DYNAMIC_OBS_INFO 0 -5.750000 57.385791 1.570796 279.617842 -5.750000 348.436170 29.029711 1.274648
DYNAMIC_OBS_INFO 1 -1.750000 31.197946 1.570796 328.183537 -1.750000 397.006247 46.105899 2.786841
STATIC_OBS_INFO 0 -6.300000 76.515171 8.181684 
STATIC_OBS_INFO 1 -6.300000 63.841963 5.717705 
Parent: 4.233495 0.172623 3.000000 0.002564 315.150000 0.000000 -10.000000 2.099280 6.000000 0.000000 0 0 0 0 0 0 0 0
EGO_STATUS -3.500395 68.827377 15.000000 1.566723 0.154459 3.000000 -2.940000
DYNAMIC_OBS_INFO 0 -5.750000 57.385791 1.570796 282.518871 -5.750000 351.345514 29.157176 1.274648
DYNAMIC_OBS_INFO 1 -1.750000 31.197946 1.570796 332.799774 -1.750000 401.630771 46.384583 2.786841
STATIC_OBS_INFO 0 -6.300000 76.515171 8.173967 
STATIC_OBS_INFO 1 -6.300000 63.841963 5.724889 
Parent: 3.425292 0.164400 3.000000 0.002184 315.150000 0.000000 -10.000000 2.154930 6.000000 0.000000 0 0 0 0 0 0 0 0
EGO_STATUS -3.500369 68.835600 15.100000 1.566869 0.142581 3.000000 -2.940000
DYNAMIC_OBS_INFO 0 -5.750000 57.385791 1.570796 285.433241 -5.750000 354.267605 29.284641 1.274648
DYNAMIC_OBS_INFO 1 -1.750000 31.197946 1.570796 337.444474 -1.750000 406.283163 46.663267 2.786841
STATIC_OBS_INFO 0 -6.300000 76.515171 8.166808 
STATIC_OBS_INFO 1 -6.300000 63.841963 5.731556 
Parent: 2.669735 0.156771 3.000000 0.001900 315.150000 0.000000 -10.000000 2.200823 6.000000 0.000000 0 0 0 0 0 0 0 0
EGO_STATUS -3.500346 68.843229 15.200000 1.567002 0.132466 3.000000 -2.940000
DYNAMIC_OBS_INFO 0 -5.750000 57.385791 1.570796 288.360865 -5.750000 357.202442 29.412106 1.274648
DYNAMIC_OBS_INFO 1 -1.750000 31.197946 1.570796 342.117549 -1.750000 410.963424 46.941951 2.786841
STATIC_OBS_INFO 0 -6.300000 76.515171 8.160124 
STATIC_OBS_INFO 1 -6.300000 63.841963 5.737783 
Parent: 1.958447 0.149648 3.000000 0.001688 315.150000 0.000000 -10.000000 2.237853 6.000000 0.000000 0 0 0 0 0 0 0 0
EGO_STATUS -3.500325 68.850353 15.300000 1.567125 0.123742 3.000000 -2.940000
DYNAMIC_OBS_INFO 0 -5.750000 57.385791 1.570796 291.301674 -5.750000 360.150026 29.539571 1.274648
DYNAMIC_OBS_INFO 1 -1.750000 31.197946 1.570796 346.818931 -1.750000 415.671554 47.220635 2.786841
STATIC_OBS_INFO 0 -6.300000 76.515171 8.153850 
STATIC_OBS_INFO 1 -6.300000 63.841963 5.743630 
Parent: 1.284867 0.142961 3.000000 0.001530 315.150000 0.000000 -10.000000 2.266767 6.000000 0.000000 0 0 0 0 0 0 0 0
EGO_STATUS -3.500306 68.857040 15.400000 1.567240 0.116136 3.000000 -2.940000
DYNAMIC_OBS_INFO 0 -5.750000 57.385791 1.570796 294.255610 -5.750000 363.110356 29.667035 1.274648
DYNAMIC_OBS_INFO 1 -1.750000 31.197946 1.570796 351.548562 -1.750000 420.407551 47.499319 2.786841
STATIC_OBS_INFO 0 -6.300000 76.515171 8.147932 
STATIC_OBS_INFO 1 -6.300000 63.841963 5.749146 
Parent: 0.643757 0.136654 3.000000 0.001414 315.150000 0.000000 -10.000000 2.288197 6.000000 0.000000 0 0 0 0 0 0 0 0
EGO_STATUS -3.500289 68.863346 15.500000 1.567348 0.109442 3.000000 -2.940000
DYNAMIC_OBS_INFO 0 -5.750000 57.385791 1.570796 297.222629 -5.750000 366.083433 29.794500 1.274648
DYNAMIC_OBS_INFO 1 -1.750000 31.197946 1.570796 356.306398 -1.750000 425.171418 47.778003 2.786841
STATIC_OBS_INFO 0 -6.300000 76.515171 8.142330 
STATIC_OBS_INFO 1 -6.300000 63.841963 5.754370 
Parent: 0.017803 0.130682 3.000000 0.001331 314.850000 0.000000 -10.000000 2.302689 6.000000 0.000000 0 0 0 0 0 0 0 0
EGO_STATUS -3.500273 68.869319 15.600000 1.567450 0.103504 3.000000 -2.940000
DYNAMIC_OBS_INFO 0 -5.750000 57.385791 1.570796 300.202693 -5.750000 369.069257 29.921965 1.274648
DYNAMIC_OBS_INFO 1 -1.750000 31.197946 1.570796 361.092400 -1.750000 429.963152 48.056688 2.786841
STATIC_OBS_INFO 0 -6.300000 76.515171 8.137006 
STATIC_OBS_INFO 1 -6.300000 63.841963 5.759336 
Parent: -0.569782 0.125007 3.000000 0.001277 314.850000 0.000000 -10.000000 2.310720 6.000000 0.000000 0 0 0 0 0 0 0 0
EGO_STATUS -3.500260 68.874994 15.700000 1.567552 0.098197 3.000000 -2.940000
DYNAMIC_OBS_INFO 0 -5.750000 57.385791 1.570796 303.195770 -5.750000 372.067826 30.049430 1.274648
DYNAMIC_OBS_INFO 1 -1.750000 31.197946 1.570796 365.906538 -1.750000 434.782755 48.335372 2.786841
STATIC_OBS_INFO 0 -6.300000 76.515171 8.131930 
STATIC_OBS_INFO 1 -6.300000 63.841963 5.764070 
Parent: -1.135563 0.119597 3.000000 0.001247 314.850000 0.000000 -10.000000 2.312707 6.000000 0.000000 0 0 0 0 0 0 0 0
EGO_STATUS -3.500247 68.880404 15.800000 1.567654 0.093426 3.000000 -2.940000
DYNAMIC_OBS_INFO 0 -5.750000 57.385791 1.570796 306.201833 -5.750000 375.079142 30.176895 1.274648
DYNAMIC_OBS_INFO 1 -1.750000 31.197946 1.570796 370.748783 -1.750000 439.630226 48.614056 2.786841
STATIC_OBS_INFO 0 -6.300000 76.515171 8.127079 
STATIC_OBS_INFO 1 -6.300000 63.841963 5.768596 
Parent: -1.681977 0.114425 3.000000 0.001234 314.850000 0.000000 -10.000000 2.309023 6.000000 0.000000 0 0 0 0 0 0 0 0
EGO_STATUS -3.500236 68.885575 15.900000 1.567758 0.089112 3.000000 -2.940000
DYNAMIC_OBS_INFO 0 -5.750000 57.385791 1.570796 309.220859 -5.750000 378.103205 30.304359 1.274648
DYNAMIC_OBS_INFO 1 -1.750000 31.197946 1.570796 375.619113 -1.750000 444.505566 48.892740 2.786841
STATIC_OBS_INFO 0 -6.300000 76.515171 8.122431 
STATIC_OBS_INFO 1 -6.300000 63.841963 5.772934 
Parent: -2.211089 0.109470 3.000000 0.001230 314.850000 0.000000 -10.000000 2.300001 6.000000 0.000000 0 0 0 0 0 0 0 0
EGO_STATUS -3.500226 68.890530 16.000000 1.567866 0.085191 3.000000 -2.940000
DYNAMIC_OBS_INFO 0 -5.750000 57.385791 1.570796 312.252829 -5.750000 381.140014 30.431824 1.274648
DYNAMIC_OBS_INFO 1 -1.750000 31.197946 1.570796 380.517510 -1.750000 449.408774 49.171424 2.786841
STATIC_OBS_INFO 0 -6.300000 76.515171 8.117966 
STATIC_OBS_INFO 1 -6.300000 63.841963 5.777101 
Parent: -2.724666 0.104710 3.000000 0.001217 314.850000 0.000000 -10.000000 2.285942 6.000000 0.000000 0 0 0 0 0 0 0 0
EGO_STATUS -3.500218 68.895290 16.100000 1.567981 0.081612 3.000000 -2.940000
DYNAMIC_OBS_INFO 0 -5.750000 57.385791 1.570796 315.297726 -5.750000 384.189570 30.559289 1.274648
DYNAMIC_OBS_INFO 1 -1.750000 31.197946 1.570796 385.443954 -1.750000 454.339851 49.450108 2.786841
STATIC_OBS_INFO 0 -6.300000 76.515171 8.113669 
STATIC_OBS_INFO 1 -6.300000 63.841963 5.781111 
Parent: -3.224228 0.100130 3.000000 0.001169 314.850000 0.000000 -10.000000 2.267119 6.000000 0.000000 0 0 0 0 0 0 0 0
EGO_STATUS -3.500211 68.899871 16.200000 1.568102 0.078332 3.000000 -2.940000
DYNAMIC_OBS_INFO 0 -5.750000 57.385791 1.570796 318.355535 -5.750000 387.251872 30.686754 1.274648
DYNAMIC_OBS_INFO 1 -1.750000 31.197946 1.570796 390.398432 -1.750000 459.298796 49.728792 2.786841
STATIC_OBS_INFO 0 -6.300000 76.515171 8.109526 
STATIC_OBS_INFO 1 -6.300000 63.841963 5.784979 
Parent: -3.711078 0.095713 2.000000 0.001037 209.900000 0.000000 -10.000000 2.243781 6.000000 0.000000 0 0 0 0 0 0 0 0
EGO_STATUS -3.500205 68.904287 16.300000 1.568221 0.075314 3.000000 -2.940000
DYNAMIC_OBS_INFO 0 -5.750000 57.385791 1.570796 321.426242 -5.750000 390.326921 30.814219 1.274648
DYNAMIC_OBS_INFO 1 -1.750000 31.197946 1.570796 395.380930 -1.750000 464.285609 50.007476 2.786841
STATIC_OBS_INFO 0 -6.300000 76.515171 8.105524 
STATIC_OBS_INFO 1 -6.300000 63.841963 5.788714 
Parent: -4.183042 0.091447 2.000000 0.000915 209.900000 0.000000 -10.000000 2.219510 6.000000 0.000000 0 0 0 0 0 0 0 0
EGO_STATUS -3.500200 68.908553 16.400000 1.568335 0.072403 3.000000 -2.940000
DYNAMIC_OBS_INFO 0 -5.750000 57.385791 1.570796 324.509842 -5.750000 393.414716 30.941684 1.274648
DYNAMIC_OBS_INFO 1 -1.750000 31.197946 1.570796 400.391443 -1.750000 469.300291 50.286160 2.786841
STATIC_OBS_INFO 0 -6.300000 76.515171 8.101660 
STATIC_OBS_INFO 1 -6.300000 63.841963 5.792323 
Parent: -4.640587 0.087327 2.000000 0.000808 209.900000 0.000000 -10.000000 2.194382 6.000000 0.000000 0 0 0 0 0 0 0 0
EGO_STATUS -3.500195 68.912673 16.500000 1.568446 0.069592 3.000000 -2.940000
DYNAMIC_OBS_INFO 0 -5.750000 57.385791 1.570796 327.606330 -5.750000 396.515258 31.069148 1.274648
DYNAMIC_OBS_INFO 1 -1.750000 31.197946 1.570796 405.429966 -1.750000 474.342841 50.564844 2.786841
STATIC_OBS_INFO 0 -6.300000 76.515171 8.097927 
STATIC_OBS_INFO 1 -6.300000 63.841963 5.795810 
Parent: -5.084265 0.083348 2.000000 0.000712 209.900000 0.000000 -10.000000 2.168366 6.000000 0.000000 0 0 0 0 0 0 0 0
EGO_STATUS -3.500190 68.916653 16.600000 1.568553 0.066876 3.000000 -2.940000
DYNAMIC_OBS_INFO 0 -5.750000 57.385791 1.570796 330.715702 -5.750000 399.628546 31.196613 1.274648
DYNAMIC_OBS_INFO 1 -1.750000 31.197946 1.570796 410.496495 -1.750000 479.413260 50.843528 2.786841
STATIC_OBS_INFO 0 -6.300000 76.515171 8.094322 
STATIC_OBS_INFO 1 -6.300000 63.841963 5.799178 
Parent: -5.514610 0.079504 2.000000 0.000627 209.900000 0.000000 -10.000000 2.141431 6.000000 0.000000 0 0 0 0 0 0 0 0
EGO_STATUS -3.500186 68.920496 16.700000 1.568657 0.064253 3.000000 -2.940000
DYNAMIC_OBS_INFO 0 -5.750000 57.385791 1.570796 333.837952 -5.750000 402.754580 31.324078 1.274648
DYNAMIC_OBS_INFO 1 -1.750000 31.197946 1.570796 415.591023 -1.750000 484.511547 51.122212 2.786841
STATIC_OBS_INFO 0 -6.300000 76.515171 8.090840 
STATIC_OBS_INFO 1 -6.300000 63.841963 5.802431 
Parent: -5.932142 0.075791 2.000000 0.000551 209.900000 0.000000 -10.000000 2.113545 6.000000 0.000000 0 0 0 0 0 0 0 0
EGO_STATUS -3.500182 68.924209 16.800000 1.568757 0.061720 3.000000 -2.940000
DYNAMIC_OBS_INFO 0 -5.750000 57.385791 1.570796 336.973077 -5.750000 405.893361 31.451543 1.274648
DYNAMIC_OBS_INFO 1 -1.750000 31.197946 1.570796 420.713548 -1.750000 489.637702 51.400896 2.786841
STATIC_OBS_INFO 0 -6.300000 76.515171 8.087477 
STATIC_OBS_INFO 1 -6.300000 63.841963 5.805574 
Parent: -6.337364 0.072205 2.000000 0.000484 209.900000 0.000000 -10.000000 2.084674 6.000000 0.000000 0 0 0 0 0 0 0 0
EGO_STATUS -3.500178 68.927795 16.900000 1.568853 0.059272 3.000000 -2.940000
DYNAMIC_OBS_INFO 0 -5.750000 57.385791 1.570796 340.121071 -5.750000 409.044889 31.579008 1.274648
DYNAMIC_OBS_INFO 1 -1.750000 31.197946 1.570796 425.864064 -1.750000 494.791726 51.679581 2.786841
STATIC_OBS_INFO 0 -6.300000 76.515171 8.084229 
STATIC_OBS_INFO 1 -6.300000 63.841963 5.808610 
Parent: -6.730764 0.068742 2.000000 0.000425 209.900000 0.000000 -10.000000 2.054783 6.000000 0.000000 0 0 0 0 0 0 0 0
EGO_STATUS -3.500175 68.931259 17.000000 1.568946 0.056909 3.000000 -2.940000
DYNAMIC_OBS_INFO 0 -5.750000 57.385791 1.570796 343.281931 -5.750000 412.209163 31.706472 1.274648
DYNAMIC_OBS_INFO 1 -1.750000 31.197946 1.570796 431.042568 -1.750000 499.973619 51.958265 2.786841
STATIC_OBS_INFO 0 -6.300000 76.515171 8.081091 
STATIC_OBS_INFO 1 -6.300000 63.841963 5.811543 
Parent: -7.112817 0.065396 2.000000 0.000373 209.900000 0.000000 -10.000000 2.023836 6.000000 0.000000 0 0 0 0 0 0 0 0
EGO_STATUS -3.500172 68.934604 17.100000 1.569036 0.054626 3.000000 -2.940000
DYNAMIC_OBS_INFO 0 -5.750000 57.385791 1.570796 346.455653 -5.750000 415.386183 31.833937 1.274648
DYNAMIC_OBS_INFO 1 -1.750000 31.197946 1.570796 436.249055 -1.750000 505.183379 52.236949 2.786841
STATIC_OBS_INFO 0 -6.300000 76.515171 8.078061 
STATIC_OBS_INFO 1 -6.300000 63.841963 5.814376 
Parent: -6.862333 0.062165 2.000000 20.000326 209.900000 0.000000 -10.000000 1.991796 6.000000 0.000000 0 0 0 0 1 0 0 0
EGO_STATUS -3.500169 68.937835 17.200000 1.569123 0.052421 3.000000 -2.940000
DYNAMIC_OBS_INFO 0 -5.750000 57.385791 1.570796 349.642232 -5.750000 418.575950 31.961402 1.274648
DYNAMIC_OBS_INFO 1 -1.750000 31.197946 1.570796 441.483521 -1.750000 510.421008 52.515633 2.786841
STATIC_OBS_INFO 0 -6.300000 76.515171 8.075135 
STATIC_OBS_INFO 1 -6.300000 63.841963 5.817113 
Parent: -7.254270 0.059044 2.000000 20.000285 209.900000 0.000000 -10.000000 1.958624 6.000000 0.000000 0 0 0 0 1 0 0 0
EGO_STATUS -3.500166 68.940956 17.300000 1.569207 0.050291 3.000000 -2.940000
DYNAMIC_OBS_INFO 0 -5.750000 57.385791 1.570796 352.841666 -5.750000 421.778464 32.088867 1.274648
DYNAMIC_OBS_INFO 1 -1.750000 31.197946 1.570796 446.745963 -1.750000 515.686506 52.794317 2.786841
STATIC_OBS_INFO 0 -6.300000 76.515171 8.072308 
STATIC_OBS_INFO 1 -6.300000 63.841963 5.819757 
Parent: -7.635137 0.056029 2.000000 20.000249 209.900000 0.000000 -10.000000 1.924281 6.000000 0.000000 0 0 0 0 1 0 0 0
EGO_STATUS -3.500164 68.943971 17.400000 1.569289 0.048234 3.000000 -2.940000
DYNAMIC_OBS_INFO 0 -5.750000 57.385791 1.570796 356.053949 -5.750000 424.993724 32.216332 1.274648
DYNAMIC_OBS_INFO 1 -1.750000 31.197946 1.570796 452.036377 -1.750000 520.979872 53.073001 2.786841
STATIC_OBS_INFO 0 -6.300000 76.515171 8.069578 
STATIC_OBS_INFO 1 -6.300000 63.841963 5.822311 
Parent: -8.005394 0.053118 2.000000 20.000217 209.900000 0.000000 -10.000000 1.888724 6.000000 0.000000 0 0 0 0 1 0 0 0
EGO_STATUS -3.500162 68.946883 17.500000 1.569367 0.046247 3.000000 -2.940000
DYNAMIC_OBS_INFO 0 -5.750000 57.385791 1.570796 359.279079 -5.750000 428.221730 32.343797 1.274648
DYNAMIC_OBS_INFO 1 -1.750000 31.197946 1.570796 457.354760 -1.750000 526.301106 53.351685 2.786841
STATIC_OBS_INFO 0 -6.300000 76.515171 8.066941 
STATIC_OBS_INFO 1 -6.300000 63.841963 5.824778 
Parent: -8.365486 0.050305 2.000000 20.000189 209.900000 0.000000 -10.000000 1.851911 6.000000 0.000000 0 0 0 0 1 0 0 0
EGO_STATUS -3.500160 68.949695 17.600000 1.569443 0.044328 3.000000 -2.940000
DYNAMIC_OBS_INFO 0 -5.750000 57.385791 1.570796 362.517053 -5.750000 431.462483 32.471261 1.274648
DYNAMIC_OBS_INFO 1 -1.750000 31.197946 1.570796 462.701107 -1.750000 531.650209 53.630369 2.786841
STATIC_OBS_INFO 0 -6.300000 76.515171 8.064394 
STATIC_OBS_INFO 1 -6.300000 63.841963 5.827161 
Parent: -8.715848 0.047589 2.000000 20.000164 209.900000 0.000000 -10.000000 1.813798 6.000000 0.000000 0 0 0 0 1 0 0 0
EGO_STATUS -3.500158 68.952411 17.700000 1.569516 0.042474 3.000000 -2.940000
DYNAMIC_OBS_INFO 0 -5.750000 57.385791 1.570796 365.767867 -5.750000 434.715982 32.598726 1.274648
DYNAMIC_OBS_INFO 1 -1.750000 31.197946 1.570796 468.075417 -1.750000 537.027180 53.909053 2.786841
STATIC_OBS_INFO 0 -6.300000 76.515171 8.061934 
STATIC_OBS_INFO 1 -6.300000 63.841963 5.829463 
Parent: -9.056902 0.044965 2.000000 20.000142 209.900000 0.000000 -10.000000 1.774338 6.000000 0.000000 0 0 0 0 1 0 0 0
EGO_STATUS -3.500156 68.955035 17.800000 1.569586 0.040684 3.000000 -2.940000
DYNAMIC_OBS_INFO 0 -5.750000 57.385791 1.570796 369.031517 -5.750000 437.982228 32.726191 1.274648
DYNAMIC_OBS_INFO 1 -1.750000 31.197946 1.570796 473.477685 -1.750000 542.432019 54.187737 2.786841
STATIC_OBS_INFO 0 -6.300000 76.515171 8.059558 
STATIC_OBS_INFO 1 -6.300000 63.841963 5.831686 
Parent: -9.389060 0.042431 2.000000 20.000123 209.900000 0.000000 -10.000000 1.733485 6.000000 0.000000 0 0 0 0 1 0 0 0
EGO_STATUS -3.500155 68.957569 17.900000 1.569654 0.038955 3.000000 -2.940000
DYNAMIC_OBS_INFO 0 -5.750000 57.385791 1.570796 372.308001 -5.750000 441.261220 32.853656 1.274648
DYNAMIC_OBS_INFO 1 -1.750000 31.197946 1.570796 478.907908 -1.750000 547.864727 54.466421 2.786841
STATIC_OBS_INFO 0 -6.300000 76.515171 8.057264 
STATIC_OBS_INFO 1 -6.300000 63.841963 5.833834 
Parent: -9.712720 0.039983 2.000000 20.000106 209.900000 0.000000 -10.000000 1.691189 6.000000 0.000000 0 0 0 0 1 0 0 0
EGO_STATUS -3.500153 68.960017 18.000000 1.569720 0.037284 3.000000 -2.940000
DYNAMIC_OBS_INFO 0 -5.750000 57.385791 1.570796 375.597316 -5.750000 444.552959 32.981121 1.274648
DYNAMIC_OBS_INFO 1 -1.750000 31.197946 1.570796 484.366084 -1.750000 553.325304 54.745105 2.786841
STATIC_OBS_INFO 0 -6.300000 76.515171 8.055047 
STATIC_OBS_INFO 1 -6.300000 63.841963 5.835909 
TIMEOUT
