STATIC_OBS_INIT_INFO 0 -6.300000 77.327002
STATIC_OBS_INIT_INFO 1 -6.300000 63.622885
Parent: -28.513978 10.000000 102.000000 0.000000 15.300000 17.807992 -10.000000 2.178030 40.000000 0.000000 0 0 0 0 0 0 0 0
Child: 17.807992 24.484196 246.000000 11.495163 267.900000 0.000000 -10.000000 0.000000 0.000000 0.000000 0 0 0 0 0 0 0 0
EGO_STATUS -5.750000 17.524550 0.000000 1.570796 15.832748 4.000000 0.000000
DYNAMIC_OBS_INFO 0 -5.750000 58.270996 1.570796 39.163170 -5.750000 58.270996 14.459026 1.285709
DYNAMIC_OBS_INFO 1 -1.750000 34.978611 1.570796 16.367093 -1.750000 34.978611 4.817564 0.344815
STATIC_OBS_INFO 0 -6.300000 77.327002 58.221775 
STATIC_OBS_INFO 1 -6.300000 63.622885 44.518458 
Parent: 338.974336 10.000000 101.000000 0.000000 3915.150000 6.626090 -10.000000 2.709632 48.000000 0.000000 0 0 0 0 0 0 0 0
Child: 6.626090 10.000000 102.000000 0.000000 15.300000 15.126090 -10.000000 0.000000 0.000000 0.000000 0 0 0 0 0 0 0 0
Child: 15.126090 22.900921 231.000000 11.495125 241.950000 0.000000 -10.000000 0.000000 0.000000 0.000000 0 0 0 0 0 0 0 0
EGO_STATUS -5.749989 19.107825 0.100000 1.570763 15.832748 4.000000 0.000000
DYNAMIC_OBS_INFO 0 -5.750000 58.270996 1.570796 39.032227 -5.750000 59.723327 14.587597 1.285709
DYNAMIC_OBS_INFO 1 -1.750000 34.978611 1.570796 14.836797 -1.750000 34.978611 4.817564 0.344815
STATIC_OBS_INFO 0 -6.300000 77.327002 56.638576 
STATIC_OBS_INFO 1 -6.300000 63.622885 42.935312 
Parent: 298.130735 41.602840 418.000000 10.562105 3411.400000 0.000000 0.000000 4.548580 47.000000 0.000000 0 0 0 0 0 0 0 0
EGO_STATUS -5.749696 20.691100 0.200000 1.570341 15.832748 4.000000 0.000000
DYNAMIC_OBS_INFO 0 -5.750000 58.270996 1.570796 38.928855 -5.750000 61.188515 14.716168 1.285709
DYNAMIC_OBS_INFO 1 -1.750000 34.978611 1.570796 13.332504 -1.750000 34.978611 4.817564 0.344815
STATIC_OBS_INFO 0 -6.300000 77.327002 55.070108 
STATIC_OBS_INFO 1 -6.300000 63.622885 41.366908 
Parent: 287.276381 40.034284 402.000000 10.561813 3381.700000 0.000000 -10.000000 4.448588 45.000000 0.000000 0 0 0 0 0 0 0 0
EGO_STATUS -5.747995 22.259661 0.300000 1.568845 15.538748 3.000000 -2.940000
DYNAMIC_OBS_INFO 0 -5.750000 58.270996 1.570796 38.867750 -5.750000 62.666560 14.844739 1.285709
DYNAMIC_OBS_INFO 1 -1.750000 34.978611 1.570796 11.871411 -1.750000 34.978611 4.817564 0.344815
STATIC_OBS_INFO 0 -6.300000 77.327002 53.531091 
STATIC_OBS_INFO 1 -6.300000 63.622885 39.827972 
Parent: 336.139491 10.000000 101.000000 0.000000 3915.150000 -1.738867 -10.000000 4.239744 44.000000 0.000000 0 0 0 0 0 0 0 0
Child: -1.738867 10.000000 102.000000 0.000000 15.300000 6.761133 -10.000000 0.000000 0.000000 0.000000 0 0 0 0 0 0 0 0
Child: 6.761133 18.209949 184.000000 6.460630 162.900000 0.000000 -10.000000 0.000000 0.000000 0.000000 0 0 0 0 0 0 0 0
EGO_STATUS -5.742803 23.798811 0.400000 1.565680 15.244748 3.000000 -2.940000
DYNAMIC_OBS_INFO 0 -5.750000 58.270996 1.570796 38.848932 -5.750000 64.157463 14.973310 1.285709
DYNAMIC_OBS_INFO 1 -1.750000 34.978611 1.570796 10.457638 -1.750000 34.978611 4.817564 0.344815
STATIC_OBS_INFO 0 -6.300000 77.327002 52.021574 
STATIC_OBS_INFO 1 -6.300000 63.622885 38.318568 
Parent: 335.568427 10.000000 101.000000 0.000000 3915.150000 -4.209934 -10.000000 4.139746 42.000000 0.000000 0 0 0 0 0 0 0 0
Child: -4.209934 10.000000 102.000000 0.000000 15.300000 4.290066 -10.000000 0.000000 0.000000 0.000000 0 0 0 0 0 0 0 0
Child: 4.290066 16.700180 169.000000 6.460485 138.150000 0.000000 -10.000000 0.000000 0.000000 0.000000 0 0 0 0 0 0 0 0
EGO_STATUS -5.731437 25.308535 0.500000 1.560497 14.950748 3.000000 -2.940000
DYNAMIC_OBS_INFO 0 -5.750000 58.270996 1.570796 38.872484 -5.750000 65.661222 15.101881 1.285709
DYNAMIC_OBS_INFO 1 -1.750000 34.978611 1.570796 9.535074 -1.750000 35.462091 4.852045 0.344815
STATIC_OBS_INFO 0 -6.300000 77.327002 50.541675 
STATIC_OBS_INFO 1 -6.300000 63.622885 36.838834 
Parent: 334.083490 10.000000 101.000000 0.000000 3915.150000 -6.594875 -10.000000 4.039750 41.000000 0.000000 0 0 0 0 0 0 0 0
Child: -6.594875 10.000000 102.000000 0.000000 15.300000 1.905125 -10.000000 0.000000 0.000000 0.000000 0 0 0 0 0 0 0 0
Child: 1.905125 15.219817 154.000000 6.460669 114.000000 0.000000 -10.000000 0.000000 0.000000 0.000000 0 0 0 0 0 0 0 0
EGO_STATUS -5.711176 26.788758 0.600000 1.553439 14.656748 3.000000 -2.940000
DYNAMIC_OBS_INFO 0 -5.750000 58.270996 1.570796 38.938523 -5.750000 67.177839 15.230452 1.285709
DYNAMIC_OBS_INFO 1 -1.750000 34.978611 1.570796 8.653586 -1.750000 35.949020 4.886527 0.344815
STATIC_OBS_INFO 0 -6.300000 77.327002 49.091537 
STATIC_OBS_INFO 1 -6.300000 63.622885 35.388936 
Parent: 893.729604 20.972423 211.000000 3072.857622 6465.150000 1.580698 -10.000000 3.115092 49.000000 0.000000 1 0 0 0 0 0 0 0
Child: 1.580698 10.000000 102.000000 0.000000 15.300000 10.080698 -10.000000 0.000000 0.000000 0.000000 0 0 0 0 0 0 0 0
Child: 10.080698 13.768860 139.000000 9.217105 92.550000 0.000000 0.000000 0.000000 0.000000 0.000000 0 0 0 0 0 0 0 0
EGO_STATUS -5.680137 28.239378 0.700000 1.545242 14.362748 3.000000 -2.940000
DYNAMIC_OBS_INFO 0 -5.750000 58.270996 1.570796 39.032462 -5.750000 68.707313 15.359022 1.285709
DYNAMIC_OBS_INFO 1 -1.750000 34.978611 1.570796 7.801848 -1.750000 36.439396 4.921008 0.344815
STATIC_OBS_INFO 0 -6.300000 77.327002 47.656595 
STATIC_OBS_INFO 1 -6.300000 63.622885 33.954337 
Parent: 882.665532 20.972423 211.000000 3072.857622 6465.150000 -10.383374 -10.000000 3.015092 48.000000 0.000000 1 0 0 0 0 0 0 0
Child: -10.383374 10.000000 102.000000 0.000000 15.300000 -1.883374 -10.000000 0.000000 0.000000 0.000000 0 0 0 0 0 0 0 0
Child: -1.883374 12.332585 125.000000 9.218095 73.050000 0.000000 -10.000000 0.000000 0.000000 0.000000 0 0 0 0 0 0 0 0
EGO_STATUS -5.637410 29.675013 0.800000 1.536922 14.362748 4.000000 0.000000
DYNAMIC_OBS_INFO 0 -5.750000 58.270996 1.570796 39.139731 -5.750000 70.249643 15.487593 1.285709
DYNAMIC_OBS_INFO 1 -1.750000 34.978611 1.570796 6.971473 -1.750000 36.933221 4.955490 0.344815
STATIC_OBS_INFO 0 -6.300000 77.327002 46.222291 
STATIC_OBS_INFO 1 -6.300000 63.622885 32.520515 
Parent: 882.770472 20.972423 211.000000 3072.857622 6465.150000 -12.178434 -10.000000 2.915092 46.000000 0.000000 1 0 0 0 0 0 0 0
Child: -12.178434 10.000000 102.000000 0.000000 15.300000 -3.678434 -10.000000 0.000000 0.000000 0.000000 0 0 0 0 0 0 0 0
Child: -3.678434 10.896310 110.000000 9.217219 54.600000 0.000000 -10.000000 0.000000 0.000000 0.000000 0 0 0 0 0 0 0 0
EGO_STATUS -5.583360 31.110268 0.900000 1.529690 14.362748 4.000000 0.000000
DYNAMIC_OBS_INFO 0 -5.750000 58.270996 1.570796 39.260336 -5.750000 71.804831 15.616164 1.285709
DYNAMIC_OBS_INFO 1 -1.750000 34.978611 1.570796 6.171169 -1.750000 37.430494 4.989971 0.344815
STATIC_OBS_INFO 0 -6.300000 77.327002 44.788619 
STATIC_OBS_INFO 1 -6.300000 63.622885 31.087493 
Parent: 882.159401 20.972423 211.000000 3072.857622 6465.150000 -13.689505 -10.000000 2.815092 45.000000 0.000000 1 0 0 0 0 0 0 0
Child: -13.689505 10.000000 102.000000 0.000000 15.300000 -5.189505 -10.000000 0.000000 0.000000 0.000000 0 0 0 0 0 0 0 0
Child: -5.189505 9.460035 96.000000 9.216677 39.600000 0.000000 -10.000000 0.000000 0.000000 0.000000 0 0 0 0 0 0 0 0
EGO_STATUS -5.520530 32.545166 1.000000 1.524904 14.362748 4.000000 0.000000
DYNAMIC_OBS_INFO 0 -5.750000 58.270996 1.570796 39.394126 -5.750000 73.372876 15.744735 1.285709
DYNAMIC_OBS_INFO 1 -1.750000 34.978611 1.570796 5.415514 -1.750000 37.931216 5.024453 0.344815
STATIC_OBS_INFO 0 -6.300000 77.327002 43.355402 
STATIC_OBS_INFO 1 -6.300000 63.622885 29.655106 
Parent: 751.152629 38.749615 389.000000 3372.532601 4587.750000 0.000000 0.000000 2.201765 44.000000 0.000000 1 1 1 0 0 0 0 0
EGO_STATUS -5.453329 33.979868 1.100000 1.523764 14.362748 4.000000 0.000000
DYNAMIC_OBS_INFO 0 -5.750000 58.270996 1.570796 39.526105 -5.750000 74.953778 15.873306 1.285709
DYNAMIC_OBS_INFO 1 -1.750000 34.978611 1.570796 4.718453 -1.750000 38.435385 5.058934 0.344815
STATIC_OBS_INFO 0 -6.300000 77.327002 41.907609 
STATIC_OBS_INFO 1 -6.300000 63.622885 28.208325 
Parent: 893.067597 20.972423 211.000000 3075.870886 6465.150000 -5.827354 -10.000000 2.561633 42.000000 0.000000 1 0 0 0 0 0 0 0
Child: -5.827354 10.000000 102.000000 0.000000 15.300000 2.672646 -10.000000 0.000000 0.000000 0.000000 0 0 0 0 0 0 0 0
Child: 2.672646 6.572785 67.000000 9.993742 17.250000 0.000000 0.000000 0.000000 0.000000 0.000000 0 0 0 0 0 0 0 0
EGO_STATUS -5.386963 35.429341 1.200000 1.527082 14.656748 0.000000 2.940000
DYNAMIC_OBS_INFO 0 -5.750000 58.270996 1.570796 39.655952 -5.750000 76.547538 16.001877 1.285709
DYNAMIC_OBS_INFO 1 -1.750000 34.978611 1.570796 4.123354 -1.750000 38.943002 5.093416 0.344815
STATIC_OBS_INFO 0 -6.300000 77.327002 40.444851 
STATIC_OBS_INFO 1 -6.300000 63.622885 26.746719 
Parent: 787.055711 35.928274 361.000000 3061.933216 5334.050000 0.000000 -10.000000 2.451313 41.000000 0.000000 1 0 0 0 0 0 0 0
EGO_STATUS -5.328120 36.893830 1.300000 1.534899 14.656748 4.000000 0.000000
DYNAMIC_OBS_INFO 0 -5.750000 58.270996 1.570796 39.798060 -5.750000 78.154154 16.130448 1.285709
DYNAMIC_OBS_INFO 1 -1.750000 34.978611 1.570796 3.699605 -1.750000 39.454068 5.127897 0.344815
STATIC_OBS_INFO 0 -6.300000 77.327002 38.981426 
STATIC_OBS_INFO 1 -6.300000 63.622885 25.284491 
Parent: 348.705242 10.000000 101.000000 20.000000 3915.150000 -5.004121 -10.000000 3.090551 29.000000 0.000000 0 0 0 1 0 0 0 0
Child: -5.004121 10.000000 102.000000 20.000000 15.300000 -8.464905 0.000000 0.000000 0.000000 0.000000 0 0 0 1 0 0 0 0
Child: -8.464905 3.641430 38.000000 10.319421 5.700000 0.000000 -10.000000 0.000000 0.000000 0.000000 0 0 0 0 0 0 0 0
EGO_STATUS -5.283768 38.358825 1.400000 1.546745 14.656748 4.000000 0.000000
DYNAMIC_OBS_INFO 0 -5.750000 58.270996 1.570796 39.952376 -5.750000 79.773627 16.259019 1.285709
DYNAMIC_OBS_INFO 1 -1.750000 34.978611 1.570796 3.511600 -1.750000 39.968582 5.162379 0.344815
STATIC_OBS_INFO 0 -6.300000 77.327002 37.517185 
STATIC_OBS_INFO 1 -6.300000 63.622885 23.821386 
Parent: 349.223475 10.000000 101.000000 20.000000 3915.150000 -5.385887 -10.000000 2.990551 28.000000 0.000000 0 0 0 1 0 0 0 0
Child: -5.385887 10.000000 102.000000 20.000000 15.300000 -8.846672 0.000000 0.000000 0.000000 0.000000 0 0 0 1 0 0 0 0
Child: -8.846672 2.175756 23.000000 8.741881 3.450000 0.000000 -10.000000 0.000000 0.000000 0.000000 0 0 0 0 0 0 0 0
EGO_STATUS -5.258633 39.824272 1.500000 1.560268 14.656748 4.000000 0.000000
DYNAMIC_OBS_INFO 0 -5.750000 58.270996 1.570796 40.119149 -5.750000 81.405958 16.387590 1.285709
DYNAMIC_OBS_INFO 1 -1.750000 34.978611 1.570796 3.591441 -1.750000 40.486544 5.196860 0.344815
STATIC_OBS_INFO 0 -6.300000 77.327002 36.052364 
STATIC_OBS_INFO 1 -6.300000 63.622885 22.357615 
Parent: 350.412537 10.000000 101.000000 20.000000 3915.150000 -6.096826 -10.000000 2.890551 26.000000 0.000000 0 0 0 1 0 0 0 0
Child: -6.096826 10.000000 102.000000 20.000000 15.300000 -9.557610 0.000000 0.000000 0.000000 0.000000 0 0 0 1 0 0 0 0
Child: -9.557610 0.710081 9.000000 4.257121 1.350000 0.000000 -10.000000 0.000000 0.000000 0.000000 0 0 0 0 0 0 0 0
EGO_STATUS -5.250434 41.289919 1.600000 1.569117 14.656748 4.000000 0.000000
DYNAMIC_OBS_INFO 0 -5.750000 58.270996 1.570796 40.306502 -5.750000 83.051145 16.516161 1.285709
DYNAMIC_OBS_INFO 1 -1.750000 34.978611 1.570796 3.908564 -1.750000 41.007954 5.231342 0.344815
STATIC_OBS_INFO 0 -6.300000 77.327002 34.595196 
STATIC_OBS_INFO 1 -6.300000 63.622885 20.901531 
Parent: 350.765774 10.000000 101.000000 20.000000 3915.150000 -6.643597 -10.000000 2.790559 25.000000 0.000000 0 0 0 1 0 0 0 0
Child: -6.643597 9.252255 94.000000 20.000000 14.100000 0.000000 -10.000000 0.000000 0.000000 0.000000 0 0 0 1 0 0 0 0
EGO_STATUS -5.250000 42.747745 1.700000 1.570796 14.353619 7.000000 -5.880000
DYNAMIC_OBS_INFO 0 -5.750000 58.270996 1.570796 40.558574 -5.750000 84.709190 16.644731 1.285709
DYNAMIC_OBS_INFO 1 -1.750000 34.978611 1.570796 4.372533 -1.750000 41.532812 5.265823 0.344815
STATIC_OBS_INFO 0 -6.300000 77.327002 33.189918 
STATIC_OBS_INFO 1 -6.300000 63.622885 19.497481 
Parent: 352.447893 10.000000 101.000000 20.000000 3915.150000 -6.861479 -10.000000 2.690561 23.000000 0.000000 0 0 0 1 0 0 0 0
Child: -6.861479 7.846302 80.000000 20.000000 12.000000 0.000000 -10.000000 0.000000 0.000000 0.000000 0 0 0 1 0 0 0 0
EGO_STATUS -5.250000 44.153698 1.800000 1.570796 13.765619 7.000000 -5.880000
DYNAMIC_OBS_INFO 0 -5.750000 58.270996 1.570796 40.882331 -5.750000 86.380091 16.773302 1.285709
DYNAMIC_OBS_INFO 1 -1.750000 34.978611 1.570796 4.907294 -1.750000 42.061119 5.300305 0.344815
STATIC_OBS_INFO 0 -6.300000 77.327002 31.843501 
STATIC_OBS_INFO 1 -6.300000 63.622885 18.152461 
Parent: 353.153708 10.000000 101.000000 20.000000 3915.150000 -7.055673 -10.000000 2.590570 22.000000 0.000000 0 0 0 1 0 0 0 0
Child: -7.055673 6.499182 66.000000 20.000000 9.900000 0.000000 -10.000000 0.000000 0.000000 0.000000 0 0 0 1 0 0 0 0
EGO_STATUS -5.250000 45.500818 1.900000 1.570796 13.177619 7.000000 -5.880000
DYNAMIC_OBS_INFO 0 -5.750000 58.270996 1.570796 41.277718 -5.750000 88.063850 16.901873 1.285709
DYNAMIC_OBS_INFO 1 -1.750000 34.978611 1.570796 5.464323 -1.750000 42.592873 5.334786 0.344815
STATIC_OBS_INFO 0 -6.300000 77.327002 30.555888 
STATIC_OBS_INFO 1 -6.300000 63.622885 16.866440 
Parent: 908.217532 20.972423 211.000000 3055.978990 6465.150000 0.781626 -10.000000 2.079750 31.000000 0.000000 1 0 0 0 0 0 0 0
Child: 0.781626 5.210840 54.000000 0.000000 8.100000 0.000000 0.000000 0.000000 0.000000 0.000000 0 0 0 0 0 0 0 0
EGO_STATUS -5.250000 46.789160 2.000000 1.570796 12.589619 7.000000 -5.880000
DYNAMIC_OBS_INFO 0 -5.750000 58.270996 1.570796 41.715340 -5.750000 89.760466 17.030444 1.285709
DYNAMIC_OBS_INFO 1 -1.750000 34.978611 1.570796 6.037951 -1.750000 43.128076 5.369268 0.344815
STATIC_OBS_INFO 0 -6.300000 77.327002 29.297702 
STATIC_OBS_INFO 1 -6.300000 63.622885 15.610117 
Parent: 365.368236 10.000000 101.000000 20.000000 3915.150000 2.520527 -10.000000 2.228897 19.000000 0.000000 0 0 0 1 0 0 0 0
Child: 2.520527 3.951878 41.000000 20.000000 6.150000 0.000000 0.000000 0.000000 0.000000 0.000000 0 0 0 1 0 0 0 0
EGO_STATUS -5.250000 48.048122 2.100000 1.570796 12.589619 4.000000 0.000000
DYNAMIC_OBS_INFO 0 -5.750000 58.270996 1.570796 42.195260 -5.750000 91.469939 17.159015 1.285709
DYNAMIC_OBS_INFO 1 -1.750000 34.978611 1.570796 6.613045 -1.750000 43.666727 5.403749 0.344815
STATIC_OBS_INFO 0 -6.300000 77.327002 28.069007 
STATIC_OBS_INFO 1 -6.300000 63.622885 14.383620 
Parent: 356.033560 10.000000 101.000000 20.000000 3915.150000 -7.714158 -10.000000 2.128906 18.000000 0.000000 0 0 0 1 0 0 0 0
Child: -7.714158 2.722358 29.000000 20.000000 4.350000 0.000000 -10.000000 0.000000 0.000000 0.000000 0 0 0 1 0 0 0 0
EGO_STATUS -5.250000 49.277642 2.200000 1.570796 12.001619 1.000000 -5.880000
DYNAMIC_OBS_INFO 0 -5.750000 58.270996 1.570796 42.746836 -5.750000 93.192269 17.287586 1.285709
DYNAMIC_OBS_INFO 1 -1.750000 34.978611 1.570796 7.154142 -1.750000 44.208826 5.438231 0.344815
STATIC_OBS_INFO 0 -6.300000 77.327002 26.899147 
STATIC_OBS_INFO 1 -6.300000 63.622885 13.216304 
Parent: 356.705936 10.000000 101.000000 20.000000 3915.150000 -7.941791 -10.000000 2.028915 17.000000 0.000000 0 0 0 1 0 0 0 0
Child: -7.941791 1.551643 17.000000 20.000000 2.550000 0.000000 -10.000000 0.000000 0.000000 0.000000 0 0 0 1 0 0 0 0
EGO_STATUS -5.250000 50.448357 2.300000 1.570796 11.413619 1.000000 -5.880000
DYNAMIC_OBS_INFO 0 -5.750000 58.270996 1.570796 43.370046 -5.750000 94.927456 17.416157 1.285709
DYNAMIC_OBS_INFO 1 -1.750000 34.978611 1.570796 7.653139 -1.750000 44.754373 5.472712 0.344815
STATIC_OBS_INFO 0 -6.300000 77.327002 25.788095 
STATIC_OBS_INFO 1 -6.300000 63.622885 12.108206 
Parent: 357.079380 10.000000 101.000000 20.000000 3915.150000 -8.468351 -10.000000 1.928920 16.000000 0.000000 0 0 0 1 0 0 0 0
Child: -8.468351 0.439708 6.000000 20.000000 0.900000 0.000000 -10.000000 0.000000 0.000000 0.000000 0 0 0 1 0 0 0 0
EGO_STATUS -5.250000 51.560292 2.400000 1.570796 10.825619 1.000000 -5.880000
DYNAMIC_OBS_INFO 0 -5.750000 58.270996 1.570796 44.064916 -5.750000 96.675500 17.544728 1.285709
DYNAMIC_OBS_INFO 1 -1.750000 34.978611 1.570796 8.104744 -1.750000 45.303368 5.507194 0.344815
STATIC_OBS_INFO 0 -6.300000 77.327002 24.735876 
STATIC_OBS_INFO 1 -6.300000 63.622885 11.059421 
Parent: 365.559817 9.386579 95.000000 20.000000 3914.250000 0.000000 -10.000000 1.831953 15.000000 0.000000 0 0 0 1 0 0 0 0
EGO_STATUS -5.250000 52.613421 2.500000 1.570796 10.237619 1.000000 -5.880000
DYNAMIC_OBS_INFO 0 -5.750000 58.270996 1.570796 44.831424 -5.750000 98.436402 17.673299 1.285709
DYNAMIC_OBS_INFO 1 -1.750000 34.978611 1.570796 8.505457 -1.750000 45.855812 5.541675 0.344815
STATIC_OBS_INFO 0 -6.300000 77.327002 23.742465 
STATIC_OBS_INFO 1 -6.300000 63.622885 10.070010 
Parent: 366.026490 8.392234 85.000000 20.000000 3912.750000 0.000000 -10.000000 1.737591 14.000000 0.000000 0 0 0 1 0 0 0 0
EGO_STATUS -5.250000 53.607766 2.600000 1.570796 9.649619 1.000000 -5.880000
DYNAMIC_OBS_INFO 0 -5.750000 58.270996 1.570796 45.669651 -5.750000 100.210160 17.801870 1.285709
DYNAMIC_OBS_INFO 1 -1.750000 34.978611 1.570796 8.852796 -1.750000 46.411703 5.576157 0.344815
STATIC_OBS_INFO 0 -6.300000 77.327002 22.807938 
STATIC_OBS_INFO 1 -6.300000 63.622885 9.140150 
Parent: 364.373999 7.456754 76.000000 20.000000 3911.400000 0.000000 -10.000000 1.643974 13.000000 0.000000 0 0 0 1 0 0 0 0
EGO_STATUS -5.250000 54.543246 2.700000 1.570796 9.061619 1.000000 -5.880000
DYNAMIC_OBS_INFO 0 -5.750000 58.270996 1.570796 46.579524 -5.750000 101.996776 17.930440 1.285709
DYNAMIC_OBS_INFO 1 -1.750000 34.978611 1.570796 9.145151 -1.750000 46.971043 5.610638 0.344815
STATIC_OBS_INFO 0 -6.300000 77.327002 21.932216 
STATIC_OBS_INFO 1 -6.300000 63.622885 8.269878 
Parent: 365.521147 6.580065 67.000000 20.000000 3910.050000 0.000000 -10.000000 1.551240 12.000000 0.000000 0 0 0 1 0 0 0 0
EGO_STATUS -5.250000 55.419935 2.800000 1.570796 8.473619 1.000000 -5.880000
DYNAMIC_OBS_INFO 0 -5.750000 58.270996 1.570796 47.561049 -5.750000 103.796248 18.059011 1.285709
DYNAMIC_OBS_INFO 1 -1.750000 34.978611 1.570796 9.381341 -1.750000 47.533831 5.645120 0.344815
STATIC_OBS_INFO 0 -6.300000 77.327002 21.115298 
STATIC_OBS_INFO 1 -6.300000 63.622885 7.459329 
Parent: 364.166583 5.762173 59.000000 20.000000 3908.850000 0.000000 -10.000000 1.459587 11.000000 0.000000 0 0 0 1 0 0 0 0
EGO_STATUS -5.250000 56.237827 2.900000 1.570796 7.885619 1.000000 -5.880000
DYNAMIC_OBS_INFO 0 -5.750000 58.270996 1.570796 48.614293 -5.750000 105.608578 18.187582 1.285709
DYNAMIC_OBS_INFO 1 -1.750000 34.978611 1.570796 9.560484 -1.750000 48.100067 5.679601 0.344815
STATIC_OBS_INFO 0 -6.300000 77.327002 20.357243 
STATIC_OBS_INFO 1 -6.300000 63.622885 6.708708 
Parent: 358.279870 5.003144 52.000000 20.000000 3907.800000 0.000000 -10.000000 1.369295 11.000000 0.000000 0 0 0 1 0 0 0 0
EGO_STATUS -5.250000 56.996856 3.000000 1.570796 7.297619 1.000000 -5.880000
DYNAMIC_OBS_INFO 0 -5.750000 58.270996 1.570796 49.739062 -5.750000 107.433765 18.316153 1.285709
DYNAMIC_OBS_INFO 1 -1.750000 34.978611 1.570796 9.682206 -1.750000 48.669751 5.714083 0.344815
STATIC_OBS_INFO 0 -6.300000 77.327002 19.657849 
STATIC_OBS_INFO 1 -6.300000 63.622885 6.017978 
Parent: 356.746439 4.302785 45.000000 20.000000 3906.750000 0.000000 -10.000000 1.280663 10.000000 0.000000 0 0 0 1 0 0 0 0
EGO_STATUS -5.250000 57.697215 3.100000 1.570796 6.709619 1.000000 -5.880000
DYNAMIC_OBS_INFO 0 -5.750000 58.270996 1.570796 50.935676 -5.750000 109.271808 18.444724 1.285709
DYNAMIC_OBS_INFO 1 -1.750000 34.978611 1.570796 9.745861 -1.750000 49.242884 5.748564 0.344815
STATIC_OBS_INFO 0 -6.300000 77.327002 19.017425 
STATIC_OBS_INFO 1 -6.300000 63.622885 5.387608 
Parent: 350.811912 3.661414 38.000000 20.000000 3805.700000 0.000000 -10.000000 1.194273 9.000000 0.000000 0 0 0 1 0 0 0 0
EGO_STATUS -5.250000 58.338586 3.200000 1.570796 6.121619 1.000000 -5.880000
DYNAMIC_OBS_INFO 0 -5.750000 58.270996 1.570796 52.203892 -5.750000 111.122709 18.573295 1.285709
DYNAMIC_OBS_INFO 1 -1.750000 34.978611 1.570796 9.751503 -1.750000 49.819464 5.783046 0.344815
STATIC_OBS_INFO 0 -6.300000 77.327002 18.435716 
STATIC_OBS_INFO 1 -6.300000 63.622885 4.817492 
CRASH -5.250000 58.921212 3.200000
Parent: 292.375604 3.078788 32.000000 20.000000 3204.800000 0.000000 -10.000000 1.110750 9.000000 0.000000 0 0 0 1 0 0 0 0
EGO_STATUS -5.250000 58.921212 3.300000 1.570796 5.533619 1.000000 -5.880000
DYNAMIC_OBS_INFO 0 -5.750000 58.270996 1.570796 53.543848 -5.750000 112.986467 18.701866 1.285709
DYNAMIC_OBS_INFO 1 -1.750000 34.978611 1.570796 9.698988 -1.750000 50.399493 5.817528 0.344815
STATIC_OBS_INFO 0 -6.300000 77.327002 17.912849 
STATIC_OBS_INFO 1 -6.300000 63.622885 4.307855 
CRASH -5.250000 59.444954 3.300000
Parent: 240.811704 2.555046 27.000000 20.000000 2704.050000 0.000000 -10.000000 1.031172 8.000000 0.000000 0 0 0 1 0 0 0 0
EGO_STATUS -5.250000 59.444954 3.400000 1.570796 4.945619 1.000000 -5.880000
DYNAMIC_OBS_INFO 0 -5.750000 58.270996 1.570796 54.955592 -5.750000 114.863083 18.830437 1.285709
DYNAMIC_OBS_INFO 1 -1.750000 34.978611 1.570796 9.588414 -1.750000 50.982970 5.852009 0.344815
STATIC_OBS_INFO 0 -6.300000 77.327002 17.448858 
STATIC_OBS_INFO 1 -6.300000 63.622885 3.858725 
CRASH -5.250000 59.909765 3.400000
Parent: 194.194351 2.090235 22.000000 20.000000 2203.300000 0.000000 -10.000000 0.957151 8.000000 0.000000 0 0 0 1 0 0 0 0
EGO_STATUS -5.250000 59.909765 3.500000 1.570796 4.357619 1.000000 -5.880000
DYNAMIC_OBS_INFO 0 -5.750000 58.270996 1.570796 56.438768 -5.750000 116.752555 18.959008 1.285709
DYNAMIC_OBS_INFO 1 -1.750000 34.978611 1.570796 9.420424 -1.750000 51.569895 5.886491 0.344815
STATIC_OBS_INFO 0 -6.300000 77.327002 17.043375 
STATIC_OBS_INFO 1 -6.300000 63.622885 3.469579 
CRASH -5.250000 60.316002 3.500000
Parent: 154.414625 1.683998 18.000000 20.000000 1802.700000 0.000000 -10.000000 0.891094 7.000000 0.000000 0 0 0 1 0 0 0 0
EGO_STATUS -5.250000 60.316002 3.600000 1.570796 3.769619 1.000000 -5.880000
DYNAMIC_OBS_INFO 0 -5.750000 58.270996 1.570796 57.994202 -5.750000 118.654884 19.087578 1.285709
DYNAMIC_OBS_INFO 1 -1.750000 34.978611 1.570796 9.194765 -1.750000 52.160268 5.920972 0.344815
STATIC_OBS_INFO 0 -6.300000 77.327002 16.697212 
STATIC_OBS_INFO 1 -6.300000 63.622885 3.140761 
CRASH -5.250000 60.662838 3.600000
Parent: 119.537600 1.337162 15.000000 20.000000 1502.250000 0.000000 -10.000000 0.837921 7.000000 0.000000 0 0 0 1 0 0 0 0
EGO_STATUS -5.250000 60.662838 3.700000 1.570796 3.181619 1.000000 -5.880000
DYNAMIC_OBS_INFO 0 -5.750000 58.270996 1.570796 59.620990 -5.750000 120.570070 19.216149 1.285709
DYNAMIC_OBS_INFO 1 -1.750000 34.978611 1.570796 8.913039 -1.750000 52.754089 5.955454 0.344815
STATIC_OBS_INFO 0 -6.300000 77.327002 16.409453 
STATIC_OBS_INFO 1 -6.300000 63.622885 2.870631 
CRASH -5.250000 60.951177 3.700000
Parent: 90.593295 1.048823 12.000000 20.000000 1201.800000 0.000000 -10.000000 0.805665 7.000000 0.000000 0 0 0 1 0 0 0 0
EGO_STATUS -5.250000 60.951177 3.800000 1.570796 2.593619 1.000000 -5.880000
DYNAMIC_OBS_INFO 0 -5.750000 58.270996 1.570796 61.320601 -5.750000 122.498114 19.344720 1.285709
DYNAMIC_OBS_INFO 1 -1.750000 34.978611 1.570796 8.574999 -1.750000 53.351358 5.989935 0.344815
STATIC_OBS_INFO 0 -6.300000 77.327002 16.181553 
STATIC_OBS_INFO 1 -6.300000 63.622885 2.659394 
CRASH -5.250000 61.179552 3.800000
Parent: 68.622883 0.820448 10.000000 20.000000 1001.500000 0.000000 -10.000000 0.814091 6.000000 0.000000 0 0 0 1 0 0 0 0
EGO_STATUS -5.250000 61.179552 3.900000 1.570796 2.005619 1.000000 -5.880000
DYNAMIC_OBS_INFO 0 -5.750000 58.270996 1.570796 63.093150 -5.750000 124.439014 19.473291 1.285709
DYNAMIC_OBS_INFO 1 -1.750000 34.978611 1.570796 8.182139 -1.750000 53.952076 6.024417 0.344815
STATIC_OBS_INFO 0 -6.300000 77.327002 16.013618 
STATIC_OBS_INFO 1 -6.300000 63.622885 2.505655 
CRASH -5.250000 61.347845 3.900000
Parent: 51.857296 0.652155 8.000000 20.000000 801.200000 0.000000 -10.000000 0.913626 6.000000 0.000000 0 0 0 1 0 0 0 0
EGO_STATUS -5.250000 61.347845 4.000000 1.570796 1.417619 1.000000 -5.880000
DYNAMIC_OBS_INFO 0 -5.750000 58.270996 1.570796 64.939553 -5.750000 126.392772 19.601862 1.285709
DYNAMIC_OBS_INFO 1 -1.750000 34.978611 1.570796 7.735946 -1.750000 54.556242 6.058898 0.344815
STATIC_OBS_INFO 0 -6.300000 77.327002 15.906551 
STATIC_OBS_INFO 1 -6.300000 63.622885 2.408651 
CRASH -5.250000 61.455144 4.000000
Parent: 41.395372 0.544856 7.000000 20.000000 701.050000 0.000000 -10.000000 1.271353 6.000000 0.000000 0 0 0 1 0 0 0 0
EGO_STATUS -5.250000 61.455144 4.100000 1.570796 0.847127 1.000000 -5.880000
DYNAMIC_OBS_INFO 0 -5.750000 58.270996 1.570796 66.863256 -5.750000 128.359387 19.730433 1.285709
DYNAMIC_OBS_INFO 1 -1.750000 34.978611 1.570796 7.236808 -1.750000 55.163856 6.093380 0.344815
STATIC_OBS_INFO 0 -6.300000 77.327002 15.863789 
STATIC_OBS_INFO 1 -6.300000 63.622885 2.370155 
CRASH -5.250000 61.498001 4.100000
Parent: 37.724092 0.501999 7.000000 20.000000 701.050000 0.000000 -10.000000 2.014585 6.000000 0.000000 0 0 0 1 0 0 0 0
EGO_STATUS -5.250000 61.498001 4.200000 1.570796 0.488365 1.000000 -5.880000
DYNAMIC_OBS_INFO 0 -5.750000 58.270996 1.570796 68.817756 -5.750000 130.338859 19.859004 1.285709
DYNAMIC_OBS_INFO 1 -1.750000 34.978611 1.570796 6.729749 -1.750000 55.774918 6.127861 0.344815
STATIC_OBS_INFO 0 -6.300000 77.327002 15.838925 
STATIC_OBS_INFO 1 -6.300000 63.622885 2.347841 
CRASH -5.250000 61.522919 4.200000
Parent: 35.886414 0.477081 6.000000 20.000000 600.900000 0.000000 -10.000000 2.516483 6.000000 0.000000 0 0 0 1 0 0 0 0
EGO_STATUS -5.250000 61.522919 4.300000 1.570796 0.369165 1.000000 -5.880000
DYNAMIC_OBS_INFO 0 -5.750000 58.270996 1.570796 70.791076 -5.750000 132.331188 19.987575 1.285709
DYNAMIC_OBS_INFO 1 -1.750000 34.978611 1.570796 6.228783 -1.750000 56.389428 6.162343 0.344815
STATIC_OBS_INFO 0 -6.300000 77.327002 15.820009 
STATIC_OBS_INFO 1 -6.300000 63.622885 2.330900 
CRASH -5.250000 61.541877 4.300000
Parent: 34.353500 0.458123 6.000000 20.000000 600.900000 0.000000 -10.000000 2.945431 6.000000 0.000000 0 0 0 1 0 0 0 0
EGO_STATUS -5.250000 61.541877 4.400000 1.570796 0.301073 1.000000 -5.880000
DYNAMIC_OBS_INFO 0 -5.750000 58.270996 1.570796 72.780660 -5.750000 134.336374 20.116146 1.285709
DYNAMIC_OBS_INFO 1 -1.750000 34.978611 1.570796 5.740462 -1.750000 57.007386 6.196824 0.344815
STATIC_OBS_INFO 0 -6.300000 77.327002 15.804489 
STATIC_OBS_INFO 1 -6.300000 63.622885 2.317024 
CRASH -5.250000 61.557431 4.400000
Parent: 33.128603 0.442569 6.000000 20.000000 600.900000 0.000000 -10.000000 3.330080 6.000000 0.000000 0 0 0 1 0 0 0 0
EGO_STATUS -5.250000 61.557431 4.500000 1.570796 0.255801 1.000000 -5.880000
DYNAMIC_OBS_INFO 0 -5.750000 58.270996 1.570796 74.785367 -5.750000 136.354417 20.244717 1.285709
DYNAMIC_OBS_INFO 1 -1.750000 34.978611 1.570796 5.271508 -1.750000 57.628793 6.231306 0.344815
STATIC_OBS_INFO 0 -6.300000 77.327002 15.791229 
STATIC_OBS_INFO 1 -6.300000 63.622885 2.305185 
CRASH -5.250000 61.570721 4.500000
Parent: 32.105908 0.429279 6.000000 20.000000 600.900000 0.000000 -10.000000 3.682683 6.000000 0.000000 0 0 0 1 0 0 0 0
EGO_STATUS -5.250000 61.570721 4.600000 1.570796 0.223134 1.000000 -5.880000
DYNAMIC_OBS_INFO 0 -5.750000 58.270996 1.570796 76.804567 -5.750000 138.385317 20.373287 1.285709
DYNAMIC_OBS_INFO 1 -1.750000 34.978611 1.570796 4.830160 -1.750000 58.253647 6.265787 0.344815
STATIC_OBS_INFO 0 -6.300000 77.327002 15.779598 
STATIC_OBS_INFO 1 -6.300000 63.622885 2.294814 
CRASH -5.250000 61.582378 4.600000
Parent: 31.226970 0.417622 6.000000 20.000000 600.900000 0.000000 -10.000000 4.010019 6.000000 0.000000 0 0 0 1 0 0 0 0
EGO_STATUS -5.250000 61.582378 4.700000 1.570796 0.198289 1.000000 -5.880000
DYNAMIC_OBS_INFO 0 -5.750000 58.270996 1.570796 78.837868 -5.750000 140.429074 20.501858 1.285709
DYNAMIC_OBS_INFO 1 -1.750000 34.978611 1.570796 4.427038 -1.750000 58.881950 6.300269 0.344815
STATIC_OBS_INFO 0 -6.300000 77.327002 15.769206 
STATIC_OBS_INFO 1 -6.300000 63.622885 2.285559 
CRASH -5.250000 61.592792 4.700000
Parent: 30.455610 0.407208 6.000000 20.000000 600.900000 0.000000 -10.000000 4.316383 6.000000 0.000000 0 0 0 1 0 0 0 0
EGO_STATUS -5.250000 61.592792 4.800000 1.570796 0.178680 1.000000 -5.880000
DYNAMIC_OBS_INFO 0 -5.750000 58.270996 1.570796 80.885008 -5.750000 142.485689 20.630429 1.285709
DYNAMIC_OBS_INFO 1 -1.750000 34.978611 1.570796 4.075774 -1.750000 59.513701 6.334750 0.344815
STATIC_OBS_INFO 0 -6.300000 77.327002 15.759793 
STATIC_OBS_INFO 1 -6.300000 63.622885 2.277183 
CRASH -5.250000 61.602226 4.800000
Parent: 30.032895 0.397774 5.000000 20.000000 500.750000 0.000000 -10.000000 4.604748 6.000000 0.000000 0 0 0 1 0 0 0 0
EGO_STATUS -5.250000 61.602226 4.900000 1.570796 0.162767 1.000000 -5.880000
DYNAMIC_OBS_INFO 0 -5.750000 58.270996 1.570796 82.945803 -5.750000 144.555160 20.759000 1.285709
DYNAMIC_OBS_INFO 1 -1.750000 34.978611 1.570796 3.793065 -1.750000 60.148900 6.369232 0.344815
STATIC_OBS_INFO 0 -6.300000 77.327002 15.751174 
STATIC_OBS_INFO 1 -6.300000 63.622885 2.269521 
CRASH -5.250000 61.610864 4.900000
Parent: 29.405756 0.389136 5.000000 20.000000 500.750000 0.000000 -10.000000 4.877292 6.000000 0.000000 0 0 0 1 0 0 0 0
EGO_STATUS -5.250000 61.610864 5.000000 1.570796 0.149570 1.000000 -5.880000
DYNAMIC_OBS_INFO 0 -5.750000 58.270996 1.570796 85.020116 -5.750000 146.637489 20.887571 1.285709
DYNAMIC_OBS_INFO 1 -1.750000 34.978611 1.570796 3.597367 -1.750000 60.787547 6.403713 0.344815
STATIC_OBS_INFO 0 -6.300000 77.327002 15.743213 
STATIC_OBS_INFO 1 -6.300000 63.622885 2.262451 
CRASH -5.250000 61.618843 5.000000
NO_CANDIDATE
EGO_STATUS -5.250000 61.618843 5.100000 1.570796 0.138435 1.000000 -5.880000
DYNAMIC_OBS_INFO 0 -5.750000 58.270996 1.570796 87.099309 -5.750000 148.732674 21.016142 1.285709
DYNAMIC_OBS_INFO 1 -1.750000 34.978611 1.570796 3.506008 -1.750000 61.429643 6.438195 0.344815
STATIC_OBS_INFO 0 -6.300000 77.327002 15.727292 
STATIC_OBS_INFO 1 -6.300000 63.622885 2.248329 
CRASH -5.250000 61.634800 5.100000
NO_CANDIDATE
EGO_STATUS -5.250000 61.634800 5.200000 1.570796 0.116163 1.000000 -5.880000
DYNAMIC_OBS_INFO 0 -5.750000 58.270996 1.570796 89.191362 -5.750000 150.840717 21.144713 1.285709
DYNAMIC_OBS_INFO 1 -1.750000 34.978611 1.570796 3.525640 -1.750000 62.075186 6.472676 0.344815
STATIC_OBS_INFO 0 -6.300000 77.327002 15.711371 
STATIC_OBS_INFO 1 -6.300000 63.622885 2.234231 
CRASH -5.250000 61.650757 5.200000
Parent: 32.696300 0.349243 5.000000 0.000000 500.750000 0.000000 0.000000 3.719620 6.000000 0.000000 0 0 0 0 0 1 0 0
EGO_STATUS -5.250000 61.650757 5.300000 1.570796 0.093892 1.000000 -5.880000
DYNAMIC_OBS_INFO 0 -5.750000 58.270996 1.570796 91.302840 -5.750000 152.961617 21.273284 1.285709
DYNAMIC_OBS_INFO 1 -1.750000 34.978611 1.570796 3.658164 -1.750000 62.724178 6.507158 0.344815
STATIC_OBS_INFO 0 -6.300000 77.327002 15.702002 
STATIC_OBS_INFO 1 -6.300000 63.622885 2.225948 
CRASH -5.250000 61.660146 5.300000
Parent: 21.655970 0.339854 5.000000 0.000000 500.750000 0.000000 -10.000000 3.619620 6.000000 0.000000 0 0 0 0 0 1 0 0
EGO_STATUS -5.250000 61.660146 5.400000 1.570796 0.093892 4.000000 0.000000
DYNAMIC_OBS_INFO 0 -5.750000 58.270996 1.570796 93.427176 -5.750000 155.095374 21.401855 1.285709
DYNAMIC_OBS_INFO 1 -1.750000 34.978611 1.570796 3.894115 -1.750000 63.376618 6.541639 0.344815
STATIC_OBS_INFO 0 -6.300000 77.327002 15.692634 
STATIC_OBS_INFO 1 -6.300000 63.622885 2.217673 
CRASH -5.250000 61.669535 5.400000
Parent: 20.615641 0.330465 5.000000 0.000000 500.750000 0.000000 -10.000000 3.519620 6.000000 0.000000 0 0 0 0 0 1 0 0
EGO_STATUS -5.250000 61.669535 5.500000 1.570796 0.093892 4.000000 0.000000
DYNAMIC_OBS_INFO 0 -5.750000 58.270996 1.570796 95.564371 -5.750000 157.241988 21.530425 1.285709
DYNAMIC_OBS_INFO 1 -1.750000 34.978611 1.570796 4.217742 -1.750000 64.032506 6.576121 0.344815
STATIC_OBS_INFO 0 -6.300000 77.327002 15.683266 
STATIC_OBS_INFO 1 -6.300000 63.622885 2.209408 
CRASH -5.250000 61.678925 5.500000
Parent: 19.575311 0.321075 5.000000 0.000000 500.750000 0.000000 -10.000000 3.419620 6.000000 0.000000 0 0 0 0 0 1 0 0
EGO_STATUS -5.250000 61.678925 5.600000 1.570796 0.093892 4.000000 0.000000
DYNAMIC_OBS_INFO 0 -5.750000 58.270996 1.570796 97.714424 -5.750000 159.401459 21.658996 1.285709
DYNAMIC_OBS_INFO 1 -1.750000 34.978611 1.570796 4.612069 -1.750000 64.691842 6.610602 0.344815
STATIC_OBS_INFO 0 -6.300000 77.327002 15.673898 
STATIC_OBS_INFO 1 -6.300000 63.622885 2.201151 
CRASH -5.250000 61.688314 5.600000
Parent: 18.534982 0.311686 5.000000 0.000000 500.750000 0.000000 -10.000000 3.319620 6.000000 0.000000 0 0 0 0 0 1 0 0
EGO_STATUS -5.250000 61.688314 5.700000 1.570796 0.093892 4.000000 0.000000
DYNAMIC_OBS_INFO 0 -5.750000 58.270996 1.570796 99.877336 -5.750000 161.573787 21.787567 1.285709
DYNAMIC_OBS_INFO 1 -1.750000 34.978611 1.570796 5.061925 -1.750000 65.354626 6.645084 0.344815
STATIC_OBS_INFO 0 -6.300000 77.327002 15.664530 
STATIC_OBS_INFO 1 -6.300000 63.622885 2.192904 
CRASH -5.250000 61.697703 5.700000
Parent: 17.494652 0.302297 5.000000 0.000000 500.750000 0.000000 -10.000000 3.219620 6.000000 0.000000 0 0 0 0 0 1 0 0
EGO_STATUS -5.250000 61.697703 5.800000 1.570796 0.093892 4.000000 0.000000
DYNAMIC_OBS_INFO 0 -5.750000 58.270996 1.570796 102.053105 -5.750000 163.758972 21.916138 1.285709
DYNAMIC_OBS_INFO 1 -1.750000 34.978611 1.570796 5.555050 -1.750000 66.020859 6.679565 0.344815
STATIC_OBS_INFO 0 -6.300000 77.327002 15.655162 
STATIC_OBS_INFO 1 -6.300000 63.622885 2.184665 
CRASH -5.250000 61.707092 5.800000
Parent: 16.454323 0.292908 4.000000 0.000000 400.600000 0.000000 -10.000000 3.119620 6.000000 0.000000 0 0 0 0 0 1 0 0
EGO_STATUS -5.250000 61.707092 5.900000 1.570796 0.093892 4.000000 0.000000
DYNAMIC_OBS_INFO 0 -5.750000 58.270996 1.570796 104.241732 -5.750000 165.957015 22.044709 1.285709
DYNAMIC_OBS_INFO 1 -1.750000 34.978611 1.570796 6.082043 -1.750000 66.690540 6.714047 0.344815
STATIC_OBS_INFO 0 -6.300000 77.327002 15.645794 
STATIC_OBS_INFO 1 -6.300000 63.622885 2.176436 
CRASH -5.250000 61.716482 5.900000
Parent: 15.413993 0.283518 4.000000 0.000000 400.600000 0.000000 -10.000000 3.019620 6.000000 0.000000 0 0 0 0 0 1 0 0
EGO_STATUS -5.250000 61.716482 6.000000 1.570796 0.093892 4.000000 0.000000
DYNAMIC_OBS_INFO 0 -5.750000 58.270996 1.570796 106.443218 -5.750000 168.167914 22.173280 1.285709
DYNAMIC_OBS_INFO 1 -1.750000 34.978611 1.570796 6.635869 -1.750000 67.363668 6.748528 0.344815
STATIC_OBS_INFO 0 -6.300000 77.327002 15.636426 
STATIC_OBS_INFO 1 -6.300000 63.622885 2.168217 
CRASH -5.250000 61.725871 6.000000
Parent: 14.373664 0.274129 4.000000 0.000000 400.600000 0.000000 -10.000000 2.919620 6.000000 0.000000 0 0 0 0 0 1 0 0
EGO_STATUS -5.250000 61.725871 6.100000 1.570796 0.093892 4.000000 0.000000
DYNAMIC_OBS_INFO 0 -5.750000 58.270996 1.570796 108.657561 -5.750000 170.391671 22.301851 1.285709
DYNAMIC_OBS_INFO 1 -1.750000 34.978611 1.570796 7.211299 -1.750000 68.040245 6.783010 0.344815
STATIC_OBS_INFO 0 -6.300000 77.327002 15.627058 
STATIC_OBS_INFO 1 -6.300000 63.622885 2.160007 
CRASH -5.250000 61.735260 6.100000
Parent: 13.333334 0.264740 4.000000 0.000000 400.600000 0.000000 -10.000000 2.819620 6.000000 0.000000 0 0 0 0 0 1 0 0
EGO_STATUS -5.250000 61.735260 6.200000 1.570796 0.093892 4.000000 0.000000
DYNAMIC_OBS_INFO 0 -5.750000 58.270996 1.570796 110.884762 -5.750000 172.628284 22.430422 1.285709
DYNAMIC_OBS_INFO 1 -1.750000 34.978611 1.570796 7.804440 -1.750000 68.720270 6.817491 0.344815
STATIC_OBS_INFO 0 -6.300000 77.327002 15.617690 
STATIC_OBS_INFO 1 -6.300000 63.622885 2.151806 
CRASH -5.250000 61.744649 6.200000
Parent: 12.293005 0.255351 4.000000 0.000000 400.600000 0.000000 -10.000000 2.719620 6.000000 0.000000 0 0 0 0 0 1 0 0
EGO_STATUS -5.250000 61.744649 6.300000 1.570796 0.093892 4.000000 0.000000
DYNAMIC_OBS_INFO 0 -5.750000 58.270996 1.570796 113.124822 -5.750000 174.877755 22.558993 1.285709
DYNAMIC_OBS_INFO 1 -1.750000 34.978611 1.570796 8.412371 -1.750000 69.403743 6.851973 0.344815
STATIC_OBS_INFO 0 -6.300000 77.327002 15.608322 
STATIC_OBS_INFO 1 -6.300000 63.622885 2.143616 
CRASH -5.250000 61.754038 6.300000
Parent: 11.252675 0.245962 4.000000 0.000000 400.600000 0.000000 -10.000000 2.619620 6.000000 0.000000 0 0 0 0 0 1 0 0
EGO_STATUS -5.250000 61.754038 6.400000 1.570796 0.093892 4.000000 0.000000
DYNAMIC_OBS_INFO 0 -5.750000 58.270996 1.570796 115.377739 -5.750000 177.140083 22.687564 1.285709
DYNAMIC_OBS_INFO 1 -1.750000 34.978611 1.570796 9.032878 -1.750000 70.090665 6.886454 0.344815
STATIC_OBS_INFO 0 -6.300000 77.327002 15.598954 
STATIC_OBS_INFO 1 -6.300000 63.622885 2.135435 
CRASH -5.250000 61.763428 6.400000
Parent: 10.212346 0.236572 4.000000 0.000000 400.600000 0.000000 -10.000000 2.519620 6.000000 0.000000 0 0 0 0 0 1 0 0
EGO_STATUS -5.250000 61.763428 6.500000 1.570796 0.093892 4.000000 0.000000
DYNAMIC_OBS_INFO 0 -5.750000 58.270996 1.570796 117.643514 -5.750000 179.415268 22.816134 1.285709
DYNAMIC_OBS_INFO 1 -1.750000 34.978611 1.570796 9.664263 -1.750000 70.781034 6.920936 0.344815
STATIC_OBS_INFO 0 -6.300000 77.327002 15.589586 
STATIC_OBS_INFO 1 -6.300000 63.622885 2.127264 
CRASH -5.250000 61.772817 6.500000
Parent: 9.172016 0.227183 4.000000 0.000000 400.600000 0.000000 -10.000000 2.419620 6.000000 0.000000 0 0 0 0 0 1 0 0
EGO_STATUS -5.250000 61.772817 6.600000 1.570796 0.093892 4.000000 0.000000
DYNAMIC_OBS_INFO 0 -5.750000 58.270996 1.570796 119.922146 -5.750000 181.703310 22.944705 1.285709
DYNAMIC_OBS_INFO 1 -1.750000 34.978611 1.570796 10.305212 -1.750000 71.474852 6.955418 0.344815
STATIC_OBS_INFO 0 -6.300000 77.327002 15.580218 
STATIC_OBS_INFO 1 -6.300000 63.622885 2.119104 
CRASH -5.250000 61.782206 6.600000
Parent: 8.131687 0.217794 4.000000 0.000000 400.600000 0.000000 -10.000000 2.319620 6.000000 0.000000 0 0 0 0 0 1 0 0
EGO_STATUS -5.250000 61.782206 6.700000 1.570796 0.093892 4.000000 0.000000
DYNAMIC_OBS_INFO 0 -5.750000 58.270996 1.570796 122.213636 -5.750000 184.004209 23.073276 1.285709
DYNAMIC_OBS_INFO 1 -1.750000 34.978611 1.570796 10.954691 -1.750000 72.172118 6.989899 0.344815
STATIC_OBS_INFO 0 -6.300000 77.327002 15.570850 
STATIC_OBS_INFO 1 -6.300000 63.622885 2.110953 
CRASH -5.250000 61.791595 6.700000
Parent: 7.091357 0.208405 4.000000 0.000000 400.600000 0.000000 -10.000000 2.219620 6.000000 0.000000 0 0 0 0 0 1 0 0
EGO_STATUS -5.250000 61.791595 6.800000 1.570796 0.093892 4.000000 0.000000
DYNAMIC_OBS_INFO 0 -5.750000 58.270996 1.570796 124.517984 -5.750000 186.317965 23.201847 1.285709
DYNAMIC_OBS_INFO 1 -1.750000 34.978611 1.570796 11.611882 -1.750000 72.872832 7.024381 0.344815
STATIC_OBS_INFO 0 -6.300000 77.327002 15.561482 
STATIC_OBS_INFO 1 -6.300000 63.622885 2.102813 
CRASH -5.250000 61.800984 6.800000
Parent: 6.051028 0.199016 3.000000 0.000000 300.450000 0.000000 -10.000000 2.119620 6.000000 0.000000 0 0 0 0 0 1 0 0
EGO_STATUS -5.250000 61.800984 6.900000 1.570796 0.093892 4.000000 0.000000
DYNAMIC_OBS_INFO 0 -5.750000 58.270996 1.570796 126.835190 -5.750000 188.644578 23.330418 1.285709
DYNAMIC_OBS_INFO 1 -1.750000 34.978611 1.570796 12.276129 -1.750000 73.576994 7.058862 0.344815
STATIC_OBS_INFO 0 -6.300000 77.327002 15.552115 
STATIC_OBS_INFO 1 -6.300000 63.622885 2.094683 
CRASH -5.250000 61.810374 6.900000
Parent: 5.010698 0.189626 3.000000 0.000000 300.450000 0.000000 -10.000000 2.019620 6.000000 0.000000 0 0 0 0 0 1 0 0
EGO_STATUS -5.250000 61.810374 7.000000 1.570796 0.093892 4.000000 0.000000
DYNAMIC_OBS_INFO 0 -5.750000 58.270996 1.570796 129.165254 -5.750000 190.984049 23.458989 1.285709
DYNAMIC_OBS_INFO 1 -1.750000 34.978611 1.570796 12.946902 -1.750000 74.284604 7.093344 0.344815
STATIC_OBS_INFO 0 -6.300000 77.327002 15.542747 
STATIC_OBS_INFO 1 -6.300000 63.622885 2.086564 
CRASH -5.250000 61.819763 7.000000
Parent: 3.970369 0.180237 3.000000 0.000000 300.450000 0.000000 -10.000000 1.919620 6.000000 0.000000 0 0 0 0 0 0 0 0
EGO_STATUS -5.250000 61.819763 7.100000 1.570796 0.093892 4.000000 0.000000
DYNAMIC_OBS_INFO 0 -5.750000 58.270996 1.570796 131.508175 -5.750000 193.336376 23.587560 1.285709
DYNAMIC_OBS_INFO 1 -1.750000 34.978611 1.570796 13.623766 -1.750000 74.995663 7.127825 0.344815
STATIC_OBS_INFO 0 -6.300000 77.327002 15.533379 
STATIC_OBS_INFO 1 -6.300000 63.622885 2.078456 
CRASH -5.250000 61.829152 7.100000
Parent: 2.930039 0.170848 3.000000 0.000000 300.450000 0.000000 -10.000000 1.819620 6.000000 0.000000 0 0 0 0 0 0 0 0
EGO_STATUS -5.250000 61.829152 7.200000 1.570796 0.093892 4.000000 0.000000
DYNAMIC_OBS_INFO 0 -5.750000 58.270996 1.570796 133.863953 -5.750000 195.701561 23.716131 1.285709
DYNAMIC_OBS_INFO 1 -1.750000 34.978611 1.570796 14.306364 -1.750000 75.710169 7.162307 0.344815
STATIC_OBS_INFO 0 -6.300000 77.327002 15.524011 
STATIC_OBS_INFO 1 -6.300000 63.622885 2.070358 
CRASH -5.250000 61.838541 7.200000
Parent: 1.889710 0.161459 3.000000 0.000000 300.450000 0.000000 -10.000000 1.719620 6.000000 0.000000 0 0 0 0 0 0 0 0
EGO_STATUS -5.250000 61.838541 7.300000 1.570796 0.093892 4.000000 0.000000
DYNAMIC_OBS_INFO 0 -5.750000 58.270996 1.570796 136.232589 -5.750000 198.079602 23.844702 1.285709
DYNAMIC_OBS_INFO 1 -1.750000 34.978611 1.570796 14.994400 -1.750000 76.428124 7.196788 0.344815
STATIC_OBS_INFO 0 -6.300000 77.327002 15.514644 
STATIC_OBS_INFO 1 -6.300000 63.622885 2.062272 
CRASH -5.250000 61.847930 7.300000
Parent: 0.849380 0.152070 3.000000 0.000000 300.450000 0.000000 -10.000000 1.619620 6.000000 0.000000 0 0 0 0 0 0 0 0
EGO_STATUS -5.250000 61.847930 7.400000 1.570796 0.093892 4.000000 0.000000
DYNAMIC_OBS_INFO 0 -5.750000 58.270996 1.570796 138.614083 -5.750000 200.470501 23.973273 1.285709
DYNAMIC_OBS_INFO 1 -1.750000 34.978611 1.570796 15.687626 -1.750000 77.149527 7.231270 0.344815
STATIC_OBS_INFO 0 -6.300000 77.327002 15.505276 
STATIC_OBS_INFO 1 -6.300000 63.622885 2.054196 
CRASH -5.250000 61.857320 7.400000
Parent: -0.190950 0.142680 3.000000 0.000000 300.450000 0.000000 -10.000000 1.519620 6.000000 0.000000 0 0 0 0 0 0 0 0
EGO_STATUS -5.250000 61.857320 7.500000 1.570796 0.093892 4.000000 0.000000
DYNAMIC_OBS_INFO 0 -5.750000 58.270996 1.570796 141.008434 -5.750000 202.874257 24.101843 1.285709
DYNAMIC_OBS_INFO 1 -1.750000 34.978611 1.570796 16.385831 -1.750000 77.874378 7.265751 0.344815
STATIC_OBS_INFO 0 -6.300000 77.327002 15.495908 
STATIC_OBS_INFO 1 -6.300000 63.622885 2.046132 
CRASH -5.250000 61.866709 7.500000
Parent: -1.231279 0.133291 3.000000 0.000000 300.450000 0.000000 -10.000000 1.419620 6.000000 0.000000 0 0 0 0 0 0 0 0
EGO_STATUS -5.250000 61.866709 7.600000 1.570796 0.093892 4.000000 0.000000
DYNAMIC_OBS_INFO 0 -5.750000 58.270996 1.570796 143.415643 -5.750000 205.290870 24.230414 1.285709
DYNAMIC_OBS_INFO 1 -1.750000 34.978611 1.570796 17.088840 -1.750000 78.602677 7.300233 0.344815
STATIC_OBS_INFO 0 -6.300000 77.327002 15.486541 
STATIC_OBS_INFO 1 -6.300000 63.622885 2.038079 
CRASH -5.250000 61.876098 7.600000
Parent: -2.271609 0.123902 3.000000 0.000000 300.450000 0.000000 -10.000000 1.319620 6.000000 0.000000 0 0 0 0 0 0 0 0
EGO_STATUS -5.250000 61.876098 7.700000 1.570796 0.093892 4.000000 0.000000
DYNAMIC_OBS_INFO 0 -5.750000 58.270996 1.570796 145.835709 -5.750000 207.720340 24.358985 1.285709
DYNAMIC_OBS_INFO 1 -1.750000 34.978611 1.570796 17.796500 -1.750000 79.334425 7.334714 0.344815
STATIC_OBS_INFO 0 -6.300000 77.327002 15.477173 
STATIC_OBS_INFO 1 -6.300000 63.622885 2.030037 
CRASH -5.250000 61.885487 7.700000
Parent: -3.311938 0.114513 3.000000 0.000000 300.450000 0.000000 -10.000000 1.219620 6.000000 0.000000 0 0 0 0 0 0 0 0
EGO_STATUS -5.250000 61.885487 7.800000 1.570796 0.093892 4.000000 0.000000
DYNAMIC_OBS_INFO 0 -5.750000 58.270996 1.570796 148.268633 -5.750000 210.162667 24.487556 1.285709
DYNAMIC_OBS_INFO 1 -1.750000 34.978611 1.570796 18.508682 -1.750000 80.069620 7.369196 0.344815
STATIC_OBS_INFO 0 -6.300000 77.327002 15.467805 
STATIC_OBS_INFO 1 -6.300000 63.622885 2.022007 
CRASH -5.250000 61.894877 7.800000
Parent: -4.352268 0.105123 3.000000 0.000000 300.450000 0.000000 -10.000000 1.119620 6.000000 0.000000 0 0 0 0 0 0 0 0
EGO_STATUS -5.250000 61.894877 7.900000 1.570796 0.093892 4.000000 0.000000
DYNAMIC_OBS_INFO 0 -5.750000 58.270996 1.570796 150.714414 -5.750000 212.617851 24.616127 1.285709
DYNAMIC_OBS_INFO 1 -1.750000 34.978611 1.570796 19.225273 -1.750000 80.808264 7.403677 0.344815
STATIC_OBS_INFO 0 -6.300000 77.327002 15.458438 
STATIC_OBS_INFO 1 -6.300000 63.622885 2.013989 
CRASH -5.250000 61.904266 7.900000
Parent: -5.392597 0.095734 2.000000 0.000000 200.300000 0.000000 -10.000000 1.019620 6.000000 0.000000 0 0 0 0 0 0 0 0
EGO_STATUS -5.250000 61.904266 8.000000 1.570796 0.093892 4.000000 0.000000
DYNAMIC_OBS_INFO 0 -5.750000 58.270996 1.570796 153.173053 -5.750000 215.085892 24.744698 1.285709
DYNAMIC_OBS_INFO 1 -1.750000 34.978611 1.570796 19.946178 -1.750000 81.550355 7.438159 0.344815
STATIC_OBS_INFO 0 -6.300000 77.327002 15.449070 
STATIC_OBS_INFO 1 -6.300000 63.622885 2.005983 
CRASH -5.250000 61.913655 8.000000
Parent: -6.432927 0.086345 2.000000 0.000000 200.300000 0.000000 -10.000000 0.919620 6.000000 0.000000 0 0 0 0 0 0 0 0
EGO_STATUS -5.250000 61.913655 8.100000 1.570796 0.093892 4.000000 0.000000
DYNAMIC_OBS_INFO 0 -5.750000 58.270996 1.570796 155.644549 -5.750000 217.566790 24.873269 1.285709
DYNAMIC_OBS_INFO 1 -1.750000 34.978611 1.570796 20.671310 -1.750000 82.295895 7.472640 0.344815
STATIC_OBS_INFO 0 -6.300000 77.327002 15.439703 
STATIC_OBS_INFO 1 -6.300000 63.622885 1.997989 
CRASH -5.250000 61.923044 8.100000
Parent: -7.473256 0.076956 2.000000 0.000000 200.300000 0.000000 -10.000000 0.819620 6.000000 0.000000 0 0 0 0 0 0 0 0
EGO_STATUS -5.250000 61.923044 8.200000 1.570796 0.093892 4.000000 0.000000
DYNAMIC_OBS_INFO 0 -5.750000 58.270996 1.570796 158.128903 -5.750000 220.060546 25.001840 1.285709
DYNAMIC_OBS_INFO 1 -1.750000 34.978611 1.570796 21.400597 -1.750000 83.044883 7.507122 0.344815
STATIC_OBS_INFO 0 -6.300000 77.327002 15.430335 
STATIC_OBS_INFO 1 -6.300000 63.622885 1.990007 
CRASH -5.250000 61.932433 8.200000
Parent: -8.513586 0.067567 2.000000 0.000000 200.300000 0.000000 -10.000000 0.719620 6.000000 0.000000 0 0 0 0 0 0 0 0
EGO_STATUS -5.250000 61.932433 8.300000 1.570796 0.093892 4.000000 0.000000
DYNAMIC_OBS_INFO 0 -5.750000 58.270996 1.570796 160.626114 -5.750000 222.567158 25.130411 1.285709
DYNAMIC_OBS_INFO 1 -1.750000 34.978611 1.570796 22.133973 -1.750000 83.797320 7.541603 0.344815
STATIC_OBS_INFO 0 -6.300000 77.327002 15.420968 
STATIC_OBS_INFO 1 -6.300000 63.622885 1.982037 
CRASH -5.250000 61.941823 8.300000
Parent: -9.553915 0.058177 2.000000 0.000000 200.300000 0.000000 -10.000000 0.619620 6.000000 0.000000 0 0 0 0 0 0 0 0
EGO_STATUS -5.250000 61.941823 8.400000 1.570796 0.093892 4.000000 0.000000
DYNAMIC_OBS_INFO 0 -5.750000 58.270996 1.570796 163.136182 -5.750000 225.086628 25.258981 1.285709
DYNAMIC_OBS_INFO 1 -1.750000 34.978611 1.570796 22.871381 -1.750000 84.553204 7.576085 0.344815
STATIC_OBS_INFO 0 -6.300000 77.327002 15.411601 
STATIC_OBS_INFO 1 -6.300000 63.622885 1.974080 
CRASH -5.250000 61.951212 8.400000
Parent: -10.594245 0.048788 2.000000 0.000000 200.300000 0.000000 -10.000000 0.519620 6.000000 0.000000 0 0 0 0 0 0 0 0
EGO_STATUS -5.250000 61.951212 8.500000 1.570796 0.093892 4.000000 0.000000
DYNAMIC_OBS_INFO 0 -5.750000 58.270996 1.570796 165.659108 -5.750000 227.618955 25.387552 1.285709
DYNAMIC_OBS_INFO 1 -1.750000 34.978611 1.570796 23.612770 -1.750000 85.312537 7.610566 0.344815
STATIC_OBS_INFO 0 -6.300000 77.327002 15.402233 
STATIC_OBS_INFO 1 -6.300000 63.622885 1.966136 
CRASH -5.250000 61.960601 8.500000
Parent: -11.634574 0.039399 2.000000 0.000000 200.300000 0.000000 -10.000000 0.419620 6.000000 0.000000 0 0 0 0 0 0 0 0
EGO_STATUS -5.250000 61.960601 8.600000 1.570796 0.093892 4.000000 0.000000
DYNAMIC_OBS_INFO 0 -5.750000 58.270996 1.570796 168.194891 -5.750000 230.164138 25.516123 1.285709
DYNAMIC_OBS_INFO 1 -1.750000 34.978611 1.570796 24.358095 -1.750000 86.075317 7.645048 0.344815
STATIC_OBS_INFO 0 -6.300000 77.327002 15.392866 
STATIC_OBS_INFO 1 -6.300000 63.622885 1.958204 
CRASH -5.250000 61.969990 8.600000
Parent: -12.674904 0.030010 2.000000 0.000000 200.300000 0.000000 -10.000000 0.319620 6.000000 0.000000 0 0 0 0 0 0 0 0
EGO_STATUS -5.250000 61.969990 8.700000 1.570796 0.093892 4.000000 0.000000
DYNAMIC_OBS_INFO 0 -5.750000 58.270996 1.570796 170.743532 -5.750000 232.722179 25.644694 1.285709
DYNAMIC_OBS_INFO 1 -1.750000 34.978611 1.570796 25.107316 -1.750000 86.841546 7.679529 0.344815
STATIC_OBS_INFO 0 -6.300000 77.327002 15.383499 
STATIC_OBS_INFO 1 -6.300000 63.622885 1.950285 
CRASH -5.250000 61.979379 8.700000
Parent: -13.715233 0.020621 2.000000 0.000000 200.300000 0.000000 -10.000000 0.219620 6.000000 0.000000 0 0 0 0 0 0 0 0
EGO_STATUS -5.250000 61.979379 8.800000 1.570796 0.093892 4.000000 0.000000
DYNAMIC_OBS_INFO 0 -5.750000 58.270996 1.570796 173.305030 -5.750000 235.293077 25.773265 1.285709
DYNAMIC_OBS_INFO 1 -1.750000 34.978611 1.570796 25.860398 -1.750000 87.611223 7.714011 0.344815
STATIC_OBS_INFO 0 -6.300000 77.327002 15.374131 
STATIC_OBS_INFO 1 -6.300000 63.622885 1.942379 
CRASH -5.250000 61.988769 8.800000
Parent: -14.755563 0.011231 2.000000 0.000000 200.300000 0.000000 -10.000000 0.119620 6.000000 0.000000 0 0 0 0 0 0 0 0
EGO_STATUS -5.250000 61.988769 8.900000 1.570796 0.093892 4.000000 0.000000
DYNAMIC_OBS_INFO 0 -5.750000 58.270996 1.570796 175.879385 -5.750000 237.876832 25.901836 1.285709
DYNAMIC_OBS_INFO 1 -1.750000 34.978611 1.570796 26.617307 -1.750000 88.384348 7.748492 0.344815
STATIC_OBS_INFO 0 -6.300000 77.327002 15.364764 
STATIC_OBS_INFO 1 -6.300000 63.622885 1.934487 
CRASH -5.250000 61.998158 8.900000
NO_CANDIDATE
EGO_STATUS -5.250000 61.998158 9.000000 1.570796 0.093892 4.000000 0.000000
FAIL
DYNAMIC_OBS_INFO 0 -5.750000 58.270996 1.570796 178.466598 -5.750000 240.473444 26.030407 1.285709
DYNAMIC_OBS_INFO 1 -1.750000 34.978611 1.570796 27.378016 -1.750000 89.160922 7.782974 0.344815
STATIC_OBS_INFO 0 -6.300000 77.327002 15.355397 
STATIC_OBS_INFO 1 -6.300000 63.622885 1.926608 
CRASH -5.250000 62.007547 9.000000
NO_CANDIDATE
EGO_STATUS -5.250000 62.007547 9.100000 1.570796 0.093892 4.000000 0.000000
FAIL
DYNAMIC_OBS_INFO 0 -5.750000 58.270996 1.570796 181.066668 -5.750000 243.082914 26.158978 1.285709
DYNAMIC_OBS_INFO 1 -1.750000 34.978611 1.570796 28.142497 -1.750000 89.940943 7.817455 0.344815
STATIC_OBS_INFO 0 -6.300000 77.327002 15.346030 
STATIC_OBS_INFO 1 -6.300000 63.622885 1.918742 
CRASH -5.250000 62.016936 9.100000
NO_CANDIDATE
EGO_STATUS -5.250000 62.016936 9.200000 1.570796 0.093892 4.000000 0.000000
FAIL
DYNAMIC_OBS_INFO 0 -5.750000 58.270996 1.570796 183.679595 -5.750000 245.705240 26.287549 1.285709
DYNAMIC_OBS_INFO 1 -1.750000 34.978611 1.570796 28.910728 -1.750000 90.724413 7.851937 0.344815
STATIC_OBS_INFO 0 -6.300000 77.327002 15.336662 
STATIC_OBS_INFO 1 -6.300000 63.622885 1.910891 
CRASH -5.250000 62.026326 9.200000
NO_CANDIDATE
EGO_STATUS -5.250000 62.026326 9.300000 1.570796 0.093892 4.000000 0.000000
FAIL
DYNAMIC_OBS_INFO 0 -5.750000 58.270996 1.570796 186.305380 -5.750000 248.340423 26.416120 1.285709
DYNAMIC_OBS_INFO 1 -1.750000 34.978611 1.570796 29.682687 -1.750000 91.511331 7.886418 0.344815
STATIC_OBS_INFO 0 -6.300000 77.327002 15.327295 
STATIC_OBS_INFO 1 -6.300000 63.622885 1.903053 
CRASH -5.250000 62.035715 9.300000
NO_CANDIDATE
EGO_STATUS -5.250000 62.035715 9.400000 1.570796 0.093892 4.000000 0.000000
FAIL
DYNAMIC_OBS_INFO 0 -5.750000 58.270996 1.570796 188.944022 -5.750000 250.988464 26.544690 1.285709
DYNAMIC_OBS_INFO 1 -1.750000 34.978611 1.570796 30.458355 -1.750000 92.301697 7.920900 0.344815
STATIC_OBS_INFO 0 -6.300000 77.327002 15.317928 
STATIC_OBS_INFO 1 -6.300000 63.622885 1.895229 
CRASH -5.250000 62.045104 9.400000
NO_CANDIDATE
EGO_STATUS -5.250000 62.045104 9.500000 1.570796 0.093892 4.000000 0.000000
FAIL
DYNAMIC_OBS_INFO 0 -5.750000 58.270996 1.570796 191.595521 -5.750000 253.649362 26.673261 1.285709
DYNAMIC_OBS_INFO 1 -1.750000 34.978611 1.570796 31.237714 -1.750000 93.095511 7.955381 0.344815
STATIC_OBS_INFO 0 -6.300000 77.327002 15.308561 
STATIC_OBS_INFO 1 -6.300000 63.622885 1.887420 
CRASH -5.250000 62.054493 9.500000
NO_CANDIDATE
EGO_STATUS -5.250000 62.054493 9.600000 1.570796 0.093892 4.000000 0.000000
FAIL
DYNAMIC_OBS_INFO 0 -5.750000 58.270996 1.570796 194.259877 -5.750000 256.323116 26.801832 1.285709
DYNAMIC_OBS_INFO 1 -1.750000 34.978611 1.570796 32.020747 -1.750000 93.892773 7.989863 0.344815
STATIC_OBS_INFO 0 -6.300000 77.327002 15.299194 
STATIC_OBS_INFO 1 -6.300000 63.622885 1.879625 
CRASH -5.250000 62.063882 9.600000
NO_CANDIDATE
EGO_STATUS -5.250000 62.063882 9.700000 1.570796 0.093892 4.000000 0.000000
FAIL
DYNAMIC_OBS_INFO 0 -5.750000 58.270996 1.570796 196.937091 -5.750000 259.009728 26.930403 1.285709
DYNAMIC_OBS_INFO 1 -1.750000 34.978611 1.570796 32.807441 -1.750000 94.693483 8.024344 0.344815
STATIC_OBS_INFO 0 -6.300000 77.327002 15.289827 
STATIC_OBS_INFO 1 -6.300000 63.622885 1.871845 
CRASH -5.250000 62.073272 9.700000
NO_CANDIDATE
EGO_STATUS -5.250000 62.073272 9.800000 1.570796 0.093892 4.000000 0.000000
FAIL
DYNAMIC_OBS_INFO 0 -5.750000 58.270996 1.570796 199.627162 -5.750000 261.709197 27.058974 1.285709
DYNAMIC_OBS_INFO 1 -1.750000 34.978611 1.570796 33.597782 -1.750000 95.497642 8.058826 0.344815
STATIC_OBS_INFO 0 -6.300000 77.327002 15.280460 
STATIC_OBS_INFO 1 -6.300000 63.622885 1.864079 
CRASH -5.250000 62.082661 9.800000
NO_CANDIDATE
EGO_STATUS -5.250000 62.082661 9.900000 1.570796 0.093892 4.000000 0.000000
FAIL
DYNAMIC_OBS_INFO 0 -5.750000 58.270996 1.570796 202.330091 -5.750000 264.421523 27.187545 1.285709
DYNAMIC_OBS_INFO 1 -1.750000 34.978611 1.570796 34.391757 -1.750000 96.305248 8.093308 0.344815
STATIC_OBS_INFO 0 -6.300000 77.327002 15.271093 
STATIC_OBS_INFO 1 -6.300000 63.622885 1.856329 
CRASH -5.250000 62.092050 9.900000
NO_CANDIDATE
EGO_STATUS -5.250000 62.092050 10.000000 1.570796 0.093892 4.000000 0.000000
FAIL
DYNAMIC_OBS_INFO 0 -5.750000 58.270996 1.570796 205.045876 -5.750000 267.146706 27.316116 1.285709
DYNAMIC_OBS_INFO 1 -1.750000 34.978611 1.570796 35.189355 -1.750000 97.116303 8.127789 0.344815
STATIC_OBS_INFO 0 -6.300000 77.327002 15.261726 
STATIC_OBS_INFO 1 -6.300000 63.622885 1.848594 
CRASH -5.250000 62.101439 10.000000
NO_CANDIDATE
EGO_STATUS -5.250000 62.101439 10.100000 1.570796 0.093892 4.000000 0.000000
FAIL
DYNAMIC_OBS_INFO 0 -5.750000 58.270996 1.570796 207.774519 -5.750000 269.884746 27.444687 1.285709
DYNAMIC_OBS_INFO 1 -1.750000 34.978611 1.570796 35.990566 -1.750000 97.930806 8.162271 0.344815
STATIC_OBS_INFO 0 -6.300000 77.327002 15.252359 
STATIC_OBS_INFO 1 -6.300000 63.622885 1.840874 
CRASH -5.250000 62.110828 10.100000
NO_CANDIDATE
EGO_STATUS -5.250000 62.110828 10.200000 1.570796 0.093892 4.000000 0.000000
FAIL
DYNAMIC_OBS_INFO 0 -5.750000 58.270996 1.570796 210.516019 -5.750000 272.635643 27.573258 1.285709
DYNAMIC_OBS_INFO 1 -1.750000 34.978611 1.570796 36.795379 -1.750000 98.748757 8.196752 0.344815
STATIC_OBS_INFO 0 -6.300000 77.327002 15.242992 
STATIC_OBS_INFO 1 -6.300000 63.622885 1.833169 
CRASH -5.250000 62.120218 10.200000
NO_CANDIDATE
EGO_STATUS -5.250000 62.120218 10.300000 1.570796 0.093892 4.000000 0.000000
FAIL
DYNAMIC_OBS_INFO 0 -5.750000 58.270996 1.570796 213.270377 -5.750000 275.399397 27.701829 1.285709
DYNAMIC_OBS_INFO 1 -1.750000 34.978611 1.570796 37.603787 -1.750000 99.570157 8.231234 0.344815
STATIC_OBS_INFO 0 -6.300000 77.327002 15.233625 
STATIC_OBS_INFO 1 -6.300000 63.622885 1.825481 
CRASH -5.250000 62.129607 10.300000
NO_CANDIDATE
EGO_STATUS -5.250000 62.129607 10.400000 1.570796 0.093892 4.000000 0.000000
FAIL
DYNAMIC_OBS_INFO 0 -5.750000 58.270996 1.570796 216.037591 -5.750000 278.176009 27.830399 1.285709
DYNAMIC_OBS_INFO 1 -1.750000 34.978611 1.570796 38.415780 -1.750000 100.395004 8.265715 0.344815
STATIC_OBS_INFO 0 -6.300000 77.327002 15.224258 
STATIC_OBS_INFO 1 -6.300000 63.622885 1.817808 
CRASH -5.250000 62.138996 10.400000
NO_CANDIDATE
EGO_STATUS -5.250000 62.138996 10.500000 1.570796 0.093892 4.000000 0.000000
FAIL
DYNAMIC_OBS_INFO 0 -5.750000 58.270996 1.570796 218.817663 -5.750000 280.965477 27.958970 1.285709
DYNAMIC_OBS_INFO 1 -1.750000 34.978611 1.570796 39.231351 -1.750000 101.223300 8.300197 0.344815
STATIC_OBS_INFO 0 -6.300000 77.327002 15.214891 
STATIC_OBS_INFO 1 -6.300000 63.622885 1.810152 
CRASH -5.250000 62.148385 10.500000
NO_CANDIDATE
EGO_STATUS -5.250000 62.148385 10.600000 1.570796 0.093892 4.000000 0.000000
FAIL
DYNAMIC_OBS_INFO 0 -5.750000 58.270996 1.570796 221.610592 -5.750000 283.767803 28.087541 1.285709
DYNAMIC_OBS_INFO 1 -1.750000 34.978611 1.570796 40.050494 -1.750000 102.055043 8.334678 0.344815
STATIC_OBS_INFO 0 -6.300000 77.327002 15.205524 
STATIC_OBS_INFO 1 -6.300000 63.622885 1.802512 
CRASH -5.250000 62.157774 10.600000
NO_CANDIDATE
EGO_STATUS -5.250000 62.157774 10.700000 1.570796 0.093892 4.000000 0.000000
FAIL
DYNAMIC_OBS_INFO 0 -5.750000 58.270996 1.570796 224.416379 -5.750000 286.582986 28.216112 1.285709
DYNAMIC_OBS_INFO 1 -1.750000 34.978611 1.570796 40.873201 -1.750000 102.890235 8.369160 0.344815
STATIC_OBS_INFO 0 -6.300000 77.327002 15.196158 
STATIC_OBS_INFO 1 -6.300000 63.622885 1.794889 
CRASH -5.250000 62.167164 10.700000
NO_CANDIDATE
EGO_STATUS -5.250000 62.167164 10.800000 1.570796 0.093892 4.000000 0.000000
FAIL
DYNAMIC_OBS_INFO 0 -5.750000 58.270996 1.570796 227.235023 -5.750000 289.411025 28.344683 1.285709
DYNAMIC_OBS_INFO 1 -1.750000 34.978611 1.570796 41.699466 -1.750000 103.728875 8.403641 0.344815
STATIC_OBS_INFO 0 -6.300000 77.327002 15.186791 
STATIC_OBS_INFO 1 -6.300000 63.622885 1.787282 
CRASH -5.250000 62.176553 10.800000
NO_CANDIDATE
EGO_STATUS -5.250000 62.176553 10.900000 1.570796 0.093892 4.000000 0.000000
FAIL
DYNAMIC_OBS_INFO 0 -5.750000 58.270996 1.570796 230.066523 -5.750000 292.251922 28.473254 1.285709
DYNAMIC_OBS_INFO 1 -1.750000 34.978611 1.570796 42.529284 -1.750000 104.570964 8.438123 0.344815
STATIC_OBS_INFO 0 -6.300000 77.327002 15.177424 
STATIC_OBS_INFO 1 -6.300000 63.622885 1.779693 
CRASH -5.250000 62.185942 10.900000
NO_CANDIDATE
EGO_STATUS -5.250000 62.185942 11.000000 1.570796 0.093892 4.000000 0.000000
FAIL
DYNAMIC_OBS_INFO 0 -5.750000 58.270996 1.570796 232.910881 -5.750000 295.105676 28.601825 1.285709
DYNAMIC_OBS_INFO 1 -1.750000 34.978611 1.570796 43.362650 -1.750000 105.416500 8.472604 0.344815
STATIC_OBS_INFO 0 -6.300000 77.327002 15.168057 
STATIC_OBS_INFO 1 -6.300000 63.622885 1.772120 
CRASH -5.250000 62.195331 11.000000
NO_CANDIDATE
EGO_STATUS -5.250000 62.195331 11.100000 1.570796 0.093892 4.000000 0.000000
FAIL
DYNAMIC_OBS_INFO 0 -5.750000 58.270996 1.570796 235.768097 -5.750000 297.972287 28.730396 1.285709
DYNAMIC_OBS_INFO 1 -1.750000 34.978611 1.570796 44.199558 -1.750000 106.265484 8.507086 0.344815
STATIC_OBS_INFO 0 -6.300000 77.327002 15.158691 
STATIC_OBS_INFO 1 -6.300000 63.622885 1.764565 
CRASH -5.250000 62.204721 11.100000
NO_CANDIDATE
EGO_STATUS -5.250000 62.204721 11.200000 1.570796 0.093892 4.000000 0.000000
FAIL
DYNAMIC_OBS_INFO 0 -5.750000 58.270996 1.570796 238.638169 -5.750000 300.851755 28.858967 1.285709
DYNAMIC_OBS_INFO 1 -1.750000 34.978611 1.570796 45.040003 -1.750000 107.117917 8.541567 0.344815
STATIC_OBS_INFO 0 -6.300000 77.327002 15.149324 
STATIC_OBS_INFO 1 -6.300000 63.622885 1.757028 
CRASH -5.250000 62.214110 11.200000
NO_CANDIDATE
EGO_STATUS -5.250000 62.214110 11.300000 1.570796 0.093892 4.000000 0.000000
FAIL
DYNAMIC_OBS_INFO 0 -5.750000 58.270996 1.570796 241.521099 -5.750000 303.744080 28.987537 1.285709
DYNAMIC_OBS_INFO 1 -1.750000 34.978611 1.570796 45.883982 -1.750000 107.973798 8.576049 0.344815
STATIC_OBS_INFO 0 -6.300000 77.327002 15.139958 
STATIC_OBS_INFO 1 -6.300000 63.622885 1.749509 
CRASH -5.250000 62.223499 11.300000
NO_CANDIDATE
EGO_STATUS -5.250000 62.223499 11.400000 1.570796 0.093892 4.000000 0.000000
FAIL
DYNAMIC_OBS_INFO 0 -5.750000 58.270996 1.570796 244.416886 -5.750000 306.649263 29.116108 1.285709
DYNAMIC_OBS_INFO 1 -1.750000 34.978611 1.570796 46.731491 -1.750000 108.833127 8.610530 0.344815
STATIC_OBS_INFO 0 -6.300000 77.327002 15.130591 
STATIC_OBS_INFO 1 -6.300000 63.622885 1.742008 
CRASH -5.250000 62.232888 11.400000
NO_CANDIDATE
EGO_STATUS -5.250000 62.232888 11.500000 1.570796 0.093892 4.000000 0.000000
FAIL
DYNAMIC_OBS_INFO 0 -5.750000 58.270996 1.570796 247.325530 -5.750000 309.567302 29.244679 1.285709
DYNAMIC_OBS_INFO 1 -1.750000 34.978611 1.570796 47.582525 -1.750000 109.695904 8.645012 0.344815
STATIC_OBS_INFO 0 -6.300000 77.327002 15.121224 
STATIC_OBS_INFO 1 -6.300000 63.622885 1.734525 
CRASH -5.250000 62.242277 11.500000
NO_CANDIDATE
EGO_STATUS -5.250000 62.242277 11.600000 1.570796 0.093892 4.000000 0.000000
FAIL
DYNAMIC_OBS_INFO 0 -5.750000 58.270996 1.570796 250.247032 -5.750000 312.498199 29.373250 1.285709
DYNAMIC_OBS_INFO 1 -1.750000 34.978611 1.570796 48.437081 -1.750000 110.562129 8.679493 0.344815
STATIC_OBS_INFO 0 -6.300000 77.327002 15.111858 
STATIC_OBS_INFO 1 -6.300000 63.622885 1.727061 
CRASH -5.250000 62.251667 11.600000
NO_CANDIDATE
EGO_STATUS -5.250000 62.251667 11.700000 1.570796 0.093892 4.000000 0.000000
FAIL
DYNAMIC_OBS_INFO 0 -5.750000 58.270996 1.570796 253.181390 -5.750000 315.441952 29.501821 1.285709
DYNAMIC_OBS_INFO 1 -1.750000 34.978611 1.570796 49.295155 -1.750000 111.431803 8.713975 0.344815
STATIC_OBS_INFO 0 -6.300000 77.327002 15.102491 
STATIC_OBS_INFO 1 -6.300000 63.622885 1.719616 
CRASH -5.250000 62.261056 11.700000
NO_CANDIDATE
EGO_STATUS -5.250000 62.261056 11.800000 1.570796 0.093892 4.000000 0.000000
FAIL
DYNAMIC_OBS_INFO 0 -5.750000 58.270996 1.570796 256.128606 -5.750000 318.398563 29.630392 1.285709
DYNAMIC_OBS_INFO 1 -1.750000 34.978611 1.570796 50.156745 -1.750000 112.304924 8.748456 0.344815
STATIC_OBS_INFO 0 -6.300000 77.327002 15.093125 
STATIC_OBS_INFO 1 -6.300000 63.622885 1.712190 
CRASH -5.250000 62.270445 11.800000
NO_CANDIDATE
EGO_STATUS -5.250000 62.270445 11.900000 1.570796 0.093892 4.000000 0.000000
FAIL
DYNAMIC_OBS_INFO 0 -5.750000 58.270996 1.570796 259.088679 -5.750000 321.368031 29.758963 1.285709
DYNAMIC_OBS_INFO 1 -1.750000 34.978611 1.570796 51.021848 -1.750000 113.181494 8.782938 0.344815
STATIC_OBS_INFO 0 -6.300000 77.327002 15.083758 
STATIC_OBS_INFO 1 -6.300000 63.622885 1.704783 
CRASH -5.250000 62.279834 11.900000
NO_CANDIDATE
EGO_STATUS -5.250000 62.279834 12.000000 1.570796 0.093892 4.000000 0.000000
FAIL
DYNAMIC_OBS_INFO 0 -5.750000 58.270996 1.570796 262.061609 -5.750000 324.350355 29.887534 1.285709
DYNAMIC_OBS_INFO 1 -1.750000 34.978611 1.570796 51.890460 -1.750000 114.061512 8.817419 0.344815
STATIC_OBS_INFO 0 -6.300000 77.327002 15.074392 
STATIC_OBS_INFO 1 -6.300000 63.622885 1.697396 
CRASH -5.250000 62.289223 12.000000
NO_CANDIDATE
EGO_STATUS -5.250000 62.289223 12.100000 1.570796 0.093892 4.000000 0.000000
FAIL
DYNAMIC_OBS_INFO 0 -5.750000 58.270996 1.570796 265.047396 -5.750000 327.345537 30.016105 1.285709
DYNAMIC_OBS_INFO 1 -1.750000 34.978611 1.570796 52.762579 -1.750000 114.944978 8.851901 0.344815
STATIC_OBS_INFO 0 -6.300000 77.327002 15.065026 
STATIC_OBS_INFO 1 -6.300000 63.622885 1.690029 
CRASH -5.250000 62.298613 12.100000
NO_CANDIDATE
EGO_STATUS -5.250000 62.298613 12.200000 1.570796 0.093892 4.000000 0.000000
FAIL
DYNAMIC_OBS_INFO 0 -5.750000 58.270996 1.570796 268.046041 -5.750000 330.353576 30.144676 1.285709
DYNAMIC_OBS_INFO 1 -1.750000 34.978611 1.570796 53.638203 -1.750000 115.831892 8.886382 0.344815
STATIC_OBS_INFO 0 -6.300000 77.327002 15.055659 
STATIC_OBS_INFO 1 -6.300000 63.622885 1.682682 
CRASH -5.250000 62.308002 12.200000
NO_CANDIDATE
EGO_STATUS -5.250000 62.308002 12.300000 1.570796 0.093892 4.000000 0.000000
FAIL
DYNAMIC_OBS_INFO 0 -5.750000 58.270996 1.570796 271.057543 -5.750000 333.374472 30.273246 1.285709
DYNAMIC_OBS_INFO 1 -1.750000 34.978611 1.570796 54.517329 -1.750000 116.722254 8.920864 0.344815
STATIC_OBS_INFO 0 -6.300000 77.327002 15.046293 
STATIC_OBS_INFO 1 -6.300000 63.622885 1.675355 
CRASH -5.250000 62.317391 12.300000
NO_CANDIDATE
EGO_STATUS -5.250000 62.317391 12.400000 1.570796 0.093892 4.000000 0.000000
FAIL
DYNAMIC_OBS_INFO 0 -5.750000 58.270996 1.570796 274.081901 -5.750000 336.408226 30.401817 1.285709
DYNAMIC_OBS_INFO 1 -1.750000 34.978611 1.570796 55.399955 -1.750000 117.616065 8.955345 0.344815
STATIC_OBS_INFO 0 -6.300000 77.327002 15.036927 
STATIC_OBS_INFO 1 -6.300000 63.622885 1.668049 
CRASH -5.250000 62.326780 12.400000
NO_CANDIDATE
EGO_STATUS -5.250000 62.326780 12.500000 1.570796 0.093892 4.000000 0.000000
FAIL
DYNAMIC_OBS_INFO 0 -5.750000 58.270996 1.570796 277.119117 -5.750000 339.454836 30.530388 1.285709
DYNAMIC_OBS_INFO 1 -1.750000 34.978611 1.570796 56.286078 -1.750000 118.513323 8.989827 0.344815
STATIC_OBS_INFO 0 -6.300000 77.327002 15.027560 
STATIC_OBS_INFO 1 -6.300000 63.622885 1.660764 
CRASH -5.250000 62.336169 12.500000
NO_CANDIDATE
EGO_STATUS -5.250000 62.336169 12.600000 1.570796 0.093892 4.000000 0.000000
FAIL
DYNAMIC_OBS_INFO 0 -5.750000 58.270996 1.570796 280.169191 -5.750000 342.514303 30.658959 1.285709
DYNAMIC_OBS_INFO 1 -1.750000 34.978611 1.570796 57.175698 -1.750000 119.414030 9.024308 0.344815
STATIC_OBS_INFO 0 -6.300000 77.327002 15.018194 
STATIC_OBS_INFO 1 -6.300000 63.622885 1.653500 
CRASH -5.250000 62.345559 12.600000
NO_CANDIDATE
EGO_STATUS -5.250000 62.345559 12.700000 1.570796 0.093892 4.000000 0.000000
FAIL
DYNAMIC_OBS_INFO 0 -5.750000 58.270996 1.570796 283.232121 -5.750000 345.586628 30.787530 1.285709
DYNAMIC_OBS_INFO 1 -1.750000 34.978611 1.570796 58.068811 -1.750000 120.318185 9.058790 0.344815
STATIC_OBS_INFO 0 -6.300000 77.327002 15.008828 
STATIC_OBS_INFO 1 -6.300000 63.622885 1.646258 
CRASH -5.250000 62.354948 12.700000
NO_CANDIDATE
EGO_STATUS -5.250000 62.354948 12.800000 1.570796 0.093892 4.000000 0.000000
FAIL
DYNAMIC_OBS_INFO 0 -5.750000 58.270996 1.570796 286.307909 -5.750000 348.671809 30.916101 1.285709
DYNAMIC_OBS_INFO 1 -1.750000 34.978611 1.570796 58.965417 -1.750000 121.225788 9.093271 0.344815
STATIC_OBS_INFO 0 -6.300000 77.327002 14.999462 
STATIC_OBS_INFO 1 -6.300000 63.622885 1.639037 
CRASH -5.250000 62.364337 12.800000
NO_CANDIDATE
EGO_STATUS -5.250000 62.364337 12.900000 1.570796 0.093892 4.000000 0.000000
FAIL
DYNAMIC_OBS_INFO 0 -5.750000 58.270996 1.570796 289.396553 -5.750000 351.769848 31.044672 1.285709
DYNAMIC_OBS_INFO 1 -1.750000 34.978611 1.570796 59.865513 -1.750000 122.136839 9.127753 0.344815
STATIC_OBS_INFO 0 -6.300000 77.327002 14.990096 
STATIC_OBS_INFO 1 -6.300000 63.622885 1.631839 
CRASH -5.250000 62.373726 12.900000
NO_CANDIDATE
EGO_STATUS -5.250000 62.373726 13.000000 1.570796 0.093892 4.000000 0.000000
FAIL
DYNAMIC_OBS_INFO 0 -5.750000 58.270996 1.570796 292.498055 -5.750000 354.880744 31.173243 1.285709
DYNAMIC_OBS_INFO 1 -1.750000 34.978611 1.570796 60.769098 -1.750000 123.051339 9.162235 0.344815
STATIC_OBS_INFO 0 -6.300000 77.327002 14.980729 
STATIC_OBS_INFO 1 -6.300000 63.622885 1.624663 
CRASH -5.250000 62.383116 13.000000
NO_CANDIDATE
EGO_STATUS -5.250000 62.383116 13.100000 1.570796 0.093892 4.000000 0.000000
FAIL
DYNAMIC_OBS_INFO 0 -5.750000 58.270996 1.570796 295.612415 -5.750000 358.004496 31.301814 1.285709
DYNAMIC_OBS_INFO 1 -1.750000 34.978611 1.570796 61.676170 -1.750000 123.969286 9.196716 0.344815
STATIC_OBS_INFO 0 -6.300000 77.327002 14.971363 
STATIC_OBS_INFO 1 -6.300000 63.622885 1.617509 
CRASH -5.250000 62.392505 13.100000
NO_CANDIDATE
EGO_STATUS -5.250000 62.392505 13.200000 1.570796 0.093892 4.000000 0.000000
FAIL
DYNAMIC_OBS_INFO 0 -5.750000 58.270996 1.570796 298.739631 -5.750000 361.141106 31.430385 1.285709
DYNAMIC_OBS_INFO 1 -1.750000 34.978611 1.570796 62.586729 -1.750000 124.890682 9.231198 0.344815
STATIC_OBS_INFO 0 -6.300000 77.327002 14.961997 
STATIC_OBS_INFO 1 -6.300000 63.622885 1.610379 
CRASH -5.250000 62.401894 13.200000
NO_CANDIDATE
EGO_STATUS -5.250000 62.401894 13.300000 1.570796 0.093892 4.000000 0.000000
FAIL
DYNAMIC_OBS_INFO 0 -5.750000 58.270996 1.570796 301.879704 -5.750000 364.290573 31.558955 1.285709
DYNAMIC_OBS_INFO 1 -1.750000 34.978611 1.570796 63.500771 -1.750000 125.815526 9.265679 0.344815
STATIC_OBS_INFO 0 -6.300000 77.327002 14.952631 
STATIC_OBS_INFO 1 -6.300000 63.622885 1.603272 
CRASH -5.250000 62.411283 13.300000
NO_CANDIDATE
EGO_STATUS -5.250000 62.411283 13.400000 1.570796 0.093892 4.000000 0.000000
FAIL
DYNAMIC_OBS_INFO 0 -5.750000 58.270996 1.570796 305.032635 -5.750000 367.452897 31.687526 1.285709
DYNAMIC_OBS_INFO 1 -1.750000 34.978611 1.570796 64.418297 -1.750000 126.743818 9.300161 0.344815
STATIC_OBS_INFO 0 -6.300000 77.327002 14.943265 
STATIC_OBS_INFO 1 -6.300000 63.622885 1.596188 
CRASH -5.250000 62.420672 13.400000
NO_CANDIDATE
EGO_STATUS -5.250000 62.420672 13.500000 1.570796 0.093892 4.000000 0.000000
FAIL
DYNAMIC_OBS_INFO 0 -5.750000 58.270996 1.570796 308.198423 -5.750000 370.628079 31.816097 1.285709
DYNAMIC_OBS_INFO 1 -1.750000 34.978611 1.570796 65.339305 -1.750000 127.675558 9.334642 0.344815
STATIC_OBS_INFO 0 -6.300000 77.327002 14.933899 
STATIC_OBS_INFO 1 -6.300000 63.622885 1.589128 
CRASH -5.250000 62.430062 13.500000
NO_CANDIDATE
EGO_STATUS -5.250000 62.430062 13.600000 1.570796 0.093892 4.000000 0.000000
FAIL
DYNAMIC_OBS_INFO 0 -5.750000 58.270996 1.570796 311.377067 -5.750000 373.816117 31.944668 1.285709
DYNAMIC_OBS_INFO 1 -1.750000 34.978611 1.570796 66.263793 -1.750000 128.610746 9.369124 0.344815
STATIC_OBS_INFO 0 -6.300000 77.327002 14.924533 
STATIC_OBS_INFO 1 -6.300000 63.622885 1.582093 
CRASH -5.250000 62.439451 13.600000
NO_CANDIDATE
EGO_STATUS -5.250000 62.439451 13.700000 1.570796 0.093892 4.000000 0.000000
FAIL
DYNAMIC_OBS_INFO 0 -5.750000 58.270996 1.570796 314.568570 -5.750000 377.017012 32.073239 1.285709
DYNAMIC_OBS_INFO 1 -1.750000 34.978611 1.570796 67.191761 -1.750000 129.549382 9.403605 0.344815
STATIC_OBS_INFO 0 -6.300000 77.327002 14.915167 
STATIC_OBS_INFO 1 -6.300000 63.622885 1.575082 
CRASH -5.250000 62.448840 13.700000
NO_CANDIDATE
EGO_STATUS -5.250000 62.448840 13.800000 1.570796 0.093892 4.000000 0.000000
FAIL
DYNAMIC_OBS_INFO 0 -5.750000 58.270996 1.570796 317.772929 -5.750000 380.230765 32.201810 1.285709
DYNAMIC_OBS_INFO 1 -1.750000 34.978611 1.570796 68.123208 -1.750000 130.491467 9.438087 0.344815
STATIC_OBS_INFO 0 -6.300000 77.327002 14.905801 
STATIC_OBS_INFO 1 -6.300000 63.622885 1.568096 
CRASH -5.250000 62.458229 13.800000
NO_CANDIDATE
EGO_STATUS -5.250000 62.458229 13.900000 1.570796 0.093892 4.000000 0.000000
FAIL
DYNAMIC_OBS_INFO 0 -5.750000 58.270996 1.570796 320.990145 -5.750000 383.457374 32.330381 1.285709
DYNAMIC_OBS_INFO 1 -1.750000 34.978611 1.570796 69.058132 -1.750000 131.437000 9.472568 0.344815
STATIC_OBS_INFO 0 -6.300000 77.327002 14.896435 
STATIC_OBS_INFO 1 -6.300000 63.622885 1.561135 
CRASH -5.250000 62.467618 13.900000
NO_CANDIDATE
EGO_STATUS -5.250000 62.467618 14.000000 1.570796 0.093892 4.000000 0.000000
FAIL
DYNAMIC_OBS_INFO 0 -5.750000 58.270996 1.570796 324.220219 -5.750000 386.696841 32.458952 1.285709
DYNAMIC_OBS_INFO 1 -1.750000 34.978611 1.570796 69.996532 -1.750000 132.385981 9.507050 0.344815
STATIC_OBS_INFO 0 -6.300000 77.327002 14.887070 
STATIC_OBS_INFO 1 -6.300000 63.622885 1.554199 
CRASH -5.250000 62.477008 14.000000
NO_CANDIDATE
EGO_STATUS -5.250000 62.477008 14.100000 1.570796 0.093892 4.000000 0.000000
FAIL
DYNAMIC_OBS_INFO 0 -5.750000 58.270996 1.570796 327.463149 -5.750000 389.949165 32.587523 1.285709
DYNAMIC_OBS_INFO 1 -1.750000 34.978611 1.570796 70.938408 -1.750000 133.338410 9.541531 0.344815
STATIC_OBS_INFO 0 -6.300000 77.327002 14.877704 
STATIC_OBS_INFO 1 -6.300000 63.622885 1.547290 
CRASH -5.250000 62.486397 14.100000
NO_CANDIDATE
EGO_STATUS -5.250000 62.486397 14.200000 1.570796 0.093892 4.000000 0.000000
FAIL
DYNAMIC_OBS_INFO 0 -5.750000 58.270996 1.570796 330.718937 -5.750000 393.214345 32.716093 1.285709
DYNAMIC_OBS_INFO 1 -1.750000 34.978611 1.570796 71.883758 -1.750000 134.294287 9.576013 0.344815
STATIC_OBS_INFO 0 -6.300000 77.327002 14.868338 
STATIC_OBS_INFO 1 -6.300000 63.622885 1.540407 
CRASH -5.250000 62.495786 14.200000
NO_CANDIDATE
EGO_STATUS -5.250000 62.495786 14.300000 1.570796 0.093892 4.000000 0.000000
FAIL
DYNAMIC_OBS_INFO 0 -5.750000 58.270996 1.570796 333.987582 -5.750000 396.492383 32.844664 1.285709
DYNAMIC_OBS_INFO 1 -1.750000 34.978611 1.570796 72.832583 -1.750000 135.253612 9.610494 0.344815
STATIC_OBS_INFO 0 -6.300000 77.327002 14.858972 
STATIC_OBS_INFO 1 -6.300000 63.622885 1.533550 
CRASH -5.250000 62.505175 14.300000
NO_CANDIDATE
EGO_STATUS -5.250000 62.505175 14.400000 1.570796 0.093892 4.000000 0.000000
FAIL
DYNAMIC_OBS_INFO 0 -5.750000 58.270996 1.570796 337.269084 -5.750000 399.783278 32.973235 1.285709
DYNAMIC_OBS_INFO 1 -1.750000 34.978611 1.570796 73.784880 -1.750000 136.216386 9.644976 0.344815
STATIC_OBS_INFO 0 -6.300000 77.327002 14.849607 
STATIC_OBS_INFO 1 -6.300000 63.622885 1.526720 
CRASH -5.250000 62.514565 14.400000
NO_CANDIDATE
EGO_STATUS -5.250000 62.514565 14.500000 1.570796 0.093892 4.000000 0.000000
FAIL
DYNAMIC_OBS_INFO 0 -5.750000 58.270996 1.570796 340.563444 -5.750000 403.087030 33.101806 1.285709
DYNAMIC_OBS_INFO 1 -1.750000 34.978611 1.570796 74.740649 -1.750000 137.182607 9.679457 0.344815
STATIC_OBS_INFO 0 -6.300000 77.327002 14.840241 
STATIC_OBS_INFO 1 -6.300000 63.622885 1.519918 
CRASH -5.250000 62.523954 14.500000
NO_CANDIDATE
EGO_STATUS -5.250000 62.523954 14.600000 1.570796 0.093892 4.000000 0.000000
FAIL
DYNAMIC_OBS_INFO 0 -5.750000 58.270996 1.570796 343.870660 -5.750000 406.403639 33.230377 1.285709
DYNAMIC_OBS_INFO 1 -1.750000 34.978611 1.570796 75.699889 -1.750000 138.152277 9.713939 0.344815
STATIC_OBS_INFO 0 -6.300000 77.327002 14.830875 
STATIC_OBS_INFO 1 -6.300000 63.622885 1.513143 
CRASH -5.250000 62.533343 14.600000
NO_CANDIDATE
EGO_STATUS -5.250000 62.533343 14.700000 1.570796 0.093892 4.000000 0.000000
FAIL
DYNAMIC_OBS_INFO 0 -5.750000 58.270996 1.570796 347.190734 -5.750000 409.733106 33.358948 1.285709
DYNAMIC_OBS_INFO 1 -1.750000 34.978611 1.570796 76.662600 -1.750000 139.125395 9.748420 0.344815
STATIC_OBS_INFO 0 -6.300000 77.327002 14.821510 
STATIC_OBS_INFO 1 -6.300000 63.622885 1.506397 
CRASH -5.250000 62.542732 14.700000
NO_CANDIDATE
EGO_STATUS -5.250000 62.542732 14.800000 1.570796 0.093892 4.000000 0.000000
FAIL
DYNAMIC_OBS_INFO 0 -5.750000 58.270996 1.570796 350.523664 -5.750000 413.075429 33.487519 1.285709
DYNAMIC_OBS_INFO 1 -1.750000 34.978611 1.570796 77.628781 -1.750000 140.101961 9.782902 0.344815
STATIC_OBS_INFO 0 -6.300000 77.327002 14.812144 
STATIC_OBS_INFO 1 -6.300000 63.622885 1.499678 
CRASH -5.250000 62.552121 14.800000
NO_CANDIDATE
EGO_STATUS -5.250000 62.552121 14.900000 1.570796 0.093892 4.000000 0.000000
FAIL
DYNAMIC_OBS_INFO 0 -5.750000 58.270996 1.570796 353.869452 -5.750000 416.430609 33.616090 1.285709
DYNAMIC_OBS_INFO 1 -1.750000 34.978611 1.570796 78.598431 -1.750000 141.081975 9.817383 0.344815
STATIC_OBS_INFO 0 -6.300000 77.327002 14.802778 
STATIC_OBS_INFO 1 -6.300000 63.622885 1.492989 
CRASH -5.250000 62.561511 14.900000
NO_CANDIDATE
EGO_STATUS -5.250000 62.561511 15.000000 1.570796 0.093892 4.000000 0.000000
FAIL
DYNAMIC_OBS_INFO 0 -5.750000 58.270996 1.570796 357.228097 -5.750000 419.798647 33.744661 1.285709
DYNAMIC_OBS_INFO 1 -1.750000 34.978611 1.570796 79.571550 -1.750000 142.065438 9.851865 0.344815
STATIC_OBS_INFO 0 -6.300000 77.327002 14.793413 
STATIC_OBS_INFO 1 -6.300000 63.622885 1.486329 
CRASH -5.250000 62.570900 15.000000
NO_CANDIDATE
EGO_STATUS -5.250000 62.570900 15.100000 1.570796 0.093892 4.000000 0.000000
FAIL
DYNAMIC_OBS_INFO 0 -5.750000 58.270996 1.570796 360.599599 -5.750000 423.179542 33.873232 1.285709
DYNAMIC_OBS_INFO 1 -1.750000 34.978611 1.570796 80.548137 -1.750000 143.052348 9.886346 0.344815
STATIC_OBS_INFO 0 -6.300000 77.327002 14.784047 
STATIC_OBS_INFO 1 -6.300000 63.622885 1.479698 
CRASH -5.250000 62.580289 15.100000
NO_CANDIDATE
EGO_STATUS -5.250000 62.580289 15.200000 1.570796 0.093892 4.000000 0.000000
FAIL
DYNAMIC_OBS_INFO 0 -5.750000 58.270996 1.570796 363.983959 -5.750000 426.573293 34.001802 1.285709
DYNAMIC_OBS_INFO 1 -1.750000 34.978611 1.570796 81.528191 -1.750000 144.042707 9.920828 0.344815
STATIC_OBS_INFO 0 -6.300000 77.327002 14.774682 
STATIC_OBS_INFO 1 -6.300000 63.622885 1.473098 
CRASH -5.250000 62.589678 15.200000
NO_CANDIDATE
EGO_STATUS -5.250000 62.589678 15.300000 1.570796 0.093892 4.000000 0.000000
FAIL
DYNAMIC_OBS_INFO 0 -5.750000 58.270996 1.570796 367.381175 -5.750000 429.979902 34.130373 1.285709
DYNAMIC_OBS_INFO 1 -1.750000 34.978611 1.570796 82.511712 -1.750000 145.036514 9.955309 0.344815
STATIC_OBS_INFO 0 -6.300000 77.327002 14.765316 
STATIC_OBS_INFO 1 -6.300000 63.622885 1.466528 
CRASH -5.250000 62.599067 15.300000
NO_CANDIDATE
EGO_STATUS -5.250000 62.599067 15.400000 1.570796 0.093892 4.000000 0.000000
FAIL
DYNAMIC_OBS_INFO 0 -5.750000 58.270996 1.570796 370.791248 -5.750000 433.399368 34.258944 1.285709
DYNAMIC_OBS_INFO 1 -1.750000 34.978611 1.570796 83.498699 -1.750000 146.033769 9.989791 0.344815
STATIC_OBS_INFO 0 -6.300000 77.327002 14.755951 
STATIC_OBS_INFO 1 -6.300000 63.622885 1.459988 
CRASH -5.250000 62.608457 15.400000
NO_CANDIDATE
EGO_STATUS -5.250000 62.608457 15.500000 1.570796 0.093892 4.000000 0.000000
FAIL
DYNAMIC_OBS_INFO 0 -5.750000 58.270996 1.570796 374.214179 -5.750000 436.831691 34.387515 1.285709
DYNAMIC_OBS_INFO 1 -1.750000 34.978611 1.570796 84.489152 -1.750000 147.034472 10.024272 0.344815
STATIC_OBS_INFO 0 -6.300000 77.327002 14.746586 
STATIC_OBS_INFO 1 -6.300000 63.622885 1.453480 
CRASH -5.250000 62.617846 15.500000
NO_CANDIDATE
EGO_STATUS -5.250000 62.617846 15.600000 1.570796 0.093892 4.000000 0.000000
FAIL
DYNAMIC_OBS_INFO 0 -5.750000 58.270996 1.570796 377.649967 -5.750000 440.276871 34.516086 1.285709
DYNAMIC_OBS_INFO 1 -1.750000 34.978611 1.570796 85.483070 -1.750000 148.038624 10.058754 0.344815
STATIC_OBS_INFO 0 -6.300000 77.327002 14.737220 
STATIC_OBS_INFO 1 -6.300000 63.622885 1.447004 
CRASH -5.250000 62.627235 15.600000
NO_CANDIDATE
EGO_STATUS -5.250000 62.627235 15.700000 1.570796 0.093892 4.000000 0.000000
FAIL
DYNAMIC_OBS_INFO 0 -5.750000 58.270996 1.570796 381.098612 -5.750000 443.734908 34.644657 1.285709
DYNAMIC_OBS_INFO 1 -1.750000 34.978611 1.570796 86.480453 -1.750000 149.046223 10.093235 0.344815
STATIC_OBS_INFO 0 -6.300000 77.327002 14.727855 
STATIC_OBS_INFO 1 -6.300000 63.622885 1.440559 
CRASH -5.250000 62.636624 15.700000
NO_CANDIDATE
EGO_STATUS -5.250000 62.636624 15.800000 1.570796 0.093892 4.000000 0.000000
FAIL
DYNAMIC_OBS_INFO 0 -5.750000 58.270996 1.570796 384.560114 -5.750000 447.205802 34.773228 1.285709
DYNAMIC_OBS_INFO 1 -1.750000 34.978611 1.570796 87.481300 -1.750000 150.057271 10.127717 0.344815
STATIC_OBS_INFO 0 -6.300000 77.327002 14.718490 
STATIC_OBS_INFO 1 -6.300000 63.622885 1.434147 
CRASH -5.250000 62.646013 15.800000
NO_CANDIDATE
EGO_STATUS -5.250000 62.646013 15.900000 1.570796 0.093892 4.000000 0.000000
FAIL
DYNAMIC_OBS_INFO 0 -5.750000 58.270996 1.570796 388.034473 -5.750000 450.689554 34.901799 1.285709
DYNAMIC_OBS_INFO 1 -1.750000 34.978611 1.570796 88.485611 -1.750000 151.071766 10.162198 0.344815
STATIC_OBS_INFO 0 -6.300000 77.327002 14.709124 
STATIC_OBS_INFO 1 -6.300000 63.622885 1.427768 
CRASH -5.250000 62.655403 15.900000
TIMEOUT
