STATIC_OBS_INIT_INFO 0 -6.300000 77.953805
STATIC_OBS_INIT_INFO 1 -6.300000 63.459313
Parent: -28.528232 10.000000 101.000000 0.000000 15.150000 17.813048 -10.000000 2.158720 40.000000 0.000000 0 0 0 0 0 0 0 0
Child: 17.813048 24.531737 247.000000 11.688173 268.350000 0.000000 -10.000000 0.000000 0.000000 0.000000 0 0 0 0 0 0 0 0
EGO_STATUS -5.750000 13.476992 0.000000 1.570796 15.996396 4.000000 0.000000
DYNAMIC_OBS_INFO 0 -5.750000 36.722037 1.570796 21.645405 -5.750000 36.722037 10.619212 1.275269
DYNAMIC_OBS_INFO 1 -1.750000 35.040035 1.570796 20.360191 -1.750000 35.040035 6.440907 0.993806
STATIC_OBS_INFO 0 -6.300000 77.953805 62.879578 
STATIC_OBS_INFO 1 -6.300000 63.459313 48.385808 
Parent: -47.136686 10.000000 102.000000 0.000000 15.300000 6.679453 -10.000000 2.683861 48.000000 0.000000 0 0 0 0 0 0 0 0
Child: 6.679453 10.000000 101.000000 0.000000 15.150000 15.179453 -10.000000 0.000000 0.000000 0.000000 0 0 0 0 0 0 0 0
Child: 15.179453 22.932098 231.000000 11.688101 241.950000 0.000000 -10.000000 0.000000 0.000000 0.000000 0 0 0 0 0 0 0 0
EGO_STATUS -5.749989 15.076632 0.100000 1.570763 15.996396 4.000000 0.000000
DYNAMIC_OBS_INFO 0 -5.750000 36.722037 1.570796 21.114063 -5.750000 37.790335 10.746739 1.275269
DYNAMIC_OBS_INFO 1 -1.750000 35.040035 1.570796 18.794288 -1.750000 35.040035 6.440907 0.993806
STATIC_OBS_INFO 0 -6.300000 77.953805 61.280004 
STATIC_OBS_INFO 1 -6.300000 63.459313 46.786278 
Parent: -48.839646 10.000000 102.000000 0.000000 15.300000 4.076494 -10.000000 2.583861 47.000000 0.000000 0 0 0 0 0 0 0 0
Child: 4.076494 10.000000 101.000000 0.000000 15.150000 12.576494 -10.000000 0.000000 0.000000 0.000000 0 0 0 0 0 0 0 0
Child: 12.576494 21.332458 215.000000 11.688059 215.850000 0.000000 -10.000000 0.000000 0.000000 0.000000 0 0 0 0 0 0 0 0
EGO_STATUS -5.749685 16.676272 0.200000 1.570328 15.996396 4.000000 0.000000
DYNAMIC_OBS_INFO 0 -5.750000 36.722037 1.570796 20.595475 -5.750000 38.871385 10.874266 1.275269
DYNAMIC_OBS_INFO 1 -1.750000 35.040035 1.570796 17.234239 -1.750000 35.040035 6.440907 0.993806
STATIC_OBS_INFO 0 -6.300000 77.953805 59.680449 
STATIC_OBS_INFO 1 -6.300000 63.459313 45.186776 
Parent: -49.571312 10.000000 102.000000 0.000000 15.300000 1.444828 -10.000000 2.483861 45.000000 0.000000 0 0 0 0 0 0 0 0
Child: 1.444828 10.000000 101.000000 0.000000 15.150000 9.944828 -10.000000 0.000000 0.000000 0.000000 0 0 0 0 0 0 0 0
Child: 9.944828 19.732819 199.000000 11.688051 189.450000 0.000000 -10.000000 0.000000 0.000000 0.000000 0 0 0 0 0 0 0 0
EGO_STATUS -5.747889 18.275910 0.300000 1.568768 15.996396 4.000000 0.000000
DYNAMIC_OBS_INFO 0 -5.750000 36.722037 1.570796 20.089651 -5.750000 39.965188 11.001793 1.275269
DYNAMIC_OBS_INFO 1 -1.750000 35.040035 1.570796 15.681190 -1.750000 35.040035 6.440907 0.993806
STATIC_OBS_INFO 0 -6.300000 77.953805 58.080944 
STATIC_OBS_INFO 1 -6.300000 63.459313 43.587344 
Parent: -51.301620 10.000000 102.000000 0.000000 15.300000 -1.185481 -10.000000 2.383861 44.000000 0.000000 0 0 0 0 0 0 0 0
Child: -1.185481 10.000000 101.000000 0.000000 15.150000 7.314519 -10.000000 0.000000 0.000000 0.000000 0 0 0 0 0 0 0 0
Child: 7.314519 18.133180 183.000000 11.688078 163.050000 0.000000 -10.000000 0.000000 0.000000 0.000000 0 0 0 0 0 0 0 0
EGO_STATUS -5.742215 19.875539 0.400000 1.565383 15.996396 4.000000 0.000000
DYNAMIC_OBS_INFO 0 -5.750000 36.722037 1.570796 19.596629 -5.750000 41.071743 11.129320 1.275269
DYNAMIC_OBS_INFO 1 -1.750000 35.040035 1.570796 14.136561 -1.750000 35.040035 6.440907 0.993806
STATIC_OBS_INFO 0 -6.300000 77.953805 56.481562 
STATIC_OBS_INFO 1 -6.300000 63.459313 41.988066 
Parent: -52.030183 10.000000 102.000000 0.000000 15.300000 -3.814044 -10.000000 2.283861 42.000000 0.000000 0 0 0 0 0 0 0 0
Child: -3.814044 10.000000 101.000000 0.000000 15.150000 4.685956 -10.000000 0.000000 0.000000 0.000000 0 0 0 0 0 0 0 0
Child: 4.685956 16.533541 167.000000 11.688142 136.650000 0.000000 -10.000000 0.000000 0.000000 0.000000 0 0 0 0 0 0 0 0
EGO_STATUS -5.729393 21.475125 0.500000 1.559810 15.996396 4.000000 0.000000
DYNAMIC_OBS_INFO 0 -5.750000 36.722037 1.570796 19.116513 -5.750000 42.191052 11.256847 1.275269
DYNAMIC_OBS_INFO 1 -1.750000 35.040035 1.570796 12.602445 -1.750000 35.040035 6.440907 0.993806
STATIC_OBS_INFO 0 -6.300000 77.953805 54.882430 
STATIC_OBS_INFO 1 -6.300000 63.459313 40.389093 
Parent: -52.756446 10.000000 102.000000 0.000000 15.300000 -6.440307 -10.000000 2.183861 40.000000 0.000000 0 0 0 0 0 0 0 0
Child: -6.440307 10.000000 101.000000 0.000000 15.150000 2.059693 -10.000000 0.000000 0.000000 0.000000 0 0 0 0 0 0 0 0
Child: 2.059693 14.933902 151.000000 11.688241 110.250000 0.000000 -10.000000 0.000000 0.000000 0.000000 0 0 0 0 0 0 0 0
EGO_STATUS -5.705974 23.074589 0.600000 1.552210 15.996396 4.000000 0.000000
DYNAMIC_OBS_INFO 0 -5.750000 36.722037 1.570796 18.649486 -5.750000 43.323113 11.384373 1.275269
DYNAMIC_OBS_INFO 1 -1.750000 35.040035 1.570796 11.082387 -1.750000 35.040035 6.440907 0.993806
STATIC_OBS_INFO 0 -6.300000 77.953805 53.283736 
STATIC_OBS_INFO 1 -6.300000 63.459313 38.790640 
Parent: 269.617815 30.290952 304.000000 10.964931 3032.100000 11.331991 0.000000 4.070911 49.000000 0.000000 0 0 0 0 0 0 0 0
Child: 11.331991 13.334262 135.000000 27.278411 87.450000 0.000000 0.000000 0.000000 0.000000 0.000000 0 0 0 1 0 0 0 0
EGO_STATUS -5.669249 24.673802 0.700000 1.543345 15.996396 4.000000 0.000000
DYNAMIC_OBS_INFO 0 -5.750000 36.722037 1.570796 18.225181 -5.750000 44.467926 11.511900 1.275269
DYNAMIC_OBS_INFO 1 -1.750000 35.040035 1.570796 9.610155 -1.750000 35.040035 6.440907 0.993806
STATIC_OBS_INFO 0 -6.300000 77.953805 51.715071 
STATIC_OBS_INFO 1 -6.300000 63.459313 37.222325 
Parent: 259.354430 30.290952 304.000000 10.964897 3032.100000 -0.831399 0.000000 3.970919 47.000000 0.000000 0 0 0 0 0 0 0 0
Child: -0.831399 11.764049 119.000000 26.295584 66.450000 0.000000 -10.000000 0.000000 0.000000 0.000000 0 0 0 1 0 0 0 0
EGO_STATUS -5.619240 26.243214 0.800000 1.534680 15.408396 1.000000 -5.880000
DYNAMIC_OBS_INFO 0 -5.750000 36.722037 1.570796 17.873065 -5.750000 45.625493 11.639427 1.275269
DYNAMIC_OBS_INFO 1 -1.750000 35.040035 1.570796 8.222207 -1.750000 35.040035 6.440907 0.993806
STATIC_OBS_INFO 0 -6.300000 77.953805 50.205824 
STATIC_OBS_INFO 1 -6.300000 63.459313 35.713551 
Parent: 258.469197 30.290952 304.000000 10.964879 3032.100000 -2.616633 0.000000 3.870922 46.000000 0.000000 0 0 0 0 0 0 0 0
Child: -2.616633 10.252623 104.000000 26.294998 48.600000 0.000000 -10.000000 0.000000 0.000000 0.000000 0 0 0 1 0 0 0 0
EGO_STATUS -5.559240 27.753446 0.900000 1.527882 14.820396 1.000000 -5.880000
DYNAMIC_OBS_INFO 0 -5.750000 36.722037 1.570796 17.593101 -5.750000 46.795812 11.766954 1.275269
DYNAMIC_OBS_INFO 1 -1.750000 35.040035 1.570796 6.933177 -1.750000 35.040035 6.440907 0.993806
STATIC_OBS_INFO 0 -6.300000 77.953805 48.755894 
STATIC_OBS_INFO 1 -6.300000 63.459313 34.264223 
Parent: 258.871540 30.290952 304.000000 10.964832 3032.100000 -4.114296 0.000000 3.770933 44.000000 0.000000 0 0 0 0 0 0 0 0
Child: -4.114296 8.800019 90.000000 26.294571 33.900000 0.000000 -10.000000 0.000000 0.000000 0.000000 0 0 0 1 0 0 0 0
EGO_STATUS -5.493842 29.204576 1.000000 1.524219 14.232396 1.000000 -5.880000
DYNAMIC_OBS_INFO 0 -5.750000 36.722037 1.570796 17.384974 -5.750000 47.978884 11.894481 1.275269
DYNAMIC_OBS_INFO 1 -1.750000 35.040035 1.570796 5.768364 -1.750000 35.040035 6.440907 0.993806
STATIC_OBS_INFO 0 -6.300000 77.953805 47.364940 
STATIC_OBS_INFO 1 -6.300000 63.459313 32.873983 
Parent: 258.728500 30.290952 304.000000 10.964821 3032.100000 -5.157337 0.000000 3.670935 43.000000 0.000000 0 0 0 0 0 0 0 0
Child: -5.157337 7.406188 76.000000 26.293897 23.400000 0.000000 -10.000000 0.000000 0.000000 0.000000 0 0 0 1 0 0 0 0
EGO_STATUS -5.428641 30.596880 1.100000 1.524466 13.644396 1.000000 -5.880000
DYNAMIC_OBS_INFO 0 -5.750000 36.722037 1.570796 17.248355 -5.750000 49.174708 12.022008 1.275269
DYNAMIC_OBS_INFO 1 -1.750000 35.040035 1.570796 4.771548 -1.750000 35.040035 6.440907 0.993806
STATIC_OBS_INFO 0 -6.300000 77.953805 46.032659 
STATIC_OBS_INFO 1 -6.300000 63.459313 31.542492 
Parent: 258.858583 30.290952 304.000000 10.964770 3032.100000 -5.927260 0.000000 3.570946 42.000000 0.000000 0 0 0 0 0 0 0 0
Child: -5.927260 6.071188 62.000000 26.291510 15.300000 0.000000 -10.000000 0.000000 0.000000 0.000000 0 0 0 1 0 0 0 0
EGO_STATUS -5.369229 31.930557 1.200000 1.528760 13.056396 1.000000 -5.880000
DYNAMIC_OBS_INFO 0 -5.750000 36.722037 1.570796 17.182844 -5.750000 50.383285 12.149535 1.275269
DYNAMIC_OBS_INFO 1 -1.750000 35.040035 1.570796 4.013818 -1.750000 35.040035 6.440907 0.993806
STATIC_OBS_INFO 0 -6.300000 77.953805 44.758713 
STATIC_OBS_INFO 1 -6.300000 63.459313 30.269358 
Parent: -43.392283 10.000000 102.000000 0.000000 15.300000 -6.880909 -10.000000 1.988626 30.000000 0.000000 0 0 0 0 0 0 0 0
Child: -6.880909 10.000000 101.000000 0.000000 15.150000 1.619091 -10.000000 0.000000 0.000000 0.000000 0 0 0 0 0 0 0 0
Child: 1.619091 4.794982 49.000000 7.095513 9.450000 0.000000 0.000000 0.000000 0.000000 0.000000 0 0 0 0 0 0 0 0
EGO_STATUS -5.320207 33.205817 1.300000 1.536534 12.468396 1.000000 -5.880000
DYNAMIC_OBS_INFO 0 -5.750000 36.722037 1.570796 17.158835 -5.750000 51.604615 12.277061 1.275269
DYNAMIC_OBS_INFO 1 -1.750000 35.040035 1.570796 3.582282 -1.750000 35.040035 6.440907 0.993806
STATIC_OBS_INFO 0 -6.300000 77.953805 43.513558 
STATIC_OBS_INFO 1 -6.300000 63.459313 29.024994 
Parent: 246.571345 20.972423 211.000000 13.371832 2865.150000 -5.307420 0.000000 4.767017 39.000000 0.000000 0 0 0 0 0 0 0 0
Child: -5.307420 10.000000 101.000000 20.000000 15.150000 -8.787618 0.000000 0.000000 0.000000 0.000000 0 0 0 1 0 0 0 0
Child: -8.787618 3.548142 37.000000 7.092705 5.550000 0.000000 -10.000000 0.000000 0.000000 0.000000 0 0 0 0 0 0 0 0
EGO_STATUS -5.283709 34.452117 1.400000 1.546819 12.468396 4.000000 0.000000
DYNAMIC_OBS_INFO 0 -5.750000 36.722037 1.570796 17.146935 -5.750000 52.838697 12.404588 1.275269
DYNAMIC_OBS_INFO 1 -1.750000 35.040035 1.570796 3.572122 -1.750000 35.040035 6.440907 0.993806
STATIC_OBS_INFO 0 -6.300000 77.953805 42.267840 
STATIC_OBS_INFO 1 -6.300000 63.459313 27.780015 
Parent: 247.229737 20.972423 211.000000 13.371832 2865.150000 -5.549028 0.000000 4.667017 38.000000 0.000000 0 0 0 0 0 0 0 0
Child: -5.549028 10.000000 101.000000 20.000000 15.150000 -9.029226 0.000000 0.000000 0.000000 0.000000 0 0 0 1 0 0 0 0
Child: -9.029226 2.301303 25.000000 6.795913 3.750000 0.000000 -10.000000 0.000000 0.000000 0.000000 0 0 0 0 0 0 0 0
EGO_STATUS -5.260864 35.698740 1.500000 1.558073 12.468396 4.000000 0.000000
DYNAMIC_OBS_INFO 0 -5.750000 36.722037 1.570796 17.147250 -5.750000 54.085533 12.532115 1.275269
DYNAMIC_OBS_INFO 1 -1.750000 35.040035 1.570796 3.986178 -1.750000 35.040035 6.440907 0.993806
STATIC_OBS_INFO 0 -6.300000 77.953805 41.021675 
STATIC_OBS_INFO 1 -6.300000 63.459313 26.534509 
Parent: 247.708790 20.972423 211.000000 13.371832 2865.150000 -5.969975 0.000000 4.567017 37.000000 0.000000 0 0 0 0 0 0 0 0
Child: -5.969975 10.000000 101.000000 20.000000 15.150000 -9.450173 0.000000 0.000000 0.000000 0.000000 0 0 0 1 0 0 0 0
Child: -9.450173 1.054463 12.000000 4.457141 1.800000 0.000000 -10.000000 0.000000 0.000000 0.000000 0 0 0 0 0 0 0 0
EGO_STATUS -5.251239 36.945538 1.600000 1.567448 12.468396 4.000000 0.000000
DYNAMIC_OBS_INFO 0 -5.750000 36.722037 1.570796 17.160744 -5.750000 55.345120 12.659642 1.275269
DYNAMIC_OBS_INFO 1 -1.750000 35.040035 1.570796 4.709857 -1.750000 35.040035 6.440907 0.993806
STATIC_OBS_INFO 0 -6.300000 77.953805 39.776004 
STATIC_OBS_INFO 1 -6.300000 63.459313 25.289458 
Parent: 547.305101 20.972423 211.000000 3054.110049 2865.150000 1.471251 -10.000000 2.486797 35.000000 0.000000 1 0 0 0 0 0 0 0
Child: 1.471251 9.808338 100.000000 0.000000 15.000000 0.000000 0.000000 0.000000 0.000000 0.000000 0 0 0 0 0 0 0 0
EGO_STATUS -5.250000 38.191662 1.700000 1.570796 12.377673 1.000000 -5.880000
DYNAMIC_OBS_INFO 0 -5.750000 36.722037 1.570796 17.195303 -5.750000 56.617461 12.787169 1.275269
DYNAMIC_OBS_INFO 1 -1.750000 35.040035 1.570796 5.613981 -1.750000 35.040035 6.440907 0.993806
STATIC_OBS_INFO 0 -6.300000 77.953805 38.538682 
STATIC_OBS_INFO 1 -6.300000 63.459313 24.052813 
Parent: 538.019436 20.972423 211.000000 3054.110049 2865.150000 -8.714414 -10.000000 2.386797 34.000000 0.000000 1 0 0 0 0 0 0 0
Child: -8.714414 8.570571 87.000000 0.000000 13.050000 0.000000 -10.000000 0.000000 0.000000 0.000000 0 0 0 0 0 0 0 0
EGO_STATUS -5.250000 39.429429 1.800000 1.570796 12.377673 4.000000 0.000000
DYNAMIC_OBS_INFO 0 -5.750000 36.722037 1.570796 17.242609 -5.750000 57.902554 12.914696 1.275269
DYNAMIC_OBS_INFO 1 -1.750000 35.040035 1.570796 6.085351 -1.750000 35.689095 6.540287 0.993806
STATIC_OBS_INFO 0 -6.300000 77.953805 37.301389 
STATIC_OBS_INFO 1 -6.300000 63.459313 22.816290 
Parent: 538.733771 20.972423 211.000000 3054.110049 2865.150000 -8.900079 -10.000000 2.286797 33.000000 0.000000 1 0 0 0 0 0 0 0
Child: -8.900079 7.332803 75.000000 0.000000 11.250000 0.000000 -10.000000 0.000000 0.000000 0.000000 0 0 0 0 0 0 0 0
EGO_STATUS -5.250000 40.667197 1.900000 1.570796 12.377673 4.000000 0.000000
DYNAMIC_OBS_INFO 0 -5.750000 36.722037 1.570796 17.302662 -5.750000 59.200400 13.042223 1.275269
DYNAMIC_OBS_INFO 1 -1.750000 35.040035 1.570796 6.567254 -1.750000 36.348092 6.639668 0.993806
STATIC_OBS_INFO 0 -6.300000 77.953805 36.064129 
STATIC_OBS_INFO 1 -6.300000 63.459313 21.579909 
Parent: 539.448106 20.972423 211.000000 3054.110049 2865.150000 -9.085745 -10.000000 2.186797 32.000000 0.000000 1 0 0 0 0 0 0 0
Child: -9.085745 6.095036 62.000000 0.000000 9.300000 0.000000 -10.000000 0.000000 0.000000 0.000000 0 0 0 0 0 0 0 0
EGO_STATUS -5.250000 41.904964 2.000000 1.570796 12.377673 4.000000 0.000000
DYNAMIC_OBS_INFO 0 -5.750000 36.722037 1.570796 17.375463 -5.750000 60.510999 13.169749 1.275269
DYNAMIC_OBS_INFO 1 -1.750000 35.040035 1.570796 7.055086 -1.750000 37.017028 6.739048 0.993806
STATIC_OBS_INFO 0 -6.300000 77.953805 34.826906 
STATIC_OBS_INFO 1 -6.300000 63.459313 20.343697 
Parent: 541.162441 20.972423 211.000000 3054.110049 2865.150000 -9.271410 -10.000000 2.086797 30.000000 0.000000 1 0 0 0 0 0 0 0
Child: -9.271410 4.857269 50.000000 0.000000 7.500000 0.000000 -10.000000 0.000000 0.000000 0.000000 0 0 0 0 0 0 0 0
EGO_STATUS -5.250000 43.142731 2.100000 1.570796 12.377673 4.000000 0.000000
DYNAMIC_OBS_INFO 0 -5.750000 36.722037 1.570796 17.461012 -5.750000 61.834350 13.297276 1.275269
DYNAMIC_OBS_INFO 1 -1.750000 35.040035 1.570796 7.545451 -1.750000 37.695902 6.838429 0.993806
STATIC_OBS_INFO 0 -6.300000 77.953805 33.589722 
STATIC_OBS_INFO 1 -6.300000 63.459313 19.107686 
Parent: 780.184682 10.000000 102.000000 0.000000 2626.500000 568.889979 -10.000000 2.794703 39.000000 0.000000 0 0 0 0 0 0 0 0
Child: 568.889979 20.972423 211.000000 3054.110049 2865.150000 -9.457075 -10.000000 0.000000 0.000000 0.000000 1 0 0 0 0 0 0 0
Child: -9.457075 3.619502 38.000000 0.000000 5.700000 0.000000 -10.000000 0.000000 0.000000 0.000000 0 0 0 0 0 0 0 0
EGO_STATUS -5.250000 44.380498 2.200000 1.570796 12.377673 4.000000 0.000000
DYNAMIC_OBS_INFO 0 -5.750000 36.722037 1.570796 17.559308 -5.750000 63.170454 13.424803 1.275269
DYNAMIC_OBS_INFO 1 -1.750000 35.040035 1.570796 8.035812 -1.750000 38.384714 6.937810 0.993806
STATIC_OBS_INFO 0 -6.300000 77.953805 32.352582 
STATIC_OBS_INFO 1 -6.300000 63.459313 17.871919 
Parent: 780.899017 10.000000 102.000000 0.000000 2626.500000 568.704313 -10.000000 2.694703 38.000000 0.000000 0 0 0 0 0 0 0 0
Child: 568.704313 20.972423 211.000000 3054.110049 2865.150000 -9.642740 -10.000000 0.000000 0.000000 0.000000 1 0 0 0 0 0 0 0
Child: -9.642740 2.381734 25.000000 0.000000 3.750000 0.000000 -10.000000 0.000000 0.000000 0.000000 0 0 0 0 0 0 0 0
EGO_STATUS -5.250000 45.618266 2.300000 1.570796 12.377673 4.000000 0.000000
DYNAMIC_OBS_INFO 0 -5.750000 36.722037 1.570796 17.670353 -5.750000 64.519311 13.552330 1.275269
DYNAMIC_OBS_INFO 1 -1.750000 35.040035 1.570796 8.524250 -1.750000 39.083464 7.037190 0.993806
STATIC_OBS_INFO 0 -6.300000 77.953805 31.115493 
STATIC_OBS_INFO 1 -6.300000 63.459313 16.636448 
Parent: 781.613352 10.000000 102.000000 0.000000 2626.500000 568.518648 -10.000000 2.594703 37.000000 0.000000 0 0 0 0 0 0 0 0
Child: 568.518648 20.972423 211.000000 3054.110049 2865.150000 -9.828405 -10.000000 0.000000 0.000000 0.000000 1 0 0 0 0 0 0 0
Child: -9.828405 1.143967 13.000000 0.000000 1.950000 0.000000 -10.000000 0.000000 0.000000 0.000000 0 0 0 0 0 0 0 0
EGO_STATUS -5.250000 46.856033 2.400000 1.570796 12.377673 4.000000 0.000000
DYNAMIC_OBS_INFO 0 -5.750000 36.722037 1.570796 17.794146 -5.750000 65.880920 13.679857 1.275269
DYNAMIC_OBS_INFO 1 -1.750000 35.040035 1.570796 9.009290 -1.750000 39.792152 7.136571 0.993806
STATIC_OBS_INFO 0 -6.300000 77.953805 29.878460 
STATIC_OBS_INFO 1 -6.300000 63.459313 15.401348 
Parent: 721.842535 10.000000 102.000000 0.000000 2075.700000 560.887809 -10.000000 2.454727 35.000000 0.000000 0 0 0 0 0 0 0 0
Child: 560.887809 20.383806 205.000000 3048.570394 2692.850000 0.000000 -10.000000 0.000000 0.000000 0.000000 1 0 0 0 0 0 0 0
EGO_STATUS -5.249992 48.093800 2.500000 1.570634 12.377673 4.000000 0.000000
DYNAMIC_OBS_INFO 0 -5.750000 36.722037 1.570796 17.931146 -5.750000 67.255282 13.807384 1.275269
DYNAMIC_OBS_INFO 1 -1.750000 35.040035 1.570796 9.485080 -1.750000 40.510778 7.235951 0.993806
STATIC_OBS_INFO 0 -6.300000 77.953805 28.642058 
STATIC_OBS_INFO 1 -6.300000 63.459313 14.167752 
Parent: 721.771963 10.000000 102.000000 0.000000 2075.700000 559.917238 -10.000000 2.354725 34.000000 0.000000 0 0 0 0 0 0 0 0
Child: 559.917238 19.146017 193.000000 3048.558224 2696.450000 0.000000 -10.000000 0.000000 0.000000 0.000000 1 0 0 0 0 0 0 0
EGO_STATUS -5.237444 49.331463 2.600000 1.543650 12.377673 4.000000 0.000000
DYNAMIC_OBS_INFO 0 -5.750000 36.722037 1.570796 18.084597 -5.750000 68.642397 13.934911 1.275269
DYNAMIC_OBS_INFO 1 -1.750000 35.040035 1.570796 9.934629 -1.750000 41.239342 7.335332 0.993806
STATIC_OBS_INFO 0 -6.300000 77.953805 27.410014 
STATIC_OBS_INFO 1 -6.300000 63.459313 12.941697 
Parent: 1724.478601 10.000000 102.000000 0.000000 2075.700000 1562.106025 -10.000000 1.872577 33.000000 0.000000 0 0 0 0 0 0 0 0
Child: 1562.106025 17.908228 181.000000 13079.789861 2708.550000 0.000000 0.000000 0.000000 0.000000 0.000000 1 0 1 0 0 0 0 1
EGO_STATUS -5.168931 50.567137 2.700000 1.483242 12.377673 4.000000 0.000000
DYNAMIC_OBS_INFO 0 -5.750000 36.722037 1.570796 18.247725 -5.750000 70.042264 14.062438 1.275269
DYNAMIC_OBS_INFO 1 -1.750000 35.040035 1.570796 10.358698 -1.750000 41.977844 7.434713 0.993806
STATIC_OBS_INFO 0 -6.300000 77.953805 26.176042 
STATIC_OBS_INFO 1 -6.300000 63.459313 11.720815 
Parent: 715.321427 10.000000 102.000000 0.000000 2075.700000 552.048853 -10.000000 1.772574 32.000000 0.000000 0 0 0 0 0 0 0 0
Child: 552.048853 16.655717 168.000000 3079.777128 2589.400000 0.000000 -10.000000 0.000000 0.000000 0.000000 1 0 1 0 0 0 0 0
EGO_STATUS -5.012198 51.809461 2.800000 1.406247 12.671673 5.000000 2.940000
DYNAMIC_OBS_INFO 0 -5.750000 36.722037 1.570796 18.417645 -5.750000 71.454884 14.189964 1.275269
DYNAMIC_OBS_INFO 1 -1.750000 35.040035 1.570796 10.765049 -1.750000 42.726285 7.534093 0.993806
STATIC_OBS_INFO 0 -6.300000 77.953805 24.937599 
STATIC_OBS_INFO 1 -6.300000 63.459313 10.509650 
Parent: 1717.840413 10.000000 102.000000 0.000000 2075.700000 1552.667840 -10.000000 1.672573 30.000000 0.000000 0 0 0 0 0 0 0 0
Child: 1552.667840 15.373826 155.000000 13079.777279 2675.150000 0.000000 -10.000000 0.000000 0.000000 0.000000 1 0 1 0 0 0 0 1
EGO_STATUS -4.751949 53.064301 2.900000 1.327714 12.965673 5.000000 2.940000
DYNAMIC_OBS_INFO 0 -5.750000 36.722037 1.570796 18.604734 -5.750000 72.880257 14.317491 1.275269
DYNAMIC_OBS_INFO 1 -1.750000 35.040035 1.570796 11.157883 -1.750000 43.484663 7.633474 0.993806
STATIC_OBS_INFO 0 -6.300000 77.953805 23.705560 
STATIC_OBS_INFO 1 -6.300000 63.459313 9.331240 
Parent: 1091.992773 10.000000 101.000000 0.000000 2055.350000 944.708080 -10.000000 2.784693 49.000000 0.000000 0 0 0 0 0 0 0 0
Child: 944.708080 10.000000 101.000000 0.000000 2055.350000 751.208080 -10.000000 0.000000 0.000000 0.000000 0 0 0 0 0 0 0 0
Child: 751.208080 10.000000 102.000000 0.000000 2075.700000 557.708080 -10.000000 0.000000 0.000000 0.000000 0 0 0 0 0 0 0 0
Child: 557.708080 14.062545 142.000000 3079.771550 2652.800000 0.000000 -10.000000 0.000000 0.000000 0.000000 1 0 1 0 0 0 0 0
EGO_STATUS -4.392547 54.325111 3.000000 1.261961 13.259673 5.000000 2.940000
DYNAMIC_OBS_INFO 0 -5.750000 36.722037 1.570796 18.811689 -5.750000 74.318383 14.445018 1.275269
DYNAMIC_OBS_INFO 1 -1.750000 35.040035 1.570796 11.551996 -1.750000 44.252979 7.732854 0.993806
STATIC_OBS_INFO 0 -6.300000 77.953805 22.483894 
STATIC_OBS_INFO 1 -6.300000 63.459313 8.208750 
Parent: 1087.945640 10.000000 101.000000 0.000000 2055.350000 939.760949 -10.000000 2.684691 48.000000 0.000000 0 0 0 0 0 0 0 0
Child: 939.760949 10.000000 101.000000 0.000000 2055.350000 746.260949 -10.000000 0.000000 0.000000 0.000000 0 0 0 0 0 0 0 0
Child: 746.260949 10.000000 102.000000 0.000000 2075.700000 552.760949 -10.000000 0.000000 0.000000 0.000000 0 0 0 0 0 0 0 0
Child: 552.760949 12.721844 129.000000 3079.768167 2626.650000 0.000000 -10.000000 0.000000 0.000000 0.000000 1 0 1 0 0 0 0 0
EGO_STATUS -3.955552 55.592475 3.100000 1.220548 13.553673 5.000000 2.940000
DYNAMIC_OBS_INFO 0 -5.750000 36.722037 1.570796 19.029947 -5.750000 75.769261 14.572545 1.275269
DYNAMIC_OBS_INFO 1 -1.750000 35.040035 1.570796 11.969522 -1.750000 45.031234 7.832235 0.993806
STATIC_OBS_INFO 0 -6.300000 77.953805 21.266477 
STATIC_OBS_INFO 1 -6.300000 63.459313 7.163877 
Parent: 1072.291801 10.000000 101.000000 0.000000 2055.350000 923.207112 -10.000000 2.584689 47.000000 0.000000 0 0 0 0 0 0 0 0
Child: 923.207112 10.000000 101.000000 0.000000 2055.350000 729.707112 -10.000000 0.000000 0.000000 0.000000 0 0 0 0 0 0 0 0
Child: 729.707112 10.000000 102.000000 0.000000 2075.700000 536.207112 -10.000000 0.000000 0.000000 0.000000 0 0 0 0 0 0 0 0
Child: 536.207112 11.351748 115.000000 3079.755051 2453.650000 0.000000 -10.000000 0.000000 0.000000 0.000000 1 0 1 0 0 0 0 0
EGO_STATUS -3.475563 56.875721 3.200000 1.210827 13.847673 5.000000 2.940000
DYNAMIC_OBS_INFO 0 -5.750000 36.722037 1.570796 19.241174 -5.750000 77.232892 14.700072 1.275269
DYNAMIC_OBS_INFO 1 -1.750000 35.040035 1.570796 12.433046 -1.750000 45.819426 7.931616 0.993806
STATIC_OBS_INFO 0 -6.300000 77.953805 20.038268 
STATIC_OBS_INFO 1 -6.300000 63.459313 6.220110 
Parent: 1040.151230 10.000000 101.000000 0.000000 2055.350000 889.081915 -10.000000 2.569315 45.000000 0.000000 0 0 0 0 0 0 0 0
Child: 889.081915 30.078692 302.000000 3083.279297 5943.800000 0.000000 -10.000000 0.000000 0.000000 0.000000 1 0 1 0 0 0 0 0
EGO_STATUS -2.994842 58.189996 3.300000 1.234832 14.141673 5.000000 2.940000
DYNAMIC_OBS_INFO 0 -5.750000 36.722037 1.570796 19.431132 -5.750000 78.709275 14.827599 1.275269
DYNAMIC_OBS_INFO 1 -1.750000 35.040035 1.570796 12.949582 -1.750000 46.617557 8.030996 0.993806
STATIC_OBS_INFO 0 -6.300000 77.953805 18.788033 
STATIC_OBS_INFO 1 -6.300000 63.459313 5.416147 
Parent: 986.395760 10.000000 101.000000 0.000000 2055.350000 834.426451 -10.000000 2.469310 44.000000 0.000000 0 0 0 0 0 0 0 0
Child: 834.426451 28.658442 288.000000 3083.274771 5402.700000 0.000000 -10.000000 0.000000 0.000000 0.000000 1 0 1 0 0 0 0 0
EGO_STATUS -2.560001 59.541782 3.400000 1.288426 14.261796 5.000000 1.201234
DYNAMIC_OBS_INFO 0 -5.750000 36.722037 1.570796 19.590380 -5.750000 80.198411 14.955126 1.275269
DYNAMIC_OBS_INFO 1 -1.750000 35.040035 1.570796 13.512621 -1.750000 47.425626 8.130377 0.993806
STATIC_OBS_INFO 0 -6.300000 77.953805 17.507674 
STATIC_OBS_INFO 1 -6.300000 63.459313 4.808059 
Parent: 960.426846 10.000000 101.000000 0.000000 2055.350000 807.557542 -10.000000 2.369304 43.000000 0.000000 0 0 0 0 0 0 0 0
Child: 807.557542 27.226177 274.000000 3083.271534 5144.500000 0.000000 -10.000000 0.000000 0.000000 0.000000 1 0 1 0 0 0 0 0
EGO_STATUS -2.210750 60.930389 3.500000 1.362821 14.381920 5.000000 1.201237
DYNAMIC_OBS_INFO 0 -5.750000 36.722037 1.570796 19.711273 -5.750000 81.700300 15.082652 1.275269
DYNAMIC_OBS_INFO 1 -1.750000 35.040035 1.570796 14.112487 -1.750000 48.243632 8.229757 0.993806
STATIC_OBS_INFO 0 -6.300000 77.953805 16.188554 
STATIC_OBS_INFO 1 -6.300000 63.459313 4.466280 
Parent: 934.991510 10.000000 101.000000 0.000000 2055.350000 780.222211 -10.000000 2.269300 41.000000 0.000000 0 0 0 0 0 0 0 0
Child: 780.222211 25.781904 259.000000 3083.268809 4855.150000 0.000000 -10.000000 0.000000 0.000000 0.000000 1 0 1 0 0 0 0 0
EGO_STATUS -1.972559 62.354365 3.600000 1.448017 14.502044 5.000000 1.201240
DYNAMIC_OBS_INFO 0 -5.750000 36.722037 1.570796 19.795951 -5.750000 83.214942 15.210179 1.275269
DYNAMIC_OBS_INFO 1 -1.750000 35.040035 1.570796 14.734352 -1.750000 49.071577 8.329138 0.993806
STATIC_OBS_INFO 0 -6.300000 77.953805 14.829460 
STATIC_OBS_INFO 1 -6.300000 63.459313 4.456383 
Parent: 905.814356 10.000000 101.000000 0.000000 2055.350000 750.145060 -10.000000 2.169296 40.000000 0.000000 0 0 0 0 0 0 0 0
Child: 750.145060 24.325634 245.000000 3080.587751 4575.350000 0.000000 -10.000000 0.000000 0.000000 0.000000 1 0 1 0 0 0 0 0
EGO_STATUS -1.857087 63.805540 3.700000 1.533833 14.622169 5.000000 1.201244
DYNAMIC_OBS_INFO 0 -5.750000 36.722037 1.570796 19.853554 -5.750000 84.742336 15.337706 1.275269
DYNAMIC_OBS_INFO 1 -1.750000 35.040035 1.570796 15.364336 -1.750000 49.909460 8.428519 0.993806
STATIC_OBS_INFO 0 -6.300000 77.953805 13.434920 
STATIC_OBS_INFO 1 -6.300000 63.459313 4.795327 
Parent: 973.315785 30.072872 302.000000 12.155628 4748.200000 554.376794 -10.000000 2.907321 48.000000 0.000000 0 0 0 0 0 0 0 0
Child: 554.376794 12.787707 129.000000 3094.199607 2498.250000 0.000000 0.000000 0.000000 0.000000 0.000000 1 0 0 0 1 0 0 0
EGO_STATUS -1.861051 65.273394 3.800000 1.610790 14.742293 5.000000 1.201247
DYNAMIC_OBS_INFO 0 -5.750000 36.722037 1.570796 19.901839 -5.750000 86.282483 15.465233 1.275269
DYNAMIC_OBS_INFO 1 -1.750000 35.040035 1.570796 15.987835 -1.750000 50.757281 8.527899 0.993806
STATIC_OBS_INFO 0 -6.300000 77.953805 12.018716 
STATIC_OBS_INFO 1 -6.300000 63.459313 5.437735 
Parent: 932.662648 30.072872 302.000000 12.155628 4748.200000 512.823658 -10.000000 2.807319 47.000000 0.000000 0 0 0 0 0 0 0 0
Child: 512.823658 11.313452 115.000000 3094.195381 2220.250000 0.000000 -10.000000 0.000000 0.000000 0.000000 1 0 0 0 1 0 0 0
EGO_STATUS -1.966172 66.743655 3.900000 1.669274 14.742293 4.000000 0.000000
DYNAMIC_OBS_INFO 0 -5.750000 36.722037 1.570796 19.957517 -5.750000 87.835383 15.592760 1.275269
DYNAMIC_OBS_INFO 1 -1.750000 35.040035 1.570796 16.597782 -1.750000 51.615040 8.627280 0.993806
STATIC_OBS_INFO 0 -6.300000 77.953805 10.598987 
STATIC_OBS_INFO 1 -6.300000 63.459313 6.318199 
Parent: 905.812815 30.072872 302.000000 12.155628 4748.200000 484.073826 -10.000000 2.707318 45.000000 0.000000 0 0 0 0 0 0 0 0
Child: 484.073826 9.839210 100.000000 3094.178798 1927.300000 0.000000 -10.000000 0.000000 0.000000 0.000000 1 0 0 0 1 0 0 0
EGO_STATUS -2.132777 68.208407 4.000000 1.690781 14.742293 4.000000 0.000000
DYNAMIC_OBS_INFO 0 -5.750000 36.722037 1.570796 20.027885 -5.750000 89.401035 15.720287 1.275269
DYNAMIC_OBS_INFO 1 -1.750000 35.040035 1.570796 17.199749 -1.750000 52.482737 8.726660 0.993806
STATIC_OBS_INFO 0 -6.300000 77.953805 9.198942 
STATIC_OBS_INFO 1 -6.300000 63.459313 7.395006 
Parent: 878.774568 30.072872 302.000000 12.155628 4748.200000 456.135579 -10.000000 2.607318 44.000000 0.000000 0 0 0 0 0 0 0 0
Child: 456.135579 8.364973 85.000000 3094.149044 1642.450000 0.000000 -10.000000 0.000000 0.000000 0.000000 1 0 0 0 1 0 0 0
EGO_STATUS -2.291951 69.673945 4.100000 1.657673 14.742293 4.000000 0.000000
DYNAMIC_OBS_INFO 0 -5.750000 36.722037 1.570796 20.120462 -5.750000 90.979440 15.847814 1.275269
DYNAMIC_OBS_INFO 1 -1.750000 35.040035 1.570796 17.796208 -1.750000 53.360372 8.826041 0.993806
STATIC_OBS_INFO 0 -6.300000 77.953805 7.863927 
STATIC_OBS_INFO 1 -6.300000 63.459313 8.635986 
Parent: 811.586743 20.435104 206.000000 14.489653 2055.100000 644.184664 0.000000 4.099750 42.000000 0.000000 0 0 0 0 0 0 0 0
Child: 644.184664 10.000000 101.000000 20.000000 2055.350000 438.704466 0.000000 0.000000 0.000000 0.000000 0 0 0 1 0 0 0 0
Child: 438.704466 6.890744 70.000000 3093.303145 1363.300000 0.000000 0.000000 0.000000 0.000000 0.000000 1 0 0 0 1 0 0 0
EGO_STATUS -2.363615 71.145998 4.200000 1.575112 14.742293 4.000000 0.000000
DYNAMIC_OBS_INFO 0 -5.750000 36.722037 1.570796 20.263283 -5.750000 92.570598 15.975340 1.275269
DYNAMIC_OBS_INFO 1 -1.750000 35.040035 1.570796 18.363706 -1.750000 54.247945 8.925422 0.993806
STATIC_OBS_INFO 0 -6.300000 77.953805 6.681294 
STATIC_OBS_INFO 1 -6.300000 63.459313 9.981434 
Parent: 769.905274 20.435104 206.000000 14.489623 2055.100000 601.603193 0.000000 3.999754 41.000000 0.000000 0 0 0 0 0 0 0 0
Child: 601.603193 10.000000 101.000000 20.000000 2055.350000 396.122995 0.000000 0.000000 0.000000 0.000000 0 0 0 1 0 0 0 0
Child: 396.122995 5.431235 56.000000 3082.624361 1104.800000 0.000000 -10.000000 0.000000 0.000000 0.000000 1 0 0 0 1 0 0 0
EGO_STATUS -2.298308 72.603464 4.300000 1.478685 14.448293 3.000000 -2.940000
DYNAMIC_OBS_INFO 0 -5.750000 36.722037 1.570796 20.477272 -5.750000 94.174508 16.102867 1.275269
DYNAMIC_OBS_INFO 1 -1.750000 35.040035 1.570796 18.880059 -1.750000 55.145456 9.024802 0.993806
STATIC_OBS_INFO 0 -6.300000 77.953805 5.740189 
STATIC_OBS_INFO 1 -6.300000 63.459313 11.360415 
Parent: 719.386471 40.218448 404.000000 11.076220 4021.200000 363.654832 0.000000 3.316068 49.000000 0.000000 0 0 0 0 0 0 0 0
Child: 363.654832 4.001118 42.000000 3082.579128 839.700000 0.000000 -10.000000 0.000000 0.000000 0.000000 1 0 0 0 1 0 0 0
EGO_STATUS -2.117878 74.021931 4.400000 1.419957 14.154293 3.000000 -2.940000
DYNAMIC_OBS_INFO 0 -5.750000 36.722037 1.570796 20.742902 -5.750000 95.791171 16.230394 1.275269
DYNAMIC_OBS_INFO 1 -1.750000 35.040035 1.570796 19.354731 -1.750000 56.052906 9.124183 0.993806
STATIC_OBS_INFO 0 -6.300000 77.953805 5.076095 
STATIC_OBS_INFO 1 -6.300000 63.459313 12.728993 
Parent: 685.520346 40.218448 404.000000 11.076221 4021.200000 328.888708 0.000000 3.216067 48.000000 0.000000 0 0 0 0 0 0 0 0
Child: 328.888708 2.600385 28.000000 3082.529803 566.500000 0.000000 -10.000000 0.000000 0.000000 0.000000 1 0 0 0 1 0 0 0
EGO_STATUS -1.909051 75.406983 4.500000 1.435909 13.860293 3.000000 -2.940000
DYNAMIC_OBS_INFO 0 -5.750000 36.722037 1.570796 21.028299 -5.750000 97.420587 16.357921 1.275269
DYNAMIC_OBS_INFO 1 -1.750000 35.040035 1.570796 19.801082 -1.750000 56.970293 9.223564 0.993806
STATIC_OBS_INFO 0 -6.300000 77.953805 4.676710 
STATIC_OBS_INFO 1 -6.300000 63.459313 14.060014 
Parent: 643.076488 40.218448 404.000000 11.076215 4021.200000 285.544849 0.000000 3.116069 47.000000 0.000000 0 0 0 0 0 0 0 0
Child: 285.544849 1.229072 14.000000 3081.565416 284.900000 0.000000 -10.000000 0.000000 0.000000 0.000000 1 0 0 0 1 0 0 0
EGO_STATUS -1.775241 76.771359 4.600000 1.516460 13.566293 3.000000 -2.940000
DYNAMIC_OBS_INFO 0 -5.750000 36.722037 1.570796 21.328239 -5.750000 99.062755 16.485448 1.275269
DYNAMIC_OBS_INFO 1 -1.750000 35.040035 1.570796 20.215345 -1.750000 57.897618 9.322944 0.993806
STATIC_OBS_INFO 0 -6.300000 77.953805 4.552782 
STATIC_OBS_INFO 1 -6.300000 63.459313 15.343792 
Parent: 347.122441 40.105433 403.000000 11.075923 3999.350000 0.000000 -10.000000 3.016065 45.000000 0.000000 0 0 0 0 0 0 0 0
EGO_STATUS -1.750001 78.112964 4.700000 1.570819 13.297269 4.000000 0.000000
DYNAMIC_OBS_INFO 0 -5.750000 36.722037 1.570796 21.647465 -5.750000 100.717677 16.612975 1.275269
DYNAMIC_OBS_INFO 1 -1.750000 35.040035 1.570796 20.607807 -1.750000 58.834882 9.422325 0.993806
STATIC_OBS_INFO 0 -6.300000 77.953805 4.785940 
STATIC_OBS_INFO 1 -6.300000 63.459313 16.617964 
Parent: 321.962902 38.775712 389.000000 11.075634 3731.350000 0.000000 -10.000000 2.916066 44.000000 0.000000 0 0 0 0 0 0 0 0
EGO_STATUS -1.751544 79.442689 4.800000 1.573932 13.297269 4.000000 0.000000
DYNAMIC_OBS_INFO 0 -5.750000 36.722037 1.570796 21.978115 -5.750000 102.385350 16.740502 1.275269
DYNAMIC_OBS_INFO 1 -1.750000 35.040035 1.570796 20.990303 -1.750000 59.782083 9.521705 0.993806
STATIC_OBS_INFO 0 -6.300000 77.953805 5.343469 
STATIC_OBS_INFO 1 -6.300000 63.459313 17.898342 
Parent: 295.910176 37.445990 376.000000 11.075450 3464.100000 0.000000 -10.000000 2.816066 43.000000 0.000000 0 0 0 0 0 0 0 0
EGO_STATUS -1.760367 80.772383 4.900000 1.581587 13.297269 4.000000 0.000000
DYNAMIC_OBS_INFO 0 -5.750000 36.722037 1.570796 22.319431 -5.750000 104.065777 16.868028 1.275269
DYNAMIC_OBS_INFO 1 -1.750000 35.040035 1.570796 21.362731 -1.750000 60.739223 9.621086 0.993806
STATIC_OBS_INFO 0 -6.300000 77.953805 6.133587 
STATIC_OBS_INFO 1 -6.300000 63.459313 19.182312 
Parent: 251.947904 10.000000 101.000000 0.000000 15.150000 286.450547 0.000000 4.997357 41.000000 0.000000 0 0 0 0 0 0 0 0
Child: 286.450547 26.202458 264.000000 11.801126 2874.300000 0.000000 0.000000 0.000000 0.000000 0.000000 0 0 0 0 0 0 0 0
EGO_STATUS -1.781821 82.101930 5.000000 1.592767 13.297269 4.000000 0.000000
DYNAMIC_OBS_INFO 0 -5.750000 36.722037 1.570796 22.685662 -5.750000 105.758956 16.995555 1.275269
DYNAMIC_OBS_INFO 1 -1.750000 35.040035 1.570796 21.710208 -1.750000 61.706300 9.720467 0.993806
STATIC_OBS_INFO 0 -6.300000 77.953805 7.065082 
STATIC_OBS_INFO 1 -6.300000 63.459313 20.453867 
Parent: 217.476763 10.000000 101.000000 0.000000 15.150000 251.079398 0.000000 4.897365 40.000000 0.000000 0 0 0 0 0 0 0 0
Child: 251.079398 24.887449 250.000000 11.801035 2610.800000 0.000000 -10.000000 0.000000 0.000000 0.000000 0 0 0 0 0 0 0 0
EGO_STATUS -1.819435 83.416398 5.100000 1.606395 13.003269 3.000000 -2.940000
DYNAMIC_OBS_INFO 0 -5.750000 36.722037 1.570796 23.091565 -5.750000 107.464888 17.123082 1.275269
DYNAMIC_OBS_INFO 1 -1.750000 35.040035 1.570796 22.017845 -1.750000 62.683316 9.819847 0.993806
STATIC_OBS_INFO 0 -6.300000 77.953805 8.068720 
STATIC_OBS_INFO 1 -6.300000 63.459313 21.697540 
Parent: 191.570530 10.000000 101.000000 0.000000 15.150000 224.273156 0.000000 4.797374 39.000000 0.000000 0 0 0 0 0 0 0 0
Child: 224.273156 23.601840 238.000000 11.800978 2350.600000 0.000000 -10.000000 0.000000 0.000000 0.000000 0 0 0 0 0 0 0 0
EGO_STATUS -1.874822 84.700807 5.200000 1.621684 12.709269 3.000000 -2.940000
DYNAMIC_OBS_INFO 0 -5.750000 36.722037 1.570796 23.537696 -5.750000 109.183572 17.250609 1.275269
DYNAMIC_OBS_INFO 1 -1.750000 35.040035 1.570796 22.285420 -1.750000 63.670270 9.919228 0.993806
STATIC_OBS_INFO 0 -6.300000 77.953805 9.107514 
STATIC_OBS_INFO 1 -6.300000 63.459313 22.912395 
Parent: 168.638773 10.000000 101.000000 0.000000 15.150000 200.441385 0.000000 4.697388 38.000000 0.000000 0 0 0 0 0 0 0 0
Child: 200.441385 22.345643 225.000000 11.800515 2107.150000 0.000000 -10.000000 0.000000 0.000000 0.000000 0 0 0 0 0 0 0 0
EGO_STATUS -1.949039 85.954801 5.300000 1.638408 12.415269 3.000000 -2.940000
DYNAMIC_OBS_INFO 0 -5.750000 36.722037 1.570796 24.024753 -5.750000 110.915010 17.378136 1.275269
DYNAMIC_OBS_INFO 1 -1.750000 35.040035 1.570796 22.512744 -1.750000 64.667162 10.018608 0.993806
STATIC_OBS_INFO 0 -6.300000 77.953805 10.159204 
STATIC_OBS_INFO 1 -6.300000 63.459313 24.097713 
Parent: 145.581365 10.000000 101.000000 0.000000 15.150000 175.483964 0.000000 4.597401 36.000000 0.000000 0 0 0 0 0 0 0 0
Child: 175.483964 21.118842 213.000000 11.800535 1858.950000 0.000000 -10.000000 0.000000 0.000000 0.000000 0 0 0 0 0 0 0 0
EGO_STATUS -2.042816 87.178002 5.400000 1.656481 12.121269 3.000000 -2.940000
DYNAMIC_OBS_INFO 0 -5.750000 36.722037 1.570796 24.553578 -5.750000 112.659200 17.505663 1.275269
DYNAMIC_OBS_INFO 1 -1.750000 35.040035 1.570796 22.699637 -1.750000 65.673992 10.117989 0.993806
STATIC_OBS_INFO 0 -6.300000 77.953805 11.210011 
STATIC_OBS_INFO 1 -6.300000 63.459313 25.252903 
Parent: 113.604486 10.000000 101.000000 0.000000 15.150000 142.607080 0.000000 4.497405 35.000000 0.000000 0 0 0 0 0 0 0 0
Child: 142.607080 19.921424 201.000000 11.800496 1527.950000 0.000000 -10.000000 0.000000 0.000000 0.000000 0 0 0 0 0 0 0 0
EGO_STATUS -2.156630 88.369986 5.500000 1.675755 11.827269 3.000000 -2.940000
DYNAMIC_OBS_INFO 0 -5.750000 36.722037 1.570796 25.125178 -5.750000 114.416142 17.633190 1.275269
DYNAMIC_OBS_INFO 1 -1.750000 35.040035 1.570796 22.845897 -1.750000 66.690759 10.217370 0.993806
STATIC_OBS_INFO 0 -6.300000 77.953805 12.251104 
STATIC_OBS_INFO 1 -6.300000 63.459313 26.377443 
Parent: 103.236949 10.000000 101.000000 0.000000 15.150000 131.339530 0.000000 4.397419 34.000000 0.000000 0 0 0 0 0 0 0 0
Child: 131.339530 18.753426 189.000000 11.792210 1412.650000 0.000000 -10.000000 0.000000 0.000000 0.000000 0 0 0 0 0 0 0 0
EGO_STATUS -2.290604 89.530259 5.600000 1.695916 11.533269 3.000000 -2.940000
DYNAMIC_OBS_INFO 0 -5.750000 36.722037 1.570796 25.740568 -5.750000 116.185838 17.760717 1.275269
DYNAMIC_OBS_INFO 1 -1.750000 35.040035 1.570796 22.951461 -1.750000 67.717465 10.316750 0.993806
STATIC_OBS_INFO 0 -6.300000 77.953805 13.276828 
STATIC_OBS_INFO 1 -6.300000 63.459313 27.471047 
Parent: 82.283647 10.000000 101.000000 0.000000 15.150000 109.486213 0.000000 4.297434 33.000000 0.000000 0 0 0 0 0 0 0 0
Child: 109.486213 17.614829 178.000000 11.522768 1195.900000 0.000000 -10.000000 0.000000 0.000000 0.000000 0 0 0 0 0 0 0 0
EGO_STATUS -2.444249 90.658424 5.700000 1.716451 11.239269 3.000000 -2.940000
DYNAMIC_OBS_INFO 0 -5.750000 36.722037 1.570796 26.400732 -5.750000 117.968286 17.888243 1.275269
DYNAMIC_OBS_INFO 1 -1.750000 35.040035 1.570796 23.016390 -1.750000 68.754109 10.416131 0.993806
STATIC_OBS_INFO 0 -6.300000 77.953805 14.283553 
STATIC_OBS_INFO 1 -6.300000 63.459313 28.533652 
Parent: 63.243700 10.000000 101.000000 0.000000 15.150000 89.546260 0.000000 4.197440 32.000000 0.000000 0 0 0 0 0 0 0 0
Child: 89.546260 16.505616 167.000000 10.836006 996.350000 0.000000 -10.000000 0.000000 0.000000 0.000000 0 0 0 0 0 0 0 0
EGO_STATUS -2.616347 91.754189 5.800000 1.736671 10.945269 3.000000 -2.940000
DYNAMIC_OBS_INFO 0 -5.750000 36.722037 1.570796 27.106564 -5.750000 119.763486 18.015770 1.275269
DYNAMIC_OBS_INFO 1 -1.750000 35.040035 1.570796 23.040858 -1.750000 69.800692 10.515511 0.993806
STATIC_OBS_INFO 0 -6.300000 77.953805 15.268982 
STATIC_OBS_INFO 1 -6.300000 63.459313 29.565389 
Parent: 35.320522 10.000000 101.000000 0.000000 15.150000 60.723071 0.000000 4.097451 31.000000 0.000000 0 0 0 0 0 0 0 0
Child: 60.723071 15.425812 156.000000 9.716769 705.500000 0.000000 -10.000000 0.000000 0.000000 0.000000 0 0 0 0 0 0 0 0
EGO_STATUS -2.804901 92.817388 5.900000 1.755766 10.651269 3.000000 -2.940000
DYNAMIC_OBS_INFO 0 -5.750000 36.722037 1.570796 27.858675 -5.750000 121.571440 18.143297 1.275269
DYNAMIC_OBS_INFO 1 -1.750000 35.040035 1.570796 23.025254 -1.750000 70.857212 10.614892 0.993806
STATIC_OBS_INFO 0 -6.300000 77.953805 16.231840 
STATIC_OBS_INFO 1 -6.300000 63.459313 30.566699 
Parent: 19.089493 10.000000 101.000000 0.000000 15.150000 43.592026 0.000000 3.997467 30.000000 0.000000 0 0 0 0 0 0 0 0
Child: 43.592026 14.375419 145.000000 8.714692 531.850000 0.000000 -10.000000 0.000000 0.000000 0.000000 0 0 0 0 0 0 0 0
EGO_STATUS -3.007090 93.848124 6.000000 1.772867 10.357269 3.000000 -2.940000
DYNAMIC_OBS_INFO 0 -5.750000 36.722037 1.570796 28.657295 -5.750000 123.392146 18.270824 1.275269
DYNAMIC_OBS_INFO 1 -1.750000 35.040035 1.570796 22.970180 -1.750000 71.923670 10.714273 0.993806
STATIC_OBS_INFO 0 -6.300000 77.953805 17.171596 
STATIC_OBS_INFO 1 -6.300000 63.459313 31.538308 
Parent: -10.590770 10.000000 102.000000 20.000000 15.300000 30.740424 -10.000000 4.208022 39.000000 0.000000 0 0 1 0 0 0 0 0
Child: 30.740424 10.000000 101.000000 20.000000 15.150000 27.260226 0.000000 0.000000 0.000000 0.000000 0 0 1 0 0 0 0 0
Child: 27.260226 13.354416 135.000000 8.714216 367.950000 0.000000 -10.000000 0.000000 0.000000 0.000000 0 0 0 0 0 0 0 0
EGO_STATUS -3.219373 94.846805 6.100000 1.787129 10.063269 3.000000 -2.940000
DYNAMIC_OBS_INFO 0 -5.750000 36.722037 1.570796 29.502274 -5.750000 125.225604 18.398351 1.275269
DYNAMIC_OBS_INFO 1 -1.750000 35.040035 1.570796 22.876359 -1.750000 73.000066 10.813653 0.993806
STATIC_OBS_INFO 0 -6.300000 77.953805 18.088190 
STATIC_OBS_INFO 1 -6.300000 63.459313 32.481138 
Parent: -24.117987 10.000000 102.000000 20.000000 15.300000 16.313203 -10.000000 4.108026 38.000000 0.000000 0 0 1 0 0 0 0 0
Child: 16.313203 10.000000 101.000000 20.000000 15.150000 12.833005 0.000000 0.000000 0.000000 0.000000 0 0 1 0 0 0 0 0
Child: 12.833005 12.362801 125.000000 8.713994 222.150000 0.000000 -10.000000 0.000000 0.000000 0.000000 0 0 0 0 0 0 0 0
EGO_STATUS -3.437674 95.814088 6.200000 1.797790 9.769269 3.000000 -2.940000
DYNAMIC_OBS_INFO 0 -5.750000 36.722037 1.570796 30.393118 -5.750000 127.071816 18.525878 1.275269
DYNAMIC_OBS_INFO 1 -1.750000 35.040035 1.570796 22.744544 -1.750000 74.086401 10.913034 0.993806
STATIC_OBS_INFO 0 -6.300000 77.953805 18.981830 
STATIC_OBS_INFO 1 -6.300000 63.459313 33.396201 
Parent: -28.034814 10.000000 102.000000 20.000000 15.300000 11.496363 -10.000000 4.008038 37.000000 0.000000 0 0 1 0 0 0 0 0
Child: 11.496363 10.000000 101.000000 20.000000 15.150000 8.016165 0.000000 0.000000 0.000000 0.000000 0 0 1 0 0 0 0 0
Child: 8.016165 11.400610 116.000000 8.712577 174.600000 0.000000 -10.000000 0.000000 0.000000 0.000000 0 0 0 0 0 0 0 0
EGO_STATUS -3.657568 96.750811 6.300000 1.804229 9.475269 3.000000 -2.940000
DYNAMIC_OBS_INFO 0 -5.750000 36.722037 1.570796 31.328947 -5.750000 128.930780 18.653405 1.275269
DYNAMIC_OBS_INFO 1 -1.750000 35.040035 1.570796 22.575536 -1.750000 75.182673 11.012414 0.993806
STATIC_OBS_INFO 0 -6.300000 77.953805 19.852938 
STATIC_OBS_INFO 1 -6.300000 63.459313 34.284612 
Parent: -31.077498 10.000000 102.000000 20.000000 15.300000 7.553668 -10.000000 3.908050 36.000000 0.000000 0 0 1 0 0 0 0 0
Child: 7.553668 10.000000 101.000000 20.000000 15.150000 4.073470 0.000000 0.000000 0.000000 0.000000 0 0 1 0 0 0 0 0
Child: 4.073470 10.467818 106.000000 8.711817 133.800000 0.000000 -10.000000 0.000000 0.000000 0.000000 0 0 0 0 0 0 0 0
EGO_STATUS -3.874509 97.658021 6.400000 1.806024 9.181269 3.000000 -2.940000
DYNAMIC_OBS_INFO 0 -5.750000 36.722037 1.570796 32.308678 -5.750000 130.802497 18.780931 1.275269
DYNAMIC_OBS_INFO 1 -1.750000 35.040035 1.570796 22.370015 -1.750000 76.288884 11.111795 0.993806
STATIC_OBS_INFO 0 -6.300000 77.953805 20.701928 
STATIC_OBS_INFO 1 -6.300000 63.459313 35.147406 
Parent: -37.412742 10.000000 102.000000 0.000000 15.300000 2.760658 -10.000000 3.326601 35.000000 0.000000 0 0 0 0 0 0 0 0
Child: 2.760658 10.000000 101.000000 0.000000 15.150000 11.260658 -10.000000 0.000000 0.000000 0.000000 0 0 0 0 0 0 0 0
Child: 11.260658 9.564397 97.000000 14.153094 100.050000 0.000000 0.000000 0.000000 0.000000 0.000000 0 0 0 0 0 0 0 0
EGO_STATUS -4.084084 98.536797 6.500000 1.802977 8.887269 3.000000 -2.940000
DYNAMIC_OBS_INFO 0 -5.750000 36.722037 1.570796 33.316766 -5.750000 132.686966 18.908458 1.275269
DYNAMIC_OBS_INFO 1 -1.750000 35.040035 1.570796 22.143012 -1.750000 77.405032 11.211176 0.993806
STATIC_OBS_INFO 0 -6.300000 77.953805 21.542999 
STATIC_OBS_INFO 1 -6.300000 63.459313 35.999502 
Parent: -49.220810 10.000000 102.000000 0.000000 15.300000 -9.947410 -10.000000 3.226601 34.000000 0.000000 0 0 0 0 0 0 0 0
Child: -9.947410 10.000000 101.000000 0.000000 15.150000 -1.447410 -10.000000 0.000000 0.000000 0.000000 0 0 0 0 0 0 0 0
Child: -1.447410 8.675669 88.000000 14.151569 72.600000 0.000000 -10.000000 0.000000 0.000000 0.000000 0 0 0 0 0 0 0 0
EGO_STATUS -4.285465 99.402405 6.600000 1.794938 8.887269 4.000000 0.000000
DYNAMIC_OBS_INFO 0 -5.750000 36.722037 1.570796 34.337667 -5.750000 134.584188 19.035985 1.275269
DYNAMIC_OBS_INFO 1 -1.750000 35.040035 1.570796 21.909435 -1.750000 78.531119 11.310556 0.993806
STATIC_OBS_INFO 0 -6.300000 77.953805 22.390585 
STATIC_OBS_INFO 1 -6.300000 63.459313 36.855873 
Parent: -50.407271 10.000000 102.000000 0.000000 15.300000 -12.033871 -10.000000 3.126600 33.000000 0.000000 0 0 0 0 0 0 0 0
Child: -12.033871 10.000000 101.000000 0.000000 15.150000 -3.533871 -10.000000 0.000000 0.000000 0.000000 0 0 0 0 0 0 0 0
Child: -3.533871 7.786940 79.000000 14.150111 51.450000 0.000000 -10.000000 0.000000 0.000000 0.000000 0 0 0 0 0 0 0 0
EGO_STATUS -4.477615 100.270104 6.700000 1.781663 8.887269 4.000000 0.000000
DYNAMIC_OBS_INFO 0 -5.750000 36.722037 1.570796 35.370345 -5.750000 136.494163 19.163512 1.275269
DYNAMIC_OBS_INFO 1 -1.750000 35.040035 1.570796 21.669332 -1.750000 79.667143 11.409937 0.993806
STATIC_OBS_INFO 0 -6.300000 77.953805 23.245151 
STATIC_OBS_INFO 1 -6.300000 63.459313 37.717278 
Parent: -51.238358 10.000000 102.000000 0.000000 15.300000 -13.764958 -10.000000 3.026600 32.000000 0.000000 0 0 0 0 0 0 0 0
Child: -13.764958 10.000000 101.000000 0.000000 15.150000 -5.264958 -10.000000 0.000000 0.000000 0.000000 0 0 0 0 0 0 0 0
Child: -5.264958 6.898212 70.000000 14.149109 33.900000 0.000000 -10.000000 0.000000 0.000000 0.000000 0 0 0 0 0 0 0 0
EGO_STATUS -4.655940 101.140743 6.800000 1.763165 8.887269 4.000000 0.000000
DYNAMIC_OBS_INFO 0 -5.750000 36.722037 1.570796 36.413947 -5.750000 138.416891 19.291039 1.275269
DYNAMIC_OBS_INFO 1 -1.750000 35.040035 1.570796 21.422353 -1.750000 80.813106 11.509317 0.993806
STATIC_OBS_INFO 0 -6.300000 77.953805 24.106844 
STATIC_OBS_INFO 1 -6.300000 63.459313 38.584162 
Parent: -51.608472 10.000000 102.000000 0.000000 15.300000 -15.035072 -10.000000 2.926600 31.000000 0.000000 0 0 0 0 0 0 0 0
Child: -15.035072 10.000000 101.000000 0.000000 15.150000 -6.535072 -10.000000 0.000000 0.000000 0.000000 0 0 0 0 0 0 0 0
Child: -6.535072 6.009483 62.000000 14.147750 21.600000 0.000000 -10.000000 0.000000 0.000000 0.000000 0 0 0 0 0 0 0 0
EGO_STATUS -4.815952 102.014925 6.900000 1.739774 8.887269 4.000000 0.000000
DYNAMIC_OBS_INFO 0 -5.750000 36.722037 1.570796 37.467934 -5.750000 140.352371 19.418566 1.275269
DYNAMIC_OBS_INFO 1 -1.750000 35.040035 1.570796 21.167718 -1.750000 81.969007 11.608698 0.993806
STATIC_OBS_INFO 0 -6.300000 77.953805 24.975417 
STATIC_OBS_INFO 1 -6.300000 63.459313 39.456569 
Parent: -52.545727 10.000000 102.000000 0.000000 15.300000 -15.872328 -10.000000 2.826600 31.000000 0.000000 0 0 0 0 0 0 0 0
Child: -15.872328 10.000000 101.000000 0.000000 15.150000 -7.372328 -10.000000 0.000000 0.000000 0.000000 0 0 0 0 0 0 0 0
Child: -7.372328 5.120756 53.000000 14.146503 13.050000 0.000000 -10.000000 0.000000 0.000000 0.000000 0 0 0 0 0 0 0 0
EGO_STATUS -4.953574 102.892902 7.000000 1.712217 8.887269 4.000000 0.000000
DYNAMIC_OBS_INFO 0 -5.750000 36.722037 1.570796 38.532171 -5.750000 142.300604 19.546093 1.275269
DYNAMIC_OBS_INFO 1 -1.750000 35.040035 1.570796 20.904273 -1.750000 83.134846 11.708079 0.993806
STATIC_OBS_INFO 0 -6.300000 77.953805 25.850200 
STATIC_OBS_INFO 1 -6.300000 63.459313 40.334095 
Parent: -52.162600 10.000000 102.000000 0.000000 15.300000 -16.389200 -10.000000 2.726600 30.000000 0.000000 0 0 0 0 0 0 0 0
Child: -16.389200 10.000000 101.000000 0.000000 15.150000 -7.889200 -10.000000 0.000000 0.000000 0.000000 0 0 0 0 0 0 0 0
Child: -7.889200 4.232028 44.000000 14.145794 7.800000 0.000000 -10.000000 0.000000 0.000000 0.000000 0 0 0 0 0 0 0 0
EGO_STATUS -5.065535 103.774513 7.100000 1.681693 8.887269 4.000000 0.000000
DYNAMIC_OBS_INFO 0 -5.750000 36.722037 1.570796 39.606945 -5.750000 144.261590 19.673619 1.275269
DYNAMIC_OBS_INFO 1 -1.750000 35.040035 1.570796 20.630639 -1.750000 84.310622 11.807459 0.993806
STATIC_OBS_INFO 0 -6.300000 77.953805 26.730143 
STATIC_OBS_INFO 1 -6.300000 63.459313 41.215929 
Parent: -68.906013 10.000000 102.000000 0.000000 15.300000 -25.157818 -10.000000 3.751805 39.000000 0.000000 0 0 0 0 0 0 0 0
Child: -25.157818 10.000000 102.000000 0.000000 15.300000 -16.657818 -10.000000 0.000000 0.000000 0.000000 0 0 0 0 0 0 0 0
Child: -16.657818 10.000000 101.000000 0.000000 15.150000 -8.157818 -10.000000 0.000000 0.000000 0.000000 0 0 0 0 0 0 0 0
Child: -8.157818 3.343302 35.000000 14.035244 5.250000 0.000000 -10.000000 0.000000 0.000000 0.000000 0 0 0 0 0 0 0 0
EGO_STATUS -5.149853 104.659192 7.200000 1.649964 8.887269 4.000000 0.000000
DYNAMIC_OBS_INFO 0 -5.750000 36.722037 1.570796 40.692877 -5.750000 146.235328 19.801146 1.275269
DYNAMIC_OBS_INFO 1 -1.750000 35.040035 1.570796 20.345490 -1.750000 85.496337 11.906840 0.993806
STATIC_OBS_INFO 0 -6.300000 77.953805 27.613941 
STATIC_OBS_INFO 1 -6.300000 63.459313 42.100975 
Parent: -68.266690 10.000000 102.000000 0.000000 15.300000 -25.418495 -10.000000 3.651805 38.000000 0.000000 0 0 0 0 0 0 0 0
Child: -25.418495 10.000000 102.000000 0.000000 15.300000 -16.918495 -10.000000 0.000000 0.000000 0.000000 0 0 0 0 0 0 0 0
Child: -16.918495 10.000000 101.000000 0.000000 15.150000 -8.418495 -10.000000 0.000000 0.000000 0.000000 0 0 0 0 0 0 0 0
Child: -8.418495 2.454575 26.000000 12.852035 3.900000 0.000000 -10.000000 0.000000 0.000000 0.000000 0 0 0 0 0 0 0 0
EGO_STATUS -5.206401 105.546082 7.300000 1.619449 8.887269 4.000000 0.000000
DYNAMIC_OBS_INFO 0 -5.750000 36.722037 1.570796 41.790724 -5.750000 148.221819 19.928673 1.275269
DYNAMIC_OBS_INFO 1 -1.750000 35.040035 1.570796 20.047925 -1.750000 86.691990 12.006220 0.993806
STATIC_OBS_INFO 0 -6.300000 77.953805 28.500242 
STATIC_OBS_INFO 1 -6.300000 63.459313 42.988055 
Parent: -67.785060 10.000000 102.000000 0.000000 15.300000 -25.836865 -10.000000 3.551805 37.000000 0.000000 0 0 0 0 0 0 0 0
Child: -25.836865 10.000000 102.000000 0.000000 15.300000 -17.336865 -10.000000 0.000000 0.000000 0.000000 0 0 0 0 0 0 0 0
Child: -17.336865 10.000000 101.000000 0.000000 15.150000 -8.836865 -10.000000 0.000000 0.000000 0.000000 0 0 0 0 0 0 0 0
Child: -8.836865 1.565849 17.000000 10.077844 2.550000 0.000000 -10.000000 0.000000 0.000000 0.000000 0 0 0 0 0 0 0 0
EGO_STATUS -5.237550 106.434237 7.400000 1.593318 8.887269 4.000000 0.000000
DYNAMIC_OBS_INFO 0 -5.750000 36.722037 1.570796 42.901110 -5.750000 150.221063 20.056200 1.275269
DYNAMIC_OBS_INFO 1 -1.750000 35.040035 1.570796 19.737894 -1.750000 87.897582 12.105601 0.993806
STATIC_OBS_INFO 0 -6.300000 77.953805 29.387878 
STATIC_OBS_INFO 1 -6.300000 63.459313 43.876158 
Parent: -67.497241 10.000000 102.000000 0.000000 15.300000 -26.449046 -10.000000 3.451805 36.000000 0.000000 0 0 0 0 0 0 0 0
Child: -26.449046 10.000000 102.000000 0.000000 15.300000 -17.949046 -10.000000 0.000000 0.000000 0.000000 0 0 0 0 0 0 0 0
Child: -17.949046 10.000000 101.000000 0.000000 15.150000 -9.449046 -10.000000 0.000000 0.000000 0.000000 0 0 0 0 0 0 0 0
Child: -9.449046 0.677122 8.000000 5.309362 1.200000 0.000000 -10.000000 0.000000 0.000000 0.000000 0 0 0 0 0 0 0 0
EGO_STATUS -5.248895 107.322879 7.500000 1.575593 8.887269 4.000000 0.000000
DYNAMIC_OBS_INFO 0 -5.750000 36.722037 1.570796 44.024294 -5.750000 152.233059 20.183727 1.275269
DYNAMIC_OBS_INFO 1 -1.750000 35.040035 1.570796 19.416551 -1.750000 89.113111 12.204982 0.993806
STATIC_OBS_INFO 0 -6.300000 77.953805 30.276013 
STATIC_OBS_INFO 1 -6.300000 63.459313 44.764607 
Parent: -57.179936 10.000000 102.000000 0.000000 15.300000 -17.031741 -10.000000 3.351805 35.000000 0.000000 0 0 0 0 0 0 0 0
Child: -17.031741 10.000000 102.000000 0.000000 15.300000 -8.531741 -10.000000 0.000000 0.000000 0.000000 0 0 0 0 0 0 0 0
Child: -8.531741 9.788395 99.000000 0.000000 14.850000 0.000000 -10.000000 0.000000 0.000000 0.000000 0 0 0 0 0 0 0 0
EGO_STATUS -5.250000 108.211605 7.600000 1.570796 8.887269 4.000000 0.000000
DYNAMIC_OBS_INFO 0 -5.750000 36.722037 1.570796 45.160244 -5.750000 154.257808 20.311254 1.275269
DYNAMIC_OBS_INFO 1 -1.750000 35.040035 1.570796 19.085424 -1.750000 90.338578 12.304362 0.993806
STATIC_OBS_INFO 0 -6.300000 77.953805 31.164220 
STATIC_OBS_INFO 1 -6.300000 63.459313 45.653094 
Parent: -56.413245 10.000000 102.000000 0.000000 15.300000 -17.165050 -10.000000 3.251805 34.000000 0.000000 0 0 0 0 0 0 0 0
Child: -17.165050 10.000000 102.000000 0.000000 15.300000 -8.665050 -10.000000 0.000000 0.000000 0.000000 0 0 0 0 0 0 0 0
Child: -8.665050 8.899668 90.000000 0.000000 13.500000 0.000000 -10.000000 0.000000 0.000000 0.000000 0 0 0 0 0 0 0 0
EGO_STATUS -5.250000 109.100332 7.700000 1.570796 8.887269 4.000000 0.000000
DYNAMIC_OBS_INFO 0 -5.750000 36.722037 1.570796 46.308951 -5.750000 156.295310 20.438781 1.275269
DYNAMIC_OBS_INFO 1 -1.750000 35.040035 1.570796 18.744733 -1.750000 91.573983 12.403743 0.993806
STATIC_OBS_INFO 0 -6.300000 77.953805 32.052457 
STATIC_OBS_INFO 1 -6.300000 63.459313 46.541591 
Parent: -56.646554 10.000000 102.000000 0.000000 15.300000 -17.298359 -10.000000 3.151805 34.000000 0.000000 0 0 0 0 0 0 0 0
Child: -17.298359 10.000000 102.000000 0.000000 15.300000 -8.798359 -10.000000 0.000000 0.000000 0.000000 0 0 0 0 0 0 0 0
Child: -8.798359 8.010942 82.000000 0.000000 12.300000 0.000000 -10.000000 0.000000 0.000000 0.000000 0 0 0 0 0 0 0 0
EGO_STATUS -5.250000 109.989058 7.800000 1.570796 8.887269 4.000000 0.000000
DYNAMIC_OBS_INFO 0 -5.750000 36.722037 1.570796 47.470412 -5.750000 158.345564 20.566308 1.275269
DYNAMIC_OBS_INFO 1 -1.750000 35.040035 1.570796 18.394508 -1.750000 92.819326 12.503123 0.993806
STATIC_OBS_INFO 0 -6.300000 77.953805 32.940719 
STATIC_OBS_INFO 1 -6.300000 63.459313 47.430096 
Parent: -55.879863 10.000000 102.000000 0.000000 15.300000 -17.431668 -10.000000 3.051805 33.000000 0.000000 0 0 0 0 0 0 0 0
Child: -17.431668 10.000000 102.000000 0.000000 15.300000 -8.931668 -10.000000 0.000000 0.000000 0.000000 0 0 0 0 0 0 0 0
Child: -8.931668 7.122215 73.000000 0.000000 10.950000 0.000000 -10.000000 0.000000 0.000000 0.000000 0 0 0 0 0 0 0 0
EGO_STATUS -5.250000 110.877785 7.900000 1.570796 8.887269 4.000000 0.000000
DYNAMIC_OBS_INFO 0 -5.750000 36.722037 1.570796 48.644629 -5.750000 160.408571 20.693834 1.275269
DYNAMIC_OBS_INFO 1 -1.750000 35.040035 1.570796 18.034785 -1.750000 94.074608 12.602504 0.993806
STATIC_OBS_INFO 0 -6.300000 77.953805 33.829007 
STATIC_OBS_INFO 1 -6.300000 63.459313 48.318609 
Parent: -55.113172 10.000000 102.000000 0.000000 15.300000 -17.564977 -10.000000 2.951805 32.000000 0.000000 0 0 0 0 0 0 0 0
Child: -17.564977 10.000000 102.000000 0.000000 15.300000 -9.064977 -10.000000 0.000000 0.000000 0.000000 0 0 0 0 0 0 0 0
Child: -9.064977 6.233488 64.000000 0.000000 9.600000 0.000000 -10.000000 0.000000 0.000000 0.000000 0 0 0 0 0 0 0 0
EGO_STATUS -5.250000 111.766512 8.000000 1.570796 8.887269 4.000000 0.000000
DYNAMIC_OBS_INFO 0 -5.750000 36.722037 1.570796 49.831600 -5.750000 162.484331 20.821361 1.275269
DYNAMIC_OBS_INFO 1 -1.750000 35.040035 1.570796 17.665602 -1.750000 95.339827 12.701885 0.993806
STATIC_OBS_INFO 0 -6.300000 77.953805 34.717316 
STATIC_OBS_INFO 1 -6.300000 63.459313 49.207130 
Parent: -54.346481 10.000000 102.000000 0.000000 15.300000 -17.698286 -10.000000 2.851805 31.000000 0.000000 0 0 0 0 0 0 0 0
Child: -17.698286 10.000000 102.000000 0.000000 15.300000 -9.198286 -10.000000 0.000000 0.000000 0.000000 0 0 0 0 0 0 0 0
Child: -9.198286 5.344761 55.000000 0.000000 8.250000 0.000000 -10.000000 0.000000 0.000000 0.000000 0 0 0 0 0 0 0 0
EGO_STATUS -5.250000 112.655239 8.100000 1.570796 8.887269 4.000000 0.000000
DYNAMIC_OBS_INFO 0 -5.750000 36.722037 1.570796 51.031327 -5.750000 164.572843 20.948888 1.275269
DYNAMIC_OBS_INFO 1 -1.750000 35.040035 1.570796 17.287001 -1.750000 96.614985 12.801265 0.993806
STATIC_OBS_INFO 0 -6.300000 77.953805 35.605647 
STATIC_OBS_INFO 1 -6.300000 63.459313 50.095658 
Parent: -53.579790 10.000000 102.000000 0.000000 15.300000 -17.831595 -10.000000 2.751805 30.000000 0.000000 0 0 0 0 0 0 0 0
Child: -17.831595 10.000000 102.000000 0.000000 15.300000 -9.331595 -10.000000 0.000000 0.000000 0.000000 0 0 0 0 0 0 0 0
Child: -9.331595 4.456034 46.000000 0.000000 6.900000 0.000000 -10.000000 0.000000 0.000000 0.000000 0 0 0 0 0 0 0 0
EGO_STATUS -5.250000 113.543966 8.200000 1.570796 8.887269 4.000000 0.000000
DYNAMIC_OBS_INFO 0 -5.750000 36.722037 1.570796 52.243808 -5.750000 166.674109 21.076415 1.275269
DYNAMIC_OBS_INFO 1 -1.750000 35.040035 1.570796 16.899032 -1.750000 97.900080 12.900646 0.993806
STATIC_OBS_INFO 0 -6.300000 77.953805 36.493997 
STATIC_OBS_INFO 1 -6.300000 63.459313 50.984193 
Parent: -70.187894 10.000000 101.000000 0.000000 15.150000 -26.464904 -10.000000 3.777010 39.000000 0.000000 0 0 0 0 0 0 0 0
Child: -26.464904 10.000000 102.000000 0.000000 15.300000 -17.964904 -10.000000 0.000000 0.000000 0.000000 0 0 0 0 0 0 0 0
Child: -17.964904 10.000000 102.000000 0.000000 15.300000 -9.464904 -10.000000 0.000000 0.000000 0.000000 0 0 0 0 0 0 0 0
Child: -9.464904 3.567307 37.000000 0.000000 5.550000 0.000000 -10.000000 0.000000 0.000000 0.000000 0 0 0 0 0 0 0 0
EGO_STATUS -5.250000 114.432693 8.300000 1.570796 8.887269 4.000000 0.000000
DYNAMIC_OBS_INFO 0 -5.750000 36.722037 1.570796 53.469044 -5.750000 168.788126 21.203942 1.275269
DYNAMIC_OBS_INFO 1 -1.750000 35.040035 1.570796 16.501750 -1.750000 99.195114 13.000026 0.993806
STATIC_OBS_INFO 0 -6.300000 77.953805 37.382364 
STATIC_OBS_INFO 1 -6.300000 63.459313 51.872735 
Parent: -69.421203 10.000000 101.000000 0.000000 15.150000 -26.598213 -10.000000 3.677010 38.000000 0.000000 0 0 0 0 0 0 0 0
Child: -26.598213 10.000000 102.000000 0.000000 15.300000 -18.098213 -10.000000 0.000000 0.000000 0.000000 0 0 0 0 0 0 0 0
Child: -18.098213 10.000000 102.000000 0.000000 15.300000 -9.598213 -10.000000 0.000000 0.000000 0.000000 0 0 0 0 0 0 0 0
Child: -9.598213 2.678580 28.000000 0.000000 4.200000 0.000000 -10.000000 0.000000 0.000000 0.000000 0 0 0 0 0 0 0 0
EGO_STATUS -5.250000 115.321420 8.400000 1.570796 8.887269 4.000000 0.000000
DYNAMIC_OBS_INFO 0 -5.750000 36.722037 1.570796 54.707035 -5.750000 170.914897 21.331469 1.275269
DYNAMIC_OBS_INFO 1 -1.750000 35.040035 1.570796 16.095218 -1.750000 100.500086 13.099407 0.993806
STATIC_OBS_INFO 0 -6.300000 77.953805 38.270749 
STATIC_OBS_INFO 1 -6.300000 63.459313 52.761283 
Parent: -68.654512 10.000000 101.000000 0.000000 15.150000 -26.731522 -10.000000 3.577010 37.000000 0.000000 0 0 0 0 0 0 0 0
Child: -26.731522 10.000000 102.000000 0.000000 15.300000 -18.231522 -10.000000 0.000000 0.000000 0.000000 0 0 0 0 0 0 0 0
Child: -18.231522 10.000000 102.000000 0.000000 15.300000 -9.731522 -10.000000 0.000000 0.000000 0.000000 0 0 0 0 0 0 0 0
Child: -9.731522 1.789853 19.000000 0.000000 2.850000 0.000000 -10.000000 0.000000 0.000000 0.000000 0 0 0 0 0 0 0 0
EGO_STATUS -5.250000 116.210147 8.500000 1.570796 8.887269 4.000000 0.000000
DYNAMIC_OBS_INFO 0 -5.750000 36.722037 1.570796 55.957780 -5.750000 173.054420 21.458996 1.275269
DYNAMIC_OBS_INFO 1 -1.750000 35.040035 1.570796 15.679507 -1.750000 101.814995 13.198788 0.993806
STATIC_OBS_INFO 0 -6.300000 77.953805 39.159149 
STATIC_OBS_INFO 1 -6.300000 63.459313 53.649836 
Parent: -67.887821 10.000000 101.000000 0.000000 15.150000 -26.864831 -10.000000 3.477010 36.000000 0.000000 0 0 0 0 0 0 0 0
Child: -26.864831 10.000000 102.000000 0.000000 15.300000 -18.364831 -10.000000 0.000000 0.000000 0.000000 0 0 0 0 0 0 0 0
Child: -18.364831 10.000000 102.000000 0.000000 15.300000 -9.864831 -10.000000 0.000000 0.000000 0.000000 0 0 0 0 0 0 0 0
Child: -9.864831 0.901126 11.000000 0.000000 1.650000 0.000000 -10.000000 0.000000 0.000000 0.000000 0 0 0 0 0 0 0 0
EGO_STATUS -5.250000 117.098874 8.600000 1.570796 8.887269 4.000000 0.000000
DYNAMIC_OBS_INFO 0 -5.750000 36.722037 1.570796 57.221280 -5.750000 175.206696 21.586522 1.275269
DYNAMIC_OBS_INFO 1 -1.750000 35.040035 1.570796 15.254701 -1.750000 103.139843 13.298168 0.993806
STATIC_OBS_INFO 0 -6.300000 77.953805 40.047563 
STATIC_OBS_INFO 1 -6.300000 63.459313 54.538396 
Parent: -68.121130 10.000000 101.000000 0.000000 15.150000 -26.998140 -10.000000 3.377010 36.000000 0.000000 0 0 0 0 0 0 0 0
Child: -26.998140 10.000000 102.000000 0.000000 15.300000 -18.498140 -10.000000 0.000000 0.000000 0.000000 0 0 0 0 0 0 0 0
Child: -18.498140 10.000000 102.000000 0.000000 15.300000 -9.998140 -10.000000 0.000000 0.000000 0.000000 0 0 0 0 0 0 0 0
Child: -9.998140 0.012399 2.000000 0.000000 0.300000 0.000000 -10.000000 0.000000 0.000000 0.000000 0 0 0 0 0 0 0 0
EGO_STATUS -5.250000 117.987601 8.700000 1.570796 8.887269 4.000000 0.000000
DYNAMIC_OBS_INFO 0 -5.750000 36.722037 1.570796 58.497534 -5.750000 177.371725 21.714049 1.275269
DYNAMIC_OBS_INFO 1 -1.750000 35.040035 1.570796 14.820895 -1.750000 104.474629 13.397549 0.993806
STATIC_OBS_INFO 0 -6.300000 77.953805 40.935991 
STATIC_OBS_INFO 1 -6.300000 63.459313 55.426961 
Parent: -57.354439 10.000000 101.000000 0.000000 15.150000 -17.131449 -10.000000 3.277010 35.000000 0.000000 0 0 0 0 0 0 0 0
Child: -17.131449 10.000000 102.000000 0.000000 15.300000 -8.631449 -10.000000 0.000000 0.000000 0.000000 0 0 0 0 0 0 0 0
Child: -8.631449 9.123672 93.000000 0.000000 13.950000 0.000000 -10.000000 0.000000 0.000000 0.000000 0 0 0 0 0 0 0 0
EGO_STATUS -5.250000 118.876328 8.800000 1.570796 8.887269 4.000000 0.000000
DYNAMIC_OBS_INFO 0 -5.750000 36.722037 1.570796 59.786542 -5.750000 179.549506 21.841576 1.275269
DYNAMIC_OBS_INFO 1 -1.750000 35.040035 1.570796 14.378199 -1.750000 105.819353 13.496929 0.993806
STATIC_OBS_INFO 0 -6.300000 77.953805 41.824432 
STATIC_OBS_INFO 1 -6.300000 63.459313 56.315531 
Parent: -56.587748 10.000000 101.000000 0.000000 15.150000 -17.264758 -10.000000 3.177010 34.000000 0.000000 0 0 0 0 0 0 0 0
Child: -17.264758 10.000000 102.000000 0.000000 15.300000 -8.764758 -10.000000 0.000000 0.000000 0.000000 0 0 0 0 0 0 0 0
Child: -8.764758 8.234945 84.000000 0.000000 12.600000 0.000000 -10.000000 0.000000 0.000000 0.000000 0 0 0 0 0 0 0 0
EGO_STATUS -5.250000 119.765055 8.900000 1.570796 8.887269 4.000000 0.000000
DONE
FINISHED
