STATIC_OBS_INIT_INFO 0 -6.300000 77.162396
STATIC_OBS_INIT_INFO 1 -6.300000 64.415730
Parent: -28.582297 10.000000 102.000000 0.000000 15.300000 17.766409 -10.000000 2.151295 40.000000 0.000000 0 0 0 0 0 0 0 0
Child: 17.766409 24.386152 245.000000 11.810378 267.150000 0.000000 -10.000000 0.000000 0.000000 0.000000 0 0 0 0 0 0 0 0
EGO_STATUS -5.750000 17.622630 0.000000 1.570796 15.983933 4.000000 0.000000
DYNAMIC_OBS_INFO 0 -5.750000 30.449844 1.570796 11.228821 -5.750000 30.449844 14.497903 1.275514
DYNAMIC_OBS_INFO 1 -1.750000 31.587264 1.570796 12.997069 -1.750000 31.587264 4.816152 0.641277
STATIC_OBS_INFO 0 -6.300000 77.162396 57.943983 
STATIC_OBS_INFO 1 -6.300000 64.415730 45.198053 
Parent: 259.739857 10.000000 101.000000 0.000000 3115.150000 6.632241 -10.000000 2.676923 48.000000 0.000000 0 0 0 0 0 0 0 0
Child: 6.632241 10.000000 102.000000 0.000000 15.300000 15.132241 -10.000000 0.000000 0.000000 0.000000 0 0 0 0 0 0 0 0
Child: 15.132241 22.787758 229.000000 11.810306 240.750000 0.000000 -10.000000 0.000000 0.000000 0.000000 0 0 0 0 0 0 0 0
EGO_STATUS -5.749989 19.221024 0.100000 1.570762 15.983933 4.000000 0.000000
DYNAMIC_OBS_INFO 0 -5.750000 30.449844 1.570796 11.086595 -5.750000 31.906012 14.625454 1.275514
DYNAMIC_OBS_INFO 1 -1.750000 31.587264 1.570796 11.486685 -1.750000 31.587264 4.816152 0.641277
STATIC_OBS_INFO 0 -6.300000 77.162396 56.345666 
STATIC_OBS_INFO 1 -6.300000 64.415730 43.599787 
Parent: 258.006172 10.000000 101.000000 0.000000 3115.150000 3.998556 -10.000000 2.576923 47.000000 0.000000 0 0 0 0 0 0 0 0
Child: 3.998556 10.000000 102.000000 0.000000 15.300000 12.498556 -10.000000 0.000000 0.000000 0.000000 0 0 0 0 0 0 0 0
Child: 12.498556 21.189365 213.000000 11.810262 214.350000 0.000000 -10.000000 0.000000 0.000000 0.000000 0 0 0 0 0 0 0 0
EGO_STATUS -5.749677 20.819417 0.200000 1.570316 15.983933 4.000000 0.000000
DYNAMIC_OBS_INFO 0 -5.750000 30.449844 1.570796 10.957126 -5.750000 33.374935 14.753006 1.275514
DYNAMIC_OBS_INFO 1 -1.750000 31.587264 1.570796 10.003080 -1.750000 31.587264 4.816152 0.641277
STATIC_OBS_INFO 0 -6.300000 77.162396 54.747371 
STATIC_OBS_INFO 1 -6.300000 64.415730 42.001551 
Parent: 189.064305 20.435104 206.000000 33.963002 2061.400000 21.214525 0.000000 4.990747 45.000000 0.000000 0 0 1 0 0 0 0 0
Child: 21.214525 19.590972 197.000000 25.375877 187.950000 0.000000 0.000000 0.000000 0.000000 0.000000 0 0 0 1 0 0 0 0
EGO_STATUS -5.747838 22.417809 0.300000 1.568718 15.983933 4.000000 0.000000
DYNAMIC_OBS_INFO 0 -5.750000 30.449844 1.570796 10.869851 -5.750000 34.856613 14.880557 1.275514
DYNAMIC_OBS_INFO 1 -1.750000 31.587264 1.570796 8.585172 -1.750000 31.587264 4.816152 0.641277
STATIC_OBS_INFO 0 -6.300000 77.162396 53.178557 
STATIC_OBS_INFO 1 -6.300000 64.415730 40.432813 
Parent: 177.274418 20.435104 206.000000 33.962925 2061.400000 8.524627 0.000000 4.890764 44.000000 0.000000 0 0 1 0 0 0 0 0
Child: 8.524627 18.022006 182.000000 25.375858 161.700000 0.000000 -10.000000 0.000000 0.000000 0.000000 0 0 0 1 0 0 0 0
EGO_STATUS -5.742192 23.986765 0.400000 1.565340 15.395933 1.000000 -5.880000
DYNAMIC_OBS_INFO 0 -5.750000 30.449844 1.570796 10.854168 -5.750000 36.351046 15.008109 1.275514
DYNAMIC_OBS_INFO 1 -1.750000 31.587264 1.570796 7.275624 -1.750000 31.587264 4.816152 0.641277
STATIC_OBS_INFO 0 -6.300000 77.162396 51.668641 
STATIC_OBS_INFO 1 -6.300000 64.415730 38.923004 
Parent: 264.939224 10.000000 101.000000 0.000000 3115.150000 6.042837 -10.000000 2.465694 42.000000 0.000000 0 0 0 0 0 0 0 0
Child: 6.042837 10.000000 102.000000 0.000000 15.300000 14.542837 -10.000000 0.000000 0.000000 0.000000 0 0 0 0 0 0 0 0
Child: 14.542837 16.511825 167.000000 10.135727 136.950000 0.000000 0.000000 0.000000 0.000000 0.000000 0 0 0 0 0 0 0 0
EGO_STATUS -5.730218 25.496896 0.500000 1.560063 14.807933 1.000000 -5.880000
DYNAMIC_OBS_INFO 0 -5.750000 30.449844 1.570796 10.880771 -5.750000 37.858235 15.135660 1.275514
DYNAMIC_OBS_INFO 1 -1.750000 31.587264 1.570796 6.076673 -1.750000 31.587264 4.816152 0.641277
STATIC_OBS_INFO 0 -6.300000 77.162396 50.188332 
STATIC_OBS_INFO 1 -6.300000 64.415730 37.442850 
Parent: 253.393867 10.000000 101.000000 0.000000 3115.150000 -6.402519 -10.000000 2.365694 41.000000 0.000000 0 0 0 0 0 0 0 0
Child: -6.402519 10.000000 102.000000 0.000000 15.300000 2.097481 -10.000000 0.000000 0.000000 0.000000 0 0 0 0 0 0 0 0
Child: 2.097481 15.031032 152.000000 10.134717 112.200000 0.000000 -10.000000 0.000000 0.000000 0.000000 0 0 0 0 0 0 0 0
EGO_STATUS -5.709343 26.977540 0.600000 1.553077 14.807933 4.000000 0.000000
DYNAMIC_OBS_INFO 0 -5.750000 30.449844 1.570796 10.920443 -5.750000 39.378178 15.263211 1.275514
DYNAMIC_OBS_INFO 1 -1.750000 31.587264 1.570796 5.337050 -1.750000 32.072085 4.880280 0.641277
STATIC_OBS_INFO 0 -6.300000 77.162396 48.708400 
STATIC_OBS_INFO 1 -6.300000 64.415730 35.963146 
Parent: 627.145923 30.290952 304.000000 3024.268117 3832.100000 0.007907 -10.000000 2.960656 49.000000 0.000000 1 0 0 0 0 0 0 0
Child: 0.007907 13.550239 137.000000 10.135174 91.050000 0.000000 -10.000000 0.000000 0.000000 0.000000 0 0 0 0 0 0 0 0
EGO_STATUS -5.677128 28.457978 0.700000 1.544878 14.807933 4.000000 0.000000
DYNAMIC_OBS_INFO 0 -5.750000 30.449844 1.570796 10.973413 -5.750000 40.910877 15.390763 1.275514
DYNAMIC_OBS_INFO 1 -1.750000 31.587264 1.570796 4.686731 -1.750000 32.563320 4.944408 0.641277
STATIC_OBS_INFO 0 -6.300000 77.162396 47.229020 
STATIC_OBS_INFO 1 -6.300000 64.415730 34.484098 
Parent: 626.045013 30.290952 304.000000 3024.268117 3832.100000 -1.993003 -10.000000 2.860656 48.000000 0.000000 1 0 0 0 0 0 0 0
Child: -1.993003 12.069446 122.000000 10.136083 70.800000 0.000000 -10.000000 0.000000 0.000000 0.000000 0 0 0 0 0 0 0 0
EGO_STATUS -5.632478 29.938094 0.800000 1.536474 14.807933 4.000000 0.000000
DYNAMIC_OBS_INFO 0 -5.750000 30.449844 1.570796 11.039893 -5.750000 42.456331 15.518314 1.275514
DYNAMIC_OBS_INFO 1 -1.750000 31.587264 1.570796 4.163965 -1.750000 33.060967 5.008535 0.641277
STATIC_OBS_INFO 0 -6.300000 77.162396 45.750316 
STATIC_OBS_INFO 1 -6.300000 64.415730 33.005863 
Parent: 626.151304 30.290952 304.000000 3024.268117 3832.100000 -3.786711 -10.000000 2.760656 46.000000 0.000000 1 0 0 0 0 0 0 0
Child: -3.786711 10.588653 107.000000 10.136264 52.650000 0.000000 -10.000000 0.000000 0.000000 0.000000 0 0 0 0 0 0 0 0
EGO_STATUS -5.576047 31.417808 0.900000 1.529197 14.807933 4.000000 0.000000
DYNAMIC_OBS_INFO 0 -5.750000 30.449844 1.570796 11.119964 -5.750000 44.014540 15.645866 1.275514
DYNAMIC_OBS_INFO 1 -1.750000 31.587264 1.570796 3.819444 -1.750000 33.565027 5.072663 0.641277
STATIC_OBS_INFO 0 -6.300000 77.162396 44.272281 
STATIC_OBS_INFO 1 -6.300000 64.415730 31.528461 
Parent: 615.425384 39.782650 399.000000 3050.934937 3646.150000 0.000000 -10.000000 2.686577 45.000000 0.000000 1 0 0 0 0 0 0 0
EGO_STATUS -5.510598 32.897153 1.000000 1.524525 14.807933 4.000000 0.000000
DYNAMIC_OBS_INFO 0 -5.750000 30.449844 1.570796 11.213452 -5.750000 45.585504 15.773417 1.275514
DYNAMIC_OBS_INFO 1 -1.750000 31.587264 1.570796 3.703248 -1.750000 34.075499 5.136791 0.641277
STATIC_OBS_INFO 0 -6.300000 77.162396 42.794707 
STATIC_OBS_INFO 1 -6.300000 64.415730 30.051699 
Parent: 348.711442 30.290952 304.000000 14.341194 3832.100000 5.203671 0.000000 3.243411 43.000000 0.000000 0 0 0 0 0 0 0 0
Child: 5.203671 7.627112 78.000000 28.316253 24.900000 0.000000 0.000000 0.000000 0.000000 0.000000 0 0 0 1 0 0 0 0
EGO_STATUS -5.441010 34.376310 1.100000 1.523771 14.807933 4.000000 0.000000
DYNAMIC_OBS_INFO 0 -5.750000 30.449844 1.570796 11.349266 -5.750000 47.169223 15.900969 1.275514
DYNAMIC_OBS_INFO 1 -1.750000 31.587264 1.570796 3.829088 -1.750000 34.592385 5.200918 0.641277
STATIC_OBS_INFO 0 -6.300000 77.162396 41.346588 
STATIC_OBS_INFO 1 -6.300000 64.415730 28.604536 
Parent: 636.048382 30.290952 304.000000 3022.379083 3832.100000 2.494771 -10.000000 2.564478 42.000000 0.000000 1 0 0 0 0 0 0 0
Child: 2.494771 6.175755 63.000000 9.999608 15.450000 0.000000 0.000000 0.000000 0.000000 0.000000 0 0 0 0 0 0 0 0
EGO_STATUS -5.374875 35.826159 1.200000 1.527407 14.219933 1.000000 -5.880000
DYNAMIC_OBS_INFO 0 -5.750000 30.449844 1.570796 11.526741 -5.750000 48.765698 16.028520 1.275514
DYNAMIC_OBS_INFO 1 -1.750000 31.587264 1.570796 4.156615 -1.750000 35.115683 5.265046 0.641277
STATIC_OBS_INFO 0 -6.300000 77.162396 39.927426 
STATIC_OBS_INFO 1 -6.300000 64.415730 27.186417 
Parent: 625.893165 10.000000 101.000000 0.000000 2055.350000 469.916461 -10.000000 2.476704 40.000000 0.000000 0 0 0 0 0 0 0 0
Child: 469.916461 25.218566 254.000000 3070.591937 1763.100000 0.000000 -10.000000 0.000000 0.000000 0.000000 1 0 0 0 0 0 0 0
EGO_STATUS -5.318585 37.247033 1.300000 1.535827 14.219933 4.000000 0.000000
DYNAMIC_OBS_INFO 0 -5.750000 30.449844 1.570796 11.716031 -5.750000 50.374927 16.156072 1.275514
DYNAMIC_OBS_INFO 1 -1.750000 31.587264 1.570796 4.645695 -1.750000 35.645394 5.329174 0.641277
STATIC_OBS_INFO 0 -6.300000 77.162396 38.507547 
STATIC_OBS_INFO 1 -6.300000 64.415730 25.767598 
Parent: 812.008917 10.000000 101.000000 0.000000 2055.350000 664.441201 -10.000000 3.067716 49.000000 0.000000 0 0 0 0 0 0 0 0
Child: 664.441201 30.290952 304.000000 3022.379083 3832.100000 -8.547933 -10.000000 0.000000 0.000000 0.000000 1 0 0 0 0 0 0 0
Child: -8.547933 3.331768 35.000000 10.003867 5.250000 0.000000 -10.000000 0.000000 0.000000 0.000000 0 0 0 0 0 0 0 0
EGO_STATUS -5.277572 38.668425 1.400000 1.548582 14.219933 4.000000 0.000000
DYNAMIC_OBS_INFO 0 -5.750000 30.449844 1.570796 11.916923 -5.750000 51.996912 16.283623 1.275514
DYNAMIC_OBS_INFO 1 -1.750000 31.587264 1.570796 5.250603 -1.750000 36.181518 5.393302 0.641277
STATIC_OBS_INFO 0 -6.300000 77.162396 37.086858 
STATIC_OBS_INFO 1 -6.300000 64.415730 24.347891 
Parent: 761.252366 10.000000 101.000000 0.000000 2055.350000 611.782612 -10.000000 2.969754 47.000000 0.000000 0 0 0 0 0 0 0 0
Child: 611.782612 32.229706 324.000000 3027.379605 3223.300000 0.000000 -10.000000 0.000000 0.000000 0.000000 1 0 0 0 0 0 0 0
EGO_STATUS -5.255812 40.090241 1.500000 1.562036 14.219933 4.000000 0.000000
DYNAMIC_OBS_INFO 0 -5.750000 30.449844 1.570796 12.129739 -5.750000 53.631652 16.411174 1.275514
DYNAMIC_OBS_INFO 1 -1.750000 31.587264 1.570796 5.931043 -1.750000 36.724054 5.457429 0.641277
STATIC_OBS_INFO 0 -6.300000 77.162396 35.665634 
STATIC_OBS_INFO 1 -6.300000 64.415730 22.927563 
Parent: 761.709743 10.000000 101.000000 0.000000 2055.350000 611.339988 -10.000000 2.869755 46.000000 0.000000 0 0 0 0 0 0 0 0
Child: 611.339988 30.807723 310.000000 3027.378915 3224.800000 0.000000 -10.000000 0.000000 0.000000 0.000000 1 0 0 0 0 0 0 0
EGO_STATUS -5.250109 41.512218 1.600000 1.570173 14.219933 4.000000 0.000000
DYNAMIC_OBS_INFO 0 -5.750000 30.449844 1.570796 12.355085 -5.750000 55.279147 16.538726 1.275514
DYNAMIC_OBS_INFO 1 -1.750000 31.587264 1.570796 6.655409 -1.750000 37.273004 5.521557 0.641277
STATIC_OBS_INFO 0 -6.300000 77.162396 34.244307 
STATIC_OBS_INFO 1 -6.300000 64.415730 21.507199 
Parent: 761.949172 10.000000 101.000000 0.000000 2055.350000 610.679417 -10.000000 2.769755 45.000000 0.000000 0 0 0 0 0 0 0 0
Child: 610.679417 29.385736 295.000000 3027.378672 3203.550000 0.000000 -10.000000 0.000000 0.000000 0.000000 1 0 0 0 0 0 0 0
EGO_STATUS -5.249315 42.934211 1.700000 1.568459 14.219933 4.000000 0.000000
DYNAMIC_OBS_INFO 0 -5.750000 30.449844 1.570796 12.593661 -5.750000 56.939397 16.666277 1.275514
DYNAMIC_OBS_INFO 1 -1.750000 31.587264 1.570796 7.401218 -1.750000 37.828366 5.585685 0.641277
STATIC_OBS_INFO 0 -6.300000 77.162396 32.823432 
STATIC_OBS_INFO 1 -6.300000 64.415730 20.087675 
Parent: 763.271075 10.000000 101.000000 0.000000 2055.350000 610.101320 -10.000000 2.669756 43.000000 0.000000 0 0 0 0 0 0 0 0
Child: 610.101320 27.963746 281.000000 3027.377712 3203.850000 0.000000 -10.000000 0.000000 0.000000 0.000000 1 0 0 0 0 0 0 0
EGO_STATUS -5.237990 44.356149 1.800000 1.555326 14.219933 4.000000 0.000000
DYNAMIC_OBS_INFO 0 -5.750000 30.449844 1.570796 12.846567 -5.750000 58.612403 16.793829 1.275514
DYNAMIC_OBS_INFO 1 -1.750000 31.587264 1.570796 8.153438 -1.750000 38.390141 5.649812 0.641277
STATIC_OBS_INFO 0 -6.300000 77.162396 31.404054 
STATIC_OBS_INFO 1 -6.300000 64.415730 18.670545 
Parent: 764.523100 10.000000 101.000000 0.000000 2055.350000 610.453345 -10.000000 2.569756 42.000000 0.000000 0 0 0 0 0 0 0 0
Child: 610.453345 26.541753 267.000000 3027.376042 3214.150000 0.000000 -10.000000 0.000000 0.000000 0.000000 1 0 0 0 0 0 0 0
EGO_STATUS -5.200204 45.777606 1.900000 1.531521 14.219933 4.000000 0.000000
DYNAMIC_OBS_INFO 0 -5.750000 30.449844 1.570796 13.115787 -5.750000 60.298163 16.921380 1.275514
DYNAMIC_OBS_INFO 1 -1.750000 31.587264 1.570796 8.902528 -1.750000 38.958328 5.713940 0.641277
STATIC_OBS_INFO 0 -6.300000 77.162396 29.988126 
STATIC_OBS_INFO 1 -6.300000 64.415730 17.258554 
Parent: 765.675552 10.000000 101.000000 0.000000 2055.350000 609.705796 -10.000000 2.469756 40.000000 0.000000 0 0 0 0 0 0 0 0
Child: 609.705796 25.119758 253.000000 3027.373839 3214.150000 0.000000 -10.000000 0.000000 0.000000 0.000000 1 0 0 0 0 0 0 0
EGO_STATUS -5.122337 47.197403 2.000000 1.499397 14.219933 4.000000 0.000000
DYNAMIC_OBS_INFO 0 -5.750000 30.449844 1.570796 13.404365 -5.750000 61.996679 17.048932 1.275514
DYNAMIC_OBS_INFO 1 -1.750000 31.587264 1.570796 9.643042 -1.750000 39.532929 5.778068 0.641277
STATIC_OBS_INFO 0 -6.300000 77.162396 28.578613 
STATIC_OBS_INFO 1 -6.300000 64.415730 15.855932 
Parent: 950.249071 10.000000 102.000000 0.000000 2075.700000 802.676077 -10.000000 3.072993 49.000000 0.000000 0 0 0 0 0 0 0 0
Child: 802.676077 10.000000 101.000000 0.000000 2055.350000 609.176077 -10.000000 0.000000 0.000000 0.000000 0 0 0 0 0 0 0 0
Child: 609.176077 23.697761 238.000000 3027.373804 3191.100000 0.000000 -10.000000 0.000000 0.000000 0.000000 1 0 0 0 0 0 0 0
EGO_STATUS -4.994955 48.613596 2.100000 1.462302 14.219933 4.000000 0.000000
DYNAMIC_OBS_INFO 0 -5.750000 30.449844 1.570796 13.716011 -5.750000 63.707949 17.176483 1.275514
DYNAMIC_OBS_INFO 1 -1.750000 31.587264 1.570796 10.372799 -1.750000 40.113942 5.842195 0.641277
STATIC_OBS_INFO 0 -6.300000 77.162396 27.179135 
STATIC_OBS_INFO 1 -6.300000 64.415730 14.468336 
Parent: 950.290613 10.000000 102.000000 0.000000 2075.700000 800.817620 -10.000000 2.972993 47.000000 0.000000 0 0 0 0 0 0 0 0
Child: 800.817620 10.000000 101.000000 0.000000 2055.350000 607.317620 -10.000000 0.000000 0.000000 0.000000 0 0 0 0 0 0 0 0
Child: 607.317620 22.275764 224.000000 3026.705102 3180.900000 0.000000 -10.000000 0.000000 0.000000 0.000000 1 0 0 0 0 0 0 0
EGO_STATUS -4.813864 50.023922 2.200000 1.424040 14.219933 4.000000 0.000000
DYNAMIC_OBS_INFO 0 -5.750000 30.449844 1.570796 14.054192 -5.750000 65.431975 17.304035 1.275514
DYNAMIC_OBS_INFO 1 -1.750000 31.587264 1.570796 11.092352 -1.750000 40.701368 5.906323 0.641277
STATIC_OBS_INFO 0 -6.300000 77.162396 25.793246 
STATIC_OBS_INFO 1 -6.300000 64.415730 13.102528 
Parent: 948.398949 10.000000 102.000000 0.000000 2075.700000 798.025956 -10.000000 2.872993 46.000000 0.000000 0 0 0 0 0 0 0 0
Child: 798.025956 10.000000 101.000000 0.000000 2055.350000 604.525956 -10.000000 0.000000 0.000000 0.000000 0 0 0 0 0 0 0 0
Child: 604.525956 20.853767 210.000000 3026.351881 3162.000000 0.000000 -10.000000 0.000000 0.000000 0.000000 1 0 0 0 0 0 0 0
EGO_STATUS -4.580374 51.426537 2.300000 1.388411 14.219933 4.000000 0.000000
DYNAMIC_OBS_INFO 0 -5.750000 30.449844 1.570796 14.420996 -5.750000 67.168756 17.431586 1.275514
DYNAMIC_OBS_INFO 1 -1.750000 31.587264 1.570796 11.804464 -1.750000 41.295206 5.970451 0.641277
STATIC_OBS_INFO 0 -6.300000 77.162396 24.423596 
STATIC_OBS_INFO 1 -6.300000 64.415730 11.766048 
Parent: 946.373262 10.000000 102.000000 0.000000 2075.700000 795.100269 -10.000000 2.772993 45.000000 0.000000 0 0 0 0 0 0 0 0
Child: 795.100269 10.000000 101.000000 0.000000 2055.350000 601.600269 -10.000000 0.000000 0.000000 0.000000 0 0 0 0 0 0 0 0
Child: 601.600269 19.431771 196.000000 3026.351406 3142.600000 0.000000 -10.000000 0.000000 0.000000 0.000000 1 0 0 0 0 0 0 0
EGO_STATUS -4.300930 52.820749 2.400000 1.358843 14.219933 4.000000 0.000000
DYNAMIC_OBS_INFO 0 -5.750000 30.449844 1.570796 14.816195 -5.750000 68.918292 17.559137 1.275514
DYNAMIC_OBS_INFO 1 -1.750000 31.587264 1.570796 12.513432 -1.750000 41.895458 6.034578 0.641277
STATIC_OBS_INFO 0 -6.300000 77.162396 23.071256 
STATIC_OBS_INFO 1 -6.300000 64.415730 10.467208 
Parent: 791.424326 10.000000 102.000000 0.000000 2626.500000 572.499532 0.000000 4.424795 43.000000 0.000000 0 0 0 0 0 0 0 0
Child: 572.499532 28.140462 283.000000 11.402380 5746.050000 0.000000 0.000000 0.000000 0.000000 0.000000 0 0 0 0 0 0 0 0
EGO_STATUS -3.986227 54.207455 2.500000 1.338088 14.219933 4.000000 0.000000
DYNAMIC_OBS_INFO 0 -5.750000 30.449844 1.570796 15.250518 -5.750000 70.680584 17.686689 1.275514
DYNAMIC_OBS_INFO 1 -1.750000 31.587264 1.570796 13.210591 -1.750000 42.502122 6.098706 0.641277
STATIC_OBS_INFO 0 -6.300000 77.162396 21.749158 
STATIC_OBS_INFO 1 -6.300000 64.415730 9.228482 
Parent: 776.334648 10.000000 102.000000 0.000000 2626.500000 556.509853 0.000000 4.324795 42.000000 0.000000 0 0 0 0 0 0 0 0
Child: 556.509853 26.733169 269.000000 11.402148 5689.050000 0.000000 -10.000000 0.000000 0.000000 0.000000 0 0 0 0 0 0 0 0
EGO_STATUS -3.653550 55.574849 2.600000 1.327995 13.925933 3.000000 -2.940000
DYNAMIC_OBS_INFO 0 -5.750000 30.449844 1.570796 15.732098 -5.750000 72.455630 17.814240 1.275514
DYNAMIC_OBS_INFO 1 -1.750000 31.587264 1.570796 13.886115 -1.750000 43.115199 6.162834 0.641277
STATIC_OBS_INFO 0 -6.300000 77.162396 20.468167 
STATIC_OBS_INFO 1 -6.300000 64.415730 8.073170 
Parent: 681.135984 35.265681 354.000000 14.577072 7185.900000 0.000000 0.000000 4.820372 41.000000 0.000000 0 0 0 0 0 0 0 0
EGO_STATUS -3.321452 56.912109 2.700000 1.328361 13.631933 3.000000 -2.940000
DYNAMIC_OBS_INFO 0 -5.750000 30.449844 1.570796 16.253444 -5.750000 74.243432 17.941792 1.275514
DYNAMIC_OBS_INFO 1 -1.750000 31.587264 1.570796 14.543251 -1.750000 43.734689 6.226962 0.641277
STATIC_OBS_INFO 0 -6.300000 77.162396 19.223436 
STATIC_OBS_INFO 1 -6.300000 64.415730 7.015206 
Parent: 997.460097 10.000000 101.000000 20.000000 2600.750000 792.367279 -10.000000 4.612620 49.000000 0.000000 0 0 1 0 0 0 0 0
Child: 792.367279 10.000000 102.000000 20.000000 2626.500000 532.906494 0.000000 0.000000 0.000000 0.000000 0 0 1 0 0 0 0 0
Child: 532.906494 24.001666 242.000000 12.500943 5360.600000 0.000000 0.000000 0.000000 0.000000 0.000000 0 0 0 0 0 0 0 0
EGO_STATUS -3.002335 58.223919 2.800000 1.337195 13.369880 6.000000 -2.620531
DYNAMIC_OBS_INFO 0 -5.750000 30.449844 1.570796 16.809631 -5.750000 76.043988 18.069343 1.275514
DYNAMIC_OBS_INFO 1 -1.750000 31.587264 1.570796 15.181888 -1.750000 44.360591 6.291089 0.641277
STATIC_OBS_INFO 0 -6.300000 77.162396 18.012337 
STATIC_OBS_INFO 1 -6.300000 64.415730 6.079834 
Parent: 811.523904 10.000000 101.000000 20.000000 2055.350000 659.551186 -10.000000 4.492521 48.000000 0.000000 0 0 1 0 0 0 0 0
Child: 659.551186 10.000000 102.000000 20.000000 2075.700000 454.090401 0.000000 0.000000 0.000000 0.000000 0 0 1 0 0 0 0 0
Child: 454.090401 22.597278 227.000000 13.750542 4648.250000 0.000000 -10.000000 0.000000 0.000000 0.000000 0 0 0 0 0 0 0 0
EGO_STATUS -2.705330 59.512392 2.900000 1.352152 13.075880 3.000000 -2.940000
DYNAMIC_OBS_INFO 0 -5.750000 30.449844 1.570796 17.398786 -5.750000 77.857300 18.196895 1.275514
DYNAMIC_OBS_INFO 1 -1.750000 31.587264 1.570796 15.798980 -1.750000 44.992907 6.355217 0.641277
STATIC_OBS_INFO 0 -6.300000 77.162396 16.834778 
STATIC_OBS_INFO 1 -6.300000 64.415730 5.307368 
Parent: 601.279755 10.000000 102.000000 0.000000 2075.700000 430.911912 0.000000 3.867844 37.000000 0.000000 0 0 0 0 0 0 0 0
Child: 430.911912 21.304398 215.000000 13.750480 4435.850000 0.000000 -10.000000 0.000000 0.000000 0.000000 0 0 0 0 0 0 0 0
EGO_STATUS -2.436377 60.776970 3.000000 1.370810 12.781880 3.000000 -2.940000
DYNAMIC_OBS_INFO 0 -5.750000 30.449844 1.570796 18.019223 -5.750000 79.683367 18.324446 1.275514
DYNAMIC_OBS_INFO 1 -1.750000 31.587264 1.570796 16.392200 -1.750000 45.631635 6.419345 0.641277
STATIC_OBS_INFO 0 -6.300000 77.162396 15.690386 
STATIC_OBS_INFO 1 -6.300000 64.415730 4.751557 
Parent: 579.709577 10.000000 102.000000 0.000000 2075.700000 407.441727 0.000000 3.767850 35.000000 0.000000 0 0 0 0 0 0 0 0
Child: 407.441727 20.040931 202.000000 13.750431 4193.800000 0.000000 -10.000000 0.000000 0.000000 0.000000 0 0 0 0 0 0 0 0
EGO_STATUS -2.197951 62.017713 3.100000 1.391357 12.487880 3.000000 -2.940000
DYNAMIC_OBS_INFO 0 -5.750000 30.449844 1.570796 18.670333 -5.750000 81.522190 18.451998 1.275514
DYNAMIC_OBS_INFO 1 -1.750000 31.587264 1.570796 16.959167 -1.750000 46.276776 6.483472 0.641277
STATIC_OBS_INFO 0 -6.300000 77.162396 14.579554 
STATIC_OBS_INFO 1 -6.300000 64.415730 4.468292 
Parent: 556.721332 10.000000 102.000000 0.000000 2075.700000 383.553476 0.000000 3.667856 34.000000 0.000000 0 0 0 0 0 0 0 0
Child: 383.553476 18.806865 190.000000 13.750296 3962.200000 0.000000 -10.000000 0.000000 0.000000 0.000000 0 0 0 0 0 0 0 0
EGO_STATUS -1.990743 63.234234 3.200000 1.413029 12.193880 3.000000 -2.940000
DYNAMIC_OBS_INFO 0 -5.750000 30.449844 1.570796 19.352133 -5.750000 83.373767 18.579549 1.275514
DYNAMIC_OBS_INFO 1 -1.750000 31.587264 1.570796 17.497760 -1.750000 46.928329 6.547600 0.641277
STATIC_OBS_INFO 0 -6.300000 77.162396 13.503104 
STATIC_OBS_INFO 1 -6.300000 64.415730 4.485238 
Parent: 533.629712 10.000000 102.000000 0.000000 2075.700000 359.561853 0.000000 3.567858 33.000000 0.000000 0 0 0 0 0 0 0 0
Child: 359.561853 17.602185 178.000000 13.750298 3723.400000 0.000000 -10.000000 0.000000 0.000000 0.000000 0 0 0 0 0 0 0 0
EGO_STATUS -1.814773 64.425969 3.300000 1.435590 11.899880 3.000000 -2.940000
DYNAMIC_OBS_INFO 0 -5.750000 30.449844 1.570796 20.065078 -5.750000 85.238099 18.707100 1.275514
DYNAMIC_OBS_INFO 1 -1.750000 31.587264 1.570796 18.006123 -1.750000 47.586296 6.611728 0.641277
STATIC_OBS_INFO 0 -6.300000 77.162396 12.462212 
STATIC_OBS_INFO 1 -6.300000 64.415730 4.777281 
Parent: 510.650587 10.000000 102.000000 0.000000 2075.700000 335.682723 0.000000 3.467864 32.000000 0.000000 0 0 0 0 0 0 0 0
Child: 335.682723 16.426917 166.000000 13.750158 3479.500000 0.000000 -10.000000 0.000000 0.000000 0.000000 0 0 0 0 0 0 0 0
EGO_STATUS -1.669856 65.592241 3.400000 1.458940 11.605880 3.000000 -2.940000
DYNAMIC_OBS_INFO 0 -5.750000 30.449844 1.570796 20.809938 -5.750000 87.115187 18.834652 1.275514
DYNAMIC_OBS_INFO 1 -1.750000 31.587264 1.570796 18.482702 -1.750000 48.250675 6.675855 0.641277
STATIC_OBS_INFO 0 -6.300000 77.162396 11.458439 
STATIC_OBS_INFO 1 -6.300000 64.415730 5.279848 
Parent: 486.682758 10.000000 102.000000 0.000000 2075.700000 321.947846 -10.000000 2.234912 31.000000 0.000000 0 0 0 0 0 0 0 0
Child: 321.947846 15.281058 154.000000 14.037760 3230.500000 0.000000 0.000000 0.000000 0.000000 0.000000 0 0 0 0 0 0 0 0
EGO_STATUS -1.555524 66.732354 3.500000 1.482889 11.311880 3.000000 -2.940000
DYNAMIC_OBS_INFO 0 -5.750000 30.449844 1.570796 21.573577 -5.750000 89.005030 18.962203 1.275514
DYNAMIC_OBS_INFO 1 -1.750000 31.587264 1.570796 18.940877 -1.750000 48.921467 6.739983 0.641277
STATIC_OBS_INFO 0 -6.300000 77.162396 10.481340 
STATIC_OBS_INFO 1 -6.300000 64.415730 5.932445 
Parent: 453.730826 10.000000 102.000000 0.000000 2075.700000 288.095914 -10.000000 2.134912 30.000000 0.000000 0 0 0 0 0 0 0 0
Child: 288.095914 14.149870 143.000000 14.037168 2998.550000 0.000000 -10.000000 0.000000 0.000000 0.000000 0 0 0 0 0 0 0 0
EGO_STATUS -1.469987 67.860274 3.600000 1.507382 11.311880 4.000000 0.000000
DYNAMIC_OBS_INFO 0 -5.750000 30.449844 1.570796 22.342773 -5.750000 90.907628 19.089755 1.275514
DYNAMIC_OBS_INFO 1 -1.750000 31.587264 1.570796 19.394230 -1.750000 49.598671 6.804111 0.641277
STATIC_OBS_INFO 0 -6.300000 77.162396 9.522501 
STATIC_OBS_INFO 1 -6.300000 64.415730 6.694247 
Parent: 546.273658 20.109224 203.000000 13.120985 3190.050000 264.028627 0.000000 3.938222 39.000000 0.000000 0 0 0 0 0 0 0 0
Child: 264.028627 13.018682 132.000000 13.951708 2764.500000 0.000000 -10.000000 0.000000 0.000000 0.000000 0 0 0 0 0 0 0 0
EGO_STATUS -1.412327 68.989962 3.700000 1.532162 11.311880 4.000000 0.000000
DYNAMIC_OBS_INFO 0 -5.750000 30.449844 1.570796 23.118560 -5.750000 92.822981 19.217306 1.275514
DYNAMIC_OBS_INFO 1 -1.750000 31.587264 1.570796 19.841842 -1.750000 50.282289 6.868239 0.641277
STATIC_OBS_INFO 0 -6.300000 77.162396 8.588793 
STATIC_OBS_INFO 1 -6.300000 64.415730 7.531882 
Parent: 523.946035 20.109224 203.000000 13.120985 3190.050000 239.801003 0.000000 3.838222 37.000000 0.000000 0 0 0 0 0 0 0 0
Child: 239.801003 11.887494 120.000000 13.351765 2508.300000 0.000000 -10.000000 0.000000 0.000000 0.000000 0 0 0 0 0 0 0 0
EGO_STATUS -1.382454 70.120727 3.800000 1.556390 11.311880 4.000000 0.000000
DYNAMIC_OBS_INFO 0 -5.750000 30.449844 1.570796 23.902234 -5.750000 94.751089 19.344858 1.275514
DYNAMIC_OBS_INFO 1 -1.750000 31.587264 1.570796 20.282956 -1.750000 50.972319 6.932366 0.641277
STATIC_OBS_INFO 0 -6.300000 77.162396 7.690824 
STATIC_OBS_INFO 1 -6.300000 64.415730 8.423043 
Parent: 500.278325 20.109224 203.000000 13.120985 3190.050000 215.233293 0.000000 3.738222 36.000000 0.000000 0 0 0 0 0 0 0 0
Child: 215.233293 10.756306 109.000000 12.071895 2270.350000 0.000000 -10.000000 0.000000 0.000000 0.000000 0 0 0 0 0 0 0 0
EGO_STATUS -1.379162 71.251885 3.900000 1.578971 11.311880 4.000000 0.000000
DYNAMIC_OBS_INFO 0 -5.750000 30.449844 1.570796 24.695248 -5.750000 96.691952 19.472409 1.275514
DYNAMIC_OBS_INFO 1 -1.750000 31.587264 1.570796 20.717061 -1.750000 51.668762 6.996494 0.641277
STATIC_OBS_INFO 0 -6.300000 77.162396 6.845078 
STATIC_OBS_INFO 1 -6.300000 64.415730 9.353417 
Parent: 476.632482 20.109224 203.000000 13.120985 3190.050000 190.687450 0.000000 3.638222 35.000000 0.000000 0 0 0 0 0 0 0 0
Child: 190.687450 9.625118 98.000000 10.037987 2033.300000 0.000000 -10.000000 0.000000 0.000000 0.000000 0 0 0 0 0 0 0 0
EGO_STATUS -1.399880 72.382865 4.000000 1.598627 11.311880 4.000000 0.000000
DYNAMIC_OBS_INFO 0 -5.750000 30.449844 1.570796 25.499059 -5.750000 98.645571 19.599960 1.275514
DYNAMIC_OBS_INFO 1 -1.750000 31.587264 1.570796 21.143957 -1.750000 52.371618 7.060622 0.641277
STATIC_OBS_INFO 0 -6.300000 77.162396 6.077027 
STATIC_OBS_INFO 1 -6.300000 64.415730 10.314087 
Parent: 453.430773 20.109224 203.000000 13.120985 3190.050000 166.585741 0.000000 3.538222 34.000000 0.000000 0 0 0 0 0 0 0 0
Child: 166.585741 8.493930 86.000000 9.008893 1778.900000 0.000000 -10.000000 0.000000 0.000000 0.000000 0 0 0 0 0 0 0 0
EGO_STATUS -1.440532 73.513310 4.100000 1.614016 11.311880 4.000000 0.000000
DYNAMIC_OBS_INFO 0 -5.750000 30.449844 1.570796 26.314982 -5.750000 100.611944 19.727512 1.275514
DYNAMIC_OBS_INFO 1 -1.750000 31.587264 1.570796 21.563769 -1.750000 53.080886 7.124749 0.641277
STATIC_OBS_INFO 0 -6.300000 77.162396 5.424868 
STATIC_OBS_INFO 1 -6.300000 64.415730 11.299682 
Parent: 430.228275 20.109224 203.000000 13.120985 3190.050000 142.483243 0.000000 3.438222 33.000000 0.000000 0 0 0 0 0 0 0 0
Child: 142.483243 7.362742 75.000000 9.008684 1544.250000 0.000000 -10.000000 0.000000 0.000000 0.000000 0 0 0 0 0 0 0 0
EGO_STATUS -1.495563 74.643154 4.200000 1.623897 11.311880 4.000000 0.000000
DYNAMIC_OBS_INFO 0 -5.750000 30.449844 1.570796 27.144087 -5.750000 102.591073 19.855063 1.275514
DYNAMIC_OBS_INFO 1 -1.750000 31.587264 1.570796 21.976877 -1.750000 53.796568 7.188877 0.641277
STATIC_OBS_INFO 0 -6.300000 77.162396 4.941293 
STATIC_OBS_INFO 1 -6.300000 64.415730 12.307052 
Parent: 407.414755 20.109224 203.000000 13.120985 3190.050000 118.769724 0.000000 3.338222 32.000000 0.000000 0 0 0 0 0 0 0 0
Child: 118.769724 6.231554 64.000000 9.005218 1313.500000 0.000000 -10.000000 0.000000 0.000000 0.000000 0 0 0 0 0 0 0 0
EGO_STATUS -1.558179 75.772607 4.300000 1.627337 11.311880 4.000000 0.000000
DYNAMIC_OBS_INFO 0 -5.750000 30.449844 1.570796 27.987179 -5.750000 104.582957 19.982615 1.275514
DYNAMIC_OBS_INFO 1 -1.750000 31.587264 1.570796 22.383769 -1.750000 54.518662 7.253005 0.641277
STATIC_OBS_INFO 0 -6.300000 77.162396 4.686409 
STATIC_OBS_INFO 1 -6.300000 64.415730 13.334281 
Parent: 360.187381 25.583111 257.000000 14.198260 3870.150000 0.000000 0.000000 4.519234 31.000000 0.000000 0 0 0 0 0 0 0 0
EGO_STATUS -1.620827 76.902059 4.400000 1.623968 11.311880 4.000000 0.000000
DYNAMIC_OBS_INFO 0 -5.750000 30.449844 1.570796 28.859497 -5.750000 106.587596 20.110166 1.275514
DYNAMIC_OBS_INFO 1 -1.750000 31.587264 1.570796 22.770146 -1.750000 55.247169 7.317132 0.641277
STATIC_OBS_INFO 0 -6.300000 77.162396 4.702963 
STATIC_OBS_INFO 1 -6.300000 64.415730 14.366174 
Parent: 339.569527 30.290952 304.000000 13.435173 3030.900000 82.117206 -10.000000 3.110839 39.000000 0.000000 0 0 0 0 0 0 0 0
Child: 82.117206 3.983900 41.000000 8.652958 836.450000 0.000000 0.000000 0.000000 0.000000 0.000000 0 0 0 0 0 0 0 0
EGO_STATUS -1.675372 78.017192 4.500000 1.614477 11.017880 3.000000 -2.940000
DYNAMIC_OBS_INFO 0 -5.750000 30.449844 1.570796 29.761405 -5.750000 108.604990 20.237718 1.275514
DYNAMIC_OBS_INFO 1 -1.750000 31.587264 1.570796 23.136149 -1.750000 55.982088 7.381260 0.641277
STATIC_OBS_INFO 0 -6.300000 77.162396 4.983578 
STATIC_OBS_INFO 1 -6.300000 64.415730 15.400449 
Parent: 307.834535 30.290952 304.000000 13.435173 3030.900000 49.482214 -10.000000 3.010839 38.000000 0.000000 0 0 0 0 0 0 0 0
Child: 49.482214 2.882112 30.000000 8.652386 610.500000 0.000000 -10.000000 0.000000 0.000000 0.000000 0 0 0 0 0 0 0 0
EGO_STATUS -1.716243 79.118213 4.600000 1.600787 11.017880 4.000000 0.000000
DYNAMIC_OBS_INFO 0 -5.750000 30.449844 1.570796 30.678528 -5.750000 110.635140 20.365269 1.275514
DYNAMIC_OBS_INFO 1 -1.750000 31.587264 1.570796 23.496299 -1.750000 56.723421 7.445388 0.641277
STATIC_OBS_INFO 0 -6.300000 77.162396 5.489452 
STATIC_OBS_INFO 1 -6.300000 64.415730 16.448492 
Parent: 286.253452 30.290952 304.000000 13.435173 3030.900000 27.001131 -10.000000 2.910839 37.000000 0.000000 0 0 0 0 0 0 0 0
Child: 27.001131 1.780324 19.000000 8.234004 386.650000 0.000000 -10.000000 0.000000 0.000000 0.000000 0 0 0 0 0 0 0 0
EGO_STATUS -1.740739 80.219718 4.700000 1.585298 11.017880 4.000000 0.000000
DYNAMIC_OBS_INFO 0 -5.750000 30.449844 1.570796 31.610751 -5.750000 112.678044 20.492821 1.275514
DYNAMIC_OBS_INFO 1 -1.750000 31.587264 1.570796 23.850298 -1.750000 57.471166 7.509515 0.641277
STATIC_OBS_INFO 0 -6.300000 77.162396 6.164858 
STATIC_OBS_INFO 1 -6.300000 64.415730 17.507469 
Parent: 264.323839 30.290952 304.000000 13.435173 3030.900000 4.171518 -10.000000 2.810839 36.000000 0.000000 0 0 0 0 0 0 0 0
Child: 4.171518 0.678536 8.000000 4.283413 162.800000 0.000000 -10.000000 0.000000 0.000000 0.000000 0 0 0 0 0 0 0 0
EGO_STATUS -1.749437 81.321464 4.800000 1.573273 11.017880 4.000000 0.000000
DYNAMIC_OBS_INFO 0 -5.750000 30.449844 1.570796 32.557096 -5.750000 114.733704 20.620372 1.275514
DYNAMIC_OBS_INFO 1 -1.750000 31.587264 1.570796 24.197928 -1.750000 58.225324 7.573643 0.641277
STATIC_OBS_INFO 0 -6.300000 77.162396 6.955444 
STATIC_OBS_INFO 1 -6.300000 64.415730 18.573433 
Parent: 252.458032 29.867634 300.000000 13.434468 2947.100000 0.000000 -10.000000 2.710833 35.000000 0.000000 0 0 0 0 0 0 0 0
EGO_STATUS -1.750099 82.423252 4.900000 1.571464 11.017880 4.000000 0.000000
DYNAMIC_OBS_INFO 0 -5.750000 30.449844 1.570796 33.516134 -5.750000 116.802118 20.747923 1.275514
DYNAMIC_OBS_INFO 1 -1.750000 31.587264 1.570796 24.539135 -1.750000 58.985895 7.637771 0.641277
STATIC_OBS_INFO 0 -6.300000 77.162396 7.819695 
STATIC_OBS_INFO 1 -6.300000 64.415730 19.642552 
Parent: 230.979135 28.765856 289.000000 13.434412 2722.950000 0.000000 -10.000000 2.610834 34.000000 0.000000 0 0 0 0 0 0 0 0
EGO_STATUS -1.754175 83.525030 5.000000 1.578766 11.017880 4.000000 0.000000
DYNAMIC_OBS_INFO 0 -5.750000 30.449844 1.570796 34.487012 -5.750000 118.883288 20.875475 1.275514
DYNAMIC_OBS_INFO 1 -1.750000 31.587264 1.570796 24.873824 -1.750000 59.752878 7.701899 0.641277
STATIC_OBS_INFO 0 -6.300000 77.162396 8.731314 
STATIC_OBS_INFO 1 -6.300000 64.415730 20.712391 
Parent: 209.535802 27.664076 278.000000 13.434350 2499.100000 0.000000 -10.000000 2.510835 33.000000 0.000000 0 0 0 0 0 0 0 0
EGO_STATUS -1.770089 84.626694 5.100000 1.592654 11.017880 4.000000 0.000000
DYNAMIC_OBS_INFO 0 -5.750000 30.449844 1.570796 35.469441 -5.750000 120.977213 21.003026 1.275514
DYNAMIC_OBS_INFO 1 -1.750000 31.587264 1.570796 25.201723 -1.750000 60.526274 7.766026 0.641277
STATIC_OBS_INFO 0 -6.300000 77.162396 9.673751 
STATIC_OBS_INFO 1 -6.300000 64.415730 21.781257 
Parent: 188.128721 26.562295 267.000000 13.434289 2275.550000 0.000000 -10.000000 2.410835 32.000000 0.000000 0 0 0 0 0 0 0 0
EGO_STATUS -1.804123 85.727939 5.200000 1.611392 11.017880 4.000000 0.000000
DYNAMIC_OBS_INFO 0 -5.750000 30.449844 1.570796 36.463656 -5.750000 123.083894 21.130578 1.275514
DYNAMIC_OBS_INFO 1 -1.750000 31.587264 1.570796 25.522407 -1.750000 61.306083 7.830154 0.641277
STATIC_OBS_INFO 0 -6.300000 77.162396 10.636540 
STATIC_OBS_INFO 1 -6.300000 64.415730 22.847939 
Parent: 167.027230 25.460512 256.000000 13.434297 2055.000000 0.000000 -10.000000 2.310836 31.000000 0.000000 0 0 0 0 0 0 0 0
EGO_STATUS -1.860716 86.828250 5.300000 1.633391 11.017880 4.000000 0.000000
DYNAMIC_OBS_INFO 0 -5.750000 30.449844 1.570796 37.470303 -5.750000 125.203329 21.258129 1.275514
DYNAMIC_OBS_INFO 1 -1.750000 31.587264 1.570796 25.835376 -1.750000 62.092305 7.894282 0.641277
STATIC_OBS_INFO 0 -6.300000 77.162396 11.613038 
STATIC_OBS_INFO 1 -6.300000 64.415730 23.911604 
Parent: 146.053052 24.358729 245.000000 13.434303 1835.650000 0.000000 -10.000000 2.210836 30.000000 0.000000 0 0 0 0 0 0 0 0
EGO_STATUS -1.942622 87.926963 5.400000 1.657206 11.017880 4.000000 0.000000
DYNAMIC_OBS_INFO 0 -5.750000 30.449844 1.570796 38.490293 -5.750000 127.335519 21.385681 1.275514
DYNAMIC_OBS_INFO 1 -1.750000 31.587264 1.570796 26.140168 -1.750000 62.884940 7.958409 0.641277
STATIC_OBS_INFO 0 -6.300000 77.162396 12.599057 
STATIC_OBS_INFO 1 -6.300000 64.415730 24.971775 
Parent: 108.823527 10.000000 101.000000 0.000000 15.150000 152.305075 -10.000000 3.018452 38.000000 0.000000 0 0 0 0 0 0 0 0
Child: 152.305075 23.256944 234.000000 13.434301 1619.600000 0.000000 -10.000000 0.000000 0.000000 0.000000 0 0 0 0 0 0 0 0
EGO_STATUS -2.051064 89.023374 5.500000 1.681541 11.017880 4.000000 0.000000
DYNAMIC_OBS_INFO 0 -5.750000 30.449844 1.570796 39.524635 -5.750000 129.480465 21.513232 1.275514
DYNAMIC_OBS_INFO 1 -1.750000 31.587264 1.570796 26.436460 -1.750000 63.683987 8.022537 0.641277
STATIC_OBS_INFO 0 -6.300000 77.162396 13.592046 
STATIC_OBS_INFO 1 -6.300000 64.415730 26.028320 
Parent: 88.583999 10.000000 101.000000 0.000000 15.150000 131.165547 -10.000000 2.918452 37.000000 0.000000 0 0 0 0 0 0 0 0
Child: 131.165547 22.155159 223.000000 13.434288 1407.450000 0.000000 -10.000000 0.000000 0.000000 0.000000 0 0 0 0 0 0 0 0
EGO_STATUS -2.185906 90.116853 5.600000 1.705246 11.017880 4.000000 0.000000
DYNAMIC_OBS_INFO 0 -5.750000 30.449844 1.570796 40.574273 -5.750000 131.638166 21.640784 1.275514
DYNAMIC_OBS_INFO 1 -1.750000 31.587264 1.570796 26.724147 -1.750000 64.489447 8.086665 0.641277
STATIC_OBS_INFO 0 -6.300000 77.162396 14.590581 
STATIC_OBS_INFO 1 -6.300000 64.415730 27.081452 
Parent: 68.832552 10.000000 101.000000 0.000000 15.150000 110.514099 -10.000000 2.818453 36.000000 0.000000 0 0 0 0 0 0 0 0
Child: 110.514099 21.053373 212.000000 13.434259 1200.100000 0.000000 -10.000000 0.000000 0.000000 0.000000 0 0 0 0 0 0 0 0
EGO_STATUS -2.345821 91.206951 5.700000 1.727315 11.017880 4.000000 0.000000
DYNAMIC_OBS_INFO 0 -5.750000 30.449844 1.570796 41.639952 -5.750000 133.808622 21.768335 1.275514
DYNAMIC_OBS_INFO 1 -1.750000 31.587264 1.570796 27.003379 -1.750000 65.301320 8.150792 0.641277
STATIC_OBS_INFO 0 -6.300000 77.162396 15.594038 
STATIC_OBS_INFO 1 -6.300000 64.415730 28.131711 
Parent: 49.659721 10.000000 101.000000 0.000000 15.150000 90.441269 -10.000000 2.718453 35.000000 0.000000 0 0 0 0 0 0 0 0
Child: 90.441269 19.951586 201.000000 13.434210 998.450000 0.000000 -10.000000 0.000000 0.000000 0.000000 0 0 0 0 0 0 0 0
EGO_STATUS -2.528470 92.293476 5.800000 1.746892 11.017880 4.000000 0.000000
DYNAMIC_OBS_INFO 0 -5.750000 30.449844 1.570796 42.722122 -5.750000 135.991833 21.895886 1.275514
DYNAMIC_OBS_INFO 1 -1.750000 31.587264 1.570796 27.274568 -1.750000 66.119605 8.214920 0.641277
STATIC_OBS_INFO 0 -6.300000 77.162396 16.602363 
STATIC_OBS_INFO 1 -6.300000 64.415730 29.179932 
Parent: 31.126377 10.000000 101.000000 0.000000 15.150000 71.007924 -10.000000 2.618453 34.000000 0.000000 0 0 0 0 0 0 0 0
Child: 71.007924 18.849799 190.000000 13.434186 803.100000 0.000000 -10.000000 0.000000 0.000000 0.000000 0 0 0 0 0 0 0 0
EGO_STATUS -2.730675 93.376537 5.900000 1.763264 11.017880 4.000000 0.000000
DYNAMIC_OBS_INFO 0 -5.750000 30.449844 1.570796 43.820884 -5.750000 138.187799 22.023438 1.275514
DYNAMIC_OBS_INFO 1 -1.750000 31.587264 1.570796 27.538345 -1.750000 66.944304 8.279048 0.641277
STATIC_OBS_INFO 0 -6.300000 77.162396 17.615895 
STATIC_OBS_INFO 1 -6.300000 64.415730 30.227188 
Parent: 13.263823 10.000000 101.000000 0.000000 15.150000 52.245370 -10.000000 2.518453 33.000000 0.000000 0 0 0 0 0 0 0 0
Child: 52.245370 17.748012 179.000000 13.434180 614.350000 0.000000 -10.000000 0.000000 0.000000 0.000000 0 0 0 0 0 0 0 0
EGO_STATUS -2.948594 94.456552 6.000000 1.775866 11.017880 4.000000 0.000000
DYNAMIC_OBS_INFO 0 -5.750000 30.449844 1.570796 44.935980 -5.750000 140.396520 22.150989 1.275514
DYNAMIC_OBS_INFO 1 -1.750000 31.587264 1.570796 27.795500 -1.750000 67.775415 8.343176 0.641277
STATIC_OBS_INFO 0 -6.300000 77.162396 18.635218 
STATIC_OBS_INFO 1 -6.300000 64.415730 31.274714 
Parent: -3.807131 10.000000 101.000000 0.000000 15.150000 34.274416 -10.000000 2.418453 32.000000 0.000000 0 0 0 0 0 0 0 0
Child: 34.274416 16.646225 168.000000 13.434148 433.400000 0.000000 -10.000000 0.000000 0.000000 0.000000 0 0 0 0 0 0 0 0
EGO_STATUS -3.177881 95.534215 6.100000 1.784280 11.017880 4.000000 0.000000
DYNAMIC_OBS_INFO 0 -5.750000 30.449844 1.570796 46.066833 -5.750000 142.617997 22.278541 1.275514
DYNAMIC_OBS_INFO 1 -1.750000 31.587264 1.570796 28.046895 -1.750000 68.612939 8.407303 0.641277
STATIC_OBS_INFO 0 -6.300000 77.162396 19.661034 
STATIC_OBS_INFO 1 -6.300000 64.415730 32.323816 
Parent: -20.143721 10.000000 101.000000 0.000000 15.150000 17.037826 -10.000000 2.318453 31.000000 0.000000 0 0 0 0 0 0 0 0
Child: 17.037826 15.544438 157.000000 13.434090 259.650000 0.000000 -10.000000 0.000000 0.000000 0.000000 0 0 0 0 0 0 0 0
EGO_STATUS -3.413844 96.610438 6.200000 1.788233 11.017880 4.000000 0.000000
DYNAMIC_OBS_INFO 0 -5.750000 30.449844 1.570796 47.212616 -5.750000 144.852229 22.406092 1.275514
DYNAMIC_OBS_INFO 1 -1.750000 31.587264 1.570796 28.293368 -1.750000 69.456876 8.471431 0.641277
STATIC_OBS_INFO 0 -6.300000 77.162396 20.694042 
STATIC_OBS_INFO 1 -6.300000 64.415730 33.375780 
Parent: -24.713129 10.000000 101.000000 0.000000 15.150000 11.568417 -10.000000 2.218453 30.000000 0.000000 0 0 0 0 0 0 0 0
Child: 11.568417 14.442651 146.000000 13.434004 204.600000 0.000000 -10.000000 0.000000 0.000000 0.000000 0 0 0 0 0 0 0 0
EGO_STATUS -3.651598 97.686268 6.300000 1.787598 11.017880 4.000000 0.000000
DYNAMIC_OBS_INFO 0 -5.750000 30.449844 1.570796 48.372347 -5.750000 147.099215 22.533644 1.275514
DYNAMIC_OBS_INFO 1 -1.750000 31.587264 1.570796 28.535634 -1.750000 70.307225 8.535559 0.641277
STATIC_OBS_INFO 0 -6.300000 77.162396 21.734842 
STATIC_OBS_INFO 1 -6.300000 64.415730 34.431770 
Parent: -46.126507 10.000000 102.000000 0.000000 15.300000 -1.652575 -10.000000 3.026069 39.000000 0.000000 0 0 0 0 0 0 0 0
Child: -1.652575 10.000000 101.000000 0.000000 15.150000 6.847425 -10.000000 0.000000 0.000000 0.000000 0 0 0 0 0 0 0 0
Child: 6.847425 13.340863 135.000000 13.433893 157.050000 0.000000 -10.000000 0.000000 0.000000 0.000000 0 0 0 0 0 0 0 0
EGO_STATUS -3.886202 98.762788 6.400000 1.782397 11.017880 4.000000 0.000000
DYNAMIC_OBS_INFO 0 -5.750000 30.449844 1.570796 49.544999 -5.750000 149.358957 22.661195 1.275514
DYNAMIC_OBS_INFO 1 -1.750000 31.587264 1.570796 28.774204 -1.750000 71.163987 8.599686 0.641277
STATIC_OBS_INFO 0 -6.300000 77.162396 22.783845 
STATIC_OBS_INFO 1 -6.300000 64.415730 35.492741 
Parent: -49.259049 10.000000 102.000000 0.000000 15.300000 -5.685118 -10.000000 2.926069 38.000000 0.000000 0 0 0 0 0 0 0 0
Child: -5.685118 10.000000 101.000000 0.000000 15.150000 2.814882 -10.000000 0.000000 0.000000 0.000000 0 0 0 0 0 0 0 0
Child: 2.814882 12.239076 124.000000 13.433764 116.400000 0.000000 -10.000000 0.000000 0.000000 0.000000 0 0 0 0 0 0 0 0
EGO_STATUS -4.112810 99.841016 6.500000 1.772796 11.017880 4.000000 0.000000
DYNAMIC_OBS_INFO 0 -5.750000 30.449844 1.570796 50.729610 -5.750000 151.631454 22.788746 1.275514
DYNAMIC_OBS_INFO 1 -1.750000 31.587264 1.570796 29.009322 -1.750000 72.027162 8.663814 0.641277
STATIC_OBS_INFO 0 -6.300000 77.162396 23.841211 
STATIC_OBS_INFO 1 -6.300000 64.415730 36.559369 
Parent: -51.615217 10.000000 102.000000 0.000000 15.300000 -8.941286 -10.000000 2.826069 37.000000 0.000000 0 0 0 0 0 0 0 0
Child: -8.941286 10.000000 101.000000 0.000000 15.150000 -0.441286 -10.000000 0.000000 0.000000 0.000000 0 0 0 0 0 0 0 0
Child: -0.441286 11.137289 113.000000 13.433631 83.550000 0.000000 -10.000000 0.000000 0.000000 0.000000 0 0 0 0 0 0 0 0
EGO_STATUS -4.326812 100.921812 6.600000 1.759107 11.017880 4.000000 0.000000
DYNAMIC_OBS_INFO 0 -5.750000 30.449844 1.570796 51.925383 -5.750000 153.916707 22.916298 1.275514
DYNAMIC_OBS_INFO 1 -1.750000 31.587264 1.570796 29.240926 -1.750000 72.896750 8.727942 0.641277
STATIC_OBS_INFO 0 -6.300000 77.162396 24.906805 
STATIC_OBS_INFO 1 -6.300000 64.415730 37.632002 
Parent: -52.255621 10.000000 102.000000 0.000000 15.300000 -11.481690 -10.000000 2.726069 35.000000 0.000000 0 0 0 0 0 0 0 0
Child: -11.481690 10.000000 101.000000 0.000000 15.150000 -2.981690 -10.000000 0.000000 0.000000 0.000000 0 0 0 0 0 0 0 0
Child: -2.981690 10.035502 102.000000 13.433515 57.900000 0.000000 -10.000000 0.000000 0.000000 0.000000 0 0 0 0 0 0 0 0
EGO_STATUS -4.523984 102.005800 6.700000 1.741790 11.017880 4.000000 0.000000
DYNAMIC_OBS_INFO 0 -5.750000 30.449844 1.570796 53.131765 -5.750000 156.214714 23.043849 1.275514
DYNAMIC_OBS_INFO 1 -1.750000 31.587264 1.570796 29.468655 -1.750000 73.772751 8.792069 0.641277
STATIC_OBS_INFO 0 -6.300000 77.162396 25.980191 
STATIC_OBS_INFO 1 -6.300000 64.415730 38.710635 
Parent: -53.300029 10.000000 102.000000 0.000000 15.300000 -13.426098 -10.000000 2.626069 34.000000 0.000000 0 0 0 0 0 0 0 0
Child: -13.426098 10.000000 101.000000 0.000000 15.150000 -4.926098 -10.000000 0.000000 0.000000 0.000000 0 0 0 0 0 0 0 0
Child: -4.926098 8.933714 91.000000 13.433437 38.250000 0.000000 -10.000000 0.000000 0.000000 0.000000 0 0 0 0 0 0 0 0
EGO_STATUS -4.700650 103.093312 6.800000 1.721450 11.017880 4.000000 0.000000
DYNAMIC_OBS_INFO 0 -5.750000 30.449844 1.570796 54.348492 -5.750000 158.525476 23.171401 1.275514
DYNAMIC_OBS_INFO 1 -1.750000 31.587264 1.570796 29.691885 -1.750000 74.655164 8.856197 0.641277
STATIC_OBS_INFO 0 -6.300000 77.162396 27.060647 
STATIC_OBS_INFO 1 -6.300000 64.415730 39.794928 
Parent: -53.750495 10.000000 102.000000 0.000000 15.300000 -14.776565 -10.000000 2.526069 33.000000 0.000000 0 0 0 0 0 0 0 0
Child: -14.776565 10.000000 101.000000 0.000000 15.150000 -6.276565 -10.000000 0.000000 0.000000 0.000000 0 0 0 0 0 0 0 0
Child: -6.276565 7.831927 80.000000 13.433402 24.600000 0.000000 -10.000000 0.000000 0.000000 0.000000 0 0 0 0 0 0 0 0
EGO_STATUS -4.853848 104.184373 6.900000 1.698840 11.017880 4.000000 0.000000
DYNAMIC_OBS_INFO 0 -5.750000 30.449844 1.570796 55.575594 -5.750000 160.848994 23.298952 1.275514
DYNAMIC_OBS_INFO 1 -1.750000 31.587264 1.570796 29.909804 -1.750000 75.543990 8.920325 0.641277
STATIC_OBS_INFO 0 -6.300000 77.162396 28.147217 
STATIC_OBS_INFO 1 -6.300000 64.415730 40.884250 
Parent: -53.785957 10.000000 102.000000 0.000000 15.300000 -15.712026 -10.000000 2.426069 32.000000 0.000000 0 0 0 0 0 0 0 0
Child: -15.712026 10.000000 101.000000 0.000000 15.150000 -7.212026 -10.000000 0.000000 0.000000 0.000000 0 0 0 0 0 0 0 0
Child: -7.212026 6.730140 69.000000 13.433384 15.150000 0.000000 -10.000000 0.000000 0.000000 0.000000 0 0 0 0 0 0 0 0
EGO_STATUS -4.981501 105.278714 7.000000 1.674857 11.017880 4.000000 0.000000
DYNAMIC_OBS_INFO 0 -5.750000 30.449844 1.570796 56.813360 -5.750000 163.185267 23.426504 1.275514
DYNAMIC_OBS_INFO 1 -1.750000 31.587264 1.570796 30.121521 -1.750000 76.439229 8.984453 0.641277
STATIC_OBS_INFO 0 -6.300000 77.162396 29.238787 
STATIC_OBS_INFO 1 -6.300000 64.415730 41.977754 
Parent: -53.454428 10.000000 102.000000 0.000000 15.300000 -16.280497 -10.000000 2.326069 31.000000 0.000000 0 0 0 0 0 0 0 0
Child: -16.280497 10.000000 101.000000 0.000000 15.150000 -7.780497 -10.000000 0.000000 0.000000 0.000000 0 0 0 0 0 0 0 0
Child: -7.780497 5.628353 58.000000 13.271909 9.600000 0.000000 -10.000000 0.000000 0.000000 0.000000 0 0 0 0 0 0 0 0
EGO_STATUS -5.082591 106.375827 7.100000 1.650545 11.017880 4.000000 0.000000
DYNAMIC_OBS_INFO 0 -5.750000 30.449844 1.570796 58.062269 -5.750000 165.534295 23.554055 1.275514
DYNAMIC_OBS_INFO 1 -1.750000 31.587264 1.570796 30.326196 -1.750000 77.340881 9.048580 0.641277
STATIC_OBS_INFO 0 -6.300000 77.162396 30.334184 
STATIC_OBS_INFO 1 -6.300000 64.415730 43.074479 
Parent: -52.896618 10.000000 102.000000 0.000000 15.300000 -16.622687 -10.000000 2.226069 30.000000 0.000000 0 0 0 0 0 0 0 0
Child: -16.622687 10.000000 101.000000 0.000000 15.150000 -8.122687 -10.000000 0.000000 0.000000 0.000000 0 0 0 0 0 0 0 0
Child: -8.122687 4.526565 47.000000 12.442416 7.050000 0.000000 -10.000000 0.000000 0.000000 0.000000 0 0 0 0 0 0 0 0
EGO_STATUS -5.157341 107.475051 7.200000 1.627095 11.017880 4.000000 0.000000
DYNAMIC_OBS_INFO 0 -5.750000 30.449844 1.570796 59.322879 -5.750000 167.896078 23.681607 1.275514
DYNAMIC_OBS_INFO 1 -1.750000 31.587264 1.570796 30.523177 -1.750000 78.248945 9.112708 0.641277
STATIC_OBS_INFO 0 -6.300000 77.162396 31.432281 
STATIC_OBS_INFO 1 -6.300000 64.415730 44.173465 
Parent: -69.921706 10.000000 101.000000 0.000000 15.150000 -25.455391 -10.000000 3.033685 39.000000 0.000000 0 0 0 0 0 0 0 0
Child: -25.455391 10.000000 102.000000 0.000000 15.300000 -16.955391 -10.000000 0.000000 0.000000 0.000000 0 0 0 0 0 0 0 0
Child: -16.955391 10.000000 101.000000 0.000000 15.150000 -8.455391 -10.000000 0.000000 0.000000 0.000000 0 0 0 0 0 0 0 0
Child: -8.455391 3.424778 36.000000 10.836359 5.400000 0.000000 -10.000000 0.000000 0.000000 0.000000 0 0 0 0 0 0 0 0
EGO_STATUS -5.207377 108.575681 7.300000 1.605843 11.017880 4.000000 0.000000
DYNAMIC_OBS_INFO 0 -5.750000 30.449844 1.570796 60.595712 -5.750000 170.270616 23.809158 1.275514
DYNAMIC_OBS_INFO 1 -1.750000 31.587264 1.570796 30.712133 -1.750000 79.163422 9.176836 0.641277
STATIC_OBS_INFO 0 -6.300000 77.162396 32.532097 
STATIC_OBS_INFO 1 -6.300000 64.415730 45.273862 
Parent: -69.439824 10.000000 101.000000 0.000000 15.150000 -25.873509 -10.000000 2.933685 38.000000 0.000000 0 0 0 0 0 0 0 0
Child: -25.873509 10.000000 102.000000 0.000000 15.300000 -17.373509 -10.000000 0.000000 0.000000 0.000000 0 0 0 0 0 0 0 0
Child: -17.373509 10.000000 101.000000 0.000000 15.150000 -8.873509 -10.000000 0.000000 0.000000 0.000000 0 0 0 0 0 0 0 0
Child: -8.873509 2.322990 25.000000 8.373282 3.750000 0.000000 -10.000000 0.000000 0.000000 0.000000 0 0 0 0 0 0 0 0
EGO_STATUS -5.235900 109.677085 7.400000 1.588273 11.017880 4.000000 0.000000
DYNAMIC_OBS_INFO 0 -5.750000 30.449844 1.570796 61.881146 -5.750000 172.657910 23.936709 1.275514
DYNAMIC_OBS_INFO 1 -1.750000 31.587264 1.570796 30.893147 -1.750000 80.084312 9.240963 0.641277
STATIC_OBS_INFO 0 -6.300000 77.162396 33.632867 
STATIC_OBS_INFO 1 -6.300000 64.415730 46.375008 
Parent: -69.049420 10.000000 101.000000 0.000000 15.150000 -26.383105 -10.000000 2.833685 37.000000 0.000000 0 0 0 0 0 0 0 0
Child: -26.383105 10.000000 102.000000 0.000000 15.300000 -17.883105 -10.000000 0.000000 0.000000 0.000000 0 0 0 0 0 0 0 0
Child: -17.883105 10.000000 101.000000 0.000000 15.150000 -9.383105 -10.000000 0.000000 0.000000 0.000000 0 0 0 0 0 0 0 0
Child: -9.383105 1.221202 14.000000 4.972156 2.100000 0.000000 -10.000000 0.000000 0.000000 0.000000 0 0 0 0 0 0 0 0
EGO_STATUS -5.247838 110.778801 7.500000 1.576012 11.017880 4.000000 0.000000
DYNAMIC_OBS_INFO 0 -5.750000 30.449844 1.570796 63.179351 -5.750000 175.057958 24.064261 1.275514
DYNAMIC_OBS_INFO 1 -1.750000 31.587264 1.570796 31.066757 -1.750000 81.011615 9.305091 0.641277
STATIC_OBS_INFO 0 -6.300000 77.162396 34.734064 
STATIC_OBS_INFO 1 -6.300000 64.415730 47.476468 
Parent: -67.848850 10.000000 101.000000 0.000000 15.150000 -26.082535 -10.000000 2.733685 36.000000 0.000000 0 0 0 0 0 0 0 0
Child: -26.082535 10.000000 102.000000 0.000000 15.300000 -17.582535 -10.000000 0.000000 0.000000 0.000000 0 0 0 0 0 0 0 0
Child: -17.582535 10.000000 101.000000 0.000000 15.150000 -9.082535 -10.000000 0.000000 0.000000 0.000000 0 0 0 0 0 0 0 0
Child: -9.082535 0.119414 3.000000 22.599120 0.450000 0.000000 -10.000000 0.000000 0.000000 0.000000 0 0 0 0 1 0 0 0
EGO_STATUS -5.250004 111.880586 7.600000 1.570848 11.017880 4.000000 0.000000
DYNAMIC_OBS_INFO 0 -5.750000 30.449844 1.570796 64.490326 -5.750000 177.470762 24.191812 1.275514
DYNAMIC_OBS_INFO 1 -1.750000 31.587264 1.570796 31.233765 -1.750000 81.945330 9.369219 0.641277
STATIC_OBS_INFO 0 -6.300000 77.162396 35.835364 
STATIC_OBS_INFO 1 -6.300000 64.415730 48.577993 
Parent: -58.013671 10.000000 101.000000 0.000000 15.150000 -17.147356 -10.000000 2.633685 35.000000 0.000000 0 0 0 0 0 0 0 0
Child: -17.147356 10.000000 102.000000 0.000000 15.300000 -8.647356 -10.000000 0.000000 0.000000 0.000000 0 0 0 0 0 0 0 0
Child: -8.647356 9.017626 92.000000 0.000000 13.800000 0.000000 -10.000000 0.000000 0.000000 0.000000 0 0 0 0 0 0 0 0
EGO_STATUS -5.250000 112.982374 7.700000 1.570796 11.017880 4.000000 0.000000
DYNAMIC_OBS_INFO 0 -5.750000 30.449844 1.570796 65.814058 -5.750000 179.896321 24.319364 1.275514
DYNAMIC_OBS_INFO 1 -1.750000 31.587264 1.570796 31.394411 -1.750000 82.885459 9.433346 0.641277
STATIC_OBS_INFO 0 -6.300000 77.162396 36.936693 
STATIC_OBS_INFO 1 -6.300000 64.415730 49.679529 
Parent: -56.278939 10.000000 101.000000 0.000000 15.150000 -17.312624 -10.000000 2.533685 33.000000 0.000000 0 0 0 0 0 0 0 0
Child: -17.312624 10.000000 102.000000 0.000000 15.300000 -8.812624 -10.000000 0.000000 0.000000 0.000000 0 0 0 0 0 0 0 0
Child: -8.812624 7.915838 81.000000 0.000000 12.150000 0.000000 -10.000000 0.000000 0.000000 0.000000 0 0 0 0 0 0 0 0
EGO_STATUS -5.250000 114.084162 7.800000 1.570796 11.017880 4.000000 0.000000
DYNAMIC_OBS_INFO 0 -5.750000 30.449844 1.570796 67.150546 -5.750000 182.334634 24.446915 1.275514
DYNAMIC_OBS_INFO 1 -1.750000 31.587264 1.570796 31.548695 -1.750000 83.832000 9.497474 0.641277
STATIC_OBS_INFO 0 -6.300000 77.162396 38.038049 
STATIC_OBS_INFO 1 -6.300000 64.415730 50.781076 
Parent: -55.544207 10.000000 101.000000 0.000000 15.150000 -17.477892 -10.000000 2.433685 32.000000 0.000000 0 0 0 0 0 0 0 0
Child: -17.477892 10.000000 102.000000 0.000000 15.300000 -8.977892 -10.000000 0.000000 0.000000 0.000000 0 0 0 0 0 0 0 0
Child: -8.977892 6.814050 70.000000 0.000000 10.500000 0.000000 -10.000000 0.000000 0.000000 0.000000 0 0 0 0 0 0 0 0
EGO_STATUS -5.250000 115.185950 7.900000 1.570796 11.017880 4.000000 0.000000
DYNAMIC_OBS_INFO 0 -5.750000 30.449844 1.570796 68.499791 -5.750000 184.785704 24.574467 1.275514
DYNAMIC_OBS_INFO 1 -1.750000 31.587264 1.570796 31.696615 -1.750000 84.784954 9.561602 0.641277
STATIC_OBS_INFO 0 -6.300000 77.162396 39.139429 
STATIC_OBS_INFO 1 -6.300000 64.415730 51.882633 
Parent: -54.809476 10.000000 101.000000 0.000000 15.150000 -17.643161 -10.000000 2.333685 31.000000 0.000000 0 0 0 0 0 0 0 0
Child: -17.643161 10.000000 102.000000 0.000000 15.300000 -9.143161 -10.000000 0.000000 0.000000 0.000000 0 0 0 0 0 0 0 0
Child: -9.143161 5.712262 59.000000 0.000000 8.850000 0.000000 -10.000000 0.000000 0.000000 0.000000 0 0 0 0 0 0 0 0
EGO_STATUS -5.250000 116.287738 8.000000 1.570796 11.017880 4.000000 0.000000
DYNAMIC_OBS_INFO 0 -5.750000 30.449844 1.570796 69.861791 -5.750000 187.249528 24.702018 1.275514
DYNAMIC_OBS_INFO 1 -1.750000 31.587264 1.570796 31.838169 -1.750000 85.744320 9.625729 0.641277
STATIC_OBS_INFO 0 -6.300000 77.162396 40.240831 
STATIC_OBS_INFO 1 -6.300000 64.415730 52.984200 
Parent: -54.074744 10.000000 101.000000 0.000000 15.150000 -17.808429 -10.000000 2.233685 30.000000 0.000000 0 0 0 0 0 0 0 0
Child: -17.808429 10.000000 102.000000 0.000000 15.300000 -9.308429 -10.000000 0.000000 0.000000 0.000000 0 0 0 0 0 0 0 0
Child: -9.308429 4.610474 48.000000 0.000000 7.200000 0.000000 -10.000000 0.000000 0.000000 0.000000 0 0 0 0 0 0 0 0
EGO_STATUS -5.250000 117.389526 8.100000 1.570796 11.017880 4.000000 0.000000
DYNAMIC_OBS_INFO 0 -5.750000 30.449844 1.570796 71.236548 -5.750000 189.726107 24.829570 1.275514
DYNAMIC_OBS_INFO 1 -1.750000 31.587264 1.570796 31.973357 -1.750000 86.710099 9.689857 0.641277
STATIC_OBS_INFO 0 -6.300000 77.162396 41.342254 
STATIC_OBS_INFO 1 -6.300000 64.415730 54.085777 
Parent: -70.932396 10.000000 102.000000 0.000000 15.300000 -26.473697 -10.000000 3.041301 39.000000 0.000000 0 0 0 0 0 0 0 0
Child: -26.473697 10.000000 101.000000 0.000000 15.150000 -17.973697 -10.000000 0.000000 0.000000 0.000000 0 0 0 0 0 0 0 0
Child: -17.973697 10.000000 102.000000 0.000000 15.300000 -9.473697 -10.000000 0.000000 0.000000 0.000000 0 0 0 0 0 0 0 0
Child: -9.473697 3.508686 37.000000 0.000000 5.550000 0.000000 -10.000000 0.000000 0.000000 0.000000 0 0 0 0 0 0 0 0
EGO_STATUS -5.250000 118.491314 8.200000 1.570796 11.017880 4.000000 0.000000
DYNAMIC_OBS_INFO 0 -5.750000 30.449844 1.570796 72.624061 -5.750000 192.215442 24.957121 1.275514
DYNAMIC_OBS_INFO 1 -1.750000 31.587264 1.570796 32.102177 -1.750000 87.682292 9.753985 0.641277
STATIC_OBS_INFO 0 -6.300000 77.162396 42.443696 
STATIC_OBS_INFO 1 -6.300000 64.415730 55.187361 
Parent: -70.197664 10.000000 102.000000 0.000000 15.300000 -26.638965 -10.000000 2.941301 38.000000 0.000000 0 0 0 0 0 0 0 0
Child: -26.638965 10.000000 101.000000 0.000000 15.150000 -18.138965 -10.000000 0.000000 0.000000 0.000000 0 0 0 0 0 0 0 0
Child: -18.138965 10.000000 102.000000 0.000000 15.300000 -9.638965 -10.000000 0.000000 0.000000 0.000000 0 0 0 0 0 0 0 0
Child: -9.638965 2.406898 26.000000 0.000000 3.900000 0.000000 -10.000000 0.000000 0.000000 0.000000 0 0 0 0 0 0 0 0
EGO_STATUS -5.250000 119.593102 8.300000 1.570796 11.017880 4.000000 0.000000
DONE
FINISHED
