STATIC_OBS_INIT_INFO 0 -6.300000 60.476794
STATIC_OBS_INIT_INFO 1 -6.300000 63.181373
Parent: -24.001057 10.000000 101.000000 0.000000 15.150000 20.034369 -10.000000 4.464574 40.000000 0.000000 0 0 0 0 0 0 0 0
Child: 20.034369 10.000000 101.000000 0.000000 15.150000 18.534369 0.000000 0.000000 0.000000 0.000000 0 0 0 0 0 0 0 0
Child: 18.534369 14.170028 143.000000 31.493724 155.550000 0.000000 0.000000 0.000000 0.000000 0.000000 0 0 0 1 0 0 0 0
EGO_STATUS -5.750000 18.845095 0.000000 1.570796 14.425507 4.000000 0.000000
DYNAMIC_OBS_INFO 0 -5.750000 31.817038 1.570796 11.558810 -5.750000 31.817038 9.768116 1.320125
DYNAMIC_OBS_INFO 1 -1.750000 37.267836 1.570796 17.473581 -1.750000 37.267836 9.364896 0.765306
STATIC_OBS_INFO 0 -6.300000 60.476794 40.222327 
STATIC_OBS_INFO 1 -6.300000 63.181373 42.926669 
Parent: 179.849578 20.435104 206.000000 14.112458 2061.400000 17.145444 0.000000 4.814265 48.000000 0.000000 0 0 0 0 0 0 0 0
Child: 17.145444 22.755192 229.000000 8.595530 163.950000 0.000000 0.000000 0.000000 0.000000 0.000000 0 0 0 0 0 0 0 0
EGO_STATUS -5.749912 20.258229 0.100000 1.570498 13.837507 1.000000 -5.880000
DYNAMIC_OBS_INFO 0 -5.750000 31.817038 1.570796 11.173191 -5.750000 32.800450 9.900128 1.320125
DYNAMIC_OBS_INFO 1 -1.750000 37.267836 1.570796 16.143444 -1.750000 37.267836 9.364896 0.765306
STATIC_OBS_INFO 0 -6.300000 60.476794 38.853457 
STATIC_OBS_INFO 1 -6.300000 63.181373 41.557780 
Parent: 168.559058 20.435104 206.000000 14.112438 2061.400000 4.954922 0.000000 4.714268 47.000000 0.000000 0 0 0 0 0 0 0 0
Child: 4.954922 21.386156 215.000000 8.595312 141.750000 0.000000 -10.000000 0.000000 0.000000 0.000000 0 0 0 0 0 0 0 0
EGO_STATUS -5.747897 21.627260 0.200000 1.567421 13.543507 3.000000 -2.940000
DYNAMIC_OBS_INFO 0 -5.750000 31.817038 1.570796 10.830214 -5.750000 33.797064 10.032141 1.320125
DYNAMIC_OBS_INFO 1 -1.750000 37.267836 1.570796 14.846804 -1.750000 37.267836 9.364896 0.765306
STATIC_OBS_INFO 0 -6.300000 60.476794 37.514138 
STATIC_OBS_INFO 1 -6.300000 63.181373 40.218434 
Parent: 167.206177 20.435104 206.000000 14.112413 2061.400000 2.702040 0.000000 4.614273 46.000000 0.000000 0 0 0 0 0 0 0 0
Child: 2.702040 20.046522 202.000000 8.592875 119.400000 0.000000 -10.000000 0.000000 0.000000 0.000000 0 0 0 0 0 0 0 0
EGO_STATUS -5.738677 22.966856 0.300000 1.559609 13.249507 3.000000 -2.940000
DYNAMIC_OBS_INFO 0 -5.750000 31.817038 1.570796 10.530025 -5.750000 34.806879 10.164153 1.320125
DYNAMIC_OBS_INFO 1 -1.750000 37.267836 1.570796 13.583039 -1.750000 37.267836 9.364896 0.765306
STATIC_OBS_INFO 0 -6.300000 60.476794 36.204587 
STATIC_OBS_INFO 1 -6.300000 63.181373 38.908839 
Parent: -37.484490 10.000000 101.000000 0.000000 15.150000 0.561990 -10.000000 4.453519 34.000000 0.000000 0 0 0 0 0 0 0 0
Child: 0.561990 18.736278 189.000000 8.592837 97.950000 0.000000 -10.000000 0.000000 0.000000 0.000000 0 0 0 0 0 0 0 0
EGO_STATUS -5.716696 24.276906 0.400000 1.547913 12.955507 3.000000 -2.940000
DYNAMIC_OBS_INFO 0 -5.750000 31.817038 1.570796 10.272964 -5.750000 35.829895 10.296166 1.320125
DYNAMIC_OBS_INFO 1 -1.750000 37.267836 1.570796 12.352166 -1.750000 37.267836 9.364896 0.765306
STATIC_OBS_INFO 0 -6.300000 60.476794 34.925141 
STATIC_OBS_INFO 1 -6.300000 63.181373 37.629322 
Parent: -38.549470 10.000000 101.000000 0.000000 15.150000 -1.402993 -10.000000 4.353523 33.000000 0.000000 0 0 0 0 0 0 0 0
Child: -1.402993 17.455440 176.000000 8.382051 78.300000 0.000000 -10.000000 0.000000 0.000000 0.000000 0 0 0 0 0 0 0 0
EGO_STATUS -5.678926 25.557176 0.500000 1.534605 12.661507 3.000000 -2.940000
DYNAMIC_OBS_INFO 0 -5.750000 31.817038 1.570796 10.059416 -5.750000 36.866112 10.428179 1.320125
DYNAMIC_OBS_INFO 1 -1.750000 37.267836 1.570796 11.155295 -1.750000 37.267836 9.364896 0.765306
STATIC_OBS_INFO 0 -6.300000 60.476794 33.676082 
STATIC_OBS_INFO 1 -6.300000 63.181373 36.380159 
Parent: -39.429585 10.000000 101.000000 0.000000 15.150000 -3.183114 -10.000000 4.253529 32.000000 0.000000 0 0 0 0 0 0 0 0
Child: -3.183114 16.204011 164.000000 6.893367 62.100000 0.000000 -10.000000 0.000000 0.000000 0.000000 0 0 0 0 0 0 0 0
EGO_STATUS -5.625720 26.807463 0.600000 1.522260 12.367507 3.000000 -2.940000
DYNAMIC_OBS_INFO 0 -5.750000 31.817038 1.570796 9.889601 -5.750000 37.915530 10.560191 1.320125
DYNAMIC_OBS_INFO 1 -1.750000 37.267836 1.570796 9.994929 -1.750000 37.267836 9.364896 0.765306
STATIC_OBS_INFO 0 -6.300000 60.476794 32.457475 
STATIC_OBS_INFO 1 -6.300000 63.181373 35.161405 
Parent: -38.944721 10.000000 101.000000 0.000000 15.150000 -4.598254 -10.000000 4.153533 30.000000 0.000000 0 0 0 0 0 0 0 0
Child: -4.598254 14.981977 151.000000 6.892992 47.550000 0.000000 -10.000000 0.000000 0.000000 0.000000 0 0 0 0 0 0 0 0
EGO_STATUS -5.560427 28.027747 0.700000 1.513060 12.073507 3.000000 -2.940000
DYNAMIC_OBS_INFO 0 -5.750000 31.817038 1.570796 9.763446 -5.750000 38.978150 10.692204 1.320125
DYNAMIC_OBS_INFO 1 -1.750000 37.267836 1.570796 8.875353 -1.750000 37.267836 9.364896 0.765306
STATIC_OBS_INFO 0 -6.300000 60.476794 31.269119 
STATIC_OBS_INFO 1 -6.300000 63.181373 33.972859 
Parent: 165.184859 20.435104 206.000000 14.112320 2061.400000 -5.819287 0.000000 4.114290 39.000000 0.000000 0 0 0 0 0 0 0 0
Child: -5.819287 13.789333 139.000000 6.892657 35.250000 0.000000 -10.000000 0.000000 0.000000 0.000000 0 0 0 0 0 0 0 0
EGO_STATUS -5.488371 29.218210 0.800000 1.508438 11.779507 3.000000 -2.940000
DYNAMIC_OBS_INFO 0 -5.750000 31.817038 1.570796 9.680583 -5.750000 40.053971 10.824216 1.320125
DYNAMIC_OBS_INFO 1 -1.750000 37.267836 1.570796 7.803277 -1.750000 37.267836 9.364896 0.765306
STATIC_OBS_INFO 0 -6.300000 60.476794 30.110620 
STATIC_OBS_INFO 1 -6.300000 63.181373 32.814128 
Parent: 165.188018 20.435104 206.000000 14.112283 2061.400000 -6.716131 0.000000 4.014297 38.000000 0.000000 0 0 0 0 0 0 0 0
Child: -6.716131 12.626108 128.000000 6.890962 26.400000 0.000000 -10.000000 0.000000 0.000000 0.000000 0 0 0 0 0 0 0 0
EGO_STATUS -5.415693 30.379162 0.900000 1.508970 11.485507 3.000000 -2.940000
DYNAMIC_OBS_INFO 0 -5.750000 31.817038 1.570796 9.640387 -5.750000 41.142993 10.956229 1.320125
DYNAMIC_OBS_INFO 1 -1.750000 37.267836 1.570796 6.788890 -1.750000 37.267836 9.364896 0.765306
STATIC_OBS_INFO 0 -6.300000 60.476794 28.981445 
STATIC_OBS_INFO 1 -6.300000 63.181373 31.684690 
Parent: 165.507912 20.435104 206.000000 14.112246 2061.400000 -7.296241 0.000000 3.914304 37.000000 0.000000 0 0 0 0 0 0 0 0
Child: -7.296241 11.492283 116.000000 6.891018 20.400000 0.000000 -10.000000 0.000000 0.000000 0.000000 0 0 0 0 0 0 0 0
EGO_STATUS -5.348281 31.510980 1.000000 1.514407 11.191507 3.000000 -2.940000
DYNAMIC_OBS_INFO 0 -5.750000 31.817038 1.570796 9.642223 -5.750000 42.245217 11.088241 1.320125
DYNAMIC_OBS_INFO 1 -1.750000 37.267836 1.570796 5.847808 -1.750000 37.267836 9.364896 0.765306
STATIC_OBS_INFO 0 -6.300000 60.476794 27.881131 
STATIC_OBS_INFO 1 -6.300000 63.181373 30.584094 
Parent: 165.944058 20.435104 206.000000 14.112238 2061.400000 -7.760095 0.000000 3.814306 36.000000 0.000000 0 0 0 0 0 0 0 0
Child: -7.760095 10.387838 105.000000 6.890905 15.750000 0.000000 -10.000000 0.000000 0.000000 0.000000 0 0 0 0 0 0 0 0
EGO_STATUS -5.290906 32.613930 1.100000 1.523837 10.897507 3.000000 -2.940000
DYNAMIC_OBS_INFO 0 -5.750000 31.817038 1.570796 9.685684 -5.750000 43.360641 11.220254 1.320125
DYNAMIC_OBS_INFO 1 -1.750000 37.267836 1.570796 5.004208 -1.750000 37.267836 9.364896 0.765306
STATIC_OBS_INFO 0 -6.300000 60.476794 26.809450 
STATIC_OBS_INFO 1 -6.300000 63.181373 29.512132 
Parent: 166.676477 20.435104 206.000000 14.112203 2061.400000 -7.927679 0.000000 3.714312 35.000000 0.000000 0 0 0 0 0 0 0 0
Child: -7.927679 9.312811 95.000000 6.889753 14.250000 0.000000 -10.000000 0.000000 0.000000 0.000000 0 0 0 0 0 0 0 0
EGO_STATUS -5.246737 33.688041 1.200000 1.535900 10.603507 3.000000 -2.940000
DYNAMIC_OBS_INFO 0 -5.750000 31.817038 1.570796 9.770583 -5.750000 44.489267 11.352266 1.320125
DYNAMIC_OBS_INFO 1 -1.750000 37.267836 1.570796 4.294741 -1.750000 37.267836 9.364896 0.765306
STATIC_OBS_INFO 0 -6.300000 60.476794 25.766332 
STATIC_OBS_INFO 1 -6.300000 63.181373 28.468748 
Parent: 167.408115 20.435104 206.000000 14.112154 2061.400000 -8.096046 0.000000 3.614321 34.000000 0.000000 0 0 0 0 0 0 0 0
Child: -8.096046 8.267195 84.000000 6.745398 12.600000 0.000000 -10.000000 0.000000 0.000000 0.000000 0 0 0 0 0 0 0 0
EGO_STATUS -5.217069 34.733229 1.300000 1.549005 10.309507 3.000000 -2.940000
DYNAMIC_OBS_INFO 0 -5.750000 31.817038 1.570796 9.896980 -5.750000 45.631095 11.484279 1.320125
DYNAMIC_OBS_INFO 1 -1.750000 37.267836 1.570796 3.770671 -1.750000 37.267836 9.364896 0.765306
STATIC_OBS_INFO 0 -6.300000 60.476794 24.751855 
STATIC_OBS_INFO 1 -6.300000 63.181373 27.454030 
Parent: 168.070683 20.435104 206.000000 14.112125 2061.400000 -8.333479 0.000000 3.514327 33.000000 0.000000 0 0 0 0 0 0 0 0
Child: -8.333479 7.250964 74.000000 5.907744 11.100000 0.000000 -10.000000 0.000000 0.000000 0.000000 0 0 0 0 0 0 0 0
EGO_STATUS -5.201392 35.749332 1.400000 1.561563 10.015507 3.000000 -2.940000
DYNAMIC_OBS_INFO 0 -5.750000 31.817038 1.570796 10.065134 -5.750000 46.786123 11.616291 1.320125
DYNAMIC_OBS_INFO 1 -1.750000 37.267836 1.570796 3.488463 -1.750000 37.267836 9.364896 0.765306
STATIC_OBS_INFO 0 -6.300000 60.476794 23.766217 
STATIC_OBS_INFO 1 -6.300000 63.181373 26.468182 
Parent: 168.685065 20.435104 206.000000 14.112100 2061.400000 -8.619100 0.000000 3.414332 32.000000 0.000000 0 0 0 0 0 0 0 0
Child: -8.619100 6.264131 64.000000 4.508519 9.600000 0.000000 -10.000000 0.000000 0.000000 0.000000 0 0 0 0 0 0 0 0
EGO_STATUS -5.197707 36.736153 1.500000 1.572185 9.721507 3.000000 -2.940000
DYNAMIC_OBS_INFO 0 -5.750000 31.817038 1.570796 10.275378 -5.750000 47.954353 11.748304 1.320125
DYNAMIC_OBS_INFO 1 -1.750000 37.267836 1.570796 3.479098 -1.750000 37.267836 9.364896 0.765306
STATIC_OBS_INFO 0 -6.300000 60.476794 22.809644 
STATIC_OBS_INFO 1 -6.300000 63.181373 25.511424 
Parent: 169.270612 20.435104 206.000000 14.112042 2061.400000 -8.933558 0.000000 3.314342 31.000000 0.000000 0 0 0 0 0 0 0 0
Child: -8.933558 5.306721 55.000000 2.802839 8.250000 0.000000 -10.000000 0.000000 0.000000 0.000000 0 0 0 0 0 0 0 0
EGO_STATUS -5.202954 37.693547 1.600000 1.579837 9.427507 3.000000 -2.940000
DYNAMIC_OBS_INFO 0 -5.750000 31.817038 1.570796 10.527960 -5.750000 49.135784 11.880316 1.320125
DYNAMIC_OBS_INFO 1 -1.750000 37.267836 1.570796 3.718666 -1.750000 37.267836 9.364896 0.765306
STATIC_OBS_INFO 0 -6.300000 60.476794 21.882281 
STATIC_OBS_INFO 1 -6.300000 63.181373 24.583891 
Parent: 169.946800 20.435104 206.000000 14.111990 2061.400000 -9.157374 0.000000 3.214352 30.000000 0.000000 0 0 0 0 0 0 0 0
Child: -9.157374 4.378706 45.000000 1.909672 6.750000 0.000000 -10.000000 0.000000 0.000000 0.000000 0 0 0 0 0 0 0 0
EGO_STATUS -5.213535 38.621501 1.700000 1.583972 9.133507 3.000000 -2.940000
DYNAMIC_OBS_INFO 0 -5.750000 31.817038 1.570796 10.823049 -5.750000 50.330416 12.012329 1.320125
DYNAMIC_OBS_INFO 1 -1.750000 37.267836 1.570796 4.141786 -1.750000 37.267836 9.364896 0.765306
STATIC_OBS_INFO 0 -6.300000 60.476794 20.984237 
STATIC_OBS_INFO 1 -6.300000 63.181373 23.685675 
Parent: -33.739849 10.000000 101.000000 0.000000 15.150000 -9.293446 -10.000000 3.053596 19.000000 0.000000 0 0 0 0 0 0 0 0
Child: -9.293446 3.480057 36.000000 1.909062 5.400000 0.000000 -10.000000 0.000000 0.000000 0.000000 0 0 0 0 0 0 0 0
EGO_STATUS -5.225897 39.520064 1.800000 1.584587 8.839507 3.000000 -2.940000
DYNAMIC_OBS_INFO 0 -5.750000 31.817038 1.570796 11.160843 -5.750000 51.538250 12.144341 1.320125
DYNAMIC_OBS_INFO 1 -1.750000 37.267836 1.570796 4.680000 -1.750000 37.267836 9.364896 0.765306
STATIC_OBS_INFO 0 -6.300000 60.476794 20.115698 
STATIC_OBS_INFO 1 -6.300000 63.181373 22.816945 
Parent: -32.976970 10.000000 101.000000 0.000000 15.150000 -9.430577 -10.000000 2.953608 18.000000 0.000000 0 0 0 0 0 0 0 0
Child: -9.430577 2.610849 28.000000 1.906762 4.200000 0.000000 -10.000000 0.000000 0.000000 0.000000 0 0 0 0 0 0 0 0
EGO_STATUS -5.237045 40.389200 1.900000 1.582239 8.545507 3.000000 -2.940000
DYNAMIC_OBS_INFO 0 -5.750000 31.817038 1.570796 11.541378 -5.750000 52.759285 12.276354 1.320125
DYNAMIC_OBS_INFO 1 -1.750000 37.267836 1.570796 4.619539 -1.750000 38.208152 9.441427 0.765306
STATIC_OBS_INFO 0 -6.300000 60.476794 19.276725 
STATIC_OBS_INFO 1 -6.300000 63.181373 21.977749 
Parent: -32.203236 10.000000 101.000000 0.000000 15.150000 -9.556857 -10.000000 2.853621 17.000000 0.000000 0 0 0 0 0 0 0 0
Child: -9.556857 1.771050 19.000000 1.904078 2.850000 0.000000 -10.000000 0.000000 0.000000 0.000000 0 0 0 0 0 0 0 0
EGO_STATUS -5.244976 41.228961 2.000000 1.578047 8.251507 3.000000 -2.940000
DYNAMIC_OBS_INFO 0 -5.750000 31.817038 1.570796 11.964634 -5.750000 53.993521 12.408366 1.320125
DYNAMIC_OBS_INFO 1 -1.750000 37.267836 1.570796 4.533906 -1.750000 39.156121 9.517957 0.765306
STATIC_OBS_INFO 0 -6.300000 60.476794 18.467345 
STATIC_OBS_INFO 1 -6.300000 63.181373 21.168099 
Parent: -31.466253 10.000000 101.000000 0.000000 15.150000 -9.719880 -10.000000 2.753627 16.000000 0.000000 0 0 0 0 0 0 0 0
Child: -9.719880 0.960621 11.000000 1.557632 1.650000 0.000000 -10.000000 0.000000 0.000000 0.000000 0 0 0 0 0 0 0 0
EGO_STATUS -5.249018 42.039380 2.100000 1.573616 7.957507 3.000000 -2.940000
DYNAMIC_OBS_INFO 0 -5.750000 31.817038 1.570796 12.430627 -5.750000 55.240958 12.540379 1.320125
DYNAMIC_OBS_INFO 1 -1.750000 37.267836 1.570796 4.425690 -1.750000 40.111744 9.594488 0.765306
STATIC_OBS_INFO 0 -6.300000 60.476794 17.687597 
STATIC_OBS_INFO 1 -6.300000 63.181373 20.388038 
Parent: -31.794989 10.000000 101.000000 0.000000 15.150000 -9.948627 -10.000000 2.653637 16.000000 0.000000 0 0 0 0 0 0 0 0
Child: -9.948627 0.179609 3.000000 0.408087 0.450000 0.000000 -10.000000 0.000000 0.000000 0.000000 0 0 0 0 0 0 0 0
EGO_STATUS -5.249994 42.820391 2.200000 1.570931 7.663507 3.000000 -2.940000
DYNAMIC_OBS_INFO 0 -5.750000 31.817038 1.570796 12.939273 -5.750000 56.501596 12.672391 1.320125
DYNAMIC_OBS_INFO 1 -1.750000 37.267836 1.570796 4.299401 -1.750000 41.075019 9.671018 0.765306
STATIC_OBS_INFO 0 -6.300000 60.476794 16.937384 
STATIC_OBS_INFO 1 -6.300000 63.181373 19.637477 
Parent: -21.030611 9.428013 96.000000 0.000000 14.400000 0.000000 -10.000000 2.555187 15.000000 0.000000 0 0 0 0 0 0 0 0
EGO_STATUS -5.250000 43.571987 2.300000 1.570796 7.369507 3.000000 -2.940000
DYNAMIC_OBS_INFO 0 -5.750000 31.817038 1.570796 13.490518 -5.750000 57.775436 12.804404 1.320125
DYNAMIC_OBS_INFO 1 -1.750000 37.267836 1.570796 4.159878 -1.750000 42.045947 9.747549 0.765306
STATIC_OBS_INFO 0 -6.300000 60.476794 16.216635 
STATIC_OBS_INFO 1 -6.300000 63.181373 18.916349 
Parent: -20.236771 8.705813 89.000000 0.000000 13.350000 0.000000 -10.000000 2.457358 14.000000 0.000000 0 0 0 0 0 0 0 0
EGO_STATUS -5.250000 44.294187 2.400000 1.570796 7.075507 3.000000 -2.940000
DYNAMIC_OBS_INFO 0 -5.750000 31.817038 1.570796 14.084338 -5.750000 59.062477 12.936416 1.320125
DYNAMIC_OBS_INFO 1 -1.750000 37.267836 1.570796 4.012650 -1.750000 43.024529 9.824080 0.765306
STATIC_OBS_INFO 0 -6.300000 60.476794 15.525325 
STATIC_OBS_INFO 1 -6.300000 63.181373 18.224628 
Parent: -20.438346 8.012983 82.000000 0.000000 12.300000 0.000000 -10.000000 2.359707 14.000000 0.000000 0 0 0 0 0 0 0 0
EGO_STATUS -5.250000 44.987017 2.500000 1.570796 6.781507 3.000000 -2.940000
DYNAMIC_OBS_INFO 0 -5.750000 31.817038 1.570796 14.720827 -5.750000 60.362719 13.068429 1.320125
DYNAMIC_OBS_INFO 1 -1.750000 37.267836 1.570796 3.865018 -1.750000 44.010763 9.900610 0.765306
STATIC_OBS_INFO 0 -6.300000 60.476794 14.863541 
STATIC_OBS_INFO 1 -6.300000 63.181373 17.562402 
Parent: -19.635271 7.349613 75.000000 0.000000 11.250000 0.000000 -10.000000 2.262287 13.000000 0.000000 0 0 0 0 0 0 0 0
EGO_STATUS -5.250000 45.650387 2.600000 1.570796 6.487507 3.000000 -2.940000
DYNAMIC_OBS_INFO 0 -5.750000 31.817038 1.570796 15.399931 -5.750000 61.676163 13.200442 1.320125
DYNAMIC_OBS_INFO 1 -1.750000 37.267836 1.570796 3.726611 -1.750000 45.004651 9.977141 0.765306
STATIC_OBS_INFO 0 -6.300000 60.476794 14.231231 
STATIC_OBS_INFO 1 -6.300000 63.181373 16.929614 
Parent: -18.827539 6.715649 69.000000 0.000000 10.350000 0.000000 -10.000000 2.165113 12.000000 0.000000 0 0 0 0 0 0 0 0
EGO_STATUS -5.250000 46.284351 2.700000 1.570796 6.193507 3.000000 -2.940000
DYNAMIC_OBS_INFO 0 -5.750000 31.817038 1.570796 16.121580 -5.750000 63.002808 13.332454 1.320125
DYNAMIC_OBS_INFO 1 -1.750000 37.267836 1.570796 3.609615 -1.750000 46.006191 10.053671 0.765306
STATIC_OBS_INFO 0 -6.300000 60.476794 13.628320 
STATIC_OBS_INFO 1 -6.300000 63.181373 16.326189 
Parent: -19.015149 6.111017 63.000000 0.000000 9.450000 0.000000 -10.000000 2.068198 12.000000 0.000000 0 0 0 0 0 0 0 0
EGO_STATUS -5.250000 46.888983 2.800000 1.570796 5.899507 3.000000 -2.940000
DYNAMIC_OBS_INFO 0 -5.750000 31.817038 1.570796 16.885911 -5.750000 64.342654 13.464467 1.320125
DYNAMIC_OBS_INFO 1 -1.750000 37.267836 1.570796 3.528652 -1.750000 47.015385 10.130202 0.765306
STATIC_OBS_INFO 0 -6.300000 60.476794 13.054941 
STATIC_OBS_INFO 1 -6.300000 63.181373 15.752259 
Parent: -18.197992 5.535853 57.000000 0.000000 8.550000 0.000000 -10.000000 1.971631 11.000000 0.000000 0 0 0 0 0 0 0 0
EGO_STATUS -5.250000 47.464147 2.900000 1.570796 5.605507 3.000000 -2.940000
DYNAMIC_OBS_INFO 0 -5.750000 31.817038 1.570796 17.692899 -5.750000 65.695701 13.596479 1.320125
DYNAMIC_OBS_INFO 1 -1.750000 37.267836 1.570796 3.500071 -1.750000 48.032232 10.206733 0.765306
STATIC_OBS_INFO 0 -6.300000 60.476794 12.511065 
STATIC_OBS_INFO 1 -6.300000 63.181373 15.207795 
Parent: -17.376022 4.990132 51.000000 0.000000 7.650000 0.000000 -10.000000 1.875458 10.000000 0.000000 0 0 0 0 0 0 0 0
EGO_STATUS -5.250000 48.009868 3.000000 1.570796 5.311507 3.000000 -2.940000
DYNAMIC_OBS_INFO 0 -5.750000 31.817038 1.570796 18.542454 -5.750000 67.061950 13.728492 1.320125
DYNAMIC_OBS_INFO 1 -1.750000 37.267836 1.570796 3.539975 -1.750000 49.056732 10.283263 0.765306
STATIC_OBS_INFO 0 -6.300000 60.476794 11.996594 
STATIC_OBS_INFO 1 -6.300000 63.181373 14.692701 
Parent: -17.549222 4.473762 46.000000 0.000000 6.900000 0.000000 -10.000000 1.779714 10.000000 0.000000 0 0 0 0 0 0 0 0
EGO_STATUS -5.250000 48.526238 3.100000 1.570796 5.017507 3.000000 -2.940000
DYNAMIC_OBS_INFO 0 -5.750000 31.817038 1.570796 19.434617 -5.750000 68.441399 13.860504 1.320125
DYNAMIC_OBS_INFO 1 -1.750000 37.267836 1.570796 3.661566 -1.750000 50.088884 10.359794 0.765306
STATIC_OBS_INFO 0 -6.300000 60.476794 11.511565 
STATIC_OBS_INFO 1 -6.300000 63.181373 14.207012 
Parent: -16.717487 3.986785 41.000000 0.000000 6.150000 0.000000 -10.000000 1.684495 9.000000 0.000000 0 0 0 0 0 0 0 0
EGO_STATUS -5.250000 49.013215 3.200000 1.570796 4.723507 3.000000 -2.940000
DYNAMIC_OBS_INFO 0 -5.750000 31.817038 1.570796 20.369505 -5.750000 69.834050 13.992517 1.320125
DYNAMIC_OBS_INFO 1 -1.750000 37.267836 1.570796 3.872853 -1.750000 51.128690 10.436324 0.765306
STATIC_OBS_INFO 0 -6.300000 60.476794 11.056083 
STATIC_OBS_INFO 1 -6.300000 63.181373 13.750836 
Parent: -16.880644 3.529317 37.000000 0.000000 5.550000 0.000000 -10.000000 1.589959 9.000000 0.000000 0 0 0 0 0 0 0 0
EGO_STATUS -5.250000 49.470683 3.300000 1.570796 4.429507 3.000000 -2.940000
DYNAMIC_OBS_INFO 0 -5.750000 31.817038 1.570796 21.347000 -5.750000 71.239903 14.124529 1.320125
DYNAMIC_OBS_INFO 1 -1.750000 37.267836 1.570796 4.175704 -1.750000 52.176149 10.512855 0.765306
STATIC_OBS_INFO 0 -6.300000 60.476794 10.630020 
STATIC_OBS_INFO 1 -6.300000 63.181373 13.324050 
Parent: -17.038620 3.101241 33.000000 0.000000 4.950000 0.000000 -10.000000 1.496194 9.000000 0.000000 0 0 0 0 0 0 0 0
EGO_STATUS -5.250000 49.898759 3.400000 1.570796 4.135507 3.000000 -2.940000
DYNAMIC_OBS_INFO 0 -5.750000 31.817038 1.570796 22.366947 -5.750000 72.658956 14.256542 1.320125
DYNAMIC_OBS_INFO 1 -1.750000 37.267836 1.570796 4.566878 -1.750000 53.231261 10.589386 0.765306
STATIC_OBS_INFO 0 -6.300000 60.476794 10.233207 
STATIC_OBS_INFO 1 -6.300000 63.181373 12.926489 
Parent: -16.191344 2.702401 29.000000 0.000000 4.350000 0.000000 -10.000000 1.403295 8.000000 0.000000 0 0 0 0 0 0 0 0
EGO_STATUS -5.250000 50.297599 3.500000 1.570796 3.841507 3.000000 -2.940000
DYNAMIC_OBS_INFO 0 -5.750000 31.817038 1.570796 23.429744 -5.750000 74.091211 14.388554 1.320125
DYNAMIC_OBS_INFO 1 -1.750000 37.267836 1.570796 5.040511 -1.750000 54.294026 10.665916 0.765306
STATIC_OBS_INFO 0 -6.300000 60.476794 9.866024 
STATIC_OBS_INFO 1 -6.300000 63.181373 12.558541 
Parent: -16.338317 2.333197 25.000000 0.000000 3.750000 0.000000 -10.000000 1.311703 8.000000 0.000000 0 0 0 0 0 0 0 0
EGO_STATUS -5.250000 50.666803 3.600000 1.570796 3.547507 3.000000 -2.940000
DYNAMIC_OBS_INFO 0 -5.750000 31.817038 1.570796 24.535243 -5.750000 75.536667 14.520567 1.320125
DYNAMIC_OBS_INFO 1 -1.750000 37.267836 1.570796 5.589411 -1.750000 55.364445 10.742447 0.765306
STATIC_OBS_INFO 0 -6.300000 60.476794 9.528306 
STATIC_OBS_INFO 1 -6.300000 63.181373 12.220047 
Parent: -15.479298 1.993481 21.000000 0.000000 3.150000 0.000000 -10.000000 1.221680 7.000000 0.000000 0 0 0 0 0 0 0 0
EGO_STATUS -5.250000 51.006519 3.700000 1.570796 3.253507 3.000000 -2.940000
DYNAMIC_OBS_INFO 0 -5.750000 31.817038 1.570796 25.683184 -5.750000 76.995324 14.652579 1.320125
DYNAMIC_OBS_INFO 1 -1.750000 37.267836 1.570796 6.206515 -1.750000 56.442516 10.818977 0.765306
STATIC_OBS_INFO 0 -6.300000 60.476794 9.219771 
STATIC_OBS_INFO 1 -6.300000 63.181373 11.910737 
Parent: -15.614035 1.682992 18.000000 0.000000 2.700000 0.000000 -10.000000 1.133516 7.000000 0.000000 0 0 0 0 0 0 0 0
EGO_STATUS -5.250000 51.317008 3.800000 1.570796 2.959507 3.000000 -2.940000
DYNAMIC_OBS_INFO 0 -5.750000 31.817038 1.570796 26.873887 -5.750000 78.467183 14.784592 1.320125
DYNAMIC_OBS_INFO 1 -1.750000 37.267836 1.570796 6.886100 -1.750000 57.528240 10.895508 0.765306
STATIC_OBS_INFO 0 -6.300000 60.476794 8.940717 
STATIC_OBS_INFO 1 -6.300000 63.181373 11.630917 
Parent: -15.741627 1.402053 16.000000 0.000000 2.400000 0.000000 -10.000000 1.048065 7.000000 0.000000 0 0 0 0 0 0 0 0
EGO_STATUS -5.250000 51.597947 3.900000 1.570796 2.665507 3.000000 -2.940000
DYNAMIC_OBS_INFO 0 -5.750000 31.817038 1.570796 28.107544 -5.750000 79.952243 14.916604 1.320125
DYNAMIC_OBS_INFO 1 -1.750000 37.267836 1.570796 7.623409 -1.750000 58.621617 10.972039 0.765306
STATIC_OBS_INFO 0 -6.300000 60.476794 8.691307 
STATIC_OBS_INFO 1 -6.300000 63.181373 11.380767 
Parent: -15.860880 1.150854 13.000000 0.000000 1.950000 0.000000 -10.000000 0.966492 7.000000 0.000000 0 0 0 0 0 0 0 0
EGO_STATUS -5.250000 51.849146 4.000000 1.570796 2.371507 3.000000 -2.940000
DYNAMIC_OBS_INFO 0 -5.750000 31.817038 1.570796 29.383766 -5.750000 81.450504 15.048617 1.320125
DYNAMIC_OBS_INFO 1 -1.750000 37.267836 1.570796 8.414145 -1.750000 59.722648 11.048569 0.765306
STATIC_OBS_INFO 0 -6.300000 60.476794 8.471128 
STATIC_OBS_INFO 1 -6.300000 63.181373 11.159886 
Parent: -14.970584 0.929008 11.000000 0.000000 1.650000 0.000000 -10.000000 0.890065 6.000000 0.000000 0 0 0 0 0 0 0 0
EGO_STATUS -5.250000 52.070992 4.100000 1.570796 2.077507 3.000000 -2.940000
DYNAMIC_OBS_INFO 0 -5.750000 31.817038 1.570796 30.702283 -5.750000 82.961966 15.180629 1.320125
DYNAMIC_OBS_INFO 1 -1.750000 37.267836 1.570796 9.254911 -1.750000 60.831331 11.125100 0.765306
STATIC_OBS_INFO 0 -6.300000 60.476794 8.279886 
STATIC_OBS_INFO 1 -6.300000 63.181373 10.967993 
Parent: -15.068551 0.736245 9.000000 0.000000 1.350000 0.000000 -10.000000 0.821012 6.000000 0.000000 0 0 0 0 0 0 0 0
EGO_STATUS -5.250000 52.263755 4.200000 1.570796 1.783507 3.000000 -2.940000
DYNAMIC_OBS_INFO 0 -5.750000 31.817038 1.570796 32.064634 -5.750000 84.486630 15.312642 1.320125
DYNAMIC_OBS_INFO 1 -1.750000 37.267836 1.570796 10.144662 -1.750000 61.947668 11.201631 0.765306
STATIC_OBS_INFO 0 -6.300000 60.476794 8.119081 
STATIC_OBS_INFO 1 -6.300000 63.181373 10.806609 
Parent: -15.148159 0.574105 7.000000 0.000000 1.050000 0.000000 -10.000000 0.765725 6.000000 0.000000 0 0 0 0 0 0 0 0
EGO_STATUS -5.250000 52.425895 4.300000 1.570796 1.489507 3.000000 -2.940000
DYNAMIC_OBS_INFO 0 -5.750000 31.817038 1.570796 33.470500 -5.750000 86.024495 15.444654 1.320125
DYNAMIC_OBS_INFO 1 -1.750000 37.267836 1.570796 11.081186 -1.750000 63.071657 11.278161 0.765306
STATIC_OBS_INFO 0 -6.300000 60.476794 7.988372 
STATIC_OBS_INFO 1 -6.300000 63.181373 10.675406 
Parent: -15.199909 0.442271 6.000000 0.000000 0.900000 0.000000 -10.000000 0.733750 6.000000 0.000000 0 0 0 0 0 0 0 0
EGO_STATUS -5.250000 52.557729 4.400000 1.570796 1.195507 3.000000 -2.940000
DYNAMIC_OBS_INFO 0 -5.750000 31.817038 1.570796 34.917623 -5.750000 87.575561 15.576667 1.320125
DYNAMIC_OBS_INFO 1 -1.750000 37.267836 1.570796 12.060793 -1.750000 64.203300 11.354692 0.765306
STATIC_OBS_INFO 0 -6.300000 60.476794 7.885496 
STATIC_OBS_INFO 1 -6.300000 63.181373 10.572126 
Parent: -15.206541 0.338482 5.000000 0.000000 0.750000 0.000000 -10.000000 0.742686 6.000000 0.000000 0 0 0 0 0 0 0 0
EGO_STATUS -5.250000 52.661518 4.500000 1.570796 0.901507 3.000000 -2.940000
DYNAMIC_OBS_INFO 0 -5.750000 31.817038 1.570796 36.412966 -5.750000 89.139828 15.708680 1.320125
DYNAMIC_OBS_INFO 1 -1.750000 37.267836 1.570796 13.088931 -1.750000 65.342596 11.431222 0.765306
STATIC_OBS_INFO 0 -6.300000 60.476794 7.817336 
STATIC_OBS_INFO 1 -6.300000 63.181373 10.503690 
Parent: -15.086018 0.269705 4.000000 0.000000 0.600000 0.000000 -10.000000 0.873527 6.000000 0.000000 0 0 0 0 0 0 0 0
EGO_STATUS -5.250000 52.730295 4.600000 1.570796 0.607507 3.000000 -2.940000
DYNAMIC_OBS_INFO 0 -5.750000 31.817038 1.570796 37.959419 -5.750000 90.717297 15.840692 1.320125
DYNAMIC_OBS_INFO 1 -1.750000 37.267836 1.570796 14.167507 -1.750000 66.489545 11.507753 0.765306
STATIC_OBS_INFO 0 -6.300000 60.476794 7.786742 
STATIC_OBS_INFO 1 -6.300000 63.181373 10.472970 
Parent: -14.861101 0.238829 4.000000 0.000000 0.600000 0.000000 -10.000000 1.103074 6.000000 0.000000 0 0 0 0 0 0 0 0
EGO_STATUS -5.250000 52.761171 4.700000 1.570796 0.423025 3.000000 -2.940000
DYNAMIC_OBS_INFO 0 -5.750000 31.817038 1.570796 39.528307 -5.750000 92.307966 15.972705 1.320125
DYNAMIC_OBS_INFO 1 -1.750000 37.267836 1.570796 15.267906 -1.750000 67.644146 11.584284 0.765306
STATIC_OBS_INFO 0 -6.300000 60.476794 7.765289 
STATIC_OBS_INFO 1 -6.300000 63.181373 10.451428 
Parent: -14.703290 0.217178 4.000000 0.000000 0.600000 0.000000 -10.000000 1.264133 6.000000 0.000000 0 0 0 0 0 0 0 0
EGO_STATUS -5.250000 52.782822 4.800000 1.570796 0.333600 3.000000 -2.940000
DYNAMIC_OBS_INFO 0 -5.750000 31.817038 1.570796 41.114876 -5.750000 93.911837 16.104717 1.320125
DYNAMIC_OBS_INFO 1 -1.750000 37.267836 1.570796 16.384591 -1.750000 68.806401 11.660814 0.765306
STATIC_OBS_INFO 0 -6.300000 60.476794 7.748267 
STATIC_OBS_INFO 1 -6.300000 63.181373 10.434335 
Parent: -14.581151 0.199998 3.000000 0.000000 0.450000 0.000000 -10.000000 1.388849 6.000000 0.000000 0 0 0 0 0 0 0 0
EGO_STATUS -5.250000 52.800002 4.900000 1.570796 0.278005 3.000000 -2.940000
DYNAMIC_OBS_INFO 0 -5.750000 31.817038 1.570796 42.717434 -5.750000 95.528910 16.236730 1.320125
DYNAMIC_OBS_INFO 1 -1.750000 37.267836 1.570796 17.515166 -1.750000 69.976309 11.737345 0.765306
STATIC_OBS_INFO 0 -6.300000 60.476794 7.734000 
STATIC_OBS_INFO 1 -6.300000 63.181373 10.420008 
Parent: -14.483877 0.185598 3.000000 0.000000 0.450000 0.000000 -10.000000 1.488283 6.000000 0.000000 0 0 0 0 0 0 0 0
EGO_STATUS -5.250000 52.814402 5.000000 1.570796 0.239412 3.000000 -2.940000
DYNAMIC_OBS_INFO 0 -5.750000 31.817038 1.570796 44.335130 -5.750000 97.159183 16.368742 1.320125
DYNAMIC_OBS_INFO 1 -1.750000 37.267836 1.570796 18.658211 -1.750000 71.153870 11.813875 0.765306
STATIC_OBS_INFO 0 -6.300000 60.476794 7.721645 
STATIC_OBS_INFO 1 -6.300000 63.181373 10.407601 
Parent: -14.405871 0.173127 3.000000 0.000000 0.450000 0.000000 -10.000000 1.568160 6.000000 0.000000 0 0 0 0 0 0 0 0
EGO_STATUS -5.250000 52.826873 5.100000 1.570796 0.210803 3.000000 -2.940000
DYNAMIC_OBS_INFO 0 -5.750000 31.817038 1.570796 45.967465 -5.750000 98.802658 16.500755 1.320125
DYNAMIC_OBS_INFO 1 -1.750000 37.267836 1.570796 19.812766 -1.750000 72.339084 11.890406 0.765306
STATIC_OBS_INFO 0 -6.300000 60.476794 7.710707 
STATIC_OBS_INFO 1 -6.300000 63.181373 10.396617 
Parent: -14.343670 0.162087 3.000000 0.000000 0.450000 0.000000 -10.000000 1.632017 6.000000 0.000000 0 0 0 0 0 0 0 0
EGO_STATUS -5.250000 52.837913 5.200000 1.570796 0.188634 3.000000 -2.940000
DYNAMIC_OBS_INFO 0 -5.750000 31.817038 1.570796 47.614115 -5.750000 100.459334 16.632767 1.320125
DYNAMIC_OBS_INFO 1 -1.750000 37.267836 1.570796 20.978138 -1.750000 73.531951 11.966937 0.765306
STATIC_OBS_INFO 0 -6.300000 60.476794 7.700868 
STATIC_OBS_INFO 1 -6.300000 63.181373 10.386737 
Parent: -14.294904 0.152155 3.000000 0.000000 0.450000 0.000000 -10.000000 1.682273 6.000000 0.000000 0 0 0 0 0 0 0 0
EGO_STATUS -5.250000 52.847845 5.300000 1.570796 0.170893 3.000000 -2.940000
DYNAMIC_OBS_INFO 0 -5.750000 31.817038 1.570796 49.274859 -5.750000 102.129212 16.764780 1.320125
DYNAMIC_OBS_INFO 1 -1.750000 37.267836 1.570796 22.153806 -1.750000 74.732472 12.043467 0.765306
STATIC_OBS_INFO 0 -6.300000 60.476794 7.691908 
STATIC_OBS_INFO 1 -6.300000 63.181373 10.377738 
Parent: -14.257837 0.143111 3.000000 0.000000 0.450000 0.000000 -10.000000 1.720696 6.000000 0.000000 0 0 0 0 0 0 0 0
EGO_STATUS -5.250000 52.856889 5.400000 1.570796 0.156340 3.000000 -2.940000
DYNAMIC_OBS_INFO 0 -5.750000 31.817038 1.570796 50.949537 -5.750000 103.812290 16.896792 1.320125
DYNAMIC_OBS_INFO 1 -1.750000 37.267836 1.570796 23.339363 -1.750000 75.940645 12.119998 0.765306
STATIC_OBS_INFO 0 -6.300000 60.476794 7.683669 
STATIC_OBS_INFO 1 -6.300000 63.181373 10.369464 
Parent: -14.231136 0.134794 3.000000 0.000000 0.450000 0.000000 -10.000000 1.748645 6.000000 0.000000 0 0 0 0 0 0 0 0
EGO_STATUS -5.250000 52.865206 5.500000 1.570796 0.144169 3.000000 -2.940000
DYNAMIC_OBS_INFO 0 -5.750000 31.817038 1.570796 52.638030 -5.750000 105.508570 17.028805 1.320125
DYNAMIC_OBS_INFO 1 -1.750000 37.267836 1.570796 24.534488 -1.750000 77.156471 12.196528 0.765306
STATIC_OBS_INFO 0 -6.300000 60.476794 7.676033 
STATIC_OBS_INFO 1 -6.300000 63.181373 10.361795 
Parent: -14.213741 0.127085 3.000000 0.000000 0.450000 0.000000 -10.000000 1.767197 6.000000 0.000000 0 0 0 0 0 0 0 0
EGO_STATUS -5.250000 52.872915 5.600000 1.570796 0.133827 3.000000 -2.940000
DYNAMIC_OBS_INFO 0 -5.750000 31.817038 1.570796 54.340245 -5.750000 107.218051 17.160817 1.320125
DYNAMIC_OBS_INFO 1 -1.750000 37.267836 1.570796 25.738921 -1.750000 78.379951 12.273059 0.765306
STATIC_OBS_INFO 0 -6.300000 60.476794 7.668909 
STATIC_OBS_INFO 1 -6.300000 63.181373 10.354641 
Parent: -14.204785 0.119894 3.000000 0.000000 0.450000 0.000000 -10.000000 1.777231 6.000000 0.000000 0 0 0 0 0 0 0 0
EGO_STATUS -5.250000 52.880106 5.700000 1.570796 0.124922 3.000000 -2.940000
DYNAMIC_OBS_INFO 0 -5.750000 31.817038 1.570796 56.056111 -5.750000 108.940734 17.292830 1.320125
DYNAMIC_OBS_INFO 1 -1.750000 37.267836 1.570796 26.952449 -1.750000 79.611083 12.349590 0.765306
STATIC_OBS_INFO 0 -6.300000 60.476794 7.662227 
STATIC_OBS_INFO 1 -6.300000 63.181373 10.347930 
Parent: -14.203546 0.113148 3.000000 0.000000 0.450000 0.000000 -10.000000 1.779482 6.000000 0.000000 0 0 0 0 0 0 0 0
EGO_STATUS -5.250000 52.886852 5.800000 1.570796 0.117169 3.000000 -2.940000
DYNAMIC_OBS_INFO 0 -5.750000 31.817038 1.570796 57.785570 -5.750000 110.676617 17.424842 1.320125
DYNAMIC_OBS_INFO 1 -1.750000 37.267836 1.570796 28.174895 -1.750000 80.849869 12.426120 0.765306
STATIC_OBS_INFO 0 -6.300000 60.476794 7.655928 
STATIC_OBS_INFO 1 -6.300000 63.181373 10.341604 
Parent: -14.209410 0.106789 3.000000 0.000000 0.450000 0.000000 -10.000000 1.774572 6.000000 0.000000 0 0 0 0 0 0 0 0
EGO_STATUS -5.250000 52.893211 5.900000 1.570796 0.110355 3.000000 -2.940000
DYNAMIC_OBS_INFO 0 -5.750000 31.817038 1.570796 59.528573 -5.750000 112.425702 17.556855 1.320125
DYNAMIC_OBS_INFO 1 -1.750000 37.267836 1.570796 29.406112 -1.750000 82.096307 12.502651 0.765306
STATIC_OBS_INFO 0 -6.300000 60.476794 7.649967 
STATIC_OBS_INFO 1 -6.300000 63.181373 10.335617 
Parent: -14.221848 0.100772 3.000000 0.000000 0.450000 0.000000 -10.000000 1.763037 6.000000 0.000000 0 0 0 0 0 0 0 0
EGO_STATUS -5.250000 52.899228 6.000000 1.570796 0.104316 3.000000 -2.940000
DYNAMIC_OBS_INFO 0 -5.750000 31.817038 1.570796 61.285084 -5.750000 114.187988 17.688867 1.320125
DYNAMIC_OBS_INFO 1 -1.750000 37.267836 1.570796 30.645974 -1.750000 83.350399 12.579182 0.765306
STATIC_OBS_INFO 0 -6.300000 60.476794 7.644306 
STATIC_OBS_INFO 1 -6.300000 63.181373 10.329931 
Parent: -14.240398 0.095056 2.000000 0.000000 0.300000 0.000000 -10.000000 1.745343 6.000000 0.000000 0 0 0 0 0 0 0 0
EGO_STATUS -5.250000 52.904944 6.100000 1.570796 0.098925 3.000000 -2.940000
DYNAMIC_OBS_INFO 0 -5.750000 31.817038 1.570796 63.055067 -5.750000 115.963475 17.820880 1.320125
DYNAMIC_OBS_INFO 1 -1.750000 37.267836 1.570796 31.894375 -1.750000 84.612143 12.655712 0.765306
STATIC_OBS_INFO 0 -6.300000 60.476794 7.638911 
STATIC_OBS_INFO 1 -6.300000 63.181373 10.324513 
Parent: -14.260477 0.089609 2.000000 0.000000 0.300000 0.000000 -10.000000 1.726081 6.000000 0.000000 0 0 0 0 0 0 0 0
EGO_STATUS -5.250000 52.910391 6.200000 1.570796 0.093830 3.000000 -2.940000
DYNAMIC_OBS_INFO 0 -5.750000 31.817038 1.570796 64.838510 -5.750000 117.752164 17.952892 1.320125
DYNAMIC_OBS_INFO 1 -1.750000 37.267836 1.570796 33.151236 -1.750000 85.881541 12.732243 0.765306
STATIC_OBS_INFO 0 -6.300000 60.476794 7.633769 
STATIC_OBS_INFO 1 -6.300000 63.181373 10.319349 
Parent: -14.281464 0.084418 2.000000 0.000000 0.300000 0.000000 -10.000000 1.705874 6.000000 0.000000 0 0 0 0 0 0 0 0
EGO_STATUS -5.250000 52.915582 6.300000 1.570796 0.088973 3.000000 -2.940000
DYNAMIC_OBS_INFO 0 -5.750000 31.817038 1.570796 66.635399 -5.750000 119.554054 18.084905 1.320125
DYNAMIC_OBS_INFO 1 -1.750000 37.267836 1.570796 34.416491 -1.750000 87.158592 12.808773 0.765306
STATIC_OBS_INFO 0 -6.300000 60.476794 7.628867 
STATIC_OBS_INFO 1 -6.300000 63.181373 10.314426 
Parent: -14.303405 0.079469 2.000000 0.000000 0.300000 0.000000 -10.000000 1.684675 6.000000 0.000000 0 0 0 0 0 0 0 0
EGO_STATUS -5.250000 52.920531 6.400000 1.570796 0.084344 3.000000 -2.940000
DYNAMIC_OBS_INFO 0 -5.750000 31.817038 1.570796 68.445724 -5.750000 121.369145 18.216917 1.320125
DYNAMIC_OBS_INFO 1 -1.750000 37.267836 1.570796 35.690079 -1.750000 88.443296 12.885304 0.765306
STATIC_OBS_INFO 0 -6.300000 60.476794 7.624195 
STATIC_OBS_INFO 1 -6.300000 63.181373 10.309733 
Parent: -14.326352 0.074752 2.000000 0.000000 0.300000 0.000000 -10.000000 1.662435 6.000000 0.000000 0 0 0 0 0 0 0 0
EGO_STATUS -5.250000 52.925248 6.500000 1.570796 0.079931 3.000000 -2.940000
DYNAMIC_OBS_INFO 0 -5.750000 31.817038 1.570796 70.269472 -5.750000 123.197437 18.348930 1.320125
DYNAMIC_OBS_INFO 1 -1.750000 37.267836 1.570796 36.971947 -1.750000 89.735653 12.961835 0.765306
STATIC_OBS_INFO 0 -6.300000 60.476794 7.619741 
STATIC_OBS_INFO 1 -6.300000 63.181373 10.305260 
Parent: -14.350357 0.070256 2.000000 0.000000 0.300000 0.000000 -10.000000 1.639105 6.000000 0.000000 0 0 0 0 0 0 0 0
EGO_STATUS -5.250000 52.929744 6.600000 1.570796 0.075724 3.000000 -2.940000
DYNAMIC_OBS_INFO 0 -5.750000 31.817038 1.570796 72.106634 -5.750000 125.038931 18.480943 1.320125
DYNAMIC_OBS_INFO 1 -1.750000 37.267836 1.570796 38.262049 -1.750000 91.035663 13.038365 0.765306
STATIC_OBS_INFO 0 -6.300000 60.476794 7.615496 
STATIC_OBS_INFO 1 -6.300000 63.181373 10.300996 
Parent: -14.375475 0.065969 2.000000 0.000000 0.300000 0.000000 -10.000000 1.614629 6.000000 0.000000 0 0 0 0 0 0 0 0
EGO_STATUS -5.250000 52.934031 6.700000 1.570796 0.071715 3.000000 -2.940000
DYNAMIC_OBS_INFO 0 -5.750000 31.817038 1.570796 73.957200 -5.750000 126.893626 18.612955 1.320125
DYNAMIC_OBS_INFO 1 -1.750000 37.267836 1.570796 39.560340 -1.750000 92.343326 13.114896 0.765306
STATIC_OBS_INFO 0 -6.300000 60.476794 7.611449 
STATIC_OBS_INFO 1 -6.300000 63.181373 10.296931 
Parent: -14.401765 0.061884 2.000000 0.000000 0.300000 0.000000 -10.000000 1.588953 6.000000 0.000000 0 0 0 0 0 0 0 0
EGO_STATUS -5.250000 52.938116 6.800000 1.570796 0.067892 3.000000 -2.940000
DYNAMIC_OBS_INFO 0 -5.750000 31.817038 1.570796 75.821160 -5.750000 128.761522 18.744968 1.320125
DYNAMIC_OBS_INFO 1 -1.750000 37.267836 1.570796 40.866784 -1.750000 93.658642 13.191426 0.765306
STATIC_OBS_INFO 0 -6.300000 60.476794 7.607592 
STATIC_OBS_INFO 1 -6.300000 63.181373 10.293057 
Parent: -14.429285 0.057989 2.000000 0.000000 0.300000 0.000000 -10.000000 1.562016 6.000000 0.000000 0 0 0 0 0 0 0 0
EGO_STATUS -5.250000 52.942011 6.900000 1.570796 0.064249 3.000000 -2.940000
DYNAMIC_OBS_INFO 0 -5.750000 31.817038 1.570796 77.698505 -5.750000 130.642619 18.876980 1.320125
DYNAMIC_OBS_INFO 1 -1.750000 37.267836 1.570796 42.181345 -1.750000 94.981611 13.267957 0.765306
STATIC_OBS_INFO 0 -6.300000 60.476794 7.603915 
STATIC_OBS_INFO 1 -6.300000 63.181373 10.289364 
Parent: -14.458100 0.054277 2.000000 0.000000 0.300000 0.000000 -10.000000 1.533758 6.000000 0.000000 0 0 0 0 0 0 0 0
EGO_STATUS -5.250000 52.945723 7.000000 1.570796 0.060776 3.000000 -2.940000
DYNAMIC_OBS_INFO 0 -5.750000 31.817038 1.570796 79.589226 -5.750000 132.536918 19.008993 1.320125
DYNAMIC_OBS_INFO 1 -1.750000 37.267836 1.570796 43.503991 -1.750000 96.312233 13.344488 0.765306
STATIC_OBS_INFO 0 -6.300000 60.476794 7.600410 
STATIC_OBS_INFO 1 -6.300000 63.181373 10.285844 
Parent: -14.488276 0.050738 2.000000 0.000000 0.300000 0.000000 -10.000000 1.504113 6.000000 0.000000 0 0 0 0 0 0 0 0
EGO_STATUS -5.250000 52.949262 7.100000 1.570796 0.057465 3.000000 -2.940000
DYNAMIC_OBS_INFO 0 -5.750000 31.817038 1.570796 81.493316 -5.750000 134.444418 19.141005 1.320125
DYNAMIC_OBS_INFO 1 -1.750000 37.267836 1.570796 44.834695 -1.750000 97.650509 13.421018 0.765306
STATIC_OBS_INFO 0 -6.300000 60.476794 7.597069 
STATIC_OBS_INFO 1 -6.300000 63.181373 10.282488 
Parent: -14.519881 0.047365 2.000000 0.000000 0.300000 0.000000 -10.000000 1.473014 6.000000 0.000000 0 0 0 0 0 0 0 0
EGO_STATUS -5.250000 52.952635 7.200000 1.570796 0.054310 3.000000 -2.940000
DYNAMIC_OBS_INFO 0 -5.750000 31.817038 1.570796 83.410767 -5.750000 136.365119 19.273018 1.320125
DYNAMIC_OBS_INFO 1 -1.750000 37.267836 1.570796 46.173429 -1.750000 98.996437 13.497549 0.765306
STATIC_OBS_INFO 0 -6.300000 60.476794 7.593885 
STATIC_OBS_INFO 1 -6.300000 63.181373 10.279289 
Parent: -14.552989 0.044149 2.000000 0.000000 0.300000 0.000000 -10.000000 1.440388 6.000000 0.000000 0 0 0 0 0 0 0 0
EGO_STATUS -5.250000 52.955851 7.300000 1.570796 0.051302 3.000000 -2.940000
DYNAMIC_OBS_INFO 0 -5.750000 31.817038 1.570796 85.341570 -5.750000 138.299022 19.405030 1.320125
DYNAMIC_OBS_INFO 1 -1.750000 37.267836 1.570796 47.520170 -1.750000 100.350018 13.574079 0.765306
STATIC_OBS_INFO 0 -6.300000 60.476794 7.590849 
STATIC_OBS_INFO 1 -6.300000 63.181373 10.276240 
Parent: -14.587676 0.041084 2.000000 0.000000 0.300000 0.000000 -10.000000 1.406162 6.000000 0.000000 0 0 0 0 0 0 0 0
EGO_STATUS -5.250000 52.958916 7.400000 1.570796 0.048434 3.000000 -2.940000
DYNAMIC_OBS_INFO 0 -5.750000 31.817038 1.570796 87.285720 -5.750000 140.246125 19.537043 1.320125
DYNAMIC_OBS_INFO 1 -1.750000 37.267836 1.570796 48.874896 -1.750000 101.711253 13.650610 0.765306
STATIC_OBS_INFO 0 -6.300000 60.476794 7.587956 
STATIC_OBS_INFO 1 -6.300000 63.181373 10.273334 
Parent: -14.624020 0.038162 2.000000 0.000000 0.300000 0.000000 -10.000000 1.370256 6.000000 0.000000 0 0 0 0 0 0 0 0
EGO_STATUS -5.250000 52.961838 7.500000 1.570796 0.045701 3.000000 -2.940000
DYNAMIC_OBS_INFO 0 -5.750000 31.817038 1.570796 89.243208 -5.750000 142.206430 19.669055 1.320125
DYNAMIC_OBS_INFO 1 -1.750000 37.267836 1.570796 50.237587 -1.750000 103.080140 13.727141 0.765306
STATIC_OBS_INFO 0 -6.300000 60.476794 7.585197 
STATIC_OBS_INFO 1 -6.300000 63.181373 10.270563 
Parent: -14.662106 0.035377 2.000000 0.000000 0.300000 0.000000 -10.000000 1.332588 6.000000 0.000000 0 0 0 0 0 0 0 0
EGO_STATUS -5.250000 52.964623 7.600000 1.570796 0.043095 3.000000 -2.940000
DYNAMIC_OBS_INFO 0 -5.750000 31.817038 1.570796 91.214029 -5.750000 144.179936 19.801068 1.320125
DYNAMIC_OBS_INFO 1 -1.750000 37.267836 1.570796 51.608223 -1.750000 104.456681 13.803671 0.765306
STATIC_OBS_INFO 0 -6.300000 60.476794 7.582568 
STATIC_OBS_INFO 1 -6.300000 63.181373 10.267923 
Parent: -14.702020 0.032722 2.000000 0.000000 0.300000 0.000000 -10.000000 1.293071 6.000000 0.000000 0 0 0 0 0 0 0 0
EGO_STATUS -5.250000 52.967278 7.700000 1.570796 0.040612 3.000000 -2.940000
DYNAMIC_OBS_INFO 0 -5.750000 31.817038 1.570796 93.198177 -5.750000 146.166644 19.933080 1.320125
DYNAMIC_OBS_INFO 1 -1.750000 37.267836 1.570796 52.986788 -1.750000 105.840875 13.880202 0.765306
STATIC_OBS_INFO 0 -6.300000 60.476794 7.580062 
STATIC_OBS_INFO 1 -6.300000 63.181373 10.265405 
Parent: -14.743855 0.030192 2.000000 0.000000 0.300000 0.000000 -10.000000 1.251616 6.000000 0.000000 0 0 0 0 0 0 0 0
EGO_STATUS -5.250000 52.969808 7.800000 1.570796 0.038245 3.000000 -2.940000
DYNAMIC_OBS_INFO 0 -5.750000 31.817038 1.570796 95.195645 -5.750000 148.166552 20.065093 1.320125
DYNAMIC_OBS_INFO 1 -1.750000 37.267836 1.570796 54.373265 -1.750000 107.232721 13.956732 0.765306
STATIC_OBS_INFO 0 -6.300000 60.476794 7.577673 
STATIC_OBS_INFO 1 -6.300000 63.181373 10.263006 
Parent: -14.787707 0.027780 2.000000 0.000000 0.300000 0.000000 -10.000000 1.208126 6.000000 0.000000 0 0 0 0 0 0 0 0
EGO_STATUS -5.250000 52.972220 7.900000 1.570796 0.035988 3.000000 -2.940000
DYNAMIC_OBS_INFO 0 -5.750000 31.817038 1.570796 97.206428 -5.750000 150.179662 20.197105 1.320125
DYNAMIC_OBS_INFO 1 -1.750000 37.267836 1.570796 55.767640 -1.750000 108.632221 14.033263 0.765306
STATIC_OBS_INFO 0 -6.300000 60.476794 7.575396 
STATIC_OBS_INFO 1 -6.300000 63.181373 10.260718 
Parent: -14.833676 0.025480 2.000000 0.000000 0.300000 0.000000 -10.000000 1.162502 6.000000 0.000000 0 0 0 0 0 0 0 0
EGO_STATUS -5.250000 52.974520 8.000000 1.570796 0.033837 3.000000 -2.940000
DYNAMIC_OBS_INFO 0 -5.750000 31.817038 1.570796 99.230521 -5.750000 152.205973 20.329118 1.320125
DYNAMIC_OBS_INFO 1 -1.750000 37.267836 1.570796 57.169900 -1.750000 110.039374 14.109794 0.765306
STATIC_OBS_INFO 0 -6.300000 60.476794 7.573225 
STATIC_OBS_INFO 1 -6.300000 63.181373 10.258538 
Parent: -14.881867 0.023288 2.000000 0.000000 0.300000 0.000000 -10.000000 1.114640 6.000000 0.000000 0 0 0 0 0 0 0 0
EGO_STATUS -5.250000 52.976712 8.100000 1.570796 0.031786 3.000000 -2.940000
DYNAMIC_OBS_INFO 0 -5.750000 31.817038 1.570796 101.267919 -5.750000 154.245486 20.461130 1.320125
DYNAMIC_OBS_INFO 1 -1.750000 37.267836 1.570796 58.580030 -1.750000 111.454180 14.186324 0.765306
STATIC_OBS_INFO 0 -6.300000 60.476794 7.571156 
STATIC_OBS_INFO 1 -6.300000 63.181373 10.256460 
Parent: -14.932391 0.021199 2.000000 0.000000 0.300000 0.000000 -10.000000 1.064429 6.000000 0.000000 0 0 0 0 0 0 0 0
EGO_STATUS -5.250000 52.978801 8.200000 1.570796 0.029832 3.000000 -2.940000
DYNAMIC_OBS_INFO 0 -5.750000 31.817038 1.570796 103.318617 -5.750000 156.298199 20.593143 1.320125
DYNAMIC_OBS_INFO 1 -1.750000 37.267836 1.570796 59.998020 -1.750000 112.876639 14.262855 0.765306
STATIC_OBS_INFO 0 -6.300000 60.476794 7.569184 
STATIC_OBS_INFO 1 -6.300000 63.181373 10.254479 
Parent: -14.985365 0.019207 2.000000 0.000000 0.300000 0.000000 -10.000000 1.011754 6.000000 0.000000 0 0 0 0 0 0 0 0
EGO_STATUS -5.250000 52.980793 8.300000 1.570796 0.027969 3.000000 -2.940000
DYNAMIC_OBS_INFO 0 -5.750000 31.817038 1.570796 105.382610 -5.750000 158.364114 20.725155 1.320125
DYNAMIC_OBS_INFO 1 -1.750000 37.267836 1.570796 61.423858 -1.750000 114.306751 14.339386 0.765306
STATIC_OBS_INFO 0 -6.300000 60.476794 7.567303 
STATIC_OBS_INFO 1 -6.300000 63.181373 10.252590 
Parent: -15.040910 0.017309 2.000000 0.000000 0.300000 0.000000 -10.000000 0.956494 6.000000 0.000000 0 0 0 0 0 0 0 0
EGO_STATUS -5.250000 52.982691 8.400000 1.570796 0.026193 3.000000 -2.940000
DYNAMIC_OBS_INFO 0 -5.750000 31.817038 1.570796 107.459893 -5.750000 160.443231 20.857168 1.320125
DYNAMIC_OBS_INFO 1 -1.750000 37.267836 1.570796 62.857534 -1.750000 115.744516 14.415916 0.765306
STATIC_OBS_INFO 0 -6.300000 60.476794 7.565511 
STATIC_OBS_INFO 1 -6.300000 63.181373 10.250790 
Parent: -15.099153 0.015499 2.000000 0.000000 0.300000 0.000000 -10.000000 0.898522 6.000000 0.000000 0 0 0 0 0 0 0 0
EGO_STATUS -5.250000 52.984501 8.500000 1.570796 0.024500 3.000000 -2.940000
DYNAMIC_OBS_INFO 0 -5.750000 31.817038 1.570796 109.550463 -5.750000 162.535548 20.989181 1.320125
DYNAMIC_OBS_INFO 1 -1.750000 37.267836 1.570796 64.299037 -1.750000 117.189934 14.492447 0.765306
STATIC_OBS_INFO 0 -6.300000 60.476794 7.563803 
STATIC_OBS_INFO 1 -6.300000 63.181373 10.249074 
Parent: -15.160228 0.013774 2.000000 0.000000 0.300000 0.000000 -10.000000 0.837706 6.000000 0.000000 0 0 0 0 0 0 0 0
EGO_STATUS -5.250000 52.986226 8.600000 1.570796 0.022886 3.000000 -2.940000
DYNAMIC_OBS_INFO 0 -5.750000 31.817038 1.570796 111.654316 -5.750000 164.641067 21.121193 1.320125
DYNAMIC_OBS_INFO 1 -1.750000 37.267836 1.570796 65.748360 -1.750000 118.643005 14.568977 0.765306
STATIC_OBS_INFO 0 -6.300000 60.476794 7.562175 
STATIC_OBS_INFO 1 -6.300000 63.181373 10.247438 
Parent: -15.224275 0.012130 2.000000 0.000000 0.300000 0.000000 -10.000000 0.773906 6.000000 0.000000 0 0 0 0 0 0 0 0
EGO_STATUS -5.250000 52.987870 8.700000 1.570796 0.021348 3.000000 -2.940000
DYNAMIC_OBS_INFO 0 -5.750000 31.817038 1.570796 113.771448 -5.750000 166.759787 21.253206 1.320125
DYNAMIC_OBS_INFO 1 -1.750000 37.267836 1.570796 67.205493 -1.750000 120.103730 14.645508 0.765306
STATIC_OBS_INFO 0 -6.300000 60.476794 7.560622 
STATIC_OBS_INFO 1 -6.300000 63.181373 10.245879 
Parent: -15.291441 0.010563 2.000000 0.000000 0.300000 0.000000 -10.000000 0.706975 6.000000 0.000000 0 0 0 0 0 0 0 0
EGO_STATUS -5.250000 52.989437 8.800000 1.570796 0.019881 3.000000 -2.940000
DYNAMIC_OBS_INFO 0 -5.750000 31.817038 1.570796 115.901855 -5.750000 168.891708 21.385218 1.320125
DYNAMIC_OBS_INFO 1 -1.750000 37.267836 1.570796 68.670428 -1.750000 121.572107 14.722039 0.765306
STATIC_OBS_INFO 0 -6.300000 60.476794 7.559143 
STATIC_OBS_INFO 1 -6.300000 63.181373 10.244393 
NO_CANDIDATE
EGO_STATUS -5.250000 52.990931 8.900000 1.570796 0.018484 3.000000 -2.940000
DYNAMIC_OBS_INFO 0 -5.750000 31.817038 1.570796 118.043970 -5.750000 171.036830 21.517231 1.320125
DYNAMIC_OBS_INFO 1 -1.750000 37.267836 1.570796 70.141596 -1.750000 123.048137 14.798569 0.765306
STATIC_OBS_INFO 0 -6.300000 60.476794 7.556184 
STATIC_OBS_INFO 1 -6.300000 63.181373 10.241421 
NO_CANDIDATE
EGO_STATUS -5.250000 52.993920 9.000000 1.570796 0.015688 3.000000 -2.940000
FAIL
DYNAMIC_OBS_INFO 0 -5.750000 31.817038 1.570796 120.200705 -5.750000 173.195154 21.649243 1.320125
DYNAMIC_OBS_INFO 1 -1.750000 37.267836 1.570796 71.621902 -1.750000 124.531821 14.875100 0.765306
STATIC_OBS_INFO 0 -6.300000 60.476794 7.554630 
STATIC_OBS_INFO 1 -6.300000 63.181373 10.239860 
NO_CANDIDATE
EGO_STATUS -5.250000 52.995488 9.100000 1.570796 0.015688 4.000000 0.000000
FAIL
DYNAMIC_OBS_INFO 0 -5.750000 31.817038 1.570796 122.370643 -5.750000 175.366679 21.781256 1.320125
DYNAMIC_OBS_INFO 1 -1.750000 37.267836 1.570796 73.109926 -1.750000 126.023157 14.951630 0.765306
STATIC_OBS_INFO 0 -6.300000 60.476794 7.553077 
STATIC_OBS_INFO 1 -6.300000 63.181373 10.238300 
NO_CANDIDATE
EGO_STATUS -5.250000 52.997057 9.200000 1.570796 0.015688 4.000000 0.000000
FAIL
DYNAMIC_OBS_INFO 0 -5.750000 31.817038 1.570796 124.553783 -5.750000 177.551405 21.913268 1.320125
DYNAMIC_OBS_INFO 1 -1.750000 37.267836 1.570796 74.605664 -1.750000 127.522147 15.028161 0.765306
STATIC_OBS_INFO 0 -6.300000 60.476794 7.551523 
STATIC_OBS_INFO 1 -6.300000 63.181373 10.236739 
NO_CANDIDATE
EGO_STATUS -5.250000 52.998626 9.300000 1.570796 0.015688 4.000000 0.000000
FAIL
DYNAMIC_OBS_INFO 0 -5.750000 31.817038 1.570796 126.750124 -5.750000 179.749332 22.045281 1.320125
DYNAMIC_OBS_INFO 1 -1.750000 37.267836 1.570796 76.109114 -1.750000 129.028789 15.104692 0.765306
STATIC_OBS_INFO 0 -6.300000 60.476794 7.549969 
STATIC_OBS_INFO 1 -6.300000 63.181373 10.235178 
NO_CANDIDATE
EGO_STATUS -5.250000 53.000195 9.400000 1.570796 0.015688 4.000000 0.000000
FAIL
DYNAMIC_OBS_INFO 0 -5.750000 31.817038 1.570796 128.959667 -5.750000 181.960461 22.177293 1.320125
DYNAMIC_OBS_INFO 1 -1.750000 37.267836 1.570796 77.620271 -1.750000 130.543085 15.181222 0.765306
STATIC_OBS_INFO 0 -6.300000 60.476794 7.548416 
STATIC_OBS_INFO 1 -6.300000 63.181373 10.233618 
NO_CANDIDATE
EGO_STATUS -5.250000 53.001764 9.500000 1.570796 0.015688 4.000000 0.000000
FAIL
DYNAMIC_OBS_INFO 0 -5.750000 31.817038 1.570796 131.182411 -5.750000 184.184791 22.309306 1.320125
DYNAMIC_OBS_INFO 1 -1.750000 37.267836 1.570796 79.139135 -1.750000 132.065034 15.257753 0.765306
STATIC_OBS_INFO 0 -6.300000 60.476794 7.546862 
STATIC_OBS_INFO 1 -6.300000 63.181373 10.232057 
NO_CANDIDATE
EGO_STATUS -5.250000 53.003332 9.600000 1.570796 0.015688 4.000000 0.000000
FAIL
DYNAMIC_OBS_INFO 0 -5.750000 31.817038 1.570796 133.418358 -5.750000 186.422322 22.441318 1.320125
DYNAMIC_OBS_INFO 1 -1.750000 37.267836 1.570796 80.665701 -1.750000 133.594636 15.334283 0.765306
STATIC_OBS_INFO 0 -6.300000 60.476794 7.545309 
STATIC_OBS_INFO 1 -6.300000 63.181373 10.230497 
NO_CANDIDATE
EGO_STATUS -5.250000 53.004901 9.700000 1.570796 0.015688 4.000000 0.000000
FAIL
DYNAMIC_OBS_INFO 0 -5.750000 31.817038 1.570796 135.667506 -5.750000 188.673055 22.573331 1.320125
DYNAMIC_OBS_INFO 1 -1.750000 37.267836 1.570796 82.199968 -1.750000 135.131891 15.410814 0.765306
STATIC_OBS_INFO 0 -6.300000 60.476794 7.543755 
STATIC_OBS_INFO 1 -6.300000 63.181373 10.228936 
NO_CANDIDATE
EGO_STATUS -5.250000 53.006470 9.800000 1.570796 0.015688 4.000000 0.000000
FAIL
DYNAMIC_OBS_INFO 0 -5.750000 31.817038 1.570796 137.929856 -5.750000 190.936988 22.705343 1.320125
DYNAMIC_OBS_INFO 1 -1.750000 37.267836 1.570796 83.741933 -1.750000 136.676799 15.487345 0.765306
STATIC_OBS_INFO 0 -6.300000 60.476794 7.542201 
STATIC_OBS_INFO 1 -6.300000 63.181373 10.227376 
NO_CANDIDATE
EGO_STATUS -5.250000 53.008039 9.900000 1.570796 0.015688 4.000000 0.000000
FAIL
DYNAMIC_OBS_INFO 0 -5.750000 31.817038 1.570796 140.205407 -5.750000 193.214123 22.837356 1.320125
DYNAMIC_OBS_INFO 1 -1.750000 37.267836 1.570796 85.291594 -1.750000 138.229360 15.563875 0.765306
STATIC_OBS_INFO 0 -6.300000 60.476794 7.540648 
STATIC_OBS_INFO 1 -6.300000 63.181373 10.225815 
NO_CANDIDATE
EGO_STATUS -5.250000 53.009608 10.000000 1.570796 0.015688 4.000000 0.000000
FAIL
DYNAMIC_OBS_INFO 0 -5.750000 31.817038 1.570796 142.494160 -5.750000 195.504460 22.969368 1.320125
DYNAMIC_OBS_INFO 1 -1.750000 37.267836 1.570796 86.848950 -1.750000 139.789574 15.640406 0.765306
STATIC_OBS_INFO 0 -6.300000 60.476794 7.539094 
STATIC_OBS_INFO 1 -6.300000 63.181373 10.224255 
NO_CANDIDATE
EGO_STATUS -5.250000 53.011177 10.100000 1.570796 0.015688 4.000000 0.000000
FAIL
DYNAMIC_OBS_INFO 0 -5.750000 31.817038 1.570796 144.796115 -5.750000 197.807997 23.101381 1.320125
DYNAMIC_OBS_INFO 1 -1.750000 37.267836 1.570796 88.413999 -1.750000 141.357441 15.716937 0.765306
STATIC_OBS_INFO 0 -6.300000 60.476794 7.537541 
STATIC_OBS_INFO 1 -6.300000 63.181373 10.222694 
NO_CANDIDATE
EGO_STATUS -5.250000 53.012745 10.200000 1.570796 0.015688 4.000000 0.000000
FAIL
DYNAMIC_OBS_INFO 0 -5.750000 31.817038 1.570796 147.111271 -5.750000 200.124736 23.233393 1.320125
DYNAMIC_OBS_INFO 1 -1.750000 37.267836 1.570796 89.986738 -1.750000 142.932961 15.793467 0.765306
STATIC_OBS_INFO 0 -6.300000 60.476794 7.535987 
STATIC_OBS_INFO 1 -6.300000 63.181373 10.221134 
NO_CANDIDATE
EGO_STATUS -5.250000 53.014314 10.300000 1.570796 0.015688 4.000000 0.000000
FAIL
DYNAMIC_OBS_INFO 0 -5.750000 31.817038 1.570796 149.439629 -5.750000 202.454676 23.365406 1.320125
DYNAMIC_OBS_INFO 1 -1.750000 37.267836 1.570796 91.567166 -1.750000 144.516134 15.869998 0.765306
STATIC_OBS_INFO 0 -6.300000 60.476794 7.534434 
STATIC_OBS_INFO 1 -6.300000 63.181373 10.219573 
NO_CANDIDATE
EGO_STATUS -5.250000 53.015883 10.400000 1.570796 0.015688 4.000000 0.000000
FAIL
DYNAMIC_OBS_INFO 0 -5.750000 31.817038 1.570796 151.781189 -5.750000 204.797817 23.497418 1.320125
DYNAMIC_OBS_INFO 1 -1.750000 37.267836 1.570796 93.155282 -1.750000 146.106960 15.946528 0.765306
STATIC_OBS_INFO 0 -6.300000 60.476794 7.532880 
STATIC_OBS_INFO 1 -6.300000 63.181373 10.218013 
NO_CANDIDATE
EGO_STATUS -5.250000 53.017452 10.500000 1.570796 0.015688 4.000000 0.000000
FAIL
DYNAMIC_OBS_INFO 0 -5.750000 31.817038 1.570796 154.135950 -5.750000 207.154159 23.629431 1.320125
DYNAMIC_OBS_INFO 1 -1.750000 37.267836 1.570796 94.751084 -1.750000 147.705440 16.023059 0.765306
STATIC_OBS_INFO 0 -6.300000 60.476794 7.531327 
STATIC_OBS_INFO 1 -6.300000 63.181373 10.216452 
NO_CANDIDATE
EGO_STATUS -5.250000 53.019021 10.600000 1.570796 0.015688 4.000000 0.000000
FAIL
DYNAMIC_OBS_INFO 0 -5.750000 31.817038 1.570796 156.503912 -5.750000 209.523703 23.761444 1.320125
DYNAMIC_OBS_INFO 1 -1.750000 37.267836 1.570796 96.354571 -1.750000 149.311572 16.099590 0.765306
STATIC_OBS_INFO 0 -6.300000 60.476794 7.529773 
STATIC_OBS_INFO 1 -6.300000 63.181373 10.214891 
NO_CANDIDATE
EGO_STATUS -5.250000 53.020590 10.700000 1.570796 0.015688 4.000000 0.000000
FAIL
DYNAMIC_OBS_INFO 0 -5.750000 31.817038 1.570796 158.885076 -5.750000 211.906448 23.893456 1.320125
DYNAMIC_OBS_INFO 1 -1.750000 37.267836 1.570796 97.965741 -1.750000 150.925358 16.176120 0.765306
STATIC_OBS_INFO 0 -6.300000 60.476794 7.528220 
STATIC_OBS_INFO 1 -6.300000 63.181373 10.213331 
NO_CANDIDATE
EGO_STATUS -5.250000 53.022158 10.800000 1.570796 0.015688 4.000000 0.000000
FAIL
DYNAMIC_OBS_INFO 0 -5.750000 31.817038 1.570796 161.279442 -5.750000 214.302394 24.025469 1.320125
DYNAMIC_OBS_INFO 1 -1.750000 37.267836 1.570796 99.584593 -1.750000 152.546796 16.252651 0.765306
STATIC_OBS_INFO 0 -6.300000 60.476794 7.526666 
STATIC_OBS_INFO 1 -6.300000 63.181373 10.211770 
NO_CANDIDATE
EGO_STATUS -5.250000 53.023727 10.900000 1.570796 0.015688 4.000000 0.000000
FAIL
DYNAMIC_OBS_INFO 0 -5.750000 31.817038 1.570796 163.687009 -5.750000 216.711542 24.157481 1.320125
DYNAMIC_OBS_INFO 1 -1.750000 37.267836 1.570796 101.211127 -1.750000 154.175888 16.329181 0.765306
STATIC_OBS_INFO 0 -6.300000 60.476794 7.525113 
STATIC_OBS_INFO 1 -6.300000 63.181373 10.210210 
NO_CANDIDATE
EGO_STATUS -5.250000 53.025296 11.000000 1.570796 0.015688 4.000000 0.000000
FAIL
DYNAMIC_OBS_INFO 0 -5.750000 31.817038 1.570796 166.107778 -5.750000 219.133891 24.289494 1.320125
DYNAMIC_OBS_INFO 1 -1.750000 37.267836 1.570796 102.845340 -1.750000 155.812633 16.405712 0.765306
STATIC_OBS_INFO 0 -6.300000 60.476794 7.523559 
STATIC_OBS_INFO 1 -6.300000 63.181373 10.208649 
NO_CANDIDATE
EGO_STATUS -5.250000 53.026865 11.100000 1.570796 0.015688 4.000000 0.000000
FAIL
DYNAMIC_OBS_INFO 0 -5.750000 31.817038 1.570796 168.541748 -5.750000 221.569441 24.421506 1.320125
DYNAMIC_OBS_INFO 1 -1.750000 37.267836 1.570796 104.487233 -1.750000 157.457030 16.482243 0.765306
STATIC_OBS_INFO 0 -6.300000 60.476794 7.522006 
STATIC_OBS_INFO 1 -6.300000 63.181373 10.207089 
NO_CANDIDATE
EGO_STATUS -5.250000 53.028434 11.200000 1.570796 0.015688 4.000000 0.000000
FAIL
DYNAMIC_OBS_INFO 0 -5.750000 31.817038 1.570796 170.988920 -5.750000 224.018192 24.553519 1.320125
DYNAMIC_OBS_INFO 1 -1.750000 37.267836 1.570796 106.136803 -1.750000 159.109081 16.558773 0.765306
STATIC_OBS_INFO 0 -6.300000 60.476794 7.520452 
STATIC_OBS_INFO 1 -6.300000 63.181373 10.205528 
NO_CANDIDATE
EGO_STATUS -5.250000 53.030003 11.300000 1.570796 0.015688 4.000000 0.000000
FAIL
DYNAMIC_OBS_INFO 0 -5.750000 31.817038 1.570796 173.449294 -5.750000 226.480144 24.685531 1.320125
DYNAMIC_OBS_INFO 1 -1.750000 37.267836 1.570796 107.794050 -1.750000 160.768785 16.635304 0.765306
STATIC_OBS_INFO 0 -6.300000 60.476794 7.518899 
STATIC_OBS_INFO 1 -6.300000 63.181373 10.203968 
NO_CANDIDATE
EGO_STATUS -5.250000 53.031571 11.400000 1.570796 0.015688 4.000000 0.000000
FAIL
DYNAMIC_OBS_INFO 0 -5.750000 31.817038 1.570796 175.922868 -5.750000 228.955298 24.817544 1.320125
DYNAMIC_OBS_INFO 1 -1.750000 37.267836 1.570796 109.458973 -1.750000 162.436142 16.711834 0.765306
STATIC_OBS_INFO 0 -6.300000 60.476794 7.517345 
STATIC_OBS_INFO 1 -6.300000 63.181373 10.202407 
NO_CANDIDATE
EGO_STATUS -5.250000 53.033140 11.500000 1.570796 0.015688 4.000000 0.000000
FAIL
DYNAMIC_OBS_INFO 0 -5.750000 31.817038 1.570796 178.409645 -5.750000 231.443653 24.949556 1.320125
DYNAMIC_OBS_INFO 1 -1.750000 37.267836 1.570796 111.131571 -1.750000 164.111152 16.788365 0.765306
STATIC_OBS_INFO 0 -6.300000 60.476794 7.515792 
STATIC_OBS_INFO 1 -6.300000 63.181373 10.200847 
NO_CANDIDATE
EGO_STATUS -5.250000 53.034709 11.600000 1.570796 0.015688 4.000000 0.000000
FAIL
DYNAMIC_OBS_INFO 0 -5.750000 31.817038 1.570796 180.909622 -5.750000 233.945209 25.081569 1.320125
DYNAMIC_OBS_INFO 1 -1.750000 37.267836 1.570796 112.811844 -1.750000 165.793815 16.864896 0.765306
STATIC_OBS_INFO 0 -6.300000 60.476794 7.514239 
STATIC_OBS_INFO 1 -6.300000 63.181373 10.199286 
NO_CANDIDATE
EGO_STATUS -5.250000 53.036278 11.700000 1.570796 0.015688 4.000000 0.000000
FAIL
DYNAMIC_OBS_INFO 0 -5.750000 31.817038 1.570796 183.422802 -5.750000 236.459967 25.213581 1.320125
DYNAMIC_OBS_INFO 1 -1.750000 37.267836 1.570796 114.499790 -1.750000 167.484131 16.941426 0.765306
STATIC_OBS_INFO 0 -6.300000 60.476794 7.512685 
STATIC_OBS_INFO 1 -6.300000 63.181373 10.197726 
NO_CANDIDATE
EGO_STATUS -5.250000 53.037847 11.800000 1.570796 0.015688 4.000000 0.000000
FAIL
DYNAMIC_OBS_INFO 0 -5.750000 31.817038 1.570796 185.949182 -5.750000 238.987926 25.345594 1.320125
DYNAMIC_OBS_INFO 1 -1.750000 37.267836 1.570796 116.195409 -1.750000 169.182100 17.017957 0.765306
STATIC_OBS_INFO 0 -6.300000 60.476794 7.511132 
STATIC_OBS_INFO 1 -6.300000 63.181373 10.196165 
NO_CANDIDATE
EGO_STATUS -5.250000 53.039416 11.900000 1.570796 0.015688 4.000000 0.000000
FAIL
DYNAMIC_OBS_INFO 0 -5.750000 31.817038 1.570796 188.488764 -5.750000 241.529086 25.477606 1.320125
DYNAMIC_OBS_INFO 1 -1.750000 37.267836 1.570796 117.898701 -1.750000 170.887722 17.094488 0.765306
STATIC_OBS_INFO 0 -6.300000 60.476794 7.509578 
STATIC_OBS_INFO 1 -6.300000 63.181373 10.194605 
NO_CANDIDATE
EGO_STATUS -5.250000 53.040984 12.000000 1.570796 0.015688 4.000000 0.000000
FAIL
DYNAMIC_OBS_INFO 0 -5.750000 31.817038 1.570796 191.041548 -5.750000 244.083447 25.609619 1.320125
DYNAMIC_OBS_INFO 1 -1.750000 37.267836 1.570796 119.609664 -1.750000 172.600998 17.171018 0.765306
STATIC_OBS_INFO 0 -6.300000 60.476794 7.508025 
STATIC_OBS_INFO 1 -6.300000 63.181373 10.193044 
NO_CANDIDATE
EGO_STATUS -5.250000 53.042553 12.100000 1.570796 0.015688 4.000000 0.000000
FAIL
DYNAMIC_OBS_INFO 0 -5.750000 31.817038 1.570796 193.607533 -5.750000 246.651009 25.741631 1.320125
DYNAMIC_OBS_INFO 1 -1.750000 37.267836 1.570796 121.328297 -1.750000 174.321926 17.247549 0.765306
STATIC_OBS_INFO 0 -6.300000 60.476794 7.506471 
STATIC_OBS_INFO 1 -6.300000 63.181373 10.191484 
NO_CANDIDATE
EGO_STATUS -5.250000 53.044122 12.200000 1.570796 0.015688 4.000000 0.000000
FAIL
DYNAMIC_OBS_INFO 0 -5.750000 31.817038 1.570796 196.186719 -5.750000 249.231773 25.873644 1.320125
DYNAMIC_OBS_INFO 1 -1.750000 37.267836 1.570796 123.054601 -1.750000 176.050507 17.324079 0.765306
STATIC_OBS_INFO 0 -6.300000 60.476794 7.504918 
STATIC_OBS_INFO 1 -6.300000 63.181373 10.189923 
NO_CANDIDATE
EGO_STATUS -5.250000 53.045691 12.300000 1.570796 0.015688 4.000000 0.000000
FAIL
DYNAMIC_OBS_INFO 0 -5.750000 31.817038 1.570796 198.779107 -5.750000 251.825738 26.005656 1.320125
DYNAMIC_OBS_INFO 1 -1.750000 37.267836 1.570796 124.788575 -1.750000 177.786742 17.400610 0.765306
STATIC_OBS_INFO 0 -6.300000 60.476794 7.503365 
STATIC_OBS_INFO 1 -6.300000 63.181373 10.188363 
NO_CANDIDATE
EGO_STATUS -5.250000 53.047260 12.400000 1.570796 0.015688 4.000000 0.000000
FAIL
DYNAMIC_OBS_INFO 0 -5.750000 31.817038 1.570796 201.384697 -5.750000 254.432904 26.137669 1.320125
DYNAMIC_OBS_INFO 1 -1.750000 37.267836 1.570796 126.530217 -1.750000 179.530629 17.477141 0.765306
STATIC_OBS_INFO 0 -6.300000 60.476794 7.501811 
STATIC_OBS_INFO 1 -6.300000 63.181373 10.186802 
NO_CANDIDATE
EGO_STATUS -5.250000 53.048829 12.500000 1.570796 0.015688 4.000000 0.000000
FAIL
DYNAMIC_OBS_INFO 0 -5.750000 31.817038 1.570796 204.003487 -5.750000 257.053272 26.269682 1.320125
DYNAMIC_OBS_INFO 1 -1.750000 37.267836 1.570796 128.279529 -1.750000 181.282170 17.553671 0.765306
STATIC_OBS_INFO 0 -6.300000 60.476794 7.500258 
STATIC_OBS_INFO 1 -6.300000 63.181373 10.185242 
NO_CANDIDATE
EGO_STATUS -5.250000 53.050397 12.600000 1.570796 0.015688 4.000000 0.000000
FAIL
DYNAMIC_OBS_INFO 0 -5.750000 31.817038 1.570796 206.635479 -5.750000 259.686841 26.401694 1.320125
DYNAMIC_OBS_INFO 1 -1.750000 37.267836 1.570796 130.036508 -1.750000 183.041364 17.630202 0.765306
STATIC_OBS_INFO 0 -6.300000 60.476794 7.498704 
STATIC_OBS_INFO 1 -6.300000 63.181373 10.183682 
NO_CANDIDATE
EGO_STATUS -5.250000 53.051966 12.700000 1.570796 0.015688 4.000000 0.000000
FAIL
DYNAMIC_OBS_INFO 0 -5.750000 31.817038 1.570796 209.280673 -5.750000 262.333611 26.533707 1.320125
DYNAMIC_OBS_INFO 1 -1.750000 37.267836 1.570796 131.801155 -1.750000 184.808210 17.706732 0.765306
STATIC_OBS_INFO 0 -6.300000 60.476794 7.497151 
STATIC_OBS_INFO 1 -6.300000 63.181373 10.182121 
NO_CANDIDATE
EGO_STATUS -5.250000 53.053535 12.800000 1.570796 0.015688 4.000000 0.000000
FAIL
DYNAMIC_OBS_INFO 0 -5.750000 31.817038 1.570796 211.939068 -5.750000 264.993582 26.665719 1.320125
DYNAMIC_OBS_INFO 1 -1.750000 37.267836 1.570796 133.573469 -1.750000 186.582710 17.783263 0.765306
STATIC_OBS_INFO 0 -6.300000 60.476794 7.495598 
STATIC_OBS_INFO 1 -6.300000 63.181373 10.180561 
NO_CANDIDATE
EGO_STATUS -5.250000 53.055104 12.900000 1.570796 0.015688 4.000000 0.000000
FAIL
DYNAMIC_OBS_INFO 0 -5.750000 31.817038 1.570796 214.610664 -5.750000 267.666755 26.797732 1.320125
DYNAMIC_OBS_INFO 1 -1.750000 37.267836 1.570796 135.353450 -1.750000 188.364863 17.859794 0.765306
STATIC_OBS_INFO 0 -6.300000 60.476794 7.494044 
STATIC_OBS_INFO 1 -6.300000 63.181373 10.179000 
NO_CANDIDATE
EGO_STATUS -5.250000 53.056673 13.000000 1.570796 0.015688 4.000000 0.000000
FAIL
DYNAMIC_OBS_INFO 0 -5.750000 31.817038 1.570796 217.295462 -5.750000 270.353128 26.929744 1.320125
DYNAMIC_OBS_INFO 1 -1.750000 37.267836 1.570796 137.141096 -1.750000 190.154669 17.936324 0.765306
STATIC_OBS_INFO 0 -6.300000 60.476794 7.492491 
STATIC_OBS_INFO 1 -6.300000 63.181373 10.177440 
NO_CANDIDATE
EGO_STATUS -5.250000 53.058242 13.100000 1.570796 0.015688 4.000000 0.000000
FAIL
DYNAMIC_OBS_INFO 0 -5.750000 31.817038 1.570796 219.993461 -5.750000 273.052703 27.061757 1.320125
DYNAMIC_OBS_INFO 1 -1.750000 37.267836 1.570796 138.936409 -1.750000 191.952128 18.012855 0.765306
STATIC_OBS_INFO 0 -6.300000 60.476794 7.490938 
STATIC_OBS_INFO 1 -6.300000 63.181373 10.175879 
NO_CANDIDATE
EGO_STATUS -5.250000 53.059810 13.200000 1.570796 0.015688 4.000000 0.000000
FAIL
DYNAMIC_OBS_INFO 0 -5.750000 31.817038 1.570796 222.704662 -5.750000 275.765480 27.193769 1.320125
DYNAMIC_OBS_INFO 1 -1.750000 37.267836 1.570796 140.739387 -1.750000 193.757240 18.089385 0.765306
STATIC_OBS_INFO 0 -6.300000 60.476794 7.489384 
STATIC_OBS_INFO 1 -6.300000 63.181373 10.174319 
NO_CANDIDATE
EGO_STATUS -5.250000 53.061379 13.300000 1.570796 0.015688 4.000000 0.000000
FAIL
DYNAMIC_OBS_INFO 0 -5.750000 31.817038 1.570796 225.429064 -5.750000 278.491457 27.325782 1.320125
DYNAMIC_OBS_INFO 1 -1.750000 37.267836 1.570796 142.550031 -1.750000 195.570005 18.165916 0.765306
STATIC_OBS_INFO 0 -6.300000 60.476794 7.487831 
STATIC_OBS_INFO 1 -6.300000 63.181373 10.172758 
NO_CANDIDATE
EGO_STATUS -5.250000 53.062948 13.400000 1.570796 0.015688 4.000000 0.000000
FAIL
DYNAMIC_OBS_INFO 0 -5.750000 31.817038 1.570796 228.166667 -5.750000 281.230636 27.457794 1.320125
DYNAMIC_OBS_INFO 1 -1.750000 37.267836 1.570796 144.368338 -1.750000 197.390423 18.242447 0.765306
STATIC_OBS_INFO 0 -6.300000 60.476794 7.486278 
STATIC_OBS_INFO 1 -6.300000 63.181373 10.171198 
NO_CANDIDATE
EGO_STATUS -5.250000 53.064517 13.500000 1.570796 0.015688 4.000000 0.000000
FAIL
DYNAMIC_OBS_INFO 0 -5.750000 31.817038 1.570796 230.917472 -5.750000 283.983016 27.589807 1.320125
DYNAMIC_OBS_INFO 1 -1.750000 37.267836 1.570796 146.194311 -1.750000 199.218494 18.318977 0.765306
STATIC_OBS_INFO 0 -6.300000 60.476794 7.484724 
STATIC_OBS_INFO 1 -6.300000 63.181373 10.169637 
NO_CANDIDATE
EGO_STATUS -5.250000 53.066086 13.600000 1.570796 0.015688 4.000000 0.000000
FAIL
DYNAMIC_OBS_INFO 0 -5.750000 31.817038 1.570796 233.681478 -5.750000 286.748597 27.721819 1.320125
DYNAMIC_OBS_INFO 1 -1.750000 37.267836 1.570796 148.027947 -1.750000 201.054218 18.395508 0.765306
STATIC_OBS_INFO 0 -6.300000 60.476794 7.483171 
STATIC_OBS_INFO 1 -6.300000 63.181373 10.168077 
NO_CANDIDATE
EGO_STATUS -5.250000 53.067655 13.700000 1.570796 0.015688 4.000000 0.000000
FAIL
DYNAMIC_OBS_INFO 0 -5.750000 31.817038 1.570796 236.458685 -5.750000 289.527380 27.853832 1.320125
DYNAMIC_OBS_INFO 1 -1.750000 37.267836 1.570796 149.869247 -1.750000 202.897596 18.472038 0.765306
STATIC_OBS_INFO 0 -6.300000 60.476794 7.481618 
STATIC_OBS_INFO 1 -6.300000 63.181373 10.166517 
NO_CANDIDATE
EGO_STATUS -5.250000 53.069223 13.800000 1.570796 0.015688 4.000000 0.000000
FAIL
DYNAMIC_OBS_INFO 0 -5.750000 31.817038 1.570796 239.249094 -5.750000 292.319364 27.985844 1.320125
DYNAMIC_OBS_INFO 1 -1.750000 37.267836 1.570796 151.718210 -1.750000 204.748626 18.548569 0.765306
STATIC_OBS_INFO 0 -6.300000 60.476794 7.480064 
STATIC_OBS_INFO 1 -6.300000 63.181373 10.164956 
NO_CANDIDATE
EGO_STATUS -5.250000 53.070792 13.900000 1.570796 0.015688 4.000000 0.000000
FAIL
DYNAMIC_OBS_INFO 0 -5.750000 31.817038 1.570796 242.052704 -5.750000 295.124549 28.117857 1.320125
DYNAMIC_OBS_INFO 1 -1.750000 37.267836 1.570796 153.574836 -1.750000 206.607310 18.625100 0.765306
STATIC_OBS_INFO 0 -6.300000 60.476794 7.478511 
STATIC_OBS_INFO 1 -6.300000 63.181373 10.163396 
NO_CANDIDATE
EGO_STATUS -5.250000 53.072361 14.000000 1.570796 0.015688 4.000000 0.000000
FAIL
DYNAMIC_OBS_INFO 0 -5.750000 31.817038 1.570796 244.869516 -5.750000 297.942935 28.249869 1.320125
DYNAMIC_OBS_INFO 1 -1.750000 37.267836 1.570796 155.439126 -1.750000 208.473646 18.701630 0.765306
STATIC_OBS_INFO 0 -6.300000 60.476794 7.476958 
STATIC_OBS_INFO 1 -6.300000 63.181373 10.161835 
NO_CANDIDATE
EGO_STATUS -5.250000 53.073930 14.100000 1.570796 0.015688 4.000000 0.000000
FAIL
DYNAMIC_OBS_INFO 0 -5.750000 31.817038 1.570796 247.699529 -5.750000 300.774523 28.381882 1.320125
DYNAMIC_OBS_INFO 1 -1.750000 37.267836 1.570796 157.311077 -1.750000 210.347636 18.778161 0.765306
STATIC_OBS_INFO 0 -6.300000 60.476794 7.475404 
STATIC_OBS_INFO 1 -6.300000 63.181373 10.160275 
NO_CANDIDATE
EGO_STATUS -5.250000 53.075499 14.200000 1.570796 0.015688 4.000000 0.000000
FAIL
DYNAMIC_OBS_INFO 0 -5.750000 31.817038 1.570796 250.542743 -5.750000 303.619312 28.513894 1.320125
DYNAMIC_OBS_INFO 1 -1.750000 37.267836 1.570796 159.190691 -1.750000 212.229278 18.854692 0.765306
STATIC_OBS_INFO 0 -6.300000 60.476794 7.473851 
STATIC_OBS_INFO 1 -6.300000 63.181373 10.158714 
NO_CANDIDATE
EGO_STATUS -5.250000 53.077068 14.300000 1.570796 0.015688 4.000000 0.000000
FAIL
DYNAMIC_OBS_INFO 0 -5.750000 31.817038 1.570796 253.399158 -5.750000 306.477302 28.645907 1.320125
DYNAMIC_OBS_INFO 1 -1.750000 37.267836 1.570796 161.077967 -1.750000 214.118574 18.931222 0.765306
STATIC_OBS_INFO 0 -6.300000 60.476794 7.472298 
STATIC_OBS_INFO 1 -6.300000 63.181373 10.157154 
NO_CANDIDATE
EGO_STATUS -5.250000 53.078636 14.400000 1.570796 0.015688 4.000000 0.000000
FAIL
DYNAMIC_OBS_INFO 0 -5.750000 31.817038 1.570796 256.268775 -5.750000 309.348493 28.777919 1.320125
DYNAMIC_OBS_INFO 1 -1.750000 37.267836 1.570796 162.972905 -1.750000 216.015523 19.007753 0.765306
STATIC_OBS_INFO 0 -6.300000 60.476794 7.470745 
STATIC_OBS_INFO 1 -6.300000 63.181373 10.155593 
NO_CANDIDATE
EGO_STATUS -5.250000 53.080205 14.500000 1.570796 0.015688 4.000000 0.000000
FAIL
DYNAMIC_OBS_INFO 0 -5.750000 31.817038 1.570796 259.151594 -5.750000 312.232885 28.909932 1.320125
DYNAMIC_OBS_INFO 1 -1.750000 37.267836 1.570796 164.875504 -1.750000 217.920124 19.084283 0.765306
STATIC_OBS_INFO 0 -6.300000 60.476794 7.469191 
STATIC_OBS_INFO 1 -6.300000 63.181373 10.154033 
NO_CANDIDATE
EGO_STATUS -5.250000 53.081774 14.600000 1.570796 0.015688 4.000000 0.000000
FAIL
DYNAMIC_OBS_INFO 0 -5.750000 31.817038 1.570796 262.047613 -5.750000 315.130479 29.041945 1.320125
DYNAMIC_OBS_INFO 1 -1.750000 37.267836 1.570796 166.785764 -1.750000 219.832379 19.160814 0.765306
STATIC_OBS_INFO 0 -6.300000 60.476794 7.467638 
STATIC_OBS_INFO 1 -6.300000 63.181373 10.152473 
NO_CANDIDATE
EGO_STATUS -5.250000 53.083343 14.700000 1.570796 0.015688 4.000000 0.000000
FAIL
DYNAMIC_OBS_INFO 0 -5.750000 31.817038 1.570796 264.956834 -5.750000 318.041274 29.173957 1.320125
DYNAMIC_OBS_INFO 1 -1.750000 37.267836 1.570796 168.703686 -1.750000 221.752287 19.237345 0.765306
STATIC_OBS_INFO 0 -6.300000 60.476794 7.466085 
STATIC_OBS_INFO 1 -6.300000 63.181373 10.150912 
NO_CANDIDATE
EGO_STATUS -5.250000 53.084912 14.800000 1.570796 0.015688 4.000000 0.000000
FAIL
DYNAMIC_OBS_INFO 0 -5.750000 31.817038 1.570796 267.879257 -5.750000 320.965271 29.305970 1.320125
DYNAMIC_OBS_INFO 1 -1.750000 37.267836 1.570796 170.629268 -1.750000 223.679848 19.313875 0.765306
STATIC_OBS_INFO 0 -6.300000 60.476794 7.464532 
STATIC_OBS_INFO 1 -6.300000 63.181373 10.149352 
NO_CANDIDATE
EGO_STATUS -5.250000 53.086481 14.900000 1.570796 0.015688 4.000000 0.000000
FAIL
DYNAMIC_OBS_INFO 0 -5.750000 31.817038 1.570796 270.814880 -5.750000 323.902468 29.437982 1.320125
DYNAMIC_OBS_INFO 1 -1.750000 37.267836 1.570796 172.562511 -1.750000 225.615062 19.390406 0.765306
STATIC_OBS_INFO 0 -6.300000 60.476794 7.462978 
STATIC_OBS_INFO 1 -6.300000 63.181373 10.147791 
NO_CANDIDATE
EGO_STATUS -5.250000 53.088049 15.000000 1.570796 0.015688 4.000000 0.000000
FAIL
DYNAMIC_OBS_INFO 0 -5.750000 31.817038 1.570796 273.763705 -5.750000 326.852867 29.569995 1.320125
DYNAMIC_OBS_INFO 1 -1.750000 37.267836 1.570796 174.503414 -1.750000 227.557929 19.466936 0.765306
STATIC_OBS_INFO 0 -6.300000 60.476794 7.461425 
STATIC_OBS_INFO 1 -6.300000 63.181373 10.146231 
NO_CANDIDATE
EGO_STATUS -5.250000 53.089618 15.100000 1.570796 0.015688 4.000000 0.000000
FAIL
DYNAMIC_OBS_INFO 0 -5.750000 31.817038 1.570796 276.725732 -5.750000 329.816467 29.702007 1.320125
DYNAMIC_OBS_INFO 1 -1.750000 37.267836 1.570796 176.451978 -1.750000 229.508450 19.543467 0.765306
STATIC_OBS_INFO 0 -6.300000 60.476794 7.459872 
STATIC_OBS_INFO 1 -6.300000 63.181373 10.144671 
NO_CANDIDATE
EGO_STATUS -5.250000 53.091187 15.200000 1.570796 0.015688 4.000000 0.000000
FAIL
DYNAMIC_OBS_INFO 0 -5.750000 31.817038 1.570796 279.700960 -5.750000 332.793269 29.834020 1.320125
DYNAMIC_OBS_INFO 1 -1.750000 37.267836 1.570796 178.408202 -1.750000 231.466623 19.619998 0.765306
STATIC_OBS_INFO 0 -6.300000 60.476794 7.458319 
STATIC_OBS_INFO 1 -6.300000 63.181373 10.143110 
NO_CANDIDATE
EGO_STATUS -5.250000 53.092756 15.300000 1.570796 0.015688 4.000000 0.000000
FAIL
DYNAMIC_OBS_INFO 0 -5.750000 31.817038 1.570796 282.689389 -5.750000 335.783271 29.966032 1.320125
DYNAMIC_OBS_INFO 1 -1.750000 37.267836 1.570796 180.372085 -1.750000 233.432449 19.696528 0.765306
STATIC_OBS_INFO 0 -6.300000 60.476794 7.456766 
STATIC_OBS_INFO 1 -6.300000 63.181373 10.141550 
NO_CANDIDATE
EGO_STATUS -5.250000 53.094325 15.400000 1.570796 0.015688 4.000000 0.000000
FAIL
DYNAMIC_OBS_INFO 0 -5.750000 31.817038 1.570796 285.691019 -5.750000 338.786475 30.098045 1.320125
DYNAMIC_OBS_INFO 1 -1.750000 37.267836 1.570796 182.343628 -1.750000 235.405928 19.773059 0.765306
STATIC_OBS_INFO 0 -6.300000 60.476794 7.455212 
STATIC_OBS_INFO 1 -6.300000 63.181373 10.139989 
NO_CANDIDATE
EGO_STATUS -5.250000 53.095894 15.500000 1.570796 0.015688 4.000000 0.000000
FAIL
DYNAMIC_OBS_INFO 0 -5.750000 31.817038 1.570796 288.705851 -5.750000 341.802880 30.230057 1.320125
DYNAMIC_OBS_INFO 1 -1.750000 37.267836 1.570796 184.322831 -1.750000 237.387061 19.849589 0.765306
STATIC_OBS_INFO 0 -6.300000 60.476794 7.453659 
STATIC_OBS_INFO 1 -6.300000 63.181373 10.138429 
NO_CANDIDATE
EGO_STATUS -5.250000 53.097462 15.600000 1.570796 0.015688 4.000000 0.000000
FAIL
DYNAMIC_OBS_INFO 0 -5.750000 31.817038 1.570796 291.733884 -5.750000 344.832486 30.362070 1.320125
DYNAMIC_OBS_INFO 1 -1.750000 37.267836 1.570796 186.309693 -1.750000 239.375846 19.926120 0.765306
STATIC_OBS_INFO 0 -6.300000 60.476794 7.452106 
STATIC_OBS_INFO 1 -6.300000 63.181373 10.136869 
NO_CANDIDATE
EGO_STATUS -5.250000 53.099031 15.700000 1.570796 0.015688 4.000000 0.000000
FAIL
DYNAMIC_OBS_INFO 0 -5.750000 31.817038 1.570796 294.775118 -5.750000 347.875294 30.494082 1.320125
DYNAMIC_OBS_INFO 1 -1.750000 37.267836 1.570796 188.304215 -1.750000 241.372285 20.002651 0.765306
STATIC_OBS_INFO 0 -6.300000 60.476794 7.450553 
STATIC_OBS_INFO 1 -6.300000 63.181373 10.135308 
NO_CANDIDATE
EGO_STATUS -5.250000 53.100600 15.800000 1.570796 0.015688 4.000000 0.000000
FAIL
DYNAMIC_OBS_INFO 0 -5.750000 31.817038 1.570796 297.829554 -5.750000 350.931303 30.626095 1.320125
DYNAMIC_OBS_INFO 1 -1.750000 37.267836 1.570796 190.306395 -1.750000 243.376376 20.079181 0.765306
STATIC_OBS_INFO 0 -6.300000 60.476794 7.449000 
STATIC_OBS_INFO 1 -6.300000 63.181373 10.133748 
NO_CANDIDATE
EGO_STATUS -5.250000 53.102169 15.900000 1.570796 0.015688 4.000000 0.000000
FAIL
DYNAMIC_OBS_INFO 0 -5.750000 31.817038 1.570796 300.897191 -5.750000 354.000513 30.758107 1.320125
DYNAMIC_OBS_INFO 1 -1.750000 37.267836 1.570796 192.316235 -1.750000 245.388121 20.155712 0.765306
STATIC_OBS_INFO 0 -6.300000 60.476794 7.447447 
STATIC_OBS_INFO 1 -6.300000 63.181373 10.132187 
NO_CANDIDATE
EGO_STATUS -5.250000 53.103738 16.000000 1.570796 0.015688 4.000000 0.000000
FAIL
DYNAMIC_OBS_INFO 0 -5.750000 31.817038 1.570796 303.978029 -5.750000 357.082924 30.890120 1.320125
DYNAMIC_OBS_INFO 1 -1.750000 37.267836 1.570796 194.333733 -1.750000 247.407519 20.232243 0.765306
STATIC_OBS_INFO 0 -6.300000 60.476794 7.445893 
STATIC_OBS_INFO 1 -6.300000 63.181373 10.130627 
NO_CANDIDATE
EGO_STATUS -5.250000 53.105307 16.100000 1.570796 0.015688 4.000000 0.000000
FAIL
DYNAMIC_OBS_INFO 0 -5.750000 31.817038 1.570796 307.072069 -5.750000 360.178537 31.022132 1.320125
DYNAMIC_OBS_INFO 1 -1.750000 37.267836 1.570796 196.358890 -1.750000 249.434570 20.308773 0.765306
STATIC_OBS_INFO 0 -6.300000 60.476794 7.444340 
STATIC_OBS_INFO 1 -6.300000 63.181373 10.129067 
NO_CANDIDATE
EGO_STATUS -5.250000 53.106875 16.200000 1.570796 0.015688 4.000000 0.000000
FAIL
DYNAMIC_OBS_INFO 0 -5.750000 31.817038 1.570796 310.179310 -5.750000 363.287351 31.154145 1.320125
DYNAMIC_OBS_INFO 1 -1.750000 37.267836 1.570796 198.391705 -1.750000 251.469273 20.385304 0.765306
STATIC_OBS_INFO 0 -6.300000 60.476794 7.442787 
STATIC_OBS_INFO 1 -6.300000 63.181373 10.127506 
NO_CANDIDATE
EGO_STATUS -5.250000 53.108444 16.300000 1.570796 0.015688 4.000000 0.000000
FAIL
DYNAMIC_OBS_INFO 0 -5.750000 31.817038 1.570796 313.299752 -5.750000 366.409366 31.286157 1.320125
DYNAMIC_OBS_INFO 1 -1.750000 37.267836 1.570796 200.432179 -1.750000 253.511630 20.461834 0.765306
STATIC_OBS_INFO 0 -6.300000 60.476794 7.441234 
STATIC_OBS_INFO 1 -6.300000 63.181373 10.125946 
NO_CANDIDATE
EGO_STATUS -5.250000 53.110013 16.400000 1.570796 0.015688 4.000000 0.000000
FAIL
DYNAMIC_OBS_INFO 0 -5.750000 31.817038 1.570796 316.433395 -5.750000 369.544582 31.418170 1.320125
DYNAMIC_OBS_INFO 1 -1.750000 37.267836 1.570796 202.480311 -1.750000 255.561640 20.538365 0.765306
STATIC_OBS_INFO 0 -6.300000 60.476794 7.439681 
STATIC_OBS_INFO 1 -6.300000 63.181373 10.124386 
NO_CANDIDATE
EGO_STATUS -5.250000 53.111582 16.500000 1.570796 0.015688 4.000000 0.000000
FAIL
DYNAMIC_OBS_INFO 0 -5.750000 31.817038 1.570796 319.580240 -5.750000 372.693000 31.550182 1.320125
DYNAMIC_OBS_INFO 1 -1.750000 37.267836 1.570796 204.536101 -1.750000 257.619303 20.614896 0.765306
STATIC_OBS_INFO 0 -6.300000 60.476794 7.438128 
STATIC_OBS_INFO 1 -6.300000 63.181373 10.122825 
NO_CANDIDATE
EGO_STATUS -5.250000 53.113151 16.600000 1.570796 0.015688 4.000000 0.000000
FAIL
DYNAMIC_OBS_INFO 0 -5.750000 31.817038 1.570796 322.740287 -5.750000 375.854619 31.682195 1.320125
DYNAMIC_OBS_INFO 1 -1.750000 37.267836 1.570796 206.599549 -1.750000 259.684619 20.691426 0.765306
STATIC_OBS_INFO 0 -6.300000 60.476794 7.436575 
STATIC_OBS_INFO 1 -6.300000 63.181373 10.121265 
NO_CANDIDATE
EGO_STATUS -5.250000 53.114720 16.700000 1.570796 0.015688 4.000000 0.000000
FAIL
DYNAMIC_OBS_INFO 0 -5.750000 31.817038 1.570796 325.913534 -5.750000 379.029439 31.814208 1.320125
DYNAMIC_OBS_INFO 1 -1.750000 37.267836 1.570796 208.670655 -1.750000 261.757589 20.767957 0.765306
STATIC_OBS_INFO 0 -6.300000 60.476794 7.435021 
STATIC_OBS_INFO 1 -6.300000 63.181373 10.119704 
NO_CANDIDATE
EGO_STATUS -5.250000 53.116288 16.800000 1.570796 0.015688 4.000000 0.000000
FAIL
DYNAMIC_OBS_INFO 0 -5.750000 31.817038 1.570796 329.099983 -5.750000 382.217460 31.946220 1.320125
DYNAMIC_OBS_INFO 1 -1.750000 37.267836 1.570796 210.749419 -1.750000 263.838211 20.844487 0.765306
STATIC_OBS_INFO 0 -6.300000 60.476794 7.433468 
STATIC_OBS_INFO 1 -6.300000 63.181373 10.118144 
NO_CANDIDATE
EGO_STATUS -5.250000 53.117857 16.900000 1.570796 0.015688 4.000000 0.000000
FAIL
DYNAMIC_OBS_INFO 0 -5.750000 31.817038 1.570796 332.299633 -5.750000 385.418683 32.078233 1.320125
DYNAMIC_OBS_INFO 1 -1.750000 37.267836 1.570796 212.835840 -1.750000 265.926486 20.921018 0.765306
STATIC_OBS_INFO 0 -6.300000 60.476794 7.431915 
STATIC_OBS_INFO 1 -6.300000 63.181373 10.116584 
NO_CANDIDATE
EGO_STATUS -5.250000 53.119426 17.000000 1.570796 0.015688 4.000000 0.000000
FAIL
DYNAMIC_OBS_INFO 0 -5.750000 31.817038 1.570796 335.512485 -5.750000 388.633107 32.210245 1.320125
DYNAMIC_OBS_INFO 1 -1.750000 37.267836 1.570796 214.929919 -1.750000 268.022414 20.997549 0.765306
STATIC_OBS_INFO 0 -6.300000 60.476794 7.430362 
STATIC_OBS_INFO 1 -6.300000 63.181373 10.115023 
NO_CANDIDATE
EGO_STATUS -5.250000 53.120995 17.100000 1.570796 0.015688 4.000000 0.000000
FAIL
DYNAMIC_OBS_INFO 0 -5.750000 31.817038 1.570796 338.738537 -5.750000 391.860732 32.342258 1.320125
DYNAMIC_OBS_INFO 1 -1.750000 37.267836 1.570796 217.031656 -1.750000 270.125996 21.074079 0.765306
STATIC_OBS_INFO 0 -6.300000 60.476794 7.428809 
STATIC_OBS_INFO 1 -6.300000 63.181373 10.113463 
NO_CANDIDATE
EGO_STATUS -5.250000 53.122564 17.200000 1.570796 0.015688 4.000000 0.000000
FAIL
DYNAMIC_OBS_INFO 0 -5.750000 31.817038 1.570796 341.977791 -5.750000 395.101558 32.474270 1.320125
DYNAMIC_OBS_INFO 1 -1.750000 37.267836 1.570796 219.141049 -1.750000 272.237230 21.150610 0.765306
STATIC_OBS_INFO 0 -6.300000 60.476794 7.427256 
STATIC_OBS_INFO 1 -6.300000 63.181373 10.111903 
NO_CANDIDATE
EGO_STATUS -5.250000 53.124133 17.300000 1.570796 0.015688 4.000000 0.000000
FAIL
DYNAMIC_OBS_INFO 0 -5.750000 31.817038 1.570796 345.230247 -5.750000 398.355586 32.606283 1.320125
DYNAMIC_OBS_INFO 1 -1.750000 37.267836 1.570796 221.258101 -1.750000 274.356118 21.227140 0.765306
STATIC_OBS_INFO 0 -6.300000 60.476794 7.425703 
STATIC_OBS_INFO 1 -6.300000 63.181373 10.110342 
TIMEOUT
