STATIC_OBS_INIT_INFO 0 -6.300000 61.219829
STATIC_OBS_INIT_INFO 1 -6.300000 63.539246
Parent: -28.256927 10.000000 101.000000 0.000000 15.150000 18.059297 -10.000000 2.183776 40.000000 0.000000 0 0 0 0 0 0 0 0
Child: 18.059297 24.800579 250.000000 11.349208 271.500000 0.000000 -10.000000 0.000000 0.000000 0.000000 0 0 0 0 0 0 0 0
EGO_STATUS -5.750000 13.208056 0.000000 1.570796 15.935964 4.000000 0.000000
DYNAMIC_OBS_INFO 0 -5.750000 31.990471 1.570796 17.188819 -5.750000 31.990471 14.431565 1.302054
DYNAMIC_OBS_INFO 1 -1.750000 30.068693 1.570796 15.782346 -1.750000 30.068693 4.807531 0.250609
STATIC_OBS_INFO 0 -6.300000 61.219829 46.421435 
STATIC_OBS_INFO 1 -6.300000 63.539246 48.740697 
Parent: 187.468569 10.000000 102.000000 0.000000 2415.300000 6.963163 -10.000000 2.711288 49.000000 0.000000 0 0 0 0 0 0 0 0
Child: 6.963163 10.000000 101.000000 0.000000 15.150000 15.463163 -10.000000 0.000000 0.000000 0.000000 0 0 0 0 0 0 0 0
Child: 15.463163 23.206983 234.000000 11.349459 245.400000 0.000000 -10.000000 0.000000 0.000000 0.000000 0 0 0 0 0 0 0 0
EGO_STATUS -5.749990 14.801652 0.100000 1.570765 15.935964 4.000000 0.000000
DYNAMIC_OBS_INFO 0 -5.750000 31.990471 1.570796 17.044889 -5.750000 33.440138 14.561770 1.302054
DYNAMIC_OBS_INFO 1 -1.750000 30.068693 1.570796 14.246428 -1.750000 30.068693 4.807531 0.250609
STATIC_OBS_INFO 0 -6.300000 61.219829 44.827958 
STATIC_OBS_INFO 1 -6.300000 63.539246 47.147209 
Parent: 186.743187 10.000000 102.000000 0.000000 2415.300000 4.337782 -10.000000 2.611288 47.000000 0.000000 0 0 0 0 0 0 0 0
Child: 4.337782 10.000000 101.000000 0.000000 15.150000 12.837782 -10.000000 0.000000 0.000000 0.000000 0 0 0 0 0 0 0 0
Child: 12.837782 21.613386 218.000000 11.349673 219.000000 0.000000 -10.000000 0.000000 0.000000 0.000000 0 0 0 0 0 0 0 0
EGO_STATUS -5.749706 16.395249 0.200000 1.570357 15.935964 4.000000 0.000000
DYNAMIC_OBS_INFO 0 -5.750000 31.990471 1.570796 16.913981 -5.750000 34.902825 14.691976 1.302054
DYNAMIC_OBS_INFO 1 -1.750000 30.068693 1.570796 12.724267 -1.750000 30.068693 4.807531 0.250609
STATIC_OBS_INFO 0 -6.300000 61.219829 43.234509 
STATIC_OBS_INFO 1 -6.300000 63.539246 45.553747 
Parent: 185.018442 10.000000 102.000000 0.000000 2415.300000 1.713036 -10.000000 2.511288 46.000000 0.000000 0 0 0 0 0 0 0 0
Child: 1.713036 10.000000 101.000000 0.000000 15.150000 10.213036 -10.000000 0.000000 0.000000 0.000000 0 0 0 0 0 0 0 0
Child: 10.213036 20.019790 202.000000 11.349856 192.600000 0.000000 -10.000000 0.000000 0.000000 0.000000 0 0 0 0 0 0 0 0
EGO_STATUS -5.748026 17.988844 0.300000 1.568891 15.935964 4.000000 0.000000
DYNAMIC_OBS_INFO 0 -5.750000 31.990471 1.570796 16.796104 -5.750000 36.378533 14.822181 1.302054
DYNAMIC_OBS_INFO 1 -1.750000 30.068693 1.570796 11.220668 -1.750000 30.068693 4.807531 0.250609
STATIC_OBS_INFO 0 -6.300000 61.219829 41.641128 
STATIC_OBS_INFO 1 -6.300000 63.539246 43.960348 
Parent: 184.294497 10.000000 102.000000 0.000000 2415.300000 -0.910908 -10.000000 2.411288 44.000000 0.000000 0 0 0 0 0 0 0 0
Child: -0.910908 10.000000 101.000000 0.000000 15.150000 7.589092 -10.000000 0.000000 0.000000 0.000000 0 0 0 0 0 0 0 0
Child: 7.589092 18.426194 186.000000 11.350012 166.200000 0.000000 -10.000000 0.000000 0.000000 0.000000 0 0 0 0 0 0 0 0
EGO_STATUS -5.742705 19.582431 0.400000 1.565695 15.935964 4.000000 0.000000
DYNAMIC_OBS_INFO 0 -5.750000 31.990471 1.570796 16.691293 -5.750000 37.867261 14.952386 1.302054
DYNAMIC_OBS_INFO 1 -1.750000 30.068693 1.570796 9.742989 -1.750000 30.068693 4.807531 0.250609
STATIC_OBS_INFO 0 -6.300000 61.219829 40.047897 
STATIC_OBS_INFO 1 -6.300000 63.539246 42.367093 
Parent: 183.601285 10.000000 102.000000 0.000000 2415.300000 -3.504121 -10.000000 2.311288 42.000000 0.000000 0 0 0 0 0 0 0 0
Child: -3.504121 10.000000 101.000000 0.000000 15.150000 4.995879 -10.000000 0.000000 0.000000 0.000000 0 0 0 0 0 0 0 0
Child: 4.995879 16.832598 170.000000 11.350147 140.100000 0.000000 -10.000000 0.000000 0.000000 0.000000 0 0 0 0 0 0 0 0
EGO_STATUS -5.730640 21.175980 0.500000 1.560403 15.935964 4.000000 0.000000
DYNAMIC_OBS_INFO 0 -5.750000 31.990471 1.570796 16.599643 -5.750000 39.369010 15.082592 1.302054
DYNAMIC_OBS_INFO 1 -1.750000 30.068693 1.570796 8.303568 -1.750000 30.068693 4.807531 0.250609
STATIC_OBS_INFO 0 -6.300000 61.219829 38.454959 
STATIC_OBS_INFO 1 -6.300000 63.539246 40.774118 
Parent: 181.879699 10.000000 102.000000 0.000000 2415.300000 -6.125707 -10.000000 2.211288 41.000000 0.000000 0 0 0 0 0 0 0 0
Child: -6.125707 10.000000 101.000000 0.000000 15.150000 2.374293 -10.000000 0.000000 0.000000 0.000000 0 0 0 0 0 0 0 0
Child: 2.374293 15.239003 154.000000 11.350258 113.700000 0.000000 -10.000000 0.000000 0.000000 0.000000 0 0 0 0 0 0 0 0
EGO_STATUS -5.708515 22.769419 0.600000 1.553133 15.935964 4.000000 0.000000
DYNAMIC_OBS_INFO 0 -5.750000 31.990471 1.570796 16.521327 -5.750000 40.883780 15.212797 1.302054
DYNAMIC_OBS_INFO 1 -1.750000 30.068693 1.570796 6.924893 -1.750000 30.068693 4.807531 0.250609
STATIC_OBS_INFO 0 -6.300000 61.219829 36.862522 
STATIC_OBS_INFO 1 -6.300000 63.539246 39.181625 
Parent: 547.684652 30.290952 304.000000 3028.106312 3032.100000 0.080824 -10.000000 2.757057 49.000000 0.000000 1 0 0 0 0 0 0 0
Child: 0.080824 13.645406 138.000000 11.350333 90.600000 0.000000 -10.000000 0.000000 0.000000 0.000000 0 0 0 0 0 0 0 0
EGO_STATUS -5.673642 24.362629 0.700000 1.544561 15.935964 4.000000 0.000000
DYNAMIC_OBS_INFO 0 -5.750000 31.990471 1.570796 16.456573 -5.750000 42.411569 15.343003 1.302054
DYNAMIC_OBS_INFO 1 -1.750000 30.068693 1.570796 6.010865 -1.750000 30.550699 4.832592 0.250609
STATIC_OBS_INFO 0 -6.300000 61.219829 35.270819 
STATIC_OBS_INFO 1 -6.300000 63.539246 37.589838 
Parent: 546.441261 30.290952 304.000000 3028.106312 3032.100000 -2.062566 -10.000000 2.657057 48.000000 0.000000 1 0 0 0 0 0 0 0
Child: -2.062566 12.051810 122.000000 11.350330 69.000000 0.000000 -10.000000 0.000000 0.000000 0.000000 0 0 0 0 0 0 0 0
EGO_STATUS -5.624842 25.955473 0.800000 1.535884 15.935964 4.000000 0.000000
DYNAMIC_OBS_INFO 0 -5.750000 31.990471 1.570796 16.405572 -5.750000 43.952380 15.473208 1.302054
DYNAMIC_OBS_INFO 1 -1.750000 30.068693 1.570796 5.167382 -1.750000 31.035211 4.857653 0.250609
STATIC_OBS_INFO 0 -6.300000 61.219829 33.680018 
STATIC_OBS_INFO 1 -6.300000 63.539246 35.998916 
Parent: 546.496246 30.290952 304.000000 3028.106312 3032.100000 -3.907582 -10.000000 2.557057 46.000000 0.000000 1 0 0 0 0 0 0 0
Child: -3.907582 10.458214 106.000000 11.350157 50.400000 0.000000 -10.000000 0.000000 0.000000 0.000000 0 0 0 0 0 0 0 0
EGO_STATUS -5.563175 27.547872 0.900000 1.528686 15.935964 4.000000 0.000000
DYNAMIC_OBS_INFO 0 -5.750000 31.990471 1.570796 16.368345 -5.750000 45.506211 15.603413 1.302054
DYNAMIC_OBS_INFO 1 -1.750000 30.068693 1.570796 4.436311 -1.750000 31.522229 4.882714 0.250609
STATIC_OBS_INFO 0 -6.300000 61.219829 32.090100 
STATIC_OBS_INFO 1 -6.300000 63.539246 34.408832 
Parent: 546.760723 30.290952 304.000000 3028.106312 3032.100000 -5.543105 -10.000000 2.457057 44.000000 0.000000 1 0 0 0 0 0 0 0
Child: -5.543105 8.864618 90.000000 11.349619 33.900000 0.000000 -10.000000 0.000000 0.000000 0.000000 0 0 0 0 0 0 0 0
EGO_STATUS -5.492370 29.139893 1.000000 1.524684 15.935964 4.000000 0.000000
DYNAMIC_OBS_INFO 0 -5.750000 31.990471 1.570796 16.344631 -5.750000 47.073063 15.733619 1.302054
DYNAMIC_OBS_INFO 1 -1.750000 30.068693 1.570796 3.885634 -1.750000 32.011754 4.907775 0.250609
STATIC_OBS_INFO 0 -6.300000 61.219829 30.500773 
STATIC_OBS_INFO 1 -6.300000 63.539246 32.819291 
Parent: 546.470716 30.290952 304.000000 3028.106312 3032.100000 -6.733112 -10.000000 2.357057 43.000000 0.000000 1 0 0 0 0 0 0 0
Child: -6.733112 7.271021 74.000000 11.348387 21.900000 0.000000 -10.000000 0.000000 0.000000 0.000000 0 0 0 0 0 0 0 0
EGO_STATUS -5.418765 30.731789 1.100000 1.525375 15.935964 4.000000 0.000000
DYNAMIC_OBS_INFO 0 -5.750000 31.990471 1.570796 16.333894 -5.750000 48.652935 15.863824 1.302054
DYNAMIC_OBS_INFO 1 -1.750000 30.068693 1.570796 3.605095 -1.750000 32.503784 4.932835 0.250609
STATIC_OBS_INFO 0 -6.300000 61.219829 28.911497 
STATIC_OBS_INFO 1 -6.300000 63.539246 31.229756 
Parent: 547.506576 30.290952 304.000000 3028.106312 3032.100000 -7.597251 -10.000000 2.257057 41.000000 0.000000 1 0 0 0 0 0 0 0
Child: -7.597251 5.677425 58.000000 11.346237 13.200000 0.000000 -10.000000 0.000000 0.000000 0.000000 0 0 0 0 0 0 0 0
EGO_STATUS -5.350606 32.323924 1.200000 1.531573 15.935964 4.000000 0.000000
DYNAMIC_OBS_INFO 0 -5.750000 31.990471 1.570796 16.335529 -5.750000 50.245827 15.994029 1.302054
DYNAMIC_OBS_INFO 1 -1.750000 30.068693 1.570796 3.663473 -1.750000 32.998321 4.957896 0.250609
STATIC_OBS_INFO 0 -6.300000 61.219829 27.321669 
STATIC_OBS_INFO 1 -6.300000 63.539246 29.639644 
Parent: 547.719467 30.290952 304.000000 3028.106312 3032.100000 -8.284361 -10.000000 2.157057 40.000000 0.000000 1 0 0 0 0 0 0 0
Child: -8.284361 4.083828 42.000000 11.344438 6.300000 0.000000 -10.000000 0.000000 0.000000 0.000000 0 0 0 0 0 0 0 0
EGO_STATUS -5.296521 33.916594 1.300000 1.542840 15.935964 4.000000 0.000000
DYNAMIC_OBS_INFO 0 -5.750000 31.990471 1.570796 16.349171 -5.750000 51.851741 16.124235 1.302054
DYNAMIC_OBS_INFO 1 -1.750000 30.068693 1.570796 4.049601 -1.750000 33.495364 4.982957 0.250609
STATIC_OBS_INFO 0 -6.300000 61.219829 25.730909 
STATIC_OBS_INFO 1 -6.300000 63.539246 28.048598 
Parent: 733.465212 10.000000 102.000000 0.000000 2075.700000 585.280644 -10.000000 2.684568 48.000000 0.000000 0 0 0 0 0 0 0 0
Child: 585.280644 30.290952 304.000000 3028.106312 3032.100000 -8.566127 -10.000000 0.000000 0.000000 0.000000 1 0 0 0 0 0 0 0
Child: -8.566127 2.490232 26.000000 11.070775 3.900000 0.000000 -10.000000 0.000000 0.000000 0.000000 0 0 0 0 0 0 0 0
EGO_STATUS -5.263007 35.509825 1.400000 1.556808 15.935964 4.000000 0.000000
DYNAMIC_OBS_INFO 0 -5.750000 31.990471 1.570796 16.374923 -5.750000 53.470674 16.254440 1.302054
DYNAMIC_OBS_INFO 1 -1.750000 30.068693 1.570796 4.681631 -1.750000 33.994912 5.008018 0.250609
STATIC_OBS_INFO 0 -6.300000 61.219829 24.139279 
STATIC_OBS_INFO 1 -6.300000 63.539246 26.456696 
Parent: 734.627627 10.000000 102.000000 0.000000 2075.700000 584.543058 -10.000000 2.584568 46.000000 0.000000 0 0 0 0 0 0 0 0
Child: 584.543058 30.290952 304.000000 3028.106312 3032.100000 -9.303712 -10.000000 0.000000 0.000000 0.000000 1 0 0 0 0 0 0 0
Child: -9.303712 0.896636 10.000000 6.265556 1.500000 0.000000 -10.000000 0.000000 0.000000 0.000000 0 0 0 0 0 0 0 0
EGO_STATUS -5.250742 37.103365 1.500000 1.568399 15.935964 4.000000 0.000000
DYNAMIC_OBS_INFO 0 -5.750000 31.990471 1.570796 16.413299 -5.750000 55.102629 16.384646 1.302054
DYNAMIC_OBS_INFO 1 -1.750000 30.068693 1.570796 5.466901 -1.750000 34.496967 5.033079 0.250609
STATIC_OBS_INFO 0 -6.300000 61.219829 22.547350 
STATIC_OBS_INFO 1 -6.300000 63.539246 24.864484 
Parent: 744.676430 10.000000 102.000000 0.000000 2075.700000 593.691866 -10.000000 2.484565 45.000000 0.000000 0 0 0 0 0 0 0 0
Child: 593.691866 29.593931 297.000000 3028.105872 3030.450000 0.000000 -10.000000 0.000000 0.000000 0.000000 1 0 0 0 0 0 0 0
EGO_STATUS -5.249581 38.696960 1.600000 1.569035 15.935964 4.000000 0.000000
DYNAMIC_OBS_INFO 0 -5.750000 31.990471 1.570796 16.465128 -5.750000 56.747604 16.514851 1.302054
DYNAMIC_OBS_INFO 1 -1.750000 30.068693 1.570796 6.334697 -1.750000 35.001528 5.058140 0.250609
STATIC_OBS_INFO 0 -6.300000 61.219829 20.956348 
STATIC_OBS_INFO 1 -6.300000 63.539246 23.273074 
Parent: 746.173440 10.000000 102.000000 0.000000 2075.700000 593.288875 -10.000000 2.384565 43.000000 0.000000 0 0 0 0 0 0 0 0
Child: 593.288875 28.000347 282.000000 3028.105522 3047.800000 0.000000 -10.000000 0.000000 0.000000 0.000000 1 0 0 0 0 0 0 0
EGO_STATUS -5.236445 40.290486 1.700000 1.553772 15.935964 4.000000 0.000000
DYNAMIC_OBS_INFO 0 -5.750000 31.990471 1.570796 16.531770 -5.750000 58.405599 16.645056 1.302054
DYNAMIC_OBS_INFO 1 -1.750000 30.068693 1.570796 7.243373 -1.750000 35.508595 5.083201 0.250609
STATIC_OBS_INFO 0 -6.300000 61.219829 19.368361 
STATIC_OBS_INFO 1 -6.300000 63.539246 21.684369 
Parent: 746.663341 10.000000 102.000000 0.000000 2075.700000 592.878775 -10.000000 2.284566 42.000000 0.000000 0 0 0 0 0 0 0 0
Child: 592.878775 26.406760 266.000000 3028.105354 3044.800000 0.000000 -10.000000 0.000000 0.000000 0.000000 1 0 0 0 0 0 0 0
EGO_STATUS -5.189345 41.883339 1.800000 1.527259 15.935964 4.000000 0.000000
DYNAMIC_OBS_INFO 0 -5.750000 31.990471 1.570796 16.615528 -5.750000 60.076615 16.775262 1.302054
DYNAMIC_OBS_INFO 1 -1.750000 30.068693 1.570796 8.171566 -1.750000 36.018168 5.108262 0.250609
STATIC_OBS_INFO 0 -6.300000 61.219829 17.786710 
STATIC_OBS_INFO 1 -6.300000 63.539246 20.101407 
Parent: 748.109179 10.000000 102.000000 0.000000 2075.700000 592.424612 -10.000000 2.184566 40.000000 0.000000 0 0 0 0 0 0 0 0
Child: 592.424612 24.813170 250.000000 3028.105391 3041.500000 0.000000 -10.000000 0.000000 0.000000 0.000000 1 0 0 0 0 0 0 0
EGO_STATUS -5.094344 43.474028 1.900000 1.494343 15.935964 4.000000 0.000000
DYNAMIC_OBS_INFO 0 -5.750000 31.990471 1.570796 16.719543 -5.750000 61.760651 16.905467 1.302054
DYNAMIC_OBS_INFO 1 -1.750000 30.068693 1.570796 9.108899 -1.750000 36.530248 5.133323 0.250609
STATIC_OBS_INFO 0 -6.300000 61.219829 16.216049 
STATIC_OBS_INFO 1 -6.300000 63.539246 18.528366 
Parent: 913.297281 20.109224 203.000000 12.045290 3190.050000 649.983858 -10.000000 4.113172 48.000000 0.000000 0 0 0 0 0 0 0 0
Child: 649.983858 10.000000 101.000000 0.000000 2055.350000 446.483858 0.000000 0.000000 0.000000 0.000000 0 0 0 0 0 0 0 0
Child: 446.483858 13.418729 136.000000 3115.153156 1410.000000 0.000000 0.000000 0.000000 0.000000 0.000000 1 0 0 1 1 0 0 0
EGO_STATUS -4.944792 45.060508 2.000000 1.459231 15.935964 4.000000 0.000000
DYNAMIC_OBS_INFO 0 -5.750000 31.990471 1.570796 16.876063 -5.750000 63.457708 17.035673 1.302054
DYNAMIC_OBS_INFO 1 -1.750000 30.068693 1.570796 10.024378 -1.750000 37.044833 5.158383 0.250609
STATIC_OBS_INFO 0 -6.300000 61.219829 14.690808 
STATIC_OBS_INFO 1 -6.300000 63.539246 16.998954 
Parent: 1593.399455 10.000000 101.000000 20.000000 2055.350000 1421.939114 -10.000000 2.980143 27.000000 0.000000 0 0 0 1 0 0 0 0
Child: 1421.939114 11.854569 120.000000 13115.160790 1379.900000 0.000000 -10.000000 0.000000 0.000000 0.000000 1 0 0 1 1 0 0 1
EGO_STATUS -4.744003 46.611656 2.100000 1.424475 15.347964 1.000000 -5.880000
DYNAMIC_OBS_INFO 0 -5.750000 31.990471 1.570796 17.117913 -5.750000 65.167786 17.165878 1.302054
DYNAMIC_OBS_INFO 1 -1.750000 30.068693 1.570796 10.885612 -1.750000 37.561924 5.183444 0.250609
STATIC_OBS_INFO 0 -6.300000 61.219829 13.247497 
STATIC_OBS_INFO 1 -6.300000 63.539246 15.548475 
Parent: 900.164664 20.109224 203.000000 12.045195 3190.050000 634.051231 -10.000000 3.913191 45.000000 0.000000 0 0 0 0 0 0 0 0
Child: 634.051231 10.000000 101.000000 0.000000 2055.350000 430.551231 0.000000 0.000000 0.000000 0.000000 0 0 0 0 0 0 0 0
Child: 430.551231 10.349201 105.000000 3115.155423 1354.550000 0.000000 -10.000000 0.000000 0.000000 0.000000 1 0 0 1 1 0 0 0
EGO_STATUS -4.493991 48.096015 2.200000 1.380272 14.759964 1.000000 -5.880000
DYNAMIC_OBS_INFO 0 -5.750000 31.990471 1.570796 17.454591 -5.750000 66.890884 17.296083 1.302054
DYNAMIC_OBS_INFO 1 -1.750000 30.068693 1.570796 11.680775 -1.750000 38.081522 5.208505 0.250609
STATIC_OBS_INFO 0 -6.300000 61.219829 11.903320 
STATIC_OBS_INFO 1 -6.300000 63.539246 14.191594 
Parent: 895.658201 20.109224 203.000000 12.045126 3190.050000 628.644761 -10.000000 3.813204 44.000000 0.000000 0 0 0 0 0 0 0 0
Child: 628.644761 10.000000 101.000000 0.000000 2055.350000 425.144761 0.000000 0.000000 0.000000 0.000000 0 0 0 0 0 0 0 0
Child: 425.144761 8.902652 91.000000 3115.157805 1332.750000 0.000000 -10.000000 0.000000 0.000000 0.000000 1 0 0 1 1 0 0 0
EGO_STATUS -4.177499 49.507271 2.300000 1.316597 14.171964 1.000000 -5.880000
DYNAMIC_OBS_INFO 0 -5.750000 31.990471 1.570796 17.899491 -5.750000 68.627002 17.426289 1.302054
DYNAMIC_OBS_INFO 1 -1.750000 30.068693 1.570796 12.399878 -1.750000 38.603625 5.233566 0.250609
STATIC_OBS_INFO 0 -6.300000 61.219829 10.685092 
STATIC_OBS_INFO 1 -6.300000 63.539246 12.950607 
Parent: 890.561608 20.109224 203.000000 12.045086 3190.050000 622.648164 -10.000000 3.713212 43.000000 0.000000 0 0 0 0 0 0 0 0
Child: 622.648164 10.000000 101.000000 0.000000 2055.350000 419.148164 0.000000 0.000000 0.000000 0.000000 0 0 0 0 0 0 0 0
Child: 419.148164 7.514882 77.000000 3115.145840 1282.050000 0.000000 -10.000000 0.000000 0.000000 0.000000 1 0 0 1 1 0 0 0
EGO_STATUS -3.779238 50.836334 2.400000 1.242211 13.583964 1.000000 -5.880000
DYNAMIC_OBS_INFO 0 -5.750000 31.990471 1.570796 18.458519 -5.750000 70.376142 17.556494 1.302054
DYNAMIC_OBS_INFO 1 -1.750000 30.068693 1.570796 13.044979 -1.750000 39.128235 5.258627 0.250609
STATIC_OBS_INFO 0 -6.300000 61.219829 9.616806 
STATIC_OBS_INFO 1 -6.300000 63.539246 11.843260 
Parent: 780.265150 10.000000 102.000000 0.000000 2075.700000 615.182901 -10.000000 2.582250 31.000000 0.000000 0 0 0 0 0 0 0 0
Child: 615.182901 10.000000 101.000000 0.000000 2055.350000 411.682901 0.000000 0.000000 0.000000 0.000000 0 0 0 0 0 0 0 0
Child: 411.682901 6.185912 63.000000 3115.150614 1179.450000 0.000000 -10.000000 0.000000 0.000000 0.000000 1 0 0 1 1 0 0 0
EGO_STATUS -3.310245 52.079571 2.500000 1.182540 12.995964 1.000000 -5.880000
DYNAMIC_OBS_INFO 0 -5.750000 31.990471 1.570796 19.115855 -5.750000 72.138301 17.686699 1.302054
DYNAMIC_OBS_INFO 1 -1.750000 30.068693 1.570796 13.635420 -1.750000 39.655351 5.283688 0.250609
STATIC_OBS_INFO 0 -6.300000 61.219829 8.699323 
STATIC_OBS_INFO 1 -6.300000 63.539246 10.864285 
Parent: 754.522224 10.000000 102.000000 0.000000 2075.700000 589.014181 -10.000000 2.008043 30.000000 0.000000 0 0 0 0 0 0 0 0
Child: 589.014181 10.000000 101.000000 0.000000 2055.350000 395.514181 -10.000000 0.000000 0.000000 0.000000 0 0 0 0 0 0 0 0
Child: 395.514181 4.915729 51.000000 3117.154091 986.250000 0.000000 0.000000 0.000000 0.000000 0.000000 1 0 0 0 1 0 0 0
EGO_STATUS -2.814872 53.249126 2.600000 1.167066 12.407964 1.000000 -5.880000
DYNAMIC_OBS_INFO 0 -5.750000 31.990471 1.570796 19.808579 -5.750000 73.913481 17.816905 1.302054
DYNAMIC_OBS_INFO 1 -1.750000 30.068693 1.570796 14.226682 -1.750000 40.184973 5.308749 0.250609
STATIC_OBS_INFO 0 -6.300000 61.219829 7.882443 
STATIC_OBS_INFO 1 -6.300000 63.539246 9.957567 
Parent: 842.448727 20.109224 203.000000 33.816056 3190.050000 557.751021 0.000000 4.340837 39.000000 0.000000 0 0 0 1 0 0 0 0
Child: 557.751021 10.000000 101.000000 0.000000 2055.350000 364.251021 -10.000000 0.000000 0.000000 0.000000 0 0 0 0 0 0 0 0
Child: 364.251021 3.674893 38.000000 3117.019328 752.900000 0.000000 -10.000000 0.000000 0.000000 0.000000 1 0 0 0 1 0 0 0
EGO_STATUS -2.349092 54.399035 2.700000 1.216631 12.407964 4.000000 0.000000
DYNAMIC_OBS_INFO 0 -5.750000 31.990471 1.570796 20.467579 -5.750000 75.701682 17.947110 1.302054
DYNAMIC_OBS_INFO 1 -1.750000 30.068693 1.570796 14.868489 -1.750000 40.717100 5.333810 0.250609
STATIC_OBS_INFO 0 -6.300000 61.219829 7.099490 
STATIC_OBS_INFO 1 -6.300000 63.539246 9.051366 
Parent: 810.012877 20.109224 203.000000 33.816056 3190.050000 524.415173 0.000000 4.240836 38.000000 0.000000 0 0 0 1 0 0 0 0
Child: 524.415173 10.000000 101.000000 0.000000 2055.350000 330.915173 -10.000000 0.000000 0.000000 0.000000 0 0 0 0 0 0 0 0
Child: 330.915173 2.434073 26.000000 3116.948863 524.600000 0.000000 -10.000000 0.000000 0.000000 0.000000 1 0 0 0 1 0 0 0
EGO_STATUS -1.982877 55.583766 2.800000 1.335282 12.407964 4.000000 0.000000
DYNAMIC_OBS_INFO 0 -5.750000 31.990471 1.570796 21.071367 -5.750000 77.502904 18.077316 1.302054
DYNAMIC_OBS_INFO 1 -1.750000 30.068693 1.570796 15.555967 -1.750000 41.251734 5.358871 0.250609
STATIC_OBS_INFO 0 -6.300000 61.219829 6.311811 
STATIC_OBS_INFO 1 -6.300000 63.539246 8.104689 
Parent: 779.564507 20.109224 203.000000 33.816056 3190.050000 493.066803 0.000000 4.140836 37.000000 0.000000 0 0 0 1 0 0 0 0
Child: 493.066803 10.000000 101.000000 0.000000 2055.350000 299.566803 -10.000000 0.000000 0.000000 0.000000 0 0 0 0 0 0 0 0
Child: 299.566803 1.193285 13.000000 3107.963591 264.550000 0.000000 -10.000000 0.000000 0.000000 0.000000 1 0 0 0 1 0 0 0
EGO_STATUS -1.786496 56.807659 2.900000 1.487391 12.407964 4.000000 0.000000
DYNAMIC_OBS_INFO 0 -5.750000 31.990471 1.570796 21.642489 -5.750000 79.317145 18.207521 1.302054
DYNAMIC_OBS_INFO 1 -1.750000 30.068693 1.570796 16.258637 -1.750000 41.788875 5.383932 0.250609
STATIC_OBS_INFO 0 -6.300000 61.219829 5.546719 
STATIC_OBS_INFO 1 -6.300000 63.539246 7.131735 
Parent: 480.661412 30.040021 302.000000 5.828010 5133.200000 0.000000 0.000000 4.480922 35.000000 0.000000 0 0 0 0 0 0 0 0
EGO_STATUS -1.750000 58.047512 3.000000 1.570796 12.407964 4.000000 0.000000
DYNAMIC_OBS_INFO 0 -5.750000 31.990471 1.570796 22.231653 -5.750000 81.144408 18.337726 1.302054
DYNAMIC_OBS_INFO 1 -1.750000 30.068693 1.570796 16.947041 -1.750000 42.328521 5.408992 0.250609
STATIC_OBS_INFO 0 -6.300000 61.219829 4.947994 
STATIC_OBS_INFO 1 -6.300000 63.539246 6.235501 
Parent: 446.600576 28.811968 290.000000 5.828017 4888.100000 0.000000 -10.000000 4.380924 34.000000 0.000000 0 0 0 0 0 0 0 0
EGO_STATUS -1.750004 59.275561 3.100000 1.570812 12.153374 6.000000 -2.545896
DYNAMIC_OBS_INFO 0 -5.750000 31.990471 1.570796 22.859193 -5.750000 82.984691 18.467932 1.302054
DYNAMIC_OBS_INFO 1 -1.750000 30.068693 1.570796 17.607494 -1.750000 42.870673 5.434053 0.250609
STATIC_OBS_INFO 0 -6.300000 61.219829 4.609940 
STATIC_OBS_INFO 1 -6.300000 63.539246 5.483766 
Parent: 423.065190 27.609362 278.000000 5.828008 4643.900000 0.000000 -10.000000 4.280925 33.000000 0.000000 0 0 0 0 0 0 0 0
EGO_STATUS -1.750112 60.478167 3.200000 1.571019 11.898785 6.000000 -2.545895
DYNAMIC_OBS_INFO 0 -5.750000 31.990471 1.570796 23.525122 -5.750000 84.837994 18.598137 1.302054
DYNAMIC_OBS_INFO 1 -1.750000 30.068693 1.570796 18.239968 -1.750000 43.415331 5.459114 0.250609
STATIC_OBS_INFO 0 -6.300000 61.219829 4.570047 
STATIC_OBS_INFO 1 -6.300000 63.539246 4.923916 
Parent: 400.044500 26.432230 266.000000 5.827676 4400.600000 0.000000 -10.000000 4.180927 32.000000 0.000000 0 0 0 0 0 0 0 0
EGO_STATUS -1.750748 61.655299 3.300000 1.571785 11.644195 6.000000 -2.545895
DYNAMIC_OBS_INFO 0 -5.750000 31.990471 1.570796 24.229349 -5.750000 86.704318 18.728342 1.302054
DYNAMIC_OBS_INFO 1 -1.750000 30.068693 1.570796 18.844467 -1.750000 43.962496 5.484175 0.250609
STATIC_OBS_INFO 0 -6.300000 61.219829 4.816244 
STATIC_OBS_INFO 1 -6.300000 63.539246 4.605806 
Parent: 378.555369 20.109224 203.000000 6.945702 3190.050000 98.001169 -10.000000 4.859115 31.000000 0.000000 0 0 0 0 0 0 0 0
Child: 98.001169 5.193086 53.000000 23.696619 1078.550000 0.000000 -10.000000 0.000000 0.000000 0.000000 0 0 0 1 0 0 0 0
EGO_STATUS -1.752780 62.806963 3.400000 1.573535 11.389606 6.000000 -2.545893
DYNAMIC_OBS_INFO 0 -5.750000 31.990471 1.570796 24.988242 -5.750000 88.583663 18.858548 1.302054
DYNAMIC_OBS_INFO 1 -1.750000 30.068693 1.570796 19.404328 -1.750000 44.512166 5.509236 0.250609
STATIC_OBS_INFO 0 -6.300000 61.219829 5.282956 
STATIC_OBS_INFO 1 -6.300000 63.539246 4.558502 
Parent: 356.331699 24.883889 250.000000 28.897063 3806.200000 0.000000 0.000000 4.603181 30.000000 0.000000 0 0 0 1 0 0 0 0
EGO_STATUS -1.757135 63.916493 3.500000 1.575618 10.801606 6.000000 -5.880000
DYNAMIC_OBS_INFO 0 -5.750000 31.990471 1.570796 25.818837 -5.750000 90.476028 18.988753 1.302054
DYNAMIC_OBS_INFO 1 -1.750000 30.068693 1.570796 19.902835 -1.750000 45.064343 5.534297 0.250609
STATIC_OBS_INFO 0 -6.300000 61.219829 5.885878 
STATIC_OBS_INFO 1 -6.300000 63.539246 4.758145 
Parent: 319.611926 30.290952 304.000000 11.545304 3030.900000 62.196065 -10.000000 3.262688 39.000000 0.000000 0 0 0 0 0 0 0 0
Child: 62.196065 3.032859 32.000000 5.036933 651.200000 0.000000 0.000000 0.000000 0.000000 0.000000 0 0 0 0 0 0 0 0
EGO_STATUS -1.761171 64.967175 3.600000 1.572322 10.213606 1.000000 -5.880000
DYNAMIC_OBS_INFO 0 -5.750000 31.990471 1.570796 26.693054 -5.750000 92.381413 19.118959 1.302054
DYNAMIC_OBS_INFO 1 -1.750000 30.068693 1.570796 20.369503 -1.750000 45.619026 5.559358 0.250609
STATIC_OBS_INFO 0 -6.300000 61.219829 6.585493 
STATIC_OBS_INFO 1 -6.300000 63.539246 5.160156 
Parent: 289.625578 30.290952 304.000000 11.545304 3030.900000 31.309717 -10.000000 3.162688 38.000000 0.000000 0 0 0 0 0 0 0 0
Child: 31.309717 2.011498 22.000000 4.109341 447.700000 0.000000 -10.000000 0.000000 0.000000 0.000000 0 0 0 0 0 0 0 0
EGO_STATUS -1.758168 65.988527 3.700000 1.563771 10.213606 4.000000 0.000000
DYNAMIC_OBS_INFO 0 -5.750000 31.990471 1.570796 27.581361 -5.750000 94.299819 19.249164 1.302054
DYNAMIC_OBS_INFO 1 -1.750000 30.068693 1.570796 20.833649 -1.750000 46.176215 5.584419 0.250609
STATIC_OBS_INFO 0 -6.300000 61.219829 7.363109 
STATIC_OBS_INFO 1 -6.300000 63.539246 5.721544 
Parent: 270.734759 30.290952 304.000000 11.545304 3030.900000 10.518897 -10.000000 3.062688 36.000000 0.000000 0 0 0 0 0 0 0 0
Child: 10.518897 0.990138 11.000000 4.106022 223.850000 0.000000 -10.000000 0.000000 0.000000 0.000000 0 0 0 0 0 0 0 0
EGO_STATUS -1.751278 67.009864 3.800000 1.566641 10.213606 4.000000 0.000000
DYNAMIC_OBS_INFO 0 -5.750000 31.990471 1.570796 28.482298 -5.750000 96.231246 19.379369 1.302054
DYNAMIC_OBS_INFO 1 -1.750000 30.068693 1.570796 21.295313 -1.750000 46.735910 5.609480 0.250609
STATIC_OBS_INFO 0 -6.300000 61.219829 8.191311 
STATIC_OBS_INFO 1 -6.300000 63.539246 6.393774 
Parent: 260.533832 30.259658 304.000000 11.544517 3028.200000 0.000000 -10.000000 2.962681 35.000000 0.000000 0 0 0 0 0 0 0 0
EGO_STATUS -1.750001 68.031223 3.900000 1.570808 10.213606 4.000000 0.000000
DYNAMIC_OBS_INFO 0 -5.750000 31.990471 1.570796 29.396331 -5.750000 98.175693 19.509575 1.302054
DYNAMIC_OBS_INFO 1 -1.750000 30.068693 1.570796 21.754471 -1.750000 47.298111 5.634540 0.250609
STATIC_OBS_INFO 0 -6.300000 61.219829 9.057681 
STATIC_OBS_INFO 1 -6.300000 63.539246 7.147478 
Parent: 240.599045 29.238304 294.000000 11.544438 2821.400000 0.000000 -10.000000 2.862682 34.000000 0.000000 0 0 0 0 0 0 0 0
EGO_STATUS -1.751420 69.052582 4.000000 1.574727 10.213606 4.000000 0.000000
DYNAMIC_OBS_INFO 0 -5.750000 31.990471 1.570796 30.322889 -5.750000 100.133161 19.639780 1.302054
DYNAMIC_OBS_INFO 1 -1.750000 30.068693 1.570796 22.211084 -1.750000 47.862818 5.659601 0.250609
STATIC_OBS_INFO 0 -6.300000 61.219829 9.950089 
STATIC_OBS_INFO 1 -6.300000 63.539246 7.956846 
Parent: 220.922930 28.216949 284.000000 11.544678 2617.000000 0.000000 -10.000000 2.762682 33.000000 0.000000 0 0 0 0 0 0 0 0
EGO_STATUS -1.760208 70.073900 4.100000 1.584981 10.213606 4.000000 0.000000
DYNAMIC_OBS_INFO 0 -5.750000 31.990471 1.570796 31.261473 -5.750000 102.103649 19.769985 1.302054
DYNAMIC_OBS_INFO 1 -1.750000 30.068693 1.570796 22.665008 -1.750000 48.430031 5.684662 0.250609
STATIC_OBS_INFO 0 -6.300000 61.219829 10.859596 
STATIC_OBS_INFO 1 -6.300000 63.539246 8.803475 
Parent: 200.959619 27.195592 273.000000 11.544714 2400.650000 0.000000 -10.000000 2.662683 32.000000 0.000000 0 0 0 0 0 0 0 0
EGO_STATUS -1.782089 71.095016 4.200000 1.600133 10.213606 4.000000 0.000000
DYNAMIC_OBS_INFO 0 -5.750000 31.990471 1.570796 32.212021 -5.750000 104.087158 19.900191 1.302054
DYNAMIC_OBS_INFO 1 -1.750000 30.068693 1.570796 23.115965 -1.750000 48.999750 5.709723 0.250609
STATIC_OBS_INFO 0 -6.300000 61.219829 11.780326 
STATIC_OBS_INFO 1 -6.300000 63.539246 9.675333 
Parent: 181.226667 26.174235 263.000000 11.544547 2195.650000 0.000000 -10.000000 2.562683 31.000000 0.000000 0 0 0 0 0 0 0 0
EGO_STATUS -1.821370 72.115605 4.300000 1.618853 10.213606 4.000000 0.000000
DYNAMIC_OBS_INFO 0 -5.750000 31.990471 1.570796 33.174863 -5.750000 106.083687 20.030396 1.302054
DYNAMIC_OBS_INFO 1 -1.750000 30.068693 1.570796 23.563591 -1.750000 49.571975 5.734784 0.250609
STATIC_OBS_INFO 0 -6.300000 61.219829 12.708394 
STATIC_OBS_INFO 1 -6.300000 63.539246 10.564541 
Parent: 161.875697 25.152876 253.000000 11.544172 1994.250000 0.000000 -10.000000 2.462683 30.000000 0.000000 0 0 0 0 0 0 0 0
EGO_STATUS -1.881044 73.135202 4.400000 1.639920 10.213606 4.000000 0.000000
DYNAMIC_OBS_INFO 0 -5.750000 31.990471 1.570796 34.150615 -5.750000 108.093237 20.160602 1.302054
DYNAMIC_OBS_INFO 1 -1.750000 30.068693 1.570796 24.007492 -1.750000 50.146707 5.759845 0.250609
STATIC_OBS_INFO 0 -6.300000 61.219829 13.641258 
STATIC_OBS_INFO 1 -6.300000 63.539246 11.465932 
Parent: 125.000355 10.000000 102.000000 0.000000 15.300000 169.158585 -10.000000 3.341770 39.000000 0.000000 0 0 0 0 0 0 0 0
Child: 169.158585 24.131517 243.000000 11.544448 1792.550000 0.000000 -10.000000 0.000000 0.000000 0.000000 0 0 0 0 0 0 0 0
EGO_STATUS -1.962902 74.153255 4.500000 1.662223 10.213606 4.000000 0.000000
DYNAMIC_OBS_INFO 0 -5.750000 31.990471 1.570796 35.140071 -5.750000 110.115808 20.290807 1.302054
DYNAMIC_OBS_INFO 1 -1.750000 30.068693 1.570796 24.447328 -1.750000 50.723944 5.784906 0.250609
STATIC_OBS_INFO 0 -6.300000 61.219829 14.577313 
STATIC_OBS_INFO 1 -6.300000 63.539246 12.376142 
Parent: 106.121973 10.000000 102.000000 0.000000 15.300000 149.380204 -10.000000 3.241770 38.000000 0.000000 0 0 0 0 0 0 0 0
Child: 149.380204 23.110158 233.000000 11.544603 1595.350000 0.000000 -10.000000 0.000000 0.000000 0.000000 0 0 0 0 0 0 0 0
EGO_STATUS -2.067640 75.169208 4.600000 1.684755 10.213606 4.000000 0.000000
DYNAMIC_OBS_INFO 0 -5.750000 31.990471 1.570796 36.144075 -5.750000 112.151399 20.421012 1.302054
DYNAMIC_OBS_INFO 1 -1.750000 30.068693 1.570796 24.882870 -1.750000 51.303688 5.809967 0.250609
STATIC_OBS_INFO 0 -6.300000 61.219829 15.515641 
STATIC_OBS_INFO 1 -6.300000 63.539246 13.293047 
Parent: 87.163822 10.000000 102.000000 0.000000 15.300000 129.522052 -10.000000 3.141770 37.000000 0.000000 0 0 0 0 0 0 0 0
Child: 129.522052 22.088797 222.000000 11.544534 1390.700000 0.000000 -10.000000 0.000000 0.000000 0.000000 0 0 0 0 0 0 0 0
EGO_STATUS -2.194975 76.182579 4.700000 1.706622 10.213606 4.000000 0.000000
DYNAMIC_OBS_INFO 0 -5.750000 31.990471 1.570796 37.163414 -5.750000 114.200010 20.551218 1.302054
DYNAMIC_OBS_INFO 1 -1.750000 30.068693 1.570796 25.314053 -1.750000 51.885938 5.835028 0.250609
STATIC_OBS_INFO 0 -6.300000 61.219829 16.455845 
STATIC_OBS_INFO 1 -6.300000 63.539246 14.215397 
Parent: 68.978368 10.000000 102.000000 0.000000 15.300000 110.436598 -10.000000 3.041770 36.000000 0.000000 0 0 0 0 0 0 0 0
Child: 110.436598 21.067437 212.000000 11.544235 1200.400000 0.000000 -10.000000 0.000000 0.000000 0.000000 0 0 0 0 0 0 0 0
EGO_STATUS -2.343761 77.193026 4.800000 1.727034 10.213606 4.000000 0.000000
DYNAMIC_OBS_INFO 0 -5.750000 31.990471 1.570796 38.198717 -5.750000 116.261642 20.681423 1.302054
DYNAMIC_OBS_INFO 1 -1.750000 30.068693 1.570796 25.740992 -1.750000 52.470694 5.860089 0.250609
STATIC_OBS_INFO 0 -6.300000 61.219829 17.397928 
STATIC_OBS_INFO 1 -6.300000 63.539246 15.142573 
Parent: 51.363549 10.000000 102.000000 0.000000 15.300000 91.921779 -10.000000 2.941770 35.000000 0.000000 0 0 0 0 0 0 0 0
Child: 91.921779 20.046076 202.000000 11.543850 1015.500000 0.000000 -10.000000 0.000000 0.000000 0.000000 0 0 0 0 0 0 0 0
EGO_STATUS -2.512116 78.200401 4.900000 1.745310 10.213606 4.000000 0.000000
DYNAMIC_OBS_INFO 0 -5.750000 31.990471 1.570796 39.250389 -5.750000 118.336295 20.811629 1.302054
DYNAMIC_OBS_INFO 1 -1.750000 30.068693 1.570796 26.163987 -1.750000 53.057955 5.885149 0.250609
STATIC_OBS_INFO 0 -6.300000 61.219829 18.342197 
STATIC_OBS_INFO 1 -6.300000 63.539246 16.074411 
Parent: 34.322414 10.000000 102.000000 0.000000 15.300000 73.980644 -10.000000 2.841770 34.000000 0.000000 0 0 0 0 0 0 0 0
Child: 73.980644 19.024715 192.000000 11.544019 836.000000 0.000000 -10.000000 0.000000 0.000000 0.000000 0 0 0 0 0 0 0 0
EGO_STATUS -2.697535 79.204779 5.000000 1.760879 10.213606 4.000000 0.000000
DYNAMIC_OBS_INFO 0 -5.750000 31.990471 1.570796 40.318571 -5.750000 120.423968 20.941834 1.302054
DYNAMIC_OBS_INFO 1 -1.750000 30.068693 1.570796 26.583497 -1.750000 53.647723 5.910210 0.250609
STATIC_OBS_INFO 0 -6.300000 61.219829 19.289185 
STATIC_OBS_INFO 1 -6.300000 63.539246 17.011069 
Parent: 16.928682 10.000000 102.000000 0.000000 15.300000 55.686912 -10.000000 2.741770 33.000000 0.000000 0 0 0 0 0 0 0 0
Child: 55.686912 18.003354 182.000000 11.543933 652.500000 0.000000 -10.000000 0.000000 0.000000 0.000000 0 0 0 0 0 0 0 0
EGO_STATUS -2.897011 80.206464 5.100000 1.773277 10.213606 4.000000 0.000000
DYNAMIC_OBS_INFO 0 -5.750000 31.990471 1.570796 41.403127 -5.750000 122.524662 21.072039 1.302054
DYNAMIC_OBS_INFO 1 -1.750000 30.068693 1.570796 27.000102 -1.750000 54.239998 5.935271 0.250609
STATIC_OBS_INFO 0 -6.300000 61.219829 20.239568 
STATIC_OBS_INFO 1 -6.300000 63.539246 17.952922 
Parent: 1.378980 10.000000 102.000000 0.000000 15.300000 39.237210 -10.000000 2.641770 32.000000 0.000000 0 0 0 0 0 0 0 0
Child: 39.237210 16.981993 171.000000 11.543583 484.250000 0.000000 -10.000000 0.000000 0.000000 0.000000 0 0 0 0 0 0 0 0
EGO_STATUS -3.107151 81.205970 5.200000 1.782147 10.213606 4.000000 0.000000
DYNAMIC_OBS_INFO 0 -5.750000 31.990471 1.570796 42.503668 -5.750000 124.638376 21.202245 1.302054
DYNAMIC_OBS_INFO 1 -1.750000 30.068693 1.570796 27.414445 -1.750000 54.834778 5.960332 0.250609
STATIC_OBS_INFO 0 -6.300000 61.219829 21.194095 
STATIC_OBS_INFO 1 -6.300000 63.539246 18.900459 
Parent: -13.788574 10.000000 102.000000 0.000000 15.300000 23.169657 -10.000000 2.541769 31.000000 0.000000 0 0 0 0 0 0 0 0
Child: 23.169657 15.960631 161.000000 11.542955 323.050000 0.000000 -10.000000 0.000000 0.000000 0.000000 0 0 0 0 0 0 0 0
EGO_STATUS -3.324277 82.203983 5.300000 1.787241 10.213606 4.000000 0.000000
DYNAMIC_OBS_INFO 0 -5.750000 31.990471 1.570796 43.619590 -5.750000 126.765111 21.332450 1.302054
DYNAMIC_OBS_INFO 1 -1.750000 30.068693 1.570796 27.827171 -1.750000 55.432064 5.985393 0.250609
STATIC_OBS_INFO 0 -6.300000 61.219829 22.153513 
STATIC_OBS_INFO 1 -6.300000 63.539246 19.854203 
Parent: -22.344128 10.000000 102.000000 0.000000 15.300000 13.714103 -10.000000 2.441769 30.000000 0.000000 0 0 0 0 0 0 0 0
Child: 13.714103 14.939269 151.000000 11.542416 228.150000 0.000000 -10.000000 0.000000 0.000000 0.000000 0 0 0 0 0 0 0 0
EGO_STATUS -3.544537 83.201311 5.400000 1.788419 10.213606 4.000000 0.000000
DYNAMIC_OBS_INFO 0 -5.750000 31.990471 1.570796 44.750142 -5.750000 128.904866 21.462655 1.302054
DYNAMIC_OBS_INFO 1 -1.750000 30.068693 1.570796 28.238870 -1.750000 56.031856 6.010454 0.250609
STATIC_OBS_INFO 0 -6.300000 61.219829 23.118502 
STATIC_OBS_INFO 1 -6.300000 63.539246 20.814637 
Parent: -43.668650 10.000000 101.000000 0.000000 15.150000 0.510495 -10.000000 3.320855 39.000000 0.000000 0 0 0 0 0 0 0 0
Child: 0.510495 10.000000 102.000000 0.000000 15.300000 9.010495 -10.000000 0.000000 0.000000 0.000000 0 0 0 0 0 0 0 0
Child: 9.010495 13.917907 141.000000 11.542156 181.050000 0.000000 -10.000000 0.000000 0.000000 0.000000 0 0 0 0 0 0 0 0
EGO_STATUS -3.763997 84.198815 5.500000 1.785649 10.213606 4.000000 0.000000
DYNAMIC_OBS_INFO 0 -5.750000 31.990471 1.570796 45.894492 -5.750000 131.057642 21.592861 1.302054
DYNAMIC_OBS_INFO 1 -1.750000 30.068693 1.570796 28.650008 -1.750000 56.634155 6.035515 0.250609
STATIC_OBS_INFO 0 -6.300000 61.219829 24.089611 
STATIC_OBS_INFO 1 -6.300000 63.539246 21.782133 
Parent: -46.765423 10.000000 101.000000 0.000000 15.150000 -3.486279 -10.000000 3.220855 38.000000 0.000000 0 0 0 0 0 0 0 0
Child: -3.486279 10.000000 102.000000 0.000000 15.300000 5.013721 -10.000000 0.000000 0.000000 0.000000 0 0 0 0 0 0 0 0
Child: 5.013721 12.896545 130.000000 11.541597 139.800000 0.000000 -10.000000 0.000000 0.000000 0.000000 0 0 0 0 0 0 0 0
EGO_STATUS -3.978748 85.197342 5.600000 1.779008 10.213606 4.000000 0.000000
DYNAMIC_OBS_INFO 0 -5.750000 31.990471 1.570796 47.051815 -5.750000 133.223438 21.723066 1.302054
DYNAMIC_OBS_INFO 1 -1.750000 30.068693 1.570796 29.060891 -1.750000 57.238959 6.060576 0.250609
STATIC_OBS_INFO 0 -6.300000 61.219829 25.067212 
STATIC_OBS_INFO 1 -6.300000 63.539246 22.756907 
Parent: -49.316601 10.000000 101.000000 0.000000 15.150000 -6.937456 -10.000000 3.120855 37.000000 0.000000 0 0 0 0 0 0 0 0
Child: -6.937456 10.000000 102.000000 0.000000 15.300000 1.562544 -10.000000 0.000000 0.000000 0.000000 0 0 0 0 0 0 0 0
Child: 1.562544 11.875183 120.000000 11.540748 105.300000 0.000000 -10.000000 0.000000 0.000000 0.000000 0 0 0 0 0 0 0 0
EGO_STATUS -4.184995 86.197657 5.700000 1.768679 10.213606 4.000000 0.000000
DYNAMIC_OBS_INFO 0 -5.750000 31.990471 1.570796 48.221361 -5.750000 135.402255 21.853272 1.302054
DYNAMIC_OBS_INFO 1 -1.750000 30.068693 1.570796 29.471621 -1.750000 57.846270 6.085637 0.250609
STATIC_OBS_INFO 0 -6.300000 61.219829 26.051464 
STATIC_OBS_INFO 1 -6.300000 63.539246 23.738976 
Parent: -51.232975 10.000000 101.000000 0.000000 15.150000 -9.753830 -10.000000 3.020855 36.000000 0.000000 0 0 0 0 0 0 0 0
Child: -9.753830 10.000000 102.000000 0.000000 15.300000 -1.253830 -10.000000 0.000000 0.000000 0.000000 0 0 0 0 0 0 0 0
Child: -1.253830 10.853821 110.000000 11.539633 77.100000 0.000000 -10.000000 0.000000 0.000000 0.000000 0 0 0 0 0 0 0 0
EGO_STATUS -4.379165 87.200382 5.800000 1.754955 10.213606 4.000000 0.000000
DYNAMIC_OBS_INFO 0 -5.750000 31.990471 1.570796 49.402524 -5.750000 137.594092 21.983477 1.302054
DYNAMIC_OBS_INFO 1 -1.750000 30.068693 1.570796 29.882090 -1.750000 58.456087 6.110697 0.250609
STATIC_OBS_INFO 0 -6.300000 61.219829 27.042287 
STATIC_OBS_INFO 1 -6.300000 63.539246 24.728138 
Parent: -52.635052 10.000000 101.000000 0.000000 15.150000 -12.055906 -10.000000 2.920855 35.000000 0.000000 0 0 0 0 0 0 0 0
Child: -12.055906 10.000000 102.000000 0.000000 15.300000 -3.555906 -10.000000 0.000000 0.000000 0.000000 0 0 0 0 0 0 0 0
Child: -3.555906 9.832459 100.000000 11.538979 54.000000 0.000000 -10.000000 0.000000 0.000000 0.000000 0 0 0 0 0 0 0 0
EGO_STATUS -4.558009 88.205950 5.900000 1.738235 10.213606 4.000000 0.000000
DYNAMIC_OBS_INFO 0 -5.750000 31.990471 1.570796 50.594889 -5.750000 139.798950 22.113682 1.302054
DYNAMIC_OBS_INFO 1 -1.750000 30.068693 1.570796 30.291986 -1.750000 59.068409 6.135758 0.250609
STATIC_OBS_INFO 0 -6.300000 61.219829 28.039368 
STATIC_OBS_INFO 1 -6.300000 63.539246 25.723974 
Parent: -53.436962 10.000000 101.000000 0.000000 15.150000 -13.757816 -10.000000 2.820855 34.000000 0.000000 0 0 0 0 0 0 0 0
Child: -13.757816 10.000000 102.000000 0.000000 15.300000 -5.257816 -10.000000 0.000000 0.000000 0.000000 0 0 0 0 0 0 0 0
Child: -5.257816 8.811098 90.000000 11.538519 36.900000 0.000000 -10.000000 0.000000 0.000000 0.000000 0 0 0 0 0 0 0 0
EGO_STATUS -4.718712 89.214573 6.000000 1.719028 10.213606 4.000000 0.000000
DYNAMIC_OBS_INFO 0 -5.750000 31.990471 1.570796 51.798260 -5.750000 142.016829 22.243888 1.302054
DYNAMIC_OBS_INFO 1 -1.750000 30.068693 1.570796 30.700821 -1.750000 59.683238 6.160819 0.250609
STATIC_OBS_INFO 0 -6.300000 61.219829 29.042174 
STATIC_OBS_INFO 1 -6.300000 63.539246 26.725861 
Parent: -53.760155 10.000000 101.000000 0.000000 15.150000 -14.981010 -10.000000 2.720855 33.000000 0.000000 0 0 0 0 0 0 0 0
Child: -14.981010 10.000000 102.000000 0.000000 15.300000 -6.481010 -10.000000 0.000000 0.000000 0.000000 0 0 0 0 0 0 0 0
Child: -6.481010 7.789736 79.000000 11.538017 24.150000 0.000000 -10.000000 0.000000 0.000000 0.000000 0 0 0 0 0 0 0 0
EGO_STATUS -4.859009 90.226232 6.100000 1.697949 10.213606 4.000000 0.000000
DYNAMIC_OBS_INFO 0 -5.750000 31.990471 1.570796 53.012662 -5.750000 144.247728 22.374093 1.302054
DYNAMIC_OBS_INFO 1 -1.750000 30.068693 1.570796 31.107985 -1.750000 60.300573 6.185880 0.250609
STATIC_OBS_INFO 0 -6.300000 61.219829 30.049993 
STATIC_OBS_INFO 1 -6.300000 63.539246 27.733011 
Parent: -53.731883 10.000000 101.000000 0.000000 15.150000 -15.852738 -10.000000 2.620855 32.000000 0.000000 0 0 0 0 0 0 0 0
Child: -15.852738 10.000000 102.000000 0.000000 15.300000 -7.352738 -10.000000 0.000000 0.000000 0.000000 0 0 0 0 0 0 0 0
Child: -7.352738 6.768375 69.000000 11.537439 15.450000 0.000000 -10.000000 0.000000 0.000000 0.000000 0 0 0 0 0 0 0 0
EGO_STATUS -4.977303 91.240697 6.200000 1.675721 10.213606 4.000000 0.000000
DYNAMIC_OBS_INFO 0 -5.750000 31.990471 1.570796 54.238313 -5.750000 146.491647 22.504298 1.302054
DYNAMIC_OBS_INFO 1 -1.750000 30.068693 1.570796 31.512819 -1.750000 60.920414 6.210941 0.250609
STATIC_OBS_INFO 0 -6.300000 61.219829 31.061986 
STATIC_OBS_INFO 1 -6.300000 63.539246 28.744525 
Parent: -53.385984 10.000000 101.000000 0.000000 15.150000 -16.406838 -10.000000 2.520855 31.000000 0.000000 0 0 0 0 0 0 0 0
Child: -16.406838 10.000000 102.000000 0.000000 15.300000 -7.906838 -10.000000 0.000000 0.000000 0.000000 0 0 0 0 0 0 0 0
Child: -7.906838 5.747014 59.000000 11.438819 10.050000 0.000000 -10.000000 0.000000 0.000000 0.000000 0 0 0 0 0 0 0 0
EGO_STATUS -5.072785 92.257562 6.300000 1.653177 10.213606 4.000000 0.000000
DYNAMIC_OBS_INFO 0 -5.750000 31.990471 1.570796 55.475574 -5.750000 148.748587 22.634504 1.302054
DYNAMIC_OBS_INFO 1 -1.750000 30.068693 1.570796 31.914693 -1.750000 61.542761 6.236002 0.250609
STATIC_OBS_INFO 0 -6.300000 61.219829 32.077258 
STATIC_OBS_INFO 1 -6.300000 63.539246 29.759460 
Parent: -52.822593 10.000000 101.000000 0.000000 15.150000 -16.743447 -10.000000 2.420855 30.000000 0.000000 0 0 0 0 0 0 0 0
Child: -16.743447 10.000000 102.000000 0.000000 15.300000 -8.243447 -10.000000 0.000000 0.000000 0.000000 0 0 0 0 0 0 0 0
Child: -8.243447 4.725654 49.000000 10.863585 7.350000 0.000000 -10.000000 0.000000 0.000000 0.000000 0 0 0 0 0 0 0 0
EGO_STATUS -5.145554 93.276306 6.400000 1.631255 10.213606 4.000000 0.000000
DYNAMIC_OBS_INFO 0 -5.750000 31.990471 1.570796 56.724881 -5.750000 151.018548 22.764709 1.302054
DYNAMIC_OBS_INFO 1 -1.750000 30.068693 1.570796 32.313103 -1.750000 62.167615 6.261063 0.250609
STATIC_OBS_INFO 0 -6.300000 61.219829 33.094931 
STATIC_OBS_INFO 1 -6.300000 63.539246 30.776900 
Parent: -69.720555 10.000000 102.000000 0.000000 15.300000 -25.520496 -10.000000 3.299941 39.000000 0.000000 0 0 0 0 0 0 0 0
Child: -25.520496 10.000000 101.000000 0.000000 15.150000 -17.020496 -10.000000 0.000000 0.000000 0.000000 0 0 0 0 0 0 0 0
Child: -17.020496 10.000000 102.000000 0.000000 15.300000 -8.520496 -10.000000 0.000000 0.000000 0.000000 0 0 0 0 0 0 0 0
Child: -8.520496 3.704293 39.000000 9.726703 5.850000 0.000000 -10.000000 0.000000 0.000000 0.000000 0 0 0 0 0 0 0 0
EGO_STATUS -5.196735 94.296366 6.500000 1.611001 10.213606 4.000000 0.000000
DYNAMIC_OBS_INFO 0 -5.750000 31.990471 1.570796 57.986657 -5.750000 153.301529 22.894915 1.302054
DYNAMIC_OBS_INFO 1 -1.750000 30.068693 1.570796 32.707748 -1.750000 62.794974 6.286124 0.250609
STATIC_OBS_INFO 0 -6.300000 61.219829 34.114216 
STATIC_OBS_INFO 1 -6.300000 63.539246 31.796026 
Parent: -69.133594 10.000000 102.000000 0.000000 15.300000 -25.833535 -10.000000 3.199941 38.000000 0.000000 0 0 0 0 0 0 0 0
Child: -25.833535 10.000000 101.000000 0.000000 15.150000 -17.333535 -10.000000 0.000000 0.000000 0.000000 0 0 0 0 0 0 0 0
Child: -17.333535 10.000000 102.000000 0.000000 15.300000 -8.833535 -10.000000 0.000000 0.000000 0.000000 0 0 0 0 0 0 0 0
Child: -8.833535 2.682933 28.000000 7.973626 4.200000 0.000000 -10.000000 0.000000 0.000000 0.000000 0 0 0 0 0 0 0 0
EGO_STATUS -5.228586 95.317216 6.600000 1.593569 10.213606 4.000000 0.000000
DYNAMIC_OBS_INFO 0 -5.750000 31.990471 1.570796 59.261243 -5.750000 155.597531 23.025120 1.302054
DYNAMIC_OBS_INFO 1 -1.750000 30.068693 1.570796 33.098605 -1.750000 63.424839 6.311185 0.250609
STATIC_OBS_INFO 0 -6.300000 61.219829 35.134469 
STATIC_OBS_INFO 1 -6.300000 63.539246 32.816172 
Parent: -68.638477 10.000000 102.000000 0.000000 15.300000 -26.238418 -10.000000 3.099941 37.000000 0.000000 0 0 0 0 0 0 0 0
Child: -26.238418 10.000000 101.000000 0.000000 15.150000 -17.738418 -10.000000 0.000000 0.000000 0.000000 0 0 0 0 0 0 0 0
Child: -17.738418 10.000000 102.000000 0.000000 15.300000 -9.238418 -10.000000 0.000000 0.000000 0.000000 0 0 0 0 0 0 0 0
Child: -9.238418 1.661572 18.000000 5.550306 2.700000 0.000000 -10.000000 0.000000 0.000000 0.000000 0 0 0 0 0 0 0 0
EGO_STATUS -5.244615 96.338443 6.700000 1.580218 10.213606 4.000000 0.000000
DYNAMIC_OBS_INFO 0 -5.750000 31.990471 1.570796 60.548832 -5.750000 157.906553 23.155325 1.302054
DYNAMIC_OBS_INFO 1 -1.750000 30.068693 1.570796 33.485958 -1.750000 64.057211 6.336246 0.250609
STATIC_OBS_INFO 0 -6.300000 61.219829 36.155219 
STATIC_OBS_INFO 1 -6.300000 63.539246 33.836847 
Parent: -68.211907 10.000000 102.000000 0.000000 15.300000 -26.711847 -10.000000 2.999941 36.000000 0.000000 0 0 0 0 0 0 0 0
Child: -26.711847 10.000000 101.000000 0.000000 15.150000 -18.211847 -10.000000 0.000000 0.000000 0.000000 0 0 0 0 0 0 0 0
Child: -18.211847 10.000000 102.000000 0.000000 15.300000 -9.711847 -10.000000 0.000000 0.000000 0.000000 0 0 0 0 0 0 0 0
Child: -9.711847 0.640212 8.000000 2.400717 1.200000 0.000000 -10.000000 0.000000 0.000000 0.000000 0 0 0 0 0 0 0 0
EGO_STATUS -5.249675 97.359788 6.800000 1.572313 10.213606 4.000000 0.000000
DYNAMIC_OBS_INFO 0 -5.750000 31.990471 1.570796 61.849468 -5.750000 160.228596 23.285531 1.302054
DYNAMIC_OBS_INFO 1 -1.750000 30.068693 1.570796 33.870382 -1.750000 64.692089 6.361306 0.250609
STATIC_OBS_INFO 0 -6.300000 61.219829 37.176151 
STATIC_OBS_INFO 1 -6.300000 63.539246 34.857720 
Parent: -57.657232 10.000000 102.000000 0.000000 15.300000 -17.057172 -10.000000 2.899941 35.000000 0.000000 0 0 0 0 0 0 0 0
Child: -17.057172 10.000000 101.000000 0.000000 15.150000 -8.557172 -10.000000 0.000000 0.000000 0.000000 0 0 0 0 0 0 0 0
Child: -8.557172 9.618851 98.000000 0.000000 14.700000 0.000000 -10.000000 0.000000 0.000000 0.000000 0 0 0 0 0 0 0 0
EGO_STATUS -5.250000 98.381149 6.900000 1.570796 10.213606 4.000000 0.000000
DYNAMIC_OBS_INFO 0 -5.750000 31.990471 1.570796 63.163129 -5.750000 162.563660 23.415736 1.302054
DYNAMIC_OBS_INFO 1 -1.750000 30.068693 1.570796 34.252326 -1.750000 65.329472 6.386367 0.250609
STATIC_OBS_INFO 0 -6.300000 61.219829 38.197115 
STATIC_OBS_INFO 1 -6.300000 63.539246 35.878631 
Parent: -56.910436 10.000000 102.000000 0.000000 15.300000 -17.210376 -10.000000 2.799941 34.000000 0.000000 0 0 0 0 0 0 0 0
Child: -17.210376 10.000000 101.000000 0.000000 15.150000 -8.710376 -10.000000 0.000000 0.000000 0.000000 0 0 0 0 0 0 0 0
Child: -8.710376 8.597491 87.000000 0.000000 13.050000 0.000000 -10.000000 0.000000 0.000000 0.000000 0 0 0 0 0 0 0 0
EGO_STATUS -5.250000 99.402509 7.000000 1.570796 10.213606 4.000000 0.000000
DYNAMIC_OBS_INFO 0 -5.750000 31.990471 1.570796 64.489812 -5.750000 164.911743 23.545942 1.302054
DYNAMIC_OBS_INFO 1 -1.750000 30.068693 1.570796 34.631822 -1.750000 65.969362 6.411428 0.250609
STATIC_OBS_INFO 0 -6.300000 61.219829 39.218099 
STATIC_OBS_INFO 1 -6.300000 63.539246 36.899566 
Parent: -56.163640 10.000000 102.000000 0.000000 15.300000 -17.363580 -10.000000 2.699941 33.000000 0.000000 0 0 0 0 0 0 0 0
Child: -17.363580 10.000000 101.000000 0.000000 15.150000 -8.863580 -10.000000 0.000000 0.000000 0.000000 0 0 0 0 0 0 0 0
Child: -8.863580 7.576130 77.000000 0.000000 11.550000 0.000000 -10.000000 0.000000 0.000000 0.000000 0 0 0 0 0 0 0 0
EGO_STATUS -5.250000 100.423870 7.100000 1.570796 10.213606 4.000000 0.000000
DYNAMIC_OBS_INFO 0 -5.750000 31.990471 1.570796 65.829516 -5.750000 167.272848 23.676147 1.302054
DYNAMIC_OBS_INFO 1 -1.750000 30.068693 1.570796 35.008868 -1.750000 66.611758 6.436489 0.250609
STATIC_OBS_INFO 0 -6.300000 61.219829 40.239103 
STATIC_OBS_INFO 1 -6.300000 63.539246 37.920524 
Parent: -55.416844 10.000000 102.000000 0.000000 15.300000 -17.516785 -10.000000 2.599941 32.000000 0.000000 0 0 0 0 0 0 0 0
Child: -17.516785 10.000000 101.000000 0.000000 15.150000 -9.016785 -10.000000 0.000000 0.000000 0.000000 0 0 0 0 0 0 0 0
Child: -9.016785 6.554770 67.000000 0.000000 10.050000 0.000000 -10.000000 0.000000 0.000000 0.000000 0 0 0 0 0 0 0 0
EGO_STATUS -5.250000 101.445230 7.200000 1.570796 10.213606 4.000000 0.000000
DYNAMIC_OBS_INFO 0 -5.750000 31.990471 1.570796 67.182242 -5.750000 169.646973 23.806352 1.302054
DYNAMIC_OBS_INFO 1 -1.750000 30.068693 1.570796 35.383460 -1.750000 67.256660 6.461550 0.250609
STATIC_OBS_INFO 0 -6.300000 61.219829 41.260125 
STATIC_OBS_INFO 1 -6.300000 63.539246 38.941503 
Parent: -54.670048 10.000000 102.000000 0.000000 15.300000 -17.669989 -10.000000 2.499941 31.000000 0.000000 0 0 0 0 0 0 0 0
Child: -17.669989 10.000000 101.000000 0.000000 15.150000 -9.169989 -10.000000 0.000000 0.000000 0.000000 0 0 0 0 0 0 0 0
Child: -9.169989 5.533409 57.000000 0.000000 8.550000 0.000000 -10.000000 0.000000 0.000000 0.000000 0 0 0 0 0 0 0 0
EGO_STATUS -5.250000 102.466591 7.300000 1.570796 10.213606 4.000000 0.000000
DYNAMIC_OBS_INFO 0 -5.750000 31.990471 1.570796 68.547990 -5.750000 172.034118 23.936558 1.302054
DYNAMIC_OBS_INFO 1 -1.750000 30.068693 1.570796 35.755598 -1.750000 67.904068 6.486611 0.250609
STATIC_OBS_INFO 0 -6.300000 61.219829 42.281162 
STATIC_OBS_INFO 1 -6.300000 63.539246 39.962502 
Parent: -53.923252 10.000000 102.000000 0.000000 15.300000 -17.823193 -10.000000 2.399941 30.000000 0.000000 0 0 0 0 0 0 0 0
Child: -17.823193 10.000000 101.000000 0.000000 15.150000 -9.323193 -10.000000 0.000000 0.000000 0.000000 0 0 0 0 0 0 0 0
Child: -9.323193 4.512048 47.000000 0.000000 7.050000 0.000000 -10.000000 0.000000 0.000000 0.000000 0 0 0 0 0 0 0 0
EGO_STATUS -5.250000 103.487952 7.400000 1.570796 10.213606 4.000000 0.000000
DYNAMIC_OBS_INFO 0 -5.750000 31.990471 1.570796 69.926760 -5.750000 174.434284 24.066763 1.302054
DYNAMIC_OBS_INFO 1 -1.750000 30.068693 1.570796 36.125279 -1.750000 68.553982 6.511672 0.250609
STATIC_OBS_INFO 0 -6.300000 61.219829 43.302215 
STATIC_OBS_INFO 1 -6.300000 63.539246 40.983519 
Parent: -70.697370 10.000000 102.000000 0.000000 15.300000 -26.476397 -10.000000 3.279027 39.000000 0.000000 0 0 0 0 0 0 0 0
Child: -26.476397 10.000000 102.000000 0.000000 15.300000 -17.976397 -10.000000 0.000000 0.000000 0.000000 0 0 0 0 0 0 0 0
Child: -17.976397 10.000000 101.000000 0.000000 15.150000 -9.476397 -10.000000 0.000000 0.000000 0.000000 0 0 0 0 0 0 0 0
Child: -9.476397 3.490688 36.000000 0.000000 5.400000 0.000000 -10.000000 0.000000 0.000000 0.000000 0 0 0 0 0 0 0 0
EGO_STATUS -5.250000 104.509312 7.500000 1.570796 10.213606 4.000000 0.000000
DYNAMIC_OBS_INFO 0 -5.750000 31.990471 1.570796 71.318551 -5.750000 176.847471 24.196968 1.302054
DYNAMIC_OBS_INFO 1 -1.750000 30.068693 1.570796 36.492501 -1.750000 69.206402 6.536733 0.250609
STATIC_OBS_INFO 0 -6.300000 61.219829 44.323283 
STATIC_OBS_INFO 1 -6.300000 63.539246 42.004552 
Parent: -69.950574 10.000000 102.000000 0.000000 15.300000 -26.629601 -10.000000 3.179027 38.000000 0.000000 0 0 0 0 0 0 0 0
Child: -26.629601 10.000000 102.000000 0.000000 15.300000 -18.129601 -10.000000 0.000000 0.000000 0.000000 0 0 0 0 0 0 0 0
Child: -18.129601 10.000000 101.000000 0.000000 15.150000 -9.629601 -10.000000 0.000000 0.000000 0.000000 0 0 0 0 0 0 0 0
Child: -9.629601 2.469327 26.000000 0.000000 3.900000 0.000000 -10.000000 0.000000 0.000000 0.000000 0 0 0 0 0 0 0 0
EGO_STATUS -5.250000 105.530673 7.600000 1.570796 10.213606 4.000000 0.000000
DYNAMIC_OBS_INFO 0 -5.750000 31.990471 1.570796 72.723364 -5.750000 179.273678 24.327174 1.302054
DYNAMIC_OBS_INFO 1 -1.750000 30.068693 1.570796 36.857263 -1.750000 69.861329 6.561794 0.250609
STATIC_OBS_INFO 0 -6.300000 61.219829 45.344363 
STATIC_OBS_INFO 1 -6.300000 63.539246 43.025601 
Parent: -69.203778 10.000000 102.000000 0.000000 15.300000 -26.782805 -10.000000 3.079027 37.000000 0.000000 0 0 0 0 0 0 0 0
Child: -26.782805 10.000000 102.000000 0.000000 15.300000 -18.282805 -10.000000 0.000000 0.000000 0.000000 0 0 0 0 0 0 0 0
Child: -18.282805 10.000000 101.000000 0.000000 15.150000 -9.782805 -10.000000 0.000000 0.000000 0.000000 0 0 0 0 0 0 0 0
Child: -9.782805 1.447967 16.000000 0.000000 2.400000 0.000000 -10.000000 0.000000 0.000000 0.000000 0 0 0 0 0 0 0 0
EGO_STATUS -5.250000 106.552033 7.700000 1.570796 10.213606 4.000000 0.000000
DYNAMIC_OBS_INFO 0 -5.750000 31.990471 1.570796 74.141198 -5.750000 181.712906 24.457379 1.302054
DYNAMIC_OBS_INFO 1 -1.750000 30.068693 1.570796 37.219562 -1.750000 70.518761 6.586854 0.250609
STATIC_OBS_INFO 0 -6.300000 61.219829 46.365456 
STATIC_OBS_INFO 1 -6.300000 63.539246 44.046665 
Parent: -68.456982 10.000000 102.000000 0.000000 15.300000 -26.936009 -10.000000 2.979027 36.000000 0.000000 0 0 0 0 0 0 0 0
Child: -26.936009 10.000000 102.000000 0.000000 15.300000 -18.436009 -10.000000 0.000000 0.000000 0.000000 0 0 0 0 0 0 0 0
Child: -18.436009 10.000000 101.000000 0.000000 15.150000 -9.936009 -10.000000 0.000000 0.000000 0.000000 0 0 0 0 0 0 0 0
Child: -9.936009 0.426606 6.000000 0.000000 0.900000 0.000000 -10.000000 0.000000 0.000000 0.000000 0 0 0 0 0 0 0 0
EGO_STATUS -5.250000 107.573394 7.800000 1.570796 10.213606 4.000000 0.000000
DYNAMIC_OBS_INFO 0 -5.750000 31.990471 1.570796 75.572053 -5.750000 184.165154 24.587585 1.302054
DYNAMIC_OBS_INFO 1 -1.750000 30.068693 1.570796 37.579398 -1.750000 71.178699 6.611915 0.250609
STATIC_OBS_INFO 0 -6.300000 61.219829 47.386560 
STATIC_OBS_INFO 1 -6.300000 63.539246 45.067741 
Parent: -57.710186 10.000000 102.000000 0.000000 15.300000 -17.089213 -10.000000 2.879027 35.000000 0.000000 0 0 0 0 0 0 0 0
Child: -17.089213 10.000000 102.000000 0.000000 15.300000 -8.589213 -10.000000 0.000000 0.000000 0.000000 0 0 0 0 0 0 0 0
Child: -8.589213 9.405246 96.000000 0.000000 14.400000 0.000000 -10.000000 0.000000 0.000000 0.000000 0 0 0 0 0 0 0 0
EGO_STATUS -5.250000 108.594754 7.900000 1.570796 10.213606 4.000000 0.000000
DYNAMIC_OBS_INFO 0 -5.750000 31.990471 1.570796 77.015931 -5.750000 186.630423 24.717790 1.302054
DYNAMIC_OBS_INFO 1 -1.750000 30.068693 1.570796 37.936769 -1.750000 71.841144 6.636976 0.250609
STATIC_OBS_INFO 0 -6.300000 61.219829 48.407675 
STATIC_OBS_INFO 1 -6.300000 63.539246 46.088831 
Parent: -56.963390 10.000000 102.000000 0.000000 15.300000 -17.242417 -10.000000 2.779027 34.000000 0.000000 0 0 0 0 0 0 0 0
Child: -17.242417 10.000000 102.000000 0.000000 15.300000 -8.742417 -10.000000 0.000000 0.000000 0.000000 0 0 0 0 0 0 0 0
Child: -8.742417 8.383885 85.000000 0.000000 12.750000 0.000000 -10.000000 0.000000 0.000000 0.000000 0 0 0 0 0 0 0 0
EGO_STATUS -5.250000 109.616115 8.000000 1.570796 10.213606 4.000000 0.000000
DYNAMIC_OBS_INFO 0 -5.750000 31.990471 1.570796 78.472829 -5.750000 189.108712 24.847995 1.302054
DYNAMIC_OBS_INFO 1 -1.750000 30.068693 1.570796 38.291673 -1.750000 72.506095 6.662037 0.250609
STATIC_OBS_INFO 0 -6.300000 61.219829 49.428800 
STATIC_OBS_INFO 1 -6.300000 63.539246 47.109932 
Parent: -56.216594 10.000000 102.000000 0.000000 15.300000 -17.395621 -10.000000 2.679027 33.000000 0.000000 0 0 0 0 0 0 0 0
Child: -17.395621 10.000000 102.000000 0.000000 15.300000 -8.895621 -10.000000 0.000000 0.000000 0.000000 0 0 0 0 0 0 0 0
Child: -8.895621 7.362524 75.000000 0.000000 11.250000 0.000000 -10.000000 0.000000 0.000000 0.000000 0 0 0 0 0 0 0 0
EGO_STATUS -5.250000 110.637476 8.100000 1.570796 10.213606 4.000000 0.000000
DYNAMIC_OBS_INFO 0 -5.750000 31.990471 1.570796 79.942749 -5.750000 191.600022 24.978201 1.302054
DYNAMIC_OBS_INFO 1 -1.750000 30.068693 1.570796 38.644109 -1.750000 73.173551 6.687098 0.250609
STATIC_OBS_INFO 0 -6.300000 61.219829 50.449935 
STATIC_OBS_INFO 1 -6.300000 63.539246 48.131044 
Parent: -55.469799 10.000000 102.000000 0.000000 15.300000 -17.548825 -10.000000 2.579027 32.000000 0.000000 0 0 0 0 0 0 0 0
Child: -17.548825 10.000000 102.000000 0.000000 15.300000 -9.048825 -10.000000 0.000000 0.000000 0.000000 0 0 0 0 0 0 0 0
Child: -9.048825 6.341164 65.000000 0.000000 9.750000 0.000000 -10.000000 0.000000 0.000000 0.000000 0 0 0 0 0 0 0 0
EGO_STATUS -5.250000 111.658836 8.200000 1.570796 10.213606 4.000000 0.000000
DYNAMIC_OBS_INFO 0 -5.750000 31.990471 1.570796 81.425690 -5.750000 194.104352 25.108406 1.302054
DYNAMIC_OBS_INFO 1 -1.750000 30.068693 1.570796 38.994075 -1.750000 73.843514 6.712159 0.250609
STATIC_OBS_INFO 0 -6.300000 61.219829 51.471079 
STATIC_OBS_INFO 1 -6.300000 63.539246 49.152167 
Parent: -54.723003 10.000000 102.000000 0.000000 15.300000 -17.702030 -10.000000 2.479027 31.000000 0.000000 0 0 0 0 0 0 0 0
Child: -17.702030 10.000000 102.000000 0.000000 15.300000 -9.202030 -10.000000 0.000000 0.000000 0.000000 0 0 0 0 0 0 0 0
Child: -9.202030 5.319803 55.000000 0.000000 8.250000 0.000000 -10.000000 0.000000 0.000000 0.000000 0 0 0 0 0 0 0 0
EGO_STATUS -5.250000 112.680197 8.300000 1.570796 10.213606 4.000000 0.000000
DYNAMIC_OBS_INFO 0 -5.750000 31.990471 1.570796 82.921653 -5.750000 196.621703 25.238611 1.302054
DYNAMIC_OBS_INFO 1 -1.750000 30.068693 1.570796 39.341571 -1.750000 74.515983 6.737220 0.250609
STATIC_OBS_INFO 0 -6.300000 61.219829 52.492231 
STATIC_OBS_INFO 1 -6.300000 63.539246 50.173299 
Parent: -53.976207 10.000000 102.000000 0.000000 15.300000 -17.855234 -10.000000 2.379027 30.000000 0.000000 0 0 0 0 0 0 0 0
Child: -17.855234 10.000000 102.000000 0.000000 15.300000 -9.355234 -10.000000 0.000000 0.000000 0.000000 0 0 0 0 0 0 0 0
Child: -9.355234 4.298443 44.000000 0.000000 6.600000 0.000000 -10.000000 0.000000 0.000000 0.000000 0 0 0 0 0 0 0 0
EGO_STATUS -5.250000 113.701557 8.400000 1.570796 10.213606 4.000000 0.000000
DYNAMIC_OBS_INFO 0 -5.750000 31.990471 1.570796 84.430637 -5.750000 199.152074 25.368817 1.302054
DYNAMIC_OBS_INFO 1 -1.750000 30.068693 1.570796 39.686595 -1.750000 75.190958 6.762281 0.250609
STATIC_OBS_INFO 0 -6.300000 61.219829 53.513391 
STATIC_OBS_INFO 1 -6.300000 63.539246 51.194440 
Parent: -70.750325 10.000000 101.000000 0.000000 15.150000 -26.508438 -10.000000 3.258113 39.000000 0.000000 0 0 0 0 0 0 0 0
Child: -26.508438 10.000000 102.000000 0.000000 15.300000 -18.008438 -10.000000 0.000000 0.000000 0.000000 0 0 0 0 0 0 0 0
Child: -18.008438 10.000000 102.000000 0.000000 15.300000 -9.508438 -10.000000 0.000000 0.000000 0.000000 0 0 0 0 0 0 0 0
Child: -9.508438 3.277082 34.000000 0.000000 5.100000 0.000000 -10.000000 0.000000 0.000000 0.000000 0 0 0 0 0 0 0 0
EGO_STATUS -5.250000 114.722918 8.500000 1.570796 10.213606 4.000000 0.000000
DYNAMIC_OBS_INFO 0 -5.750000 31.990471 1.570796 85.952642 -5.750000 201.695466 25.499022 1.302054
DYNAMIC_OBS_INFO 1 -1.750000 30.068693 1.570796 40.029146 -1.750000 75.868439 6.787342 0.250609
STATIC_OBS_INFO 0 -6.300000 61.219829 54.534559 
STATIC_OBS_INFO 1 -6.300000 63.539246 52.215590 
Parent: -70.003529 10.000000 101.000000 0.000000 15.150000 -26.661642 -10.000000 3.158113 38.000000 0.000000 0 0 0 0 0 0 0 0
Child: -26.661642 10.000000 102.000000 0.000000 15.300000 -18.161642 -10.000000 0.000000 0.000000 0.000000 0 0 0 0 0 0 0 0
Child: -18.161642 10.000000 102.000000 0.000000 15.300000 -9.661642 -10.000000 0.000000 0.000000 0.000000 0 0 0 0 0 0 0 0
Child: -9.661642 2.255722 24.000000 0.000000 3.600000 0.000000 -10.000000 0.000000 0.000000 0.000000 0 0 0 0 0 0 0 0
EGO_STATUS -5.250000 115.744278 8.600000 1.570796 10.213606 4.000000 0.000000
DYNAMIC_OBS_INFO 0 -5.750000 31.990471 1.570796 87.487668 -5.750000 204.251879 25.629228 1.302054
DYNAMIC_OBS_INFO 1 -1.750000 30.068693 1.570796 40.369223 -1.750000 76.548427 6.812403 0.250609
STATIC_OBS_INFO 0 -6.300000 61.219829 55.555733 
STATIC_OBS_INFO 1 -6.300000 63.539246 53.236748 
Parent: -69.256733 10.000000 101.000000 0.000000 15.150000 -26.814846 -10.000000 3.058113 37.000000 0.000000 0 0 0 0 0 0 0 0
Child: -26.814846 10.000000 102.000000 0.000000 15.300000 -18.314846 -10.000000 0.000000 0.000000 0.000000 0 0 0 0 0 0 0 0
Child: -18.314846 10.000000 102.000000 0.000000 15.300000 -9.814846 -10.000000 0.000000 0.000000 0.000000 0 0 0 0 0 0 0 0
Child: -9.814846 1.234361 14.000000 0.000000 2.100000 0.000000 -10.000000 0.000000 0.000000 0.000000 0 0 0 0 0 0 0 0
EGO_STATUS -5.250000 116.765639 8.700000 1.570796 10.213606 4.000000 0.000000
DYNAMIC_OBS_INFO 0 -5.750000 31.990471 1.570796 89.035716 -5.750000 206.821312 25.759433 1.302054
DYNAMIC_OBS_INFO 1 -1.750000 30.068693 1.570796 40.706825 -1.750000 77.230920 6.837463 0.250609
STATIC_OBS_INFO 0 -6.300000 61.219829 56.576915 
STATIC_OBS_INFO 1 -6.300000 63.539246 54.257914 
Parent: -68.509937 10.000000 101.000000 0.000000 15.150000 -26.968050 -10.000000 2.958113 36.000000 0.000000 0 0 0 0 0 0 0 0
Child: -26.968050 10.000000 102.000000 0.000000 15.300000 -18.468050 -10.000000 0.000000 0.000000 0.000000 0 0 0 0 0 0 0 0
Child: -18.468050 10.000000 102.000000 0.000000 15.300000 -9.968050 -10.000000 0.000000 0.000000 0.000000 0 0 0 0 0 0 0 0
Child: -9.968050 0.213000 4.000000 0.000000 0.600000 0.000000 -10.000000 0.000000 0.000000 0.000000 0 0 0 0 0 0 0 0
EGO_STATUS -5.250000 117.787000 8.800000 1.570796 10.213606 4.000000 0.000000
DYNAMIC_OBS_INFO 0 -5.750000 31.990471 1.570796 90.596785 -5.750000 209.403765 25.889638 1.302054
DYNAMIC_OBS_INFO 1 -1.750000 30.068693 1.570796 41.041951 -1.750000 77.915919 6.862524 0.250609
STATIC_OBS_INFO 0 -6.300000 61.219829 57.598103 
STATIC_OBS_INFO 1 -6.300000 63.539246 55.279087 
Parent: -57.763141 10.000000 101.000000 0.000000 15.150000 -17.121254 -10.000000 2.858113 35.000000 0.000000 0 0 0 0 0 0 0 0
Child: -17.121254 10.000000 102.000000 0.000000 15.300000 -8.621254 -10.000000 0.000000 0.000000 0.000000 0 0 0 0 0 0 0 0
Child: -8.621254 9.191640 93.000000 0.000000 13.950000 0.000000 -10.000000 0.000000 0.000000 0.000000 0 0 0 0 0 0 0 0
EGO_STATUS -5.250000 118.808360 8.900000 1.570796 10.213606 4.000000 0.000000
DYNAMIC_OBS_INFO 0 -5.750000 31.990471 1.570796 92.170875 -5.750000 211.999239 26.019844 1.302054
DYNAMIC_OBS_INFO 1 -1.750000 30.068693 1.570796 41.374599 -1.750000 78.603425 6.887585 0.250609
STATIC_OBS_INFO 0 -6.300000 61.219829 58.619296 
STATIC_OBS_INFO 1 -6.300000 63.539246 56.300267 
Parent: -57.016345 10.000000 101.000000 0.000000 15.150000 -17.274458 -10.000000 2.758113 34.000000 0.000000 0 0 0 0 0 0 0 0
Child: -17.274458 10.000000 102.000000 0.000000 15.300000 -8.774458 -10.000000 0.000000 0.000000 0.000000 0 0 0 0 0 0 0 0
Child: -8.774458 8.170279 83.000000 0.000000 12.450000 0.000000 -10.000000 0.000000 0.000000 0.000000 0 0 0 0 0 0 0 0
EGO_STATUS -5.250000 119.829721 9.000000 1.570796 10.213606 4.000000 0.000000
DONE
FINISHED
