STATIC_OBS_INIT_INFO 0 -6.300000 60.033999
STATIC_OBS_INIT_INFO 1 -6.300000 64.723544
Parent: -28.853461 10.000000 101.000000 0.000000 15.150000 17.454477 -10.000000 2.192062 40.000000 0.000000 0 0 0 0 0 0 0 0
Child: 17.454477 24.217018 244.000000 11.419207 265.200000 0.000000 -10.000000 0.000000 0.000000 0.000000 0 0 0 0 0 0 0 0
EGO_STATUS -5.750000 16.791825 0.000000 1.570796 15.609510 4.000000 0.000000
DYNAMIC_OBS_INFO 0 -5.750000 51.089334 1.570796 32.736558 -5.750000 51.089334 10.012507 1.274836
DYNAMIC_OBS_INFO 1 -1.750000 31.491851 1.570796 13.734453 -1.750000 31.491851 9.607199 2.626596
STATIC_OBS_INFO 0 -6.300000 60.033999 41.684852 
STATIC_OBS_INFO 1 -6.300000 64.723544 46.374030 
Parent: 467.687037 20.435104 206.000000 3059.619106 2061.400000 14.923756 -10.000000 2.760572 48.000000 0.000000 1 0 0 0 0 0 0 0
Child: 14.923756 22.656067 228.000000 11.420957 239.400000 0.000000 -10.000000 0.000000 0.000000 0.000000 0 0 0 0 0 0 0 0
EGO_STATUS -5.749989 18.352776 0.100000 1.570763 15.609510 4.000000 0.000000
DYNAMIC_OBS_INFO 0 -5.750000 51.089334 1.570796 32.183232 -5.750000 52.096959 10.139990 1.274836
DYNAMIC_OBS_INFO 1 -1.750000 31.491851 1.570796 12.249512 -1.750000 31.491851 9.607199 2.626596
STATIC_OBS_INFO 0 -6.300000 60.033999 40.124046 
STATIC_OBS_INFO 1 -6.300000 64.723544 44.813196 
Parent: 296.608482 41.381517 415.000000 10.301622 3385.650000 0.000000 0.000000 4.982870 47.000000 0.000000 0 0 0 0 0 0 0 0
EGO_STATUS -5.749700 19.913727 0.200000 1.570341 15.609510 4.000000 0.000000
DYNAMIC_OBS_INFO 0 -5.750000 51.089334 1.570796 31.657330 -5.750000 53.117332 10.267474 1.274836
DYNAMIC_OBS_INFO 1 -1.750000 31.491851 1.570796 10.799175 -1.750000 31.491851 9.607199 2.626596
STATIC_OBS_INFO 0 -6.300000 60.033999 38.577946 
STATIC_OBS_INFO 1 -6.300000 64.723544 43.267063 
Parent: 286.968880 39.835247 400.000000 10.301495 3374.500000 0.000000 -10.000000 4.882873 45.000000 0.000000 0 0 0 0 0 0 0 0
EGO_STATUS -5.748023 21.460002 0.300000 1.568845 15.316315 6.000000 -2.931947
DYNAMIC_OBS_INFO 0 -5.750000 51.089334 1.570796 31.173499 -5.750000 54.150453 10.394958 1.274836
DYNAMIC_OBS_INFO 1 -1.750000 31.491851 1.570796 9.404615 -1.750000 31.491851 9.607199 2.626596
STATIC_OBS_INFO 0 -6.300000 60.033999 37.061231 
STATIC_OBS_INFO 1 -6.300000 64.723544 41.750306 
Parent: 285.411178 38.318292 385.000000 10.301320 3351.850000 0.000000 -10.000000 4.782875 44.000000 0.000000 0 0 0 0 0 0 0 0
EGO_STATUS -5.742911 22.976955 0.400000 1.565685 15.023121 6.000000 -2.931945
DYNAMIC_OBS_INFO 0 -5.750000 51.089334 1.570796 30.731772 -5.750000 55.196323 10.522441 1.274836
DYNAMIC_OBS_INFO 1 -1.750000 31.491851 1.570796 8.076940 -1.750000 31.491851 9.607199 2.626596
STATIC_OBS_INFO 0 -6.300000 60.033999 35.573982 
STATIC_OBS_INFO 1 -6.300000 64.723544 40.262998 
Parent: 176.691356 20.435104 206.000000 33.309656 2061.400000 5.962955 0.000000 4.934180 42.000000 0.000000 0 0 1 0 0 0 0 0
Child: 5.962955 16.544385 167.000000 25.981009 135.150000 0.000000 -10.000000 0.000000 0.000000 0.000000 0 0 0 1 0 0 0 0
EGO_STATUS -5.731719 24.464556 0.500000 1.560490 14.729927 6.000000 -2.931944
DYNAMIC_OBS_INFO 0 -5.750000 51.089334 1.570796 30.346993 -5.750000 56.254942 10.649925 1.274836
DYNAMIC_OBS_INFO 1 -1.750000 31.491851 1.570796 6.846606 -1.750000 31.491851 9.607199 2.626596
STATIC_OBS_INFO 0 -6.300000 60.033999 34.131094 
STATIC_OBS_INFO 1 -6.300000 64.723544 38.820026 
Parent: 175.251829 20.435104 206.000000 33.309552 2061.400000 3.623411 0.000000 4.834206 41.000000 0.000000 0 0 1 0 0 0 0 0
Child: 3.623411 15.100829 153.000000 25.980965 112.050000 0.000000 -10.000000 0.000000 0.000000 0.000000 0 0 0 1 0 0 0 0
EGO_STATUS -5.711859 25.907973 0.600000 1.553241 14.141927 6.000000 -5.880000
DYNAMIC_OBS_INFO 0 -5.750000 51.089334 1.570796 30.033972 -5.750000 57.326308 10.777408 1.274836
DYNAMIC_OBS_INFO 1 -1.750000 31.491851 1.570796 5.752733 -1.750000 31.491851 9.607199 2.626596
STATIC_OBS_INFO 0 -6.300000 60.033999 32.747422 
STATIC_OBS_INFO 1 -6.300000 64.723544 37.436236 
Parent: 654.090691 10.000000 101.000000 0.000000 2055.350000 506.333246 -10.000000 3.257444 49.000000 0.000000 0 0 0 0 0 0 0 0
Child: 506.333246 20.435104 206.000000 3044.950773 2061.400000 9.785629 -10.000000 0.000000 0.000000 0.000000 1 0 0 0 0 0 0 0
Child: 9.785629 13.716057 139.000000 8.118616 91.050000 0.000000 0.000000 0.000000 0.000000 0.000000 0 0 0 0 0 0 0 0
EGO_STATUS -5.681751 27.292413 0.700000 1.544697 13.553927 6.000000 -5.880000
DYNAMIC_OBS_INFO 0 -5.750000 51.089334 1.570796 29.763453 -5.750000 58.410423 10.904892 1.274836
DYNAMIC_OBS_INFO 1 -1.750000 31.491851 1.570796 4.819513 -1.750000 31.491851 9.607199 2.626596
STATIC_OBS_INFO 0 -6.300000 60.033999 31.393756 
STATIC_OBS_INFO 1 -6.300000 64.723544 36.082401 
Parent: 643.142363 10.000000 101.000000 0.000000 2055.350000 494.484919 -10.000000 3.157444 48.000000 0.000000 0 0 0 0 0 0 0 0
Child: 494.484919 20.435104 206.000000 3044.950773 2061.400000 -2.062699 -10.000000 0.000000 0.000000 0.000000 1 0 0 0 0 0 0 0
Child: -2.062699 12.360664 125.000000 8.117744 72.150000 0.000000 -10.000000 0.000000 0.000000 0.000000 0 0 0 0 0 0 0 0
EGO_STATUS -5.640438 28.647172 0.800000 1.536001 13.553927 4.000000 0.000000
DYNAMIC_OBS_INFO 0 -5.750000 51.089334 1.570796 29.506187 -5.750000 59.507287 11.032375 1.274836
DYNAMIC_OBS_INFO 1 -1.750000 31.491851 1.570796 4.117151 -1.750000 31.491851 9.607199 2.626596
STATIC_OBS_INFO 0 -6.300000 60.033999 30.040894 
STATIC_OBS_INFO 1 -6.300000 64.723544 34.729299 
Parent: 378.051477 10.000000 101.000000 20.000000 2055.350000 213.634763 0.000000 4.936516 46.000000 0.000000 0 0 1 0 0 0 0 0
Child: 213.634763 20.435104 206.000000 13.283185 2061.400000 7.827158 0.000000 0.000000 0.000000 0.000000 0 0 0 0 0 0 0 0
Child: 7.827158 11.005271 112.000000 24.456525 55.200000 0.000000 0.000000 0.000000 0.000000 0.000000 0 0 0 1 0 0 0 0
EGO_STATUS -5.587958 30.001545 0.900000 1.528460 13.553927 4.000000 0.000000
DYNAMIC_OBS_INFO 0 -5.750000 51.089334 1.570796 29.291579 -5.750000 60.616898 11.159859 1.274836
DYNAMIC_OBS_INFO 1 -1.750000 31.491851 1.570796 3.781901 -1.750000 31.491851 9.607199 2.626596
STATIC_OBS_INFO 0 -6.300000 60.033999 28.718212 
STATIC_OBS_INFO 1 -6.300000 64.723544 33.406301 
Parent: 170.978344 20.435104 206.000000 13.283088 2061.400000 -3.554807 0.000000 3.725555 35.000000 0.000000 0 0 0 0 0 0 0 0
Child: -3.554807 9.679312 98.000000 24.455553 40.800000 0.000000 -10.000000 0.000000 0.000000 0.000000 0 0 0 1 0 0 0 0
EGO_STATUS -5.528270 31.326158 1.000000 1.523591 12.965927 1.000000 -5.880000
DYNAMIC_OBS_INFO 0 -5.750000 51.089334 1.570796 29.148791 -5.750000 61.739258 11.287343 1.274836
DYNAMIC_OBS_INFO 1 -1.750000 31.491851 1.570796 3.876589 -1.750000 31.491851 9.607199 2.626596
STATIC_OBS_INFO 0 -6.300000 60.033999 27.454792 
STATIC_OBS_INFO 1 -6.300000 64.723544 32.142494 
Parent: 167.724302 28.794656 289.000000 23.380534 2054.950000 0.000000 -10.000000 4.648826 34.000000 0.000000 0 0 0 1 0 0 0 0
EGO_STATUS -5.467253 32.591839 1.100000 1.522257 12.377927 1.000000 -5.880000
DYNAMIC_OBS_INFO 0 -5.750000 51.089334 1.570796 29.077520 -5.750000 62.874367 11.414826 1.274836
DYNAMIC_OBS_INFO 1 -1.750000 31.491851 1.570796 4.326076 -1.750000 31.491851 9.607199 2.626596
STATIC_OBS_INFO 0 -6.300000 60.033999 26.250265 
STATIC_OBS_INFO 1 -6.300000 64.723544 30.937520 
Parent: 167.848596 27.586251 277.000000 23.380645 2046.850000 0.000000 -10.000000 4.675665 33.000000 0.000000 0 0 0 1 0 0 0 0
EGO_STATUS -5.409609 33.798839 1.200000 1.524446 11.789927 1.000000 -5.880000
DYNAMIC_OBS_INFO 0 -5.750000 51.089334 1.570796 29.077601 -5.750000 64.022224 11.542310 1.274836
DYNAMIC_OBS_INFO 1 -1.750000 31.491851 1.570796 4.996395 -1.750000 31.491851 9.607199 2.626596
STATIC_OBS_INFO 0 -6.300000 60.033999 25.104392 
STATIC_OBS_INFO 1 -6.300000 64.723544 29.791159 
Parent: 168.363515 26.436694 266.000000 23.380376 2045.800000 0.000000 -10.000000 4.715816 32.000000 0.000000 0 0 0 1 0 0 0 0
EGO_STATUS -5.358899 34.947253 1.300000 1.529227 11.201927 1.000000 -5.880000
DYNAMIC_OBS_INFO 0 -5.750000 51.089334 1.570796 29.148845 -5.750000 65.182829 11.669793 1.274836
DYNAMIC_OBS_INFO 1 -1.750000 31.491851 1.570796 5.777666 -1.750000 31.491851 9.607199 2.626596
STATIC_OBS_INFO 0 -6.300000 60.033999 24.016933 
STATIC_OBS_INFO 1 -6.300000 64.723544 28.703187 
Parent: 169.947201 25.345914 255.000000 23.380509 2040.850000 0.000000 -10.000000 4.771478 30.000000 0.000000 0 0 0 1 0 0 0 0
EGO_STATUS -5.316677 36.037205 1.400000 1.535001 10.613927 1.000000 -5.880000
DYNAMIC_OBS_INFO 0 -5.750000 51.089334 1.570796 29.291347 -5.750000 66.356182 11.797277 1.274836
DYNAMIC_OBS_INFO 1 -1.750000 31.491851 1.570796 6.601389 -1.750000 31.491851 9.607199 2.626596
STATIC_OBS_INFO 0 -6.300000 60.033999 22.987962 
STATIC_OBS_INFO 1 -6.300000 64.723544 27.673689 
Parent: 358.340176 10.000000 101.000000 0.000000 2055.350000 199.257001 -10.000000 4.583175 39.000000 0.000000 0 0 0 0 0 0 0 0
Child: 199.257001 20.435104 206.000000 13.281170 2061.400000 -6.550405 0.000000 0.000000 0.000000 0.000000 0 0 0 0 0 0 0 0
Child: -6.550405 3.932016 41.000000 29.819694 6.150000 0.000000 -10.000000 0.000000 0.000000 0.000000 0 0 0 1 0 0 0 0
EGO_STATUS -5.282503 37.068567 1.500000 1.540166 10.025927 1.000000 -5.880000
DYNAMIC_OBS_INFO 0 -5.750000 51.089334 1.570796 29.505129 -5.750000 67.542284 11.924760 1.274836
DYNAMIC_OBS_INFO 1 -1.750000 31.491851 1.570796 7.428380 -1.750000 31.491851 9.607199 2.626596
STATIC_OBS_INFO 0 -6.300000 60.033999 22.017503 
STATIC_OBS_INFO 1 -6.300000 64.723544 26.702691 
Parent: 359.080519 10.000000 101.000000 0.000000 2055.350000 199.097306 -10.000000 4.483213 38.000000 0.000000 0 0 0 0 0 0 0 0
Child: 199.097306 20.435104 206.000000 13.280986 2061.400000 -6.710081 0.000000 0.000000 0.000000 0.000000 0 0 0 0 0 0 0 0
Child: -6.710081 2.958887 31.000000 29.818195 4.650000 0.000000 -10.000000 0.000000 0.000000 0.000000 0 0 0 1 0 0 0 0
EGO_STATUS -5.255061 38.041306 1.600000 1.546118 9.437927 1.000000 -5.880000
DYNAMIC_OBS_INFO 0 -5.750000 51.089334 1.570796 29.789997 -5.750000 68.741134 12.052244 1.274836
DYNAMIC_OBS_INFO 1 -1.750000 31.491851 1.570796 8.239163 -1.750000 31.491851 9.607199 2.626596
STATIC_OBS_INFO 0 -6.300000 60.033999 21.105143 
STATIC_OBS_INFO 1 -6.300000 64.723544 25.789842 
Parent: 358.766805 10.000000 101.000000 0.000000 2055.350000 198.883565 -10.000000 4.383240 38.000000 0.000000 0 0 0 0 0 0 0 0
Child: 198.883565 20.435104 206.000000 13.280853 2061.400000 -6.923809 0.000000 0.000000 0.000000 0.000000 0 0 0 0 0 0 0 0
Child: -6.923809 2.044540 22.000000 29.800933 3.300000 0.000000 -10.000000 0.000000 0.000000 0.000000 0 0 0 1 0 0 0 0
EGO_STATUS -5.239643 38.955510 1.700000 1.563898 8.849927 1.000000 -5.880000
DYNAMIC_OBS_INFO 0 -5.750000 51.089334 1.570796 30.146032 -5.750000 69.952733 12.179728 1.274836
DYNAMIC_OBS_INFO 1 -1.750000 31.491851 1.570796 9.022309 -1.750000 31.491851 9.607199 2.626596
STATIC_OBS_INFO 0 -6.300000 60.033999 20.250674 
STATIC_OBS_INFO 1 -6.300000 64.723544 24.935018 
Parent: -28.189914 10.000000 101.000000 20.000000 15.150000 -7.533313 -10.000000 2.863201 17.000000 0.000000 0 0 0 1 0 0 0 0
Child: -7.533313 1.189054 13.000000 25.018435 1.950000 0.000000 -10.000000 0.000000 0.000000 0.000000 0 0 0 1 0 0 0 0
EGO_STATUS -5.242008 39.810981 1.800000 1.580783 8.261927 1.000000 -5.880000
DYNAMIC_OBS_INFO 0 -5.750000 51.089334 1.570796 30.573457 -5.750000 71.177080 12.307211 1.274836
DYNAMIC_OBS_INFO 1 -1.750000 31.491851 1.570796 9.764427 -1.750000 31.491851 9.607199 2.626596
STATIC_OBS_INFO 0 -6.300000 60.033999 19.454670 
STATIC_OBS_INFO 1 -6.300000 64.723544 24.138699 
Parent: -26.166164 10.000000 101.000000 20.000000 15.150000 -6.409570 -10.000000 2.763208 16.000000 0.000000 0 0 0 1 0 0 0 0
Child: -6.409570 0.392277 5.000000 45.013974 0.750000 0.000000 -10.000000 0.000000 0.000000 0.000000 0 0 0 1 1 0 0 0
EGO_STATUS -5.249268 40.607724 1.900000 1.575478 7.673927 1.000000 -5.880000
DYNAMIC_OBS_INFO 0 -5.750000 51.089334 1.570796 31.072628 -5.750000 72.414175 12.434695 1.274836
DYNAMIC_OBS_INFO 1 -1.750000 31.491851 1.570796 9.544738 -1.750000 32.465704 9.869858 2.626596
STATIC_OBS_INFO 0 -6.300000 60.033999 18.717902 
STATIC_OBS_INFO 1 -6.300000 64.723544 23.401542 
Parent: -18.860425 9.654430 98.000000 20.000000 14.700000 0.000000 -10.000000 2.721119 15.000000 0.000000 0 0 0 1 0 0 0 0
EGO_STATUS -5.250000 41.345570 2.000000 1.570796 7.085927 1.000000 -5.880000
DYNAMIC_OBS_INFO 0 -5.750000 51.089334 1.570796 31.643321 -5.750000 73.664019 12.562178 1.274836
DYNAMIC_OBS_INFO 1 -1.750000 31.491851 1.570796 9.246811 -1.750000 33.465822 10.132518 2.626596
STATIC_OBS_INFO 0 -6.300000 60.033999 18.039933 
STATIC_OBS_INFO 1 -6.300000 64.723544 22.723168 
Parent: -17.922810 8.975351 91.000000 20.000000 13.650000 0.000000 -10.000000 2.758283 14.000000 0.000000 0 0 0 1 0 0 0 0
EGO_STATUS -5.250000 42.024649 2.100000 1.570796 6.497927 1.000000 -5.880000
DYNAMIC_OBS_INFO 0 -5.750000 51.089334 1.570796 32.285579 -5.750000 74.926611 12.689662 1.274836
DYNAMIC_OBS_INFO 1 -1.750000 31.491851 1.570796 8.872230 -1.750000 34.492207 10.395178 2.626596
STATIC_OBS_INFO 0 -6.300000 60.033999 17.420767 
STATIC_OBS_INFO 1 -6.300000 64.723544 22.103593 
Parent: 983.750194 20.972423 211.000000 12.335708 10265.150000 1.253264 -10.000000 4.962417 34.000000 0.000000 0 0 0 0 0 0 0 0
Child: 1.253264 8.355096 85.000000 0.000000 12.750000 0.000000 0.000000 0.000000 0.000000 0.000000 0 0 0 0 0 0 0 0
EGO_STATUS -5.250000 42.644904 2.200000 1.570796 5.909927 1.000000 -5.880000
DYNAMIC_OBS_INFO 0 -5.750000 51.089334 1.570796 32.969846 -5.750000 76.201951 12.817145 1.274836
DYNAMIC_OBS_INFO 1 -1.750000 31.491851 1.570796 8.449975 -1.750000 35.544858 10.657837 2.626596
STATIC_OBS_INFO 0 -6.300000 60.033999 16.830887 
STATIC_OBS_INFO 1 -6.300000 64.723544 21.513286 
Parent: -9.212344 7.764103 79.000000 0.000000 11.850000 0.000000 0.000000 2.623040 13.000000 0.000000 0 0 0 0 0 0 0 0
EGO_STATUS -5.250000 43.235897 2.300000 1.570796 5.909927 4.000000 0.000000
DYNAMIC_OBS_INFO 0 -5.750000 51.089334 1.570796 33.678165 -5.750000 77.490040 12.944629 1.274836
DYNAMIC_OBS_INFO 1 -1.750000 31.491851 1.570796 7.998260 -1.750000 36.623775 10.920497 2.626596
STATIC_OBS_INFO 0 -6.300000 60.033999 16.252366 
STATIC_OBS_INFO 1 -6.300000 64.723544 20.934306 
Parent: 984.473452 20.972423 211.000000 11.414602 10265.150000 1.077662 -10.000000 4.952830 33.000000 0.000000 0 0 0 0 0 0 0 0
Child: 1.077662 7.184413 73.000000 0.000000 10.950000 0.000000 0.000000 0.000000 0.000000 0.000000 0 0 0 0 0 0 0 0
EGO_STATUS -5.250000 43.815587 2.400000 1.570796 5.684999 7.000000 -2.249270
DYNAMIC_OBS_INFO 0 -5.750000 51.089334 1.570796 34.410423 -5.750000 78.790877 13.072113 1.274836
DYNAMIC_OBS_INFO 1 -1.750000 31.491851 1.570796 7.519358 -1.750000 37.728957 11.183156 2.626596
STATIC_OBS_INFO 0 -6.300000 60.033999 15.685096 
STATIC_OBS_INFO 1 -6.300000 64.723544 20.366542 
Parent: 975.288177 20.972423 211.000000 11.414602 10265.150000 -9.007613 -10.000000 4.852830 32.000000 0.000000 0 0 0 0 0 0 0 0
Child: -9.007613 6.615913 68.000000 0.000000 10.200000 0.000000 -10.000000 0.000000 0.000000 0.000000 0 0 0 0 0 0 0 0
EGO_STATUS -5.250000 44.384087 2.500000 1.570796 5.684999 4.000000 0.000000
DYNAMIC_OBS_INFO 0 -5.750000 51.089334 1.570796 35.155431 -5.750000 80.104462 13.199596 1.274836
DYNAMIC_OBS_INFO 1 -1.750000 31.491851 1.570796 7.025999 -1.750000 38.860406 11.445816 2.626596
STATIC_OBS_INFO 0 -6.300000 60.033999 15.117920 
STATIC_OBS_INFO 1 -6.300000 64.723544 19.798819 
Parent: 975.102902 20.972423 211.000000 11.414602 10265.150000 -9.092888 -10.000000 4.752830 32.000000 0.000000 0 0 0 0 0 0 0 0
Child: -9.092888 6.047413 62.000000 0.000000 9.300000 0.000000 -10.000000 0.000000 0.000000 0.000000 0 0 0 0 0 0 0 0
EGO_STATUS -5.250000 44.952587 2.600000 1.570796 5.684999 4.000000 0.000000
DYNAMIC_OBS_INFO 0 -5.750000 51.089334 1.570796 35.913190 -5.750000 81.430796 13.327080 1.274836
DYNAMIC_OBS_INFO 1 -1.750000 31.491851 1.570796 6.521705 -1.750000 40.018120 11.708476 2.626596
STATIC_OBS_INFO 0 -6.300000 60.033999 14.550846 
STATIC_OBS_INFO 1 -6.300000 64.723544 19.231143 
Parent: 975.917627 20.972423 211.000000 11.414602 10265.150000 -9.178163 -10.000000 4.652830 31.000000 0.000000 0 0 0 0 0 0 0 0
Child: -9.178163 5.478913 56.000000 0.000000 8.400000 0.000000 -10.000000 0.000000 0.000000 0.000000 0 0 0 0 0 0 0 0
EGO_STATUS -5.250000 45.521087 2.700000 1.570796 5.684999 4.000000 0.000000
DYNAMIC_OBS_INFO 0 -5.750000 51.089334 1.570796 36.683699 -5.750000 82.769878 13.454563 1.274836
DYNAMIC_OBS_INFO 1 -1.750000 31.491851 1.570796 6.011449 -1.750000 41.202101 11.971135 2.626596
STATIC_OBS_INFO 0 -6.300000 60.033999 13.983888 
STATIC_OBS_INFO 1 -6.300000 64.723544 18.663517 
Parent: 976.732352 20.972423 211.000000 11.414602 10265.150000 -9.263438 -10.000000 4.552830 30.000000 0.000000 0 0 0 0 0 0 0 0
Child: -9.263438 4.910413 51.000000 0.000000 7.650000 0.000000 -10.000000 0.000000 0.000000 0.000000 0 0 0 0 0 0 0 0
EGO_STATUS -5.250000 46.089587 2.800000 1.570796 5.684999 4.000000 0.000000
DYNAMIC_OBS_INFO 0 -5.750000 51.089334 1.570796 37.466959 -5.750000 84.121709 13.582047 1.274836
DYNAMIC_OBS_INFO 1 -1.750000 31.491851 1.570796 5.502390 -1.750000 42.412347 12.233795 2.626596
STATIC_OBS_INFO 0 -6.300000 60.033999 13.417061 
STATIC_OBS_INFO 1 -6.300000 64.723544 18.095946 
Parent: 976.547077 20.972423 211.000000 11.414602 10265.150000 -9.348713 -10.000000 4.452830 30.000000 0.000000 0 0 0 0 0 0 0 0
Child: -9.348713 4.341913 45.000000 0.000000 6.750000 0.000000 -10.000000 0.000000 0.000000 0.000000 0 0 0 0 0 0 0 0
EGO_STATUS -5.250000 46.658087 2.900000 1.570796 5.684999 4.000000 0.000000
DYNAMIC_OBS_INFO 0 -5.750000 51.089334 1.570796 38.262968 -5.750000 85.486288 13.709530 1.274836
DYNAMIC_OBS_INFO 1 -1.750000 31.491851 1.570796 5.005010 -1.750000 43.648860 12.496454 2.626596
STATIC_OBS_INFO 0 -6.300000 60.033999 12.850382 
STATIC_OBS_INFO 1 -6.300000 64.723544 17.528434 
Parent: -5.173737 3.773413 39.000000 20.000000 5.850000 0.000000 0.000000 1.325167 9.000000 0.000000 0 0 0 1 0 0 0 0
EGO_STATUS -5.250000 47.226587 3.000000 1.570796 5.684999 4.000000 0.000000
DYNAMIC_OBS_INFO 0 -5.750000 51.089334 1.570796 39.093332 -5.750000 86.863615 13.837014 1.274836
DYNAMIC_OBS_INFO 1 -1.750000 31.491851 1.570796 4.521078 -1.750000 44.911638 12.759114 2.626596
STATIC_OBS_INFO 0 -6.300000 60.033999 12.305397 
STATIC_OBS_INFO 1 -6.300000 64.723544 16.982554 
Parent: -15.392829 3.226519 34.000000 20.000000 5.100000 0.000000 -10.000000 1.225241 9.000000 0.000000 0 0 0 1 0 0 0 0
EGO_STATUS -5.250000 47.773481 3.100000 1.570796 5.256752 7.000000 -4.282478
DYNAMIC_OBS_INFO 0 -5.750000 51.089334 1.570796 39.979110 -5.750000 88.253690 13.964498 1.274836
DYNAMIC_OBS_INFO 1 -1.750000 31.491851 1.570796 4.069893 -1.750000 46.200683 13.021774 2.626596
STATIC_OBS_INFO 0 -6.300000 60.033999 11.803088 
STATIC_OBS_INFO 1 -6.300000 64.723544 16.479322 
Parent: -14.588957 2.722293 29.000000 20.000000 4.350000 0.000000 -10.000000 1.125256 8.000000 0.000000 0 0 0 1 0 0 0 0
EGO_STATUS -5.250000 48.277707 3.200000 1.570796 4.828530 7.000000 -4.282222
DYNAMIC_OBS_INFO 0 -5.750000 51.089334 1.570796 40.920681 -5.750000 89.656514 14.091981 1.274836
DYNAMIC_OBS_INFO 1 -1.750000 31.491851 1.570796 3.707489 -1.750000 47.515993 13.284433 2.626596
STATIC_OBS_INFO 0 -6.300000 60.033999 11.343810 
STATIC_OBS_INFO 1 -6.300000 64.723544 16.019105 
Parent: -14.751199 2.261112 24.000000 20.000000 3.600000 0.000000 -10.000000 1.025375 8.000000 0.000000 0 0 0 1 0 0 0 0
EGO_STATUS -5.250000 48.738888 3.300000 1.570796 4.400313 7.000000 -4.282162
DYNAMIC_OBS_INFO 0 -5.750000 51.089334 1.570796 41.917765 -5.750000 91.072087 14.219465 1.274836
DYNAMIC_OBS_INFO 1 -1.750000 31.491851 1.570796 3.512811 -1.750000 48.857569 13.547093 2.626596
STATIC_OBS_INFO 0 -6.300000 60.033999 10.927260 
STATIC_OBS_INFO 1 -6.300000 64.723544 15.601613 
Parent: -13.955420 1.842696 20.000000 20.000000 3.000000 0.000000 -10.000000 0.925479 7.000000 0.000000 0 0 0 1 0 0 0 0
EGO_STATUS -5.250000 49.157304 3.400000 1.570796 3.972147 7.000000 -4.281667
DYNAMIC_OBS_INFO 0 -5.750000 51.089334 1.570796 42.970514 -5.750000 92.500407 14.346948 1.274836
DYNAMIC_OBS_INFO 1 -1.750000 31.491851 1.570796 3.567872 -1.750000 50.225412 13.809752 2.626596
STATIC_OBS_INFO 0 -6.300000 60.033999 10.553560 
STATIC_OBS_INFO 1 -6.300000 64.723544 15.226987 
Parent: -14.120270 1.467198 16.000000 20.000000 2.400000 0.000000 -10.000000 0.825653 7.000000 0.000000 0 0 0 1 0 0 0 0
EGO_STATUS -5.250000 49.532802 3.500000 1.570796 3.544028 7.000000 -4.281185
DYNAMIC_OBS_INFO 0 -5.750000 51.089334 1.570796 44.079000 -5.750000 93.941476 14.474432 1.274836
DYNAMIC_OBS_INFO 1 -1.750000 31.491851 1.570796 3.915002 -1.750000 51.619520 14.072412 2.626596
STATIC_OBS_INFO 0 -6.300000 60.033999 10.222753 
STATIC_OBS_INFO 1 -6.300000 64.723544 14.895286 
Parent: -14.358156 1.134687 13.000000 20.000000 1.950000 0.000000 -10.000000 0.725968 7.000000 0.000000 0 0 0 1 0 0 0 0
EGO_STATUS -5.250000 49.865313 3.600000 1.570796 3.116000 7.000000 -4.280281
DYNAMIC_OBS_INFO 0 -5.750000 51.089334 1.570796 45.242792 -5.750000 95.395294 14.601915 1.274836
DYNAMIC_OBS_INFO 1 -1.750000 31.491851 1.570796 4.535536 -1.750000 53.039894 14.335072 2.626596
STATIC_OBS_INFO 0 -6.300000 60.033999 9.934379 
STATIC_OBS_INFO 1 -6.300000 64.723544 14.606069 
Parent: -13.557662 0.844735 10.000000 20.000000 1.500000 0.000000 -10.000000 0.626157 6.000000 0.000000 0 0 0 1 0 0 0 0
EGO_STATUS -5.250000 50.155265 3.700000 1.570796 2.688157 7.000000 -4.278428
DYNAMIC_OBS_INFO 0 -5.750000 51.089334 1.570796 46.462902 -5.750000 96.861859 14.729399 1.274836
DYNAMIC_OBS_INFO 1 -1.750000 31.491851 1.570796 5.379247 -1.750000 54.486534 14.597731 2.626596
STATIC_OBS_INFO 0 -6.300000 60.033999 9.689411 
STATIC_OBS_INFO 1 -6.300000 64.723544 14.360335 
Parent: -13.673590 0.598352 7.000000 20.000000 1.050000 0.000000 -10.000000 0.527080 6.000000 0.000000 0 0 0 1 0 0 0 0
EGO_STATUS -5.250000 50.401648 3.800000 1.570796 2.260444 7.000000 -4.277133
DYNAMIC_OBS_INFO 0 -5.750000 51.089334 1.570796 47.737751 -5.750000 98.341173 14.856882 1.274836
DYNAMIC_OBS_INFO 1 -1.750000 31.491851 1.570796 6.396005 -1.750000 55.959440 14.860391 2.626596
STATIC_OBS_INFO 0 -6.300000 60.033999 9.486248 
STATIC_OBS_INFO 1 -6.300000 64.723544 14.156496 
Parent: -13.937661 0.393959 5.000000 20.000000 0.750000 0.000000 -10.000000 0.427408 6.000000 0.000000 0 0 0 1 0 0 0 0
EGO_STATUS -5.250000 50.606041 3.900000 1.570796 1.833479 7.000000 -4.269648
DYNAMIC_OBS_INFO 0 -5.750000 51.089334 1.570796 49.070222 -5.750000 99.833236 14.984366 1.274836
DYNAMIC_OBS_INFO 1 -1.750000 31.491851 1.570796 7.552942 -1.750000 57.458612 15.123050 2.626596
STATIC_OBS_INFO 0 -6.300000 60.033999 9.327724 
STATIC_OBS_INFO 1 -6.300000 64.723544 13.997420 
Parent: -14.461712 0.234438 4.000000 20.000000 0.600000 0.000000 -10.000000 0.330931 6.000000 0.000000 0 0 0 1 0 0 0 0
EGO_STATUS -5.250000 50.765562 4.000000 1.570796 1.406843 7.000000 -4.266364
DYNAMIC_OBS_INFO 0 -5.750000 51.089334 1.570796 50.459637 -5.750000 101.338047 15.111850 1.274836
DYNAMIC_OBS_INFO 1 -1.750000 31.491851 1.570796 8.826735 -1.750000 58.984050 15.385710 2.626596
STATIC_OBS_INFO 0 -6.300000 60.033999 9.213141 
STATIC_OBS_INFO 1 -6.300000 64.723544 13.882423 
Parent: -14.948560 0.119113 3.000000 20.000000 0.450000 0.000000 -10.000000 0.239484 6.000000 0.000000 0 0 0 1 0 0 0 0
EGO_STATUS -5.250000 50.880887 4.100000 1.570796 0.984748 7.000000 -4.220952
DYNAMIC_OBS_INFO 0 -5.750000 51.089334 1.570796 51.908161 -5.750000 102.855606 15.239333 1.274836
DYNAMIC_OBS_INFO 1 -1.750000 31.491851 1.570796 10.204877 -1.750000 60.535754 15.648370 2.626596
STATIC_OBS_INFO 0 -6.300000 60.033999 9.144627 
STATIC_OBS_INFO 1 -6.300000 64.723544 13.813655 
Parent: -15.320359 0.050147 2.000000 20.000000 0.300000 0.000000 -10.000000 0.170647 6.000000 0.000000 0 0 0 1 0 0 0 0
EGO_STATUS -5.250000 50.949853 4.200000 1.570796 0.577728 7.000000 -4.070192
DYNAMIC_OBS_INFO 0 -5.750000 51.089334 1.570796 53.409015 -5.750000 104.385913 15.366817 1.274836
DYNAMIC_OBS_INFO 1 -1.750000 31.491851 1.570796 11.671622 -1.750000 62.113724 15.911029 2.626596
STATIC_OBS_INFO 0 -6.300000 60.033999 9.115436 
STATIC_OBS_INFO 1 -6.300000 64.723544 13.784354 
Parent: -15.834081 0.020761 2.000000 0.000000 0.300000 0.000000 -10.000000 0.162805 6.000000 0.000000 0 0 0 0 0 0 0 0
EGO_STATUS -5.250000 50.979239 4.300000 1.570796 0.245037 7.000000 -3.326909
DYNAMIC_OBS_INFO 0 -5.750000 51.089334 1.570796 54.939253 -5.750000 105.928969 15.494300 1.274836
DYNAMIC_OBS_INFO 1 -1.750000 31.491851 1.570796 13.198496 -1.750000 63.717960 16.173689 2.626596
STATIC_OBS_INFO 0 -6.300000 60.033999 9.102769 
STATIC_OBS_INFO 1 -6.300000 64.723544 13.771639 
Parent: 29299.176003 10.217552 104.000000 3126.842842 166114.800000 12713.260068 -10.000000 4.653542 36.000000 0.000000 1 0 1 0 1 0 0 0
Child: 12713.260068 22.084438 222.000000 3136.353929 124661.500000 0.000000 0.000000 0.000000 0.000000 0.000000 1 0 1 0 1 0 0 0
EGO_STATUS -5.250000 50.991991 4.400000 1.570796 0.100670 7.000000 -1.443671
DYNAMIC_OBS_INFO 0 -5.750000 51.089334 1.570796 56.451294 -5.750000 107.484773 15.621784 1.274836
DYNAMIC_OBS_INFO 1 -1.750000 31.491851 1.570796 14.734494 -1.750000 65.348462 16.436348 2.626596
STATIC_OBS_INFO 0 -6.300000 60.033999 9.059359 
STATIC_OBS_INFO 1 -6.300000 64.723544 13.728064 
Parent: 29276.763500 10.217552 104.000000 3126.788332 166114.800000 12689.954300 -10.000000 4.552162 35.000000 0.000000 1 0 1 0 1 0 0 0
Child: 12689.954300 22.040661 222.000000 3136.265164 124781.400000 0.000000 -10.000000 0.000000 0.000000 0.000000 1 0 1 0 1 0 0 0
EGO_STATUS -5.250000 51.035694 4.500000 1.570796 0.394670 0.000000 2.940000
DYNAMIC_OBS_INFO 0 -5.750000 51.089334 1.570796 57.956934 -5.750000 109.053326 15.749267 1.274836
DYNAMIC_OBS_INFO 1 -1.750000 31.491851 1.570796 16.287188 -1.750000 67.005230 16.699008 2.626596
STATIC_OBS_INFO 0 -6.300000 60.033999 8.996931 
STATIC_OBS_INFO 1 -6.300000 64.723544 13.665394 
Parent: 29285.850927 10.217552 104.000000 3126.763223 166114.800000 12699.144829 -10.000000 4.451527 35.000000 0.000000 1 0 1 0 1 0 0 0
Child: 12699.144829 21.977737 221.000000 3136.214588 124662.250000 0.000000 -10.000000 0.000000 0.000000 0.000000 1 0 1 0 1 0 0 0
EGO_STATUS -5.250000 51.098549 4.600000 1.570796 0.688670 0.000000 2.940000
DYNAMIC_OBS_INFO 0 -5.750000 51.089334 1.570796 59.452214 -5.750000 110.634627 15.876751 1.274836
DYNAMIC_OBS_INFO 1 -1.750000 31.491851 1.570796 17.850244 -1.750000 68.688263 16.961668 2.626596
STATIC_OBS_INFO 0 -6.300000 60.033999 8.911558 
STATIC_OBS_INFO 1 -6.300000 64.723544 13.579683 
Parent: 29095.253724 10.217552 104.000000 3126.756241 166114.800000 12508.648489 -10.000000 4.351350 35.000000 0.000000 1 0 1 0 1 0 0 0
Child: 12508.648489 21.891735 220.000000 3136.191939 122669.400000 0.000000 -10.000000 0.000000 0.000000 0.000000 1 0 1 0 1 0 0 0
EGO_STATUS -5.250000 51.184515 4.700000 1.570796 0.982670 0.000000 2.940000
DYNAMIC_OBS_INFO 0 -5.750000 51.089334 1.570796 60.932285 -5.750000 112.228676 16.004235 1.274836
DYNAMIC_OBS_INFO 1 -1.750000 31.491851 1.570796 19.417168 -1.750000 70.397563 17.224327 2.626596
STATIC_OBS_INFO 0 -6.300000 60.033999 8.798435 
STATIC_OBS_INFO 1 -6.300000 64.723544 13.466100 
Parent: 29284.993705 10.217552 104.000000 3126.753390 166114.800000 12698.488823 -10.000000 4.251278 35.000000 0.000000 1 0 1 0 1 0 0 0
Child: 12698.488823 21.777774 219.000000 3136.194586 124661.950000 0.000000 -10.000000 0.000000 0.000000 0.000000 1 0 1 0 1 0 0 0
EGO_STATUS -5.250000 51.298442 4.800000 1.570794 1.276670 0.000000 2.940000
DYNAMIC_OBS_INFO 0 -5.750000 51.089334 1.570796 62.395222 -5.750000 113.835474 16.131718 1.274836
DYNAMIC_OBS_INFO 1 -1.750000 31.491851 1.570796 20.984810 -1.750000 72.133129 17.486987 2.626596
STATIC_OBS_INFO 0 -6.300000 60.033999 8.655667 
STATIC_OBS_INFO 1 -6.300000 64.723544 13.322730 
Parent: 29270.752780 10.217552 104.000000 3126.749041 166114.800000 12684.348435 -10.000000 4.151168 35.000000 0.000000 1 0 1 0 1 0 0 0
Child: 12684.348435 21.633890 218.000000 3136.185964 124782.000000 0.000000 -10.000000 0.000000 0.000000 0.000000 1 0 1 0 1 0 0 0
EGO_STATUS -5.249999 51.442255 4.900000 1.570789 1.570670 0.000000 2.940000
DYNAMIC_OBS_INFO 0 -5.750000 51.089334 1.570796 63.842082 -5.750000 115.455020 16.259202 1.274836
DYNAMIC_OBS_INFO 1 -1.750000 31.491851 1.570796 22.553298 -1.750000 73.894961 17.749646 2.626596
STATIC_OBS_INFO 0 -6.300000 60.033999 8.484327 
STATIC_OBS_INFO 1 -6.300000 64.723544 13.150633 
Parent: 29285.144415 10.217552 104.000000 3126.746378 166114.800000 12698.840399 -10.000000 4.051100 35.000000 0.000000 1 0 1 0 1 0 0 0
Child: 12698.840399 21.461194 216.000000 3136.182248 124774.200000 0.000000 -10.000000 0.000000 0.000000 0.000000 1 0 1 0 1 0 0 0
EGO_STATUS -5.249996 51.614896 5.000000 1.570771 1.864670 0.000000 2.940000
DYNAMIC_OBS_INFO 0 -5.750000 51.089334 1.570796 65.273131 -5.750000 117.087314 16.386685 1.274836
DYNAMIC_OBS_INFO 1 -1.750000 31.491851 1.570796 24.122224 -1.750000 75.683058 18.012306 2.626596
STATIC_OBS_INFO 0 -6.300000 60.033999 8.284710 
STATIC_OBS_INFO 1 -6.300000 64.723544 12.950084 
Parent: 29283.558963 10.217552 104.000000 3126.746283 166114.800000 12697.354959 -10.000000 3.951098 35.000000 0.000000 1 0 1 0 1 0 0 0
Child: 12697.354959 21.259994 214.000000 3136.182320 124774.200000 0.000000 -10.000000 0.000000 0.000000 0.000000 1 0 1 0 1 0 0 0
EGO_STATUS -5.249987 51.816098 5.100000 1.570726 2.158670 0.000000 2.940000
DYNAMIC_OBS_INFO 0 -5.750000 51.089334 1.570796 66.687052 -5.750000 118.732357 16.514169 1.274836
DYNAMIC_OBS_INFO 1 -1.750000 31.491851 1.570796 25.689775 -1.750000 77.497422 18.274966 2.626596
STATIC_OBS_INFO 0 -6.300000 60.033999 8.055549 
STATIC_OBS_INFO 1 -6.300000 64.723544 12.719780 
Parent: 29275.545449 10.217552 104.000000 3126.744652 166114.800000 12688.441646 -10.000000 3.851057 34.000000 0.000000 1 0 1 0 1 0 0 0
Child: 12688.441646 21.028858 212.000000 3136.170862 124881.700000 0.000000 -10.000000 0.000000 0.000000 0.000000 1 0 1 0 1 0 0 0
EGO_STATUS -5.249959 52.047179 5.200000 1.570617 2.452670 0.000000 2.940000
DYNAMIC_OBS_INFO 0 -5.750000 51.089334 1.570796 68.084369 -5.750000 120.390148 16.641652 1.274836
DYNAMIC_OBS_INFO 1 -1.750000 31.491851 1.570796 27.256075 -1.750000 79.338051 18.537625 2.626596
STATIC_OBS_INFO 0 -6.300000 60.033999 7.797419 
STATIC_OBS_INFO 1 -6.300000 64.723544 12.460257 
Parent: 29287.283099 10.217552 104.000000 3126.743136 166114.800000 12700.279483 -10.000000 3.751018 34.000000 0.000000 1 0 1 0 1 0 0 0
Child: 12700.279483 20.768362 209.000000 3136.169309 124772.250000 0.000000 -10.000000 0.000000 0.000000 0.000000 1 0 1 0 1 0 0 0
EGO_STATUS -5.249883 52.307616 5.300000 1.570381 2.746670 0.000000 2.940000
DYNAMIC_OBS_INFO 0 -5.750000 51.089334 1.570796 69.465353 -5.750000 122.060687 16.769136 1.274836
DYNAMIC_OBS_INFO 1 -1.750000 31.491851 1.570796 28.821082 -1.750000 81.204947 18.800285 2.626596
STATIC_OBS_INFO 0 -6.300000 60.033999 7.510663 
STATIC_OBS_INFO 1 -6.300000 64.723544 12.171808 
Parent: 29281.349506 10.217552 104.000000 3126.742661 166114.800000 12694.445949 -10.000000 3.651006 34.000000 0.000000 1 0 1 0 1 0 0 0
Child: 12694.445949 20.478830 206.000000 3136.163024 124660.000000 0.000000 -10.000000 0.000000 0.000000 0.000000 1 0 1 0 1 0 0 0
EGO_STATUS -5.249700 52.597136 5.400000 1.569915 3.040670 0.000000 2.940000
DYNAMIC_OBS_INFO 0 -5.750000 51.089334 1.570796 70.829642 -5.750000 123.743975 16.896620 1.274836
DYNAMIC_OBS_INFO 1 -1.750000 31.491851 1.570796 30.384182 -1.750000 83.098108 19.062944 2.626596
STATIC_OBS_INFO 0 -6.300000 60.033999 7.195029 
STATIC_OBS_INFO 1 -6.300000 64.723544 11.854099 
Parent: 29279.359163 10.217552 104.000000 3126.742012 166114.800000 12692.555686 -10.000000 3.550990 34.000000 0.000000 1 0 1 0 1 0 0 0
Child: 12692.555686 20.159836 203.000000 3136.166311 124772.550000 0.000000 -10.000000 0.000000 0.000000 0.000000 1 0 1 0 1 0 0 0
EGO_STATUS -5.249289 52.916103 5.500000 1.569049 3.334670 0.000000 2.940000
DYNAMIC_OBS_INFO 0 -5.750000 51.089334 1.570796 72.177207 -5.750000 125.440011 17.024103 1.274836
DYNAMIC_OBS_INFO 1 -1.750000 31.491851 1.570796 31.945129 -1.750000 85.017536 19.325604 2.626596
STATIC_OBS_INFO 0 -6.300000 60.033999 6.850641 
STATIC_OBS_INFO 1 -6.300000 64.723544 11.507146 
Parent: 29237.696324 10.217552 104.000000 3053.205616 166114.800000 12655.711310 -10.000000 4.957161 33.000000 0.000000 1 0 1 0 0 0 0 0
Child: 12655.711310 19.811341 200.000000 3079.386954 124682.900000 0.000000 0.000000 0.000000 0.000000 0.000000 1 0 1 0 1 0 0 0
EGO_STATUS -5.248429 53.264547 5.600000 1.567531 3.628670 0.000000 2.940000
DYNAMIC_OBS_INFO 0 -5.750000 51.089334 1.570796 73.518130 -5.750000 127.148796 17.151587 1.274836
DYNAMIC_OBS_INFO 1 -1.750000 31.491851 1.570796 33.513767 -1.750000 86.963229 19.588264 2.626596
STATIC_OBS_INFO 0 -6.300000 60.033999 6.487670 
STATIC_OBS_INFO 1 -6.300000 64.723544 11.141049 
Parent: 29255.457069 10.217552 104.000000 3053.205507 166114.800000 12673.572079 -10.000000 4.857148 33.000000 0.000000 1 0 1 0 0 0 0 0
Child: 12673.572079 19.443460 196.000000 3079.377761 124777.500000 0.000000 -10.000000 0.000000 0.000000 0.000000 1 0 1 0 1 0 0 0
EGO_STATUS -5.246799 53.632388 5.700000 1.565090 3.726670 2.000000 0.980000
DYNAMIC_OBS_INFO 0 -5.750000 51.089334 1.570796 74.862036 -5.750000 128.870329 17.279070 1.274836
DYNAMIC_OBS_INFO 1 -1.750000 31.491851 1.570796 35.099524 -1.750000 88.935188 19.850923 2.626596
STATIC_OBS_INFO 0 -6.300000 60.033999 6.115856 
STATIC_OBS_INFO 1 -6.300000 64.723544 10.765460 
Parent: 29268.400378 10.217552 104.000000 3053.205430 166114.800000 12685.615405 -10.000000 4.757138 32.000000 0.000000 1 0 1 0 0 0 0 0
Child: 12685.615405 19.065813 192.000000 3079.381106 124770.300000 0.000000 -10.000000 0.000000 0.000000 0.000000 1 0 1 0 1 0 0 0
EGO_STATUS -5.243988 54.010002 5.800000 1.561463 3.824670 2.000000 0.980000
DYNAMIC_OBS_INFO 0 -5.750000 51.089334 1.570796 76.208943 -5.750000 130.604610 17.406554 1.274836
DYNAMIC_OBS_INFO 1 -1.750000 31.491851 1.570796 36.702288 -1.750000 90.933414 20.113583 2.626596
STATIC_OBS_INFO 0 -6.300000 60.033999 5.735534 
STATIC_OBS_INFO 1 -6.300000 64.723544 10.380489 
Parent: 29263.768289 10.217552 104.000000 3053.205395 166114.800000 12681.083324 -10.000000 4.657134 32.000000 0.000000 1 0 1 0 0 0 0 0
Child: 12681.083324 18.678409 188.000000 3079.383143 124657.600000 0.000000 -10.000000 0.000000 0.000000 0.000000 1 0 1 0 1 0 0 0
EGO_STATUS -5.239415 54.397377 5.900000 1.556314 3.922670 2.000000 0.980000
DYNAMIC_OBS_INFO 0 -5.750000 51.089334 1.570796 77.558879 -5.750000 132.351639 17.534037 1.274836
DYNAMIC_OBS_INFO 1 -1.750000 31.491851 1.570796 38.321964 -1.750000 92.957905 20.376242 2.626596
STATIC_OBS_INFO 0 -6.300000 60.033999 5.347187 
STATIC_OBS_INFO 1 -6.300000 64.723544 9.986295 
Parent: 29263.759521 10.217552 104.000000 3053.205408 166114.800000 12681.174553 -10.000000 4.557136 32.000000 0.000000 1 0 1 0 0 0 0 0
Child: 12681.174553 18.281257 184.000000 3079.383320 124656.700000 0.000000 -10.000000 0.000000 0.000000 0.000000 1 0 1 0 1 0 0 0
EGO_STATUS -5.232323 54.794488 6.000000 1.549278 4.020670 2.000000 0.980000
DYNAMIC_OBS_INFO 0 -5.750000 51.089334 1.570796 78.911851 -5.750000 134.111417 17.661521 1.274836
DYNAMIC_OBS_INFO 1 -1.750000 31.491851 1.570796 39.958432 -1.750000 95.008662 20.638902 2.626596
STATIC_OBS_INFO 0 -6.300000 60.033999 4.951495 
STATIC_OBS_INFO 1 -6.300000 64.723544 9.583065 
CRASH -5.221734 55.201335 6.000000
Parent: 29219.181282 10.217552 104.000000 3053.205403 166114.800000 12635.696315 -10.000000 4.457135 31.000000 0.000000 1 0 1 0 0 0 0 0
Child: 12635.696315 17.874284 180.000000 3079.381679 124267.000000 0.000000 -10.000000 0.000000 0.000000 0.000000 1 0 1 0 1 0 0 0
EGO_STATUS -5.221734 55.201335 6.100000 1.539951 4.118670 2.000000 0.980000
DYNAMIC_OBS_INFO 0 -5.750000 51.089334 1.570796 80.267928 -5.750000 135.883944 17.789005 1.274836
DYNAMIC_OBS_INFO 1 -1.750000 31.491851 1.570796 41.611631 -1.750000 97.085685 20.901562 2.626596
STATIC_OBS_INFO 0 -6.300000 60.033999 4.549527 
STATIC_OBS_INFO 1 -6.300000 64.723544 9.171119 
CRASH -5.206439 55.617856 6.100000
Parent: 1945.306417 10.000000 101.000000 20.000000 2600.750000 1722.603816 -10.000000 4.222403 31.000000 0.000000 0 0 1 0 0 0 0 0
Child: 1722.603816 16.540539 167.000000 3047.421921 14445.650000 0.000000 -10.000000 0.000000 0.000000 0.000000 1 0 1 0 0 0 0 0
EGO_STATUS -5.206439 55.617856 6.200000 1.527920 4.216670 2.000000 0.980000
DYNAMIC_OBS_INFO 0 -5.750000 51.089334 1.570796 81.627243 -5.750000 137.669218 17.916488 1.274836
DYNAMIC_OBS_INFO 1 -1.750000 31.491851 1.570796 43.281566 -1.750000 99.188974 21.164221 2.626596
STATIC_OBS_INFO 0 -6.300000 60.033999 4.142933 
STATIC_OBS_INFO 1 -6.300000 64.723544 8.750939 
CRASH -5.184990 56.043930 6.200000
Parent: 1914.714300 10.000000 101.000000 20.000000 2600.750000 1691.111707 -10.000000 4.122395 30.000000 0.000000 0 0 1 0 0 0 0 0
Child: 1691.111707 16.113906 163.000000 3047.422179 14160.150000 0.000000 -10.000000 0.000000 0.000000 0.000000 1 0 1 0 0 0 0 0
EGO_STATUS -5.184990 56.043930 6.300000 1.512775 4.314670 2.000000 0.980000
DYNAMIC_OBS_INFO 0 -5.750000 51.089334 1.570796 82.990006 -5.750000 139.467241 18.043972 1.274836
DYNAMIC_OBS_INFO 1 -1.750000 31.491851 1.570796 44.968317 -1.750000 101.318529 21.426881 2.626596
STATIC_OBS_INFO 0 -6.300000 60.033999 3.734284 
STATIC_OBS_INFO 1 -6.300000 64.723544 8.323218 
CRASH -5.155690 56.479363 6.300000
Parent: 1634.599818 10.000000 101.000000 20.000000 2055.350000 1454.199047 0.000000 4.920573 30.000000 0.000000 0 0 1 0 0 0 0 0
Child: 1454.199047 15.057154 152.000000 7.649055 14672.300000 0.000000 0.000000 0.000000 0.000000 0.000000 0 0 0 0 0 0 0 0
EGO_STATUS -5.155690 56.479363 6.400000 1.494163 4.412670 2.000000 0.980000
DYNAMIC_OBS_INFO 0 -5.750000 51.089334 1.570796 84.361457 -5.750000 141.278013 18.171455 1.274836
DYNAMIC_OBS_INFO 1 -1.750000 31.491851 1.570796 46.677025 -1.750000 103.474351 21.689540 2.626596
STATIC_OBS_INFO 0 -6.300000 60.033999 3.332099 
STATIC_OBS_INFO 1 -6.300000 64.723544 7.893746 
CRASH -5.117110 56.918930 6.400000
Parent: 1544.568630 10.000000 101.000000 20.000000 2600.750000 1310.128847 0.000000 4.959584 30.000000 0.000000 0 0 1 0 0 0 0 0
Child: 1310.128847 15.229297 154.000000 12.159383 13337.100000 0.000000 -10.000000 0.000000 0.000000 0.000000 0 0 0 0 0 0 0 0
EGO_STATUS -5.117110 56.918930 6.500000 1.472105 4.412670 4.000000 0.000000
DYNAMIC_OBS_INFO 0 -5.750000 51.089334 1.570796 85.746785 -5.750000 143.101532 18.298939 1.274836
DYNAMIC_OBS_INFO 1 -1.750000 31.491851 1.570796 48.412824 -1.750000 105.656438 21.952200 2.626596
STATIC_OBS_INFO 0 -6.300000 60.033999 2.946410 
STATIC_OBS_INFO 1 -6.300000 64.723544 7.468379 
CRASH -5.068148 57.357458 6.500000
Parent: 1830.785241 10.000000 101.000000 20.000000 2055.350000 1650.386081 0.000000 3.918962 29.000000 0.000000 0 0 0 1 0 0 0 0
Child: 1650.386081 14.185391 143.000000 3051.751247 13585.450000 0.000000 0.000000 0.000000 0.000000 0.000000 1 0 1 0 0 0 0 0
EGO_STATUS -5.068148 57.357458 6.600000 1.446952 4.412670 4.000000 0.000000
DYNAMIC_OBS_INFO 0 -5.750000 51.089334 1.570796 87.131765 -5.750000 144.937800 18.426422 1.274836
DYNAMIC_OBS_INFO 1 -1.750000 31.491851 1.570796 50.161312 -1.750000 107.864791 22.214860 2.626596
STATIC_OBS_INFO 0 -6.300000 60.033999 2.574087 
STATIC_OBS_INFO 1 -6.300000 64.723544 7.034499 
CRASH -5.005290 57.809218 6.600000
NO_CANDIDATE
EGO_STATUS -5.005290 57.809218 6.700000 1.418040 4.706670 0.000000 2.940000
DYNAMIC_OBS_INFO 0 -5.750000 51.089334 1.570796 88.000176 -5.750000 146.786817 18.553906 1.274836
DYNAMIC_OBS_INFO 1 -1.750000 31.491851 1.570796 51.399540 -1.750000 110.099409 22.477519 2.626596
STATIC_OBS_INFO 0 -6.300000 60.033999 1.933224 
STATIC_OBS_INFO 1 -6.300000 64.723544 6.114087 
CRASH -4.818879 58.791567 6.700000
NO_CANDIDATE
EGO_STATUS -4.818879 58.791567 6.800000 1.347241 5.294670 0.000000 2.940000
DYNAMIC_OBS_INFO 0 -5.750000 51.089334 1.570796 88.786975 -5.750000 148.648582 18.681390 1.274836
DYNAMIC_OBS_INFO 1 -1.750000 31.491851 1.570796 52.563647 -1.750000 112.360294 22.740179 2.626596
STATIC_OBS_INFO 0 -6.300000 60.033999 1.780939 
STATIC_OBS_INFO 1 -6.300000 64.723544 5.167341 
CRASH -4.526625 59.870035 6.800000
NO_CANDIDATE
EGO_STATUS -4.526625 59.870035 6.900000 1.265838 5.882670 0.000000 2.940000
DYNAMIC_OBS_INFO 0 -5.750000 51.089334 1.570796 89.505602 -5.750000 150.523095 18.808873 1.274836
DYNAMIC_OBS_INFO 1 -1.750000 31.491851 1.570796 53.666825 -1.750000 114.647445 23.002838 2.626596
STATIC_OBS_INFO 0 -6.300000 60.033999 2.407150 
STATIC_OBS_INFO 1 -6.300000 64.723544 4.291963 
Parent: 772.614354 10.376201 105.000000 10.160258 7927.550000 0.000000 0.000000 3.202200 15.000000 0.000000 0 0 0 0 0 0 0 0
EGO_STATUS -4.109722 61.032524 7.000000 1.191316 6.470670 0.000000 2.940000
DYNAMIC_OBS_INFO 0 -5.750000 51.089334 1.570796 90.813343 -5.750000 152.410356 18.936357 1.274836
DYNAMIC_OBS_INFO 1 -1.750000 31.491851 1.570796 55.384825 -1.750000 116.960862 23.265498 2.626596
STATIC_OBS_INFO 0 -6.300000 60.033999 2.902017 
STATIC_OBS_INFO 1 -6.300000 64.723544 3.945992 
Parent: 619.272258 9.743895 99.000000 6.186126 6507.750000 0.000000 -10.000000 3.149964 15.000000 0.000000 0 0 0 0 0 0 0 0
EGO_STATUS -3.867449 61.616528 7.100000 1.165594 6.176670 3.000000 -2.940000
DYNAMIC_OBS_INFO 0 -5.750000 51.089334 1.570796 92.166134 -5.750000 154.310366 19.063840 1.274836
DYNAMIC_OBS_INFO 1 -1.750000 31.491851 1.570796 57.162589 -1.750000 119.300545 23.528158 2.626596
STATIC_OBS_INFO 0 -6.300000 60.033999 3.422129 
STATIC_OBS_INFO 1 -6.300000 64.723544 3.698784 
Parent: 798.006207 20.109224 203.000000 4.335248 3190.050000 520.597455 -10.000000 4.972259 34.000000 0.000000 0 0 0 0 0 0 0 0
Child: 520.597455 9.140936 93.000000 14.315098 5282.250000 0.000000 0.000000 0.000000 0.000000 0.000000 0 0 0 0 0 0 0 0
EGO_STATUS -3.625321 62.168726 7.200000 1.151266 5.882670 3.000000 -2.940000
DYNAMIC_OBS_INFO 0 -5.750000 51.089334 1.570796 93.547676 -5.750000 156.223124 19.191324 1.274836
DYNAMIC_OBS_INFO 1 -1.750000 31.491851 1.570796 58.983775 -1.750000 121.666494 23.790817 2.626596
STATIC_OBS_INFO 0 -6.300000 60.033999 3.954405 
STATIC_OBS_INFO 1 -6.300000 64.723544 3.546008 
Parent: 684.094148 20.435104 206.000000 8.467514 3155.100000 409.342071 -10.000000 4.927653 34.000000 0.000000 0 0 0 0 0 0 0 0
Child: 409.342071 8.552656 87.000000 14.314335 4251.350000 0.000000 -10.000000 0.000000 0.000000 0.000000 0 0 0 0 0 0 0 0
EGO_STATUS -3.384331 62.705365 7.300000 1.147920 5.882670 4.000000 0.000000
DYNAMIC_OBS_INFO 0 -5.750000 51.089334 1.570796 94.941883 -5.750000 158.148631 19.318807 1.274836
DYNAMIC_OBS_INFO 1 -1.750000 31.491851 1.570796 60.832187 -1.750000 124.058708 24.053477 2.626596
STATIC_OBS_INFO 0 -6.300000 60.033999 4.500212 
STATIC_OBS_INFO 1 -6.300000 64.723544 3.485808 
Parent: 557.764054 20.435104 206.000000 8.467514 3155.100000 282.111979 -10.000000 4.827651 33.000000 0.000000 0 0 0 0 0 0 0 0
Child: 282.111979 7.964376 81.000000 14.313160 2956.550000 0.000000 -10.000000 0.000000 0.000000 0.000000 0 0 0 0 0 0 0 0
EGO_STATUS -3.144467 63.242507 7.400000 1.155436 5.882670 4.000000 0.000000
DYNAMIC_OBS_INFO 0 -5.750000 51.089334 1.570796 96.346018 -5.750000 160.086886 19.446291 1.274836
DYNAMIC_OBS_INFO 1 -1.750000 31.491851 1.570796 62.705260 -1.750000 126.477189 24.316136 2.626596
STATIC_OBS_INFO 0 -6.300000 60.033999 5.053146 
STATIC_OBS_INFO 1 -6.300000 64.723544 3.516648 
Parent: 429.976222 20.435104 206.000000 8.467514 3155.100000 154.424150 -10.000000 4.727649 33.000000 0.000000 0 0 0 0 0 0 0 0
Child: 154.424150 7.376096 75.000000 14.311639 1657.550000 0.000000 -10.000000 0.000000 0.000000 0.000000 0 0 0 0 0 0 0 0
EGO_STATUS -2.911548 63.782688 7.500000 1.173575 5.882670 4.000000 0.000000
DYNAMIC_OBS_INFO 0 -5.750000 51.089334 1.570796 97.757652 -5.750000 162.037889 19.573775 1.274836
DYNAMIC_OBS_INFO 1 -1.750000 31.491851 1.570796 64.600689 -1.750000 128.921935 24.578796 2.626596
STATIC_OBS_INFO 0 -6.300000 60.033999 5.609173 
STATIC_OBS_INFO 1 -6.300000 64.723544 3.630408 
Parent: 401.092828 20.435104 206.000000 8.467514 3155.100000 124.640758 -10.000000 4.627647 32.000000 0.000000 0 0 0 0 0 0 0 0
Child: 124.640758 6.787817 69.000000 14.309867 1354.350000 0.000000 -10.000000 0.000000 0.000000 0.000000 0 0 0 0 0 0 0 0
EGO_STATUS -2.691193 64.328103 7.600000 1.201498 5.882670 4.000000 0.000000
DYNAMIC_OBS_INFO 0 -5.750000 51.089334 1.570796 99.174954 -5.750000 164.001641 19.701258 1.274836
DYNAMIC_OBS_INFO 1 -1.750000 31.491851 1.570796 66.516719 -1.750000 131.392948 24.841456 2.626596
STATIC_OBS_INFO 0 -6.300000 60.033999 6.165555 
STATIC_OBS_INFO 1 -6.300000 64.723544 3.814673 
Parent: 390.496175 20.435104 206.000000 8.467514 3155.100000 114.144106 -10.000000 4.527645 32.000000 0.000000 0 0 0 0 0 0 0 0
Child: 114.144106 6.199540 63.000000 14.307936 1247.250000 0.000000 -10.000000 0.000000 0.000000 0.000000 0 0 0 0 0 0 0 0
EGO_STATUS -2.488550 64.880329 7.700000 1.237802 5.882670 4.000000 0.000000
DYNAMIC_OBS_INFO 0 -5.750000 51.089334 1.570796 100.596890 -5.750000 165.978141 19.828742 1.274836
DYNAMIC_OBS_INFO 1 -1.750000 31.491851 1.570796 68.452348 -1.750000 133.890227 25.104115 2.626596
STATIC_OBS_INFO 0 -6.300000 60.033999 6.720309 
STATIC_OBS_INFO 1 -6.300000 64.723544 4.055808 
Parent: 380.561504 20.435104 206.000000 8.467514 3155.100000 103.309437 -10.000000 4.427644 31.000000 0.000000 0 0 0 0 0 0 0 0
Child: 103.309437 5.611266 58.000000 14.305885 1156.900000 0.000000 -10.000000 0.000000 0.000000 0.000000 0 0 0 0 0 0 0 0
EGO_STATUS -2.308002 65.440153 7.800000 1.280580 5.882670 4.000000 0.000000
DYNAMIC_OBS_INFO 0 -5.750000 51.089334 1.570796 102.023289 -5.750000 167.967389 19.956225 1.274836
DYNAMIC_OBS_INFO 1 -1.750000 31.491851 1.570796 70.407390 -1.750000 136.413771 25.366775 2.626596
STATIC_OBS_INFO 0 -6.300000 60.033999 7.271994 
STATIC_OBS_INFO 1 -6.300000 64.723544 4.341360 
Parent: 370.331712 20.435104 206.000000 8.467514 3155.100000 92.179645 -10.000000 4.327643 30.000000 0.000000 0 0 0 0 0 0 0 0
Child: 92.179645 5.022994 52.000000 14.303634 1043.500000 0.000000 -10.000000 0.000000 0.000000 0.000000 0 0 0 0 0 0 0 0
EGO_STATUS -2.152859 66.007534 7.900000 1.327520 5.882670 4.000000 0.000000
DYNAMIC_OBS_INFO 0 -5.750000 51.089334 1.570796 103.454771 -5.750000 169.969386 20.083709 1.274836
DYNAMIC_OBS_INFO 1 -1.750000 31.491851 1.570796 72.382410 -1.750000 138.963582 25.629434 2.626596
STATIC_OBS_INFO 0 -6.300000 60.033999 7.819666 
STATIC_OBS_INFO 1 -6.300000 64.723544 4.661286 
Parent: 298.213992 24.875524 250.000000 14.666312 3341.900000 0.000000 -10.000000 4.228611 30.000000 0.000000 0 0 0 0 0 0 0 0
EGO_STATUS -2.025089 66.581694 8.000000 1.376032 5.882670 4.000000 0.000000
DYNAMIC_OBS_INFO 0 -5.750000 51.089334 1.570796 104.892548 -5.750000 171.984131 20.211192 1.274836
DYNAMIC_OBS_INFO 1 -1.750000 31.491851 1.570796 74.378521 -1.750000 141.539658 25.892094 2.626596
STATIC_OBS_INFO 0 -6.300000 60.033999 8.362935 
STATIC_OBS_INFO 1 -6.300000 64.723544 5.008244 
Parent: 339.586714 30.290952 304.000000 29.076194 3030.900000 69.143646 0.000000 4.543094 39.000000 0.000000 0 0 1 0 0 0 0 0
Child: 69.143646 3.846405 40.000000 13.540187 809.500000 0.000000 -10.000000 0.000000 0.000000 0.000000 0 0 0 0 0 0 0 0
EGO_STATUS -1.925112 67.161343 8.100000 1.423436 5.882670 4.000000 0.000000
DYNAMIC_OBS_INFO 0 -5.750000 51.089334 1.570796 106.338127 -5.750000 174.011624 20.338676 1.274836
DYNAMIC_OBS_INFO 1 -1.750000 31.491851 1.570796 76.397096 -1.750000 144.142000 26.154754 2.626596
STATIC_OBS_INFO 0 -6.300000 60.033999 8.902001 
STATIC_OBS_INFO 1 -6.300000 64.723544 5.377316 
Parent: 327.610055 30.290952 304.000000 29.076194 3030.900000 57.266987 0.000000 4.443094 39.000000 0.000000 0 0 1 0 0 0 0 0
Child: 57.266987 3.258139 34.000000 12.158207 689.800000 0.000000 -10.000000 0.000000 0.000000 0.000000 0 0 0 0 0 0 0 0
EGO_STATUS -1.851798 67.744972 8.200000 1.467341 5.882670 4.000000 0.000000
DYNAMIC_OBS_INFO 0 -5.750000 51.089334 1.570796 107.793038 -5.750000 176.051866 20.466159 1.274836
DYNAMIC_OBS_INFO 1 -1.750000 31.491851 1.570796 78.439493 -1.750000 146.770609 26.417413 2.626596
STATIC_OBS_INFO 0 -6.300000 60.033999 9.437684 
STATIC_OBS_INFO 1 -6.300000 64.723544 5.765600 
Parent: 316.495335 30.290952 304.000000 29.076194 3030.900000 45.252267 0.000000 4.343094 38.000000 0.000000 0 0 1 0 0 0 0 0
Child: 45.252267 2.669874 28.000000 9.951892 569.500000 0.000000 -10.000000 0.000000 0.000000 0.000000 0 0 0 0 0 0 0 0
EGO_STATUS -1.802507 68.331133 8.300000 1.505132 5.882670 4.000000 0.000000
DYNAMIC_OBS_INFO 0 -5.750000 51.089334 1.570796 109.258627 -5.750000 178.104856 20.593643 1.274836
DYNAMIC_OBS_INFO 1 -1.750000 31.491851 1.570796 80.506851 -1.750000 149.425483 26.680073 2.626596
STATIC_OBS_INFO 0 -6.300000 60.033999 9.971501 
STATIC_OBS_INFO 1 -6.300000 64.723544 6.171942 
Parent: 304.184902 30.290952 304.000000 29.076194 3030.900000 33.041834 0.000000 4.243095 38.000000 0.000000 0 0 1 0 0 0 0 0
Child: 33.041834 2.081608 22.000000 7.198442 447.700000 0.000000 -10.000000 0.000000 0.000000 0.000000 0 0 0 0 0 0 0 0
EGO_STATUS -1.772961 68.918635 8.400000 1.534354 5.882670 4.000000 0.000000
DYNAMIC_OBS_INFO 0 -5.750000 51.089334 1.570796 110.735885 -5.750000 180.170594 20.721127 1.274836
DYNAMIC_OBS_INFO 1 -1.750000 31.491851 1.570796 82.599927 -1.750000 152.106623 26.942732 2.626596
STATIC_OBS_INFO 0 -6.300000 60.033999 10.505412 
STATIC_OBS_INFO 1 -6.300000 64.723544 6.596230 
Parent: 292.848915 30.290952 304.000000 29.076194 3030.900000 20.805847 0.000000 4.143095 37.000000 0.000000 0 0 1 0 0 0 0 0
Child: 20.805847 1.493342 16.000000 4.460745 325.600000 0.000000 -10.000000 0.000000 0.000000 0.000000 0 0 0 0 0 0 0 0
EGO_STATUS -1.757787 69.506696 8.500000 1.554071 5.882670 4.000000 0.000000
DYNAMIC_OBS_INFO 0 -5.750000 51.089334 1.570796 112.225404 -5.750000 182.249081 20.848610 1.274836
DYNAMIC_OBS_INFO 1 -1.750000 31.491851 1.570796 84.719102 -1.750000 154.814029 27.205392 2.626596
STATIC_OBS_INFO 0 -6.300000 60.033999 11.041291 
STATIC_OBS_INFO 1 -6.300000 64.723544 7.038437 
Parent: 281.546970 30.290952 304.000000 29.076194 3030.900000 8.603902 0.000000 4.043095 36.000000 0.000000 0 0 1 0 0 0 0 0
Child: 8.603902 0.905075 11.000000 2.255990 223.850000 0.000000 -10.000000 0.000000 0.000000 0.000000 0 0 0 0 0 0 0 0
EGO_STATUS -1.751612 70.094927 8.600000 1.565279 5.882670 4.000000 0.000000
DYNAMIC_OBS_INFO 0 -5.750000 51.089334 1.570796 113.727488 -5.750000 184.340316 20.976094 1.274836
DYNAMIC_OBS_INFO 1 -1.750000 31.491851 1.570796 86.864510 -1.750000 157.547702 27.468052 2.626596
STATIC_OBS_INFO 0 -6.300000 60.033999 11.580470 
STATIC_OBS_INFO 1 -6.300000 64.723544 7.497958 
Parent: 269.334661 30.290952 304.000000 29.076194 3030.900000 -3.508407 0.000000 3.943095 36.000000 0.000000 0 0 1 0 0 0 0 0
Child: -3.508407 0.316808 5.000000 0.703039 101.750000 0.000000 -10.000000 0.000000 0.000000 0.000000 0 0 0 0 0 0 0 0
EGO_STATUS -1.750058 70.683192 8.700000 1.570171 5.882670 4.000000 0.000000
DYNAMIC_OBS_INFO 0 -5.750000 51.089334 1.570796 115.241210 -5.750000 186.444300 21.103577 1.274836
DYNAMIC_OBS_INFO 1 -1.750000 31.491851 1.570796 89.035110 -1.750000 160.307640 27.730711 2.626596
STATIC_OBS_INFO 0 -6.300000 60.033999 12.124637 
STATIC_OBS_INFO 1 -6.300000 64.723544 7.974425 
Parent: 258.298615 30.018354 302.000000 29.075884 2983.600000 0.000000 -10.000000 3.843085 35.000000 0.000000 0 0 1 0 0 0 0 0
EGO_STATUS -1.750029 71.272530 8.800000 1.571080 5.927893 2.000000 0.980000
DYNAMIC_OBS_INFO 0 -5.750000 51.089334 1.570796 116.759320 -5.750000 188.561032 21.231061 1.274836
DYNAMIC_OBS_INFO 1 -1.750000 31.491851 1.570796 91.223622 -1.750000 163.093844 27.993371 2.626596
STATIC_OBS_INFO 0 -6.300000 60.033999 12.680351 
STATIC_OBS_INFO 1 -6.300000 64.723544 8.471725 
Parent: 246.049403 29.420667 296.000000 29.075899 2861.500000 0.000000 -10.000000 3.743085 35.000000 0.000000 0 0 1 0 0 0 0 0
EGO_STATUS -1.750810 71.870222 8.900000 1.573516 6.025893 2.000000 0.980000
DYNAMIC_OBS_INFO 0 -5.750000 51.089334 1.570796 118.280327 -5.750000 190.690512 21.358544 1.274836
DYNAMIC_OBS_INFO 1 -1.750000 31.491851 1.570796 93.428602 -1.750000 165.906314 28.256030 2.626596
STATIC_OBS_INFO 0 -6.300000 60.033999 13.248162 
STATIC_OBS_INFO 1 -6.300000 64.723544 8.988600 
Parent: 234.617710 28.813172 290.000000 29.075899 2738.500000 0.000000 -10.000000 3.643085 34.000000 0.000000 0 0 1 0 0 0 0 0
EGO_STATUS -1.753813 72.477712 9.000000 1.578307 6.123893 2.000000 0.980000
DYNAMIC_OBS_INFO 0 -5.750000 51.089334 1.570796 119.804203 -5.750000 192.832741 21.486028 1.274836
DYNAMIC_OBS_INFO 1 -1.750000 31.491851 1.570796 95.650069 -1.750000 168.745050 28.518690 2.626596
STATIC_OBS_INFO 0 -6.300000 60.033999 13.827375 
STATIC_OBS_INFO 1 -6.300000 64.723544 9.523025 
Parent: 222.896739 28.195867 283.000000 29.075795 2604.150000 0.000000 -10.000000 3.543083 33.000000 0.000000 0 0 1 0 0 0 0 0
EGO_STATUS -1.760503 73.094982 9.100000 1.585247 6.221893 2.000000 0.980000
DYNAMIC_OBS_INFO 0 -5.750000 51.089334 1.570796 121.330956 -5.750000 194.987718 21.613512 1.274836
DYNAMIC_OBS_INFO 1 -1.750000 31.491851 1.570796 97.888072 -1.750000 171.610052 28.781350 2.626596
STATIC_OBS_INFO 0 -6.300000 60.033999 14.417392 
STATIC_OBS_INFO 1 -6.300000 64.723544 10.073341 
Parent: 210.067245 27.568754 277.000000 29.075426 2479.050000 0.000000 -10.000000 3.443081 33.000000 0.000000 0 0 1 0 0 0 0 0
EGO_STATUS -1.772273 73.721983 9.200000 1.594115 6.319893 2.000000 0.980000
DYNAMIC_OBS_INFO 0 -5.750000 51.089334 1.570796 122.860627 -5.750000 197.155443 21.740995 1.274836
DYNAMIC_OBS_INFO 1 -1.750000 31.491851 1.570796 100.142691 -1.750000 174.501320 29.044009 2.626596
STATIC_OBS_INFO 0 -6.300000 60.033999 15.017705 
STATIC_OBS_INFO 1 -6.300000 64.723544 10.638196 
Parent: 198.047675 26.931837 271.000000 29.075861 2352.750000 0.000000 -10.000000 3.343078 32.000000 0.000000 0 0 1 0 0 0 0 0
EGO_STATUS -1.790433 74.358637 9.300000 1.604678 6.417893 2.000000 0.980000
DYNAMIC_OBS_INFO 0 -5.750000 51.089334 1.570796 124.393296 -5.750000 199.335917 21.868479 1.274836
DYNAMIC_OBS_INFO 1 -1.750000 31.491851 1.570796 102.414037 -1.750000 177.418854 29.306669 2.626596
STATIC_OBS_INFO 0 -6.300000 60.033999 15.627880 
STATIC_OBS_INFO 1 -6.300000 64.723544 11.216488 
Parent: 185.893154 26.285118 264.000000 29.075655 2217.200000 0.000000 -10.000000 3.243075 31.000000 0.000000 0 0 1 0 0 0 0 0
EGO_STATUS -1.816185 75.004838 9.400000 1.616689 6.515893 2.000000 0.980000
DYNAMIC_OBS_INFO 0 -5.750000 51.089334 1.570796 125.929079 -5.750000 201.529139 21.995962 1.274836
DYNAMIC_OBS_INFO 1 -1.750000 31.491851 1.570796 104.702255 -1.750000 180.362654 29.569328 2.626596
STATIC_OBS_INFO 0 -6.300000 60.033999 16.247552 
STATIC_OBS_INFO 1 -6.300000 64.723544 11.807325 
Parent: 172.762075 25.628600 258.000000 29.075860 2091.200000 0.000000 -10.000000 3.143072 31.000000 0.000000 0 0 1 0 0 0 0 0
EGO_STATUS -1.850610 75.660447 9.500000 1.629892 6.613893 2.000000 0.980000
DYNAMIC_OBS_INFO 0 -5.750000 51.089334 1.570796 127.468129 -5.750000 203.735109 22.123446 1.274836
DYNAMIC_OBS_INFO 1 -1.750000 31.491851 1.570796 107.007520 -1.750000 183.332719 29.831988 2.626596
STATIC_OBS_INFO 0 -6.300000 60.033999 16.876418 
STATIC_OBS_INFO 1 -6.300000 64.723544 12.409986 
Parent: 160.337172 24.962286 251.000000 29.075506 1954.750000 0.000000 -10.000000 3.043069 30.000000 0.000000 0 0 1 0 0 0 0 0
EGO_STATUS -1.894653 76.325297 9.600000 1.644022 6.711893 2.000000 0.980000
DYNAMIC_OBS_INFO 0 -5.750000 51.089334 1.570796 129.010628 -5.750000 205.953828 22.250929 1.274836
DYNAMIC_OBS_INFO 1 -1.750000 31.491851 1.570796 109.330030 -1.750000 186.329051 30.094648 2.626596
STATIC_OBS_INFO 0 -6.300000 60.033999 17.514235 
STATIC_OBS_INFO 1 -6.300000 64.723544 13.023905 
Parent: 146.789000 24.286177 244.000000 29.075671 1818.000000 0.000000 -10.000000 2.943067 30.000000 0.000000 0 0 1 0 0 0 0 0
EGO_STATUS -1.949104 76.999203 9.700000 1.658808 6.809893 2.000000 0.980000
DYNAMIC_OBS_INFO 0 -5.750000 51.089334 1.570796 130.556779 -5.750000 208.185295 22.378413 1.274836
DYNAMIC_OBS_INFO 1 -1.750000 31.491851 1.570796 111.669997 -1.750000 189.351649 30.357307 2.626596
STATIC_OBS_INFO 0 -6.300000 60.033999 18.160823 
STATIC_OBS_INFO 1 -6.300000 64.723544 13.648644 
Parent: 117.928531 10.000000 102.000000 20.000000 15.300000 159.641942 -10.000000 3.825805 39.000000 0.000000 0 0 1 0 0 0 0 0
Child: 159.641942 23.600276 238.000000 29.075824 1681.700000 0.000000 -10.000000 0.000000 0.000000 0.000000 0 0 1 0 0 0 0 0
EGO_STATUS -2.014583 77.681965 9.800000 1.673972 6.907893 2.000000 0.980000
DYNAMIC_OBS_INFO 0 -5.750000 51.089334 1.570796 132.106795 -5.750000 210.429511 22.505897 1.274836
DYNAMIC_OBS_INFO 1 -1.750000 31.491851 1.570796 114.027641 -1.750000 192.400513 30.619967 2.626596
STATIC_OBS_INFO 0 -6.300000 60.033999 18.816062 
STATIC_OBS_INFO 1 -6.300000 64.723544 14.283883 
Parent: 105.376606 10.000000 102.000000 20.000000 15.300000 146.190017 -10.000000 3.725805 38.000000 0.000000 0 0 1 0 0 0 0 0
Child: 146.190017 22.904584 231.000000 29.075873 1546.150000 0.000000 -10.000000 0.000000 0.000000 0.000000 0 0 1 0 0 0 0 0
EGO_STATUS -2.091532 78.373383 9.900000 1.689235 7.005893 2.000000 0.980000
DYNAMIC_OBS_INFO 0 -5.750000 51.089334 1.570796 133.660879 -5.750000 212.686475 22.633380 1.274836
DYNAMIC_OBS_INFO 1 -1.750000 31.491851 1.570796 116.403163 -1.750000 195.475642 30.882626 2.626596
STATIC_OBS_INFO 0 -6.300000 60.033999 19.479905 
STATIC_OBS_INFO 1 -6.300000 64.723544 14.929415 
Parent: 93.417644 10.000000 102.000000 20.000000 15.300000 133.331056 -10.000000 3.625804 37.000000 0.000000 0 0 1 0 0 0 0 0
Child: 133.331056 22.199091 223.000000 29.075855 1410.750000 0.000000 -10.000000 0.000000 0.000000 0.000000 0 0 1 0 0 0 0 0
EGO_STATUS -2.180209 79.073275 10.000000 1.704315 7.103893 2.000000 0.980000
DYNAMIC_OBS_INFO 0 -5.750000 51.089334 1.570796 135.219221 -5.750000 214.956187 22.760864 1.274836
DYNAMIC_OBS_INFO 1 -1.750000 31.491851 1.570796 118.796743 -1.750000 198.577038 31.145286 2.626596
STATIC_OBS_INFO 0 -6.300000 60.033999 20.152370 
STATIC_OBS_INFO 1 -6.300000 64.723544 15.585136 
Parent: 79.891473 10.000000 102.000000 20.000000 15.300000 119.904886 -10.000000 3.525803 37.000000 0.000000 0 0 1 0 0 0 0 0
Child: 119.904886 21.483790 216.000000 29.075690 1277.000000 0.000000 -10.000000 0.000000 0.000000 0.000000 0 0 1 0 0 0 0 0
EGO_STATUS -2.280669 79.781480 10.100000 1.718931 7.201893 2.000000 0.980000
DYNAMIC_OBS_INFO 0 -5.750000 51.089334 1.570796 136.781988 -5.750000 217.238647 22.888347 1.274836
DYNAMIC_OBS_INFO 1 -1.750000 31.491851 1.570796 121.208537 -1.750000 201.704699 31.407946 2.626596
STATIC_OBS_INFO 0 -6.300000 60.033999 20.833544 
STATIC_OBS_INFO 1 -6.300000 64.723544 16.251029 
Parent: 67.475447 10.000000 102.000000 20.000000 15.300000 106.588861 -10.000000 3.425802 36.000000 0.000000 0 0 1 0 0 0 0 0
Child: 106.588861 20.758682 209.000000 29.075561 1144.750000 0.000000 -10.000000 0.000000 0.000000 0.000000 0 0 1 0 0 0 0 0
EGO_STATUS -2.392741 80.497867 10.200000 1.732806 7.299893 2.000000 0.980000
DYNAMIC_OBS_INFO 0 -5.750000 51.089334 1.570796 138.349305 -5.750000 219.533856 23.015831 1.274836
DYNAMIC_OBS_INFO 1 -1.750000 31.491851 1.570796 123.638647 -1.750000 204.858627 31.670605 2.626596
STATIC_OBS_INFO 0 -6.300000 60.033999 21.523584 
STATIC_OBS_INFO 1 -6.300000 64.723544 16.927168 
Parent: 55.184167 10.000000 102.000000 20.000000 15.300000 93.397583 -10.000000 3.325800 35.000000 0.000000 0 0 1 0 0 0 0 0
Child: 93.397583 20.023771 202.000000 29.075815 1014.000000 0.000000 -10.000000 0.000000 0.000000 0.000000 0 0 1 0 0 0 0 0
EGO_STATUS -2.516044 81.222353 10.300000 1.745673 7.397893 2.000000 0.980000
DYNAMIC_OBS_INFO 0 -5.750000 51.089334 1.570796 139.921242 -5.750000 221.841813 23.143314 1.274836
DYNAMIC_OBS_INFO 1 -1.750000 31.491851 1.570796 126.087115 -1.750000 208.038820 31.933265 2.626596
STATIC_OBS_INFO 0 -6.300000 60.033999 22.222721 
STATIC_OBS_INFO 1 -6.300000 64.723544 17.613714 
Parent: 41.520581 10.000000 102.000000 20.000000 15.300000 79.834000 -10.000000 3.225797 35.000000 0.000000 0 0 1 0 0 0 0 0
Child: 79.834000 19.279059 194.000000 29.075441 874.900000 0.000000 -10.000000 0.000000 0.000000 0.000000 0 0 1 0 0 0 0 0
EGO_STATUS -2.649976 81.954917 10.400000 1.757272 7.495893 2.000000 0.980000
DYNAMIC_OBS_INFO 0 -5.750000 51.089334 1.570796 141.497800 -5.750000 224.162519 23.270798 1.274836
DYNAMIC_OBS_INFO 1 -1.750000 31.491851 1.570796 128.553912 -1.750000 211.245280 32.195924 2.626596
STATIC_OBS_INFO 0 -6.300000 60.033999 22.931254 
STATIC_OBS_INFO 1 -6.300000 64.723544 18.310898 
Parent: 29.659154 10.000000 102.000000 20.000000 15.300000 67.072575 -10.000000 3.125795 34.000000 0.000000 0 0 1 0 0 0 0 0
Child: 67.072575 18.524547 187.000000 29.075581 748.950000 0.000000 -10.000000 0.000000 0.000000 0.000000 0 0 1 0 0 0 0 0
EGO_STATUS -2.793719 82.695605 10.500000 1.767358 7.593893 2.000000 0.980000
DYNAMIC_OBS_INFO 0 -5.750000 51.089334 1.570796 143.078910 -5.750000 226.495973 23.398282 1.274836
DYNAMIC_OBS_INFO 1 -1.750000 31.491851 1.570796 131.038929 -1.750000 214.478005 32.458584 2.626596
STATIC_OBS_INFO 0 -6.300000 60.033999 23.649545 
STATIC_OBS_INFO 1 -6.300000 64.723544 19.019023 
Parent: 17.415995 10.000000 102.000000 20.000000 15.300000 53.929418 -10.000000 3.025793 33.000000 0.000000 0 0 1 0 0 0 0 0
Child: 53.929418 17.760237 179.000000 29.075054 615.250000 0.000000 -10.000000 0.000000 0.000000 0.000000 0 0 1 0 0 0 0 0
EGO_STATUS -2.946246 83.444537 10.600000 1.775704 7.691893 2.000000 0.980000
DYNAMIC_OBS_INFO 0 -5.750000 51.089334 1.570796 144.664424 -5.750000 228.842175 23.525765 1.274836
DYNAMIC_OBS_INFO 1 -1.750000 31.491851 1.570796 133.541976 -1.750000 217.736997 32.721244 2.626596
STATIC_OBS_INFO 0 -6.300000 60.033999 24.378012 
STATIC_OBS_INFO 1 -6.300000 64.723544 19.738447 
Parent: 5.407062 10.000000 102.000000 20.000000 15.300000 41.020486 -10.000000 2.925792 32.000000 0.000000 0 0 1 0 0 0 0 0
Child: 41.020486 16.986131 171.000000 29.075095 484.550000 0.000000 -10.000000 0.000000 0.000000 0.000000 0 0 1 0 0 0 0 0
EGO_STATUS -3.106321 84.201909 10.700000 1.782101 7.789893 2.000000 0.980000
DYNAMIC_OBS_INFO 0 -5.750000 51.089334 1.570796 146.254123 -5.750000 231.201126 23.653249 1.274836
DYNAMIC_OBS_INFO 1 -1.750000 31.491851 1.570796 136.062784 -1.750000 221.022254 32.983903 2.626596
STATIC_OBS_INFO 0 -6.300000 60.033999 25.117116 
STATIC_OBS_INFO 1 -6.300000 64.723544 20.469568 
Parent: -7.541852 10.000000 102.000000 20.000000 15.300000 28.171573 -10.000000 2.825791 32.000000 0.000000 0 0 1 0 0 0 0 0
Child: 28.171573 16.202230 164.000000 29.075078 357.300000 0.000000 -10.000000 0.000000 0.000000 0.000000 0 0 1 0 0 0 0 0
EGO_STATUS -3.272514 84.967989 10.800000 1.786369 7.887893 2.000000 0.980000
DYNAMIC_OBS_INFO 0 -5.750000 51.089334 1.570796 147.847713 -5.750000 233.572825 23.780732 1.274836
DYNAMIC_OBS_INFO 1 -1.750000 31.491851 1.570796 138.601011 -1.750000 224.333777 33.246563 2.626596
STATIC_OBS_INFO 0 -6.300000 60.033999 25.867346 
STATIC_OBS_INFO 1 -6.300000 64.723544 21.212811 
Parent: -16.932369 10.000000 102.000000 20.000000 15.300000 17.881056 -10.000000 2.725790 31.000000 0.000000 0 0 1 0 0 0 0 0
Child: 17.881056 15.408536 156.000000 29.075008 253.200000 0.000000 -10.000000 0.000000 0.000000 0.000000 0 0 1 0 0 0 0 0
EGO_STATUS -3.443212 85.743109 10.900000 1.788353 7.985893 2.000000 0.980000
DYNAMIC_OBS_INFO 0 -5.750000 51.089334 1.570796 149.444838 -5.750000 235.957273 23.908216 1.274836
DYNAMIC_OBS_INFO 1 -1.750000 31.491851 1.570796 141.156247 -1.750000 227.671567 33.509222 2.626596
STATIC_OBS_INFO 0 -6.300000 60.033999 26.629207 
STATIC_OBS_INFO 1 -6.300000 64.723544 21.968615 
Parent: -20.054415 10.000000 102.000000 20.000000 15.300000 13.859011 -10.000000 2.625790 30.000000 0.000000 0 0 1 0 0 0 0 0
Child: 13.859011 14.605045 148.000000 29.074920 212.700000 0.000000 -10.000000 0.000000 0.000000 0.000000 0 0 1 0 0 0 0 0
EGO_STATUS -3.616634 86.527663 11.000000 1.787933 8.083893 2.000000 0.980000
DYNAMIC_OBS_INFO 0 -5.750000 51.089334 1.570796 151.045093 -5.750000 238.354468 24.035699 1.274836
DYNAMIC_OBS_INFO 1 -1.750000 31.491851 1.570796 143.728031 -1.750000 231.035622 33.771882 2.626596
STATIC_OBS_INFO 0 -6.300000 60.033999 27.403198 
STATIC_OBS_INFO 1 -6.300000 64.723544 22.737408 
Parent: -38.348967 10.000000 101.000000 20.000000 15.150000 3.744036 -10.000000 3.426799 39.000000 0.000000 0 0 1 0 0 0 0 0
Child: 3.744036 10.000000 102.000000 20.000000 15.300000 10.283251 -10.000000 0.000000 0.000000 0.000000 0 0 1 0 0 0 0 0
Child: 10.283251 13.791746 139.000000 29.074580 175.350000 0.000000 -10.000000 0.000000 0.000000 0.000000 0 0 1 0 0 0 0 0
EGO_STATUS -3.790851 87.322081 11.100000 1.785025 8.181893 2.000000 0.980000
DYNAMIC_OBS_INFO 0 -5.750000 51.089334 1.570796 152.648058 -5.750000 240.764412 24.163183 1.274836
DYNAMIC_OBS_INFO 1 -1.750000 31.491851 1.570796 146.315886 -1.750000 234.425943 34.034542 2.626596
STATIC_OBS_INFO 0 -6.300000 60.033999 28.189778 
STATIC_OBS_INFO 1 -6.300000 64.723544 23.519576 
Parent: -40.761730 10.000000 101.000000 20.000000 15.150000 0.431275 -10.000000 3.326798 38.000000 0.000000 0 0 1 0 0 0 0 0
Child: 0.431275 10.000000 102.000000 20.000000 15.300000 6.970490 -10.000000 0.000000 0.000000 0.000000 0 0 1 0 0 0 0 0
Child: 6.970490 12.968643 131.000000 29.073818 142.350000 0.000000 -10.000000 0.000000 0.000000 0.000000 0 0 1 0 0 0 0 0
EGO_STATUS -3.963808 88.126805 11.200000 1.779591 8.279893 2.000000 0.980000
DYNAMIC_OBS_INFO 0 -5.750000 51.089334 1.570796 154.253310 -5.750000 243.187105 24.290667 1.274836
DYNAMIC_OBS_INFO 1 -1.750000 31.491851 1.570796 148.919337 -1.750000 237.842530 34.297201 2.626596
STATIC_OBS_INFO 0 -6.300000 60.033999 28.989348 
STATIC_OBS_INFO 1 -6.300000 64.723544 24.315445 
Parent: -43.819544 10.000000 101.000000 20.000000 15.150000 -2.526538 -10.000000 3.226796 38.000000 0.000000 0 0 1 0 0 0 0 0
Child: -2.526538 10.000000 102.000000 20.000000 15.300000 4.012678 -10.000000 0.000000 0.000000 0.000000 0 0 1 0 0 0 0 0
Child: 4.012678 12.135736 123.000000 29.073477 112.950000 0.000000 -10.000000 0.000000 0.000000 0.000000 0 0 1 0 0 0 0 0
EGO_STATUS -4.133363 88.942267 11.300000 1.771641 8.377893 2.000000 0.980000
DYNAMIC_OBS_INFO 0 -5.750000 51.089334 1.570796 155.860451 -5.750000 245.622546 24.418150 1.274836
DYNAMIC_OBS_INFO 1 -1.750000 31.491851 1.570796 151.537930 -1.750000 241.285383 34.559861 2.626596
STATIC_OBS_INFO 0 -6.300000 60.033999 29.802230 
STATIC_OBS_INFO 1 -6.300000 64.723544 25.125262 
Parent: -45.285283 10.000000 101.000000 20.000000 15.150000 -4.892276 -10.000000 3.126794 37.000000 0.000000 0 0 1 0 0 0 0 0
Child: -4.892276 10.000000 102.000000 20.000000 15.300000 1.646940 -10.000000 0.000000 0.000000 0.000000 0 0 1 0 0 0 0 0
Child: 1.646940 11.293027 114.000000 29.072655 88.500000 0.000000 -10.000000 0.000000 0.000000 0.000000 0 0 1 0 0 0 0 0
EGO_STATUS -4.297324 89.768864 11.400000 1.761242 8.475893 2.000000 0.980000
DYNAMIC_OBS_INFO 0 -5.750000 51.089334 1.570796 157.469135 -5.750000 248.070735 24.545634 1.274836
DYNAMIC_OBS_INFO 1 -1.750000 31.491851 1.570796 154.171270 -1.750000 244.754502 34.822520 2.626596
STATIC_OBS_INFO 0 -6.300000 60.033999 30.628649 
STATIC_OBS_INFO 1 -6.300000 64.723544 25.949174 
Parent: -46.549905 10.000000 101.000000 20.000000 15.150000 -7.056895 -10.000000 3.026793 36.000000 0.000000 0 0 1 0 0 0 0 0
Child: -7.056895 10.000000 102.000000 20.000000 15.300000 -0.517680 -10.000000 0.000000 0.000000 0.000000 0 0 1 0 0 0 0 0
Child: -0.517680 10.440518 106.000000 29.071652 67.200000 0.000000 -10.000000 0.000000 0.000000 0.000000 0 0 1 0 0 0 0 0
EGO_STATUS -4.453496 90.606937 11.500000 1.748517 8.573893 2.000000 0.980000
DYNAMIC_OBS_INFO 0 -5.750000 51.089334 1.570796 159.079089 -5.750000 250.531672 24.673117 1.274836
DYNAMIC_OBS_INFO 1 -1.750000 31.491851 1.570796 156.819040 -1.750000 248.249887 35.085180 2.626596
STATIC_OBS_INFO 0 -6.300000 60.033999 31.468709 
STATIC_OBS_INFO 1 -6.300000 64.723544 26.787213 
Parent: -47.359004 10.000000 101.000000 20.000000 15.150000 -8.765993 -10.000000 2.926791 35.000000 0.000000 0 0 1 0 0 0 0 0
Child: -8.765993 10.000000 102.000000 20.000000 15.300000 -2.226777 -10.000000 0.000000 0.000000 0.000000 0 0 1 0 0 0 0 0
Child: -2.226777 9.578211 97.000000 29.070605 49.650000 0.000000 -10.000000 0.000000 0.000000 0.000000 0 0 1 0 0 0 0 0
EGO_STATUS -4.599738 91.456742 11.600000 1.733660 8.671893 2.000000 0.980000
DYNAMIC_OBS_INFO 0 -5.750000 51.089334 1.570796 160.690138 -5.750000 253.005358 24.800601 1.274836
DYNAMIC_OBS_INFO 1 -1.750000 31.491851 1.570796 159.481026 -1.750000 251.771538 35.347840 2.626596
STATIC_OBS_INFO 0 -6.300000 60.033999 32.322389 
STATIC_OBS_INFO 1 -6.300000 64.723544 27.639285 
Parent: -47.911002 10.000000 101.000000 20.000000 15.150000 -10.217990 -10.000000 2.826790 34.000000 0.000000 0 0 1 0 0 0 0 0
Child: -10.217990 10.000000 102.000000 20.000000 15.300000 -3.678774 -10.000000 0.000000 0.000000 0.000000 0 0 1 0 0 0 0 0
Child: -3.678774 8.706108 89.000000 29.070050 35.550000 0.000000 -10.000000 0.000000 0.000000 0.000000 0 0 1 0 0 0 0 0
EGO_STATUS -4.734031 92.318432 11.700000 1.716935 8.769893 2.000000 0.980000
DYNAMIC_OBS_INFO 0 -5.750000 51.089334 1.570796 162.302219 -5.750000 255.491793 24.928084 1.274836
DYNAMIC_OBS_INFO 1 -1.750000 31.491851 1.570796 162.157133 -1.750000 255.319455 35.610499 2.626596
STATIC_OBS_INFO 0 -6.300000 60.033999 33.189535 
STATIC_OBS_INFO 1 -6.300000 64.723544 28.505172 
Parent: -48.083207 10.000000 101.000000 20.000000 15.150000 -11.290194 -10.000000 2.726789 33.000000 0.000000 0 0 1 0 0 0 0 0
Child: -11.290194 10.000000 102.000000 20.000000 15.300000 -4.750979 -10.000000 0.000000 0.000000 0.000000 0 0 1 0 0 0 0 0
Child: -4.750979 7.824208 80.000000 29.069545 24.600000 0.000000 -10.000000 0.000000 0.000000 0.000000 0 0 1 0 0 0 0 0
EGO_STATUS -4.854549 93.192044 11.800000 1.698686 8.867893 2.000000 0.980000
DYNAMIC_OBS_INFO 0 -5.750000 51.089334 1.570796 163.915385 -5.750000 257.990975 25.055568 1.274836
DYNAMIC_OBS_INFO 1 -1.750000 31.491851 1.570796 164.847395 -1.750000 258.893638 35.873159 2.626596
STATIC_OBS_INFO 0 -6.300000 60.033999 34.069868 
STATIC_OBS_INFO 1 -6.300000 64.723544 29.384532 
Parent: -47.968147 10.000000 101.000000 20.000000 15.150000 -12.075134 -10.000000 2.626789 32.000000 0.000000 0 0 1 0 0 0 0 0
Child: -12.075134 10.000000 102.000000 20.000000 15.300000 -5.535918 -10.000000 0.000000 0.000000 0.000000 0 0 1 0 0 0 0 0
Child: -5.535918 6.932514 71.000000 29.069316 16.650000 0.000000 -10.000000 0.000000 0.000000 0.000000 0 0 1 0 0 0 0 0
EGO_STATUS -4.959755 94.077495 11.900000 1.679345 8.965893 2.000000 0.980000
DYNAMIC_OBS_INFO 0 -5.750000 51.089334 1.570796 165.529801 -5.750000 260.502906 25.183052 1.274836
DYNAMIC_OBS_INFO 1 -1.750000 31.491851 1.570796 167.551966 -1.750000 262.494087 36.135818 2.626596
STATIC_OBS_INFO 0 -6.300000 60.033999 34.962999 
STATIC_OBS_INFO 1 -6.300000 64.723544 30.276925 
Parent: -48.595595 10.000000 101.000000 20.000000 15.150000 -12.602581 -10.000000 2.526789 32.000000 0.000000 0 0 1 0 0 0 0 0
Child: -12.602581 10.000000 102.000000 20.000000 15.300000 -6.063366 -10.000000 0.000000 0.000000 0.000000 0 0 1 0 0 0 0 0
Child: -6.063366 6.031025 62.000000 29.069297 11.400000 0.000000 -10.000000 0.000000 0.000000 0.000000 0 0 1 0 0 0 0 0
EGO_STATUS -5.048494 94.974592 12.000000 1.659436 9.063893 2.000000 0.980000
DYNAMIC_OBS_INFO 0 -5.750000 51.089334 1.570796 167.145718 -5.750000 263.027586 25.310535 1.274836
DYNAMIC_OBS_INFO 1 -1.750000 31.491851 1.570796 170.271102 -1.750000 266.120802 36.398478 2.626596
STATIC_OBS_INFO 0 -6.300000 60.033999 35.868467 
STATIC_OBS_INFO 1 -6.300000 64.723544 31.181842 
Parent: -48.065745 10.000000 101.000000 20.000000 15.150000 -12.972731 -10.000000 2.426788 31.000000 0.000000 0 0 1 0 0 0 0 0
Child: -12.972731 10.000000 102.000000 20.000000 15.300000 -6.433515 -10.000000 0.000000 0.000000 0.000000 0 0 1 0 0 0 0 0
Child: -6.433515 5.119730 53.000000 28.970641 7.950000 0.000000 -10.000000 0.000000 0.000000 0.000000 0 0 1 0 0 0 0 0
EGO_STATUS -5.120094 95.883054 12.100000 1.639587 9.161893 2.000000 0.980000
DYNAMIC_OBS_INFO 0 -5.750000 51.089334 1.570796 168.763466 -5.750000 265.565013 25.438019 1.274836
DYNAMIC_OBS_INFO 1 -1.750000 31.491851 1.570796 173.005150 -1.750000 269.773783 36.661138 2.626596
STATIC_OBS_INFO 0 -6.300000 60.033999 36.785751 
STATIC_OBS_INFO 1 -6.300000 64.723544 32.098722 
Parent: -47.318788 10.000000 101.000000 20.000000 15.150000 -13.125773 -10.000000 2.326787 30.000000 0.000000 0 0 1 0 0 0 0 0
Child: -13.125773 10.000000 102.000000 20.000000 15.300000 -6.586558 -10.000000 0.000000 0.000000 0.000000 0 0 1 0 0 0 0 0
Child: -6.586558 4.198631 43.000000 28.508542 6.450000 0.000000 -10.000000 0.000000 0.000000 0.000000 0 0 1 0 0 0 0 0
EGO_STATUS -5.174528 96.802529 12.200000 1.620538 9.259893 2.000000 0.980000
DYNAMIC_OBS_INFO 0 -5.750000 51.089334 1.570796 170.383395 -5.750000 268.115189 25.565502 1.274836
DYNAMIC_OBS_INFO 1 -1.750000 31.491851 1.570796 175.754498 -1.750000 273.453029 36.923797 2.626596
STATIC_OBS_INFO 0 -6.300000 60.033999 37.714325 
STATIC_OBS_INFO 1 -6.300000 64.723544 33.027006 
Parent: -62.372043 10.000000 101.000000 20.000000 15.150000 -19.915835 -10.000000 3.063594 39.000000 0.000000 0 0 1 0 0 0 0 0
Child: -19.915835 10.000000 101.000000 20.000000 15.150000 -13.396033 -10.000000 0.000000 0.000000 0.000000 0 0 1 0 0 0 0 0
Child: -13.396033 10.000000 102.000000 20.000000 15.300000 -6.856817 -10.000000 0.000000 0.000000 0.000000 0 0 1 0 0 0 0 0
Child: -6.856817 3.267730 34.000000 27.604115 5.100000 0.000000 -10.000000 0.000000 0.000000 0.000000 0 0 1 0 0 0 0 0
EGO_STATUS -5.212528 97.732642 12.300000 1.603144 9.357893 2.000000 0.980000
DYNAMIC_OBS_INFO 0 -5.750000 51.089334 1.570796 172.005833 -5.750000 270.678114 25.692986 1.274836
DYNAMIC_OBS_INFO 1 -1.750000 31.491851 1.570796 178.519527 -1.750000 277.158542 37.186457 2.626596
STATIC_OBS_INFO 0 -6.300000 60.033999 38.653704 
STATIC_OBS_INFO 1 -6.300000 64.723544 33.966183 
Parent: -61.829315 10.000000 101.000000 20.000000 15.150000 -20.273106 -10.000000 2.963593 38.000000 0.000000 0 0 1 0 0 0 0 0
Child: -20.273106 10.000000 101.000000 20.000000 15.150000 -13.753304 -10.000000 0.000000 0.000000 0.000000 0 0 1 0 0 0 0 0
Child: -13.753304 10.000000 102.000000 20.000000 15.300000 -7.214088 -10.000000 0.000000 0.000000 0.000000 0 0 1 0 0 0 0 0
Child: -7.214088 2.327027 25.000000 26.179948 3.750000 0.000000 -10.000000 0.000000 0.000000 0.000000 0 0 1 0 0 0 0 0
EGO_STATUS -5.235739 98.673049 12.400000 1.588393 9.455893 2.000000 0.980000
DYNAMIC_OBS_INFO 0 -5.750000 51.089334 1.570796 173.631034 -5.750000 273.253786 25.820469 1.274836
DYNAMIC_OBS_INFO 1 -1.750000 31.491851 1.570796 181.300566 -1.750000 280.890321 37.449116 2.626596
STATIC_OBS_INFO 0 -6.300000 60.033999 39.603487 
STATIC_OBS_INFO 1 -6.300000 64.723544 34.915823 
Parent: -61.292258 10.000000 101.000000 20.000000 15.150000 -20.636047 -10.000000 2.863592 37.000000 0.000000 0 0 1 0 0 0 0 0
Child: -20.636047 10.000000 101.000000 20.000000 15.150000 -14.116245 -10.000000 0.000000 0.000000 0.000000 0 0 1 0 0 0 0 0
Child: -14.116245 10.000000 102.000000 20.000000 15.300000 -7.577030 -10.000000 0.000000 0.000000 0.000000 0 0 1 0 0 0 0 0
Child: -7.577030 1.376525 15.000000 24.153127 2.250000 0.000000 -10.000000 0.000000 0.000000 0.000000 0 0 1 0 0 0 0 0
EGO_STATUS -5.246879 99.623482 12.500000 1.577411 9.553893 2.000000 0.980000
DYNAMIC_OBS_INFO 0 -5.750000 51.089334 1.570796 175.259144 -5.750000 275.842208 25.947953 1.274836
DYNAMIC_OBS_INFO 1 -1.750000 31.491851 1.570796 184.097860 -1.750000 284.648365 37.711776 2.626596
STATIC_OBS_INFO 0 -6.300000 60.033999 40.563373 
STATIC_OBS_INFO 1 -6.300000 64.723544 35.875605 
Parent: -61.265641 10.000000 101.000000 20.000000 15.150000 -21.509430 -10.000000 2.763591 36.000000 0.000000 0 0 1 0 0 0 0 0
Child: -21.509430 10.000000 101.000000 20.000000 15.150000 -14.989628 -10.000000 0.000000 0.000000 0.000000 0 0 1 0 0 0 0 0
Child: -14.989628 10.000000 102.000000 20.000000 15.300000 -8.450412 -10.000000 0.000000 0.000000 0.000000 0 0 1 0 0 0 0 0
Child: -8.450412 0.416223 6.000000 21.437863 0.900000 0.000000 -10.000000 0.000000 0.000000 0.000000 0 0 1 0 0 0 0 0
EGO_STATUS -5.249909 100.583777 12.600000 1.571461 9.651893 2.000000 0.980000
DYNAMIC_OBS_INFO 0 -5.750000 51.089334 1.570796 176.890204 -5.750000 278.443377 26.075436 1.274836
DYNAMIC_OBS_INFO 1 -1.750000 31.491851 1.570796 186.911569 -1.750000 288.432676 37.974436 2.626596
STATIC_OBS_INFO 0 -6.300000 60.033999 41.533155 
STATIC_OBS_INFO 1 -6.300000 64.723544 36.845300 
Parent: -51.991154 10.000000 101.000000 20.000000 15.150000 -13.134942 -10.000000 2.663590 35.000000 0.000000 0 0 1 0 0 0 0 0
Child: -13.134942 10.000000 101.000000 20.000000 15.150000 -6.615140 -10.000000 0.000000 0.000000 0.000000 0 0 1 0 0 0 0 0
Child: -6.615140 9.446121 96.000000 20.000000 14.400000 0.000000 -10.000000 0.000000 0.000000 0.000000 0 0 1 0 0 0 0 0
EGO_STATUS -5.250000 101.553879 12.700000 1.570796 9.749893 2.000000 0.980000
DYNAMIC_OBS_INFO 0 -5.750000 51.089334 1.570796 178.524218 -5.750000 281.057295 26.202920 1.274836
DYNAMIC_OBS_INFO 1 -1.750000 31.491851 1.570796 189.741759 -1.750000 292.243252 38.237095 2.626596
STATIC_OBS_INFO 0 -6.300000 60.033999 42.512746 
STATIC_OBS_INFO 1 -6.300000 64.723544 37.824809 
Parent: -51.237192 10.000000 101.000000 20.000000 15.150000 -13.280979 -10.000000 2.563589 34.000000 0.000000 0 0 1 0 0 0 0 0
Child: -13.280979 10.000000 101.000000 20.000000 15.150000 -6.761177 -10.000000 0.000000 0.000000 0.000000 0 0 1 0 0 0 0 0
Child: -6.761177 8.466223 86.000000 20.000000 12.900000 0.000000 -10.000000 0.000000 0.000000 0.000000 0 0 1 0 0 0 0 0
EGO_STATUS -5.250000 102.533777 12.800000 1.570796 9.847893 2.000000 0.980000
DYNAMIC_OBS_INFO 0 -5.750000 51.089334 1.570796 180.161184 -5.750000 283.683961 26.330404 1.274836
DYNAMIC_OBS_INFO 1 -1.750000 31.491851 1.570796 192.588430 -1.750000 296.080095 38.499755 2.626596
STATIC_OBS_INFO 0 -6.300000 60.033999 43.502145 
STATIC_OBS_INFO 1 -6.300000 64.723544 38.814132 
Parent: -50.487028 10.000000 101.000000 20.000000 15.150000 -13.430815 -10.000000 2.463589 33.000000 0.000000 0 0 1 0 0 0 0 0
Child: -13.430815 10.000000 101.000000 20.000000 15.150000 -6.911013 -10.000000 0.000000 0.000000 0.000000 0 0 1 0 0 0 0 0
Child: -6.911013 7.476529 76.000000 20.000000 11.400000 0.000000 -10.000000 0.000000 0.000000 0.000000 0 0 1 0 0 0 0 0
EGO_STATUS -5.250000 103.523471 12.900000 1.570796 9.945893 2.000000 0.980000
DYNAMIC_OBS_INFO 0 -5.750000 51.089334 1.570796 181.801103 -5.750000 286.323376 26.457887 1.274836
DYNAMIC_OBS_INFO 1 -1.750000 31.491851 1.570796 195.451583 -1.750000 299.943203 38.762414 2.626596
STATIC_OBS_INFO 0 -6.300000 60.033999 44.501350 
STATIC_OBS_INFO 1 -6.300000 64.723544 39.813265 
Parent: -49.741720 10.000000 101.000000 20.000000 15.150000 -13.585507 -10.000000 2.363589 32.000000 0.000000 0 0 1 0 0 0 0 0
Child: -13.585507 10.000000 101.000000 20.000000 15.150000 -7.065705 -10.000000 0.000000 0.000000 0.000000 0 0 1 0 0 0 0 0
Child: -7.065705 6.477040 66.000000 20.000000 9.900000 0.000000 -10.000000 0.000000 0.000000 0.000000 0 0 1 0 0 0 0 0
EGO_STATUS -5.250000 104.522960 13.000000 1.570796 10.043893 2.000000 0.980000
DYNAMIC_OBS_INFO 0 -5.750000 51.089334 1.570796 183.443966 -5.750000 288.975538 26.585371 1.274836
DYNAMIC_OBS_INFO 1 -1.750000 31.491851 1.570796 198.331209 -1.750000 303.832578 39.025074 2.626596
STATIC_OBS_INFO 0 -6.300000 60.033999 45.510369 
STATIC_OBS_INFO 1 -6.300000 64.723544 40.822215 
Parent: -49.003087 10.000000 101.000000 20.000000 15.150000 -13.746873 -10.000000 2.263588 31.000000 0.000000 0 0 1 0 0 0 0 0
Child: -13.746873 10.000000 101.000000 20.000000 15.150000 -7.227071 -10.000000 0.000000 0.000000 0.000000 0 0 1 0 0 0 0 0
Child: -7.227071 5.467747 56.000000 20.000000 8.400000 0.000000 -10.000000 0.000000 0.000000 0.000000 0 0 1 0 0 0 0 0
EGO_STATUS -5.250000 105.532253 13.100000 1.570796 10.141893 2.000000 0.980000
DYNAMIC_OBS_INFO 0 -5.750000 51.089334 1.570796 185.089775 -5.750000 291.640450 26.712854 1.274836
DYNAMIC_OBS_INFO 1 -1.750000 31.491851 1.570796 201.227309 -1.750000 307.748218 39.287734 2.626596
STATIC_OBS_INFO 0 -6.300000 60.033999 46.529200 
STATIC_OBS_INFO 1 -6.300000 64.723544 41.840983 
Parent: -48.274523 10.000000 101.000000 20.000000 15.150000 -13.918309 -10.000000 2.163588 30.000000 0.000000 0 0 1 0 0 0 0 0
Child: -13.918309 10.000000 101.000000 20.000000 15.150000 -7.398507 -10.000000 0.000000 0.000000 0.000000 0 0 1 0 0 0 0 0
Child: -7.398507 4.448650 46.000000 20.000000 6.900000 0.000000 -10.000000 0.000000 0.000000 0.000000 0 0 1 0 0 0 0 0
EGO_STATUS -5.250000 106.551350 13.200000 1.570796 10.239893 2.000000 0.980000
DYNAMIC_OBS_INFO 0 -5.750000 51.089334 1.570796 186.738530 -5.750000 294.318109 26.840338 1.274836
DYNAMIC_OBS_INFO 1 -1.750000 31.491851 1.570796 204.139882 -1.750000 311.690124 39.550393 2.626596
STATIC_OBS_INFO 0 -6.300000 60.033999 47.557842 
STATIC_OBS_INFO 1 -6.300000 64.723544 42.869565 
Parent: -63.298354 10.000000 101.000000 20.000000 15.150000 -20.626779 -10.000000 2.848228 39.000000 0.000000 0 0 1 0 0 0 0 0
Child: -20.626779 10.000000 101.000000 20.000000 15.150000 -14.106977 -10.000000 0.000000 0.000000 0.000000 0 0 1 0 0 0 0 0
Child: -14.106977 10.000000 101.000000 20.000000 15.150000 -7.587175 -10.000000 0.000000 0.000000 0.000000 0 0 1 0 0 0 0 0
Child: -7.587175 3.419751 36.000000 20.000000 5.400000 0.000000 -10.000000 0.000000 0.000000 0.000000 0 0 1 0 0 0 0 0
EGO_STATUS -5.250000 107.580249 13.300000 1.570796 10.337893 2.000000 0.980000
DYNAMIC_OBS_INFO 0 -5.750000 51.089334 1.570796 188.390232 -5.750000 297.008517 26.967821 1.274836
DYNAMIC_OBS_INFO 1 -1.750000 31.491851 1.570796 207.068930 -1.750000 315.658297 39.813053 2.626596
STATIC_OBS_INFO 0 -6.300000 60.033999 48.596294 
STATIC_OBS_INFO 1 -6.300000 64.723544 43.907961 
Parent: -62.549180 10.000000 101.000000 20.000000 15.150000 -20.777605 -10.000000 2.748227 38.000000 0.000000 0 0 1 0 0 0 0 0
Child: -20.777605 10.000000 101.000000 20.000000 15.150000 -14.257803 -10.000000 0.000000 0.000000 0.000000 0 0 1 0 0 0 0 0
Child: -14.257803 10.000000 101.000000 20.000000 15.150000 -7.738001 -10.000000 0.000000 0.000000 0.000000 0 0 1 0 0 0 0 0
Child: -7.738001 2.381051 25.000000 20.000000 3.750000 0.000000 -10.000000 0.000000 0.000000 0.000000 0 0 1 0 0 0 0 0
EGO_STATUS -5.250000 108.618949 13.400000 1.570796 10.435893 2.000000 0.980000
DYNAMIC_OBS_INFO 0 -5.750000 51.089334 1.570796 190.044882 -5.750000 299.711674 27.095305 1.274836
DYNAMIC_OBS_INFO 1 -1.750000 31.491851 1.570796 210.014453 -1.750000 319.652735 40.075712 2.626596
STATIC_OBS_INFO 0 -6.300000 60.033999 49.644555 
STATIC_OBS_INFO 1 -6.300000 64.723544 44.956169 
Parent: -61.934562 10.000000 101.000000 20.000000 15.150000 -21.062987 -10.000000 2.648226 37.000000 0.000000 0 0 1 0 0 0 0 0
Child: -21.062987 10.000000 101.000000 20.000000 15.150000 -14.543185 -10.000000 0.000000 0.000000 0.000000 0 0 1 0 0 0 0 0
Child: -14.543185 10.000000 101.000000 20.000000 15.150000 -8.023383 -10.000000 0.000000 0.000000 0.000000 0 0 1 0 0 0 0 0
Child: -8.023383 1.332551 15.000000 20.000000 2.250000 0.000000 -10.000000 0.000000 0.000000 0.000000 0 0 1 0 0 0 0 0
EGO_STATUS -5.250000 109.667449 13.500000 1.570796 10.533893 2.000000 0.980000
DYNAMIC_OBS_INFO 0 -5.750000 51.089334 1.570796 191.702482 -5.750000 302.427578 27.222789 1.274836
DYNAMIC_OBS_INFO 1 -1.750000 31.491851 1.570796 212.976451 -1.750000 323.673439 40.338372 2.626596
STATIC_OBS_INFO 0 -6.300000 60.033999 50.702623 
STATIC_OBS_INFO 1 -6.300000 64.723544 46.014186 
Parent: -61.598787 10.000000 101.000000 20.000000 15.150000 -21.627210 -10.000000 2.548225 36.000000 0.000000 0 0 1 0 0 0 0 0
Child: -21.627210 10.000000 101.000000 20.000000 15.150000 -15.107408 -10.000000 0.000000 0.000000 0.000000 0 0 1 0 0 0 0 0
Child: -15.107408 10.000000 101.000000 20.000000 15.150000 -8.587606 -10.000000 0.000000 0.000000 0.000000 0 0 1 0 0 0 0 0
Child: -8.587606 0.274251 4.000000 20.000000 0.600000 0.000000 -10.000000 0.000000 0.000000 0.000000 0 0 1 0 0 0 0 0
EGO_STATUS -5.250000 110.725749 13.600000 1.570796 10.631893 2.000000 0.980000
DYNAMIC_OBS_INFO 0 -5.750000 51.089334 1.570796 193.363037 -5.750000 305.156231 27.350272 1.274836
DYNAMIC_OBS_INFO 1 -1.750000 31.491851 1.570796 215.954933 -1.750000 327.720409 40.601032 2.626596
STATIC_OBS_INFO 0 -6.300000 60.033999 51.770491 
STATIC_OBS_INFO 1 -6.300000 64.723544 47.082006 
Parent: -52.251697 10.000000 101.000000 20.000000 15.150000 -13.180121 -10.000000 2.448225 35.000000 0.000000 0 0 1 0 0 0 0 0
Child: -13.180121 10.000000 101.000000 20.000000 15.150000 -6.660319 -10.000000 0.000000 0.000000 0.000000 0 0 1 0 0 0 0 0
Child: -6.660319 9.206160 94.000000 20.000000 14.100000 0.000000 -10.000000 0.000000 0.000000 0.000000 0 0 1 0 0 0 0 0
EGO_STATUS -5.250000 111.793840 13.700000 1.570796 10.729893 2.000000 0.980000
DYNAMIC_OBS_INFO 0 -5.750000 51.089334 1.570796 195.026537 -5.750000 307.897633 27.477756 1.274836
DYNAMIC_OBS_INFO 1 -1.750000 31.491851 1.570796 218.949885 -1.750000 331.793645 40.863691 2.626596
STATIC_OBS_INFO 0 -6.300000 60.033999 52.848170 
STATIC_OBS_INFO 1 -6.300000 64.723544 48.159641 
Parent: -51.513522 10.000000 101.000000 20.000000 15.150000 -13.341945 -10.000000 2.348225 34.000000 0.000000 0 0 1 0 0 0 0 0
Child: -13.341945 10.000000 101.000000 20.000000 15.150000 -6.822143 -10.000000 0.000000 0.000000 0.000000 0 0 1 0 0 0 0 0
Child: -6.822143 8.128263 83.000000 20.000000 12.450000 0.000000 -10.000000 0.000000 0.000000 0.000000 0 0 1 0 0 0 0 0
EGO_STATUS -5.250000 112.871737 13.800000 1.570796 10.827893 2.000000 0.980000
DYNAMIC_OBS_INFO 0 -5.750000 51.089334 1.570796 196.692987 -5.750000 310.651782 27.605239 1.274836
DYNAMIC_OBS_INFO 1 -1.750000 31.491851 1.570796 221.961314 -1.750000 335.893148 41.126351 2.626596
STATIC_OBS_INFO 0 -6.300000 60.033999 53.935653 
STATIC_OBS_INFO 1 -6.300000 64.723544 49.247082 
Parent: -50.779581 10.000000 101.000000 20.000000 15.150000 -13.508003 -10.000000 2.248224 33.000000 0.000000 0 0 1 0 0 0 0 0
Child: -13.508003 10.000000 101.000000 20.000000 15.150000 -6.988201 -10.000000 0.000000 0.000000 0.000000 0 0 1 0 0 0 0 0
Child: -6.988201 7.040569 72.000000 20.000000 10.800000 0.000000 -10.000000 0.000000 0.000000 0.000000 0 0 1 0 0 0 0 0
EGO_STATUS -5.250000 113.959431 13.900000 1.570796 10.925893 2.000000 0.980000
DYNAMIC_OBS_INFO 0 -5.750000 51.089334 1.570796 198.362390 -5.750000 313.418681 27.732723 1.274836
DYNAMIC_OBS_INFO 1 -1.750000 31.491851 1.570796 224.989220 -1.750000 340.018916 41.389010 2.626596
STATIC_OBS_INFO 0 -6.300000 60.033999 55.032940 
STATIC_OBS_INFO 1 -6.300000 64.723544 50.344328 
Parent: -49.051367 10.000000 101.000000 20.000000 15.150000 -13.679790 -10.000000 2.148224 31.000000 0.000000 0 0 1 0 0 0 0 0
Child: -13.679790 10.000000 101.000000 20.000000 15.150000 -7.159988 -10.000000 0.000000 0.000000 0.000000 0 0 1 0 0 0 0 0
Child: -7.159988 5.943079 61.000000 20.000000 9.150000 0.000000 -10.000000 0.000000 0.000000 0.000000 0 0 1 0 0 0 0 0
EGO_STATUS -5.250000 115.056921 14.000000 1.570796 11.023893 2.000000 0.980000
DYNAMIC_OBS_INFO 0 -5.750000 51.089334 1.570796 200.034739 -5.750000 316.198327 27.860206 1.274836
DYNAMIC_OBS_INFO 1 -1.750000 31.491851 1.570796 228.033598 -1.750000 344.170950 41.651670 2.626596
STATIC_OBS_INFO 0 -6.300000 60.033999 56.140034 
STATIC_OBS_INFO 1 -6.300000 64.723544 51.451384 
Parent: -48.331697 10.000000 101.000000 20.000000 15.150000 -13.860119 -10.000000 2.048224 30.000000 0.000000 0 0 1 0 0 0 0 0
Child: -13.860119 10.000000 101.000000 20.000000 15.150000 -7.340317 -10.000000 0.000000 0.000000 0.000000 0 0 1 0 0 0 0 0
Child: -7.340317 4.835787 50.000000 20.000000 7.500000 0.000000 -10.000000 0.000000 0.000000 0.000000 0 0 1 0 0 0 0 0
EGO_STATUS -5.250000 116.164213 14.100000 1.570796 11.121893 2.000000 0.980000
DYNAMIC_OBS_INFO 0 -5.750000 51.089334 1.570796 201.710034 -5.750000 318.990722 27.987690 1.274836
DYNAMIC_OBS_INFO 1 -1.750000 31.491851 1.570796 231.094448 -1.750000 348.349250 41.914330 2.626596
STATIC_OBS_INFO 0 -6.300000 60.033999 57.256937 
STATIC_OBS_INFO 1 -6.300000 64.723544 52.568251 
Parent: -63.424608 10.000000 102.000000 20.000000 15.300000 -20.574778 -10.000000 2.689386 39.000000 0.000000 0 0 1 0 0 0 0 0
Child: -20.574778 10.000000 101.000000 20.000000 15.150000 -14.054976 -10.000000 0.000000 0.000000 0.000000 0 0 1 0 0 0 0 0
Child: -14.054976 10.000000 101.000000 20.000000 15.150000 -7.535174 -10.000000 0.000000 0.000000 0.000000 0 0 1 0 0 0 0 0
Child: -7.535174 3.718692 39.000000 20.000000 5.850000 0.000000 -10.000000 0.000000 0.000000 0.000000 0 0 1 0 0 0 0 0
EGO_STATUS -5.250000 117.281308 14.200000 1.570796 11.219893 2.000000 0.980000
DYNAMIC_OBS_INFO 0 -5.750000 51.089334 1.570796 203.388275 -5.750000 321.795865 28.115174 1.274836
DYNAMIC_OBS_INFO 1 -1.750000 31.491851 1.570796 234.171768 -1.750000 352.553816 42.176989 2.626596
STATIC_OBS_INFO 0 -6.300000 60.033999 58.383648 
STATIC_OBS_INFO 1 -6.300000 64.723544 53.694928 
Parent: -62.680816 10.000000 102.000000 20.000000 15.300000 -20.730986 -10.000000 2.589385 38.000000 0.000000 0 0 1 0 0 0 0 0
Child: -20.730986 10.000000 101.000000 20.000000 15.150000 -14.211184 -10.000000 0.000000 0.000000 0.000000 0 0 1 0 0 0 0 0
Child: -14.211184 10.000000 101.000000 20.000000 15.150000 -7.691382 -10.000000 0.000000 0.000000 0.000000 0 0 1 0 0 0 0 0
Child: -7.691382 2.591795 27.000000 20.000000 4.050000 0.000000 -10.000000 0.000000 0.000000 0.000000 0 0 1 0 0 0 0 0
EGO_STATUS -5.250000 118.408205 14.300000 1.570796 11.317893 2.000000 0.980000
DYNAMIC_OBS_INFO 0 -5.750000 51.089334 1.570796 205.069464 -5.750000 324.613757 28.242657 1.274836
DYNAMIC_OBS_INFO 1 -1.750000 31.491851 1.570796 237.265561 -1.750000 356.784647 42.439649 2.626596
STATIC_OBS_INFO 0 -6.300000 60.033999 59.520166 
STATIC_OBS_INFO 1 -6.300000 64.723544 54.831413 
Parent: -62.052298 10.000000 102.000000 20.000000 15.300000 -21.002468 -10.000000 2.489385 37.000000 0.000000 0 0 1 0 0 0 0 0
Child: -21.002468 10.000000 101.000000 20.000000 15.150000 -14.482666 -10.000000 0.000000 0.000000 0.000000 0 0 1 0 0 0 0 0
Child: -14.482666 10.000000 101.000000 20.000000 15.150000 -7.962864 -10.000000 0.000000 0.000000 0.000000 0 0 1 0 0 0 0 0
Child: -7.962864 1.455097 16.000000 20.000000 2.400000 0.000000 -10.000000 0.000000 0.000000 0.000000 0 0 1 0 0 0 0 0
EGO_STATUS -5.250000 119.544903 14.400000 1.570796 11.415893 2.000000 0.980000
DONE
FINISHED
