STATIC_OBS_INIT_INFO 0 -6.300000 60.234897
STATIC_OBS_INIT_INFO 1 -6.300000 76.967084
Parent: -28.815172 10.000000 101.000000 0.000000 15.150000 17.541360 -10.000000 2.143468 40.000000 0.000000 0 0 0 0 0 0 0 0
Child: 17.541360 24.221621 244.000000 11.941866 265.500000 0.000000 -10.000000 0.000000 0.000000 0.000000 0 0 0 0 0 0 0 0
EGO_STATUS -5.750000 13.787220 0.000000 1.570796 15.965537 4.000000 0.000000
DYNAMIC_OBS_INFO 0 -5.750000 31.845728 1.570796 16.461954 -5.750000 31.845728 14.891454 1.287732
DYNAMIC_OBS_INFO 1 -1.750000 31.121915 1.570796 16.238503 -1.750000 31.121915 8.285253 2.625903
STATIC_OBS_INFO 0 -6.300000 60.234897 44.854496 
STATIC_OBS_INFO 1 -6.300000 76.967084 61.585766 
Parent: 276.110823 10.000000 102.000000 0.000000 3315.300000 6.411594 -10.000000 2.669817 48.000000 0.000000 0 0 0 0 0 0 0 0
Child: 6.411594 10.000000 101.000000 0.000000 15.150000 14.911594 -10.000000 0.000000 0.000000 0.000000 0 0 0 0 0 0 0 0
Child: 14.911594 22.625068 228.000000 11.942054 239.100000 0.000000 -10.000000 0.000000 0.000000 0.000000 0 0 0 0 0 0 0 0
EGO_STATUS -5.749988 15.383774 0.100000 1.570761 15.965537 4.000000 0.000000
DYNAMIC_OBS_INFO 0 -5.750000 31.845728 1.570796 16.360984 -5.750000 33.341312 15.020227 1.287732
DYNAMIC_OBS_INFO 1 -1.750000 31.121915 1.570796 14.696321 -1.750000 31.121915 8.285253 2.625903
STATIC_OBS_INFO 0 -6.300000 60.234897 43.258071 
STATIC_OBS_INFO 1 -6.300000 76.967084 59.989281 
Parent: 274.381742 10.000000 102.000000 0.000000 3315.300000 3.782513 -10.000000 2.569817 47.000000 0.000000 0 0 0 0 0 0 0 0
Child: 3.782513 10.000000 101.000000 0.000000 15.150000 12.282513 -10.000000 0.000000 0.000000 0.000000 0 0 0 0 0 0 0 0
Child: 12.282513 21.028514 212.000000 11.942253 212.700000 0.000000 -10.000000 0.000000 0.000000 0.000000 0 0 0 0 0 0 0 0
EGO_STATUS -5.749668 16.980327 0.200000 1.570303 15.965537 4.000000 0.000000
DYNAMIC_OBS_INFO 0 -5.750000 31.845728 1.570796 16.272893 -5.750000 34.849773 15.149000 1.287732
DYNAMIC_OBS_INFO 1 -1.750000 31.121915 1.570796 13.166630 -1.750000 31.121915 8.285253 2.625903
STATIC_OBS_INFO 0 -6.300000 60.234897 41.661678 
STATIC_OBS_INFO 1 -6.300000 76.967084 58.392815 
Parent: 188.801600 20.435104 206.000000 34.274715 2061.400000 20.993825 0.000000 4.917819 45.000000 0.000000 0 0 1 0 0 0 0 0
Child: 20.993825 19.431961 196.000000 25.453710 186.300000 0.000000 0.000000 0.000000 0.000000 0.000000 0 0 0 1 0 0 0 0
EGO_STATUS -5.747780 18.576880 0.300000 1.568663 15.965537 4.000000 0.000000
DYNAMIC_OBS_INFO 0 -5.750000 31.845728 1.570796 16.227119 -5.750000 36.371112 15.277774 1.287732
DYNAMIC_OBS_INFO 1 -1.750000 31.121915 1.570796 11.681214 -1.750000 31.121915 8.285253 2.625903
STATIC_OBS_INFO 0 -6.300000 60.234897 40.094786 
STATIC_OBS_INFO 1 -6.300000 76.967084 56.825829 
Parent: 178.133690 20.435104 206.000000 34.274635 2061.400000 8.425907 0.000000 4.817836 43.000000 0.000000 0 0 1 0 0 0 0 0
Child: 8.425907 17.864835 180.000000 25.453168 160.200000 0.000000 -10.000000 0.000000 0.000000 0.000000 0 0 0 1 0 0 0 0
EGO_STATUS -5.741994 20.143995 0.400000 1.565200 15.377537 1.000000 -5.880000
DYNAMIC_OBS_INFO 0 -5.750000 31.845728 1.570796 16.253054 -5.750000 37.905328 15.406547 1.287732
DYNAMIC_OBS_INFO 1 -1.750000 31.121915 1.570796 10.271912 -1.750000 31.121915 8.285253 2.625903
STATIC_OBS_INFO 0 -6.300000 60.234897 38.586825 
STATIC_OBS_INFO 1 -6.300000 76.967084 55.317737 
Parent: 176.558159 20.435104 206.000000 34.274605 2061.400000 5.950372 0.000000 4.717843 42.000000 0.000000 0 0 1 0 0 0 0 0
Child: 5.950372 16.356492 165.000000 25.453164 135.450000 0.000000 -10.000000 0.000000 0.000000 0.000000 0 0 0 1 0 0 0 0
EGO_STATUS -5.729738 21.652286 0.500000 1.559804 14.789537 1.000000 -5.880000
DYNAMIC_OBS_INFO 0 -5.750000 31.845728 1.570796 16.350822 -5.750000 39.452421 15.535320 1.287732
DYNAMIC_OBS_INFO 1 -1.750000 31.121915 1.570796 8.944148 -1.750000 31.121915 8.285253 2.625903
STATIC_OBS_INFO 0 -6.300000 60.234897 37.137950 
STATIC_OBS_INFO 1 -6.300000 76.967084 53.868675 
Parent: 175.993466 20.435104 206.000000 34.274500 2061.400000 3.485666 0.000000 4.617866 40.000000 0.000000 0 0 1 0 0 0 0 0
Child: 3.485666 14.906975 151.000000 25.452871 111.150000 0.000000 -10.000000 0.000000 0.000000 0.000000 0 0 0 1 0 0 0 0
EGO_STATUS -5.708934 23.101651 0.600000 1.552836 14.201537 1.000000 -5.880000
DYNAMIC_OBS_INFO 0 -5.750000 31.845728 1.570796 16.520489 -5.750000 41.012392 15.664093 1.287732
DYNAMIC_OBS_INFO 1 -1.750000 31.121915 1.570796 7.706427 -1.750000 31.121915 8.285253 2.625903
STATIC_OBS_INFO 0 -6.300000 60.234897 35.748241 
STATIC_OBS_INFO 1 -6.300000 76.967084 52.478705 
Parent: 357.628556 30.290952 304.000000 11.715209 3932.100000 9.586593 0.000000 4.075131 49.000000 0.000000 0 0 0 0 0 0 0 0
Child: 9.586593 13.516235 137.000000 5.819307 91.350000 0.000000 0.000000 0.000000 0.000000 0.000000 0 0 0 0 0 0 0 0
EGO_STATUS -5.678614 24.492057 0.700000 1.545036 13.613537 1.000000 -5.880000
DYNAMIC_OBS_INFO 0 -5.750000 31.845728 1.570796 16.747516 -5.750000 42.585240 15.792866 1.287732
DYNAMIC_OBS_INFO 1 -1.750000 31.121915 1.570796 6.560518 -1.750000 31.121915 8.285253 2.625903
STATIC_OBS_INFO 0 -6.300000 60.234897 34.403161 
STATIC_OBS_INFO 1 -6.300000 76.967084 51.133267 
Parent: 346.715642 30.290952 304.000000 11.715195 3932.100000 -2.226323 0.000000 3.975134 48.000000 0.000000 0 0 0 0 0 0 0 0
Child: -2.226323 12.169602 123.000000 5.819721 72.750000 0.000000 -10.000000 0.000000 0.000000 0.000000 0 0 0 0 0 0 0 0
EGO_STATUS -5.638654 25.838094 0.800000 1.537254 13.319537 3.000000 -2.940000
DYNAMIC_OBS_INFO 0 -5.750000 31.845728 1.570796 17.017291 -5.750000 44.170965 15.921639 1.287732
DYNAMIC_OBS_INFO 1 -1.750000 31.121915 1.570796 5.521344 -1.750000 31.121915 8.285253 2.625903
STATIC_OBS_INFO 0 -6.300000 60.234897 33.088092 
STATIC_OBS_INFO 1 -6.300000 76.967084 49.817719 
Parent: 346.921197 30.290952 304.000000 11.715187 3932.100000 -3.920770 0.000000 3.875137 46.000000 0.000000 0 0 0 0 0 0 0 0
Child: -3.920770 10.852361 110.000000 5.819337 55.800000 0.000000 -10.000000 0.000000 0.000000 0.000000 0 0 0 0 0 0 0 0
EGO_STATUS -5.589828 27.154427 0.900000 1.530408 13.025537 3.000000 -2.940000
DYNAMIC_OBS_INFO 0 -5.750000 31.845728 1.570796 17.329831 -5.750000 45.769568 16.050413 1.287732
DYNAMIC_OBS_INFO 1 -1.750000 31.121915 1.570796 4.637746 -1.750000 31.121915 8.285253 2.625903
STATIC_OBS_INFO 0 -6.300000 60.234897 31.803036 
STATIC_OBS_INFO 1 -6.300000 76.967084 48.532045 
Parent: 181.105059 20.435104 206.000000 12.139620 2061.400000 6.542370 0.000000 3.868525 35.000000 0.000000 0 0 0 0 0 0 0 0
Child: 6.542370 9.564517 97.000000 24.200439 42.150000 0.000000 0.000000 0.000000 0.000000 0.000000 0 0 0 1 0 0 0 0
EGO_STATUS -5.534415 28.441077 1.000000 1.525478 12.731537 3.000000 -2.940000
DYNAMIC_OBS_INFO 0 -5.750000 31.845728 1.570796 17.699734 -5.750000 47.381048 16.179186 1.287732
DYNAMIC_OBS_INFO 1 -1.750000 31.121915 1.570796 3.994417 -1.750000 31.121915 8.285253 2.625903
STATIC_OBS_INFO 0 -6.300000 60.234897 30.562568 
STATIC_OBS_INFO 1 -6.300000 76.967084 47.290828 
Parent: 168.681535 28.698240 288.000000 22.863127 2064.100000 0.000000 -10.000000 4.722615 34.000000 0.000000 0 0 0 1 0 0 0 0
EGO_STATUS -5.476408 29.683428 1.100000 1.523291 12.143537 1.000000 -5.880000
DYNAMIC_OBS_INFO 0 -5.750000 31.845728 1.570796 18.141372 -5.750000 49.005405 16.307959 1.287732
DYNAMIC_OBS_INFO 1 -1.750000 31.121915 1.570796 3.679206 -1.750000 31.121915 8.285253 2.625903
STATIC_OBS_INFO 0 -6.300000 60.234897 29.381040 
STATIC_OBS_INFO 1 -6.300000 76.967084 46.108448 
Parent: 170.025779 27.513286 277.000000 22.863443 2073.950000 0.000000 -10.000000 4.757805 33.000000 0.000000 0 0 0 1 0 0 0 0
EGO_STATUS -5.420366 30.867028 1.200000 1.524171 11.555537 1.000000 -5.880000
DYNAMIC_OBS_INFO 0 -5.750000 31.845728 1.570796 18.654532 -5.750000 50.642639 16.436732 1.287732
DYNAMIC_OBS_INFO 1 -1.750000 31.121915 1.570796 3.722675 -1.750000 31.121915 8.285253 2.625903
STATIC_OBS_INFO 0 -6.300000 60.234897 28.258232 
STATIC_OBS_INFO 1 -6.300000 76.967084 44.984720 
Parent: 169.226071 26.387160 265.000000 22.863004 2050.150000 0.000000 -10.000000 4.807483 32.000000 0.000000 0 0 0 1 0 0 0 0
EGO_STATUS -5.369570 31.991987 1.300000 1.527505 10.967537 1.000000 -5.880000
DYNAMIC_OBS_INFO 0 -5.750000 31.845728 1.570796 19.239052 -5.750000 52.292751 16.565505 1.287732
DYNAMIC_OBS_INFO 1 -1.750000 31.121915 1.570796 4.066392 -1.750000 31.121915 8.285253 2.625903
STATIC_OBS_INFO 0 -6.300000 60.234897 27.193978 
STATIC_OBS_INFO 1 -6.300000 76.967084 43.919514 
Parent: 171.882626 25.319854 255.000000 22.863461 2061.950000 0.000000 -10.000000 4.874107 30.000000 0.000000 0 0 0 1 0 0 0 0
EGO_STATUS -5.325704 33.058378 1.400000 1.531957 10.379537 1.000000 -5.880000
DYNAMIC_OBS_INFO 0 -5.750000 31.845728 1.570796 19.894862 -5.750000 53.955741 16.694279 1.287732
DYNAMIC_OBS_INFO 1 -1.750000 31.121915 1.570796 4.603402 -1.750000 31.121915 8.285253 2.625903
STATIC_OBS_INFO 0 -6.300000 60.234897 26.188204 
STATIC_OBS_INFO 1 -6.300000 76.967084 42.912774 
Parent: 313.341759 34.197798 343.000000 9.367265 3489.550000 0.000000 0.000000 3.492587 39.000000 0.000000 0 0 0 0 0 0 0 0
EGO_STATUS -5.288691 34.066228 1.500000 1.536100 9.791537 1.000000 -5.880000
DYNAMIC_OBS_INFO 0 -5.750000 31.845728 1.570796 20.592685 -5.750000 55.631607 16.823052 1.287732
DYNAMIC_OBS_INFO 1 -1.750000 31.121915 1.570796 5.261457 -1.750000 31.121915 8.285253 2.625903
STATIC_OBS_INFO 0 -6.300000 60.234897 25.211671 
STATIC_OBS_INFO 1 -6.300000 76.967084 41.935233 
Parent: 304.990752 33.218649 334.000000 9.367265 3505.700000 0.000000 -10.000000 3.392588 38.000000 0.000000 0 0 0 0 0 0 0 0
EGO_STATUS -5.256219 35.044842 1.600000 1.538850 9.791537 4.000000 0.000000
DYNAMIC_OBS_INFO 0 -5.750000 31.845728 1.570796 21.303299 -5.750000 57.320351 16.951825 1.287732
DYNAMIC_OBS_INFO 1 -1.750000 31.121915 1.570796 6.008671 -1.750000 31.121915 8.285253 2.625903
STATIC_OBS_INFO 0 -6.300000 60.234897 24.235222 
STATIC_OBS_INFO 1 -6.300000 76.967084 40.957672 
Parent: -9.295647 11.982788 121.000000 23.557135 29.550000 0.000000 0.000000 2.445084 17.000000 0.000000 0 0 0 1 0 0 0 0
EGO_STATUS -5.225410 36.023511 1.700000 1.539375 9.791537 4.000000 0.000000
DYNAMIC_OBS_INFO 0 -5.750000 31.845728 1.570796 22.056277 -5.750000 59.021972 17.080598 1.287732
DYNAMIC_OBS_INFO 1 -1.750000 31.121915 1.570796 6.789559 -1.750000 31.121915 8.285253 2.625903
STATIC_OBS_INFO 0 -6.300000 60.234897 23.288453 
STATIC_OBS_INFO 1 -6.300000 76.967084 40.009667 
Parent: 694.974168 20.435104 206.000000 32.682832 7261.400000 3.436425 0.000000 4.968125 37.000000 0.000000 0 0 1 0 0 0 0 0
Child: 3.436425 11.033118 112.000000 6.384027 28.500000 0.000000 0.000000 0.000000 0.000000 0.000000 0 0 0 0 0 0 0 0
EGO_STATUS -5.194796 36.972684 1.800000 1.537375 9.203537 1.000000 -5.880000
DYNAMIC_OBS_INFO 0 -5.750000 31.845728 1.570796 22.866222 -5.750000 60.736470 17.209371 1.287732
DYNAMIC_OBS_INFO 1 -1.750000 31.121915 1.570796 6.828475 -1.750000 31.963570 8.547844 2.625903
STATIC_OBS_INFO 0 -6.300000 60.234897 22.386000 
STATIC_OBS_INFO 1 -6.300000 76.967084 39.105831 
Parent: 685.734970 20.435104 206.000000 32.682819 7261.400000 -6.702776 0.000000 4.868129 36.000000 0.000000 0 0 1 0 0 0 0 0
Child: -6.702776 10.127474 103.000000 6.383933 27.150000 0.000000 -10.000000 0.000000 0.000000 0.000000 0 0 0 0 0 0 0 0
EGO_STATUS -5.163241 37.877778 1.900000 1.534620 8.909537 3.000000 -2.940000
DYNAMIC_OBS_INFO 0 -5.750000 31.845728 1.570796 23.718519 -5.750000 62.463846 17.338144 1.287732
DYNAMIC_OBS_INFO 1 -1.750000 31.121915 1.570796 6.819136 -1.750000 32.831484 8.810434 2.625903
STATIC_OBS_INFO 0 -6.300000 60.234897 21.513275 
STATIC_OBS_INFO 1 -6.300000 76.967084 38.231555 
Parent: 686.504943 20.435104 206.000000 32.682769 7261.400000 -6.832816 0.000000 4.768147 35.000000 0.000000 0 0 1 0 0 0 0 0
Child: -6.832816 9.251255 94.000000 6.381070 25.800000 0.000000 -10.000000 0.000000 0.000000 0.000000 0 0 0 0 0 0 0 0
EGO_STATUS -5.131047 38.753404 2.000000 1.534062 8.615537 3.000000 -2.940000
DYNAMIC_OBS_INFO 0 -5.750000 31.845728 1.570796 24.612970 -5.750000 64.204099 17.466918 1.287732
DYNAMIC_OBS_INFO 1 -1.750000 31.121915 1.570796 6.762774 -1.750000 33.725657 9.073024 2.625903
STATIC_OBS_INFO 0 -6.300000 60.234897 20.670006 
STATIC_OBS_INFO 1 -6.300000 76.967084 37.386626 
Parent: 687.236165 20.435104 206.000000 32.682696 7261.400000 -7.001613 0.000000 4.668173 34.000000 0.000000 0 0 1 0 0 0 0 0
Child: -7.001613 8.404452 86.000000 6.381510 24.300000 0.000000 -10.000000 0.000000 0.000000 0.000000 0 0 0 0 0 0 0 0
EGO_STATUS -5.101262 39.599680 2.100000 1.538042 8.321537 3.000000 -2.940000
DYNAMIC_OBS_INFO 0 -5.750000 31.845728 1.570796 25.549305 -5.750000 65.957230 17.595691 1.287732
DYNAMIC_OBS_INFO 1 -1.750000 31.121915 1.570796 6.661524 -1.750000 34.646089 9.335614 2.625903
STATIC_OBS_INFO 0 -6.300000 60.234897 19.855775 
STATIC_OBS_INFO 1 -6.300000 76.967084 36.570743 
Parent: 687.820856 20.435104 206.000000 32.682650 7261.400000 -7.316935 0.000000 4.568190 33.000000 0.000000 0 0 1 0 0 0 0 0
Child: -7.316935 7.587031 77.000000 6.380154 20.850000 0.000000 -10.000000 0.000000 0.000000 0.000000 0 0 0 0 0 0 0 0
EGO_STATUS -5.077941 40.416765 2.200000 1.547379 8.027537 3.000000 -2.940000
DYNAMIC_OBS_INFO 0 -5.750000 31.845728 1.570796 26.527415 -5.750000 67.723237 17.724464 1.287732
DYNAMIC_OBS_INFO 1 -1.750000 31.121915 1.570796 6.517721 -1.750000 35.592780 9.598205 2.625903
STATIC_OBS_INFO 0 -6.300000 60.234897 19.070272 
STATIC_OBS_INFO 1 -6.300000 76.967084 35.783736 
Parent: 688.366160 20.435104 206.000000 32.682613 7261.400000 -7.671640 0.000000 4.468203 32.000000 0.000000 0 0 1 0 0 0 0 0
Child: -7.671640 6.799003 69.000000 6.379475 17.250000 0.000000 -10.000000 0.000000 0.000000 0.000000 0 0 0 0 0 0 0 0
EGO_STATUS -5.064712 41.204675 2.300000 1.561324 7.733537 3.000000 -2.940000
DYNAMIC_OBS_INFO 0 -5.750000 31.845728 1.570796 27.547418 -5.750000 69.502123 17.853237 1.287732
DYNAMIC_OBS_INFO 1 -1.750000 31.121915 1.570796 6.333563 -1.750000 36.565730 9.860795 2.625903
STATIC_OBS_INFO 0 -6.300000 60.234897 18.313419 
STATIC_OBS_INFO 1 -6.300000 76.967084 35.025654 
Parent: 687.930456 20.435104 206.000000 32.682522 7261.400000 -8.007368 0.000000 4.368235 32.000000 0.000000 0 0 1 0 0 0 0 0
Child: -8.007368 6.040413 62.000000 6.352772 14.100000 0.000000 -10.000000 0.000000 0.000000 0.000000 0 0 0 0 0 0 0 0
EGO_STATUS -5.063720 41.963255 2.400000 1.577921 7.439537 3.000000 -2.940000
DYNAMIC_OBS_INFO 0 -5.750000 31.845728 1.570796 28.609496 -5.750000 71.293885 17.982010 1.287732
DYNAMIC_OBS_INFO 1 -1.750000 31.121915 1.570796 6.111163 -1.750000 37.564939 10.123385 2.625903
STATIC_OBS_INFO 0 -6.300000 60.234897 17.585261 
STATIC_OBS_INFO 1 -6.300000 76.967084 34.296615 
Parent: 688.411036 20.435104 206.000000 32.682437 7261.400000 -8.426809 0.000000 4.268266 31.000000 0.000000 0 0 1 0 0 0 0 0
Child: -8.426809 5.311219 55.000000 5.641077 10.650000 0.000000 -10.000000 0.000000 0.000000 0.000000 0 0 0 0 0 0 0 0
EGO_STATUS -5.075048 42.692352 2.500000 1.594574 7.145537 3.000000 -2.940000
DYNAMIC_OBS_INFO 0 -5.750000 31.845728 1.570796 29.713844 -5.750000 73.098525 18.110783 1.287732
DYNAMIC_OBS_INFO 1 -1.750000 31.121915 1.570796 5.852780 -1.750000 38.590407 10.385976 2.625903
STATIC_OBS_INFO 0 -6.300000 60.234897 16.885958 
STATIC_OBS_INFO 1 -6.300000 76.967084 33.596775 
Parent: 688.855012 20.435104 206.000000 32.682435 7261.400000 -8.882834 0.000000 4.168266 30.000000 0.000000 0 0 1 0 0 0 0 0
Child: -8.882834 4.611366 48.000000 4.128655 7.500000 0.000000 -10.000000 0.000000 0.000000 0.000000 0 0 0 0 0 0 0 0
EGO_STATUS -5.096800 43.391861 2.600000 1.608676 6.851537 3.000000 -2.940000
DYNAMIC_OBS_INFO 0 -5.750000 31.845728 1.570796 30.860738 -5.750000 74.916042 18.239557 1.287732
DYNAMIC_OBS_INFO 1 -1.750000 31.121915 1.570796 5.561181 -1.750000 39.642134 10.648566 2.625903
STATIC_OBS_INFO 0 -6.300000 60.234897 16.215857 
STATIC_OBS_INFO 1 -6.300000 76.967084 32.926413 
Parent: -5.079788 3.940983 41.000000 22.148250 6.150000 0.000000 0.000000 1.200141 9.000000 0.000000 0 0 0 1 0 0 0 0
EGO_STATUS -5.125628 44.061621 2.700000 1.618074 6.557537 3.000000 -2.940000
DYNAMIC_OBS_INFO 0 -5.750000 31.845728 1.570796 32.062753 -5.750000 76.746436 18.368330 1.287732
DYNAMIC_OBS_INFO 1 -1.750000 31.121915 1.570796 5.230581 -1.750000 40.720120 10.911156 2.625903
STATIC_OBS_INFO 0 -6.300000 60.234897 15.587710 
STATIC_OBS_INFO 1 -6.300000 76.967084 32.298153 
Parent: -15.309212 3.312661 35.000000 22.121010 5.250000 0.000000 -10.000000 1.100191 9.000000 0.000000 0 0 0 1 0 0 0 0
EGO_STATUS -5.156699 44.689173 2.800000 1.621485 6.011972 7.000000 -5.455642
DYNAMIC_OBS_INFO 0 -5.750000 31.845728 1.570796 33.332289 -5.750000 78.589708 18.497103 1.287732
DYNAMIC_OBS_INFO 1 -1.750000 31.121915 1.570796 4.860077 -1.750000 41.824365 11.173746 2.625903
STATIC_OBS_INFO 0 -6.300000 60.234897 15.014129 
STATIC_OBS_INFO 1 -6.300000 76.967084 31.724470 
Parent: -14.500088 2.738915 29.000000 22.116701 4.350000 0.000000 -10.000000 1.000255 8.000000 0.000000 0 0 0 1 0 0 0 0
EGO_STATUS -5.185350 45.262202 2.900000 1.619169 5.466434 7.000000 -5.455389
DYNAMIC_OBS_INFO 0 -5.750000 31.845728 1.570796 34.669222 -5.750000 80.445857 18.625876 1.287732
DYNAMIC_OBS_INFO 1 -1.750000 31.121915 1.570796 4.466565 -1.750000 42.954869 11.436337 2.625903
STATIC_OBS_INFO 0 -6.300000 60.234897 14.495164 
STATIC_OBS_INFO 1 -6.300000 76.967084 31.205308 
Parent: 886.514180 10.000000 102.000000 20.000000 2075.700000 724.278810 -10.000000 4.774585 38.000000 0.000000 0 0 1 0 0 0 0 0
Child: 724.278810 20.435104 206.000000 33.748891 7261.400000 0.603439 0.000000 0.000000 0.000000 0.000000 0 0 1 0 0 0 0 0
Child: 0.603439 2.219724 24.000000 2.924471 3.600000 0.000000 0.000000 0.000000 0.000000 0.000000 0 0 0 0 0 0 0 0
EGO_STATUS -5.208901 45.780857 3.000000 1.612560 4.920929 7.000000 -5.455042
DYNAMIC_OBS_INFO 0 -5.750000 31.845728 1.570796 36.046066 -5.750000 82.314883 18.754649 1.287732
DYNAMIC_OBS_INFO 1 -1.750000 31.121915 1.570796 4.093976 -1.750000 44.111632 11.698927 2.625903
STATIC_OBS_INFO 0 -6.300000 60.234897 14.003444 
STATIC_OBS_INFO 1 -6.300000 76.967084 30.713218 
Parent: 877.335611 10.000000 102.000000 20.000000 2075.700000 714.200242 -10.000000 4.674585 37.000000 0.000000 0 0 1 0 0 0 0 0
Child: 714.200242 20.435104 206.000000 33.748891 7261.400000 -9.475130 0.000000 0.000000 0.000000 0.000000 0 0 1 0 0 0 0 0
Child: -9.475130 1.727631 19.000000 2.922376 2.850000 0.000000 -10.000000 0.000000 0.000000 0.000000 0 0 0 0 0 0 0 0
EGO_STATUS -5.227186 46.272608 3.100000 1.602959 4.920929 4.000000 0.000000
DYNAMIC_OBS_INFO 0 -5.750000 31.845728 1.570796 37.435732 -5.750000 84.196786 18.883423 1.287732
DYNAMIC_OBS_INFO 1 -1.750000 31.121915 1.570796 3.787089 -1.750000 45.294654 11.961517 2.625903
STATIC_OBS_INFO 0 -6.300000 60.234897 13.511997 
STATIC_OBS_INFO 1 -6.300000 76.967084 30.221146 
Parent: 877.153943 10.000000 102.000000 20.000000 2075.700000 714.118573 -10.000000 4.574585 37.000000 0.000000 0 0 1 0 0 0 0 0
Child: 714.118573 20.435104 206.000000 33.748891 7261.400000 -9.556799 0.000000 0.000000 0.000000 0.000000 0 0 1 0 0 0 0 0
Child: -9.556799 1.235538 14.000000 2.921959 2.100000 0.000000 -10.000000 0.000000 0.000000 0.000000 0 0 0 0 0 0 0 0
EGO_STATUS -5.240204 46.764526 3.200000 1.591417 4.920929 4.000000 0.000000
DYNAMIC_OBS_INFO 0 -5.750000 31.845728 1.570796 38.838256 -5.750000 86.091567 19.012196 1.287732
DYNAMIC_OBS_INFO 1 -1.750000 31.121915 1.570796 3.577554 -1.750000 46.503936 12.224107 2.625903
STATIC_OBS_INFO 0 -6.300000 60.234897 13.020943 
STATIC_OBS_INFO 1 -6.300000 76.967084 29.729159 
Parent: 877.930980 10.000000 102.000000 20.000000 2075.700000 713.995610 -10.000000 4.474585 36.000000 0.000000 0 0 1 0 0 0 0 0
Child: 713.995610 20.435104 206.000000 33.748891 7261.400000 -9.679762 0.000000 0.000000 0.000000 0.000000 0 0 1 0 0 0 0 0
Child: -9.679762 0.743445 9.000000 2.526743 1.350000 0.000000 -10.000000 0.000000 0.000000 0.000000 0 0 0 0 0 0 0 0
EGO_STATUS -5.247491 47.256562 3.300000 1.580083 4.920929 4.000000 0.000000
DYNAMIC_OBS_INFO 0 -5.750000 31.845728 1.570796 40.253685 -5.750000 87.999226 19.140969 1.287732
DYNAMIC_OBS_INFO 1 -1.750000 31.121915 1.570796 3.499902 -1.750000 47.739476 12.486698 2.625903
STATIC_OBS_INFO 0 -6.300000 60.234897 12.530330 
STATIC_OBS_INFO 1 -6.300000 76.967084 29.237300 
Parent: 877.623930 10.000000 102.000000 20.000000 2075.700000 713.788560 -10.000000 4.374585 36.000000 0.000000 0 0 1 0 0 0 0 0
Child: 713.788560 20.435104 206.000000 33.748891 7261.400000 -9.886812 0.000000 0.000000 0.000000 0.000000 0 0 1 0 0 0 0 0
Child: -9.886812 0.251352 4.000000 1.201272 0.600000 0.000000 -10.000000 0.000000 0.000000 0.000000 0 0 0 0 0 0 0 0
EGO_STATUS -5.249890 47.748648 3.400000 1.572140 4.920929 4.000000 0.000000
DYNAMIC_OBS_INFO 0 -5.750000 31.845728 1.570796 41.680799 -5.750000 89.919761 19.269742 1.287732
DYNAMIC_OBS_INFO 1 -1.750000 31.121915 1.570796 3.581350 -1.750000 49.001275 12.749288 2.625903
STATIC_OBS_INFO 0 -6.300000 60.234897 12.038819 
STATIC_OBS_INFO 1 -6.300000 76.967084 28.744309 
Parent: 869.876778 10.000000 102.000000 20.000000 2075.700000 705.141425 -10.000000 4.274568 35.000000 0.000000 0 0 1 0 0 0 0 0
Child: 705.141425 20.193032 203.000000 33.747290 7155.550000 0.000000 -10.000000 0.000000 0.000000 0.000000 0 0 1 0 0 0 0 0
EGO_STATUS -5.249930 48.241962 3.500000 1.570057 4.968873 2.000000 0.980000
DYNAMIC_OBS_INFO 0 -5.750000 31.845728 1.570796 43.112344 -5.750000 91.853174 19.398515 1.287732
DYNAMIC_OBS_INFO 1 -1.750000 31.121915 1.570796 3.824563 -1.750000 50.289333 13.011878 2.625903
STATIC_OBS_INFO 0 -6.300000 60.234897 11.539171 
STATIC_OBS_INFO 1 -6.300000 76.967084 28.242921 
Parent: 869.541788 10.000000 102.000000 20.000000 2075.700000 704.906435 -10.000000 4.174569 35.000000 0.000000 0 0 1 0 0 0 0 0
Child: 704.906435 19.691249 198.000000 33.747175 7154.800000 0.000000 -10.000000 0.000000 0.000000 0.000000 0 0 1 0 0 0 0 0
EGO_STATUS -5.248350 48.743749 3.600000 1.564379 5.066873 2.000000 0.980000
DYNAMIC_OBS_INFO 0 -5.750000 31.845728 1.570796 44.547037 -5.750000 93.799464 19.527288 1.287732
DYNAMIC_OBS_INFO 1 -1.750000 31.121915 1.570796 4.208558 -1.750000 51.603651 13.274469 2.625903
STATIC_OBS_INFO 0 -6.300000 60.234897 11.030392 
STATIC_OBS_INFO 1 -6.300000 76.967084 27.731937 
Parent: 869.981763 10.000000 102.000000 20.000000 2075.700000 704.446412 -10.000000 4.074567 34.000000 0.000000 0 0 1 0 0 0 0 0
Child: 704.446412 19.179645 193.000000 33.746696 7155.550000 0.000000 -10.000000 0.000000 0.000000 0.000000 0 0 1 0 0 0 0 0
EGO_STATUS -5.242463 49.255318 3.700000 1.553492 5.164873 2.000000 0.980000
DYNAMIC_OBS_INFO 0 -5.750000 31.845728 1.570796 45.985007 -5.750000 95.758632 19.656062 1.287732
DYNAMIC_OBS_INFO 1 -1.750000 31.121915 1.570796 4.705455 -1.750000 52.944227 13.537059 2.625903
STATIC_OBS_INFO 0 -6.300000 60.234897 10.512968 
STATIC_OBS_INFO 1 -6.300000 76.967084 27.211577 
Parent: 878.882967 10.000000 102.000000 20.000000 2075.700000 713.447620 -10.000000 3.974563 34.000000 0.000000 0 0 1 0 0 0 0 0
Child: 713.447620 18.658225 188.000000 33.747646 7255.700000 0.000000 -10.000000 0.000000 0.000000 0.000000 0 0 1 0 0 0 0 0
EGO_STATUS -5.229547 49.776570 3.800000 1.538012 5.262873 2.000000 0.980000
DYNAMIC_OBS_INFO 0 -5.750000 31.845728 1.570796 47.426475 -5.750000 97.730676 19.784835 1.287732
DYNAMIC_OBS_INFO 1 -1.750000 31.121915 1.570796 5.289750 -1.750000 54.311063 13.799649 2.625903
STATIC_OBS_INFO 0 -6.300000 60.234897 9.987567 
STATIC_OBS_INFO 1 -6.300000 76.967084 26.682168 
Parent: 878.700834 10.000000 102.000000 20.000000 2075.700000 712.365491 -10.000000 3.874558 33.000000 0.000000 0 0 1 0 0 0 0 0
Child: 712.365491 18.126995 183.000000 33.748007 7258.850000 0.000000 -10.000000 0.000000 0.000000 0.000000 0 0 1 0 0 0 0 0
EGO_STATUS -5.207082 50.307309 3.900000 1.518601 5.360873 2.000000 0.980000
DYNAMIC_OBS_INFO 0 -5.750000 31.845728 1.570796 48.871772 -5.750000 99.715599 19.913608 1.287732
DYNAMIC_OBS_INFO 1 -1.750000 31.121915 1.570796 5.941821 -1.750000 55.704157 14.062239 2.625903
STATIC_OBS_INFO 0 -6.300000 60.234897 9.455093 
STATIC_OBS_INFO 1 -6.300000 76.967084 26.144159 
Parent: 870.205095 10.000000 102.000000 20.000000 2075.700000 703.969757 -10.000000 3.774553 33.000000 0.000000 0 0 1 0 0 0 0 0
Child: 703.969757 17.585960 177.000000 33.746595 7152.250000 0.000000 -10.000000 0.000000 0.000000 0.000000 0 0 1 0 0 0 0 0
EGO_STATUS -5.172798 50.847235 4.000000 1.495958 5.458873 2.000000 0.980000
DYNAMIC_OBS_INFO 0 -5.750000 31.845728 1.570796 50.321338 -5.750000 101.713398 20.042381 1.287732
DYNAMIC_OBS_INFO 1 -1.750000 31.121915 1.570796 6.647843 -1.750000 57.123510 14.324830 2.625903
STATIC_OBS_INFO 0 -6.300000 60.234897 8.916745 
STATIC_OBS_INFO 1 -6.300000 76.967084 25.598133 
Parent: 879.152050 10.000000 102.000000 20.000000 2075.700000 712.016718 -10.000000 3.674548 32.000000 0.000000 0 0 1 0 0 0 0 0
Child: 712.016718 17.035125 172.000000 33.747837 7256.300000 0.000000 -10.000000 0.000000 0.000000 0.000000 0 0 1 0 0 0 0 0
EGO_STATUS -5.124730 51.395945 4.100000 1.470814 5.556873 2.000000 0.980000
DYNAMIC_OBS_INFO 0 -5.750000 31.845728 1.570796 51.775710 -5.750000 103.724075 20.171154 1.287732
DYNAMIC_OBS_INFO 1 -1.750000 31.121915 1.570796 7.398531 -1.750000 58.569123 14.587420 2.625903
STATIC_OBS_INFO 0 -6.300000 60.234897 8.374079 
STATIC_OBS_INFO 1 -6.300000 76.967084 25.044791 
Parent: 870.067961 10.000000 102.000000 20.000000 2075.700000 703.032634 -10.000000 3.574543 32.000000 0.000000 0 0 1 0 0 0 0 0
Child: 703.032634 16.474494 166.000000 33.746519 7150.900000 0.000000 -10.000000 0.000000 0.000000 0.000000 0 0 1 0 0 0 0 0
EGO_STATUS -5.061262 51.952946 4.200000 1.443926 5.654873 2.000000 0.980000
DYNAMIC_OBS_INFO 0 -5.750000 31.845728 1.570796 53.235488 -5.750000 105.747629 20.299928 1.287732
DYNAMIC_OBS_INFO 1 -1.750000 31.121915 1.570796 8.187828 -1.750000 60.040994 14.850010 2.625903
STATIC_OBS_INFO 0 -6.300000 60.234897 7.829084 
STATIC_OBS_INFO 1 -6.300000 76.967084 24.484935 
Parent: 877.964704 10.000000 102.000000 20.000000 2075.700000 710.029380 -10.000000 3.474539 31.000000 0.000000 0 0 1 0 0 0 0 0
Child: 710.029380 15.904071 161.000000 33.747261 7255.250000 0.000000 -10.000000 0.000000 0.000000 0.000000 0 0 1 0 0 0 0 0
EGO_STATUS -4.981170 52.517693 4.300000 1.416070 5.752873 2.000000 0.980000
DYNAMIC_OBS_INFO 0 -5.750000 31.845728 1.570796 54.701292 -5.750000 107.784060 20.428701 1.287732
DYNAMIC_OBS_INFO 1 -1.750000 31.121915 1.570796 9.011870 -1.750000 61.539125 15.112600 2.625903
STATIC_OBS_INFO 0 -6.300000 60.234897 7.284290 
STATIC_OBS_INFO 1 -6.300000 76.967084 23.919425 
Parent: 878.799386 10.000000 102.000000 20.000000 2075.700000 709.964065 -10.000000 3.374537 30.000000 0.000000 0 0 1 0 0 0 0 0
Child: 709.964065 15.323858 155.000000 33.747636 7248.650000 0.000000 -10.000000 0.000000 0.000000 0.000000 0 0 1 0 0 0 0 0
EGO_STATUS -4.883660 53.089629 4.400000 1.388028 5.850873 2.000000 0.980000
DYNAMIC_OBS_INFO 0 -5.750000 31.845728 1.570796 56.173707 -5.750000 109.833369 20.557474 1.287732
DYNAMIC_OBS_INFO 1 -1.750000 31.121915 1.570796 9.868226 -1.750000 63.063515 15.375191 2.625903
STATIC_OBS_INFO 0 -6.300000 60.234897 6.742910 
STATIC_OBS_INFO 1 -6.300000 76.967084 23.349133 
Parent: 878.142927 10.000000 102.000000 20.000000 2075.700000 709.407607 -10.000000 3.274535 30.000000 0.000000 0 0 1 0 0 0 0 0
Child: 709.407607 14.733859 149.000000 33.747632 7241.450000 0.000000 -10.000000 0.000000 0.000000 0.000000 0 0 1 0 0 0 0 0
EGO_STATUS -4.768391 53.668239 4.500000 1.360586 5.948873 2.000000 0.980000
DYNAMIC_OBS_INFO 0 -5.750000 31.845728 1.570796 57.653227 -5.750000 111.895555 20.686247 1.287732
DYNAMIC_OBS_INFO 1 -1.750000 31.121915 1.570796 10.755358 -1.750000 64.614163 15.637781 2.625903
STATIC_OBS_INFO 0 -6.300000 60.234897 6.209061 
STATIC_OBS_INFO 1 -6.300000 76.967084 22.774889 
Parent: 701.246025 14.626760 148.000000 7.596595 7231.300000 0.000000 0.000000 4.829806 19.000000 0.000000 0 0 0 0 0 1 0 0
EGO_STATUS -4.635502 54.253101 4.600000 1.334519 6.046873 2.000000 0.980000
DYNAMIC_OBS_INFO 0 -5.750000 31.845728 1.570796 59.150900 -5.750000 113.970618 20.815020 1.287732
DYNAMIC_OBS_INFO 1 -1.750000 31.121915 1.570796 11.683362 -1.750000 66.191071 15.900371 2.625903
STATIC_OBS_INFO 0 -6.300000 60.234897 5.697398 
STATIC_OBS_INFO 1 -6.300000 76.967084 22.207921 
Parent: 682.443131 13.548563 137.000000 6.510841 7141.250000 0.000000 -10.000000 4.568050 19.000000 0.000000 0 0 0 0 0 1 0 0
EGO_STATUS -4.488450 54.833173 4.700000 1.310961 5.921881 7.000000 -1.249920
DYNAMIC_OBS_INFO 0 -5.750000 31.845728 1.570796 60.677542 -5.750000 116.058559 20.943793 1.287732
DYNAMIC_OBS_INFO 1 -1.750000 31.121915 1.570796 12.662698 -1.750000 67.794237 16.162962 2.625903
STATIC_OBS_INFO 0 -6.300000 60.234897 5.222297 
STATIC_OBS_INFO 1 -6.300000 76.967084 21.659086 
Parent: 632.641571 12.962865 131.000000 5.502415 6625.650000 0.000000 -10.000000 4.468056 18.000000 0.000000 0 0 0 0 0 1 0 0
EGO_STATUS -4.332052 55.397587 4.800000 1.290485 5.792463 7.000000 -1.294180
DYNAMIC_OBS_INFO 0 -5.750000 31.845728 1.570796 62.232962 -5.750000 118.159377 21.072567 1.287732
DYNAMIC_OBS_INFO 1 -1.750000 31.121915 1.570796 13.692462 -1.750000 69.423663 16.425552 2.625903
STATIC_OBS_INFO 0 -6.300000 60.234897 4.788833 
STATIC_OBS_INFO 1 -6.300000 76.967084 21.128350 
Parent: 954.831163 10.000000 101.000000 20.000000 2055.350000 793.154879 -10.000000 4.196086 38.000000 0.000000 0 0 1 0 0 0 0 0
Child: 793.154879 10.000000 102.000000 20.000000 2075.700000 597.694095 -10.000000 0.000000 0.000000 0.000000 0 0 1 0 0 0 0 0
Child: 597.694095 12.390121 125.000000 33.196318 5996.750000 0.000000 0.000000 0.000000 0.000000 0.000000 0 0 1 0 0 0 0 0
EGO_STATUS -4.168649 55.946510 4.900000 1.272979 5.663045 7.000000 -1.294179
DYNAMIC_OBS_INFO 0 -5.750000 31.845728 1.570796 63.805865 -5.750000 120.273072 21.201340 1.287732
DYNAMIC_OBS_INFO 1 -1.750000 31.121915 1.570796 14.760069 -1.750000 71.079348 16.688142 2.625903
STATIC_OBS_INFO 0 -6.300000 60.234897 4.395335 
STATIC_OBS_INFO 1 -6.300000 76.967084 20.604909 
Parent: 882.742301 10.000000 101.000000 20.000000 2055.350000 720.166021 -10.000000 4.096082 37.000000 0.000000 0 0 1 0 0 0 0 0
Child: 720.166021 10.000000 102.000000 20.000000 2075.700000 524.705237 -10.000000 0.000000 0.000000 0.000000 0 0 1 0 0 0 0 0
Child: 524.705237 11.818877 120.000000 33.195587 5395.800000 0.000000 -10.000000 0.000000 0.000000 0.000000 0 0 1 0 0 0 0 0
EGO_STATUS -3.996865 56.491297 5.000000 1.258274 5.761045 2.000000 0.980000
DYNAMIC_OBS_INFO 0 -5.750000 31.845728 1.570796 65.385223 -5.750000 122.399645 21.330113 1.287732
DYNAMIC_OBS_INFO 1 -1.750000 31.121915 1.570796 15.853269 -1.750000 72.761291 16.950732 2.625903
STATIC_OBS_INFO 0 -6.300000 60.234897 4.045232 
STATIC_OBS_INFO 1 -6.300000 76.967084 20.078412 
Parent: 832.429992 10.000000 101.000000 20.000000 2055.350000 668.953715 -10.000000 3.996079 36.000000 0.000000 0 0 1 0 0 0 0 0
Child: 668.953715 10.000000 102.000000 20.000000 2075.700000 473.492931 -10.000000 0.000000 0.000000 0.000000 0 0 1 0 0 0 0 0
Child: 473.492931 11.237843 114.000000 33.195212 4871.500000 0.000000 -10.000000 0.000000 0.000000 0.000000 0 0 1 0 0 0 0 0
EGO_STATUS -3.814823 57.043065 5.100000 1.246586 5.859045 2.000000 0.980000
DYNAMIC_OBS_INFO 0 -5.750000 31.845728 1.570796 66.970564 -5.750000 124.539095 21.458886 1.287732
DYNAMIC_OBS_INFO 1 -1.750000 31.121915 1.570796 16.971020 -1.750000 74.469494 17.213323 2.625903
STATIC_OBS_INFO 0 -6.300000 60.234897 3.753751 
STATIC_OBS_INFO 1 -6.300000 76.967084 19.548802 
Parent: 770.547365 10.000000 101.000000 20.000000 2055.350000 607.171090 -10.000000 3.896077 36.000000 0.000000 0 0 1 0 0 0 0 0
Child: 607.171090 10.000000 102.000000 20.000000 2075.700000 411.710305 -10.000000 0.000000 0.000000 0.000000 0 0 1 0 0 0 0 0
Child: 411.710305 10.647023 108.000000 33.194633 4244.500000 0.000000 -10.000000 0.000000 0.000000 0.000000 0 0 1 0 0 0 0 0
EGO_STATUS -3.624188 57.602279 5.200000 1.238626 5.957045 2.000000 0.980000
DYNAMIC_OBS_INFO 0 -5.750000 31.845728 1.570796 68.561151 -5.750000 126.691422 21.587659 1.287732
DYNAMIC_OBS_INFO 1 -1.750000 31.121915 1.570796 18.112138 -1.750000 76.203956 17.475913 2.625903
STATIC_OBS_INFO 0 -6.300000 60.234897 3.538186 
STATIC_OBS_INFO 1 -6.300000 76.967084 19.015720 
Parent: 709.014145 10.000000 101.000000 20.000000 2055.350000 544.737870 -10.000000 3.796077 35.000000 0.000000 0 0 1 0 0 0 0 0
Child: 544.737870 10.000000 102.000000 20.000000 2075.700000 349.277085 -10.000000 0.000000 0.000000 0.000000 0 0 1 0 0 0 0 0
Child: 349.277085 10.046418 102.000000 33.194478 3614.500000 0.000000 -10.000000 0.000000 0.000000 0.000000 0 0 1 0 0 0 0 0
EGO_STATUS -3.427119 58.169633 5.300000 1.235144 6.055045 2.000000 0.980000
DYNAMIC_OBS_INFO 0 -5.750000 31.845728 1.570796 70.155965 -5.750000 128.856627 21.716432 1.287732
DYNAMIC_OBS_INFO 1 -1.750000 31.121915 1.570796 19.275226 -1.750000 77.964677 17.738503 2.625903
STATIC_OBS_INFO 0 -6.300000 60.234897 3.415297 
STATIC_OBS_INFO 1 -6.300000 76.967084 18.478448 
Parent: 641.041590 10.000000 101.000000 20.000000 2055.350000 476.865316 -10.000000 3.696076 35.000000 0.000000 0 0 1 0 0 0 0 0
Child: 476.865316 10.000000 102.000000 20.000000 2075.700000 281.404532 -10.000000 0.000000 0.000000 0.000000 0 0 1 0 0 0 0 0
Child: 281.404532 9.435996 96.000000 33.193360 2931.500000 0.000000 -10.000000 0.000000 0.000000 0.000000 0 0 1 0 0 0 0 0
EGO_STATUS -3.226298 58.746069 5.400000 1.236867 6.153045 2.000000 0.980000
DYNAMIC_OBS_INFO 0 -5.750000 31.845728 1.570796 71.753775 -5.750000 131.034709 21.845206 1.287732
DYNAMIC_OBS_INFO 1 -1.750000 31.121915 1.570796 20.458723 -1.750000 79.751657 18.001094 2.625903
STATIC_OBS_INFO 0 -6.300000 60.234897 3.397049 
STATIC_OBS_INFO 1 -6.300000 76.967084 17.935928 
Parent: 562.966634 10.000000 101.000000 20.000000 2055.350000 397.890363 -10.000000 3.596073 34.000000 0.000000 0 0 1 0 0 0 0 0
Child: 397.890363 10.000000 102.000000 20.000000 2075.700000 202.429579 -10.000000 0.000000 0.000000 0.000000 0 0 1 0 0 0 0 0
Child: 202.429579 8.815762 90.000000 33.190822 2135.500000 0.000000 -10.000000 0.000000 0.000000 0.000000 0 0 1 0 0 0 0 0
EGO_STATUS -3.024946 59.332698 5.500000 1.244380 6.251045 2.000000 0.980000
DYNAMIC_OBS_INFO 0 -5.750000 31.845728 1.570796 73.353206 -5.750000 133.225668 21.973979 1.287732
DYNAMIC_OBS_INFO 1 -1.750000 31.121915 1.570796 21.660940 -1.750000 81.564896 18.263684 2.625903
STATIC_OBS_INFO 0 -6.300000 60.234897 3.486551 
STATIC_OBS_INFO 1 -6.300000 76.967084 17.386798 
Parent: 513.011182 10.000000 101.000000 20.000000 2055.350000 348.034915 -10.000000 3.496069 34.000000 0.000000 0 0 1 0 0 0 0 0
Child: 348.034915 10.000000 102.000000 20.000000 2075.700000 152.574131 -10.000000 0.000000 0.000000 0.000000 0 0 1 0 0 0 0 0
Child: 152.574131 8.185720 83.000000 33.188210 1615.250000 0.000000 -10.000000 0.000000 0.000000 0.000000 0 0 1 0 0 0 0 0
EGO_STATUS -2.826742 59.930734 5.600000 1.258055 6.349045 2.000000 0.980000
DYNAMIC_OBS_INFO 0 -5.750000 31.845728 1.570796 74.952863 -5.750000 135.429505 22.102752 1.287732
DYNAMIC_OBS_INFO 1 -1.750000 31.121915 1.570796 22.880174 -1.750000 83.404393 18.526274 2.625903
STATIC_OBS_INFO 0 -6.300000 60.234897 3.677090 
STATIC_OBS_INFO 1 -6.300000 76.967084 16.829473 
Parent: 502.767675 10.000000 101.000000 20.000000 2055.350000 336.891412 -10.000000 3.396064 33.000000 0.000000 0 0 1 0 0 0 0 0
Child: 336.891412 10.000000 102.000000 20.000000 2075.700000 141.430628 -10.000000 0.000000 0.000000 0.000000 0 0 1 0 0 0 0 0
Child: 141.430628 7.545873 77.000000 33.186471 1512.050000 0.000000 -10.000000 0.000000 0.000000 0.000000 0 0 1 0 0 0 0 0
EGO_STATUS -2.635704 60.541369 5.700000 1.277966 6.447045 2.000000 0.980000
DYNAMIC_OBS_INFO 0 -5.750000 31.845728 1.570796 76.551483 -5.750000 137.646218 22.231525 1.287732
DYNAMIC_OBS_INFO 1 -1.750000 31.121915 1.570796 24.114850 -1.750000 85.270150 18.788864 2.625903
STATIC_OBS_INFO 0 -6.300000 60.234897 3.955055 
STATIC_OBS_INFO 1 -6.300000 76.967084 16.262284 
Parent: 486.567670 26.997452 271.000000 12.718855 5151.250000 0.000000 0.000000 4.124869 32.000000 0.000000 0 0 0 0 0 0 0 0
EGO_STATUS -2.456020 61.165638 5.800000 1.303819 6.545045 2.000000 0.980000
DYNAMIC_OBS_INFO 0 -5.750000 31.845728 1.570796 78.152834 -5.750000 139.875810 22.360298 1.287732
DYNAMIC_OBS_INFO 1 -1.750000 31.121915 1.570796 25.368504 -1.750000 87.162166 19.051455 2.625903
STATIC_OBS_INFO 0 -6.300000 60.234897 4.301666 
STATIC_OBS_INFO 1 -6.300000 76.967084 15.687984 
Parent: 464.415394 26.342895 265.000000 12.717103 5041.150000 0.000000 -10.000000 4.024861 32.000000 0.000000 0 0 0 0 0 0 0 0
EGO_STATUS -2.292952 61.799474 5.900000 1.334671 6.545045 4.000000 0.000000
DYNAMIC_OBS_INFO 0 -5.750000 31.845728 1.570796 79.761218 -5.750000 142.118278 22.489072 1.287732
DYNAMIC_OBS_INFO 1 -1.750000 31.121915 1.570796 26.645145 -1.750000 89.080441 19.314045 2.625903
STATIC_OBS_INFO 0 -6.300000 60.234897 4.698001 
STATIC_OBS_INFO 1 -6.300000 76.967084 15.109648 
Parent: 452.896804 25.688342 258.000000 12.716908 4908.300000 0.000000 -10.000000 3.924853 31.000000 0.000000 0 0 0 0 0 0 0 0
EGO_STATUS -2.150761 62.438310 6.000000 1.369211 6.545045 4.000000 0.000000
DYNAMIC_OBS_INFO 0 -5.750000 31.845728 1.570796 81.376788 -5.750000 144.373624 22.617845 1.287732
DYNAMIC_OBS_INFO 1 -1.750000 31.121915 1.570796 27.944560 -1.750000 91.024975 19.576635 2.625903
STATIC_OBS_INFO 0 -6.300000 60.234897 5.130722 
STATIC_OBS_INFO 1 -6.300000 76.967084 14.526508 
Parent: 441.206834 25.033791 252.000000 12.715044 4792.800000 0.000000 -10.000000 3.824846 30.000000 0.000000 0 0 0 0 0 0 0 0
EGO_STATUS -2.031597 63.081834 6.100000 1.406286 6.545045 4.000000 0.000000
DYNAMIC_OBS_INFO 0 -5.750000 31.845728 1.570796 83.000078 -5.750000 146.641847 22.746618 1.287732
DYNAMIC_OBS_INFO 1 -1.750000 31.121915 1.570796 29.266960 -1.750000 92.995768 19.839225 2.625903
STATIC_OBS_INFO 0 -6.300000 60.234897 5.590023 
STATIC_OBS_INFO 1 -6.300000 76.967084 13.938182 
Parent: 428.210645 24.379245 245.000000 12.714897 4655.150000 0.000000 -10.000000 3.724840 30.000000 0.000000 0 0 0 0 0 0 0 0
EGO_STATUS -1.936884 63.729405 6.200000 1.444763 6.545045 4.000000 0.000000
DYNAMIC_OBS_INFO 0 -5.750000 31.845728 1.570796 84.631902 -5.750000 148.922948 22.875391 1.287732
DYNAMIC_OBS_INFO 1 -1.750000 31.121915 1.570796 30.612889 -1.750000 94.992820 20.101816 2.625903
STATIC_OBS_INFO 0 -6.300000 60.234897 6.068931 
STATIC_OBS_INFO 1 -6.300000 76.967084 13.344643 
Parent: 612.869403 10.000000 101.000000 20.000000 2055.350000 441.561479 0.000000 4.827727 39.000000 0.000000 0 0 1 0 0 0 0 0
Child: 441.561479 23.724703 239.000000 12.629676 4536.350000 0.000000 -10.000000 0.000000 0.000000 0.000000 0 0 0 0 0 0 0 0
EGO_STATUS -1.867309 64.380156 6.300000 1.483549 6.545045 4.000000 0.000000
DYNAMIC_OBS_INFO 0 -5.750000 31.845728 1.570796 86.273249 -5.750000 151.216925 23.004164 1.287732
DYNAMIC_OBS_INFO 1 -1.750000 31.121915 1.570796 31.983109 -1.750000 97.016131 20.364406 2.625903
STATIC_OBS_INFO 0 -6.300000 60.234897 6.562606 
STATIC_OBS_INFO 1 -6.300000 76.967084 12.746170 
Parent: 600.534439 10.000000 101.000000 20.000000 2055.350000 428.326520 0.000000 4.727722 38.000000 0.000000 0 0 1 0 0 0 0 0
Child: 428.326520 23.070167 232.000000 12.233160 4395.700000 0.000000 -10.000000 0.000000 0.000000 0.000000 0 0 0 0 0 0 0 0
EGO_STATUS -1.822836 65.033105 6.400000 1.521613 6.545045 4.000000 0.000000
DYNAMIC_OBS_INFO 0 -5.750000 31.845728 1.570796 87.925166 -5.750000 153.523780 23.132937 1.287732
DYNAMIC_OBS_INFO 1 -1.750000 31.121915 1.570796 33.378481 -1.750000 99.065702 20.626996 2.625903
STATIC_OBS_INFO 0 -6.300000 60.234897 7.067789 
STATIC_OBS_INFO 1 -6.300000 76.967084 12.143300 
Parent: 575.649329 10.000000 101.000000 0.000000 2055.350000 415.196630 -10.000000 4.952699 38.000000 0.000000 0 0 0 0 0 0 0 0
Child: 415.196630 22.415635 226.000000 11.538039 4275.400000 0.000000 -10.000000 0.000000 0.000000 0.000000 0 0 0 0 0 0 0 0
EGO_STATUS -1.802739 65.687262 6.500000 1.557998 6.545045 4.000000 0.000000
DYNAMIC_OBS_INFO 0 -5.750000 31.845728 1.570796 89.588658 -5.750000 155.843513 23.261711 1.287732
DYNAMIC_OBS_INFO 1 -1.750000 31.121915 1.570796 34.799849 -1.750000 101.141531 20.889587 2.625903
STATIC_OBS_INFO 0 -6.300000 60.234897 7.582379 
STATIC_OBS_INFO 1 -6.300000 76.967084 11.536782 
Parent: 563.315943 10.000000 101.000000 0.000000 2055.350000 401.963247 -10.000000 4.852695 37.000000 0.000000 0 0 0 0 0 0 0 0
Child: 401.963247 21.761108 219.000000 10.576292 4135.350000 0.000000 -10.000000 0.000000 0.000000 0.000000 0 0 0 0 0 0 0 0
EGO_STATUS -1.805658 66.341726 6.600000 1.591841 6.545045 4.000000 0.000000
DYNAMIC_OBS_INFO 0 -5.750000 31.845728 1.570796 91.264599 -5.750000 158.176122 23.390484 1.287732
DYNAMIC_OBS_INFO 1 -1.750000 31.121915 1.570796 36.247944 -1.750000 103.243619 21.152177 2.625903
STATIC_OBS_INFO 0 -6.300000 60.234897 8.105130 
STATIC_OBS_INFO 1 -6.300000 76.967084 10.927538 
Parent: 547.433428 31.111469 313.000000 9.383641 5923.150000 0.000000 -10.000000 4.753439 37.000000 0.000000 0 0 0 0 0 0 0 0
EGO_STATUS -1.829672 66.995763 6.700000 1.622381 6.545045 4.000000 0.000000
DYNAMIC_OBS_INFO 0 -5.750000 31.845728 1.570796 92.953672 -5.750000 160.521610 23.519257 1.287732
DYNAMIC_OBS_INFO 1 -1.750000 31.121915 1.570796 37.723313 -1.750000 105.371966 21.414767 2.625903
STATIC_OBS_INFO 0 -6.300000 60.234897 8.635422 
STATIC_OBS_INFO 1 -6.300000 76.967084 10.316650 
Parent: 535.026907 30.456961 306.000000 8.003620 5782.800000 0.000000 -10.000000 4.653438 36.000000 0.000000 0 0 0 0 0 0 0 0
EGO_STATUS -1.872381 67.648851 6.800000 1.648974 6.545045 4.000000 0.000000
DYNAMIC_OBS_INFO 0 -5.750000 31.845728 1.570796 94.656335 -5.750000 162.879974 23.648030 1.287732
DYNAMIC_OBS_INFO 1 -1.750000 31.121915 1.570796 39.226280 -1.750000 107.526572 21.677357 2.625903
STATIC_OBS_INFO 0 -6.300000 60.234897 9.173080 
STATIC_OBS_INFO 1 -6.300000 76.967084 9.705365 
Parent: 522.791649 29.802454 300.000000 6.616448 5663.100000 0.000000 -10.000000 4.553438 35.000000 0.000000 0 0 0 0 0 0 0 0
EGO_STATUS -1.931010 68.300710 6.900000 1.671141 6.545045 4.000000 0.000000
DYNAMIC_OBS_INFO 0 -5.750000 31.845728 1.570796 96.372818 -5.750000 165.251216 23.776803 1.287732
DYNAMIC_OBS_INFO 1 -1.750000 31.121915 1.570796 40.756935 -1.750000 109.707438 21.939948 2.625903
STATIC_OBS_INFO 0 -6.300000 60.234897 9.718208 
STATIC_OBS_INFO 1 -6.300000 76.967084 9.095119 
Parent: 509.729418 29.147946 293.000000 6.615564 5524.850000 0.000000 -10.000000 4.453437 35.000000 0.000000 0 0 0 0 0 0 0 0
EGO_STATUS -2.002541 68.951285 7.000000 1.688589 6.545045 4.000000 0.000000
DYNAMIC_OBS_INFO 0 -5.750000 31.845728 1.570796 98.103145 -5.750000 167.635335 23.905576 1.287732
DYNAMIC_OBS_INFO 1 -1.750000 31.121915 1.570796 42.315162 -1.750000 111.914562 22.202538 2.625903
STATIC_OBS_INFO 0 -6.300000 60.234897 10.271058 
STATIC_OBS_INFO 1 -6.300000 76.967084 8.487604 
Parent: 497.814964 28.493438 286.000000 6.615602 5388.100000 0.000000 -10.000000 4.353437 34.000000 0.000000 0 0 0 0 0 0 0 0
EGO_STATUS -2.083834 69.600717 7.100000 1.701194 6.545045 4.000000 0.000000
DYNAMIC_OBS_INFO 0 -5.750000 31.845728 1.570796 99.847179 -5.750000 170.032331 24.034350 1.287732
DYNAMIC_OBS_INFO 1 -1.750000 31.121915 1.570796 43.900680 -1.750000 114.147945 22.465128 2.625903
STATIC_OBS_INFO 0 -6.300000 60.234897 10.831929 
STATIC_OBS_INFO 1 -6.300000 76.967084 7.884882 
Parent: 486.257355 27.838930 280.000000 6.614857 5273.800000 0.000000 -10.000000 4.253436 33.000000 0.000000 0 0 0 0 0 0 0 0
EGO_STATUS -2.171730 70.249290 7.200000 1.708980 6.545045 4.000000 0.000000
DYNAMIC_OBS_INFO 0 -5.750000 31.845728 1.570796 101.604673 -5.750000 172.442204 24.163123 1.287732
DYNAMIC_OBS_INFO 1 -1.750000 31.121915 1.570796 45.513101 -1.750000 116.407587 22.727718 2.625903
STATIC_OBS_INFO 0 -6.300000 60.234897 11.401086 
STATIC_OBS_INFO 1 -6.300000 76.967084 7.289550 
Parent: 473.512199 10.000000 101.000000 0.000000 2055.350000 308.856508 -10.000000 4.155690 33.000000 0.000000 0 0 0 0 0 0 0 0
Child: 308.856508 17.199179 173.000000 9.206305 3198.050000 0.000000 -10.000000 0.000000 0.000000 0.000000 0 0 0 0 0 0 0 0
EGO_STATUS -2.263141 70.897380 7.300000 1.712099 6.545045 4.000000 0.000000
DYNAMIC_OBS_INFO 0 -5.750000 31.845728 1.570796 103.375326 -5.750000 174.864955 24.291896 1.287732
DYNAMIC_OBS_INFO 1 -1.750000 31.121915 1.570796 47.151983 -1.750000 118.693489 22.990309 2.625903
STATIC_OBS_INFO 0 -6.300000 60.234897 11.978702 
STATIC_OBS_INFO 1 -6.300000 76.967084 6.704988 
Parent: 462.271890 10.000000 101.000000 0.000000 2055.350000 296.716201 -10.000000 4.055689 32.000000 0.000000 0 0 0 0 0 0 0 0
Child: 296.716201 16.544666 167.000000 9.208878 3086.750000 0.000000 -10.000000 0.000000 0.000000 0.000000 0 0 0 0 0 0 0 0
EGO_STATUS -2.355119 71.545389 7.400000 1.710799 6.545045 4.000000 0.000000
DYNAMIC_OBS_INFO 0 -5.750000 31.845728 1.570796 105.158828 -5.750000 177.300584 24.420669 1.287732
DYNAMIC_OBS_INFO 1 -1.750000 31.121915 1.570796 48.816887 -1.750000 121.005649 23.252899 2.625903
STATIC_OBS_INFO 0 -6.300000 60.234897 12.564834 
STATIC_OBS_INFO 1 -6.300000 76.967084 6.135718 
Parent: 451.089531 10.000000 101.000000 0.000000 2055.350000 284.633844 -10.000000 3.955688 31.000000 0.000000 0 0 0 0 0 0 0 0
Child: 284.633844 15.890154 160.000000 9.206066 2957.500000 0.000000 -10.000000 0.000000 0.000000 0.000000 0 0 0 0 0 0 0 0
EGO_STATUS -2.444884 72.193708 7.500000 1.705329 6.545045 4.000000 0.000000
DYNAMIC_OBS_INFO 0 -5.750000 31.845728 1.570796 106.954899 -5.750000 179.749089 24.549442 1.287732
DYNAMIC_OBS_INFO 1 -1.750000 31.121915 1.570796 50.507410 -1.750000 123.344069 23.515489 2.625903
STATIC_OBS_INFO 0 -6.300000 60.234897 13.159430 
STATIC_OBS_INFO 1 -6.300000 76.967084 5.587949 
Parent: 439.145776 10.000000 101.000000 0.000000 2055.350000 272.790089 -10.000000 3.855687 31.000000 0.000000 0 0 0 0 0 0 0 0
Child: 272.790089 15.235642 154.000000 9.207570 2849.200000 0.000000 -10.000000 0.000000 0.000000 0.000000 0 0 0 0 0 0 0 0
EGO_STATUS -2.529794 72.842678 7.600000 1.695885 6.545045 4.000000 0.000000
DYNAMIC_OBS_INFO 0 -5.750000 31.845728 1.570796 108.763315 -5.750000 182.210472 24.678216 1.287732
DYNAMIC_OBS_INFO 1 -1.750000 31.121915 1.570796 52.223215 -1.750000 125.708747 23.778080 2.625903
STATIC_OBS_INFO 0 -6.300000 60.234897 13.762329 
STATIC_OBS_INFO 1 -6.300000 76.967084 5.070316 
Parent: 397.893980 24.646702 248.000000 10.384770 4357.900000 0.000000 -10.000000 3.765704 30.000000 0.000000 0 0 0 0 0 0 0 0
EGO_STATUS -2.607325 73.492569 7.700000 1.682659 6.545045 4.000000 0.000000
DYNAMIC_OBS_INFO 0 -5.750000 31.845728 1.570796 110.583942 -5.750000 184.684732 24.806989 1.287732
DYNAMIC_OBS_INFO 1 -1.750000 31.121915 1.570796 53.964065 -1.750000 128.099685 24.040670 2.625903
STATIC_OBS_INFO 0 -6.300000 60.234897 14.373262 
STATIC_OBS_INFO 1 -6.300000 76.967084 4.594824 
Parent: 433.052291 10.000000 102.000000 20.000000 535.500000 412.722918 0.000000 4.868588 39.000000 0.000000 0 0 1 0 0 0 0 0
Child: 412.722918 23.992145 241.000000 10.382347 4235.850000 0.000000 -10.000000 0.000000 0.000000 0.000000 0 0 0 0 0 0 0 0
EGO_STATUS -2.675078 74.143549 7.800000 1.665891 6.545045 4.000000 0.000000
DYNAMIC_OBS_INFO 0 -5.750000 31.845728 1.570796 112.416758 -5.750000 187.171870 24.935762 1.287732
DYNAMIC_OBS_INFO 1 -1.750000 31.121915 1.570796 55.729852 -1.750000 130.516881 24.303260 2.625903
STATIC_OBS_INFO 0 -6.300000 60.234897 14.991819 
STATIC_OBS_INFO 1 -6.300000 76.967084 4.177785 
Parent: 411.440681 10.000000 102.000000 20.000000 535.500000 391.211316 0.000000 4.768581 39.000000 0.000000 0 0 1 0 0 0 0 0
Child: 391.211316 23.337593 235.000000 10.383651 4029.650000 0.000000 -10.000000 0.000000 0.000000 0.000000 0 0 0 0 0 0 0 0
EGO_STATUS -2.730853 74.795661 7.900000 1.645995 6.545045 4.000000 0.000000
DYNAMIC_OBS_INFO 0 -5.750000 31.845728 1.570796 114.261872 -5.750000 189.671885 25.064535 1.287732
DYNAMIC_OBS_INFO 1 -1.750000 31.121915 1.570796 57.520624 -1.750000 132.960337 24.565850 2.625903
STATIC_OBS_INFO 0 -6.300000 60.234897 15.617435 
STATIC_OBS_INFO 1 -6.300000 76.967084 3.840106 
Parent: 399.499089 10.000000 102.000000 0.000000 535.500000 390.005533 -10.000000 4.993556 38.000000 0.000000 0 0 0 0 0 0 0 0
Child: 390.005533 22.683044 228.000000 10.379943 4010.300000 0.000000 -10.000000 0.000000 0.000000 0.000000 0 0 0 0 0 0 0 0
EGO_STATUS -2.772785 75.448806 8.000000 1.623610 6.545045 4.000000 0.000000
DYNAMIC_OBS_INFO 0 -5.750000 31.845728 1.570796 116.119520 -5.750000 192.184777 25.193308 1.287732
DYNAMIC_OBS_INFO 1 -1.750000 31.121915 1.570796 59.336585 -1.750000 135.430051 24.828441 2.625903
STATIC_OBS_INFO 0 -6.300000 60.234897 16.249377 
STATIC_OBS_INFO 1 -6.300000 76.967084 3.605641 
Parent: 377.300276 20.435104 206.000000 10.481710 2055.100000 214.445439 -10.000000 4.950094 37.000000 0.000000 0 0 0 0 0 0 0 0
Child: 214.445439 11.963481 121.000000 10.516622 2259.550000 0.000000 -10.000000 0.000000 0.000000 0.000000 0 0 0 0 0 0 0 0
EGO_STATUS -2.799490 76.102748 8.100000 1.599553 6.545045 4.000000 0.000000
DYNAMIC_OBS_INFO 0 -5.750000 31.845728 1.570796 117.990029 -5.750000 194.710546 25.322081 1.287732
DYNAMIC_OBS_INFO 1 -1.750000 31.121915 1.570796 61.178063 -1.750000 137.926025 25.091031 2.625903
STATIC_OBS_INFO 0 -6.300000 60.234897 16.886792 
STATIC_OBS_INFO 1 -6.300000 76.967084 3.496151 
Parent: 354.962446 10.000000 102.000000 0.000000 535.500000 344.663224 -10.000000 4.799222 37.000000 0.000000 0 0 0 0 0 0 0 0
Child: 344.663224 21.411122 216.000000 12.318781 3565.600000 0.000000 -10.000000 0.000000 0.000000 0.000000 0 0 0 0 0 0 0 0
EGO_STATUS -2.810157 76.757148 8.200000 1.574727 6.545045 4.000000 0.000000
DYNAMIC_OBS_INFO 0 -5.750000 31.845728 1.570796 119.873776 -5.750000 197.249193 25.450855 1.287732
DYNAMIC_OBS_INFO 1 -1.750000 31.121915 1.570796 63.045467 -1.750000 140.448257 25.353621 2.625903
STATIC_OBS_INFO 0 -6.300000 60.234897 17.528768 
STATIC_OBS_INFO 1 -6.300000 76.967084 3.523616 
Parent: 344.652697 10.000000 102.000000 0.000000 535.500000 333.453482 -10.000000 4.699215 36.000000 0.000000 0 0 0 0 0 0 0 0
Child: 333.453482 20.756576 209.000000 12.316857 3445.950000 0.000000 -10.000000 0.000000 0.000000 0.000000 0 0 0 0 0 0 0 0
EGO_STATUS -2.804537 77.411610 8.300000 1.549880 6.545045 4.000000 0.000000
DYNAMIC_OBS_INFO 0 -5.750000 31.845728 1.570796 121.771136 -5.750000 199.800717 25.579628 1.287732
DYNAMIC_OBS_INFO 1 -1.750000 31.121915 1.570796 64.939226 -1.750000 142.996749 25.616212 2.625903
STATIC_OBS_INFO 0 -6.300000 60.234897 18.174414 
STATIC_OBS_INFO 1 -6.300000 76.967084 3.684767 
Parent: 333.254647 10.000000 102.000000 0.000000 535.500000 321.155437 -10.000000 4.599210 35.000000 0.000000 0 0 0 0 0 0 0 0
Child: 321.155437 20.102036 203.000000 12.316501 3331.850000 0.000000 -10.000000 0.000000 0.000000 0.000000 0 0 0 0 0 0 0 0
EGO_STATUS -2.782832 78.065737 8.400000 1.525683 6.545045 4.000000 0.000000
DYNAMIC_OBS_INFO 0 -5.750000 31.845728 1.570796 123.682437 -5.750000 202.365119 25.708401 1.287732
DYNAMIC_OBS_INFO 1 -1.750000 31.121915 1.570796 66.859740 -1.750000 145.571500 25.878802 2.625903
STATIC_OBS_INFO 0 -6.300000 60.234897 18.822892 
STATIC_OBS_INFO 1 -6.300000 76.967084 3.962649 
Parent: 313.161434 29.709912 299.000000 9.696515 3549.150000 0.000000 -10.000000 4.539299 35.000000 0.000000 0 0 0 0 0 0 0 0
EGO_STATUS -2.745740 78.719174 8.500000 1.502940 6.545045 4.000000 0.000000
DYNAMIC_OBS_INFO 0 -5.750000 31.845728 1.570796 125.607907 -5.750000 204.942397 25.837174 1.287732
DYNAMIC_OBS_INFO 1 -1.750000 31.121915 1.570796 68.807333 -1.750000 148.172509 26.141392 2.625903
STATIC_OBS_INFO 0 -6.300000 60.234897 19.473448 
STATIC_OBS_INFO 1 -6.300000 76.967084 4.333763 
Parent: 303.800192 29.055406 292.000000 9.696287 3441.000000 0.000000 -10.000000 4.439298 34.000000 0.000000 0 0 0 0 0 0 0 0
EGO_STATUS -2.694515 79.371659 8.600000 1.482526 6.545045 4.000000 0.000000
DYNAMIC_OBS_INFO 0 -5.750000 31.845728 1.570796 127.547633 -5.750000 207.532554 25.965947 1.287732
DYNAMIC_OBS_INFO 1 -1.750000 31.121915 1.570796 70.782198 -1.750000 150.799778 26.403982 2.625903
STATIC_OBS_INFO 0 -6.300000 60.234897 20.125439 
STATIC_OBS_INFO 1 -6.300000 76.967084 4.775020 
Parent: 292.110052 28.400901 286.000000 9.695538 3321.200000 0.000000 -10.000000 4.339298 33.000000 0.000000 0 0 0 0 0 0 0 0
EGO_STATUS -2.630965 80.023062 8.700000 1.465228 6.545045 4.000000 0.000000
DYNAMIC_OBS_INFO 0 -5.750000 31.845728 1.570796 129.501540 -5.750000 210.135587 26.094720 1.287732
DYNAMIC_OBS_INFO 1 -1.750000 31.121915 1.570796 72.784376 -1.750000 153.453306 26.666573 2.625903
STATIC_OBS_INFO 0 -6.300000 60.234897 20.778358 
STATIC_OBS_INFO 1 -6.300000 76.967084 5.267285 
Parent: 280.446734 27.746398 279.000000 9.695476 3200.050000 0.000000 -10.000000 4.239298 33.000000 0.000000 0 0 0 0 0 0 0 0
EGO_STATUS -2.557346 80.673408 8.800000 1.451649 6.545045 4.000000 0.000000
DYNAMIC_OBS_INFO 0 -5.750000 31.845728 1.570796 131.469400 -5.750000 212.751498 26.223494 1.287732
DYNAMIC_OBS_INFO 1 -1.750000 31.121915 1.570796 74.813753 -1.750000 156.133093 26.929163 2.625903
STATIC_OBS_INFO 0 -6.300000 60.234897 21.431834 
STATIC_OBS_INFO 1 -6.300000 76.967084 5.796032 
Parent: 270.587933 27.091894 272.000000 9.694508 3087.100000 0.000000 -10.000000 4.139299 32.000000 0.000000 0 0 0 0 0 0 0 0
EGO_STATUS -2.476237 81.322864 8.900000 1.442210 6.545045 4.000000 0.000000
DYNAMIC_OBS_INFO 0 -5.750000 31.845728 1.570796 133.450862 -5.750000 215.380286 26.352267 1.287732
DYNAMIC_OBS_INFO 1 -1.750000 31.121915 1.570796 76.870088 -1.750000 158.839138 27.191753 2.625903
STATIC_OBS_INFO 0 -6.300000 60.234897 22.085610 
STATIC_OBS_INFO 1 -6.300000 76.967084 6.350679 
Parent: 257.531255 26.437390 266.000000 9.694604 2963.400000 0.000000 -10.000000 4.039299 32.000000 0.000000 0 0 0 0 0 0 0 0
EGO_STATUS -2.390427 81.971718 9.000000 1.437170 6.545045 4.000000 0.000000
DYNAMIC_OBS_INFO 0 -5.750000 31.845728 1.570796 135.445492 -5.750000 218.021951 26.481040 1.287732
DYNAMIC_OBS_INFO 1 -1.750000 31.121915 1.570796 78.953046 -1.750000 161.571443 27.454343 2.625903
STATIC_OBS_INFO 0 -6.300000 60.234897 22.739507 
STATIC_OBS_INFO 1 -6.300000 76.967084 6.923633 
Parent: 247.301991 25.782884 259.000000 9.693793 2846.850000 0.000000 -10.000000 3.939298 31.000000 0.000000 0 0 0 0 0 0 0 0
EGO_STATUS -2.302817 82.620333 9.100000 1.436642 6.545045 4.000000 0.000000
DYNAMIC_OBS_INFO 0 -5.750000 31.845728 1.570796 137.452825 -5.750000 220.676494 26.609813 1.287732
DYNAMIC_OBS_INFO 1 -1.750000 31.121915 1.570796 81.062250 -1.750000 164.330007 27.716934 2.625903
STATIC_OBS_INFO 0 -6.300000 60.234897 23.393390 
STATIC_OBS_INFO 1 -6.300000 76.967084 7.509441 
Parent: 234.912280 25.128377 253.000000 9.693662 2719.550000 0.000000 -10.000000 3.839298 30.000000 0.000000 0 0 0 0 0 0 0 0
EGO_STATUS -2.216334 83.269098 9.200000 1.440610 6.545045 4.000000 0.000000
DYNAMIC_OBS_INFO 0 -5.750000 31.845728 1.570796 139.472416 -5.750000 223.343914 26.738586 1.287732
DYNAMIC_OBS_INFO 1 -1.750000 31.121915 1.570796 83.197332 -1.750000 167.114830 27.979524 2.625903
STATIC_OBS_INFO 0 -6.300000 60.234897 24.047125 
STATIC_OBS_INFO 1 -6.300000 76.967084 8.104152 
Parent: 223.340693 24.473869 246.000000 9.693005 2599.700000 0.000000 -10.000000 3.739297 30.000000 0.000000 0 0 0 0 0 0 0 0
EGO_STATUS -2.133862 83.918384 9.300000 1.448942 6.545045 4.000000 0.000000
DYNAMIC_OBS_INFO 0 -5.750000 31.845728 1.570796 141.503887 -5.750000 226.024211 26.867360 1.287732
DYNAMIC_OBS_INFO 1 -1.750000 31.121915 1.570796 85.357977 -1.750000 169.925912 28.242114 2.625903
STATIC_OBS_INFO 0 -6.300000 60.234897 24.700545 
STATIC_OBS_INFO 1 -6.300000 76.967084 8.704857 
Parent: 205.335950 10.000000 101.000000 20.000000 15.150000 236.013563 0.000000 4.842189 39.000000 0.000000 0 0 1 0 0 0 0 0
Child: 236.013563 23.819360 240.000000 9.692645 2469.100000 0.000000 -10.000000 0.000000 0.000000 0.000000 0 0 0 0 0 0 0 0
EGO_STATUS -2.058168 84.568492 9.400000 1.461406 6.545045 4.000000 0.000000
DYNAMIC_OBS_INFO 0 -5.750000 31.845728 1.570796 143.546970 -5.750000 228.717386 26.996133 1.287732
DYNAMIC_OBS_INFO 1 -1.750000 31.121915 1.570796 87.543967 -1.750000 172.763253 28.504705 2.625903
STATIC_OBS_INFO 0 -6.300000 60.234897 25.353432 
STATIC_OBS_INFO 1 -6.300000 76.967084 9.309377 
Parent: 194.539537 10.000000 101.000000 20.000000 15.150000 224.317151 0.000000 4.742188 38.000000 0.000000 0 0 1 0 0 0 0 0
Child: 224.317151 23.164851 233.000000 9.692141 2347.150000 0.000000 -10.000000 0.000000 0.000000 0.000000 0 0 0 0 0 0 0 0
EGO_STATUS -1.991851 85.219620 9.500000 1.477685 6.545045 4.000000 0.000000
DYNAMIC_OBS_INFO 0 -5.750000 31.845728 1.570796 145.601531 -5.750000 231.423438 27.124906 1.287732
DYNAMIC_OBS_INFO 1 -1.750000 31.121915 1.570796 89.755214 -1.750000 175.626853 28.767295 2.625903
STATIC_OBS_INFO 0 -6.300000 60.234897 26.005495 
STATIC_OBS_INFO 1 -6.300000 76.967084 9.916040 
Parent: 168.933795 10.000000 101.000000 0.000000 15.150000 210.466627 -10.000000 4.967169 38.000000 0.000000 0 0 0 0 0 0 0 0
Child: 210.466627 22.510340 227.000000 9.691552 2213.550000 0.000000 -10.000000 0.000000 0.000000 0.000000 0 0 0 0 0 0 0 0
EGO_STATUS -1.937287 85.871834 9.600000 1.497388 6.545045 4.000000 0.000000
DYNAMIC_OBS_INFO 0 -5.750000 31.845728 1.570796 147.667596 -5.750000 234.142367 27.253679 1.287732
DYNAMIC_OBS_INFO 1 -1.750000 31.121915 1.570796 91.991772 -1.750000 178.516712 29.029885 2.625903
STATIC_OBS_INFO 0 -6.300000 60.234897 26.656379 
STATIC_OBS_INFO 1 -6.300000 76.967084 10.523540 
Parent: 157.940453 10.000000 101.000000 0.000000 15.150000 198.573285 -10.000000 4.867168 37.000000 0.000000 0 0 0 0 0 0 0 0
Child: 198.573285 21.855830 220.000000 9.691199 2089.800000 0.000000 -10.000000 0.000000 0.000000 0.000000 0 0 0 0 0 0 0 0
EGO_STATUS -1.896588 86.525057 9.700000 1.520068 6.545045 4.000000 0.000000
DYNAMIC_OBS_INFO 0 -5.750000 31.845728 1.570796 149.745344 -5.750000 236.874173 27.382452 1.287732
DYNAMIC_OBS_INFO 1 -1.750000 31.121915 1.570796 94.253844 -1.750000 181.432830 29.292475 2.625903
STATIC_OBS_INFO 0 -6.300000 60.234897 27.305663 
STATIC_OBS_INFO 1 -6.300000 76.967084 11.130843 
Parent: 144.822996 10.000000 101.000000 0.000000 15.150000 184.555829 -10.000000 4.767167 36.000000 0.000000 0 0 0 0 0 0 0 0
Child: 184.555829 21.201320 214.000000 9.690382 1954.100000 0.000000 -10.000000 0.000000 0.000000 0.000000 0 0 0 0 0 0 0 0
EGO_STATUS -1.871555 87.179064 9.800000 1.545227 6.545045 4.000000 0.000000
DYNAMIC_OBS_INFO 0 -5.750000 31.845728 1.570796 151.835104 -5.750000 239.618857 27.511225 1.287732
DYNAMIC_OBS_INFO 1 -1.750000 31.121915 1.570796 96.541775 -1.750000 184.375207 29.555066 2.625903
STATIC_OBS_INFO 0 -6.300000 60.234897 27.952888 
STATIC_OBS_INFO 1 -6.300000 76.967084 11.737127 
Parent: 131.578635 10.000000 101.000000 0.000000 15.150000 171.411469 -10.000000 4.667166 36.000000 0.000000 0 0 0 0 0 0 0 0
Child: 171.411469 20.546809 207.000000 9.690187 1817.950000 0.000000 -10.000000 0.000000 0.000000 0.000000 0 0 0 0 0 0 0 0
EGO_STATUS -1.863654 87.833499 9.900000 1.572335 6.545045 4.000000 0.000000
DYNAMIC_OBS_INFO 0 -5.750000 31.845728 1.570796 153.937326 -5.750000 242.376418 27.639999 1.287732
DYNAMIC_OBS_INFO 1 -1.750000 31.121915 1.570796 98.856023 -1.750000 187.343843 29.817656 2.625903
STATIC_OBS_INFO 0 -6.300000 60.234897 28.597582 
STATIC_OBS_INFO 1 -6.300000 76.967084 12.341750 
Parent: 120.299819 10.000000 101.000000 0.000000 15.150000 159.232654 -10.000000 4.567165 35.000000 0.000000 0 0 0 0 0 0 0 0
Child: 159.232654 19.892299 200.000000 9.689148 1691.800000 0.000000 -10.000000 0.000000 0.000000 0.000000 0 0 0 0 0 0 0 0
EGO_STATUS -1.873982 88.487898 10.000000 1.600836 6.545045 4.000000 0.000000
DYNAMIC_OBS_INFO 0 -5.750000 31.845728 1.570796 156.052554 -5.750000 245.146857 27.768772 1.287732
DYNAMIC_OBS_INFO 1 -1.750000 31.121915 1.570796 101.197132 -1.750000 190.338738 30.080246 2.625903
STATIC_OBS_INFO 0 -6.300000 60.234897 29.239286 
STATIC_OBS_INFO 1 -6.300000 76.967084 12.944233 
Parent: 107.296358 10.000000 101.000000 0.000000 15.150000 145.329194 -10.000000 4.467164 34.000000 0.000000 0 0 0 0 0 0 0 0
Child: 145.329194 19.237789 194.000000 9.689121 1556.700000 0.000000 -10.000000 0.000000 0.000000 0.000000 0 0 0 0 0 0 0 0
EGO_STATUS -1.903256 89.141722 10.100000 1.630164 6.545045 4.000000 0.000000
DYNAMIC_OBS_INFO 0 -5.750000 31.845728 1.570796 158.181382 -5.750000 247.930173 27.897545 1.287732
DYNAMIC_OBS_INFO 1 -1.750000 31.121915 1.570796 103.565691 -1.750000 193.359892 30.342837 2.625903
STATIC_OBS_INFO 0 -6.300000 60.234897 29.877598 
STATIC_OBS_INFO 1 -6.300000 76.967084 13.544253 
Parent: 95.168203 10.000000 101.000000 0.000000 15.150000 133.301039 -10.000000 4.367163 34.000000 0.000000 0 0 0 0 0 0 0 0
Child: 133.301039 18.583280 187.000000 9.661043 1432.350000 0.000000 -10.000000 0.000000 0.000000 0.000000 0 0 0 0 0 0 0 0
EGO_STATUS -1.951804 89.794398 10.200000 1.659746 6.545045 4.000000 0.000000
DYNAMIC_OBS_INFO 0 -5.750000 31.845728 1.570796 160.324412 -5.750000 250.726366 28.026318 1.287732
DYNAMIC_OBS_INFO 1 -1.750000 31.121915 1.570796 105.962289 -1.750000 196.407305 30.605427 2.625903
STATIC_OBS_INFO 0 -6.300000 60.234897 30.512197 
STATIC_OBS_INFO 1 -6.300000 76.967084 14.141642 
Parent: 82.351502 10.000000 101.000000 0.000000 15.150000 119.584340 -10.000000 4.267163 33.000000 0.000000 0 0 0 0 0 0 0 0
Child: 119.584340 17.928770 181.000000 9.469425 1298.750000 0.000000 -10.000000 0.000000 0.000000 0.000000 0 0 0 0 0 0 0 0
EGO_STATUS -2.019565 90.445360 10.300000 1.689019 6.545045 4.000000 0.000000
DYNAMIC_OBS_INFO 0 -5.750000 31.845728 1.570796 162.482207 -5.750000 253.535436 28.155091 1.287732
DYNAMIC_OBS_INFO 1 -1.750000 31.121915 1.570796 108.387468 -1.750000 199.480978 30.868017 2.625903
STATIC_OBS_INFO 0 -6.300000 60.234897 31.142878 
STATIC_OBS_INFO 1 -6.300000 76.967084 14.736392 
Parent: 71.400348 10.000000 101.000000 0.000000 15.150000 107.733186 -10.000000 4.167162 32.000000 0.000000 0 0 0 0 0 0 0 0
Child: 107.733186 17.274261 174.000000 9.101620 1176.800000 0.000000 -10.000000 0.000000 0.000000 0.000000 0 0 0 0 0 0 0 0
EGO_STATUS -2.106097 91.094095 10.400000 1.717434 6.545045 4.000000 0.000000
DYNAMIC_OBS_INFO 0 -5.750000 31.845728 1.570796 164.655250 -5.750000 256.357384 28.283865 1.287732
DYNAMIC_OBS_INFO 1 -1.750000 31.121915 1.570796 110.841686 -1.750000 202.580909 31.130607 2.625903
STATIC_OBS_INFO 0 -6.300000 60.234897 31.769576 
STATIC_OBS_INFO 1 -6.300000 76.967084 15.328650 
Parent: 57.971528 10.000000 101.000000 0.000000 15.150000 94.404367 -10.000000 4.067161 32.000000 0.000000 0 0 0 0 0 0 0 0
Child: 94.404367 16.619752 168.000000 8.566730 1046.800000 0.000000 -10.000000 0.000000 0.000000 0.000000 0 0 0 0 0 0 0 0
EGO_STATUS -2.210604 91.740180 10.500000 1.744465 6.545045 4.000000 0.000000
DYNAMIC_OBS_INFO 0 -5.750000 31.845728 1.570796 166.843907 -5.750000 259.192209 28.412638 1.287732
DYNAMIC_OBS_INFO 1 -1.750000 31.121915 1.570796 113.325276 -1.750000 205.707099 31.393198 2.625903
STATIC_OBS_INFO 0 -6.300000 60.234897 32.392380 
STATIC_OBS_INFO 1 -6.300000 76.967084 15.918720 
Parent: 47.522732 10.000000 101.000000 0.000000 15.150000 83.055572 -10.000000 3.967161 31.000000 0.000000 0 0 0 0 0 0 0 0
Child: 83.055572 15.965244 161.000000 8.460180 929.950000 0.000000 -10.000000 0.000000 0.000000 0.000000 0 0 0 0 0 0 0 0
EGO_STATUS -2.331954 92.383317 10.600000 1.769620 6.545045 4.000000 0.000000
DYNAMIC_OBS_INFO 0 -5.750000 31.845728 1.570796 169.048402 -5.750000 262.039912 28.541411 1.287732
DYNAMIC_OBS_INFO 1 -1.750000 31.121915 1.570796 115.838419 -1.750000 208.859548 31.655788 2.625903
STATIC_OBS_INFO 0 -6.300000 60.234897 33.011542 
STATIC_OBS_INFO 1 -6.300000 76.967084 16.507050 
Parent: 35.695121 10.000000 101.000000 0.000000 15.150000 70.327961 -10.000000 3.867160 30.000000 0.000000 0 0 0 0 0 0 0 0
Child: 70.327961 15.310735 155.000000 8.459434 804.750000 0.000000 -10.000000 0.000000 0.000000 0.000000 0 0 0 0 0 0 0 0
EGO_STATUS -2.468714 93.023359 10.700000 1.792444 6.545045 4.000000 0.000000
DYNAMIC_OBS_INFO 0 -5.750000 31.845728 1.570796 171.268791 -5.750000 264.900491 28.670184 1.287732
DYNAMIC_OBS_INFO 1 -1.750000 31.121915 1.570796 118.381129 -1.750000 212.038257 31.918378 2.625903
STATIC_OBS_INFO 0 -6.300000 60.234897 33.627476 
STATIC_OBS_INFO 1 -6.300000 76.967084 17.094223 
Parent: 24.672265 10.000000 101.000000 0.000000 15.150000 59.405106 -10.000000 3.767159 30.000000 0.000000 0 0 0 0 0 0 0 0
Child: 59.405106 14.656226 148.000000 8.459547 692.400000 0.000000 -10.000000 0.000000 0.000000 0.000000 0 0 0 0 0 0 0 0
EGO_STATUS -2.619189 93.660319 10.800000 1.812527 6.545045 4.000000 0.000000
DYNAMIC_OBS_INFO 0 -5.750000 31.845728 1.570796 173.504965 -5.750000 267.773949 28.798957 1.287732
DYNAMIC_OBS_INFO 1 -1.750000 31.121915 1.570796 120.953241 -1.750000 215.243224 32.180968 2.625903
STATIC_OBS_INFO 0 -6.300000 60.234897 34.240744 
STATIC_OBS_INFO 1 -6.300000 76.967084 17.680933 
Parent: 8.184517 10.000000 102.000000 20.000000 15.300000 38.853682 0.000000 4.870051 39.000000 0.000000 0 0 1 0 0 0 0 0
Child: 38.853682 10.000000 101.000000 0.000000 15.150000 47.353682 -10.000000 0.000000 0.000000 0.000000 0 0 0 0 0 0 0 0
Child: 47.353682 14.001716 142.000000 8.458887 573.200000 0.000000 -10.000000 0.000000 0.000000 0.000000 0 0 0 0 0 0 0 0
EGO_STATUS -2.781454 94.294381 10.900000 1.829512 6.545045 4.000000 0.000000
DYNAMIC_OBS_INFO 0 -5.750000 31.845728 1.570796 175.756644 -5.750000 270.660283 28.927730 1.287732
DYNAMIC_OBS_INFO 1 -1.750000 31.121915 1.570796 123.554421 -1.750000 218.474450 32.443559 2.625903
STATIC_OBS_INFO 0 -6.300000 60.234897 34.852039 
STATIC_OBS_INFO 1 -6.300000 76.967084 18.267962 
Parent: -3.294604 10.000000 102.000000 20.000000 15.300000 27.474562 0.000000 4.770050 39.000000 0.000000 0 0 1 0 0 0 0 0
Child: 27.474562 10.000000 101.000000 0.000000 15.150000 35.974562 -10.000000 0.000000 0.000000 0.000000 0 0 0 0 0 0 0 0
Child: 35.974562 13.347207 135.000000 8.458593 456.550000 0.000000 -10.000000 0.000000 0.000000 0.000000 0 0 0 0 0 0 0 0
EGO_STATUS -2.953401 94.925889 11.000000 1.843098 6.545045 4.000000 0.000000
DYNAMIC_OBS_INFO 0 -5.750000 31.845728 1.570796 178.023402 -5.750000 273.559495 29.056504 1.287732
DYNAMIC_OBS_INFO 1 -1.750000 31.121915 1.570796 126.184180 -1.750000 221.731936 32.706149 2.625903
STATIC_OBS_INFO 0 -6.300000 60.234897 35.462155 
STATIC_OBS_INFO 1 -6.300000 76.967084 18.856148 
Parent: -24.053109 10.000000 102.000000 0.000000 15.300000 17.451861 -10.000000 4.995030 38.000000 0.000000 0 0 0 0 0 0 0 0
Child: 17.451861 10.000000 101.000000 0.000000 15.150000 25.951861 -10.000000 0.000000 0.000000 0.000000 0 0 0 0 0 0 0 0
Child: 25.951861 12.692697 128.000000 8.457960 354.100000 0.000000 -10.000000 0.000000 0.000000 0.000000 0 0 0 0 0 0 0 0
EGO_STATUS -3.132772 95.555332 11.100000 1.853046 6.545045 4.000000 0.000000
DYNAMIC_OBS_INFO 0 -5.750000 31.845728 1.570796 180.304683 -5.750000 276.471584 29.185277 1.287732
DYNAMIC_OBS_INFO 1 -1.750000 31.121915 1.570796 128.841898 -1.750000 225.015680 32.968739 2.625903
STATIC_OBS_INFO 0 -6.300000 60.234897 36.071952 
STATIC_OBS_INFO 1 -6.300000 76.967084 19.446352 
Parent: -34.085555 10.000000 102.000000 0.000000 15.300000 6.519416 -10.000000 4.895029 37.000000 0.000000 0 0 0 0 0 0 0 0
Child: 6.519416 10.000000 101.000000 0.000000 15.150000 15.019416 -10.000000 0.000000 0.000000 0.000000 0 0 0 0 0 0 0 0
Child: 15.019416 12.038186 122.000000 8.457203 245.100000 0.000000 -10.000000 0.000000 0.000000 0.000000 0 0 0 0 0 0 0 0
EGO_STATUS -3.317200 96.183314 11.200000 1.859185 6.545045 4.000000 0.000000
DYNAMIC_OBS_INFO 0 -5.750000 31.845728 1.570796 182.599840 -5.750000 279.396550 29.314050 1.287732
DYNAMIC_OBS_INFO 1 -1.750000 31.121915 1.570796 131.526862 -1.750000 228.325684 33.231330 2.625903
STATIC_OBS_INFO 0 -6.300000 60.234897 36.682318 
STATIC_OBS_INFO 1 -6.300000 76.967084 20.039416 
Parent: -40.624188 10.000000 102.000000 0.000000 15.300000 0.080784 -10.000000 4.795028 37.000000 0.000000 0 0 0 0 0 0 0 0
Child: 0.080784 10.000000 101.000000 0.000000 15.150000 8.580784 -10.000000 0.000000 0.000000 0.000000 0 0 0 0 0 0 0 0
Child: 8.580784 11.383675 115.000000 8.456534 179.250000 0.000000 -10.000000 0.000000 0.000000 0.000000 0 0 0 0 0 0 0 0
EGO_STATUS -3.504250 96.810521 11.300000 1.861410 6.545045 4.000000 0.000000
DYNAMIC_OBS_INFO 0 -5.750000 31.845728 1.570796 184.908170 -5.750000 282.334394 29.442823 1.287732
DYNAMIC_OBS_INFO 1 -1.750000 31.121915 1.570796 134.238304 -1.750000 231.661946 33.493920 2.625903
STATIC_OBS_INFO 0 -6.300000 60.234897 37.294125 
STATIC_OBS_INFO 1 -6.300000 76.967084 20.636132 
Parent: -42.899740 10.000000 102.000000 0.000000 15.300000 -3.094767 -10.000000 4.695027 36.000000 0.000000 0 0 0 0 0 0 0 0
Child: -3.094767 10.000000 101.000000 0.000000 15.150000 5.405233 -10.000000 0.000000 0.000000 0.000000 0 0 0 0 0 0 0 0
Child: 5.405233 10.729163 109.000000 8.455253 148.050000 0.000000 -10.000000 0.000000 0.000000 0.000000 0 0 0 0 0 0 0 0
EGO_STATUS -3.691451 97.437682 11.400000 1.859693 6.545045 4.000000 0.000000
DYNAMIC_OBS_INFO 0 -5.750000 31.845728 1.570796 187.228961 -5.750000 285.285115 29.571596 1.287732
DYNAMIC_OBS_INFO 1 -1.750000 31.121915 1.570796 136.975444 -1.750000 235.024467 33.756510 2.625903
STATIC_OBS_INFO 0 -6.300000 60.234897 37.908189 
STATIC_OBS_INFO 1 -6.300000 76.967084 21.237196 
Parent: -44.776646 10.000000 102.000000 0.000000 15.300000 -5.871672 -10.000000 4.595026 35.000000 0.000000 0 0 0 0 0 0 0 0
Child: -5.871672 10.000000 101.000000 0.000000 15.150000 2.628328 -10.000000 0.000000 0.000000 0.000000 0 0 0 0 0 0 0 0
Child: 2.628328 10.074651 102.000000 8.454499 119.400000 0.000000 -10.000000 0.000000 0.000000 0.000000 0 0 0 0 0 0 0 0
EGO_STATUS -3.876340 98.065529 11.500000 1.854079 6.545045 4.000000 0.000000
DYNAMIC_OBS_INFO 0 -5.750000 31.845728 1.570796 189.561531 -5.750000 288.248713 29.700369 1.287732
DYNAMIC_OBS_INFO 1 -1.750000 31.121915 1.570796 139.737538 -1.750000 238.413248 34.019100 2.625903
STATIC_OBS_INFO 0 -6.300000 60.234897 38.525229 
STATIC_OBS_INFO 1 -6.300000 76.967084 21.843183 
Parent: -47.314283 10.000000 102.000000 0.000000 15.300000 -8.309308 -10.000000 4.495025 35.000000 0.000000 0 0 0 0 0 0 0 0
Child: -8.309308 10.000000 101.000000 0.000000 15.150000 0.190692 -10.000000 0.000000 0.000000 0.000000 0 0 0 0 0 0 0 0
Child: 0.190692 9.420139 96.000000 8.452656 95.400000 0.000000 -10.000000 0.000000 0.000000 0.000000 0 0 0 0 0 0 0 0
EGO_STATUS -4.056499 98.694747 11.600000 1.844690 6.545045 4.000000 0.000000
DYNAMIC_OBS_INFO 0 -5.750000 31.845728 1.570796 191.905270 -5.750000 291.225188 29.829143 1.287732
DYNAMIC_OBS_INFO 1 -1.750000 31.121915 1.570796 142.523917 -1.750000 241.828288 34.281691 2.625903
STATIC_OBS_INFO 0 -6.300000 60.234897 39.145834 
STATIC_OBS_INFO 1 -6.300000 76.967084 22.454512 
Parent: -48.459656 10.000000 102.000000 0.000000 15.300000 -10.354680 -10.000000 4.395024 34.000000 0.000000 0 0 0 0 0 0 0 0
Child: -10.354680 10.000000 101.000000 0.000000 15.150000 -1.854680 -10.000000 0.000000 0.000000 0.000000 0 0 0 0 0 0 0 0
Child: -1.854680 8.765627 89.000000 8.451844 74.250000 0.000000 -10.000000 0.000000 0.000000 0.000000 0 0 0 0 0 0 0 0
EGO_STATUS -4.229596 99.325942 11.700000 1.831731 6.545045 4.000000 0.000000
DYNAMIC_OBS_INFO 0 -5.750000 31.845728 1.570796 194.259678 -5.750000 294.214541 29.957916 1.287732
DYNAMIC_OBS_INFO 1 -1.750000 31.121915 1.570796 145.334028 -1.750000 245.269586 34.544281 2.625903
STATIC_OBS_INFO 0 -6.300000 60.234897 39.770429 
STATIC_OBS_INFO 1 -6.300000 76.967084 23.071428 
Parent: -50.323609 10.000000 102.000000 0.000000 15.300000 -12.118631 -10.000000 4.295023 34.000000 0.000000 0 0 0 0 0 0 0 0
Child: -12.118631 10.000000 101.000000 0.000000 15.150000 -3.618631 -10.000000 0.000000 0.000000 0.000000 0 0 0 0 0 0 0 0
Child: -3.618631 8.111115 83.000000 8.449729 56.850000 0.000000 -10.000000 0.000000 0.000000 0.000000 0 0 0 0 0 0 0 0
EGO_STATUS -4.393434 99.959600 11.800000 1.815481 6.545045 4.000000 0.000000
DYNAMIC_OBS_INFO 0 -5.750000 31.845728 1.570796 196.624393 -5.750000 297.216772 30.086689 1.287732
DYNAMIC_OBS_INFO 1 -1.750000 31.121915 1.570796 148.167462 -1.750000 248.737144 34.806871 2.625903
STATIC_OBS_INFO 0 -6.300000 60.234897 40.399262 
STATIC_OBS_INFO 1 -6.300000 76.967084 23.693992 
Parent: -50.825846 10.000000 102.000000 0.000000 15.300000 -13.520868 -10.000000 4.195021 33.000000 0.000000 0 0 0 0 0 0 0 0
Child: -13.520868 10.000000 101.000000 0.000000 15.150000 -5.020868 -10.000000 0.000000 0.000000 0.000000 0 0 0 0 0 0 0 0
Child: -5.020868 7.456603 76.000000 8.448852 42.300000 0.000000 -10.000000 0.000000 0.000000 0.000000 0 0 0 0 0 0 0 0
EGO_STATUS -4.545995 100.596065 11.900000 1.796303 6.545045 4.000000 0.000000
DYNAMIC_OBS_INFO 0 -5.750000 31.845728 1.570796 198.999211 -5.750000 300.231879 30.215462 1.287732
DYNAMIC_OBS_INFO 1 -1.750000 31.121915 1.570796 151.023977 -1.750000 252.230960 35.069461 2.625903
STATIC_OBS_INFO 0 -6.300000 60.234897 41.032393 
STATIC_OBS_INFO 1 -6.300000 76.967084 24.322076 
Parent: -51.139812 10.000000 102.000000 0.000000 15.300000 -14.734833 -10.000000 4.095021 32.000000 0.000000 0 0 0 0 0 0 0 0
Child: -14.734833 10.000000 101.000000 0.000000 15.150000 -6.234833 -10.000000 0.000000 0.000000 0.000000 0 0 0 0 0 0 0 0
Child: -6.234833 6.802093 70.000000 8.447148 30.300000 0.000000 -10.000000 0.000000 0.000000 0.000000 0 0 0 0 0 0 0 0
EGO_STATUS -4.685498 101.235515 12.000000 1.774639 6.545045 4.000000 0.000000
DYNAMIC_OBS_INFO 0 -5.750000 31.845728 1.570796 201.384091 -5.750000 303.259864 30.344235 1.287732
DYNAMIC_OBS_INFO 1 -1.750000 31.121915 1.570796 153.903504 -1.750000 255.751036 35.332052 2.625903
STATIC_OBS_INFO 0 -6.300000 60.234897 41.669699 
STATIC_OBS_INFO 1 -6.300000 76.967084 24.955375 
Parent: -52.087680 10.000000 102.000000 0.000000 15.300000 -15.582700 -10.000000 3.995020 32.000000 0.000000 0 0 0 0 0 0 0 0
Child: -15.582700 10.000000 101.000000 0.000000 15.150000 -7.082700 -10.000000 0.000000 0.000000 0.000000 0 0 0 0 0 0 0 0
Child: -7.082700 6.147583 63.000000 8.446289 21.450000 0.000000 -10.000000 0.000000 0.000000 0.000000 0 0 0 0 0 0 0 0
EGO_STATUS -4.810451 101.877964 12.100000 1.751009 6.545045 4.000000 0.000000
DYNAMIC_OBS_INFO 0 -5.750000 31.845728 1.570796 203.779152 -5.750000 306.300726 30.473009 1.287732
DYNAMIC_OBS_INFO 1 -1.750000 31.121915 1.570796 156.806144 -1.750000 259.297371 35.594642 2.625903
STATIC_OBS_INFO 0 -6.300000 60.234897 42.310889 
STATIC_OBS_INFO 1 -6.300000 76.967084 25.593430 
Parent: -51.834634 10.000000 102.000000 0.000000 15.300000 -16.229653 -10.000000 3.895019 31.000000 0.000000 0 0 0 0 0 0 0 0
Child: -16.229653 10.000000 101.000000 0.000000 15.150000 -7.729653 -10.000000 0.000000 0.000000 0.000000 0 0 0 0 0 0 0 0
Child: -7.729653 5.493074 56.000000 8.445409 14.700000 0.000000 -10.000000 0.000000 0.000000 0.000000 0 0 0 0 0 0 0 0
EGO_STATUS -4.919711 102.523266 12.200000 1.726009 6.545045 4.000000 0.000000
DYNAMIC_OBS_INFO 0 -5.750000 31.845728 1.570796 206.184650 -5.750000 309.354466 30.601782 1.287732
DYNAMIC_OBS_INFO 1 -1.750000 31.121915 1.570796 159.732152 -1.750000 262.869964 35.857232 2.625903
STATIC_OBS_INFO 0 -6.300000 60.234897 42.955535 
STATIC_OBS_INFO 1 -6.300000 76.967084 26.235659 
Parent: -51.429753 10.000000 102.000000 0.000000 15.300000 -16.724771 -10.000000 3.795018 30.000000 0.000000 0 0 0 0 0 0 0 0
Child: -16.724771 10.000000 101.000000 0.000000 15.150000 -8.224771 -10.000000 0.000000 0.000000 0.000000 0 0 0 0 0 0 0 0
Child: -8.224771 4.838566 50.000000 8.444577 9.900000 0.000000 -10.000000 0.000000 0.000000 0.000000 0 0 0 0 0 0 0 0
EGO_STATUS -5.012541 103.171134 12.300000 1.700311 6.545045 4.000000 0.000000
DYNAMIC_OBS_INFO 0 -5.750000 31.845728 1.570796 208.600954 -5.750000 312.421083 30.730555 1.287732
DYNAMIC_OBS_INFO 1 -1.750000 31.121915 1.570796 162.681903 -1.750000 266.468817 36.119823 2.625903
STATIC_OBS_INFO 0 -6.300000 60.234897 43.603109 
STATIC_OBS_INFO 1 -6.300000 76.967084 26.881400 
Parent: -51.811282 10.000000 102.000000 0.000000 15.300000 -17.006301 -10.000000 3.695018 30.000000 0.000000 0 0 0 0 0 0 0 0
Child: -17.006301 10.000000 101.000000 0.000000 15.150000 -8.506301 -10.000000 0.000000 0.000000 0.000000 0 0 0 0 0 0 0 0
Child: -8.506301 4.184059 43.000000 8.300900 7.050000 0.000000 -10.000000 0.000000 0.000000 0.000000 0 0 0 0 0 0 0 0
EGO_STATUS -5.088667 103.821177 12.400000 1.674660 6.545045 4.000000 0.000000
DYNAMIC_OBS_INFO 0 -5.750000 31.845728 1.570796 211.028497 -5.750000 315.500577 30.859328 1.287732
DYNAMIC_OBS_INFO 1 -1.750000 31.121915 1.570796 165.655852 -1.750000 270.093929 36.382413 2.625903
STATIC_OBS_INFO 0 -6.300000 60.234897 44.253029 
STATIC_OBS_INFO 1 -6.300000 76.967084 27.529954 
Parent: -56.460115 10.000000 102.000000 20.000000 15.300000 -25.718810 0.000000 4.797910 39.000000 0.000000 0 0 1 0 0 0 0 0
Child: -25.718810 10.000000 102.000000 0.000000 15.300000 -17.218810 -10.000000 0.000000 0.000000 0.000000 0 0 0 0 0 0 0 0
Child: -17.218810 10.000000 101.000000 0.000000 15.150000 -8.718810 -10.000000 0.000000 0.000000 0.000000 0 0 0 0 0 0 0 0
Child: -8.718810 3.529553 37.000000 7.880603 5.550000 0.000000 -10.000000 0.000000 0.000000 0.000000 0 0 0 0 0 0 0 0
EGO_STATUS -5.148333 104.472938 12.500000 1.649867 6.545045 4.000000 0.000000
DYNAMIC_OBS_INFO 0 -5.750000 31.845728 1.570796 213.467731 -5.750000 318.592948 30.988101 1.287732
DYNAMIC_OBS_INFO 1 -1.750000 31.121915 1.570796 168.654488 -1.750000 273.745300 36.645003 2.625903
STATIC_OBS_INFO 0 -6.300000 60.234897 44.904711 
STATIC_OBS_INFO 1 -6.300000 76.967084 28.180638 
Parent: -55.723548 10.000000 102.000000 20.000000 15.300000 -25.882242 0.000000 4.697910 38.000000 0.000000 0 0 1 0 0 0 0 0
Child: -25.882242 10.000000 102.000000 0.000000 15.300000 -17.382242 -10.000000 0.000000 0.000000 0.000000 0 0 0 0 0 0 0 0
Child: -17.382242 10.000000 101.000000 0.000000 15.150000 -8.882242 -10.000000 0.000000 0.000000 0.000000 0 0 0 0 0 0 0 0
Child: -8.882242 2.875048 30.000000 7.163364 4.500000 0.000000 -10.000000 0.000000 0.000000 0.000000 0 0 0 0 0 0 0 0
EGO_STATUS -5.192345 105.125945 12.600000 1.626810 6.545045 4.000000 0.000000
DYNAMIC_OBS_INFO 0 -5.750000 31.845728 1.570796 215.919082 -5.750000 321.698197 31.116874 1.287732
DYNAMIC_OBS_INFO 1 -1.750000 31.121915 1.570796 171.678284 -1.750000 277.422930 36.907593 2.625903
STATIC_OBS_INFO 0 -6.300000 60.234897 45.557616 
STATIC_OBS_INFO 1 -6.300000 76.967084 28.832831 
Parent: -67.676804 10.000000 102.000000 0.000000 15.300000 -26.099696 -10.000000 4.922891 38.000000 0.000000 0 0 0 0 0 0 0 0
Child: -26.099696 10.000000 102.000000 0.000000 15.300000 -17.599696 -10.000000 0.000000 0.000000 0.000000 0 0 0 0 0 0 0 0
Child: -17.599696 10.000000 101.000000 0.000000 15.150000 -9.099696 -10.000000 0.000000 0.000000 0.000000 0 0 0 0 0 0 0 0
Child: -9.099696 2.220544 24.000000 6.130637 3.600000 0.000000 -10.000000 0.000000 0.000000 0.000000 0 0 0 0 0 0 0 0
EGO_STATUS -5.222117 105.779760 12.700000 1.606425 6.545045 4.000000 0.000000
DYNAMIC_OBS_INFO 0 -5.750000 31.845728 1.570796 218.382899 -5.750000 324.816323 31.245648 1.287732
DYNAMIC_OBS_INFO 1 -1.750000 31.121915 1.570796 174.727651 -1.750000 281.126818 37.170184 2.625903
STATIC_OBS_INFO 0 -6.300000 60.234897 46.211288 
STATIC_OBS_INFO 1 -6.300000 76.967084 29.486006 
Parent: -67.003151 10.000000 102.000000 0.000000 15.300000 -26.326042 -10.000000 4.822891 37.000000 0.000000 0 0 0 0 0 0 0 0
Child: -26.326042 10.000000 102.000000 0.000000 15.300000 -17.826042 -10.000000 0.000000 0.000000 0.000000 0 0 0 0 0 0 0 0
Child: -17.826042 10.000000 101.000000 0.000000 15.150000 -9.326042 -10.000000 0.000000 0.000000 0.000000 0 0 0 0 0 0 0 0
Child: -9.326042 1.566039 17.000000 4.766090 2.550000 0.000000 -10.000000 0.000000 0.000000 0.000000 0 0 0 0 0 0 0 0
EGO_STATUS -5.239707 106.434020 12.800000 1.589702 6.545045 4.000000 0.000000
DYNAMIC_OBS_INFO 0 -5.750000 31.845728 1.570796 220.859428 -5.750000 327.947327 31.374421 1.287732
DYNAMIC_OBS_INFO 1 -1.750000 31.121915 1.570796 177.802906 -1.750000 284.856966 37.432774 2.625903
STATIC_OBS_INFO 0 -6.300000 60.234897 46.865384 
STATIC_OBS_INFO 1 -6.300000 76.967084 30.139756 
Parent: -66.387104 10.000000 102.000000 0.000000 15.300000 -26.609995 -10.000000 4.722891 36.000000 0.000000 0 0 0 0 0 0 0 0
Child: -26.609995 10.000000 102.000000 0.000000 15.300000 -18.109995 -10.000000 0.000000 0.000000 0.000000 0 0 0 0 0 0 0 0
Child: -18.109995 10.000000 101.000000 0.000000 15.150000 -9.609995 -10.000000 0.000000 0.000000 0.000000 0 0 0 0 0 0 0 0
Child: -9.609995 0.911535 11.000000 3.056402 1.650000 0.000000 -10.000000 0.000000 0.000000 0.000000 0 0 0 0 0 0 0 0
EGO_STATUS -5.247844 107.088469 12.900000 1.577676 6.545045 4.000000 0.000000
DYNAMIC_OBS_INFO 0 -5.750000 31.845728 1.570796 223.348798 -5.750000 331.091207 31.503194 1.287732
DYNAMIC_OBS_INFO 1 -1.750000 31.121915 1.570796 180.904264 -1.750000 288.613373 37.695364 2.625903
STATIC_OBS_INFO 0 -6.300000 60.234897 47.519675 
STATIC_OBS_INFO 1 -6.300000 76.967084 30.793794 
Parent: -66.775654 10.000000 102.000000 0.000000 15.300000 -26.898546 -10.000000 4.622891 36.000000 0.000000 0 0 0 0 0 0 0 0
Child: -26.898546 10.000000 102.000000 0.000000 15.300000 -18.398546 -10.000000 0.000000 0.000000 0.000000 0 0 0 0 0 0 0 0
Child: -18.398546 10.000000 101.000000 0.000000 15.150000 -9.898546 -10.000000 0.000000 0.000000 0.000000 0 0 0 0 0 0 0 0
Child: -9.898546 0.257031 4.000000 0.978868 0.600000 0.000000 -10.000000 0.000000 0.000000 0.000000 0 0 0 0 0 0 0 0
EGO_STATUS -5.249950 107.742969 13.000000 1.571420 6.545045 4.000000 0.000000
DYNAMIC_OBS_INFO 0 -5.750000 31.845728 1.570796 225.851045 -5.750000 334.247965 31.631967 1.287732
DYNAMIC_OBS_INFO 1 -1.750000 31.121915 1.570796 184.031851 -1.750000 292.396039 37.957955 2.625903
STATIC_OBS_INFO 0 -6.300000 60.234897 48.174021 
STATIC_OBS_INFO 1 -6.300000 76.967084 31.447924 
Parent: -56.036730 10.000000 102.000000 0.000000 15.300000 -17.059621 -10.000000 4.522891 35.000000 0.000000 0 0 0 0 0 0 0 0
Child: -17.059621 10.000000 102.000000 0.000000 15.300000 -8.559621 -10.000000 0.000000 0.000000 0.000000 0 0 0 0 0 0 0 0
Child: -8.559621 9.602526 98.000000 0.000000 14.700000 0.000000 -10.000000 0.000000 0.000000 0.000000 0 0 0 0 0 0 0 0
EGO_STATUS -5.250000 108.397474 13.100000 1.570796 6.545045 4.000000 0.000000
DYNAMIC_OBS_INFO 0 -5.750000 31.845728 1.570796 228.366170 -5.750000 337.417601 31.760740 1.287732
DYNAMIC_OBS_INFO 1 -1.750000 31.121915 1.570796 187.185710 -1.750000 296.204964 38.220545 2.625903
STATIC_OBS_INFO 0 -6.300000 60.234897 48.828372 
STATIC_OBS_INFO 1 -6.300000 76.967084 32.102071 
Parent: -55.234905 10.000000 102.000000 0.000000 15.300000 -17.157797 -10.000000 4.422891 34.000000 0.000000 0 0 0 0 0 0 0 0
Child: -17.157797 10.000000 102.000000 0.000000 15.300000 -8.657797 -10.000000 0.000000 0.000000 0.000000 0 0 0 0 0 0 0 0
Child: -8.657797 8.948022 91.000000 0.000000 13.650000 0.000000 -10.000000 0.000000 0.000000 0.000000 0 0 0 0 0 0 0 0
EGO_STATUS -5.250000 109.051978 13.200000 1.570796 6.545045 4.000000 0.000000
DYNAMIC_OBS_INFO 0 -5.750000 31.845728 1.570796 230.894172 -5.750000 340.600113 31.889513 1.287732
DYNAMIC_OBS_INFO 1 -1.750000 31.121915 1.570796 190.365843 -1.750000 300.040148 38.483135 2.625903
STATIC_OBS_INFO 0 -6.300000 60.234897 49.482727 
STATIC_OBS_INFO 1 -6.300000 76.967084 32.756232 
Parent: -55.433081 10.000000 102.000000 0.000000 15.300000 -17.255972 -10.000000 4.322891 34.000000 0.000000 0 0 0 0 0 0 0 0
Child: -17.255972 10.000000 102.000000 0.000000 15.300000 -8.755972 -10.000000 0.000000 0.000000 0.000000 0 0 0 0 0 0 0 0
Child: -8.755972 8.293517 84.000000 0.000000 12.600000 0.000000 -10.000000 0.000000 0.000000 0.000000 0 0 0 0 0 0 0 0
EGO_STATUS -5.250000 109.706483 13.300000 1.570796 6.545045 4.000000 0.000000
DYNAMIC_OBS_INFO 0 -5.750000 31.845728 1.570796 233.435052 -5.750000 343.795503 32.018287 1.287732
DYNAMIC_OBS_INFO 1 -1.750000 31.121915 1.570796 193.572248 -1.750000 303.901591 38.745725 2.625903
STATIC_OBS_INFO 0 -6.300000 60.234897 50.137086 
STATIC_OBS_INFO 1 -6.300000 76.967084 33.410407 
Parent: -54.631257 10.000000 102.000000 0.000000 15.300000 -17.354148 -10.000000 4.222891 33.000000 0.000000 0 0 0 0 0 0 0 0
Child: -17.354148 10.000000 102.000000 0.000000 15.300000 -8.854148 -10.000000 0.000000 0.000000 0.000000 0 0 0 0 0 0 0 0
Child: -8.854148 7.639013 78.000000 0.000000 11.700000 0.000000 -10.000000 0.000000 0.000000 0.000000 0 0 0 0 0 0 0 0
EGO_STATUS -5.250000 110.360987 13.400000 1.570796 6.545045 4.000000 0.000000
DYNAMIC_OBS_INFO 0 -5.750000 31.845728 1.570796 235.988809 -5.750000 347.003771 32.147060 1.287732
DYNAMIC_OBS_INFO 1 -1.750000 31.121915 1.570796 196.804926 -1.750000 307.789293 39.008316 2.625903
STATIC_OBS_INFO 0 -6.300000 60.234897 50.791449 
STATIC_OBS_INFO 1 -6.300000 76.967084 34.064594 
Parent: -53.829432 10.000000 102.000000 0.000000 15.300000 -17.452324 -10.000000 4.122891 32.000000 0.000000 0 0 0 0 0 0 0 0
Child: -17.452324 10.000000 102.000000 0.000000 15.300000 -8.952324 -10.000000 0.000000 0.000000 0.000000 0 0 0 0 0 0 0 0
Child: -8.952324 6.984508 71.000000 0.000000 10.650000 0.000000 -10.000000 0.000000 0.000000 0.000000 0 0 0 0 0 0 0 0
EGO_STATUS -5.250000 111.015492 13.500000 1.570796 6.545045 4.000000 0.000000
DYNAMIC_OBS_INFO 0 -5.750000 31.845728 1.570796 238.555443 -5.750000 350.224915 32.275833 1.287732
DYNAMIC_OBS_INFO 1 -1.750000 31.121915 1.570796 200.063876 -1.750000 311.703254 39.270906 2.625903
STATIC_OBS_INFO 0 -6.300000 60.234897 51.445815 
STATIC_OBS_INFO 1 -6.300000 76.967084 34.718794 
Parent: -54.027608 10.000000 102.000000 0.000000 15.300000 -17.550499 -10.000000 4.022891 32.000000 0.000000 0 0 0 0 0 0 0 0
Child: -17.550499 10.000000 102.000000 0.000000 15.300000 -9.050499 -10.000000 0.000000 0.000000 0.000000 0 0 0 0 0 0 0 0
Child: -9.050499 6.330004 65.000000 0.000000 9.750000 0.000000 -10.000000 0.000000 0.000000 0.000000 0 0 0 0 0 0 0 0
EGO_STATUS -5.250000 111.669996 13.600000 1.570796 6.545045 4.000000 0.000000
DYNAMIC_OBS_INFO 0 -5.750000 31.845728 1.570796 241.134955 -5.750000 353.458937 32.404606 1.287732
DYNAMIC_OBS_INFO 1 -1.750000 31.121915 1.570796 203.349097 -1.750000 315.643474 39.533496 2.625903
STATIC_OBS_INFO 0 -6.300000 60.234897 52.100185 
STATIC_OBS_INFO 1 -6.300000 76.967084 35.373004 
Parent: -53.225784 10.000000 102.000000 0.000000 15.300000 -17.648675 -10.000000 3.922891 31.000000 0.000000 0 0 0 0 0 0 0 0
Child: -17.648675 10.000000 102.000000 0.000000 15.300000 -9.148675 -10.000000 0.000000 0.000000 0.000000 0 0 0 0 0 0 0 0
Child: -9.148675 5.675499 58.000000 0.000000 8.700000 0.000000 -10.000000 0.000000 0.000000 0.000000 0 0 0 0 0 0 0 0
EGO_STATUS -5.250000 112.324501 13.700000 1.570796 6.545045 4.000000 0.000000
DYNAMIC_OBS_INFO 0 -5.750000 31.845728 1.570796 243.727344 -5.750000 356.705837 32.533379 1.287732
DYNAMIC_OBS_INFO 1 -1.750000 31.121915 1.570796 206.660588 -1.750000 319.609954 39.796086 2.625903
STATIC_OBS_INFO 0 -6.300000 60.234897 52.754558 
STATIC_OBS_INFO 1 -6.300000 76.967084 36.027226 
Parent: -53.423959 10.000000 102.000000 0.000000 15.300000 -17.746851 -10.000000 3.822891 31.000000 0.000000 0 0 0 0 0 0 0 0
Child: -17.746851 10.000000 102.000000 0.000000 15.300000 -9.246851 -10.000000 0.000000 0.000000 0.000000 0 0 0 0 0 0 0 0
Child: -9.246851 5.020995 52.000000 0.000000 7.800000 0.000000 -10.000000 0.000000 0.000000 0.000000 0 0 0 0 0 0 0 0
EGO_STATUS -5.250000 112.979005 13.800000 1.570796 6.545045 4.000000 0.000000
DYNAMIC_OBS_INFO 0 -5.750000 31.845728 1.570796 246.332611 -5.750000 359.965613 32.662153 1.287732
DYNAMIC_OBS_INFO 1 -1.750000 31.121915 1.570796 209.998351 -1.750000 323.602692 40.058677 2.625903
STATIC_OBS_INFO 0 -6.300000 60.234897 53.408935 
STATIC_OBS_INFO 1 -6.300000 76.967084 36.681457 
Parent: -52.622135 10.000000 102.000000 0.000000 15.300000 -17.845026 -10.000000 3.722891 30.000000 0.000000 0 0 0 0 0 0 0 0
Child: -17.845026 10.000000 102.000000 0.000000 15.300000 -9.345026 -10.000000 0.000000 0.000000 0.000000 0 0 0 0 0 0 0 0
Child: -9.345026 4.366490 45.000000 0.000000 6.750000 0.000000 -10.000000 0.000000 0.000000 0.000000 0 0 0 0 0 0 0 0
EGO_STATUS -5.250000 113.633510 13.900000 1.570796 6.545045 4.000000 0.000000
DYNAMIC_OBS_INFO 0 -5.750000 31.845728 1.570796 248.950755 -5.750000 363.238267 32.790926 1.287732
DYNAMIC_OBS_INFO 1 -1.750000 31.121915 1.570796 213.362384 -1.750000 327.621689 40.321267 2.625903
STATIC_OBS_INFO 0 -6.300000 60.234897 54.063314 
STATIC_OBS_INFO 1 -6.300000 76.967084 37.335698 
Parent: -57.137221 10.000000 101.000000 20.000000 15.150000 -26.443202 0.000000 4.825784 39.000000 0.000000 0 0 1 0 0 0 0 0
Child: -26.443202 10.000000 102.000000 0.000000 15.300000 -17.943202 -10.000000 0.000000 0.000000 0.000000 0 0 0 0 0 0 0 0
Child: -17.943202 10.000000 102.000000 0.000000 15.300000 -9.443202 -10.000000 0.000000 0.000000 0.000000 0 0 0 0 0 0 0 0
Child: -9.443202 3.711986 39.000000 0.000000 5.850000 0.000000 -10.000000 0.000000 0.000000 0.000000 0 0 0 0 0 0 0 0
EGO_STATUS -5.250000 114.288014 14.000000 1.570796 6.545045 4.000000 0.000000
DYNAMIC_OBS_INFO 0 -5.750000 31.845728 1.570796 251.581777 -5.750000 366.523798 32.919699 1.287732
DYNAMIC_OBS_INFO 1 -1.750000 31.121915 1.570796 216.752686 -1.750000 331.666945 40.583857 2.625903
STATIC_OBS_INFO 0 -6.300000 60.234897 54.717697 
STATIC_OBS_INFO 1 -6.300000 76.967084 37.989948 
Parent: -57.335396 10.000000 101.000000 20.000000 15.150000 -26.541378 0.000000 4.725784 39.000000 0.000000 0 0 1 0 0 0 0 0
Child: -26.541378 10.000000 102.000000 0.000000 15.300000 -18.041378 -10.000000 0.000000 0.000000 0.000000 0 0 0 0 0 0 0 0
Child: -18.041378 10.000000 102.000000 0.000000 15.300000 -9.541378 -10.000000 0.000000 0.000000 0.000000 0 0 0 0 0 0 0 0
Child: -9.541378 3.057481 32.000000 0.000000 4.800000 0.000000 -10.000000 0.000000 0.000000 0.000000 0 0 0 0 0 0 0 0
EGO_STATUS -5.250000 114.942519 14.100000 1.570796 6.545045 4.000000 0.000000
DYNAMIC_OBS_INFO 0 -5.750000 31.845728 1.570796 254.225675 -5.750000 369.822207 33.048472 1.287732
DYNAMIC_OBS_INFO 1 -1.750000 31.121915 1.570796 220.169258 -1.750000 335.738460 40.846448 2.625903
STATIC_OBS_INFO 0 -6.300000 60.234897 55.372082 
STATIC_OBS_INFO 1 -6.300000 76.967084 38.644207 
Parent: -68.188789 10.000000 101.000000 0.000000 15.150000 -26.639553 -10.000000 4.950765 38.000000 0.000000 0 0 0 0 0 0 0 0
Child: -26.639553 10.000000 102.000000 0.000000 15.300000 -18.139553 -10.000000 0.000000 0.000000 0.000000 0 0 0 0 0 0 0 0
Child: -18.139553 10.000000 102.000000 0.000000 15.300000 -9.639553 -10.000000 0.000000 0.000000 0.000000 0 0 0 0 0 0 0 0
Child: -9.639553 2.402977 26.000000 0.000000 3.900000 0.000000 -10.000000 0.000000 0.000000 0.000000 0 0 0 0 0 0 0 0
EGO_STATUS -5.250000 115.597023 14.200000 1.570796 6.545045 4.000000 0.000000
DYNAMIC_OBS_INFO 0 -5.750000 31.845728 1.570796 256.882452 -5.750000 373.133493 33.177245 1.287732
DYNAMIC_OBS_INFO 1 -1.750000 31.121915 1.570796 223.612100 -1.750000 339.836235 41.109038 2.625903
STATIC_OBS_INFO 0 -6.300000 60.234897 56.026470 
STATIC_OBS_INFO 1 -6.300000 76.967084 39.298474 
Parent: -67.386964 10.000000 101.000000 0.000000 15.150000 -26.737729 -10.000000 4.850765 37.000000 0.000000 0 0 0 0 0 0 0 0
Child: -26.737729 10.000000 102.000000 0.000000 15.300000 -18.237729 -10.000000 0.000000 0.000000 0.000000 0 0 0 0 0 0 0 0
Child: -18.237729 10.000000 102.000000 0.000000 15.300000 -9.737729 -10.000000 0.000000 0.000000 0.000000 0 0 0 0 0 0 0 0
Child: -9.737729 1.748472 19.000000 0.000000 2.850000 0.000000 -10.000000 0.000000 0.000000 0.000000 0 0 0 0 0 0 0 0
EGO_STATUS -5.250000 116.251528 14.300000 1.570796 6.545045 4.000000 0.000000
DYNAMIC_OBS_INFO 0 -5.750000 31.845728 1.570796 259.552105 -5.750000 376.457656 33.306018 1.287732
DYNAMIC_OBS_INFO 1 -1.750000 31.121915 1.570796 227.081210 -1.750000 343.960268 41.371628 2.625903
STATIC_OBS_INFO 0 -6.300000 60.234897 56.680861 
STATIC_OBS_INFO 1 -6.300000 76.967084 39.952748 
Parent: -67.585140 10.000000 101.000000 0.000000 15.150000 -26.835905 -10.000000 4.750765 37.000000 0.000000 0 0 0 0 0 0 0 0
Child: -26.835905 10.000000 102.000000 0.000000 15.300000 -18.335905 -10.000000 0.000000 0.000000 0.000000 0 0 0 0 0 0 0 0
Child: -18.335905 10.000000 102.000000 0.000000 15.300000 -9.835905 -10.000000 0.000000 0.000000 0.000000 0 0 0 0 0 0 0 0
Child: -9.835905 1.093968 12.000000 0.000000 1.800000 0.000000 -10.000000 0.000000 0.000000 0.000000 0 0 0 0 0 0 0 0
EGO_STATUS -5.250000 116.906032 14.400000 1.570796 6.545045 4.000000 0.000000
DYNAMIC_OBS_INFO 0 -5.750000 31.845728 1.570796 262.234637 -5.750000 379.794696 33.434792 1.287732
DYNAMIC_OBS_INFO 1 -1.750000 31.121915 1.570796 230.576589 -1.750000 348.110560 41.634218 2.625903
STATIC_OBS_INFO 0 -6.300000 60.234897 57.335254 
STATIC_OBS_INFO 1 -6.300000 76.967084 40.607030 
Parent: -66.783316 10.000000 101.000000 0.000000 15.150000 -26.934080 -10.000000 4.650765 36.000000 0.000000 0 0 0 0 0 0 0 0
Child: -26.934080 10.000000 102.000000 0.000000 15.300000 -18.434080 -10.000000 0.000000 0.000000 0.000000 0 0 0 0 0 0 0 0
Child: -18.434080 10.000000 102.000000 0.000000 15.300000 -9.934080 -10.000000 0.000000 0.000000 0.000000 0 0 0 0 0 0 0 0
Child: -9.934080 0.439463 6.000000 0.000000 0.900000 0.000000 -10.000000 0.000000 0.000000 0.000000 0 0 0 0 0 0 0 0
EGO_STATUS -5.250000 117.560537 14.500000 1.570796 6.545045 4.000000 0.000000
DYNAMIC_OBS_INFO 0 -5.750000 31.845728 1.570796 264.930045 -5.750000 383.144614 33.563565 1.287732
DYNAMIC_OBS_INFO 1 -1.750000 31.121915 1.570796 234.098236 -1.750000 352.287112 41.896809 2.625903
STATIC_OBS_INFO 0 -6.300000 60.234897 57.989650 
STATIC_OBS_INFO 1 -6.300000 76.967084 41.261319 
Parent: -55.981491 10.000000 101.000000 0.000000 15.150000 -17.032256 -10.000000 4.550765 35.000000 0.000000 0 0 0 0 0 0 0 0
Child: -17.032256 10.000000 102.000000 0.000000 15.300000 -8.532256 -10.000000 0.000000 0.000000 0.000000 0 0 0 0 0 0 0 0
Child: -8.532256 9.784959 99.000000 0.000000 14.850000 0.000000 -10.000000 0.000000 0.000000 0.000000 0 0 0 0 0 0 0 0
EGO_STATUS -5.250000 118.215041 14.600000 1.570796 6.545045 4.000000 0.000000
DYNAMIC_OBS_INFO 0 -5.750000 31.845728 1.570796 267.638331 -5.750000 386.507409 33.692338 1.287732
DYNAMIC_OBS_INFO 1 -1.750000 31.121915 1.570796 237.646151 -1.750000 356.489922 42.159399 2.625903
STATIC_OBS_INFO 0 -6.300000 60.234897 58.644049 
STATIC_OBS_INFO 1 -6.300000 76.967084 41.915615 
Parent: -56.179667 10.000000 101.000000 0.000000 15.150000 -17.130432 -10.000000 4.450765 35.000000 0.000000 0 0 0 0 0 0 0 0
Child: -17.130432 10.000000 102.000000 0.000000 15.300000 -8.630432 -10.000000 0.000000 0.000000 0.000000 0 0 0 0 0 0 0 0
Child: -8.630432 9.130454 93.000000 0.000000 13.950000 0.000000 -10.000000 0.000000 0.000000 0.000000 0 0 0 0 0 0 0 0
EGO_STATUS -5.250000 118.869546 14.700000 1.570796 6.545045 4.000000 0.000000
DYNAMIC_OBS_INFO 0 -5.750000 31.845728 1.570796 270.359494 -5.750000 389.883082 33.821111 1.287732
DYNAMIC_OBS_INFO 1 -1.750000 31.121915 1.570796 241.220334 -1.750000 360.718991 42.421989 2.625903
STATIC_OBS_INFO 0 -6.300000 60.234897 59.298449 
STATIC_OBS_INFO 1 -6.300000 76.967084 42.569917 
Parent: -55.377843 10.000000 101.000000 0.000000 15.150000 -17.228607 -10.000000 4.350765 34.000000 0.000000 0 0 0 0 0 0 0 0
Child: -17.228607 10.000000 102.000000 0.000000 15.300000 -8.728607 -10.000000 0.000000 0.000000 0.000000 0 0 0 0 0 0 0 0
Child: -8.728607 8.475950 86.000000 0.000000 12.900000 0.000000 -10.000000 0.000000 0.000000 0.000000 0 0 0 0 0 0 0 0
EGO_STATUS -5.250000 119.524050 14.800000 1.570796 6.545045 4.000000 0.000000
DONE
FINISHED
