STATIC_OBS_INIT_INFO 0 -6.300000 76.432526
STATIC_OBS_INIT_INFO 1 -6.300000 63.458671
Parent: -28.144780 10.000000 101.000000 0.000000 15.150000 18.172511 -10.000000 2.182709 40.000000 0.000000 0 0 0 0 0 0 0 0
Child: 18.172511 24.847947 250.000000 11.349084 272.100000 0.000000 -10.000000 0.000000 0.000000 0.000000 0 0 0 0 0 0 0 0
EGO_STATUS -5.750000 14.160672 0.000000 1.570796 15.965459 4.000000 0.000000
DYNAMIC_OBS_INFO 0 -5.750000 57.385791 1.570796 41.628574 -5.750000 57.385791 10.126491 1.268808
DYNAMIC_OBS_INFO 1 -1.750000 31.493796 1.570796 16.236990 -1.750000 31.493796 9.332366 2.626462
STATIC_OBS_INFO 0 -6.300000 76.432526 60.677802 
STATIC_OBS_INFO 1 -6.300000 63.458671 47.704624 
Parent: 51.260621 10.000000 101.000000 0.000000 1015.150000 7.041660 -10.000000 2.709061 49.000000 0.000000 0 0 0 0 0 0 0 0
Child: 7.041660 10.000000 101.000000 0.000000 15.150000 15.541660 -10.000000 0.000000 0.000000 0.000000 0 0 0 0 0 0 0 0
Child: 15.541660 23.251401 234.000000 11.348958 245.700000 0.000000 -10.000000 0.000000 0.000000 0.000000 0 0 0 0 0 0 0 0
EGO_STATUS -5.749990 15.757218 0.100000 1.570765 15.965459 4.000000 0.000000
DYNAMIC_OBS_INFO 0 -5.750000 57.385791 1.570796 41.051021 -5.750000 58.404784 10.253372 1.268808
DYNAMIC_OBS_INFO 1 -1.750000 31.493796 1.570796 14.694835 -1.750000 31.493796 9.332366 2.626462
STATIC_OBS_INFO 0 -6.300000 76.432526 59.081326 
STATIC_OBS_INFO 1 -6.300000 63.458671 46.108192 
Parent: 50.530280 10.000000 101.000000 0.000000 1015.150000 4.411318 -10.000000 2.609061 47.000000 0.000000 0 0 0 0 0 0 0 0
Child: 4.411318 10.000000 101.000000 0.000000 15.150000 12.911318 -10.000000 0.000000 0.000000 0.000000 0 0 0 0 0 0 0 0
Child: 12.911318 21.654855 218.000000 11.348843 219.300000 0.000000 -10.000000 0.000000 0.000000 0.000000 0 0 0 0 0 0 0 0
EGO_STATUS -5.749706 17.353763 0.200000 1.570359 15.965459 4.000000 0.000000
DYNAMIC_OBS_INFO 0 -5.750000 57.385791 1.570796 40.486157 -5.750000 59.436466 10.380253 1.268808
DYNAMIC_OBS_INFO 1 -1.750000 31.493796 1.570796 13.165231 -1.750000 31.493796 9.332366 2.626462
STATIC_OBS_INFO 0 -6.300000 76.432526 57.484868 
STATIC_OBS_INFO 1 -6.300000 63.458671 44.511785 
Parent: 48.800568 10.000000 101.000000 0.000000 1015.150000 1.781606 -10.000000 2.509061 46.000000 0.000000 0 0 0 0 0 0 0 0
Child: 1.781606 10.000000 101.000000 0.000000 15.150000 10.281606 -10.000000 0.000000 0.000000 0.000000 0 0 0 0 0 0 0 0
Child: 10.281606 20.058309 202.000000 11.348743 192.900000 0.000000 -10.000000 0.000000 0.000000 0.000000 0 0 0 0 0 0 0 0
EGO_STATUS -5.748027 18.950308 0.300000 1.568895 15.965459 4.000000 0.000000
DYNAMIC_OBS_INFO 0 -5.750000 57.385791 1.570796 39.933991 -5.750000 60.480835 10.507134 1.268808
DYNAMIC_OBS_INFO 1 -1.750000 31.493796 1.570796 11.652359 -1.750000 31.493796 9.332366 2.626462
STATIC_OBS_INFO 0 -6.300000 76.432526 55.888460 
STATIC_OBS_INFO 1 -6.300000 63.458671 42.915445 
Parent: 48.071650 10.000000 101.000000 0.000000 1015.150000 -0.847312 -10.000000 2.409061 44.000000 0.000000 0 0 0 0 0 0 0 0
Child: -0.847312 10.000000 101.000000 0.000000 15.150000 7.652688 -10.000000 0.000000 0.000000 0.000000 0 0 0 0 0 0 0 0
Child: 7.652688 18.461764 186.000000 11.348663 166.500000 0.000000 -10.000000 0.000000 0.000000 0.000000 0 0 0 0 0 0 0 0
EGO_STATUS -5.742708 20.546845 0.400000 1.565706 15.965459 4.000000 0.000000
DYNAMIC_OBS_INFO 0 -5.750000 57.385791 1.570796 39.394554 -5.750000 61.537892 10.634015 1.268808
DYNAMIC_OBS_INFO 1 -1.750000 31.493796 1.570796 10.162506 -1.750000 31.493796 9.332366 2.626462
STATIC_OBS_INFO 0 -6.300000 76.432526 54.292169 
STATIC_OBS_INFO 1 -6.300000 63.458671 41.319251 
Parent: 47.343749 10.000000 101.000000 0.000000 1015.150000 -3.475213 -10.000000 2.309061 42.000000 0.000000 0 0 0 0 0 0 0 0
Child: -3.475213 10.000000 101.000000 0.000000 15.150000 5.024787 -10.000000 0.000000 0.000000 0.000000 0 0 0 0 0 0 0 0
Child: 5.024787 16.865219 170.000000 11.348604 140.100000 0.000000 -10.000000 0.000000 0.000000 0.000000 0 0 0 0 0 0 0 0
EGO_STATUS -5.730648 22.143343 0.500000 1.560425 15.965459 4.000000 0.000000
DYNAMIC_OBS_INFO 0 -5.750000 57.385791 1.570796 38.867928 -5.750000 62.607638 10.760895 1.268808
DYNAMIC_OBS_INFO 1 -1.750000 31.493796 1.570796 8.706059 -1.750000 31.493796 9.332366 2.626462
STATIC_OBS_INFO 0 -6.300000 76.432526 52.696113 
STATIC_OBS_INFO 1 -6.300000 63.458671 39.723342 
Parent: 45.646925 10.000000 101.000000 0.000000 1015.150000 -6.072037 -10.000000 2.209061 41.000000 0.000000 0 0 0 0 0 0 0 0
Child: -6.072037 10.000000 101.000000 0.000000 15.150000 2.427963 -10.000000 0.000000 0.000000 0.000000 0 0 0 0 0 0 0 0
Child: 2.427963 15.268673 154.000000 11.348566 114.000000 0.000000 -10.000000 0.000000 0.000000 0.000000 0 0 0 0 0 0 0 0
EGO_STATUS -5.708529 23.739732 0.600000 1.553170 15.965459 4.000000 0.000000
DYNAMIC_OBS_INFO 0 -5.750000 57.385791 1.570796 38.354255 -5.750000 63.690072 10.887776 1.268808
DYNAMIC_OBS_INFO 1 -1.750000 31.493796 1.570796 7.301707 -1.750000 31.493796 9.332366 2.626462
STATIC_OBS_INFO 0 -6.300000 76.432526 51.100472 
STATIC_OBS_INFO 1 -6.300000 63.458671 38.127923 
Parent: 270.034807 30.290952 304.000000 10.415754 3032.100000 11.686831 0.000000 4.187783 49.000000 0.000000 0 0 0 0 0 0 0 0
Child: 11.686831 13.672127 138.000000 27.061358 90.900000 0.000000 0.000000 0.000000 0.000000 0.000000 0 0 0 1 0 0 0 0
EGO_STATUS -5.673665 25.335893 0.700000 1.544614 15.965459 4.000000 0.000000
DYNAMIC_OBS_INFO 0 -5.750000 57.385791 1.570796 37.883118 -5.750000 64.785193 11.014657 1.268808
DYNAMIC_OBS_INFO 1 -1.750000 31.493796 1.570796 6.008709 -1.750000 31.493796 9.332366 2.626462
STATIC_OBS_INFO 0 -6.300000 76.432526 49.534835 
STATIC_OBS_INFO 1 -6.300000 63.458671 36.562608 
Parent: 258.680769 30.290952 304.000000 10.415718 3032.100000 -0.567212 0.000000 4.087791 48.000000 0.000000 0 0 0 0 0 0 0 0
Child: -0.567212 12.105009 123.000000 26.097345 69.750000 0.000000 -10.000000 0.000000 0.000000 0.000000 0 0 0 1 0 0 0 0
EGO_STATUS -5.625892 26.902278 0.800000 1.536106 15.377459 1.000000 -5.880000
DYNAMIC_OBS_INFO 0 -5.750000 57.385791 1.570796 37.483940 -5.750000 65.893003 11.141538 1.268808
DYNAMIC_OBS_INFO 1 -1.750000 31.493796 1.570796 4.908255 -1.750000 31.493796 9.332366 2.626462
STATIC_OBS_INFO 0 -6.300000 76.432526 48.028599 
STATIC_OBS_INFO 1 -6.300000 63.458671 35.056807 
Parent: 258.812701 30.290952 304.000000 10.415705 3032.100000 -2.335281 0.000000 3.987794 46.000000 0.000000 0 0 0 0 0 0 0 0
Child: -2.335281 10.596673 107.000000 25.944564 51.450000 0.000000 -10.000000 0.000000 0.000000 0.000000 0 0 0 1 0 0 0 0
EGO_STATUS -5.568129 28.409504 0.900000 1.529211 14.789459 1.000000 -5.880000
DYNAMIC_OBS_INFO 0 -5.750000 57.385791 1.570796 37.156694 -5.750000 67.013501 11.268419 1.268808
DYNAMIC_OBS_INFO 1 -1.750000 31.493796 1.570796 4.095568 -1.750000 31.493796 9.332366 2.626462
STATIC_OBS_INFO 0 -6.300000 76.432526 46.581701 
STATIC_OBS_INFO 1 -6.300000 63.458671 33.610468 
Parent: 258.155326 30.290952 304.000000 10.415658 3032.100000 -3.892662 0.000000 3.887805 45.000000 0.000000 0 0 0 0 0 0 0 0
Child: -3.892662 9.147164 93.000000 25.943829 36.150000 0.000000 -10.000000 0.000000 0.000000 0.000000 0 0 0 1 0 0 0 0
EGO_STATUS -5.504544 29.857617 1.000000 1.525149 14.201459 1.000000 -5.880000
DYNAMIC_OBS_INFO 0 -5.750000 57.385791 1.570796 36.901119 -5.750000 68.146687 11.395299 1.268808
DYNAMIC_OBS_INFO 1 -1.750000 31.493796 1.570796 3.698587 -1.750000 31.493796 9.332366 2.626462
STATIC_OBS_INFO 0 -6.300000 76.432526 45.193836 
STATIC_OBS_INFO 1 -6.300000 63.458671 32.223273 
Parent: 258.984101 30.290952 304.000000 10.415640 3032.100000 -4.963889 0.000000 3.787809 43.000000 0.000000 0 0 0 0 0 0 0 0
Child: -4.963889 7.756431 79.000000 25.943274 25.350000 0.000000 -10.000000 0.000000 0.000000 0.000000 0 0 0 1 0 0 0 0
EGO_STATUS -5.440335 31.246867 1.100000 1.524707 13.613459 1.000000 -5.880000
DYNAMIC_OBS_INFO 0 -5.750000 57.385791 1.570796 36.716973 -5.750000 69.292561 11.522180 1.268808
DYNAMIC_OBS_INFO 1 -1.750000 31.493796 1.570796 3.789068 -1.750000 31.493796 9.332366 2.626462
STATIC_OBS_INFO 0 -6.300000 76.432526 43.864715 
STATIC_OBS_INFO 1 -6.300000 63.458671 30.894905 
Parent: 259.008428 30.290952 304.000000 10.415592 3032.100000 -5.839569 0.000000 3.687820 42.000000 0.000000 0 0 0 0 0 0 0 0
Child: -5.839569 6.424523 66.000000 25.940675 16.800000 0.000000 -10.000000 0.000000 0.000000 0.000000 0 0 0 1 0 0 0 0
EGO_STATUS -5.380805 32.577444 1.200000 1.528108 13.025459 1.000000 -5.880000
DYNAMIC_OBS_INFO 0 -5.750000 57.385791 1.570796 36.603973 -5.750000 70.451123 11.649061 1.268808
DYNAMIC_OBS_INFO 1 -1.750000 31.493796 1.570796 4.285951 -1.750000 31.493796 9.332366 2.626462
STATIC_OBS_INFO 0 -6.300000 76.432526 42.594008 
STATIC_OBS_INFO 1 -6.300000 63.458671 29.624986 
Parent: 54.765342 10.000000 101.000000 0.000000 1015.150000 -6.766790 -10.000000 2.022231 31.000000 0.000000 0 0 0 0 0 0 0 0
Child: -6.766790 10.000000 101.000000 0.000000 15.150000 1.733210 -10.000000 0.000000 0.000000 0.000000 0 0 0 0 0 0 0 0
Child: 1.733210 5.151414 53.000000 6.882023 10.950000 0.000000 0.000000 0.000000 0.000000 0.000000 0 0 0 0 0 0 0 0
EGO_STATUS -5.330472 33.849554 1.300000 1.534938 12.437459 1.000000 -5.880000
DYNAMIC_OBS_INFO 0 -5.750000 57.385791 1.570796 36.532563 -5.750000 71.622373 11.775942 1.268808
DYNAMIC_OBS_INFO 1 -1.750000 31.493796 1.570796 5.049223 -1.750000 31.493796 9.332366 2.626462
STATIC_OBS_INFO 0 -6.300000 76.432526 41.352138 
STATIC_OBS_INFO 1 -6.300000 63.458671 28.383904 
Parent: 260.561865 30.290952 304.000000 13.800535 3032.100000 -8.758211 0.000000 4.822620 39.000000 0.000000 0 0 0 0 0 0 0 0
Child: -8.758211 3.907668 41.000000 6.879087 6.150000 0.000000 -10.000000 0.000000 0.000000 0.000000 0 0 0 0 0 0 0 0
EGO_STATUS -5.291559 35.092687 1.400000 1.544430 12.437459 4.000000 0.000000
DYNAMIC_OBS_INFO 0 -5.750000 57.385791 1.570796 36.473375 -5.750000 72.806311 11.902823 1.268808
DYNAMIC_OBS_INFO 1 -1.750000 31.493796 1.570796 5.983922 -1.750000 31.493796 9.332366 2.626462
STATIC_OBS_INFO 0 -6.300000 76.432526 40.109715 
STATIC_OBS_INFO 1 -6.300000 63.458671 27.142238 
Parent: 258.359318 32.976731 331.000000 11.555979 2913.850000 0.000000 0.000000 4.908179 38.000000 0.000000 0 0 0 0 0 0 0 0
EGO_STATUS -5.265522 36.336154 1.500000 1.555347 12.437459 4.000000 0.000000
DYNAMIC_OBS_INFO 0 -5.750000 57.385791 1.570796 36.438168 -5.750000 74.002937 12.029703 1.268808
DYNAMIC_OBS_INFO 1 -1.750000 31.493796 1.570796 7.011985 -1.750000 31.493796 9.332366 2.626462
STATIC_OBS_INFO 0 -6.300000 76.432526 38.878470 
STATIC_OBS_INFO 1 -6.300000 63.458671 25.911677 
Parent: 249.163028 31.744660 319.000000 11.555622 2916.250000 0.000000 -10.000000 4.808183 37.000000 0.000000 0 0 0 0 0 0 0 0
EGO_STATUS -5.252860 37.568161 1.600000 1.565326 12.204431 6.000000 -2.330286
DYNAMIC_OBS_INFO 0 -5.750000 57.385791 1.570796 36.438731 -5.750000 75.212252 12.156584 1.268808
DYNAMIC_OBS_INFO 1 -1.750000 31.493796 1.570796 8.080789 -1.750000 31.493796 9.332366 2.626462
STATIC_OBS_INFO 0 -6.300000 76.432526 37.670201 
STATIC_OBS_INFO 1 -6.300000 63.458671 24.704024 
Parent: 619.989321 20.972423 211.000000 3376.441486 3265.150000 3.769451 -10.000000 2.076415 36.000000 0.000000 1 1 1 0 0 0 0 0
Child: 3.769451 10.223080 104.000000 22.746850 15.600000 0.000000 0.000000 0.000000 0.000000 0.000000 0 0 1 0 0 0 0 0
EGO_STATUS -5.250707 38.776942 1.700000 1.572048 11.971403 6.000000 -2.330284
DYNAMIC_OBS_INFO 0 -5.750000 57.385791 1.570796 36.448841 -5.750000 76.434254 12.283465 1.268808
DYNAMIC_OBS_INFO 1 -1.750000 31.493796 1.570796 9.189312 -1.750000 31.493796 9.332366 2.626462
STATIC_OBS_INFO 0 -6.300000 76.432526 36.458745 
STATIC_OBS_INFO 1 -6.300000 63.458671 23.493178 
Parent: 610.624202 20.972423 211.000000 3376.441464 3265.150000 -6.495666 -10.000000 1.976414 35.000000 0.000000 1 1 1 0 0 0 0 0
Child: -6.495666 9.011229 92.000000 21.977443 13.800000 0.000000 -10.000000 0.000000 0.000000 0.000000 0 0 1 0 0 0 0 0
EGO_STATUS -5.254081 39.988787 1.800000 1.574347 12.265403 0.000000 2.940000
DYNAMIC_OBS_INFO 0 -5.750000 57.385791 1.570796 36.442224 -5.750000 77.668945 12.410346 1.268808
DYNAMIC_OBS_INFO 1 -1.750000 31.493796 1.570796 9.463968 -1.750000 32.440165 9.595012 2.626462
STATIC_OBS_INFO 0 -6.300000 76.432526 35.217906 
STATIC_OBS_INFO 1 -6.300000 63.458671 22.253045 
Parent: 612.346693 20.972423 211.000000 3376.441418 3265.150000 -6.673168 -10.000000 1.876413 33.000000 0.000000 1 1 1 0 0 0 0 0
Child: -6.673168 7.769967 79.000000 21.975078 11.850000 0.000000 -10.000000 0.000000 0.000000 0.000000 0 0 1 0 0 0 0 0
EGO_STATUS -5.257808 41.230044 1.900000 1.572788 12.559403 0.000000 2.940000
DYNAMIC_OBS_INFO 0 -5.750000 57.385791 1.570796 36.418939 -5.750000 78.916323 12.537227 1.268808
DYNAMIC_OBS_INFO 1 -1.750000 31.493796 1.570796 9.741614 -1.750000 33.412799 9.857658 2.626462
STATIC_OBS_INFO 0 -6.300000 76.432526 33.947806 
STATIC_OBS_INFO 1 -6.300000 63.458671 20.983835 
Parent: 613.039618 20.972423 211.000000 3376.441379 3265.150000 -6.880239 -10.000000 1.776412 32.000000 0.000000 1 1 1 0 0 0 0 0
Child: -6.880239 6.499308 66.000000 21.780945 9.900000 0.000000 -10.000000 0.000000 0.000000 0.000000 0 0 1 0 0 0 0 0
EGO_STATUS -5.258427 42.500702 2.000000 1.569794 12.853403 0.000000 2.940000
DYNAMIC_OBS_INFO 0 -5.750000 57.385791 1.570796 36.379009 -5.750000 80.176390 12.664107 1.268808
DYNAMIC_OBS_INFO 1 -1.750000 31.493796 1.570796 10.022176 -1.750000 34.411697 10.120305 2.626462
STATIC_OBS_INFO 0 -6.300000 76.432526 32.648493 
STATIC_OBS_INFO 1 -6.300000 63.458671 19.685651 
Parent: 878.450883 10.000000 101.000000 270.000000 2600.750000 643.011452 -10.000000 2.206757 41.000000 0.000000 0 1 1 0 0 0 0 0
Child: 643.011452 20.972423 211.000000 3376.441379 3265.150000 -7.131992 -10.000000 0.000000 0.000000 0.000000 1 1 1 0 0 0 0 0
Child: -7.131992 5.199268 53.000000 21.285737 7.950000 0.000000 -10.000000 0.000000 0.000000 0.000000 0 0 1 0 0 0 0 0
EGO_STATUS -5.255696 43.800740 2.100000 1.567951 13.147403 0.000000 2.940000
DYNAMIC_OBS_INFO 0 -5.750000 57.385791 1.570796 36.322368 -5.750000 81.449145 12.790988 1.268808
DYNAMIC_OBS_INFO 1 -1.750000 31.493796 1.570796 10.306527 -1.750000 35.436860 10.382951 2.626462
STATIC_OBS_INFO 0 -6.300000 76.432526 31.319874 
STATIC_OBS_INFO 1 -6.300000 63.458671 18.358419 
Parent: 1126.296483 10.000000 101.000000 0.000000 2600.750000 925.035577 -10.000000 2.760907 49.000000 0.000000 0 0 0 0 0 0 0 0
Child: 925.035577 10.000000 101.000000 250.000000 2600.750000 642.783101 0.000000 0.000000 0.000000 0.000000 0 1 0 0 0 0 0 0
Child: 642.783101 20.972423 211.000000 3376.441344 3265.150000 -7.360340 -10.000000 0.000000 0.000000 0.000000 1 1 1 0 0 0 0 0
Child: -7.360340 3.869810 40.000000 21.284647 6.000000 0.000000 -10.000000 0.000000 0.000000 0.000000 0 0 1 0 0 0 0 0
EGO_STATUS -5.251972 45.130191 2.200000 1.568401 13.441403 0.000000 2.940000
DYNAMIC_OBS_INFO 0 -5.750000 57.385791 1.570796 36.248989 -5.750000 82.734588 12.917869 1.268808
DYNAMIC_OBS_INFO 1 -1.750000 31.493796 1.570796 10.595494 -1.750000 36.488287 10.645597 2.626462
STATIC_OBS_INFO 0 -6.300000 76.432526 29.961885 
STATIC_OBS_INFO 1 -6.300000 63.458671 17.002082 
Parent: 1126.900793 10.000000 101.000000 0.000000 2600.750000 924.739887 -10.000000 2.660906 48.000000 0.000000 0 0 0 0 0 0 0 0
Child: 924.739887 10.000000 101.000000 250.000000 2600.750000 642.487412 0.000000 0.000000 0.000000 0.000000 0 1 0 0 0 0 0 0
Child: 642.487412 20.972423 211.000000 3376.441305 3265.150000 -7.656025 -10.000000 0.000000 0.000000 0.000000 1 1 1 0 0 0 0 0
Child: -7.656025 2.510951 27.000000 21.154518 4.050000 0.000000 -10.000000 0.000000 0.000000 0.000000 0 0 1 0 0 0 0 0
EGO_STATUS -5.249895 46.489049 2.300000 1.570168 13.735403 0.000000 2.940000
DYNAMIC_OBS_INFO 0 -5.750000 57.385791 1.570796 36.158881 -5.750000 84.032719 13.044750 1.268808
DYNAMIC_OBS_INFO 1 -1.750000 31.493796 1.570796 10.889087 -1.750000 37.565979 10.908243 2.626462
STATIC_OBS_INFO 0 -6.300000 76.432526 28.574533 
STATIC_OBS_INFO 1 -6.300000 63.458671 15.616723 
Parent: 1123.107706 20.000000 201.000000 270.000000 5175.750000 625.695562 0.000000 2.546472 47.000000 0.000000 0 1 1 0 0 0 0 0
Child: 625.695562 20.972423 211.000000 3111.110196 3265.150000 -8.075191 0.000000 0.000000 0.000000 0.000000 1 0 1 0 0 0 0 0
Child: -8.075191 1.122703 13.000000 20.337740 1.950000 0.000000 -10.000000 0.000000 0.000000 0.000000 0 0 1 0 0 0 0 0
EGO_STATUS -5.249849 47.877297 2.400000 1.571057 14.029403 0.000000 2.940000
DYNAMIC_OBS_INFO 0 -5.750000 57.385791 1.570796 36.052345 -5.750000 85.343538 13.171631 1.268808
DYNAMIC_OBS_INFO 1 -1.750000 31.493796 1.570796 11.186318 -1.750000 38.669936 11.170889 2.626462
STATIC_OBS_INFO 0 -6.300000 76.432526 27.158175 
STATIC_OBS_INFO 1 -6.300000 63.458671 14.202886 
Parent: 1046.126586 10.000000 101.000000 270.000000 2055.350000 858.400471 0.000000 2.493442 45.000000 0.000000 0 1 1 0 0 0 0 0
Child: 858.400471 10.000000 101.000000 0.000000 2055.350000 664.900471 -10.000000 0.000000 0.000000 0.000000 0 0 0 0 0 0 0 0
Child: 664.900471 20.186026 203.000000 3089.160669 3697.950000 0.000000 -10.000000 0.000000 0.000000 0.000000 1 0 1 0 0 0 0 0
EGO_STATUS -5.249843 49.294662 2.500000 1.569311 14.296594 5.000000 1.640830
DYNAMIC_OBS_INFO 0 -5.750000 57.385791 1.570796 35.938532 -5.750000 86.667045 13.298511 1.268808
DYNAMIC_OBS_INFO 1 -1.750000 31.493796 1.570796 11.470692 -1.750000 39.800157 11.433535 2.626462
STATIC_OBS_INFO 0 -6.300000 76.432526 25.722700 
STATIC_OBS_INFO 1 -6.300000 63.458671 12.771768 
Parent: 8023.782045 10.000000 101.000000 0.000000 2055.350000 7871.934653 -10.000000 2.347393 44.000000 0.000000 0 0 0 0 0 0 0 0
Child: 7871.934653 10.000000 101.000000 250.000000 2055.350000 7643.682177 0.000000 0.000000 0.000000 0.000000 0 1 0 0 0 0 0 0
Child: 7643.682177 18.747931 189.000000 73347.368913 3709.450000 0.000000 0.000000 0.000000 0.000000 0.000000 1 1 1 0 0 0 0 7
EGO_STATUS -5.223243 50.732373 2.600000 1.526739 14.464674 5.000000 1.680801
DYNAMIC_OBS_INFO 0 -5.750000 57.385791 1.570796 35.820971 -5.750000 88.003240 13.425392 1.268808
DYNAMIC_OBS_INFO 1 -1.750000 31.493796 1.570796 11.721101 -1.750000 40.956643 11.696181 2.626462
STATIC_OBS_INFO 0 -6.300000 76.432526 24.273966 
STATIC_OBS_INFO 1 -6.300000 63.458671 11.334004 
Parent: 7018.931698 10.000000 101.000000 270.000000 2055.350000 6828.410465 0.000000 2.288560 42.000000 0.000000 0 1 1 0 0 0 0 0
Child: 6828.410465 10.000000 101.000000 0.000000 2055.350000 6634.910465 -10.000000 0.000000 0.000000 0.000000 0 0 0 0 0 0 0 0
Child: 6634.910465 17.286726 174.000000 63090.268907 3693.600000 0.000000 0.000000 0.000000 0.000000 0.000000 1 0 1 0 0 0 0 6
EGO_STATUS -5.102313 52.188125 2.700000 1.445187 14.758674 0.000000 2.940000
DYNAMIC_OBS_INFO 0 -5.750000 57.385791 1.570796 35.714267 -5.750000 89.352123 13.552273 1.268808
DYNAMIC_OBS_INFO 1 -1.750000 31.493796 1.570796 11.919375 -1.750000 42.139393 11.958828 2.626462
STATIC_OBS_INFO 0 -6.300000 76.432526 22.829520 
STATIC_OBS_INFO 1 -6.300000 63.458671 9.916366 
Parent: 7992.834998 10.000000 101.000000 0.000000 2055.350000 7838.177909 -10.000000 2.157089 41.000000 0.000000 0 0 0 0 0 0 0 0
Child: 7838.177909 10.000000 101.000000 250.000000 2055.350000 7609.925434 0.000000 0.000000 0.000000 0.000000 0 1 0 0 0 0 0 0
Child: 7609.925434 15.802972 160.000000 73346.244414 3701.800000 0.000000 0.000000 0.000000 0.000000 0.000000 1 1 1 0 0 0 0 7
EGO_STATUS -4.847490 53.649261 2.800000 1.351491 14.916112 5.000000 1.574374
DYNAMIC_OBS_INFO 0 -5.750000 57.385791 1.570796 35.633440 -5.750000 90.713695 13.679154 1.268808
DYNAMIC_OBS_INFO 1 -1.750000 31.493796 1.570796 12.063020 -1.750000 43.348408 12.221474 2.626462
STATIC_OBS_INFO 0 -6.300000 76.432526 21.408269 
STATIC_OBS_INFO 1 -6.300000 63.458671 8.555759 
Parent: 13164.873472 20.000000 201.000000 270.000000 4090.350000 12777.396418 0.000000 2.611382 49.000000 0.000000 0 1 1 0 0 0 0 0
Child: 12777.396418 10.000000 101.000000 0.000000 2055.350000 12583.896418 -10.000000 0.000000 0.000000 0.000000 0 0 0 0 0 0 0 0
Child: 12583.896418 14.296654 144.000000 123089.812781 3658.800000 0.000000 0.000000 0.000000 0.000000 0.000000 1 0 1 0 0 0 0 12
EGO_STATUS -4.457268 55.103712 2.900000 1.269841 15.210112 0.000000 2.940000
DYNAMIC_OBS_INFO 0 -5.750000 57.385791 1.570796 35.583413 -5.750000 92.087954 13.806035 1.268808
DYNAMIC_OBS_INFO 1 -1.750000 31.493796 1.570796 12.168632 -1.750000 44.583688 12.484120 2.626462
STATIC_OBS_INFO 0 -6.300000 76.432526 20.019978 
STATIC_OBS_INFO 1 -6.300000 63.458671 7.293852 
Parent: 10180.103445 30.000000 301.000000 270.000000 6125.350000 9598.407634 -10.000000 2.285512 48.000000 0.000000 0 1 1 0 0 0 0 0
Child: 9598.407634 12.768472 129.000000 93344.957031 3627.850000 0.000000 0.000000 0.000000 0.000000 0.000000 1 1 1 0 0 0 0 9
EGO_STATUS -3.962689 56.549456 3.000000 1.218959 15.353161 5.000000 1.430492
DYNAMIC_OBS_INFO 0 -5.750000 57.385791 1.570796 35.551550 -5.750000 93.474901 13.932915 1.268808
DYNAMIC_OBS_INFO 1 -1.750000 31.493796 1.570796 12.268489 -1.750000 45.845232 12.746766 2.626462
STATIC_OBS_INFO 0 -6.300000 76.432526 18.656696 
STATIC_OBS_INFO 1 -6.300000 63.458671 6.173490 
Parent: 8141.855385 30.000000 301.000000 270.000000 6125.350000 7558.259576 -10.000000 2.185510 46.000000 0.000000 0 1 1 0 0 0 0 0
Child: 7558.259576 11.218425 114.000000 73344.952304 3562.600000 0.000000 -10.000000 0.000000 0.000000 0.000000 1 1 1 0 0 0 0 7
EGO_STATUS -3.416403 58.000023 3.100000 1.209630 15.647161 0.000000 2.940000
DYNAMIC_OBS_INFO 0 -5.750000 57.385791 1.570796 35.505908 -5.750000 94.874537 14.059796 1.268808
DYNAMIC_OBS_INFO 1 -1.750000 31.493796 1.570796 12.403337 -1.750000 47.133041 13.009412 2.626462
STATIC_OBS_INFO 0 -6.300000 76.432526 17.289524 
STATIC_OBS_INFO 1 -6.300000 63.458671 5.243797 
Parent: 5992.908334 20.000000 201.000000 270.000000 4090.350000 5601.738745 0.000000 2.303917 45.000000 0.000000 0 1 1 0 0 0 0 0
Child: 5601.738745 10.000000 101.000000 0.000000 2055.350000 5408.238745 -10.000000 0.000000 0.000000 0.000000 0 0 0 0 0 0 0 0
Child: 5408.238745 9.638990 98.000000 53071.579768 1914.200000 0.000000 0.000000 0.000000 0.000000 0.000000 1 0 0 0 0 0 0 5
EGO_STATUS -2.878475 59.484936 3.200000 1.243558 15.941161 0.000000 2.940000
DYNAMIC_OBS_INFO 0 -5.750000 57.385791 1.570796 35.429922 -5.750000 96.286861 14.186677 1.268808
DYNAMIC_OBS_INFO 1 -1.750000 31.493796 1.570796 12.584770 -1.750000 48.447115 13.272058 2.626462
STATIC_OBS_INFO 0 -6.300000 76.432526 15.900404 
STATIC_OBS_INFO 1 -6.300000 63.458671 4.591071 
Parent: 3979.268046 20.000000 201.000000 270.000000 4090.350000 3586.198457 0.000000 2.203917 43.000000 0.000000 0 1 1 0 0 0 0 0
Child: 3586.198457 10.000000 101.000000 0.000000 2055.350000 3392.698457 -10.000000 0.000000 0.000000 0.000000 0 0 0 0 0 0 0 0
Child: 3392.698457 8.040176 82.000000 33071.579134 1631.800000 0.000000 -10.000000 0.000000 0.000000 0.000000 1 0 0 0 0 0 0 3
EGO_STATUS -2.413699 61.014371 3.300000 1.312494 16.035203 5.000000 0.940419
DYNAMIC_OBS_INFO 0 -5.750000 57.385791 1.570796 35.319235 -5.750000 97.711872 14.313558 1.268808
DYNAMIC_OBS_INFO 1 -1.750000 31.493796 1.570796 12.801432 -1.750000 49.787453 13.534705 2.626462
STATIC_OBS_INFO 0 -6.300000 76.432526 14.479331 
STATIC_OBS_INFO 1 -6.300000 63.458671 4.319426 
Parent: 2955.470689 20.000000 201.000000 270.000000 4090.350000 2561.501100 0.000000 2.103918 42.000000 0.000000 0 1 1 0 0 0 0 0
Child: 2561.501100 10.000000 101.000000 0.000000 2055.350000 2368.001100 -10.000000 0.000000 0.000000 0.000000 0 0 0 0 0 0 0 0
Child: 2368.001100 6.431956 66.000000 23071.397441 1329.900000 0.000000 -10.000000 0.000000 0.000000 0.000000 1 0 0 0 0 0 0 2
EGO_STATUS -2.069877 62.584888 3.400000 1.399169 16.129245 5.000000 0.940419
DYNAMIC_OBS_INFO 0 -5.750000 57.385791 1.570796 35.176443 -5.750000 99.149572 14.440439 1.268808
DYNAMIC_OBS_INFO 1 -1.750000 31.493796 1.570796 13.035069 -1.750000 51.154056 13.797351 2.626462
STATIC_OBS_INFO 0 -6.300000 76.432526 13.023340 
STATIC_OBS_INFO 1 -6.300000 63.458671 4.497506 
Parent: 971.742400 20.000000 201.000000 270.000000 4090.350000 575.872811 0.000000 2.003918 40.000000 0.000000 0 1 1 0 0 0 0 0
Child: 575.872811 10.000000 101.000000 0.000000 2055.350000 382.372811 -10.000000 0.000000 0.000000 0.000000 0 0 0 0 0 0 0 0
Child: 382.372811 4.814331 50.000000 3060.250491 1014.800000 0.000000 -10.000000 0.000000 0.000000 0.000000 1 0 0 0 0 0 0 0
EGO_STATUS -1.862129 64.188643 3.500000 1.482274 16.223287 5.000000 0.940419
DYNAMIC_OBS_INFO 0 -5.750000 57.385791 1.570796 35.013889 -5.750000 100.599960 14.567319 1.268808
DYNAMIC_OBS_INFO 1 -1.750000 31.493796 1.570796 13.265975 -1.750000 52.546923 14.059997 2.626462
STATIC_OBS_INFO 0 -6.300000 76.432526 11.545028 
STATIC_OBS_INFO 1 -6.300000 63.458671 5.104224 
Parent: 959.517030 40.054669 402.000000 284.483180 6321.600000 348.050397 0.000000 2.246553 49.000000 0.000000 0 1 1 0 0 0 0 0
Child: 348.050397 3.187299 33.000000 3035.558519 671.550000 0.000000 -10.000000 0.000000 0.000000 0.000000 1 0 0 0 0 0 0 0
EGO_STATUS -1.771115 65.812881 3.600000 1.542128 16.317328 5.000000 0.940418
DYNAMIC_OBS_INFO 0 -5.750000 57.385791 1.570796 34.844207 -5.750000 102.063036 14.694200 1.268808
DYNAMIC_OBS_INFO 1 -1.750000 31.493796 1.570796 13.483085 -1.750000 53.966055 14.322643 2.626462
STATIC_OBS_INFO 0 -6.300000 76.432526 10.069771 
STATIC_OBS_INFO 1 -6.300000 63.458671 6.051685 
Parent: 695.384060 10.000000 101.000000 270.000000 530.250000 680.573210 -10.000000 2.578177 57.000000 0.000000 0 1 1 0 0 0 0 0
Child: 680.573210 40.054669 402.000000 284.483180 6321.600000 22.353130 0.000000 0.000000 0.000000 0.000000 0 1 1 0 0 0 0 0
Child: 22.353130 1.550861 17.000000 8.693867 345.950000 0.000000 -10.000000 0.000000 0.000000 0.000000 0 0 0 0 0 0 0 0
EGO_STATUS -1.750380 67.449140 3.700000 1.568528 16.411370 5.000000 0.940419
DYNAMIC_OBS_INFO 0 -5.750000 57.385791 1.570796 34.675271 -5.750000 103.538800 14.821081 1.268808
DYNAMIC_OBS_INFO 1 -1.750000 31.493796 1.570796 13.683563 -1.750000 55.411452 14.585289 2.626462
STATIC_OBS_INFO 0 -6.300000 76.432526 8.633747 
STATIC_OBS_INFO 1 -6.300000 63.458671 7.243677 
Parent: 657.017567 49.957439 501.000000 281.977899 6933.950000 0.000000 -10.000000 2.478084 55.000000 0.000000 0 1 1 0 0 0 0 0
EGO_STATUS -1.750000 69.095014 3.800000 1.570804 16.516921 0.000000 2.940000
DYNAMIC_OBS_INFO 0 -5.750000 57.385791 1.570796 34.498352 -5.750000 105.027252 14.947962 1.268808
DYNAMIC_OBS_INFO 1 -1.750000 31.493796 1.570796 13.878304 -1.750000 56.883113 14.847935 2.626462
STATIC_OBS_INFO 0 -6.300000 76.432526 7.269887 
STATIC_OBS_INFO 1 -6.300000 63.458671 8.603480 
Parent: 623.948928 48.291035 484.000000 281.977842 6589.200000 0.000000 -10.000000 2.378083 54.000000 0.000000 0 1 1 0 0 0 0 0
EGO_STATUS -1.751398 70.761417 3.900000 1.573115 16.810921 0.000000 2.940000
DYNAMIC_OBS_INFO 0 -5.750000 57.385791 1.570796 34.304056 -5.750000 106.528393 15.074843 1.268808
DYNAMIC_OBS_INFO 1 -1.750000 31.493796 1.570796 14.076152 -1.750000 58.381039 15.110581 2.626462
STATIC_OBS_INFO 0 -6.300000 76.432526 6.034587 
STATIC_OBS_INFO 1 -6.300000 63.458671 10.078999 
Parent: 591.307156 46.595240 467.000000 281.977770 6242.950000 0.000000 -10.000000 2.278083 52.000000 0.000000 0 1 1 0 0 0 0 0
EGO_STATUS -1.759854 72.457187 4.000000 1.578942 17.104921 0.000000 2.940000
DYNAMIC_OBS_INFO 0 -5.750000 57.385791 1.570796 34.091803 -5.750000 108.042221 15.201723 1.268808
DYNAMIC_OBS_INFO 1 -1.750000 31.493796 1.570796 14.277059 -1.750000 59.905229 15.373228 2.626462
STATIC_OBS_INFO 0 -6.300000 76.432526 5.048365 
STATIC_OBS_INFO 1 -6.300000 63.458671 11.636903 
Parent: 558.141749 44.870038 450.000000 281.977518 5895.500000 0.000000 -10.000000 2.178083 50.000000 0.000000 0 1 1 0 0 0 0 0
EGO_STATUS -1.780900 74.182255 4.100000 1.587378 17.398921 0.000000 2.940000
DYNAMIC_OBS_INFO 0 -5.750000 57.385791 1.570796 33.861277 -5.750000 109.568737 15.328604 1.268808
DYNAMIC_OBS_INFO 1 -1.750000 31.493796 1.570796 14.480922 -1.750000 61.455684 15.635874 2.626462
STATIC_OBS_INFO 0 -6.300000 76.432526 4.508643 
STATIC_OBS_INFO 1 -6.300000 63.458671 13.258075 
Parent: 416.916472 53.197138 533.000000 280.653425 4459.750000 0.000000 0.000000 2.790963 59.000000 0.000000 0 1 1 0 0 0 0 0
EGO_STATUS -1.818732 75.936443 4.200000 1.597512 17.692921 0.000000 2.940000
DYNAMIC_OBS_INFO 0 -5.750000 57.385791 1.570796 33.622188 -5.750000 111.107942 15.455485 1.268808
DYNAMIC_OBS_INFO 1 -1.750000 31.493796 1.570796 14.677848 -1.750000 63.032404 15.898520 2.626462
STATIC_OBS_INFO 0 -6.300000 76.432526 4.604909 
STATIC_OBS_INFO 1 -6.300000 63.458671 14.922003 
Parent: 372.332915 51.422944 516.000000 280.653648 4100.800000 0.000000 -10.000000 2.690963 57.000000 0.000000 0 1 1 0 0 0 0 0
EGO_STATUS -1.875750 77.709713 4.300000 1.608396 17.790921 2.000000 0.980000
DYNAMIC_OBS_INFO 0 -5.750000 57.385791 1.570796 33.384474 -5.750000 112.659834 15.582366 1.268808
DYNAMIC_OBS_INFO 1 -1.750000 31.493796 1.570796 14.858038 -1.750000 64.635388 16.161166 2.626462
STATIC_OBS_INFO 0 -6.300000 76.432526 5.316137 
STATIC_OBS_INFO 1 -6.300000 63.458671 16.612338 
Parent: 460.012346 49.572430 497.000000 284.502986 4855.550000 0.000000 0.000000 2.326392 55.000000 0.000000 0 1 1 0 0 0 0 0
EGO_STATUS -1.952513 79.492046 4.400000 1.619199 17.888921 2.000000 0.980000
DYNAMIC_OBS_INFO 0 -5.750000 57.385791 1.570796 33.138676 -5.750000 114.224415 15.709247 1.268808
DYNAMIC_OBS_INFO 1 -1.750000 31.493796 1.570796 15.031382 -1.750000 66.264637 16.423812 2.626462
STATIC_OBS_INFO 0 -6.300000 76.432526 6.457142 
STATIC_OBS_INFO 1 -6.300000 63.458671 18.333982 
Parent: 319.898002 47.832798 480.000000 259.516482 3456.100000 0.000000 0.000000 2.630644 53.000000 0.000000 0 1 0 0 0 0 0 0
EGO_STATUS -2.049110 81.293043 4.500000 1.629401 18.182921 0.000000 2.940000
DYNAMIC_OBS_INFO 0 -5.750000 57.385791 1.570796 32.890059 -5.750000 115.801684 15.836128 1.268808
DYNAMIC_OBS_INFO 1 -1.750000 31.493796 1.570796 15.193183 -1.750000 67.920151 16.686458 2.626462
STATIC_OBS_INFO 0 -6.300000 76.432526 7.852619 
STATIC_OBS_INFO 1 -6.300000 63.458671 20.079586 
Parent: 276.820672 46.014506 462.000000 259.516503 3106.900000 0.000000 -10.000000 2.530644 51.000000 0.000000 0 1 0 0 0 0 0 0
EGO_STATUS -2.164083 83.107690 4.600000 1.638507 18.182921 4.000000 0.000000
DYNAMIC_OBS_INFO 0 -5.750000 57.385791 1.570796 32.653704 -5.750000 117.391641 15.963008 1.268808
DYNAMIC_OBS_INFO 1 -1.750000 31.493796 1.570796 15.329048 -1.750000 69.601929 16.949105 2.626462
STATIC_OBS_INFO 0 -6.300000 76.432526 9.386449 
STATIC_OBS_INFO 1 -6.300000 63.458671 21.833252 
Parent: 256.212063 44.196214 443.000000 281.613624 2764.750000 0.000000 0.000000 2.289399 50.000000 0.000000 0 1 1 0 0 0 0 0
EGO_STATUS -2.294261 84.921312 4.700000 1.646132 18.182921 4.000000 0.000000
DYNAMIC_OBS_INFO 0 -5.750000 57.385791 1.570796 32.425068 -5.750000 118.994285 16.089889 1.268808
DYNAMIC_OBS_INFO 1 -1.750000 31.493796 1.570796 15.444216 -1.750000 71.309972 17.211751 2.626462
STATIC_OBS_INFO 0 -6.300000 76.432526 11.006460 
STATIC_OBS_INFO 1 -6.300000 63.458671 23.598509 
Parent: 214.023075 52.362455 525.000000 275.490323 2525.350000 0.000000 -10.000000 2.672834 58.000000 0.000000 0 1 1 0 0 0 0 0
EGO_STATUS -2.437226 86.738890 4.800000 1.652182 18.280921 2.000000 0.980000
DYNAMIC_OBS_INFO 0 -5.750000 57.385791 1.570796 32.199537 -5.750000 120.609618 16.216770 1.268808
DYNAMIC_OBS_INFO 1 -1.750000 31.493796 1.570796 15.543923 -1.750000 73.044279 17.474397 2.626462
STATIC_OBS_INFO 0 -6.300000 76.432526 12.687303 
STATIC_OBS_INFO 1 -6.300000 63.458671 25.379329 
Parent: 182.915449 50.529460 507.000000 275.490340 2196.250000 0.000000 -10.000000 2.572834 56.000000 0.000000 0 1 1 0 0 0 0 0
EGO_STATUS -2.590596 88.565456 4.900000 1.656694 18.378921 2.000000 0.980000
DYNAMIC_OBS_INFO 0 -5.750000 57.385791 1.570796 31.977320 -5.750000 122.237639 16.343651 1.268808
DYNAMIC_OBS_INFO 1 -1.750000 31.493796 1.570796 15.628478 -1.750000 74.804851 17.737043 2.626462
STATIC_OBS_INFO 0 -6.300000 76.432526 14.412284 
STATIC_OBS_INFO 1 -6.300000 63.458671 27.175168 
Parent: 152.184381 48.686665 488.000000 275.490341 1866.600000 0.000000 -10.000000 2.472834 54.000000 0.000000 0 1 1 0 0 0 0 0
EGO_STATUS -2.751721 90.401193 5.000000 1.659756 18.476921 2.000000 0.980000
DYNAMIC_OBS_INFO 0 -5.750000 57.385791 1.570796 31.758558 -5.750000 123.878348 16.470532 1.268808
DYNAMIC_OBS_INFO 1 -1.750000 31.493796 1.570796 15.698134 -1.750000 76.591688 17.999689 2.626462
STATIC_OBS_INFO 0 -6.300000 76.432526 16.171357 
STATIC_OBS_INFO 1 -6.300000 63.458671 28.985599 
Parent: 115.399502 10.000000 101.000000 0.000000 15.150000 173.192642 -10.000000 2.706860 52.000000 0.000000 0 0 0 0 0 0 0 0
Child: 173.192642 36.842685 370.000000 258.821590 1480.500000 0.000000 0.000000 0.000000 0.000000 0.000000 0 1 0 0 0 0 0 0
EGO_STATUS -2.918098 92.246303 5.100000 1.661480 18.574921 2.000000 0.980000
DYNAMIC_OBS_INFO 0 -5.750000 57.385791 1.570796 31.553181 -5.750000 125.531746 16.597412 1.268808
DYNAMIC_OBS_INFO 1 -1.750000 31.493796 1.570796 15.743226 -1.750000 78.404789 18.262335 2.626462
STATIC_OBS_INFO 0 -6.300000 76.432526 17.948665 
STATIC_OBS_INFO 1 -6.300000 63.458671 30.800603 
Parent: 100.110693 44.983335 451.000000 255.340236 1225.250000 0.000000 0.000000 2.434670 50.000000 0.000000 0 1 0 0 0 0 0 0
EGO_STATUS -3.086514 94.091181 5.200000 1.661999 18.476153 5.000000 -0.987682
DYNAMIC_OBS_INFO 0 -5.750000 57.385791 1.570796 31.366116 -5.750000 127.197831 16.724293 1.268808
DYNAMIC_OBS_INFO 1 -1.750000 31.493796 1.570796 15.758971 -1.750000 80.244155 18.524982 2.626462
STATIC_OBS_INFO 0 -6.300000 76.432526 19.735028 
STATIC_OBS_INFO 1 -6.300000 63.458671 32.614977 
Parent: 65.319309 20.000000 201.000000 250.000000 30.150000 103.567440 -10.000000 2.876248 59.000000 0.000000 0 1 0 0 0 0 0 0
Child: 103.567440 33.141996 333.000000 260.838692 880.250000 0.000000 -10.000000 0.000000 0.000000 0.000000 0 1 0 0 0 0 0 0
EGO_STATUS -3.254484 95.931145 5.300000 1.661523 18.476153 4.000000 0.000000
DYNAMIC_OBS_INFO 0 -5.750000 57.385791 1.570796 31.192430 -5.750000 128.876604 16.851174 1.268808
DYNAMIC_OBS_INFO 1 -1.750000 31.493796 1.570796 15.750345 -1.750000 82.109785 18.787628 2.626462
STATIC_OBS_INFO 0 -6.300000 76.432526 21.532092 
STATIC_OBS_INFO 1 -6.300000 63.458671 34.433169 
Parent: 15.305737 10.000000 102.000000 0.000000 15.300000 77.804146 -10.000000 3.001591 57.000000 0.000000 0 0 0 0 0 0 0 0
Child: 77.804146 10.000000 101.000000 0.000000 15.150000 86.304146 -10.000000 0.000000 0.000000 0.000000 0 0 0 0 0 0 0 0
Child: 86.304146 31.294381 314.000000 259.054226 606.900000 0.000000 0.000000 0.000000 0.000000 0.000000 0 1 0 0 0 0 0 0
EGO_STATUS -3.420835 97.771257 5.400000 1.660274 18.476153 4.000000 0.000000
DYNAMIC_OBS_INFO 0 -5.750000 57.385791 1.570796 31.037628 -5.750000 130.568066 16.978055 1.268808
DYNAMIC_OBS_INFO 1 -1.750000 31.493796 1.570796 15.711828 -1.750000 84.001680 19.050274 2.626462
STATIC_OBS_INFO 0 -6.300000 76.432526 23.332225 
STATIC_OBS_INFO 1 -6.300000 63.458671 36.249349 
Parent: 33.666711 49.453551 496.000000 280.250101 586.200000 0.000000 0.000000 2.277529 55.000000 0.000000 0 1 1 0 0 0 0 0
EGO_STATUS -3.583865 99.606118 5.500000 1.658488 18.365720 5.000000 -1.104323
DYNAMIC_OBS_INFO 0 -5.750000 57.385791 1.570796 30.886967 -5.750000 132.272215 17.104936 1.268808
DYNAMIC_OBS_INFO 1 -1.750000 31.493796 1.570796 15.658108 -1.750000 85.919840 19.312920 2.626462
STATIC_OBS_INFO 0 -6.300000 76.432526 25.148146 
STATIC_OBS_INFO 1 -6.300000 63.458671 38.077658 
Parent: 1.109907 10.000000 102.000000 0.000000 15.300000 59.827763 -10.000000 2.782144 53.000000 0.000000 0 0 0 0 0 0 0 0
Child: 59.827763 10.000000 101.000000 0.000000 15.150000 68.327763 -10.000000 0.000000 0.000000 0.000000 0 0 0 0 0 0 0 0
Child: 68.327763 27.600782 278.000000 259.209415 429.000000 0.000000 0.000000 0.000000 0.000000 0.000000 0 1 0 0 0 0 0 0
EGO_STATUS -3.744099 101.450452 5.600000 1.656397 18.659720 0.000000 2.940000
DYNAMIC_OBS_INFO 0 -5.750000 57.385791 1.570796 30.741800 -5.750000 133.989053 17.231816 1.268808
DYNAMIC_OBS_INFO 1 -1.750000 31.493796 1.570796 15.587768 -1.750000 87.864264 19.575566 2.626462
STATIC_OBS_INFO 0 -6.300000 76.432526 26.977262 
STATIC_OBS_INFO 1 -6.300000 63.458671 39.916394 
Parent: 1018.238456 45.745241 459.000000 10280.887973 426.450000 0.000000 0.000000 2.114807 51.000000 0.000000 0 1 1 0 0 0 0 1
EGO_STATUS -3.900994 103.302909 5.700000 1.654174 18.522160 5.000000 -1.375598
DYNAMIC_OBS_INFO 0 -5.750000 57.385791 1.570796 30.602068 -5.750000 135.718579 17.358697 1.268808
DYNAMIC_OBS_INFO 1 -1.750000 31.493796 1.570796 15.500812 -1.750000 89.834953 19.838212 2.626462
STATIC_OBS_INFO 0 -6.300000 76.432526 28.818623 
STATIC_OBS_INFO 1 -6.300000 63.458671 41.765267 
Parent: 2993.874268 10.000000 101.000000 0.000000 15.150000 3058.326995 -10.000000 3.047273 59.000000 0.000000 0 0 0 0 0 0 0 0
Child: 3058.326995 10.000000 102.000000 0.000000 15.300000 3066.826995 -10.000000 0.000000 0.000000 0.000000 0 0 0 0 0 0 0 0
Child: 3066.826995 10.000000 101.000000 270.000000 15.150000 3038.594322 0.000000 0.000000 0.000000 0.000000 0 1 0 1 0 0 0 0
Child: 3038.594322 23.874675 240.000000 30261.347171 284.100000 0.000000 0.000000 0.000000 0.000000 0.000000 0 1 0 0 0 0 0 3
EGO_STATUS -4.054367 105.163523 5.800000 1.651911 18.816160 0.000000 2.940000
DYNAMIC_OBS_INFO 0 -5.750000 57.385791 1.570796 30.460890 -5.750000 137.460792 17.485578 1.268808
DYNAMIC_OBS_INFO 1 -1.750000 31.493796 1.570796 15.404056 -1.750000 91.831907 20.100858 2.626462
STATIC_OBS_INFO 0 -6.300000 76.432526 30.678238 
STATIC_OBS_INFO 1 -6.300000 63.458671 43.630796 
Parent: 7956.614081 10.000000 101.000000 0.000000 15.150000 8019.166808 -10.000000 2.947273 57.000000 0.000000 0 0 0 0 0 0 0 0
Child: 8019.166808 10.000000 102.000000 0.000000 15.300000 8027.666808 -10.000000 0.000000 0.000000 0.000000 0 0 0 0 0 0 0 0
Child: 8027.666808 10.000000 101.000000 270.000000 15.150000 7999.434135 0.000000 0.000000 0.000000 0.000000 0 1 0 1 0 0 0 0
Child: 7999.434135 21.993060 221.000000 80261.346926 222.450000 0.000000 -10.000000 0.000000 0.000000 0.000000 0 1 0 0 0 0 0 8
EGO_STATUS -4.204679 107.039125 5.900000 1.649614 18.816160 4.000000 0.000000
DYNAMIC_OBS_INFO 0 -5.750000 57.385791 1.570796 30.332918 -5.750000 139.215694 17.612459 1.268808
DYNAMIC_OBS_INFO 1 -1.750000 31.493796 1.570796 15.282841 -1.750000 93.855125 20.363505 2.626462
STATIC_OBS_INFO 0 -6.300000 76.432526 32.540989 
STATIC_OBS_INFO 1 -6.300000 63.458671 45.498183 
Parent: 3207.125068 10.000000 101.000000 0.000000 15.150000 3268.627084 -10.000000 2.997984 56.000000 0.000000 0 0 0 0 0 0 0 0
Child: 3268.627084 10.000000 102.000000 0.000000 15.300000 3277.127084 -10.000000 0.000000 0.000000 0.000000 0 0 0 0 0 0 0 0
Child: 3277.127084 10.000000 101.000000 0.000000 15.150000 3285.627084 -10.000000 0.000000 0.000000 0.000000 0 0 0 0 0 0 0 0
Child: 3285.627084 10.000000 102.000000 0.000000 15.300000 3294.127084 -10.000000 0.000000 0.000000 0.000000 0 0 0 0 0 0 0 0
Child: 3294.127084 10.131174 103.000000 33369.155303 121.050000 0.000000 0.000000 0.000000 0.000000 0.000000 1 1 0 1 1 0 0 3
EGO_STATUS -4.350610 108.915073 6.000000 1.647222 18.816160 4.000000 0.000000
DYNAMIC_OBS_INFO 0 -5.750000 57.385791 1.570796 30.238336 -5.750000 140.983284 17.739340 1.268808
DYNAMIC_OBS_INFO 1 -1.750000 31.493796 1.570796 15.117213 -1.750000 95.904608 20.626151 2.626462
STATIC_OBS_INFO 0 -6.300000 76.432526 34.386208 
STATIC_OBS_INFO 1 -6.300000 63.458671 47.347025 
Parent: 6151.206099 10.000000 101.000000 0.000000 15.150000 6210.808114 -10.000000 2.897985 54.000000 0.000000 0 0 0 0 0 0 0 0
Child: 6210.808114 10.000000 102.000000 0.000000 15.300000 6219.308114 -10.000000 0.000000 0.000000 0.000000 0 0 0 0 0 0 0 0
Child: 6219.308114 10.000000 101.000000 0.000000 15.150000 6227.808114 -10.000000 0.000000 0.000000 0.000000 0 0 0 0 0 0 0 0
Child: 6227.808114 10.000000 102.000000 0.000000 15.300000 6236.308114 -10.000000 0.000000 0.000000 0.000000 0 0 0 0 0 0 0 0
Child: 6236.308114 8.269757 84.000000 63369.132424 77.700000 0.000000 -10.000000 0.000000 0.000000 0.000000 1 1 0 1 1 0 0 6
EGO_STATUS -4.491561 110.771146 6.100000 1.647587 18.412466 5.000000 -4.036941
DYNAMIC_OBS_INFO 0 -5.750000 57.385791 1.570796 30.198149 -5.750000 142.763562 17.866220 1.268808
DYNAMIC_OBS_INFO 1 -1.750000 31.493796 1.570796 14.889604 -1.750000 97.980355 20.888797 2.626462
STATIC_OBS_INFO 0 -6.300000 76.432526 36.190883 
STATIC_OBS_INFO 1 -6.300000 63.458671 49.154759 
Parent: 5125.532508 10.000000 101.000000 0.000000 15.150000 5183.234522 -10.000000 2.797985 52.000000 0.000000 0 0 0 0 0 0 0 0
Child: 5183.234522 10.000000 102.000000 0.000000 15.300000 5191.734522 -10.000000 0.000000 0.000000 0.000000 0 0 0 0 0 0 0 0
Child: 5191.734522 10.000000 101.000000 0.000000 15.150000 5200.234522 -10.000000 0.000000 0.000000 0.000000 0 0 0 0 0 0 0 0
Child: 5200.234522 10.000000 102.000000 0.000000 15.300000 5208.734522 -10.000000 0.000000 0.000000 0.000000 0 0 0 0 0 0 0 0
Child: 5208.734522 6.448707 66.000000 53369.111063 42.600000 0.000000 -10.000000 0.000000 0.000000 0.000000 1 1 0 1 1 0 0 5
EGO_STATUS -4.646066 112.585597 6.200000 1.668321 18.008773 5.000000 -4.036934
DYNAMIC_OBS_INFO 0 -5.750000 57.385791 1.570796 30.215426 -5.750000 144.556528 17.993101 1.268808
DYNAMIC_OBS_INFO 1 -1.750000 31.493796 1.570796 14.604866 -1.750000 100.082367 21.151443 2.626462
STATIC_OBS_INFO 0 -6.300000 76.432526 37.949718 
STATIC_OBS_INFO 1 -6.300000 63.458671 50.916509 
Parent: 238.097243 10.000000 101.000000 0.000000 15.150000 293.899257 -10.000000 2.697986 50.000000 0.000000 0 0 0 0 0 0 0 0
Child: 293.899257 10.000000 102.000000 0.000000 15.300000 302.399257 -10.000000 0.000000 0.000000 0.000000 0 0 0 0 0 0 0 0
Child: 302.399257 10.000000 101.000000 0.000000 15.150000 310.899257 -10.000000 0.000000 0.000000 0.000000 0 0 0 0 0 0 0 0
Child: 310.899257 10.000000 102.000000 0.000000 15.300000 319.399257 -10.000000 0.000000 0.000000 0.000000 0 0 0 0 0 0 0 0
Child: 319.399257 4.668024 48.000000 3369.121212 18.000000 0.000000 -10.000000 0.000000 0.000000 0.000000 1 1 0 1 1 0 0 0
EGO_STATUS -4.849641 114.354520 6.300000 1.700934 17.605080 5.000000 -4.036926
DYNAMIC_OBS_INFO 0 -5.750000 57.385791 1.570796 30.289946 -5.750000 146.362182 18.119982 1.268808
DYNAMIC_OBS_INFO 1 -1.750000 31.493796 1.570796 14.262901 -1.750000 102.210644 21.414089 2.626462
STATIC_OBS_INFO 0 -6.300000 76.432526 39.665955 
STATIC_OBS_INFO 1 -6.300000 63.458671 52.635175 
Parent: 211.375686 10.000000 102.000000 0.000000 15.300000 274.671638 -10.000000 3.204047 58.000000 0.000000 0 0 0 0 0 0 0 0
Child: 274.671638 10.000000 101.000000 0.000000 15.150000 283.171638 -10.000000 0.000000 0.000000 0.000000 0 0 0 0 0 0 0 0
Child: 283.171638 10.000000 102.000000 0.000000 15.300000 291.671638 -10.000000 0.000000 0.000000 0.000000 0 0 0 0 0 0 0 0
Child: 291.671638 10.000000 101.000000 0.000000 15.150000 300.171638 -10.000000 0.000000 0.000000 0.000000 0 0 0 0 0 0 0 0
Child: 300.171638 10.000000 102.000000 0.000000 15.300000 308.671638 -10.000000 0.000000 0.000000 0.000000 0 0 0 0 0 0 0 0
Child: 308.671638 2.927710 31.000000 3368.997866 5.250000 0.000000 -10.000000 0.000000 0.000000 0.000000 1 1 0 1 1 0 0 0
EGO_STATUS -5.078710 116.079675 6.400000 1.693266 17.201389 5.000000 -4.036917
DYNAMIC_OBS_INFO 0 -5.750000 57.385791 1.570796 30.412445 -5.750000 148.180525 18.246863 1.268808
DYNAMIC_OBS_INFO 1 -1.750000 31.493796 1.570796 13.851332 -1.750000 104.365185 21.676735 2.626462
STATIC_OBS_INFO 0 -6.300000 76.432526 41.353896 
STATIC_OBS_INFO 1 -6.300000 63.458671 54.324437 
Parent: 189.164429 10.000000 102.000000 0.000000 15.300000 251.560381 -10.000000 3.104047 57.000000 0.000000 0 0 0 0 0 0 0 0
Child: 251.560381 10.000000 101.000000 0.000000 15.150000 260.060381 -10.000000 0.000000 0.000000 0.000000 0 0 0 0 0 0 0 0
Child: 260.060381 10.000000 102.000000 0.000000 15.300000 268.560381 -10.000000 0.000000 0.000000 0.000000 0 0 0 0 0 0 0 0
Child: 268.560381 10.000000 101.000000 0.000000 15.150000 277.060381 -10.000000 0.000000 0.000000 0.000000 0 0 0 0 0 0 0 0
Child: 277.060381 10.000000 102.000000 0.000000 15.300000 285.560381 -10.000000 0.000000 0.000000 0.000000 0 0 0 0 0 0 0 0
Child: 285.560381 1.227757 14.000000 3368.146752 2.100000 0.000000 -10.000000 0.000000 0.000000 0.000000 1 1 0 1 1 0 0 0
EGO_STATUS -5.228803 117.772546 6.500000 1.616292 16.797698 5.000000 -4.036904
DYNAMIC_OBS_INFO 0 -5.750000 57.385791 1.570796 30.582423 -5.750000 150.011555 18.373744 1.268808
DYNAMIC_OBS_INFO 1 -1.750000 31.493796 1.570796 13.354050 -1.750000 106.545991 21.939382 2.626462
STATIC_OBS_INFO 0 -6.300000 76.432526 43.013511 
STATIC_OBS_INFO 1 -6.300000 63.458671 55.984396 
Parent: -94.560936 10.000000 102.000000 0.000000 15.300000 -34.064983 -10.000000 3.004047 55.000000 0.000000 0 0 0 0 0 0 0 0
Child: -34.064983 10.000000 101.000000 0.000000 15.150000 -25.564983 -10.000000 0.000000 0.000000 0.000000 0 0 0 0 0 0 0 0
Child: -25.564983 10.000000 102.000000 0.000000 15.300000 -17.064983 -10.000000 0.000000 0.000000 0.000000 0 0 0 0 0 0 0 0
Child: -17.064983 10.000000 101.000000 0.000000 15.150000 -8.564983 -10.000000 0.000000 0.000000 0.000000 0 0 0 0 0 0 0 0
Child: -8.564983 9.566781 97.000000 0.000000 14.550000 0.000000 -10.000000 0.000000 0.000000 0.000000 0 0 0 0 0 0 0 0
EGO_STATUS -5.250000 119.433219 6.600000 1.570796 16.500000 5.000000 0.000000
DONE
FINISHED
