STATIC_OBS_INIT_INFO 0 -6.300000 70.419575
STATIC_OBS_INIT_INFO 1 -6.300000 63.459313
Parent: -28.486695 10.000000 101.000000 0.000000 15.150000 17.853917 -10.000000 2.159388 40.000000 0.000000 0 0 0 0 0 0 0 0
Child: 17.853917 24.542431 247.000000 11.677470 268.650000 0.000000 -10.000000 0.000000 0.000000 0.000000 0 0 0 0 0 0 0 0
EGO_STATUS -5.750000 13.466295 0.000000 1.570796 15.996398 4.000000 0.000000
DYNAMIC_OBS_INFO 0 -5.750000 50.373011 1.570796 35.307076 -5.750000 50.373011 15.577621 0.268166
DYNAMIC_OBS_INFO 1 -1.750000 37.379426 1.570796 22.669181 -1.750000 37.379426 6.964015 0.892166
STATIC_OBS_INFO 0 -6.300000 70.419575 55.356373 
STATIC_OBS_INFO 1 -6.300000 63.459313 48.396504 
Parent: -47.095545 10.000000 102.000000 0.000000 15.300000 6.719926 -10.000000 2.684529 48.000000 0.000000 0 0 0 0 0 0 0 0
Child: 6.719926 10.000000 101.000000 0.000000 15.150000 15.219926 -10.000000 0.000000 0.000000 0.000000 0 0 0 0 0 0 0 0
Child: 15.219926 22.942791 231.000000 11.677392 242.250000 0.000000 -10.000000 0.000000 0.000000 0.000000 0 0 0 0 0 0 0 0
EGO_STATUS -5.749989 15.065935 0.100000 1.570763 15.996398 4.000000 0.000000
DYNAMIC_OBS_INFO 0 -5.750000 50.373011 1.570796 35.266539 -5.750000 51.932113 15.604438 0.268166
DYNAMIC_OBS_INFO 1 -1.750000 37.379426 1.570796 21.096471 -1.750000 37.379426 6.964015 0.892166
STATIC_OBS_INFO 0 -6.300000 70.419575 53.756818 
STATIC_OBS_INFO 1 -6.300000 63.459313 46.796975 
Parent: -48.828725 10.000000 102.000000 0.000000 15.300000 4.086747 -10.000000 2.584529 47.000000 0.000000 0 0 0 0 0 0 0 0
Child: 4.086747 10.000000 101.000000 0.000000 15.150000 12.586747 -10.000000 0.000000 0.000000 0.000000 0 0 0 0 0 0 0 0
Child: 12.586747 21.343151 215.000000 11.677344 215.850000 0.000000 -10.000000 0.000000 0.000000 0.000000 0 0 0 0 0 0 0 0
EGO_STATUS -5.749685 16.665575 0.200000 1.570329 15.996398 4.000000 0.000000
DYNAMIC_OBS_INFO 0 -5.750000 50.373011 1.570796 35.228685 -5.750000 53.493898 15.631254 0.268166
DYNAMIC_OBS_INFO 1 -1.750000 37.379426 1.570796 19.527833 -1.750000 37.379426 6.964015 0.892166
STATIC_OBS_INFO 0 -6.300000 70.419575 52.157284 
STATIC_OBS_INFO 1 -6.300000 63.459313 45.197472 
Parent: -49.560899 10.000000 102.000000 0.000000 15.300000 1.454572 -10.000000 2.484529 45.000000 0.000000 0 0 0 0 0 0 0 0
Child: 1.454572 10.000000 101.000000 0.000000 15.150000 9.954572 -10.000000 0.000000 0.000000 0.000000 0 0 0 0 0 0 0 0
Child: 9.954572 19.743512 199.000000 11.677330 189.450000 0.000000 -10.000000 0.000000 0.000000 0.000000 0 0 0 0 0 0 0 0
EGO_STATUS -5.747893 18.265213 0.300000 1.568772 15.996398 4.000000 0.000000
DYNAMIC_OBS_INFO 0 -5.750000 50.373011 1.570796 35.193523 -5.750000 55.058364 15.658071 0.268166
DYNAMIC_OBS_INFO 1 -1.750000 37.379426 1.570796 17.963812 -1.750000 37.379426 6.964015 0.892166
STATIC_OBS_INFO 0 -6.300000 70.419575 50.557810 
STATIC_OBS_INFO 1 -6.300000 63.459313 43.598039 
Parent: -51.291806 10.000000 102.000000 0.000000 15.300000 -1.176334 -10.000000 2.384529 44.000000 0.000000 0 0 0 0 0 0 0 0
Child: -1.176334 10.000000 101.000000 0.000000 15.150000 7.323666 -10.000000 0.000000 0.000000 0.000000 0 0 0 0 0 0 0 0
Child: 7.323666 18.143873 183.000000 11.677350 163.050000 0.000000 -10.000000 0.000000 0.000000 0.000000 0 0 0 0 0 0 0 0
EGO_STATUS -5.742230 19.864842 0.400000 1.565394 15.996398 4.000000 0.000000
DYNAMIC_OBS_INFO 0 -5.750000 50.373011 1.570796 35.161090 -5.750000 56.625512 15.684888 0.268166
DYNAMIC_OBS_INFO 1 -1.750000 37.379426 1.570796 16.404969 -1.750000 37.379426 6.964015 0.892166
STATIC_OBS_INFO 0 -6.300000 70.419575 48.958471 
STATIC_OBS_INFO 1 -6.300000 63.459313 41.998761 
Parent: -52.021080 10.000000 102.000000 0.000000 15.300000 -3.805609 -10.000000 2.284529 42.000000 0.000000 0 0 0 0 0 0 0 0
Child: -3.805609 10.000000 101.000000 0.000000 15.150000 4.694391 -10.000000 0.000000 0.000000 0.000000 0 0 0 0 0 0 0 0
Child: 4.694391 16.544233 167.000000 11.677408 136.650000 0.000000 -10.000000 0.000000 0.000000 0.000000 0 0 0 0 0 0 0 0
EGO_STATUS -5.729431 21.464429 0.500000 1.559829 15.996398 4.000000 0.000000
DYNAMIC_OBS_INFO 0 -5.750000 50.373011 1.570796 35.131476 -5.750000 58.195342 15.711704 0.268166
DYNAMIC_OBS_INFO 1 -1.750000 37.379426 1.570796 14.852098 -1.750000 37.379426 6.964015 0.892166
STATIC_OBS_INFO 0 -6.300000 70.419575 47.359406 
STATIC_OBS_INFO 1 -6.300000 63.459313 40.399786 
Parent: -52.748206 10.000000 102.000000 0.000000 15.300000 -6.432735 -10.000000 2.184529 40.000000 0.000000 0 0 0 0 0 0 0 0
Child: -6.432735 10.000000 101.000000 0.000000 15.150000 2.067265 -10.000000 0.000000 0.000000 0.000000 0 0 0 0 0 0 0 0
Child: 2.067265 14.944594 151.000000 11.677501 110.250000 0.000000 -10.000000 0.000000 0.000000 0.000000 0 0 0 0 0 0 0 0
EGO_STATUS -5.706052 23.063894 0.600000 1.552240 15.996398 4.000000 0.000000
DYNAMIC_OBS_INFO 0 -5.750000 50.373011 1.570796 35.104838 -5.750000 59.767853 15.738521 0.268166
DYNAMIC_OBS_INFO 1 -1.750000 37.379426 1.570796 13.306626 -1.750000 37.379426 6.964015 0.892166
STATIC_OBS_INFO 0 -6.300000 70.419575 45.760813 
STATIC_OBS_INFO 1 -6.300000 63.459313 38.801330 
Parent: 269.627899 30.290952 304.000000 10.951019 3032.100000 11.340453 0.000000 4.073918 49.000000 0.000000 0 0 0 0 0 0 0 0
Child: 11.340453 13.344955 135.000000 27.272099 87.450000 0.000000 0.000000 0.000000 0.000000 0.000000 0 0 0 1 0 0 0 0
EGO_STATUS -5.669383 24.663108 0.700000 1.543385 15.996398 4.000000 0.000000
DYNAMIC_OBS_INFO 0 -5.750000 50.373011 1.570796 35.110767 -5.750000 61.343046 15.765338 0.268166
DYNAMIC_OBS_INFO 1 -1.750000 37.379426 1.570796 11.799408 -1.750000 37.379426 6.964015 0.892166
STATIC_OBS_INFO 0 -6.300000 70.419575 44.192294 
STATIC_OBS_INFO 1 -6.300000 63.459313 37.233011 
Parent: 259.363387 30.290952 304.000000 10.950985 3032.100000 -0.824062 0.000000 3.973925 47.000000 0.000000 0 0 0 0 0 0 0 0
Child: -0.824062 11.774741 119.000000 26.285508 66.450000 0.000000 -10.000000 0.000000 0.000000 0.000000 0 0 0 1 0 0 0 0
EGO_STATUS -5.619441 26.232522 0.800000 1.534725 15.408398 1.000000 -5.880000
DYNAMIC_OBS_INFO 0 -5.750000 50.373011 1.570796 35.178680 -5.750000 62.920921 15.792154 0.268166
DYNAMIC_OBS_INFO 1 -1.750000 37.379426 1.570796 10.362323 -1.750000 37.379426 6.964015 0.892166
STATIC_OBS_INFO 0 -6.300000 70.419575 42.683242 
STATIC_OBS_INFO 1 -6.300000 63.459313 35.724232 
Parent: 258.507138 30.290952 304.000000 10.950967 3032.100000 -2.580314 0.000000 3.873929 46.000000 0.000000 0 0 0 0 0 0 0 0
Child: -2.580314 10.263315 104.000000 26.285006 48.900000 0.000000 -10.000000 0.000000 0.000000 0.000000 0 0 0 1 0 0 0 0
EGO_STATUS -5.559507 27.742757 0.900000 1.527924 14.820398 1.000000 -5.880000
DYNAMIC_OBS_INFO 0 -5.750000 50.373011 1.570796 35.308515 -5.750000 64.501477 15.818971 0.268166
DYNAMIC_OBS_INFO 1 -1.750000 37.379426 1.570796 9.001209 -1.750000 37.379426 6.964015 0.892166
STATIC_OBS_INFO 0 -6.300000 70.419575 41.233561 
STATIC_OBS_INFO 1 -6.300000 63.459313 34.274899 
Parent: 258.879299 30.290952 304.000000 10.950920 3032.100000 -4.108157 0.000000 3.773939 44.000000 0.000000 0 0 0 0 0 0 0 0
Child: -4.108157 8.810711 90.000000 26.284227 33.900000 0.000000 -10.000000 0.000000 0.000000 0.000000 0 0 0 1 0 0 0 0
EGO_STATUS -5.494161 29.193889 1.000000 1.524248 14.232398 1.000000 -5.880000
DYNAMIC_OBS_INFO 0 -5.750000 50.373011 1.570796 35.499971 -5.750000 66.084715 15.845788 0.268166
DYNAMIC_OBS_INFO 1 -1.750000 37.379426 1.570796 7.725473 -1.750000 37.379426 6.964015 0.892166
STATIC_OBS_INFO 0 -6.300000 70.419575 39.842902 
STATIC_OBS_INFO 1 -6.300000 63.459313 32.884656 
Parent: 258.736098 30.290952 304.000000 10.950909 3032.100000 -5.151360 0.000000 3.673942 43.000000 0.000000 0 0 0 0 0 0 0 0
Child: -5.151360 7.416880 76.000000 26.283510 23.400000 0.000000 -10.000000 0.000000 0.000000 0.000000 0 0 0 1 0 0 0 0
EGO_STATUS -5.428987 30.586195 1.100000 1.524473 13.644398 1.000000 -5.880000
DYNAMIC_OBS_INFO 0 -5.750000 50.373011 1.570796 35.752787 -5.750000 67.670635 15.872604 0.268166
DYNAMIC_OBS_INFO 1 -1.750000 37.379426 1.570796 6.550420 -1.750000 37.379426 6.964015 0.892166
STATIC_OBS_INFO 0 -6.300000 70.419575 38.510945 
STATIC_OBS_INFO 1 -6.300000 63.459313 31.553163 
Parent: 258.866383 30.290952 304.000000 10.950858 3032.100000 -5.921081 0.000000 3.573953 42.000000 0.000000 0 0 0 0 0 0 0 0
Child: -5.921081 6.081880 62.000000 26.281389 15.300000 0.000000 -10.000000 0.000000 0.000000 0.000000 0 0 0 1 0 0 0 0
EGO_STATUS -5.369567 31.919871 1.200000 1.528741 13.056398 1.000000 -5.880000
DYNAMIC_OBS_INFO 0 -5.750000 50.373011 1.570796 36.066663 -5.750000 69.259236 15.899421 0.268166
DYNAMIC_OBS_INFO 1 -1.750000 37.379426 1.570796 5.500620 -1.750000 37.379426 6.964015 0.892166
STATIC_OBS_INFO 0 -6.300000 70.419575 37.237330 
STATIC_OBS_INFO 1 -6.300000 63.459313 30.280030 
Parent: -43.406441 10.000000 102.000000 0.000000 15.300000 -6.895925 -10.000000 1.989484 30.000000 0.000000 0 0 0 0 0 0 0 0
Child: -6.895925 10.000000 101.000000 0.000000 15.150000 1.604075 -10.000000 0.000000 0.000000 0.000000 0 0 0 0 0 0 0 0
Child: 1.604075 4.805674 50.000000 7.089385 9.600000 0.000000 0.000000 0.000000 0.000000 0.000000 0 0 0 0 0 0 0 0
EGO_STATUS -5.320502 33.195130 1.300000 1.536486 12.468398 1.000000 -5.880000
DYNAMIC_OBS_INFO 0 -5.750000 50.373011 1.570796 36.412074 -5.750000 70.850519 15.926238 0.268166
DYNAMIC_OBS_INFO 1 -1.750000 37.379426 1.570796 4.595702 -1.750000 37.379426 6.964015 0.892166
STATIC_OBS_INFO 0 -6.300000 70.419575 35.992492 
STATIC_OBS_INFO 1 -6.300000 63.459313 29.035669 
Parent: 246.575232 20.972423 211.000000 13.371843 2865.150000 -5.304390 0.000000 4.767873 39.000000 0.000000 0 0 0 0 0 0 0 0
Child: -5.304390 10.000000 101.000000 20.000000 15.150000 -8.784588 0.000000 0.000000 0.000000 0.000000 0 0 0 1 0 0 0 0
Child: -8.784588 3.558834 37.000000 7.086225 5.550000 0.000000 -10.000000 0.000000 0.000000 0.000000 0 0 0 0 0 0 0 0
EGO_STATUS -5.283928 34.441428 1.400000 1.546748 12.468398 4.000000 0.000000
DYNAMIC_OBS_INFO 0 -5.750000 50.373011 1.570796 36.759686 -5.750000 72.444483 15.953054 0.268166
DYNAMIC_OBS_INFO 1 -1.750000 37.379426 1.570796 3.897151 -1.750000 37.379426 6.964015 0.892166
STATIC_OBS_INFO 0 -6.300000 70.419575 34.747064 
STATIC_OBS_INFO 1 -6.300000 63.459313 27.790693 
Parent: 247.235336 20.972423 211.000000 13.371843 2865.150000 -5.544286 0.000000 4.667873 38.000000 0.000000 0 0 0 0 0 0 0 0
Child: -5.544286 10.000000 101.000000 20.000000 15.150000 -9.024484 0.000000 0.000000 0.000000 0.000000 0 0 0 1 0 0 0 0
Child: -9.024484 2.311994 25.000000 6.798426 3.750000 0.000000 -10.000000 0.000000 0.000000 0.000000 0 0 0 0 0 0 0 0
EGO_STATUS -5.260987 35.688050 1.500000 1.557994 12.468398 4.000000 0.000000
DYNAMIC_OBS_INFO 0 -5.750000 50.373011 1.570796 37.109634 -5.750000 74.041130 15.979871 0.268166
DYNAMIC_OBS_INFO 1 -1.750000 37.379426 1.570796 3.529386 -1.750000 37.379426 6.964015 0.892166
STATIC_OBS_INFO 0 -6.300000 70.419575 33.501147 
STATIC_OBS_INFO 1 -6.300000 63.459313 26.545191 
Parent: 247.717590 20.972423 211.000000 13.371843 2865.150000 -5.962032 0.000000 4.567873 37.000000 0.000000 0 0 0 0 0 0 0 0
Child: -5.962032 10.000000 101.000000 20.000000 15.150000 -9.442230 0.000000 0.000000 0.000000 0.000000 0 0 0 1 0 0 0 0
Child: -9.442230 1.065155 12.000000 4.483819 1.800000 0.000000 -10.000000 0.000000 0.000000 0.000000 0 0 0 0 0 0 0 0
EGO_STATUS -5.251273 36.934847 1.600000 1.567391 12.468398 4.000000 0.000000
DYNAMIC_OBS_INFO 0 -5.750000 50.373011 1.570796 37.462763 -5.750000 75.640457 16.006687 0.268166
DYNAMIC_OBS_INFO 1 -1.750000 37.379426 1.570796 3.590623 -1.750000 37.379426 6.964015 0.892166
STATIC_OBS_INFO 0 -6.300000 70.419575 32.255638 
STATIC_OBS_INFO 1 -6.300000 63.459313 25.300080 
Parent: -33.797995 10.000000 102.000000 20.000000 15.300000 -6.563361 -10.000000 4.304581 25.000000 0.000000 0 0 0 1 0 0 0 0
Child: -6.563361 9.818968 100.000000 20.000000 15.000000 0.000000 -10.000000 0.000000 0.000000 0.000000 0 0 0 1 0 0 0 0
EGO_STATUS -5.250000 38.181032 1.700000 1.570796 12.382716 1.000000 -5.880000
DYNAMIC_OBS_INFO 0 -5.750000 50.373011 1.570796 37.855883 -5.750000 77.242467 16.033504 0.268166
DYNAMIC_OBS_INFO 1 -1.750000 37.379426 1.570796 4.036329 -1.750000 37.379426 6.964015 0.892166
STATIC_OBS_INFO 0 -6.300000 70.419575 31.047449 
STATIC_OBS_INFO 1 -6.300000 63.459313 24.092319 
Parent: -33.086262 10.000000 102.000000 20.000000 15.300000 -6.751639 -10.000000 4.204593 24.000000 0.000000 0 0 0 1 0 0 0 0
Child: -6.751639 8.610114 88.000000 20.000000 13.200000 0.000000 -10.000000 0.000000 0.000000 0.000000 0 0 0 1 0 0 0 0
EGO_STATUS -5.250000 39.389886 1.800000 1.570796 11.794716 1.000000 -5.880000
DYNAMIC_OBS_INFO 0 -5.750000 50.373011 1.570796 38.310522 -5.750000 78.847158 16.060321 0.268166
DYNAMIC_OBS_INFO 1 -1.750000 37.379426 1.570796 4.277813 -1.750000 38.080288 7.053231 0.892166
STATIC_OBS_INFO 0 -6.300000 70.419575 29.898119 
STATIC_OBS_INFO 1 -6.300000 63.459313 22.943453 
Parent: -32.352384 10.000000 102.000000 20.000000 15.300000 -6.917800 -10.000000 4.104632 23.000000 0.000000 0 0 0 1 0 0 0 0
Child: -6.917800 7.460101 76.000000 20.000000 11.400000 0.000000 -10.000000 0.000000 0.000000 0.000000 0 0 0 1 0 0 0 0
EGO_STATUS -5.250000 40.539899 1.900000 1.570796 11.206716 1.000000 -5.880000
DYNAMIC_OBS_INFO 0 -5.750000 50.373011 1.570796 38.826601 -5.750000 80.454531 16.087137 0.268166
DYNAMIC_OBS_INFO 1 -1.750000 37.379426 1.570796 4.507962 -1.750000 38.790072 7.142448 0.892166
STATIC_OBS_INFO 0 -6.300000 70.419575 28.807567 
STATIC_OBS_INFO 1 -6.300000 63.459313 21.853403 
Parent: -31.619597 10.000000 102.000000 20.000000 15.300000 -7.085026 -10.000000 4.004645 22.000000 0.000000 0 0 0 1 0 0 0 0
Child: -7.085026 6.368850 65.000000 20.000000 9.750000 0.000000 -10.000000 0.000000 0.000000 0.000000 0 0 0 1 0 0 0 0
EGO_STATUS -5.250000 41.631150 2.000000 1.570796 10.618716 1.000000 -5.880000
DYNAMIC_OBS_INFO 0 -5.750000 50.373011 1.570796 39.404201 -5.750000 82.064586 16.113954 0.268166
DYNAMIC_OBS_INFO 1 -1.750000 37.379426 1.570796 4.711967 -1.750000 39.508778 7.231664 0.892166
STATIC_OBS_INFO 0 -6.300000 70.419575 27.775871 
STATIC_OBS_INFO 1 -6.300000 63.459313 20.822247 
Parent: -30.893537 10.000000 102.000000 20.000000 15.300000 -7.259009 -10.000000 3.904688 21.000000 0.000000 0 0 0 1 0 0 0 0
Child: -7.259009 5.336442 55.000000 20.000000 8.250000 0.000000 -10.000000 0.000000 0.000000 0.000000 0 0 0 1 0 0 0 0
EGO_STATUS -5.250000 42.663558 2.100000 1.570796 10.030716 1.000000 -5.880000
DYNAMIC_OBS_INFO 0 -5.750000 50.373011 1.570796 40.043278 -5.750000 83.677322 16.140771 0.268166
DYNAMIC_OBS_INFO 1 -1.750000 37.379426 1.570796 4.880079 -1.750000 40.236405 7.320881 0.892166
STATIC_OBS_INFO 0 -6.300000 70.419575 26.802985 
STATIC_OBS_INFO 1 -6.300000 63.459313 19.849938 
Parent: -30.141022 10.000000 102.000000 20.000000 15.300000 -7.406537 -10.000000 3.804731 20.000000 0.000000 0 0 0 1 0 0 0 0
Child: -7.406537 4.362835 45.000000 20.000000 6.750000 0.000000 -10.000000 0.000000 0.000000 0.000000 0 0 0 1 0 0 0 0
EGO_STATUS -5.250000 43.637165 2.200000 1.570796 9.442716 1.000000 -5.880000
DYNAMIC_OBS_INFO 0 -5.750000 50.373011 1.570796 40.743819 -5.750000 85.292740 16.167587 0.268166
DYNAMIC_OBS_INFO 1 -1.750000 37.379426 1.570796 5.005946 -1.750000 40.972954 7.410098 0.892166
STATIC_OBS_INFO 0 -6.300000 70.419575 25.888888 
STATIC_OBS_INFO 1 -6.300000 63.459313 18.936457 
Parent: -29.401690 10.000000 102.000000 20.000000 15.300000 -7.567237 -10.000000 3.704762 19.000000 0.000000 0 0 0 1 0 0 0 0
Child: -7.567237 3.448011 36.000000 20.000000 5.400000 0.000000 -10.000000 0.000000 0.000000 0.000000 0 0 0 1 0 0 0 0
EGO_STATUS -5.250000 44.551989 2.300000 1.570796 8.854716 1.000000 -5.880000
DYNAMIC_OBS_INFO 0 -5.750000 50.373011 1.570796 41.505896 -5.750000 86.910839 16.194404 0.268166
DYNAMIC_OBS_INFO 1 -1.750000 37.379426 1.570796 5.085532 -1.750000 41.718424 7.499314 0.892166
STATIC_OBS_INFO 0 -6.300000 70.419575 25.033650 
STATIC_OBS_INFO 1 -6.300000 63.459313 18.081870 
Parent: -28.625543 10.000000 102.000000 20.000000 15.300000 -7.691160 -10.000000 3.604833 18.000000 0.000000 0 0 0 1 0 0 0 0
Child: -7.691160 2.592045 27.000000 20.000000 4.050000 0.000000 -10.000000 0.000000 0.000000 0.000000 0 0 0 1 0 0 0 0
EGO_STATUS -5.250000 45.407955 2.400000 1.570796 8.266716 1.000000 -5.880000
DYNAMIC_OBS_INFO 0 -5.750000 50.373011 1.570796 42.329360 -5.750000 88.531621 16.221221 0.268166
DYNAMIC_OBS_INFO 1 -1.750000 37.379426 1.570796 5.116716 -1.750000 42.472817 7.588531 0.892166
STATIC_OBS_INFO 0 -6.300000 70.419575 24.237117 
STATIC_OBS_INFO 1 -6.300000 63.459313 17.286019 
Parent: -27.875907 10.000000 102.000000 20.000000 15.300000 -7.841533 -10.000000 3.504842 17.000000 0.000000 0 0 0 1 0 0 0 0
Child: -7.841533 1.794786 19.000000 20.000000 2.850000 0.000000 -10.000000 0.000000 0.000000 0.000000 0 0 0 1 0 0 0 0
EGO_STATUS -5.250000 46.205214 2.500000 1.570796 7.678716 1.000000 -5.880000
DYNAMIC_OBS_INFO 0 -5.750000 50.373011 1.570796 43.214430 -5.750000 90.155084 16.248037 0.268166
DYNAMIC_OBS_INFO 1 -1.750000 37.379426 1.570796 5.098523 -1.750000 43.236131 7.677747 0.892166
STATIC_OBS_INFO 0 -6.300000 70.419575 23.499498 
STATIC_OBS_INFO 1 -6.300000 63.459313 16.549110 
Parent: -28.215058 10.000000 102.000000 20.000000 15.300000 -8.080776 -10.000000 3.404934 17.000000 0.000000 0 0 0 1 0 0 0 0
Child: -8.080776 1.056453 12.000000 20.000000 1.800000 0.000000 -10.000000 0.000000 0.000000 0.000000 0 0 0 1 0 0 0 0
EGO_STATUS -5.250000 46.943547 2.600000 1.570796 7.090716 1.000000 -5.880000
DYNAMIC_OBS_INFO 0 -5.750000 50.373011 1.570796 44.160953 -5.750000 91.781228 16.274854 0.268166
DYNAMIC_OBS_INFO 1 -1.750000 37.379426 1.570796 5.031535 -1.750000 44.008366 7.766964 0.892166
STATIC_OBS_INFO 0 -6.300000 70.419575 22.820638 
STATIC_OBS_INFO 1 -6.300000 63.459313 15.870979 
Parent: -27.670097 10.000000 102.000000 20.000000 15.300000 -8.435890 -10.000000 3.305009 16.000000 0.000000 0 0 0 1 0 0 0 0
Child: -8.435890 0.376894 5.000000 20.000000 0.750000 0.000000 -10.000000 0.000000 0.000000 0.000000 0 0 0 1 0 0 0 0
EGO_STATUS -5.250000 47.623106 2.700000 1.570796 6.502716 1.000000 -5.880000
DYNAMIC_OBS_INFO 0 -5.750000 50.373011 1.570796 45.169051 -5.750000 93.410054 16.301671 0.268166
DYNAMIC_OBS_INFO 1 -1.750000 37.379426 1.570796 4.917502 -1.750000 44.789523 7.856180 0.892166
STATIC_OBS_INFO 0 -6.300000 70.419575 22.200649 
STATIC_OBS_INFO 1 -6.300000 63.459313 15.251729 
Parent: -18.272210 9.756230 99.000000 20.000000 14.850000 0.000000 -10.000000 3.293400 15.000000 0.000000 0 0 0 1 0 0 0 0
EGO_STATUS -5.250000 48.243770 2.800000 1.570796 5.914716 1.000000 -5.880000
DYNAMIC_OBS_INFO 0 -5.750000 50.373011 1.570796 46.238667 -5.750000 95.041562 16.328487 0.268166
DYNAMIC_OBS_INFO 1 -1.750000 37.379426 1.570796 4.759943 -1.750000 45.579602 7.945397 0.892166
STATIC_OBS_INFO 0 -6.300000 70.419575 21.639466 
STATIC_OBS_INFO 1 -6.300000 63.459313 14.691285 
Parent: -18.197834 9.194401 93.000000 20.000000 13.950000 0.000000 -10.000000 3.445715 15.000000 0.000000 0 0 0 1 0 0 0 0
EGO_STATUS -5.250000 48.805599 2.900000 1.570796 5.326716 1.000000 -5.880000
DYNAMIC_OBS_INFO 0 -5.750000 50.373011 1.570796 47.369562 -5.750000 96.675752 16.355304 0.268166
DYNAMIC_OBS_INFO 1 -1.750000 37.379426 1.570796 4.564671 -1.750000 46.378603 8.034614 0.892166
STATIC_OBS_INFO 0 -6.300000 70.419575 21.136843 
STATIC_OBS_INFO 1 -6.300000 63.459313 14.189388 
Parent: -17.060628 8.691172 88.000000 20.000000 13.200000 0.000000 -10.000000 3.660430 14.000000 0.000000 0 0 0 1 0 0 0 0
EGO_STATUS -5.250000 49.308828 3.000000 1.570796 4.738716 1.000000 -5.880000
DYNAMIC_OBS_INFO 0 -5.750000 50.373011 1.570796 48.562319 -5.750000 98.312623 16.382120 0.268166
DYNAMIC_OBS_INFO 1 -1.750000 37.379426 1.570796 4.340065 -1.750000 47.186525 8.123830 0.892166
STATIC_OBS_INFO 0 -6.300000 70.419575 20.693354 
STATIC_OBS_INFO 1 -6.300000 63.459313 13.746595 
Parent: -16.835051 8.247122 84.000000 20.000000 12.600000 0.000000 -10.000000 3.964280 14.000000 0.000000 0 0 0 1 0 0 0 0
EGO_STATUS -5.250000 49.752878 3.100000 1.570796 4.150716 1.000000 -5.880000
DYNAMIC_OBS_INFO 0 -5.750000 50.373011 1.570796 49.816416 -5.750000 99.952176 16.408937 0.268166
DYNAMIC_OBS_INFO 1 -1.750000 37.379426 1.570796 4.099732 -1.750000 48.003369 8.213047 0.892166
STATIC_OBS_INFO 0 -6.300000 70.419575 20.308468 
STATIC_OBS_INFO 1 -6.300000 63.459313 13.362362 
Parent: -15.454325 7.861731 80.000000 20.000000 12.000000 0.000000 -10.000000 4.400982 13.000000 0.000000 0 0 0 1 0 0 0 0
EGO_STATUS -5.250000 50.138269 3.200000 1.570796 3.562716 1.000000 -5.880000
DYNAMIC_OBS_INFO 0 -5.750000 50.373011 1.570796 51.132378 -5.750000 101.594410 16.435754 0.268166
DYNAMIC_OBS_INFO 1 -1.750000 37.379426 1.570796 3.863204 -1.750000 48.829134 8.302263 0.892166
STATIC_OBS_INFO 0 -6.300000 70.419575 19.982703 
STATIC_OBS_INFO 1 -6.300000 63.459313 13.037188 
Parent: 1129.338211 10.000000 102.000000 20.000000 2075.700000 951.925486 0.000000 4.951941 33.000000 0.000000 0 0 1 0 0 0 0 0
Child: 951.925486 18.131768 183.000000 3044.027414 6563.550000 0.000000 0.000000 0.000000 0.000000 0.000000 1 0 1 0 0 0 0 0
EGO_STATUS -5.250000 50.464477 3.300000 1.570796 2.974716 1.000000 -5.880000
DYNAMIC_OBS_INFO 0 -5.750000 50.373011 1.570796 52.474848 -5.750000 103.239327 16.462570 0.268166
DYNAMIC_OBS_INFO 1 -1.750000 37.379426 1.570796 3.669700 -1.750000 49.663821 8.391480 0.892166
STATIC_OBS_INFO 0 -6.300000 70.419575 19.680744 
STATIC_OBS_INFO 1 -6.300000 63.459313 12.735810 
Parent: -7.221479 7.233140 74.000000 0.008640 11.100000 0.000000 0.000000 4.692706 13.000000 0.000000 0 0 0 0 0 0 0 0
EGO_STATUS -5.250000 50.766861 3.400000 1.570795 3.072716 2.000000 0.980000
DYNAMIC_OBS_INFO 0 -5.750000 50.373011 1.570796 53.829943 -5.750000 104.886924 16.489387 0.268166
DYNAMIC_OBS_INFO 1 -1.750000 37.379426 1.570796 3.543239 -1.750000 50.507430 8.480697 0.892166
STATIC_OBS_INFO 0 -6.300000 70.419575 19.388724 
STATIC_OBS_INFO 1 -6.300000 63.459313 12.444386 
Parent: -15.980350 6.940698 71.000000 0.008637 10.650000 0.000000 -10.000000 4.977701 12.000000 0.000000 0 0 0 0 0 0 0 0
EGO_STATUS -5.249997 51.059304 3.500000 1.570776 2.778716 3.000000 -2.940000
DYNAMIC_OBS_INFO 0 -5.750000 50.373011 1.570796 55.217543 -5.750000 106.537204 16.516204 0.268166
DYNAMIC_OBS_INFO 1 -1.750000 37.379426 1.570796 3.500193 -1.750000 51.359961 8.569913 0.892166
STATIC_OBS_INFO 0 -6.300000 70.419575 19.126495 
STATIC_OBS_INFO 1 -6.300000 63.459313 12.182723 
Parent: 1330.982487 10.217552 104.000000 32.695418 13662.800000 2.984365 0.000000 4.474691 22.000000 0.000000 0 0 0 1 0 0 0 0
Child: 2.984365 6.678077 68.000000 20.188511 10.200000 0.000000 0.000000 0.000000 0.000000 0.000000 0 0 1 0 0 0 0 0
EGO_STATUS -5.249986 51.321925 3.600000 1.570727 2.484716 3.000000 -2.940000
DYNAMIC_OBS_INFO 0 -5.750000 50.373011 1.570796 56.606832 -5.750000 108.190165 16.543020 0.268166
DYNAMIC_OBS_INFO 1 -1.750000 37.379426 1.570796 3.557250 -1.750000 52.221413 8.659130 0.892166
STATIC_OBS_INFO 0 -6.300000 70.419575 18.863282 
STATIC_OBS_INFO 1 -6.300000 63.459313 11.920111 
Parent: -6.436109 6.414460 66.000000 0.014676 9.900000 0.000000 0.000000 4.600296 12.000000 0.000000 0 0 0 0 0 0 0 0
EGO_STATUS -5.249957 51.585542 3.700000 1.570644 2.778716 0.000000 2.940000
DYNAMIC_OBS_INFO 0 -5.750000 50.373011 1.570796 57.999802 -5.750000 109.845808 16.569837 0.268166
DYNAMIC_OBS_INFO 1 -1.750000 37.379426 1.570796 3.714286 -1.750000 53.091787 8.748346 0.892166
STATIC_OBS_INFO 0 -6.300000 70.419575 18.601077 
STATIC_OBS_INFO 1 -6.300000 63.459313 11.658539 
Parent: -16.143933 6.151839 63.000000 0.014297 9.450000 0.000000 -10.000000 4.931895 12.000000 0.000000 0 0 0 0 0 0 0 0
EGO_STATUS -5.249902 51.848162 3.800000 1.570533 2.484716 3.000000 -2.940000
DYNAMIC_OBS_INFO 0 -5.750000 50.373011 1.570796 59.424996 -5.750000 111.504133 16.596654 0.268166
DYNAMIC_OBS_INFO 1 -1.750000 37.379426 1.570796 3.977473 -1.750000 53.971082 8.837563 0.892166
STATIC_OBS_INFO 0 -6.300000 70.419575 18.368379 
STATIC_OBS_INFO 1 -6.300000 63.459313 11.426433 
Parent: 1174.767714 10.000000 102.000000 20.000000 2075.700000 1006.735385 -10.000000 3.571545 31.000000 0.000000 0 0 1 0 0 0 0 0
Child: 1006.735385 16.575467 167.000000 3105.741024 7037.250000 0.000000 0.000000 0.000000 0.000000 0.000000 1 0 1 0 1 0 0 0
EGO_STATUS -5.249827 52.081242 3.900000 1.570419 2.190716 3.000000 -2.940000
DYNAMIC_OBS_INFO 0 -5.750000 50.373011 1.570796 60.851653 -5.750000 113.165139 16.623470 0.268166
DYNAMIC_OBS_INFO 1 -1.750000 37.379426 1.570796 4.326520 -1.750000 54.859299 8.926779 0.892166
STATIC_OBS_INFO 0 -6.300000 70.419575 18.134473 
STATIC_OBS_INFO 1 -6.300000 63.459313 11.193155 
Parent: -5.588555 5.684461 58.000000 0.016079 8.700000 0.000000 0.000000 4.557200 11.000000 0.000000 0 0 0 0 0 0 0 0
EGO_STATUS -5.249724 52.315542 4.000000 1.570299 2.484716 0.000000 2.940000
DYNAMIC_OBS_INFO 0 -5.750000 50.373011 1.570796 62.282216 -5.750000 114.828827 16.650287 0.268166
DYNAMIC_OBS_INFO 1 -1.750000 37.379426 1.570796 4.747341 -1.750000 55.756438 9.015996 0.892166
STATIC_OBS_INFO 0 -6.300000 70.419575 17.901798 
STATIC_OBS_INFO 1 -6.300000 63.459313 10.961139 
Parent: -15.226794 5.451382 56.000000 0.013456 8.400000 0.000000 -10.000000 4.954189 11.000000 0.000000 0 0 0 0 0 0 0 0
EGO_STATUS -5.249593 52.548621 4.100000 1.570173 2.190716 3.000000 -2.940000
DYNAMIC_OBS_INFO 0 -5.750000 50.373011 1.570796 63.744347 -5.750000 116.495196 16.677104 0.268166
DYNAMIC_OBS_INFO 1 -1.750000 37.379426 1.570796 5.247076 -1.750000 56.662498 9.105213 0.892166
STATIC_OBS_INFO 0 -6.300000 70.419575 17.697968 
STATIC_OBS_INFO 1 -6.300000 63.459313 10.757916 
Parent: 1187.806130 10.000000 102.000000 20.000000 2075.700000 1019.741213 -10.000000 3.604133 31.000000 0.000000 0 0 1 0 0 0 0 0
Child: 1019.741213 15.930981 161.000000 3107.551233 7198.050000 0.000000 0.000000 0.000000 0.000000 0.000000 1 0 1 0 1 0 0 0
EGO_STATUS -5.249454 52.752815 4.200000 1.570055 1.896716 3.000000 -2.940000
DYNAMIC_OBS_INFO 0 -5.750000 50.373011 1.570796 65.208859 -5.750000 118.164247 16.703920 0.268166
DYNAMIC_OBS_INFO 1 -1.750000 37.379426 1.570796 5.795774 -1.750000 57.577481 9.194429 0.892166
STATIC_OBS_INFO 0 -6.300000 70.419575 17.493847 
STATIC_OBS_INFO 1 -6.300000 63.459313 10.554433 
Parent: -5.659420 5.042693 52.000000 0.014447 7.800000 0.000000 0.000000 4.582775 11.000000 0.000000 0 0 0 0 0 0 0 0
EGO_STATUS -5.249290 52.957311 4.300000 1.569934 2.190716 0.000000 2.940000
DYNAMIC_OBS_INFO 0 -5.750000 50.373011 1.570796 66.676357 -5.750000 119.835980 16.730737 0.268166
DYNAMIC_OBS_INFO 1 -1.750000 37.379426 1.570796 6.384201 -1.750000 58.501384 9.283646 0.892166
STATIC_OBS_INFO 0 -6.300000 70.419575 17.290037 
STATIC_OBS_INFO 1 -6.300000 63.459313 10.351292 
Parent: 1196.705902 10.000000 102.000000 20.000000 2075.700000 1027.672524 -10.000000 3.572593 30.000000 0.000000 0 0 1 0 0 0 0 0
Child: 1027.672524 15.538424 157.000000 3109.037757 7274.550000 0.000000 0.000000 0.000000 0.000000 0.000000 1 0 1 0 1 0 0 0
EGO_STATUS -5.249101 53.161505 4.400000 1.569808 1.896716 3.000000 -2.940000
DYNAMIC_OBS_INFO 0 -5.750000 50.373011 1.570796 68.146236 -5.750000 121.510395 16.757553 0.268166
DYNAMIC_OBS_INFO 1 -1.750000 37.379426 1.570796 7.004667 -1.750000 59.434210 9.372862 0.892166
STATIC_OBS_INFO 0 -6.300000 70.419575 17.085937 
STATIC_OBS_INFO 1 -6.300000 63.459313 10.147896 
Parent: -5.092007 4.634005 48.000000 0.015865 7.200000 0.000000 0.000000 4.211361 10.000000 0.000000 0 0 0 0 0 0 0 0
EGO_STATUS -5.248885 53.366001 4.500000 1.569676 2.190716 0.000000 2.940000
DYNAMIC_OBS_INFO 0 -5.750000 50.373011 1.570796 69.619101 -5.750000 123.187491 16.784370 0.268166
DYNAMIC_OBS_INFO 1 -1.750000 37.379426 1.570796 7.652378 -1.750000 60.375957 9.462079 0.892166
STATIC_OBS_INFO 0 -6.300000 70.419575 16.882150 
STATIC_OBS_INFO 1 -6.300000 63.459313 9.944849 
Parent: -14.687754 4.429811 46.000000 0.012875 6.900000 0.000000 -10.000000 4.646534 10.000000 0.000000 0 0 0 0 0 0 0 0
EGO_STATUS -5.248642 53.570195 4.600000 1.569535 1.896716 3.000000 -2.940000
DYNAMIC_OBS_INFO 0 -5.750000 50.373011 1.570796 71.124918 -5.750000 124.867269 16.811187 0.268166
DYNAMIC_OBS_INFO 1 -1.750000 37.379426 1.570796 8.350645 -1.750000 61.326625 9.551295 0.892166
STATIC_OBS_INFO 0 -6.300000 70.419575 16.708581 
STATIC_OBS_INFO 1 -6.300000 63.459313 9.771941 
Parent: 2625.682289 10.217552 104.000000 3041.293596 10237.300000 1346.249584 0.000000 4.868082 30.000000 0.000000 1 0 1 0 0 0 0 0
Child: 1346.249584 10.217552 104.000000 13.499632 13662.800000 2.612056 0.000000 0.000000 0.000000 0.000000 0 0 0 0 0 0 0 0
Child: 2.612056 4.255886 44.000000 20.405063 6.600000 0.000000 0.000000 0.000000 0.000000 0.000000 0 0 1 0 0 0 0 0
EGO_STATUS -5.248411 53.744120 4.700000 1.569409 1.602716 3.000000 -2.940000
DYNAMIC_OBS_INFO 0 -5.750000 50.373011 1.570796 72.631587 -5.750000 126.549728 16.838003 0.268166
DYNAMIC_OBS_INFO 1 -1.750000 37.379426 1.570796 9.068228 -1.750000 62.286216 9.640512 0.892166
STATIC_OBS_INFO 0 -6.300000 70.419575 16.533194 
STATIC_OBS_INFO 1 -6.300000 63.459313 9.597253 
Parent: -5.107087 4.080131 42.000000 0.011815 6.300000 0.000000 0.000000 4.279746 10.000000 0.000000 0 0 0 0 0 0 0 0
EGO_STATUS -5.248156 53.919875 4.800000 1.569286 1.896716 0.000000 2.940000
DYNAMIC_OBS_INFO 0 -5.750000 50.373011 1.570796 74.142770 -5.750000 128.234869 16.864820 0.268166
DYNAMIC_OBS_INFO 1 -1.750000 37.379426 1.570796 9.806008 -1.750000 63.254728 9.729729 0.892166
STATIC_OBS_INFO 0 -6.300000 70.419575 16.359642 
STATIC_OBS_INFO 1 -6.300000 63.459313 9.424425 
Parent: -13.569217 3.906205 41.000000 0.006252 6.150000 0.000000 -10.000000 4.844256 9.000000 0.000000 0 0 0 0 0 0 0 0
EGO_STATUS -5.247884 54.093800 4.900000 1.569186 1.602716 3.000000 -2.940000
DYNAMIC_OBS_INFO 0 -5.750000 50.373011 1.570796 75.687146 -5.750000 129.922692 16.891637 0.268166
DYNAMIC_OBS_INFO 1 -1.750000 37.379426 1.570796 10.589265 -1.750000 64.232162 9.818945 0.892166
STATIC_OBS_INFO 0 -6.300000 70.419575 16.216543 
STATIC_OBS_INFO 1 -6.300000 63.459313 9.281948 
Parent: 2916.324332 10.217552 104.000000 3050.086896 10237.300000 1634.996765 0.000000 4.899040 29.000000 0.000000 1 0 0 1 0 0 0 0
Child: 1634.996765 10.217552 104.000000 3055.181426 13662.800000 2.527104 -10.000000 0.000000 0.000000 0.000000 1 0 1 0 0 0 0 0
Child: 2.527104 3.762791 39.000000 20.342536 5.850000 0.000000 0.000000 0.000000 0.000000 0.000000 0 0 1 0 0 0 0 0
EGO_STATUS -5.247648 54.237214 5.000000 1.569133 1.308716 3.000000 -2.940000
DYNAMIC_OBS_INFO 0 -5.750000 50.373011 1.570796 77.230631 -5.750000 131.613197 16.918453 0.268166
DYNAMIC_OBS_INFO 1 -1.750000 37.379426 1.570796 11.384824 -1.750000 65.218517 9.908162 0.892166
STATIC_OBS_INFO 0 -6.300000 70.419575 16.069885 
STATIC_OBS_INFO 1 -6.300000 63.459313 9.135953 
Parent: -3.973167 3.615804 38.000000 0.003638 5.700000 0.000000 0.000000 4.484117 9.000000 0.000000 0 0 0 0 0 0 0 0
EGO_STATUS -5.247402 54.384201 5.100000 1.569118 1.602716 0.000000 2.940000
DYNAMIC_OBS_INFO 0 -5.750000 50.373011 1.570796 78.780373 -5.750000 133.306383 16.945270 0.268166
DYNAMIC_OBS_INFO 1 -1.750000 37.379426 1.570796 12.198235 -1.750000 66.213794 9.997378 0.892166
STATIC_OBS_INFO 0 -6.300000 70.419575 15.926797 
STATIC_OBS_INFO 1 -6.300000 63.459313 8.993537 
Parent: 2916.108355 10.217552 104.000000 3049.283219 10237.300000 1634.868613 0.000000 4.890173 29.000000 0.000000 1 0 0 1 0 0 0 0
Child: 1634.868613 10.217552 104.000000 3054.354432 13662.800000 2.480200 -10.000000 0.000000 0.000000 0.000000 1 0 1 0 0 0 0 0
Child: 2.480200 3.472390 36.000000 20.313468 5.400000 0.000000 0.000000 0.000000 0.000000 0.000000 0 0 1 0 0 0 0 0
EGO_STATUS -5.247164 54.527615 5.200000 1.569149 1.308716 3.000000 -2.940000
DYNAMIC_OBS_INFO 0 -5.750000 50.373011 1.570796 80.329224 -5.750000 135.002251 16.972087 0.268166
DYNAMIC_OBS_INFO 1 -1.750000 37.379426 1.570796 13.021719 -1.750000 67.217993 10.086595 0.892166
STATIC_OBS_INFO 0 -6.300000 70.419575 15.780150 
STATIC_OBS_INFO 1 -6.300000 63.459313 8.847605 
Parent: -4.376216 3.325402 35.000000 0.010487 5.250000 0.000000 0.000000 4.123977 9.000000 0.000000 0 0 0 0 0 0 0 0
EGO_STATUS -5.246928 54.674602 5.300000 1.569237 1.602716 0.000000 2.940000
DYNAMIC_OBS_INFO 0 -5.750000 50.373011 1.570796 81.884331 -5.750000 136.700800 16.998903 0.268166
DYNAMIC_OBS_INFO 1 -1.750000 37.379426 1.570796 13.861392 -1.750000 68.231113 10.175812 0.892166
STATIC_OBS_INFO 0 -6.300000 70.419575 15.637073 
STATIC_OBS_INFO 1 -6.300000 63.459313 8.705253 
Parent: -13.695835 3.181988 33.000000 0.010147 4.950000 0.000000 -10.000000 4.825888 9.000000 0.000000 0 0 0 0 0 0 0 0
EGO_STATUS -5.246716 54.818016 5.400000 1.569381 1.308716 3.000000 -2.940000
DYNAMIC_OBS_INFO 0 -5.750000 50.373011 1.570796 83.471560 -5.750000 138.402031 17.025720 0.268166
DYNAMIC_OBS_INFO 1 -1.750000 37.379426 1.570796 14.741837 -1.750000 69.253155 10.265028 0.892166
STATIC_OBS_INFO 0 -6.300000 70.419575 15.523371 
STATIC_OBS_INFO 1 -6.300000 63.459313 8.592147 
Parent: 2915.829056 10.217552 104.000000 3047.842622 10237.300000 1634.645733 0.000000 4.975287 29.000000 0.000000 1 0 0 1 0 0 0 0
Child: 1634.645733 10.217552 104.000000 3052.872041 13662.800000 2.402958 -10.000000 0.000000 0.000000 0.000000 1 0 1 0 0 0 0 0
Child: 2.402958 3.068015 32.000000 20.263329 4.800000 0.000000 0.000000 0.000000 0.000000 0.000000 0 0 1 0 0 0 0 0
EGO_STATUS -5.246564 54.931989 5.500000 1.569536 1.014716 3.000000 -2.940000
DYNAMIC_OBS_INFO 0 -5.750000 50.373011 1.570796 85.058169 -5.750000 140.105944 17.052537 0.268166
DYNAMIC_OBS_INFO 1 -1.750000 37.379426 1.570796 15.630923 -1.750000 70.284119 10.354245 0.892166
STATIC_OBS_INFO 0 -6.300000 70.419575 15.406376 
STATIC_OBS_INFO 1 -6.300000 63.459313 8.475783 
Parent: -3.080720 2.950738 31.000000 0.015783 4.650000 0.000000 0.000000 4.475167 8.000000 0.000000 0 0 0 0 0 0 0 0
EGO_STATUS -5.246429 55.049266 5.600000 1.569735 1.308716 0.000000 2.940000
DYNAMIC_OBS_INFO 0 -5.750000 50.373011 1.570796 86.650763 -5.750000 141.812539 17.079353 0.268166
DYNAMIC_OBS_INFO 1 -1.750000 37.379426 1.570796 16.534648 -1.750000 71.324004 10.443461 0.892166
STATIC_OBS_INFO 0 -6.300000 70.419575 15.292678 
STATIC_OBS_INFO 1 -6.300000 63.459313 8.362719 
Parent: 2916.632240 10.217552 104.000000 3047.205479 10237.300000 1634.517675 0.000000 4.969125 28.000000 0.000000 1 0 0 1 0 0 0 0
Child: 1634.517675 10.217552 104.000000 3052.213495 13662.800000 2.339600 -10.000000 0.000000 0.000000 0.000000 1 0 1 0 0 0 0 0
Child: 2.339600 2.836764 30.000000 20.242274 4.500000 0.000000 0.000000 0.000000 0.000000 0.000000 0 0 1 0 0 0 0 0
EGO_STATUS -5.246322 55.163240 5.700000 1.569964 1.014716 3.000000 -2.940000
DYNAMIC_OBS_INFO 0 -5.750000 50.373011 1.570796 88.242736 -5.750000 143.521815 17.106170 0.268166
DYNAMIC_OBS_INFO 1 -1.750000 37.379426 1.570796 17.446209 -1.750000 72.372811 10.532678 0.892166
STATIC_OBS_INFO 0 -6.300000 70.419575 15.175688 
STATIC_OBS_INFO 1 -6.300000 63.459313 8.246400 
Parent: -3.465691 2.719487 29.000000 0.020686 4.350000 0.000000 0.000000 4.124446 8.000000 0.000000 0 0 0 0 0 0 0 0
EGO_STATUS -5.246242 55.280517 5.800000 1.570233 1.308716 0.000000 2.940000
DYNAMIC_OBS_INFO 0 -5.750000 50.373011 1.570796 89.840695 -5.750000 145.233773 17.132986 0.268166
DYNAMIC_OBS_INFO 1 -1.750000 37.379426 1.570796 18.371784 -1.750000 73.430539 10.621894 0.892166
STATIC_OBS_INFO 0 -6.300000 70.419575 15.061995 
STATIC_OBS_INFO 1 -6.300000 63.459313 8.133380 
Parent: 2916.432847 10.217552 104.000000 3046.578196 10237.300000 1634.385772 0.000000 4.963263 28.000000 0.000000 1 0 0 1 0 0 0 0
Child: 1634.385772 10.217552 104.000000 3051.554949 13662.800000 2.272396 -10.000000 0.000000 0.000000 0.000000 1 0 1 0 0 0 0 0
Child: 2.272396 2.605514 28.000000 20.220173 4.200000 0.000000 0.000000 0.000000 0.000000 0.000000 0 0 1 0 0 0 0 0
EGO_STATUS -5.246196 55.394490 5.900000 1.570523 1.014716 3.000000 -2.940000
DYNAMIC_OBS_INFO 0 -5.750000 50.373011 1.570796 91.438033 -5.750000 146.948412 17.159803 0.268166
DYNAMIC_OBS_INFO 1 -1.750000 37.379426 1.570796 19.304651 -1.750000 74.497190 10.711111 0.892166
STATIC_OBS_INFO 0 -6.300000 70.419575 14.945008 
STATIC_OBS_INFO 1 -6.300000 63.459313 8.017108 
Parent: -3.850736 2.488236 26.000000 0.024069 3.900000 0.000000 0.000000 3.773725 8.000000 0.000000 0 0 0 0 0 0 0 0
EGO_STATUS -5.246185 55.511767 6.000000 1.570844 1.308716 0.000000 2.940000
DYNAMIC_OBS_INFO 0 -5.750000 50.373011 1.570796 93.041356 -5.750000 148.665733 17.186620 0.268166
DYNAMIC_OBS_INFO 1 -1.750000 37.379426 1.570796 20.251102 -1.750000 75.572762 10.800328 0.892166
STATIC_OBS_INFO 0 -6.300000 70.419575 14.831319 
STATIC_OBS_INFO 1 -6.300000 63.459313 7.904134 
Parent: -13.008444 2.374263 25.000000 0.015008 3.750000 0.000000 -10.000000 4.633991 8.000000 0.000000 0 0 0 0 0 0 0 0
EGO_STATUS -5.246210 55.625741 6.100000 1.571171 1.014716 3.000000 -2.940000
DYNAMIC_OBS_INFO 0 -5.750000 50.373011 1.570796 94.677371 -5.750000 150.385736 17.213436 0.268166
DYNAMIC_OBS_INFO 1 -1.750000 37.379426 1.570796 21.237317 -1.750000 76.657255 10.889544 0.892166
STATIC_OBS_INFO 0 -6.300000 70.419575 14.747565 
STATIC_OBS_INFO 1 -6.300000 63.459313 7.820921 
Parent: 33293.635651 10.000000 101.000000 290020.000000 9530.250000 3678.731241 -10.000000 4.463816 38.000000 0.000000 0 0 1 0 0 0 0 29
Child: 3678.731241 10.000000 102.000000 20.000000 20935.500000 1634.270457 -10.000000 0.000000 0.000000 0.000000 0 0 1 0 0 0 0 0
Child: 1634.270457 10.217552 104.000000 3050.410188 13662.800000 2.269549 -10.000000 0.000000 0.000000 0.000000 1 0 1 0 0 0 0 0
Child: 2.269549 2.290299 24.000000 20.182558 3.600000 0.000000 0.000000 0.000000 0.000000 0.000000 0 0 1 0 0 0 0 0
EGO_STATUS -5.246254 55.709705 6.200000 1.571418 0.720716 3.000000 -2.940000
DYNAMIC_OBS_INFO 0 -5.750000 50.373011 1.570796 96.311379 -5.750000 152.108420 17.240253 0.268166
DYNAMIC_OBS_INFO 1 -1.750000 37.379426 1.570796 22.228997 -1.750000 77.750670 10.978761 0.892166
STATIC_OBS_INFO 0 -6.300000 70.419575 14.659135 
STATIC_OBS_INFO 1 -6.300000 63.459313 7.733077 
Parent: -3.371283 2.201646 24.000000 0.015110 3.600000 0.000000 0.000000 4.297084 8.000000 0.000000 0 0 0 0 0 0 0 0
EGO_STATUS -5.246322 55.798358 6.300000 1.571679 1.014716 0.000000 2.940000
DYNAMIC_OBS_INFO 0 -5.750000 50.373011 1.570796 97.952759 -5.750000 153.833787 17.267070 0.268166
DYNAMIC_OBS_INFO 1 -1.750000 37.379426 1.570796 23.235259 -1.750000 78.853007 11.067977 0.892166
STATIC_OBS_INFO 0 -6.300000 70.419575 14.575383 
STATIC_OBS_INFO 1 -6.300000 63.459313 7.649892 
Parent: 3665.587135 10.000000 102.000000 20.000000 20935.500000 1634.127084 0.000000 4.999267 28.000000 0.000000 0 0 0 1 0 0 0 0
Child: 1634.127084 10.217552 104.000000 3049.918616 13662.800000 2.174471 -10.000000 0.000000 0.000000 0.000000 1 0 1 0 0 0 0 0
Child: 2.174471 2.117682 23.000000 20.166788 3.450000 0.000000 0.000000 0.000000 0.000000 0.000000 0 0 1 0 0 0 0 0
EGO_STATUS -5.246409 55.882322 6.400000 1.571923 0.720716 3.000000 -2.940000
DYNAMIC_OBS_INFO 0 -5.750000 50.373011 1.570796 99.592132 -5.750000 155.561834 17.293886 0.268166
DYNAMIC_OBS_INFO 1 -1.750000 37.379426 1.570796 24.246725 -1.750000 79.964266 11.157194 0.892166
STATIC_OBS_INFO 0 -6.300000 70.419575 14.486955 
STATIC_OBS_INFO 1 -6.300000 63.459313 7.562078 
Parent: -3.734153 2.029029 22.000000 0.014274 3.300000 0.000000 0.000000 3.960176 8.000000 0.000000 0 0 0 0 0 0 0 0
EGO_STATUS -5.246521 55.970975 6.500000 1.572174 1.014716 0.000000 2.940000
DYNAMIC_OBS_INFO 0 -5.750000 50.373011 1.570796 101.238876 -5.750000 157.292564 17.320703 0.268166
DYNAMIC_OBS_INFO 1 -1.750000 37.379426 1.570796 25.272569 -1.750000 81.084446 11.246410 0.892166
STATIC_OBS_INFO 0 -6.300000 70.419575 14.403205 
STATIC_OBS_INFO 1 -6.300000 63.459313 7.478924 
Parent: 3666.518551 10.000000 102.000000 20.000000 20935.500000 1634.062378 0.000000 4.995389 27.000000 0.000000 0 0 0 1 0 0 0 0
Child: 1634.062378 10.217552 104.000000 3049.427044 13662.800000 2.158059 -10.000000 0.000000 0.000000 0.000000 1 0 1 0 0 0 0 0
Child: 2.158059 1.945064 21.000000 20.149612 3.150000 0.000000 0.000000 0.000000 0.000000 0.000000 0 0 1 0 0 0 0 0
EGO_STATUS -5.246648 56.054939 6.600000 1.572399 0.720716 3.000000 -2.940000
DYNAMIC_OBS_INFO 0 -5.750000 50.373011 1.570796 102.883613 -5.750000 159.025975 17.347520 0.268166
DYNAMIC_OBS_INFO 1 -1.750000 37.379426 1.570796 26.303426 -1.750000 82.213548 11.335627 0.892166
STATIC_OBS_INFO 0 -6.300000 70.419575 14.314780 
STATIC_OBS_INFO 1 -6.300000 63.459313 7.391144 
Parent: -3.097113 1.856411 20.000000 0.012455 3.000000 0.000000 0.000000 3.623269 7.000000 0.000000 0 0 0 0 0 0 0 0
EGO_STATUS -5.246801 56.143592 6.700000 1.572622 1.014716 0.000000 2.940000
DYNAMIC_OBS_INFO 0 -5.750000 50.373011 1.570796 104.535722 -5.750000 160.762068 17.374336 0.268166
DYNAMIC_OBS_INFO 1 -1.750000 37.379426 1.570796 27.348509 -1.750000 83.351572 11.424844 0.892166
STATIC_OBS_INFO 0 -6.300000 70.419575 14.231033 
STATIC_OBS_INFO 1 -6.300000 63.459313 7.308023 
Parent: -11.882346 1.772447 19.000000 0.005658 2.850000 0.000000 -10.000000 4.851260 7.000000 0.000000 0 0 0 0 0 0 0 0
EGO_STATUS -5.246964 56.227556 6.800000 1.572814 0.720716 3.000000 -2.940000
DYNAMIC_OBS_INFO 0 -5.750000 50.373011 1.570796 106.237941 -5.750000 162.500842 17.401153 0.268166
DYNAMIC_OBS_INFO 1 -1.750000 37.379426 1.570796 28.450168 -1.750000 84.498517 11.514060 0.892166
STATIC_OBS_INFO 0 -6.300000 70.419575 14.194592 
STATIC_OBS_INFO 1 -6.300000 63.459313 7.271859 
Parent: 73394.089416 10.000000 101.000000 710020.000000 2055.350000 2934.055562 -10.000000 4.523953 37.000000 0.000000 0 0 1 0 0 0 0 71
Child: 2934.055562 10.217552 104.000000 3097.891902 10237.300000 1633.930400 -10.000000 0.000000 0.000000 0.000000 1 0 1 0 1 0 0 0
Child: 1633.930400 10.217552 104.000000 3048.682808 13662.800000 2.099199 -10.000000 0.000000 0.000000 0.000000 1 0 1 0 0 0 0 0
Child: 2.099199 1.735911 19.000000 20.126281 2.850000 0.000000 0.000000 0.000000 0.000000 0.000000 0 0 1 0 0 0 0 0
EGO_STATUS -5.247042 56.264092 6.900000 1.572887 0.461050 3.000000 -2.940000
DYNAMIC_OBS_INFO 0 -5.750000 50.373011 1.570796 107.911588 -5.750000 164.242298 17.427970 0.268166
DYNAMIC_OBS_INFO 1 -1.750000 37.379426 1.570796 29.530314 -1.750000 85.654384 11.603277 0.892166
STATIC_OBS_INFO 0 -6.300000 70.419575 14.126979 
STATIC_OBS_INFO 1 -6.300000 63.459313 7.204769 
Parent: -2.388488 1.668122 18.000000 0.005166 2.700000 0.000000 0.000000 4.360815 7.000000 0.000000 0 0 0 0 0 0 0 0
EGO_STATUS -5.247190 56.331881 7.000000 1.573015 0.755050 0.000000 2.940000
DYNAMIC_OBS_INFO 0 -5.750000 50.373011 1.570796 109.617455 -5.750000 165.986436 17.454786 0.268166
DYNAMIC_OBS_INFO 1 -1.750000 37.379426 1.570796 30.649223 -1.750000 86.819172 11.692493 0.892166
STATIC_OBS_INFO 0 -6.300000 70.419575 14.088826 
STATIC_OBS_INFO 1 -6.300000 63.459313 7.166916 
Parent: 73393.986880 10.000000 101.000000 710020.000000 2055.350000 2933.963695 -10.000000 4.513284 37.000000 0.000000 0 0 1 0 0 0 0 71
Child: 2933.963695 10.217552 104.000000 3097.591921 10237.300000 1633.868004 -10.000000 0.000000 0.000000 0.000000 1 0 1 0 1 0 0 0
Child: 1633.868004 10.217552 104.000000 3048.384883 13662.800000 2.066074 -10.000000 0.000000 0.000000 0.000000 1 0 1 0 0 0 0 0
Child: 2.066074 1.629869 18.000000 20.117372 2.700000 0.000000 0.000000 0.000000 0.000000 0.000000 0 0 1 0 0 0 0 0
EGO_STATUS -5.247278 56.370134 7.100000 1.573077 0.470050 3.000000 -2.940000
DYNAMIC_OBS_INFO 0 -5.750000 50.373011 1.570796 111.295783 -5.750000 167.733256 17.481603 0.268166
DYNAMIC_OBS_INFO 1 -1.750000 37.379426 1.570796 31.747510 -1.750000 87.992882 11.781710 0.892166
STATIC_OBS_INFO 0 -6.300000 70.419575 14.020534 
STATIC_OBS_INFO 1 -6.300000 63.459313 7.099169 
Parent: -2.731066 1.561396 17.000000 0.004026 2.550000 0.000000 0.000000 4.034355 7.000000 0.000000 0 0 0 0 0 0 0 0
EGO_STATUS -5.247439 56.438607 7.200000 1.573177 0.764050 0.000000 2.940000
DYNAMIC_OBS_INFO 0 -5.750000 50.373011 1.570796 113.006564 -5.750000 169.482757 17.508419 0.268166
DYNAMIC_OBS_INFO 1 -1.750000 37.379426 1.570796 32.884728 -1.750000 89.175514 11.870927 0.892166
STATIC_OBS_INFO 0 -6.300000 70.419575 13.981934 
STATIC_OBS_INFO 1 -6.300000 63.459313 7.060883 
Parent: 74878.350225 10.000000 101.000000 710020.000000 9530.250000 3678.262338 -10.000000 4.488878 37.000000 0.000000 0 0 1 0 0 0 0 71
Child: 3678.262338 10.000000 102.000000 20.000000 20935.500000 1633.801553 -10.000000 0.000000 0.000000 0.000000 0 0 1 0 0 0 0 0
Child: 1633.801553 10.217552 104.000000 3048.080660 13662.800000 2.029511 -10.000000 0.000000 0.000000 0.000000 1 0 1 0 0 0 0 0
Child: 2.029511 1.522693 17.000000 20.108333 2.550000 0.000000 0.000000 0.000000 0.000000 0.000000 0 0 1 0 0 0 0 0
EGO_STATUS -5.247533 56.477309 7.300000 1.573222 0.472214 3.000000 -2.940000
DYNAMIC_OBS_INFO 0 -5.750000 50.373011 1.570796 114.690092 -5.750000 171.234939 17.535236 0.268166
DYNAMIC_OBS_INFO 1 -1.750000 37.379426 1.570796 34.001502 -1.750000 90.367068 11.960143 0.892166
STATIC_OBS_INFO 0 -6.300000 70.419575 13.913479 
STATIC_OBS_INFO 1 -6.300000 63.459313 6.992994 
Parent: -3.035120 1.454055 16.000000 0.002624 2.400000 0.000000 0.000000 3.746533 7.000000 0.000000 0 0 0 0 0 0 0 0
EGO_STATUS -5.247703 56.545947 7.400000 1.573289 0.766214 0.000000 2.940000
DYNAMIC_OBS_INFO 0 -5.750000 50.373011 1.570796 116.406129 -5.750000 172.989804 17.562053 0.268166
DYNAMIC_OBS_INFO 1 -1.750000 37.379426 1.570796 35.157216 -1.750000 91.567543 12.049360 0.892166
STATIC_OBS_INFO 0 -6.300000 70.419575 13.874772 
STATIC_OBS_INFO 1 -6.300000 63.459313 6.954613 
NO_CANDIDATE
EGO_STATUS -5.247801 56.584758 7.500000 1.573315 0.472722 3.000000 -2.940000
DYNAMIC_OBS_INFO 0 -5.750000 50.373011 1.570796 118.086038 -5.750000 174.747350 17.588869 0.268166
DYNAMIC_OBS_INFO 1 -1.750000 37.379426 1.570796 36.283570 -1.750000 92.776939 12.138576 0.892166
STATIC_OBS_INFO 0 -6.300000 70.419575 13.797361 
STATIC_OBS_INFO 1 -6.300000 63.459313 6.877865 
NO_CANDIDATE
EGO_STATUS -5.247998 56.662379 7.600000 1.573358 0.010000 3.000000 -2.940000
DYNAMIC_OBS_INFO 0 -5.750000 50.373011 1.570796 119.768629 -5.750000 176.507578 17.615686 0.268166
DYNAMIC_OBS_INFO 1 -1.750000 37.379426 1.570796 37.419134 -1.750000 93.995258 12.227793 0.892166
STATIC_OBS_INFO 0 -6.300000 70.419575 13.719952 
STATIC_OBS_INFO 1 -6.300000 63.459313 6.801137 
NO_CANDIDATE
EGO_STATUS -5.248197 56.740000 7.700000 1.573370 0.010000 3.000000 -2.940000
DYNAMIC_OBS_INFO 0 -5.750000 50.373011 1.570796 121.453902 -5.750000 178.270487 17.642503 0.268166
DYNAMIC_OBS_INFO 1 -1.750000 37.379426 1.570796 38.563887 -1.750000 95.222498 12.317009 0.892166
STATIC_OBS_INFO 0 -6.300000 70.419575 13.642545 
STATIC_OBS_INFO 1 -6.300000 63.459313 6.724429 
NO_CANDIDATE
EGO_STATUS -5.248396 56.817621 7.800000 1.573346 0.010000 3.000000 -2.940000
DYNAMIC_OBS_INFO 0 -5.750000 50.373011 1.570796 123.141857 -5.750000 180.036078 17.669319 0.268166
DYNAMIC_OBS_INFO 1 -1.750000 37.379426 1.570796 39.717806 -1.750000 96.458660 12.406226 0.892166
STATIC_OBS_INFO 0 -6.300000 70.419575 13.565141 
STATIC_OBS_INFO 1 -6.300000 63.459313 6.647743 
NO_CANDIDATE
EGO_STATUS -5.248591 56.895242 7.900000 1.573294 0.010000 3.000000 -2.940000
DYNAMIC_OBS_INFO 0 -5.750000 50.373011 1.570796 124.832494 -5.750000 181.804351 17.696136 0.268166
DYNAMIC_OBS_INFO 1 -1.750000 37.379426 1.570796 40.880876 -1.750000 97.703743 12.495443 0.892166
STATIC_OBS_INFO 0 -6.300000 70.419575 13.487740 
STATIC_OBS_INFO 1 -6.300000 63.459313 6.571080 
NO_CANDIDATE
EGO_STATUS -5.248782 56.972863 8.000000 1.573213 0.010000 3.000000 -2.940000
DYNAMIC_OBS_INFO 0 -5.750000 50.373011 1.570796 126.525813 -5.750000 183.575306 17.722953 0.268166
DYNAMIC_OBS_INFO 1 -1.750000 37.379426 1.570796 42.053080 -1.750000 98.957748 12.584659 0.892166
STATIC_OBS_INFO 0 -6.300000 70.419575 13.410342 
STATIC_OBS_INFO 1 -6.300000 63.459313 6.494441 
NO_CANDIDATE
EGO_STATUS -5.248966 57.050485 8.100000 1.573104 0.010000 3.000000 -2.940000
DYNAMIC_OBS_INFO 0 -5.750000 50.373011 1.570796 128.221814 -5.750000 185.348942 17.749769 0.268166
DYNAMIC_OBS_INFO 1 -1.750000 37.379426 1.570796 43.234402 -1.750000 100.220675 12.673876 0.892166
STATIC_OBS_INFO 0 -6.300000 70.419575 13.332947 
STATIC_OBS_INFO 1 -6.300000 63.459313 6.417827 
NO_CANDIDATE
EGO_STATUS -5.249139 57.128106 8.200000 1.572959 0.010000 3.000000 -2.940000
DYNAMIC_OBS_INFO 0 -5.750000 50.373011 1.570796 129.920497 -5.750000 187.125259 17.776586 0.268166
DYNAMIC_OBS_INFO 1 -1.750000 37.379426 1.570796 44.424829 -1.750000 101.492523 12.763092 0.892166
STATIC_OBS_INFO 0 -6.300000 70.419575 13.255556 
STATIC_OBS_INFO 1 -6.300000 63.459313 6.341239 
NO_CANDIDATE
EGO_STATUS -5.249299 57.205727 8.300000 1.572786 0.010000 3.000000 -2.940000
DYNAMIC_OBS_INFO 0 -5.750000 50.373011 1.570796 131.699484 -5.750000 188.904259 17.803403 0.268166
DYNAMIC_OBS_INFO 1 -1.750000 37.379426 1.570796 45.701731 -1.750000 102.773293 12.852309 0.892166
STATIC_OBS_INFO 0 -6.300000 70.419575 13.255556 
STATIC_OBS_INFO 1 -6.300000 63.459313 6.341239 
NO_CANDIDATE
EGO_STATUS -5.249299 57.205727 8.400000 1.572786 0.010000 3.000000 -2.940000
DYNAMIC_OBS_INFO 0 -5.750000 50.373011 1.570796 133.481152 -5.750000 190.685940 17.830219 0.268166
DYNAMIC_OBS_INFO 1 -1.750000 37.379426 1.570796 46.987740 -1.750000 104.062985 12.941525 0.892166
STATIC_OBS_INFO 0 -6.300000 70.419575 13.255556 
STATIC_OBS_INFO 1 -6.300000 63.459313 6.341239 
NO_CANDIDATE
EGO_STATUS -5.249299 57.205727 8.500000 1.572786 0.010000 3.000000 -2.940000
DYNAMIC_OBS_INFO 0 -5.750000 50.373011 1.570796 135.265502 -5.750000 192.470303 17.857036 0.268166
DYNAMIC_OBS_INFO 1 -1.750000 37.379426 1.570796 48.282844 -1.750000 105.361599 13.030742 0.892166
STATIC_OBS_INFO 0 -6.300000 70.419575 13.255556 
STATIC_OBS_INFO 1 -6.300000 63.459313 6.341239 
NO_CANDIDATE
EGO_STATUS -5.249299 57.205727 8.600000 1.572786 0.010000 3.000000 -2.940000
DYNAMIC_OBS_INFO 0 -5.750000 50.373011 1.570796 137.052535 -5.750000 194.257347 17.883852 0.268166
DYNAMIC_OBS_INFO 1 -1.750000 37.379426 1.570796 49.587032 -1.750000 106.669134 13.119959 0.892166
STATIC_OBS_INFO 0 -6.300000 70.419575 13.255556 
STATIC_OBS_INFO 1 -6.300000 63.459313 6.341239 
NO_CANDIDATE
EGO_STATUS -5.249299 57.205727 8.700000 1.572786 0.010000 3.000000 -2.940000
DYNAMIC_OBS_INFO 0 -5.750000 50.373011 1.570796 138.842249 -5.750000 196.047073 17.910669 0.268166
DYNAMIC_OBS_INFO 1 -1.750000 37.379426 1.570796 50.900291 -1.750000 107.985590 13.209175 0.892166
STATIC_OBS_INFO 0 -6.300000 70.419575 13.255556 
STATIC_OBS_INFO 1 -6.300000 63.459313 6.341239 
NO_CANDIDATE
EGO_STATUS -5.249299 57.205727 8.800000 1.572786 0.010000 3.000000 -2.940000
DYNAMIC_OBS_INFO 0 -5.750000 50.373011 1.570796 140.634645 -5.750000 197.839481 17.937486 0.268166
DYNAMIC_OBS_INFO 1 -1.750000 37.379426 1.570796 52.222613 -1.750000 109.310969 13.298392 0.892166
STATIC_OBS_INFO 0 -6.300000 70.419575 13.255556 
STATIC_OBS_INFO 1 -6.300000 63.459313 6.341239 
NO_CANDIDATE
EGO_STATUS -5.249299 57.205727 8.900000 1.572786 0.010000 3.000000 -2.940000
DYNAMIC_OBS_INFO 0 -5.750000 50.373011 1.570796 142.429723 -5.750000 199.634570 17.964302 0.268166
DYNAMIC_OBS_INFO 1 -1.750000 37.379426 1.570796 53.553989 -1.750000 110.645269 13.387608 0.892166
STATIC_OBS_INFO 0 -6.300000 70.419575 13.255556 
STATIC_OBS_INFO 1 -6.300000 63.459313 6.341239 
NO_CANDIDATE
EGO_STATUS -5.249299 57.205727 9.000000 1.572786 0.010000 3.000000 -2.940000
DYNAMIC_OBS_INFO 0 -5.750000 50.373011 1.570796 144.227484 -5.750000 201.432341 17.991119 0.268166
DYNAMIC_OBS_INFO 1 -1.750000 37.379426 1.570796 54.894410 -1.750000 111.988490 13.476825 0.892166
STATIC_OBS_INFO 0 -6.300000 70.419575 13.255556 
STATIC_OBS_INFO 1 -6.300000 63.459313 6.341239 
NO_CANDIDATE
EGO_STATUS -5.249299 57.205727 9.100000 1.572786 0.010000 3.000000 -2.940000
DYNAMIC_OBS_INFO 0 -5.750000 50.373011 1.570796 146.027926 -5.750000 203.232794 18.017936 0.268166
DYNAMIC_OBS_INFO 1 -1.750000 37.379426 1.570796 56.243869 -1.750000 113.340634 13.566041 0.892166
STATIC_OBS_INFO 0 -6.300000 70.419575 13.255556 
STATIC_OBS_INFO 1 -6.300000 63.459313 6.341239 
NO_CANDIDATE
EGO_STATUS -5.249299 57.205727 9.200000 1.572786 0.010000 3.000000 -2.940000
DYNAMIC_OBS_INFO 0 -5.750000 50.373011 1.570796 147.831049 -5.750000 205.035928 18.044752 0.268166
DYNAMIC_OBS_INFO 1 -1.750000 37.379426 1.570796 57.602360 -1.750000 114.701699 13.655258 0.892166
STATIC_OBS_INFO 0 -6.300000 70.419575 13.255556 
STATIC_OBS_INFO 1 -6.300000 63.459313 6.341239 
NO_CANDIDATE
EGO_STATUS -5.249299 57.205727 9.300000 1.572786 0.010000 3.000000 -2.940000
DYNAMIC_OBS_INFO 0 -5.750000 50.373011 1.570796 149.636855 -5.750000 206.841745 18.071569 0.268166
DYNAMIC_OBS_INFO 1 -1.750000 37.379426 1.570796 58.969875 -1.750000 116.071685 13.744475 0.892166
STATIC_OBS_INFO 0 -6.300000 70.419575 13.255556 
STATIC_OBS_INFO 1 -6.300000 63.459313 6.341239 
NO_CANDIDATE
EGO_STATUS -5.249299 57.205727 9.400000 1.572786 0.010000 3.000000 -2.940000
DYNAMIC_OBS_INFO 0 -5.750000 50.373011 1.570796 151.445343 -5.750000 208.650242 18.098386 0.268166
DYNAMIC_OBS_INFO 1 -1.750000 37.379426 1.570796 60.346409 -1.750000 117.450594 13.833691 0.892166
STATIC_OBS_INFO 0 -6.300000 70.419575 13.255556 
STATIC_OBS_INFO 1 -6.300000 63.459313 6.341239 
NO_CANDIDATE
EGO_STATUS -5.249299 57.205727 9.500000 1.572786 0.010000 3.000000 -2.940000
DYNAMIC_OBS_INFO 0 -5.750000 50.373011 1.570796 153.256513 -5.750000 210.461422 18.125202 0.268166
DYNAMIC_OBS_INFO 1 -1.750000 37.379426 1.570796 61.731956 -1.750000 118.838424 13.922908 0.892166
STATIC_OBS_INFO 0 -6.300000 70.419575 13.255556 
STATIC_OBS_INFO 1 -6.300000 63.459313 6.341239 
NO_CANDIDATE
EGO_STATUS -5.249299 57.205727 9.600000 1.572786 0.010000 3.000000 -2.940000
DYNAMIC_OBS_INFO 0 -5.750000 50.373011 1.570796 155.070364 -5.750000 212.275283 18.152019 0.268166
DYNAMIC_OBS_INFO 1 -1.750000 37.379426 1.570796 63.126511 -1.750000 120.235175 14.012124 0.892166
STATIC_OBS_INFO 0 -6.300000 70.419575 13.255556 
STATIC_OBS_INFO 1 -6.300000 63.459313 6.341239 
NO_CANDIDATE
EGO_STATUS -5.249299 57.205727 9.700000 1.572786 0.010000 3.000000 -2.940000
DYNAMIC_OBS_INFO 0 -5.750000 50.373011 1.570796 156.886897 -5.750000 214.091825 18.178836 0.268166
DYNAMIC_OBS_INFO 1 -1.750000 37.379426 1.570796 64.530070 -1.750000 121.640848 14.101341 0.892166
STATIC_OBS_INFO 0 -6.300000 70.419575 13.255556 
STATIC_OBS_INFO 1 -6.300000 63.459313 6.341239 
NO_CANDIDATE
EGO_STATUS -5.249299 57.205727 9.800000 1.572786 0.010000 3.000000 -2.940000
DYNAMIC_OBS_INFO 0 -5.750000 50.373011 1.570796 158.706113 -5.750000 215.911050 18.205652 0.268166
DYNAMIC_OBS_INFO 1 -1.750000 37.379426 1.570796 65.942628 -1.750000 123.055443 14.190558 0.892166
STATIC_OBS_INFO 0 -6.300000 70.419575 13.255556 
STATIC_OBS_INFO 1 -6.300000 63.459313 6.341239 
NO_CANDIDATE
EGO_STATUS -5.249299 57.205727 9.900000 1.572786 0.010000 3.000000 -2.940000
DYNAMIC_OBS_INFO 0 -5.750000 50.373011 1.570796 160.528010 -5.750000 217.732956 18.232469 0.268166
DYNAMIC_OBS_INFO 1 -1.750000 37.379426 1.570796 67.364182 -1.750000 124.478960 14.279774 0.892166
STATIC_OBS_INFO 0 -6.300000 70.419575 13.255556 
STATIC_OBS_INFO 1 -6.300000 63.459313 6.341239 
NO_CANDIDATE
EGO_STATUS -5.249299 57.205727 10.000000 1.572786 0.010000 3.000000 -2.940000
DYNAMIC_OBS_INFO 0 -5.750000 50.373011 1.570796 162.352589 -5.750000 219.557544 18.259285 0.268166
DYNAMIC_OBS_INFO 1 -1.750000 37.379426 1.570796 68.794726 -1.750000 125.911398 14.368991 0.892166
STATIC_OBS_INFO 0 -6.300000 70.419575 13.255556 
STATIC_OBS_INFO 1 -6.300000 63.459313 6.341239 
NO_CANDIDATE
EGO_STATUS -5.249299 57.205727 10.100000 1.572786 0.010000 3.000000 -2.940000
DYNAMIC_OBS_INFO 0 -5.750000 50.373011 1.570796 164.179850 -5.750000 221.384813 18.286102 0.268166
DYNAMIC_OBS_INFO 1 -1.750000 37.379426 1.570796 70.234258 -1.750000 127.352758 14.458207 0.892166
STATIC_OBS_INFO 0 -6.300000 70.419575 13.255556 
STATIC_OBS_INFO 1 -6.300000 63.459313 6.341239 
NO_CANDIDATE
EGO_STATUS -5.249299 57.205727 10.200000 1.572786 0.010000 3.000000 -2.940000
DYNAMIC_OBS_INFO 0 -5.750000 50.373011 1.570796 166.009792 -5.750000 223.214764 18.312919 0.268166
DYNAMIC_OBS_INFO 1 -1.750000 37.379426 1.570796 71.682775 -1.750000 128.803040 14.547424 0.892166
STATIC_OBS_INFO 0 -6.300000 70.419575 13.255556 
STATIC_OBS_INFO 1 -6.300000 63.459313 6.341239 
NO_CANDIDATE
EGO_STATUS -5.249299 57.205727 10.300000 1.572786 0.010000 3.000000 -2.940000
DYNAMIC_OBS_INFO 0 -5.750000 50.373011 1.570796 167.842417 -5.750000 225.047397 18.339735 0.268166
DYNAMIC_OBS_INFO 1 -1.750000 37.379426 1.570796 73.140273 -1.750000 130.262243 14.636640 0.892166
STATIC_OBS_INFO 0 -6.300000 70.419575 13.255556 
STATIC_OBS_INFO 1 -6.300000 63.459313 6.341239 
Parent: 31421.781464 23.759958 239.000000 3123.462964 296929.450000 1633.446064 -10.000000 4.860166 36.000000 0.000000 1 0 1 0 0 0 0 0
Child: 1633.446064 10.217552 104.000000 3045.903743 13662.800000 1.887894 -10.000000 0.000000 0.000000 0.000000 1 0 1 0 0 0 0 0
Child: 1.887894 0.794274 9.000000 20.041937 1.350000 0.000000 0.000000 0.000000 0.000000 0.000000 0 0 1 0 0 0 0 0
EGO_STATUS -5.249299 57.205727 10.400000 1.572786 0.010000 3.000000 -2.940000
DYNAMIC_OBS_INFO 0 -5.750000 50.373011 1.570796 169.638879 -5.750000 226.882711 18.366552 0.268166
DYNAMIC_OBS_INFO 1 -1.750000 37.379426 1.570796 74.567953 -1.750000 131.730368 14.725857 0.892166
STATIC_OBS_INFO 0 -6.300000 70.419575 13.216829 
STATIC_OBS_INFO 1 -6.300000 63.459313 6.302924 
Parent: -1.074934 0.755430 9.000000 0.001156 1.350000 0.000000 0.000000 4.811654 6.000000 0.000000 0 0 0 0 0 1 0 0
EGO_STATUS -5.249371 57.244571 10.500000 1.572687 0.304000 0.000000 2.940000
DYNAMIC_OBS_INFO 0 -5.750000 50.373011 1.570796 171.447508 -5.750000 228.720707 18.393369 0.268166
DYNAMIC_OBS_INFO 1 -1.750000 37.379426 1.570796 76.014077 -1.750000 133.207414 14.815074 0.892166
STATIC_OBS_INFO 0 -6.300000 70.419575 13.187559 
STATIC_OBS_INFO 1 -6.300000 63.459313 6.273968 
Parent: -11.174568 0.726070 9.000000 0.001152 1.350000 0.000000 -10.000000 4.716429 6.000000 0.000000 0 0 0 0 0 1 0 0
EGO_STATUS -5.249423 57.273930 10.600000 1.572609 0.297890 7.000000 -0.061102
DYNAMIC_OBS_INFO 0 -5.750000 50.373011 1.570796 173.259451 -5.750000 230.561385 18.420185 0.268166
DYNAMIC_OBS_INFO 1 -1.750000 37.379426 1.570796 77.469805 -1.750000 134.693382 14.904290 0.892166
STATIC_OBS_INFO 0 -6.300000 70.419575 13.158920 
STATIC_OBS_INFO 1 -6.300000 63.459313 6.245641 
Parent: -11.273852 0.697344 8.000000 0.001140 1.200000 0.000000 -10.000000 4.621447 6.000000 0.000000 0 0 0 0 0 1 0 0
EGO_STATUS -5.249471 57.302657 10.700000 1.572530 0.291786 7.000000 -0.061040
DYNAMIC_OBS_INFO 0 -5.750000 50.373011 1.570796 175.074710 -5.750000 232.404744 18.447002 0.268166
DYNAMIC_OBS_INFO 1 -1.750000 37.379426 1.570796 78.935134 -1.750000 136.188272 14.993507 0.892166
STATIC_OBS_INFO 0 -6.300000 70.419575 13.130913 
STATIC_OBS_INFO 1 -6.300000 63.459313 6.217942 
Parent: -11.372794 0.669250 8.000000 0.001119 1.200000 0.000000 -10.000000 4.526725 6.000000 0.000000 0 0 0 0 0 1 0 0
EGO_STATUS -5.249516 57.330750 10.800000 1.572451 0.285689 7.000000 -0.060974
DYNAMIC_OBS_INFO 0 -5.750000 50.373011 1.570796 176.893283 -5.750000 234.250785 18.473819 0.268166
DYNAMIC_OBS_INFO 1 -1.750000 37.379426 1.570796 80.410063 -1.750000 137.692084 15.082723 0.892166
STATIC_OBS_INFO 0 -6.300000 70.419575 13.103538 
STATIC_OBS_INFO 1 -6.300000 63.459313 6.190872 
Parent: -11.471363 0.641790 8.000000 0.001091 1.200000 0.000000 -10.000000 4.432281 6.000000 0.000000 0 0 0 0 0 1 0 0
EGO_STATUS -5.249557 57.358210 10.900000 1.572373 0.279598 7.000000 -0.060902
DYNAMIC_OBS_INFO 0 -5.750000 50.373011 1.570796 178.715173 -5.750000 236.099508 18.500635 0.268166
DYNAMIC_OBS_INFO 1 -1.750000 37.379426 1.570796 81.894589 -1.750000 139.204817 15.171940 0.892166
STATIC_OBS_INFO 0 -6.300000 70.419575 13.076795 
STATIC_OBS_INFO 1 -6.300000 63.459313 6.164430 
Parent: -11.569541 0.614964 8.000000 0.001057 1.200000 0.000000 -10.000000 4.338133 6.000000 0.000000 0 0 0 0 0 1 0 0
EGO_STATUS -5.249596 57.385036 11.000000 1.572296 0.273516 7.000000 -0.060826
DYNAMIC_OBS_INFO 0 -5.750000 50.373011 1.570796 180.540378 -5.750000 237.950912 18.527452 0.268166
DYNAMIC_OBS_INFO 1 -1.750000 37.379426 1.570796 83.388712 -1.750000 140.726472 15.261156 0.892166
STATIC_OBS_INFO 0 -6.300000 70.419575 13.050685 
STATIC_OBS_INFO 1 -6.300000 63.459313 6.138617 
Parent: -11.667296 0.588772 7.000000 0.001018 1.050000 0.000000 -10.000000 4.244302 6.000000 0.000000 0 0 0 0 0 1 0 0
EGO_STATUS -5.249631 57.411228 11.100000 1.572220 0.267441 7.000000 -0.060744
DYNAMIC_OBS_INFO 0 -5.750000 50.373011 1.570796 182.368899 -5.750000 239.804998 18.554269 0.268166
DYNAMIC_OBS_INFO 1 -1.750000 37.379426 1.570796 84.892430 -1.750000 142.257048 15.350373 0.892166
STATIC_OBS_INFO 0 -6.300000 70.419575 13.025208 
STATIC_OBS_INFO 1 -6.300000 63.459313 6.113432 
Parent: -11.764627 0.563215 7.000000 0.000975 1.050000 0.000000 -10.000000 4.150813 6.000000 0.000000 0 0 0 0 0 1 0 0
EGO_STATUS -5.249664 57.436785 11.200000 1.572147 0.261376 7.000000 -0.060656
DYNAMIC_OBS_INFO 0 -5.750000 50.373011 1.570796 184.200737 -5.750000 241.661766 18.581085 0.268166
DYNAMIC_OBS_INFO 1 -1.750000 37.379426 1.570796 86.405742 -1.750000 143.796546 15.439590 0.892166
STATIC_OBS_INFO 0 -6.300000 70.419575 13.000364 
STATIC_OBS_INFO 1 -6.300000 63.459313 6.088876 
Parent: -11.861496 0.538292 7.000000 0.000929 1.050000 0.000000 -10.000000 4.057689 6.000000 0.000000 0 0 0 0 0 1 0 0
EGO_STATUS -5.249694 57.461708 11.300000 1.572076 0.255320 7.000000 -0.060561
DYNAMIC_OBS_INFO 0 -5.750000 50.373011 1.570796 186.035893 -5.750000 243.521215 18.607902 0.268166
DYNAMIC_OBS_INFO 1 -1.750000 37.379426 1.570796 87.928646 -1.750000 145.344966 15.528806 0.892166
STATIC_OBS_INFO 0 -6.300000 70.419575 12.976154 
STATIC_OBS_INFO 1 -6.300000 63.459313 6.064950 
Parent: -11.957877 0.514005 7.000000 0.000880 1.050000 0.000000 -10.000000 3.964958 6.000000 0.000000 0 0 0 0 0 1 0 0
EGO_STATUS -5.249722 57.485995 11.400000 1.572007 0.249274 7.000000 -0.060458
DYNAMIC_OBS_INFO 0 -5.750000 50.373011 1.570796 187.874365 -5.750000 245.383346 18.634718 0.268166
DYNAMIC_OBS_INFO 1 -1.750000 37.379426 1.570796 89.461143 -1.750000 146.902308 15.618023 0.892166
STATIC_OBS_INFO 0 -6.300000 70.419575 12.952578 
STATIC_OBS_INFO 1 -6.300000 63.459313 6.041652 
Parent: -12.053729 0.490353 6.000000 0.000830 0.900000 0.000000 -10.000000 3.872650 6.000000 0.000000 0 0 0 0 0 1 0 0
EGO_STATUS -5.249747 57.509647 11.500000 1.571941 0.243239 7.000000 -0.060347
DYNAMIC_OBS_INFO 0 -5.750000 50.373011 1.570796 189.716156 -5.750000 247.248159 18.661535 0.268166
DYNAMIC_OBS_INFO 1 -1.750000 37.379426 1.570796 91.003230 -1.750000 148.468571 15.707239 0.892166
STATIC_OBS_INFO 0 -6.300000 70.419575 12.929637 
STATIC_OBS_INFO 1 -6.300000 63.459313 6.018985 
Parent: -12.149039 0.467338 6.000000 0.000780 0.900000 0.000000 -10.000000 3.780799 6.000000 0.000000 0 0 0 0 0 1 0 0
EGO_STATUS -5.249770 57.532662 11.600000 1.571878 0.237216 7.000000 -0.060227
DYNAMIC_OBS_INFO 0 -5.750000 50.373011 1.570796 191.561265 -5.750000 249.115653 18.688352 0.268166
DYNAMIC_OBS_INFO 1 -1.750000 37.379426 1.570796 92.554907 -1.750000 150.043755 15.796456 0.892166
STATIC_OBS_INFO 0 -6.300000 70.419575 12.907330 
STATIC_OBS_INFO 1 -6.300000 63.459313 5.996947 
Parent: -12.243761 0.444959 6.000000 0.000729 0.900000 0.000000 -10.000000 3.689441 6.000000 0.000000 0 0 0 0 0 1 0 0
EGO_STATUS -5.249791 57.555041 11.700000 1.571817 0.231207 7.000000 -0.060097
DYNAMIC_OBS_INFO 0 -5.750000 50.373011 1.570796 193.409693 -5.750000 250.985829 18.715168 0.268166
DYNAMIC_OBS_INFO 1 -1.750000 37.379426 1.570796 94.116173 -1.750000 151.627862 15.885673 0.892166
STATIC_OBS_INFO 0 -6.300000 70.419575 12.885659 
STATIC_OBS_INFO 1 -6.300000 63.459313 5.975539 
Parent: -12.337853 0.423217 6.000000 0.000680 0.900000 0.000000 -10.000000 3.598616 6.000000 0.000000 0 0 0 0 0 1 0 0
EGO_STATUS -5.249811 57.576783 11.800000 1.571760 0.225211 7.000000 -0.059957
DYNAMIC_OBS_INFO 0 -5.750000 50.373011 1.570796 195.261440 -5.750000 252.858687 18.741985 0.268166
DYNAMIC_OBS_INFO 1 -1.750000 37.379426 1.570796 95.687029 -1.750000 153.220890 15.974889 0.892166
STATIC_OBS_INFO 0 -6.300000 70.419575 12.864624 
STATIC_OBS_INFO 1 -6.300000 63.459313 5.954761 
Parent: -12.431271 0.402113 6.000000 0.000631 0.900000 0.000000 -10.000000 3.508369 6.000000 0.000000 0 0 0 0 0 1 0 0
EGO_STATUS -5.249828 57.597887 11.900000 1.571706 0.219231 7.000000 -0.059804
DYNAMIC_OBS_INFO 0 -5.750000 50.373011 1.570796 197.116508 -5.750000 254.734226 18.768802 0.268166
DYNAMIC_OBS_INFO 1 -1.750000 37.379426 1.570796 97.267472 -1.750000 154.822840 16.064106 0.892166
STATIC_OBS_INFO 0 -6.300000 70.419575 12.844225 
STATIC_OBS_INFO 1 -6.300000 63.459313 5.934614 
Parent: -12.523959 0.381647 5.000000 0.000585 0.750000 0.000000 -10.000000 3.418750 6.000000 0.000000 0 0 0 0 0 1 0 0
EGO_STATUS -5.249844 57.618353 12.000000 1.571655 0.213267 7.000000 -0.059638
DYNAMIC_OBS_INFO 0 -5.750000 50.373011 1.570796 198.974895 -5.750000 256.612447 18.795618 0.268166
DYNAMIC_OBS_INFO 1 -1.750000 37.379426 1.570796 98.857503 -1.750000 156.433711 16.153322 0.892166
STATIC_OBS_INFO 0 -6.300000 70.419575 12.824463 
STATIC_OBS_INFO 1 -6.300000 63.459313 5.915098 
Parent: -12.615876 0.361819 5.000000 0.000540 0.750000 0.000000 -10.000000 3.329812 6.000000 0.000000 0 0 0 0 0 1 0 0
EGO_STATUS -5.249859 57.638181 12.100000 1.571607 0.207321 7.000000 -0.059456
DYNAMIC_OBS_INFO 0 -5.750000 50.373011 1.570796 200.836604 -5.750000 258.493350 18.822435 0.268166
DYNAMIC_OBS_INFO 1 -1.750000 37.379426 1.570796 100.457121 -1.750000 158.053504 16.242539 0.892166
STATIC_OBS_INFO 0 -6.300000 70.419575 12.805338 
STATIC_OBS_INFO 1 -6.300000 63.459313 5.896213 
Parent: -12.706953 0.342631 5.000000 0.000497 0.750000 0.000000 -10.000000 3.241618 6.000000 0.000000 0 0 0 0 0 1 0 0
EGO_STATUS -5.249872 57.657369 12.200000 1.571561 0.201395 7.000000 -0.059259
DYNAMIC_OBS_INFO 0 -5.750000 50.373011 1.570796 202.701635 -5.750000 260.376934 18.849252 0.268166
DYNAMIC_OBS_INFO 1 -1.750000 37.379426 1.570796 102.066326 -1.750000 159.682219 16.331755 0.892166
STATIC_OBS_INFO 0 -6.300000 70.419575 12.786852 
STATIC_OBS_INFO 1 -6.300000 63.459313 5.877961 
Parent: -12.797122 0.324084 5.000000 0.000457 0.750000 0.000000 -10.000000 3.154236 6.000000 0.000000 0 0 0 0 0 1 0 0
EGO_STATUS -5.249884 57.675916 12.300000 1.571519 0.195491 7.000000 -0.059043
DYNAMIC_OBS_INFO 0 -5.750000 50.373011 1.570796 204.569988 -5.750000 262.263200 18.876068 0.268166
DYNAMIC_OBS_INFO 1 -1.750000 37.379426 1.570796 103.685118 -1.750000 161.319855 16.420972 0.892166
STATIC_OBS_INFO 0 -6.300000 70.419575 12.769005 
STATIC_OBS_INFO 1 -6.300000 63.459313 5.860341 
Parent: -12.886306 0.306176 5.000000 0.000419 0.750000 0.000000 -10.000000 3.067742 6.000000 0.000000 0 0 0 0 0 1 0 0
EGO_STATUS -5.249895 57.693824 12.400000 1.571479 0.189610 7.000000 -0.058807
DYNAMIC_OBS_INFO 0 -5.750000 50.373011 1.570796 206.441665 -5.750000 264.152148 18.902885 0.268166
DYNAMIC_OBS_INFO 1 -1.750000 37.379426 1.570796 105.313497 -1.750000 162.966413 16.510189 0.892166
STATIC_OBS_INFO 0 -6.300000 70.419575 12.751797 
STATIC_OBS_INFO 1 -6.300000 63.459313 5.843354 
Parent: -12.974414 0.288911 4.000000 0.000383 0.600000 0.000000 -10.000000 2.982222 6.000000 0.000000 0 0 0 0 0 1 0 0
EGO_STATUS -5.249905 57.711089 12.500000 1.571441 0.183755 7.000000 -0.058548
DYNAMIC_OBS_INFO 0 -5.750000 50.373011 1.570796 208.316665 -5.750000 266.043777 18.929702 0.268166
DYNAMIC_OBS_INFO 1 -1.750000 37.379426 1.570796 106.951462 -1.750000 164.621893 16.599405 0.892166
STATIC_OBS_INFO 0 -6.300000 70.419575 12.735230 
STATIC_OBS_INFO 1 -6.300000 63.459313 5.827000 
Parent: -13.061361 0.272288 4.000000 0.000350 0.600000 0.000000 -10.000000 2.897772 6.000000 0.000000 0 0 0 0 0 1 0 0
EGO_STATUS -5.249914 57.727712 12.600000 1.571406 0.177929 7.000000 -0.058264
DYNAMIC_OBS_INFO 0 -5.750000 50.373011 1.570796 210.194991 -5.750000 267.938088 18.956518 0.268166
DYNAMIC_OBS_INFO 1 -1.750000 37.379426 1.570796 108.599015 -1.750000 166.286294 16.688622 0.892166
STATIC_OBS_INFO 0 -6.300000 70.419575 12.719304 
STATIC_OBS_INFO 1 -6.300000 63.459313 5.811282 
Parent: -13.147031 0.256308 4.000000 0.000319 0.600000 0.000000 -10.000000 2.814502 6.000000 0.000000 0 0 0 0 0 0 0 0
EGO_STATUS -5.249922 57.743692 12.700000 1.571374 0.172134 7.000000 -0.057951
DYNAMIC_OBS_INFO 0 -5.750000 50.373011 1.570796 212.076644 -5.750000 269.835081 18.983335 0.268166
DYNAMIC_OBS_INFO 1 -1.750000 37.379426 1.570796 110.256155 -1.750000 167.959617 16.777838 0.892166
STATIC_OBS_INFO 0 -6.300000 70.419575 12.704020 
STATIC_OBS_INFO 1 -6.300000 63.459313 5.796198 
Parent: -13.231302 0.240973 4.000000 0.000291 0.600000 0.000000 -10.000000 2.732535 6.000000 0.000000 0 0 0 0 0 0 0 0
EGO_STATUS -5.249930 57.759027 12.800000 1.571343 0.166373 7.000000 -0.057607
DYNAMIC_OBS_INFO 0 -5.750000 50.373011 1.570796 213.961623 -5.750000 271.734755 19.010151 0.268166
DYNAMIC_OBS_INFO 1 -1.750000 37.379426 1.570796 111.922882 -1.750000 169.641862 16.867055 0.892166
STATIC_OBS_INFO 0 -6.300000 70.419575 12.689381 
STATIC_OBS_INFO 1 -6.300000 63.459313 5.781751 
Parent: -13.314032 0.226284 4.000000 0.000264 0.600000 0.000000 -10.000000 2.652010 6.000000 0.000000 0 0 0 0 0 0 0 0
EGO_STATUS -5.249936 57.773716 12.900000 1.571315 0.160651 7.000000 -0.057226
DYNAMIC_OBS_INFO 0 -5.750000 50.373011 1.570796 215.849932 -5.750000 273.637111 19.036968 0.268166
DYNAMIC_OBS_INFO 1 -1.750000 37.379426 1.570796 113.599198 -1.750000 171.333028 16.956271 0.892166
STATIC_OBS_INFO 0 -6.300000 70.419575 12.675386 
STATIC_OBS_INFO 1 -6.300000 63.459313 5.767942 
Parent: -13.395063 0.212241 4.000000 0.000240 0.600000 0.000000 -10.000000 2.573088 6.000000 0.000000 0 0 0 0 0 1 0 0
EGO_STATUS -5.249942 57.787759 13.000000 1.571289 0.154970 7.000000 -0.056806
DYNAMIC_OBS_INFO 0 -5.750000 50.373011 1.570796 217.741571 -5.750000 275.542149 19.063785 0.268166
DYNAMIC_OBS_INFO 1 -1.750000 37.379426 1.570796 115.285104 -1.750000 173.033116 17.045488 0.892166
STATIC_OBS_INFO 0 -6.300000 70.419575 12.662038 
STATIC_OBS_INFO 1 -6.300000 63.459313 5.754771 
Parent: -13.474206 0.198848 3.000000 0.000218 0.450000 0.000000 -10.000000 2.495952 6.000000 0.000000 0 0 0 0 0 0 0 0
EGO_STATUS -5.249948 57.801153 13.100000 1.571265 0.149336 7.000000 -0.056341
DYNAMIC_OBS_INFO 0 -5.750000 50.373011 1.570796 219.636542 -5.750000 277.449868 19.090601 0.268166
DYNAMIC_OBS_INFO 1 -1.750000 37.379426 1.570796 116.980600 -1.750000 174.742126 17.134705 0.892166
STATIC_OBS_INFO 0 -6.300000 70.419575 12.649338 
STATIC_OBS_INFO 1 -6.300000 63.459313 5.742242 
Parent: -13.551258 0.186104 3.000000 0.000201 0.450000 0.000000 -10.000000 2.420814 6.000000 0.000000 0 0 0 0 0 0 0 0
EGO_STATUS -5.249952 57.813896 13.200000 1.571242 0.143753 7.000000 -0.055825
DYNAMIC_OBS_INFO 0 -5.750000 50.373011 1.570796 221.534847 -5.750000 279.360269 19.117418 0.268166
DYNAMIC_OBS_INFO 1 -1.750000 37.379426 1.570796 118.685688 -1.750000 176.460057 17.223921 0.892166
STATIC_OBS_INFO 0 -6.300000 70.419575 12.637289 
STATIC_OBS_INFO 1 -6.300000 63.459313 5.730355 
Parent: -13.625971 0.174014 3.000000 0.000185 0.450000 0.000000 -10.000000 2.347916 6.000000 0.000000 0 0 0 0 0 0 0 0
EGO_STATUS -5.249957 57.825986 13.300000 1.571222 0.138228 7.000000 -0.055251
DYNAMIC_OBS_INFO 0 -5.750000 50.373011 1.570796 223.436490 -5.750000 281.273352 19.144235 0.268166
DYNAMIC_OBS_INFO 1 -1.750000 37.379426 1.570796 120.400371 -1.750000 178.186910 17.313138 0.892166
STATIC_OBS_INFO 0 -6.300000 70.419575 12.625894 
STATIC_OBS_INFO 1 -6.300000 63.459313 5.719113 
Parent: -13.698059 0.162579 3.000000 0.000171 0.450000 0.000000 -10.000000 2.277544 6.000000 0.000000 0 0 0 0 0 0 0 0
EGO_STATUS -5.249961 57.837421 13.400000 1.571203 0.132767 7.000000 -0.054614
DYNAMIC_OBS_INFO 0 -5.750000 50.373011 1.570796 225.341474 -5.750000 283.189116 19.171051 0.268166
DYNAMIC_OBS_INFO 1 -1.750000 37.379426 1.570796 122.124651 -1.750000 179.922685 17.402354 0.892166
STATIC_OBS_INFO 0 -6.300000 70.419575 12.615155 
STATIC_OBS_INFO 1 -6.300000 63.459313 5.708521 
Parent: -13.767187 0.151804 3.000000 0.000165 0.450000 0.000000 -10.000000 2.210034 6.000000 0.000000 0 0 0 0 0 0 0 0
EGO_STATUS -5.249964 57.848196 13.500000 1.571185 0.127377 7.000000 -0.053903
DYNAMIC_OBS_INFO 0 -5.750000 50.373011 1.570796 227.249804 -5.750000 285.107562 19.197868 0.268166
DYNAMIC_OBS_INFO 1 -1.750000 37.379426 1.570796 123.858534 -1.750000 181.667381 17.491571 0.892166
STATIC_OBS_INFO 0 -6.300000 70.419575 12.605079 
STATIC_OBS_INFO 1 -6.300000 63.459313 5.698582 
Parent: -13.832953 0.141692 3.000000 0.000160 0.450000 0.000000 -10.000000 2.145785 6.000000 0.000000 0 0 0 0 0 0 0 0
EGO_STATUS -5.249967 57.858308 13.600000 1.571168 0.122066 7.000000 -0.053111
DYNAMIC_OBS_INFO 0 -5.750000 50.373011 1.570796 229.161487 -5.750000 287.028690 19.224685 0.268166
DYNAMIC_OBS_INFO 1 -1.750000 37.379426 1.570796 125.602024 -1.750000 183.420999 17.580788 0.892166
STATIC_OBS_INFO 0 -6.300000 70.419575 12.595671 
STATIC_OBS_INFO 1 -6.300000 63.459313 5.689303 
Parent: -13.894874 0.132252 3.000000 0.000158 0.450000 0.000000 -10.000000 2.085282 6.000000 0.000000 0 0 0 0 0 0 0 0
EGO_STATUS -5.249970 57.867748 13.700000 1.571153 0.116843 7.000000 -0.052226
DYNAMIC_OBS_INFO 0 -5.750000 50.373011 1.570796 231.076532 -5.750000 288.952499 19.251501 0.268166
DYNAMIC_OBS_INFO 1 -1.750000 37.379426 1.570796 127.355133 -1.750000 185.183539 17.670004 0.892166
STATIC_OBS_INFO 0 -6.300000 70.419575 12.586941 
STATIC_OBS_INFO 1 -6.300000 63.459313 5.680693 
Parent: -13.952343 0.123492 3.000000 0.000163 0.450000 0.000000 -10.000000 2.029126 6.000000 0.000000 0 0 0 0 0 0 0 0
EGO_STATUS -5.249972 57.876508 13.800000 1.571138 0.111719 7.000000 -0.051237
DYNAMIC_OBS_INFO 0 -5.750000 50.373011 1.570796 232.994955 -5.750000 290.878990 19.278318 0.268166
DYNAMIC_OBS_INFO 1 -1.750000 37.379426 1.570796 129.117873 -1.750000 186.955000 17.759221 0.892166
STATIC_OBS_INFO 0 -6.300000 70.419575 12.578906 
STATIC_OBS_INFO 1 -6.300000 63.459313 5.672768 
Parent: -14.004579 0.115428 3.000000 0.000172 0.450000 0.000000 -10.000000 1.978100 6.000000 0.000000 0 0 0 0 0 0 0 0
EGO_STATUS -5.249974 57.884572 13.900000 1.571123 0.106706 7.000000 -0.050130
DYNAMIC_OBS_INFO 0 -5.750000 50.373011 1.570796 234.916782 -5.750000 292.808163 19.305135 0.268166
DYNAMIC_OBS_INFO 1 -1.750000 37.379426 1.570796 130.890273 -1.750000 188.735383 17.848437 0.892166
STATIC_OBS_INFO 0 -6.300000 70.419575 12.571591 
STATIC_OBS_INFO 1 -6.300000 63.459313 5.665554 
Parent: -14.050491 0.108088 3.000000 0.000180 0.450000 0.000000 -10.000000 1.933289 6.000000 0.000000 0 0 0 0 0 0 0 0
EGO_STATUS -5.249976 57.891912 14.000000 1.571106 0.101818 7.000000 -0.048889
DYNAMIC_OBS_INFO 0 -5.750000 50.373011 1.570796 236.842068 -5.750000 294.740017 19.331951 0.268166
DYNAMIC_OBS_INFO 1 -1.750000 37.379426 1.570796 132.672385 -1.750000 190.524687 17.937654 0.892166
STATIC_OBS_INFO 0 -6.300000 70.419575 12.565049 
STATIC_OBS_INFO 1 -6.300000 63.459313 5.659104 
TIMEOUT
