STATIC_OBS_INIT_INFO 0 -6.300000 75.896069
STATIC_OBS_INIT_INFO 1 -6.300000 63.584780
Parent: -28.794817 10.000000 101.000000 0.000000 15.150000 17.556691 -10.000000 2.148492 40.000000 0.000000 0 0 0 0 0 0 0 0
Child: 17.556691 24.301780 245.000000 11.864605 265.950000 0.000000 -10.000000 0.000000 0.000000 0.000000 0 0 0 0 0 0 0 0
EGO_STATUS -5.750000 13.707033 0.000000 1.570796 15.965517 4.000000 0.000000
DYNAMIC_OBS_INFO 0 -5.750000 50.453910 1.570796 35.150326 -5.750000 50.453910 15.770057 1.233866
DYNAMIC_OBS_INFO 1 -1.750000 31.489052 1.570796 16.672410 -1.750000 31.489052 9.375955 2.667670
STATIC_OBS_INFO 0 -6.300000 75.896069 60.594981 
STATIC_OBS_INFO 1 -6.300000 63.584780 48.284328 
Parent: -47.397561 10.000000 102.000000 0.000000 15.300000 6.427597 -10.000000 2.674841 48.000000 0.000000 0 0 0 0 0 0 0 0
Child: 6.427597 10.000000 101.000000 0.000000 15.150000 14.927597 -10.000000 0.000000 0.000000 0.000000 0 0 0 0 0 0 0 0
Child: 14.927597 22.705228 229.000000 11.864336 239.550000 0.000000 -10.000000 0.000000 0.000000 0.000000 0 0 0 0 0 0 0 0
EGO_STATUS -5.749988 15.303584 0.100000 1.570761 15.965517 4.000000 0.000000
DYNAMIC_OBS_INFO 0 -5.750000 50.453910 1.570796 35.136949 -5.750000 52.037085 15.893443 1.233866
DYNAMIC_OBS_INFO 1 -1.750000 31.489052 1.570796 15.127255 -1.750000 31.489052 9.375955 2.667670
STATIC_OBS_INFO 0 -6.300000 75.896069 58.998500 
STATIC_OBS_INFO 1 -6.300000 63.584780 46.687887 
Parent: -49.125866 10.000000 102.000000 0.000000 15.300000 3.799293 -10.000000 2.574841 47.000000 0.000000 0 0 0 0 0 0 0 0
Child: 3.799293 10.000000 101.000000 0.000000 15.150000 12.299293 -10.000000 0.000000 0.000000 0.000000 0 0 0 0 0 0 0 0
Child: 12.299293 21.108676 213.000000 11.864079 213.150000 0.000000 -10.000000 0.000000 0.000000 0.000000 0 0 0 0 0 0 0 0
EGO_STATUS -5.749673 16.900136 0.200000 1.570310 15.965517 4.000000 0.000000
DYNAMIC_OBS_INFO 0 -5.750000 50.453910 1.570796 35.135913 -5.750000 53.632599 16.016830 1.233866
DYNAMIC_OBS_INFO 1 -1.750000 31.489052 1.570796 13.593530 -1.750000 31.489052 9.375955 2.667670
STATIC_OBS_INFO 0 -6.300000 75.896069 57.402039 
STATIC_OBS_INFO 1 -6.300000 63.584780 45.091474 
Parent: -49.853189 10.000000 102.000000 0.000000 15.300000 1.171970 -10.000000 2.474841 45.000000 0.000000 0 0 0 0 0 0 0 0
Child: 1.171970 10.000000 101.000000 0.000000 15.150000 9.671970 -10.000000 0.000000 0.000000 0.000000 0 0 0 0 0 0 0 0
Child: 9.671970 19.512125 197.000000 11.863838 186.750000 0.000000 -10.000000 0.000000 0.000000 0.000000 0 0 0 0 0 0 0 0
EGO_STATUS -5.747814 18.496687 0.300000 1.568694 15.965517 4.000000 0.000000
DYNAMIC_OBS_INFO 0 -5.750000 50.453910 1.570796 35.147226 -5.750000 55.240451 16.140217 1.233866
DYNAMIC_OBS_INFO 1 -1.750000 31.489052 1.570796 12.074787 -1.750000 31.489052 9.375955 2.667670
STATIC_OBS_INFO 0 -6.300000 75.896069 55.805633 
STATIC_OBS_INFO 1 -6.300000 63.584780 43.495133 
Parent: -50.549576 10.000000 102.000000 0.000000 15.300000 -1.424417 -10.000000 2.374842 43.000000 0.000000 0 0 0 0 0 0 0 0
Child: -1.424417 10.000000 101.000000 0.000000 15.150000 7.075583 -10.000000 0.000000 0.000000 0.000000 0 0 0 0 0 0 0 0
Child: 7.075583 17.915574 181.000000 11.863619 160.650000 0.000000 -10.000000 0.000000 0.000000 0.000000 0 0 0 0 0 0 0 0
EGO_STATUS -5.741950 20.093227 0.400000 1.565195 15.965517 4.000000 0.000000
DYNAMIC_OBS_INFO 0 -5.750000 50.453910 1.570796 35.170927 -5.750000 56.860642 16.263603 1.233866
DYNAMIC_OBS_INFO 1 -1.750000 31.489052 1.570796 10.576252 -1.750000 31.489052 9.375955 2.667670
STATIC_OBS_INFO 0 -6.300000 75.896069 54.209358 
STATIC_OBS_INFO 1 -6.300000 63.584780 41.898953 
Parent: -52.274078 10.000000 102.000000 0.000000 15.300000 -4.048920 -10.000000 2.274842 42.000000 0.000000 0 0 0 0 0 0 0 0
Child: -4.048920 10.000000 101.000000 0.000000 15.150000 4.451080 -10.000000 0.000000 0.000000 0.000000 0 0 0 0 0 0 0 0
Child: 4.451080 16.319022 165.000000 11.863422 134.250000 0.000000 -10.000000 0.000000 0.000000 0.000000 0 0 0 0 0 0 0 0
EGO_STATUS -5.728722 21.689721 0.500000 1.559451 15.965517 4.000000 0.000000
DYNAMIC_OBS_INFO 0 -5.750000 50.453910 1.570796 35.207114 -5.750000 58.493172 16.386990 1.233866
DYNAMIC_OBS_INFO 1 -1.750000 31.489052 1.570796 9.106460 -1.750000 31.489052 9.375955 2.667670
STATIC_OBS_INFO 0 -6.300000 75.896069 52.613351 
STATIC_OBS_INFO 1 -6.300000 63.584780 40.303091 
Parent: -52.966826 10.000000 102.000000 0.000000 15.300000 -6.641667 -10.000000 2.174842 40.000000 0.000000 0 0 0 0 0 0 0 0
Child: -6.641667 10.000000 101.000000 0.000000 15.150000 1.858333 -10.000000 0.000000 0.000000 0.000000 0 0 0 0 0 0 0 0
Child: 1.858333 14.722471 149.000000 11.863247 108.150000 0.000000 -10.000000 0.000000 0.000000 0.000000 0 0 0 0 0 0 0 0
EGO_STATUS -5.704615 23.286087 0.600000 1.551650 15.965517 4.000000 0.000000
DYNAMIC_OBS_INFO 0 -5.750000 50.453910 1.570796 35.255950 -5.750000 60.138040 16.510377 1.233866
DYNAMIC_OBS_INFO 1 -1.750000 31.489052 1.570796 7.680681 -1.750000 31.489052 9.375955 2.667670
STATIC_OBS_INFO 0 -6.300000 75.896069 51.017809 
STATIC_OBS_INFO 1 -6.300000 63.584780 38.707769 
Parent: 269.417624 30.290952 304.000000 11.126865 3032.100000 11.155596 0.000000 4.030980 49.000000 0.000000 0 0 0 0 0 0 0 0
Child: 11.155596 13.125920 133.000000 27.385450 85.650000 0.000000 0.000000 0.000000 0.000000 0.000000 0 0 0 1 0 0 0 0
EGO_STATUS -5.666913 24.882188 0.700000 1.542602 15.965517 4.000000 0.000000
DYNAMIC_OBS_INFO 0 -5.750000 50.453910 1.570796 35.347031 -5.750000 61.795247 16.633763 1.233866
DYNAMIC_OBS_INFO 1 -1.750000 31.489052 1.570796 6.352279 -1.750000 31.489052 9.375955 2.667670
STATIC_OBS_INFO 0 -6.300000 75.896069 49.452332 
STATIC_OBS_INFO 1 -6.300000 63.584780 37.142611 
Parent: 259.163467 30.290952 304.000000 11.126829 3032.100000 -0.998566 0.000000 3.930987 47.000000 0.000000 0 0 0 0 0 0 0 0
Child: -0.998566 11.558795 117.000000 26.463974 64.650000 0.000000 -10.000000 0.000000 0.000000 0.000000 0 0 0 1 0 0 0 0
EGO_STATUS -5.615747 26.448472 0.800000 1.533841 15.377517 1.000000 -5.880000
DYNAMIC_OBS_INFO 0 -5.750000 50.453910 1.570796 35.509759 -5.750000 63.464793 16.757150 1.233866
DYNAMIC_OBS_INFO 1 -1.750000 31.489052 1.570796 5.192362 -1.750000 31.489052 9.375955 2.667670
STATIC_OBS_INFO 0 -6.300000 75.896069 47.946292 
STATIC_OBS_INFO 1 -6.300000 63.584780 35.637004 
Parent: 258.340120 30.290952 304.000000 11.126816 3032.100000 -2.721914 0.000000 3.830990 46.000000 0.000000 0 0 0 0 0 0 0 0
Child: -2.721914 10.050454 102.000000 26.463800 47.400000 0.000000 -10.000000 0.000000 0.000000 0.000000 0 0 0 1 0 0 0 0
EGO_STATUS -5.554621 27.955571 0.900000 1.527090 14.789517 1.000000 -5.880000
DYNAMIC_OBS_INFO 0 -5.750000 50.453910 1.570796 35.744065 -5.750000 65.146677 16.880536 1.233866
DYNAMIC_OBS_INFO 1 -1.750000 31.489052 1.570796 4.280712 -1.750000 31.489052 9.375955 2.667670
STATIC_OBS_INFO 0 -6.300000 75.896069 46.499583 
STATIC_OBS_INFO 1 -6.300000 63.584780 34.190845 
Parent: 258.715047 30.290952 304.000000 11.126769 3032.100000 -4.246992 0.000000 3.731000 44.000000 0.000000 0 0 0 0 0 0 0 0
Child: -4.246992 8.600939 88.000000 26.461564 32.400000 0.000000 -10.000000 0.000000 0.000000 0.000000 0 0 0 1 0 0 0 0
EGO_STATUS -5.488350 29.403570 1.000000 1.523643 14.201517 1.000000 -5.880000
DYNAMIC_OBS_INFO 0 -5.750000 50.453910 1.570796 36.049626 -5.750000 66.840900 17.003923 1.233866
DYNAMIC_OBS_INFO 1 -1.750000 31.489052 1.570796 3.738157 -1.750000 31.489052 9.375955 2.667670
STATIC_OBS_INFO 0 -6.300000 75.896069 45.111840 
STATIC_OBS_INFO 1 -6.300000 63.584780 32.803752 
Parent: 258.574111 30.290952 304.000000 11.126751 3032.100000 -5.287931 0.000000 3.631004 43.000000 0.000000 0 0 0 0 0 0 0 0
Child: -5.287931 7.210200 74.000000 26.461089 21.900000 0.000000 -10.000000 0.000000 0.000000 0.000000 0 0 0 1 0 0 0 0
EGO_STATUS -5.422737 30.792760 1.100000 1.524265 13.613517 1.000000 -5.880000
DYNAMIC_OBS_INFO 0 -5.750000 50.453910 1.570796 36.426158 -5.750000 68.547462 17.127310 1.233866
DYNAMIC_OBS_INFO 1 -1.750000 31.489052 1.570796 3.668754 -1.750000 31.489052 9.375955 2.667670
STATIC_OBS_INFO 0 -6.300000 75.896069 43.782731 
STATIC_OBS_INFO 1 -6.300000 63.584780 31.475360 
Parent: 259.765062 30.290952 304.000000 11.126703 3032.100000 -5.996985 0.000000 3.531014 41.000000 0.000000 0 0 0 0 0 0 0 0
Child: -5.996985 5.878286 60.000000 26.459002 14.400000 0.000000 -10.000000 0.000000 0.000000 0.000000 0 0 0 1 0 0 0 0
EGO_STATUS -5.363505 32.123355 1.200000 1.529041 13.025517 1.000000 -5.880000
DYNAMIC_OBS_INFO 0 -5.750000 50.453910 1.570796 36.873373 -5.750000 70.266362 17.250696 1.233866
DYNAMIC_OBS_INFO 1 -1.750000 31.489052 1.570796 4.043013 -1.750000 31.489052 9.375955 2.667670
STATIC_OBS_INFO 0 -6.300000 75.896069 42.511924 
STATIC_OBS_INFO 1 -6.300000 63.584780 30.205284 
Parent: -43.496853 10.000000 102.000000 0.000000 15.300000 -6.975155 -10.000000 1.978302 30.000000 0.000000 0 0 0 0 0 0 0 0
Child: -6.975155 10.000000 101.000000 0.000000 15.150000 1.524845 -10.000000 0.000000 0.000000 0.000000 0 0 0 0 0 0 0 0
Child: 1.524845 4.605171 48.000000 7.193559 8.700000 0.000000 0.000000 0.000000 0.000000 0.000000 0 0 0 0 0 0 0 0
EGO_STATUS -5.315279 33.395552 1.300000 1.537313 12.437517 1.000000 -5.880000
DYNAMIC_OBS_INFO 0 -5.750000 50.453910 1.570796 37.361756 -5.750000 71.997601 17.374083 1.233866
DYNAMIC_OBS_INFO 1 -1.750000 31.489052 1.570796 4.731020 -1.750000 31.489052 9.375955 2.667670
STATIC_OBS_INFO 0 -6.300000 75.896069 41.269873 
STATIC_OBS_INFO 1 -6.300000 63.584780 28.963942 
Parent: 246.553206 20.972423 211.000000 13.100210 2865.150000 -5.324840 0.000000 4.793296 39.000000 0.000000 0 0 0 0 0 0 0 0
Child: -5.324840 10.000000 101.000000 20.000000 15.150000 -8.805038 0.000000 0.000000 0.000000 0.000000 0 0 0 1 0 0 0 0
Child: -8.805038 3.361419 35.000000 7.192269 5.250000 0.000000 -10.000000 0.000000 0.000000 0.000000 0 0 0 0 0 0 0 0
EGO_STATUS -5.280104 34.638800 1.400000 1.547996 12.437517 4.000000 0.000000
DYNAMIC_OBS_INFO 0 -5.750000 50.453910 1.570796 37.862000 -5.750000 73.741179 17.497469 1.233866
DYNAMIC_OBS_INFO 1 -1.750000 31.489052 1.570796 5.622595 -1.750000 31.489052 9.375955 2.667670
STATIC_OBS_INFO 0 -6.300000 75.896069 40.027247 
STATIC_OBS_INFO 1 -6.300000 63.584780 27.721972 
Parent: 247.195140 20.972423 211.000000 13.100210 2865.150000 -5.582906 0.000000 4.693296 38.000000 0.000000 0 0 0 0 0 0 0 0
Child: -5.582906 10.000000 101.000000 20.000000 15.150000 -9.063104 0.000000 0.000000 0.000000 0.000000 0 0 0 1 0 0 0 0
Child: -9.063104 2.117668 23.000000 6.725631 3.450000 0.000000 -10.000000 0.000000 0.000000 0.000000 0 0 0 0 0 0 0 0
EGO_STATUS -5.258900 35.882364 1.500000 1.559379 12.437517 4.000000 0.000000
DYNAMIC_OBS_INFO 0 -5.750000 50.453910 1.570796 38.374258 -5.750000 75.497095 17.620856 1.233866
DYNAMIC_OBS_INFO 1 -1.750000 31.489052 1.570796 6.635612 -1.750000 31.489052 9.375955 2.667670
STATIC_OBS_INFO 0 -6.300000 75.896069 38.784180 
STATIC_OBS_INFO 1 -6.300000 63.584780 26.479492 
Parent: 248.635813 20.972423 211.000000 13.100210 2865.150000 -6.042233 0.000000 4.593296 36.000000 0.000000 0 0 0 0 0 0 0 0
Child: -6.042233 10.000000 101.000000 20.000000 15.150000 -9.522431 0.000000 0.000000 0.000000 0.000000 0 0 0 1 0 0 0 0
Child: -9.522431 0.873916 10.000000 3.964700 1.500000 0.000000 -10.000000 0.000000 0.000000 0.000000 0 0 0 0 0 0 0 0
EGO_STATUS -5.250744 37.126085 1.600000 1.568352 12.437517 4.000000 0.000000
DYNAMIC_OBS_INFO 0 -5.750000 50.453910 1.570796 38.901370 -5.750000 77.265350 17.744243 1.233866
DYNAMIC_OBS_INFO 1 -1.750000 31.489052 1.570796 7.717437 -1.750000 31.489052 9.375955 2.667670
STATIC_OBS_INFO 0 -6.300000 75.896069 37.543562 
STATIC_OBS_INFO 1 -6.300000 63.584780 25.239437 
Parent: 665.244260 20.435104 206.000000 3343.997148 3761.400000 3.410800 -10.000000 1.981373 35.000000 0.000000 1 1 1 0 0 0 0 0
Child: 3.410800 9.632807 98.000000 20.000000 14.700000 0.000000 0.000000 0.000000 0.000000 0.000000 0 0 1 0 0 0 0 0
EGO_STATUS -5.250000 38.367193 1.700000 1.570796 12.262673 1.000000 -5.880000
DYNAMIC_OBS_INFO 0 -5.750000 50.453910 1.570796 39.440930 -5.750000 79.045944 17.867629 1.233866
DYNAMIC_OBS_INFO 1 -1.750000 31.489052 1.570796 8.841397 -1.750000 31.489052 9.375955 2.667670
STATIC_OBS_INFO 0 -6.300000 75.896069 36.303074 
STATIC_OBS_INFO 1 -6.300000 63.584780 23.999577 
Parent: 655.966773 20.435104 206.000000 3343.997115 3761.400000 -6.766682 -10.000000 1.881372 34.000000 0.000000 1 1 1 0 0 0 0 0
Child: -6.766682 8.391817 85.000000 20.000000 12.750000 0.000000 -10.000000 0.000000 0.000000 0.000000 0 0 1 0 0 0 0 0
EGO_STATUS -5.250000 39.608183 1.800000 1.570796 12.556673 0.000000 2.940000
DYNAMIC_OBS_INFO 0 -5.750000 50.453910 1.570796 39.963435 -5.750000 80.838876 17.991016 1.233866
DYNAMIC_OBS_INFO 1 -1.750000 31.489052 1.570796 9.135627 -1.750000 32.439986 9.642722 2.667670
STATIC_OBS_INFO 0 -6.300000 75.896069 35.033239 
STATIC_OBS_INFO 1 -6.300000 63.584780 22.730475 
Parent: 704.171930 27.507680 277.000000 3348.896866 4157.150000 0.000000 -10.000000 1.778669 33.000000 0.000000 1 1 1 0 0 0 0 0
EGO_STATUS -5.250000 40.878569 1.900000 1.570796 12.850673 0.000000 2.940000
DYNAMIC_OBS_INFO 0 -5.750000 50.453910 1.570796 40.468899 -5.750000 82.644147 18.114402 1.233866
DYNAMIC_OBS_INFO 1 -1.750000 31.489052 1.570796 9.434005 -1.750000 33.417596 9.909489 2.667670
STATIC_OBS_INFO 0 -6.300000 75.896069 33.734078 
STATIC_OBS_INFO 1 -6.300000 63.584780 21.432180 
Parent: 868.934401 10.000000 102.000000 270.000000 2075.700000 687.752417 -10.000000 2.211396 41.000000 0.000000 0 1 1 0 0 0 0 0
Child: 687.752417 20.435104 206.000000 3343.997089 3761.400000 -7.099664 -10.000000 0.000000 0.000000 0.000000 1 1 1 0 0 0 0 0
Child: -7.099664 5.821664 60.000000 20.891823 9.000000 0.000000 -10.000000 0.000000 0.000000 0.000000 0 0 1 0 0 0 0 0
EGO_STATUS -5.249984 42.178336 2.000000 1.570735 13.144673 0.000000 2.940000
DYNAMIC_OBS_INFO 0 -5.750000 50.453910 1.570796 40.957293 -5.750000 84.461756 18.237789 1.233866
DYNAMIC_OBS_INFO 1 -1.750000 31.489052 1.570796 9.736323 -1.750000 34.421883 10.176256 2.667670
STATIC_OBS_INFO 0 -6.300000 75.896069 32.405577 
STATIC_OBS_INFO 1 -6.300000 63.584780 20.104718 
Parent: 989.969405 10.217552 104.000000 29.065387 10362.800000 4.209713 -10.000000 4.803682 30.000000 0.000000 0 0 0 1 0 0 0 0
Child: 4.209713 10.000000 102.000000 20.000000 15.300000 0.748928 0.000000 0.000000 0.000000 0.000000 0 0 0 1 0 0 0 0
Child: 0.748928 4.492480 46.000000 0.768528 6.900000 0.000000 0.000000 0.000000 0.000000 0.000000 0 0 0 0 0 0 0 0
EGO_STATUS -5.249599 43.507520 2.100000 1.570234 13.438673 0.000000 2.940000
DYNAMIC_OBS_INFO 0 -5.750000 50.453910 1.570796 41.458064 -5.750000 86.291705 18.361176 1.233866
DYNAMIC_OBS_INFO 1 -1.750000 31.489052 1.570796 10.014883 -1.750000 35.452847 10.443023 2.667670
STATIC_OBS_INFO 0 -6.300000 75.896069 31.077182 
STATIC_OBS_INFO 1 -6.300000 63.584780 18.777556 
Parent: 980.668470 10.217552 104.000000 29.065347 10362.800000 -5.991225 -10.000000 4.703688 29.000000 0.000000 0 0 0 1 0 0 0 0
Child: -5.991225 10.000000 102.000000 20.000000 15.300000 -9.452009 0.000000 0.000000 0.000000 0.000000 0 0 0 1 0 0 0 0
Child: -9.452009 3.163331 33.000000 0.766663 4.950000 0.000000 -10.000000 0.000000 0.000000 0.000000 0 0 0 0 0 0 0 0
EGO_STATUS -5.248822 44.836670 2.200000 1.570429 13.144673 3.000000 -2.940000
DYNAMIC_OBS_INFO 0 -5.750000 50.453910 1.570796 42.000542 -5.750000 88.133991 18.484562 1.233866
DYNAMIC_OBS_INFO 1 -1.750000 31.489052 1.570796 10.242177 -1.750000 36.510488 10.709790 2.667670
STATIC_OBS_INFO 0 -6.300000 75.896069 29.778184 
STATIC_OBS_INFO 1 -6.300000 63.584780 17.479965 
Parent: 982.364220 10.217552 104.000000 29.065347 10362.800000 -6.195475 -10.000000 4.603689 27.000000 0.000000 0 0 0 1 0 0 0 0
Child: -6.195475 10.000000 102.000000 20.000000 15.300000 -9.656259 0.000000 0.000000 0.000000 0.000000 0 0 0 1 0 0 0 0
Child: -9.656259 1.863564 20.000000 0.689068 3.000000 0.000000 -10.000000 0.000000 0.000000 0.000000 0 0 0 0 0 0 0 0
EGO_STATUS -5.249043 46.136437 2.300000 1.571474 12.850673 3.000000 -2.940000
DYNAMIC_OBS_INFO 0 -5.750000 50.453910 1.570796 42.584769 -5.750000 89.988617 18.607949 1.233866
DYNAMIC_OBS_INFO 1 -1.750000 31.489052 1.570796 10.417501 -1.750000 37.594805 10.976557 2.667670
STATIC_OBS_INFO 0 -6.300000 75.896069 28.508631 
STATIC_OBS_INFO 1 -6.300000 63.584780 16.212039 
Parent: 983.067491 10.217552 104.000000 29.065303 10362.800000 -6.392208 -10.000000 4.503696 26.000000 0.000000 0 0 0 1 0 0 0 0
Child: -6.392208 10.000000 102.000000 20.000000 15.300000 -9.852992 0.000000 0.000000 0.000000 0.000000 0 0 0 1 0 0 0 0
Child: -9.852992 0.593216 7.000000 0.684709 1.050000 0.000000 -10.000000 0.000000 0.000000 0.000000 0 0 0 0 0 0 0 0
EGO_STATUS -5.249913 47.406784 2.400000 1.571165 12.556673 3.000000 -2.940000
DYNAMIC_OBS_INFO 0 -5.750000 50.453910 1.570796 43.214822 -5.750000 91.855581 18.731336 1.233866
DYNAMIC_OBS_INFO 1 -1.750000 31.489052 1.570796 10.536171 -1.750000 38.705799 11.243324 2.667670
STATIC_OBS_INFO 0 -6.300000 75.896069 27.272638 
STATIC_OBS_INFO 1 -6.300000 63.584780 14.977977 
Parent: 983.732922 10.217552 104.000000 29.065081 10362.800000 -6.626790 -10.000000 4.403731 25.000000 0.000000 0 0 0 1 0 0 0 0
Child: -6.626790 9.356348 95.000000 20.000000 14.250000 0.000000 -10.000000 0.000000 0.000000 0.000000 0 0 0 1 0 0 0 0
EGO_STATUS -5.250000 48.643652 2.500000 1.570796 12.108344 1.000000 -5.880000
DYNAMIC_OBS_INFO 0 -5.750000 50.453910 1.570796 43.912678 -5.750000 93.734884 18.854722 1.233866
DYNAMIC_OBS_INFO 1 -1.750000 31.489052 1.570796 10.577428 -1.750000 39.843470 11.510091 2.667670
STATIC_OBS_INFO 0 -6.300000 75.896069 26.092152 
STATIC_OBS_INFO 1 -6.300000 63.584780 13.799732 
Parent: 984.455830 10.217552 104.000000 29.064930 10362.800000 -6.803891 -10.000000 4.303755 24.000000 0.000000 0 0 0 1 0 0 0 0
Child: -6.803891 8.174947 83.000000 20.000000 12.450000 0.000000 -10.000000 0.000000 0.000000 0.000000 0 0 0 1 0 0 0 0
EGO_STATUS -5.250000 49.825053 2.600000 1.570796 11.520344 1.000000 -5.880000
DYNAMIC_OBS_INFO 0 -5.750000 50.453910 1.570796 44.681679 -5.750000 95.626526 18.978109 1.233866
DYNAMIC_OBS_INFO 1 -1.750000 31.489052 1.570796 10.538034 -1.750000 41.007817 11.776858 2.667670
STATIC_OBS_INFO 0 -6.300000 75.896069 24.970511 
STATIC_OBS_INFO 1 -6.300000 63.584780 12.680682 
Parent: 985.176573 10.217552 104.000000 29.064735 10362.800000 -6.983159 -10.000000 4.203785 23.000000 0.000000 0 0 0 1 0 0 0 0
Child: -6.983159 7.052356 72.000000 20.000000 10.800000 0.000000 -10.000000 0.000000 0.000000 0.000000 0 0 0 1 0 0 0 0
EGO_STATUS -5.250000 50.947644 2.700000 1.570796 10.932344 1.000000 -5.880000
DYNAMIC_OBS_INFO 0 -5.750000 50.453910 1.570796 45.521837 -5.750000 97.530506 19.101495 1.233866
DYNAMIC_OBS_INFO 1 -1.750000 31.489052 1.570796 10.418090 -1.750000 42.198841 12.043625 2.667670
STATIC_OBS_INFO 0 -6.300000 75.896069 23.907723 
STATIC_OBS_INFO 1 -6.300000 63.584780 11.620898 
Parent: 986.921507 10.217552 104.000000 29.064450 10362.800000 -7.138242 -10.000000 4.103830 21.000000 0.000000 0 0 0 1 0 0 0 0
Child: -7.138242 5.988585 61.000000 20.000000 9.150000 0.000000 -10.000000 0.000000 0.000000 0.000000 0 0 0 1 0 0 0 0
EGO_STATUS -5.250000 52.011415 2.800000 1.570796 10.344344 1.000000 -5.880000
DYNAMIC_OBS_INFO 0 -5.750000 50.453910 1.570796 46.433082 -5.750000 99.446825 19.224882 1.233866
DYNAMIC_OBS_INFO 1 -1.750000 31.489052 1.570796 10.218020 -1.750000 43.416542 12.310392 2.667670
STATIC_OBS_INFO 0 -6.300000 75.896069 22.903716 
STATIC_OBS_INFO 1 -6.300000 63.584780 10.620378 
Parent: 987.661627 10.217552 104.000000 29.064383 10362.800000 -7.298126 -10.000000 4.003840 20.000000 0.000000 0 0 0 1 0 0 0 0
Child: -7.298126 4.983566 51.000000 20.000000 7.650000 0.000000 -10.000000 0.000000 0.000000 0.000000 0 0 0 1 0 0 0 0
EGO_STATUS -5.250000 53.016434 2.900000 1.570796 9.756344 1.000000 -5.880000
DYNAMIC_OBS_INFO 0 -5.750000 50.453910 1.570796 47.415537 -5.750000 101.375482 19.348269 1.233866
DYNAMIC_OBS_INFO 1 -1.750000 31.489052 1.570796 9.938356 -1.750000 44.660920 12.577158 2.667670
STATIC_OBS_INFO 0 -6.300000 75.896069 21.958606 
STATIC_OBS_INFO 1 -6.300000 63.584780 9.679318 
Parent: 987.387968 10.217552 104.000000 29.063991 10362.800000 -7.471807 -10.000000 3.903902 20.000000 0.000000 0 0 0 1 0 0 0 0
Child: -7.471807 4.037418 42.000000 20.000000 6.300000 0.000000 -10.000000 0.000000 0.000000 0.000000 0 0 0 1 0 0 0 0
EGO_STATUS -5.250000 53.962582 3.000000 1.570796 9.168344 1.000000 -5.880000
DYNAMIC_OBS_INFO 0 -5.750000 50.453910 1.570796 48.469085 -5.750000 103.316478 19.471655 1.233866
DYNAMIC_OBS_INFO 1 -1.750000 31.489052 1.570796 9.580224 -1.750000 45.931974 12.843925 2.667670
STATIC_OBS_INFO 0 -6.300000 75.896069 21.072273 
STATIC_OBS_INFO 1 -6.300000 63.584780 8.797690 
Parent: 988.141399 10.217552 104.000000 29.063794 10362.800000 -7.618388 -10.000000 3.803933 19.000000 0.000000 0 0 0 1 0 0 0 0
Child: -7.618388 3.150027 33.000000 20.000000 4.950000 0.000000 -10.000000 0.000000 0.000000 0.000000 0 0 0 1 0 0 0 0
EGO_STATUS -5.250000 54.849973 3.100000 1.570796 8.580344 1.000000 -5.880000
DYNAMIC_OBS_INFO 0 -5.750000 50.453910 1.570796 49.593821 -5.750000 105.269813 19.595042 1.233866
DYNAMIC_OBS_INFO 1 -1.750000 31.489052 1.570796 9.145073 -1.750000 47.229705 13.110692 2.667670
STATIC_OBS_INFO 0 -6.300000 75.896069 20.244804 
STATIC_OBS_INFO 1 -6.300000 63.584780 7.975685 
Parent: 988.865225 10.217552 104.000000 29.063369 10362.800000 -7.794587 -10.000000 3.703999 18.000000 0.000000 0 0 0 1 0 0 0 0
Child: -7.794587 2.321487 25.000000 20.000000 3.750000 0.000000 -10.000000 0.000000 0.000000 0.000000 0 0 0 1 0 0 0 0
EGO_STATUS -5.250000 55.678513 3.200000 1.570796 7.992344 1.000000 -5.880000
DYNAMIC_OBS_INFO 0 -5.750000 50.453910 1.570796 50.789714 -5.750000 107.235487 19.718428 1.233866
DYNAMIC_OBS_INFO 1 -1.750000 31.489052 1.570796 8.635228 -1.750000 48.554112 13.377459 2.667670
STATIC_OBS_INFO 0 -6.300000 75.896069 19.476159 
STATIC_OBS_INFO 1 -6.300000 63.584780 7.213375 
Parent: 989.618213 10.217552 104.000000 29.062860 10362.800000 -7.941629 -10.000000 3.604079 17.000000 0.000000 0 0 0 1 0 0 0 0
Child: -7.941629 1.551766 17.000000 20.000000 2.550000 0.000000 -10.000000 0.000000 0.000000 0.000000 0 0 0 1 0 0 0 0
EGO_STATUS -5.250000 56.448234 3.300000 1.570796 7.404344 1.000000 -5.880000
DYNAMIC_OBS_INFO 0 -5.750000 50.453910 1.570796 52.056694 -5.750000 109.213499 19.841815 1.233866
DYNAMIC_OBS_INFO 1 -1.750000 31.489052 1.570796 8.054232 -1.750000 49.905197 13.644226 2.667670
STATIC_OBS_INFO 0 -6.300000 75.896069 18.766260 
STATIC_OBS_INFO 1 -6.300000 63.584780 6.510798 
Parent: 990.267564 10.217552 104.000000 29.062579 10362.800000 -8.192294 -10.000000 3.504123 16.000000 0.000000 0 0 0 1 0 0 0 0
Child: -8.192294 0.840794 10.000000 20.000000 1.500000 0.000000 -10.000000 0.000000 0.000000 0.000000 0 0 0 1 0 0 0 0
EGO_STATUS -5.250000 57.159206 3.400000 1.570796 6.816344 1.000000 -5.880000
DYNAMIC_OBS_INFO 0 -5.750000 50.453910 1.570796 53.394939 -5.750000 111.203850 19.965202 1.233866
DYNAMIC_OBS_INFO 1 -1.750000 31.489052 1.570796 7.407336 -1.750000 51.282958 13.910993 2.667670
STATIC_OBS_INFO 0 -6.300000 75.896069 18.115273 
STATIC_OBS_INFO 1 -6.300000 63.584780 5.868230 
Parent: 989.646542 10.217552 104.000000 29.061727 10362.800000 -8.713366 -10.000000 3.404257 16.000000 0.000000 0 0 0 1 0 0 0 0
Child: -8.713366 0.188748 3.000000 20.000000 0.450000 0.000000 -10.000000 0.000000 0.000000 0.000000 0 0 0 1 0 0 0 0
EGO_STATUS -5.250000 57.811252 3.500000 1.570796 6.228344 1.000000 -5.880000
DYNAMIC_OBS_INFO 0 -5.750000 50.453910 1.570796 54.804188 -5.750000 113.206539 20.088588 1.233866
DYNAMIC_OBS_INFO 1 -1.750000 31.489052 1.570796 6.702939 -1.750000 52.687395 14.177760 2.667670
STATIC_OBS_INFO 0 -6.300000 75.896069 17.522979 
STATIC_OBS_INFO 1 -6.300000 63.584780 5.285696 
Parent: 988.339993 9.812855 100.000000 29.062440 10262.200000 0.000000 -10.000000 3.473365 15.000000 0.000000 0 0 0 1 0 0 0 0
EGO_STATUS -5.248927 58.404642 3.600000 1.563262 5.640344 1.000000 -5.880000
DYNAMIC_OBS_INFO 0 -5.750000 50.453910 1.570796 56.285016 -5.750000 115.221567 20.211975 1.233866
DYNAMIC_OBS_INFO 1 -1.750000 31.489052 1.570796 5.949930 -1.750000 54.118510 14.444527 2.667670
STATIC_OBS_INFO 0 -6.300000 75.896069 16.990416 
STATIC_OBS_INFO 1 -6.300000 63.584780 4.765749 
CRASH -5.237936 58.938880 3.600000
Parent: 934.846622 9.278457 94.000000 29.063975 9658.000000 0.000000 -10.000000 3.665676 15.000000 0.000000 0 0 0 1 0 0 0 0
EGO_STATUS -5.237936 58.938880 3.700000 1.534538 5.052344 1.000000 -5.880000
DYNAMIC_OBS_INFO 0 -5.750000 50.453910 1.570796 57.837731 -5.750000 117.248934 20.335361 1.233866
DYNAMIC_OBS_INFO 1 -1.750000 31.489052 1.570796 5.168275 -1.750000 55.576301 14.711294 2.667670
STATIC_OBS_INFO 0 -6.300000 75.896069 16.518234 
STATIC_OBS_INFO 1 -6.300000 63.584780 4.310640 
CRASH -5.211992 59.413706 3.700000
Parent: 888.560997 8.802875 90.000000 28.732931 9261.000000 0.000000 -10.000000 3.934822 14.000000 0.000000 0 0 0 1 0 0 0 0
EGO_STATUS -5.211992 59.413706 3.800000 1.496801 4.464344 1.000000 -5.880000
DYNAMIC_OBS_INFO 0 -5.750000 50.453910 1.570796 59.462813 -5.750000 119.288640 20.458748 1.233866
DYNAMIC_OBS_INFO 1 -1.750000 31.489052 1.570796 4.402225 -1.750000 57.060769 14.978061 2.667670
STATIC_OBS_INFO 0 -6.300000 75.896069 16.106905 
STATIC_OBS_INFO 1 -6.300000 63.584780 3.921517 
CRASH -5.173239 59.828624 3.800000
Parent: 846.931891 8.386112 85.000000 27.203682 8756.650000 0.000000 -10.000000 4.315682 14.000000 0.000000 0 0 0 1 0 0 0 0
EGO_STATUS -5.173239 59.828624 3.900000 1.458306 3.876344 1.000000 -5.880000
DYNAMIC_OBS_INFO 0 -5.750000 50.453910 1.570796 61.160706 -5.750000 121.340684 20.582135 1.233866
DYNAMIC_OBS_INFO 1 -1.750000 31.489052 1.570796 3.741538 -1.750000 58.571913 15.244828 2.667670
STATIC_OBS_INFO 0 -6.300000 75.896069 15.756651 
STATIC_OBS_INFO 1 -6.300000 63.584780 3.598247 
CRASH -5.126834 60.183153 3.900000
Parent: 812.455868 8.028517 82.000000 25.283403 8458.000000 0.000000 -10.000000 4.868211 13.000000 0.000000 0 0 0 1 0 0 0 0
EGO_STATUS -5.126834 60.183153 4.000000 1.423551 3.288344 1.000000 -5.880000
DYNAMIC_OBS_INFO 0 -5.750000 50.453910 1.570796 62.930008 -5.750000 123.405067 20.705521 1.233866
DYNAMIC_OBS_INFO 1 -1.750000 31.489052 1.570796 3.348974 -1.750000 60.109734 15.511595 2.667670
STATIC_OBS_INFO 0 -6.300000 75.896069 15.465734 
STATIC_OBS_INFO 1 -6.300000 63.584780 3.337654 
CRASH -5.078594 60.478641 4.000000
Parent: 9845.280961 10.000000 101.000000 20.000000 2055.350000 9678.290168 -10.000000 4.510595 33.000000 0.000000 0 0 1 0 0 0 0 0
Child: 9678.290168 10.217552 104.000000 3054.504821 7637.300000 8627.866400 0.000000 0.000000 0.000000 0.000000 1 0 1 0 0 0 0 0
Child: 8627.866400 7.729108 79.000000 80029.046957 8157.250000 0.000000 0.000000 0.000000 0.000000 0.000000 0 0 1 0 0 0 0 8
EGO_STATUS -5.078594 60.478641 4.100000 1.394480 2.700344 1.000000 -5.880000
DYNAMIC_OBS_INFO 0 -5.750000 50.453910 1.570796 64.737078 -5.750000 125.481788 20.828908 1.233866
DYNAMIC_OBS_INFO 1 -1.750000 31.489052 1.570796 3.404930 -1.750000 61.674232 15.778362 2.667670
STATIC_OBS_INFO 0 -6.300000 75.896069 15.200739 
STATIC_OBS_INFO 1 -6.300000 63.584780 3.108738 
CRASH -5.026741 60.748750 4.100000
Parent: 4209.416261 10.000000 101.000000 20.000000 2055.350000 4031.941588 0.000000 4.994475 33.000000 0.000000 0 0 1 0 0 0 0 0
Child: 4031.941588 17.627118 178.000000 30031.638102 10784.200000 0.000000 -10.000000 0.000000 0.000000 0.000000 0 0 1 0 0 0 0 3
EGO_STATUS -5.026741 60.748750 4.200000 1.368590 2.798344 2.000000 0.980000
DYNAMIC_OBS_INFO 0 -5.750000 50.453910 1.570796 66.548487 -5.750000 127.570848 20.952295 1.233866
DYNAMIC_OBS_INFO 1 -1.750000 31.489052 1.570796 3.918252 -1.750000 63.265407 16.045129 2.667670
STATIC_OBS_INFO 0 -6.300000 75.896069 14.928817 
STATIC_OBS_INFO 1 -6.300000 63.584780 2.884806 
CRASH -4.965920 61.026980 4.200000
Parent: 737.096745 7.169910 73.000000 23.598184 7553.050000 0.000000 0.000000 4.933972 12.000000 0.000000 0 0 0 1 0 0 0 0
EGO_STATUS -4.965920 61.026980 4.300000 1.343240 2.896344 2.000000 0.980000
DYNAMIC_OBS_INFO 0 -5.750000 50.453910 1.570796 68.398915 -5.750000 129.672247 21.075681 1.233866
DYNAMIC_OBS_INFO 1 -1.750000 31.489052 1.570796 4.790199 -1.750000 64.883258 16.311896 2.667670
STATIC_OBS_INFO 0 -6.300000 75.896069 14.683956 
STATIC_OBS_INFO 1 -6.300000 63.584780 2.695466 
CRASH -4.904699 61.278556 4.300000
Parent: 1526.057089 10.000000 101.000000 20.000000 2600.750000 1304.965183 -10.000000 3.611708 32.000000 0.000000 0 0 1 0 0 0 0 0
Child: 1304.965183 17.512388 177.000000 3105.604318 10083.850000 0.000000 0.000000 0.000000 0.000000 0.000000 1 0 1 0 1 0 0 0
EGO_STATUS -4.904699 61.278556 4.400000 1.321964 2.308344 1.000000 -5.880000
DYNAMIC_OBS_INFO 0 -5.750000 50.453910 1.570796 70.275408 -5.750000 131.785985 21.199068 1.233866
DYNAMIC_OBS_INFO 1 -1.750000 31.489052 1.570796 5.888355 -1.750000 66.527786 16.578663 2.667670
STATIC_OBS_INFO 0 -6.300000 75.896069 14.453371 
STATIC_OBS_INFO 1 -6.300000 63.584780 2.530686 
CRASH -4.841794 61.516446 4.400000
Parent: 3872.376583 10.000000 101.000000 20.000000 2055.350000 3704.515958 -10.000000 4.380427 32.000000 0.000000 0 0 1 0 0 0 0 0
Child: 3704.515958 10.217552 104.000000 3053.243632 7637.300000 2654.216096 0.000000 0.000000 0.000000 0.000000 1 0 1 0 0 0 0 0
Child: 2654.216096 6.665630 68.000000 20027.913407 7049.300000 0.000000 0.000000 0.000000 0.000000 0.000000 0 0 1 0 0 0 0 2
EGO_STATUS -4.841794 61.516446 4.500000 1.303632 2.602344 0.000000 2.940000
DYNAMIC_OBS_INFO 0 -5.750000 50.453910 1.570796 72.147062 -5.750000 133.912061 21.322454 1.233866
DYNAMIC_OBS_INFO 1 -1.750000 31.489052 1.570796 7.101225 -1.750000 68.198991 16.845430 2.667670
STATIC_OBS_INFO 0 -6.300000 75.896069 14.207095 
STATIC_OBS_INFO 1 -6.300000 63.584780 2.372780 
CRASH -4.769414 61.771663 4.500000
Parent: 2598.608587 6.400327 66.000000 20022.221331 6849.600000 0.000000 0.000000 4.722889 12.000000 0.000000 0 0 0 1 0 0 0 2
EGO_STATUS -4.769414 61.771663 4.600000 1.286208 2.700344 2.000000 0.980000
DYNAMIC_OBS_INFO 0 -5.750000 50.453910 1.570796 74.057328 -5.750000 136.050475 21.445841 1.233866
DYNAMIC_OBS_INFO 1 -1.750000 31.489052 1.570796 8.429583 -1.750000 69.896872 17.112197 2.667670
STATIC_OBS_INFO 0 -6.300000 75.896069 13.987224 
STATIC_OBS_INFO 1 -6.300000 63.584780 2.251117 
CRASH -4.700673 62.000582 4.600000
Parent: 1378.688630 10.217552 104.000000 14.446564 7637.300000 643.287748 0.000000 4.649742 21.000000 0.000000 0 0 0 0 0 0 0 0
Child: 643.287748 6.161291 63.000000 34.550906 6543.150000 0.000000 0.000000 0.000000 0.000000 0.000000 0 0 1 0 0 0 0 0
EGO_STATUS -4.700673 62.000582 4.700000 1.272817 2.112344 1.000000 -5.880000
DYNAMIC_OBS_INFO 0 -5.750000 50.453910 1.570796 75.992795 -5.750000 138.201229 21.569228 1.233866
DYNAMIC_OBS_INFO 1 -1.750000 31.489052 1.570796 9.836750 -1.750000 71.621430 17.378964 2.667670
STATIC_OBS_INFO 0 -6.300000 75.896069 13.780625 
STATIC_OBS_INFO 1 -6.300000 63.584780 2.156553 
CRASH -4.632990 62.216643 4.700000
Parent: 610.997163 5.934860 61.000000 1.205866 6341.350000 0.000000 0.000000 4.912264 11.000000 0.000000 0 0 0 0 0 0 0 0
EGO_STATUS -4.632990 62.216643 4.800000 1.262315 2.406344 0.000000 2.940000
DYNAMIC_OBS_INFO 0 -5.750000 50.453910 1.570796 77.942355 -5.750000 140.364321 21.692614 1.233866
DYNAMIC_OBS_INFO 1 -1.750000 31.489052 1.570796 11.297643 -1.750000 73.372665 17.645731 2.667670
STATIC_OBS_INFO 0 -6.300000 75.896069 13.576566 
STATIC_OBS_INFO 1 -6.300000 63.584780 2.084741 
CRASH -4.563645 62.430995 4.800000
Parent: 1332.528772 10.217552 104.000000 13.205846 7637.300000 597.212172 0.000000 4.687356 21.000000 0.000000 0 0 0 0 0 0 0 0
Child: 597.212172 5.709554 59.000000 33.276268 6138.050000 0.000000 0.000000 0.000000 0.000000 0.000000 0 0 1 0 0 0 0 0
EGO_STATUS -4.563645 62.430995 4.900000 1.254123 2.112344 3.000000 -2.940000
DYNAMIC_OBS_INFO 0 -5.750000 50.453910 1.570796 79.903721 -5.750000 142.539752 21.816001 1.233866
DYNAMIC_OBS_INFO 1 -1.750000 31.489052 1.570796 12.801847 -1.750000 75.150576 17.912498 2.667670
STATIC_OBS_INFO 0 -6.300000 75.896069 13.372864 
STATIC_OBS_INFO 1 -6.300000 63.584780 2.036830 
CRASH -4.492452 62.645927 4.900000
Parent: 564.438301 5.483121 56.000000 0.593703 5830.100000 0.000000 0.000000 4.538361 11.000000 0.000000 0 0 0 0 0 0 0 0
EGO_STATUS -4.492452 62.645927 5.000000 1.248290 2.406344 0.000000 2.940000
DYNAMIC_OBS_INFO 0 -5.750000 50.453910 1.570796 81.878846 -5.750000 144.727521 21.939387 1.233866
DYNAMIC_OBS_INFO 1 -1.750000 31.489052 1.570796 14.346463 -1.750000 76.955164 18.179265 2.667670
STATIC_OBS_INFO 0 -6.300000 75.896069 13.171369 
STATIC_OBS_INFO 1 -6.300000 63.584780 2.014462 
Parent: 531.839022 5.257813 54.000000 0.207671 5626.800000 0.000000 -10.000000 4.954722 11.000000 0.000000 0 0 0 0 0 0 0 0
EGO_STATUS -4.420644 62.859467 5.100000 1.244972 2.112344 3.000000 -2.940000
DYNAMIC_OBS_INFO 0 -5.750000 50.453910 1.570796 83.893692 -5.750000 146.927629 22.062774 1.233866
DYNAMIC_OBS_INFO 1 -1.750000 31.489052 1.570796 15.955473 -1.750000 78.786429 18.446032 2.667670
STATIC_OBS_INFO 0 -6.300000 75.896069 12.996536 
STATIC_OBS_INFO 1 -6.300000 63.584780 2.015798 
Parent: 1267.020438 10.217552 104.000000 10.914621 7637.300000 530.731358 0.000000 4.884939 20.000000 0.000000 0 0 0 0 0 0 0 0
Child: 530.731358 5.061417 52.000000 30.929082 5421.700000 0.000000 0.000000 0.000000 0.000000 0.000000 0 0 1 0 0 0 0 0
EGO_STATUS -4.357679 63.045492 5.200000 1.244130 1.818344 3.000000 -2.940000
DYNAMIC_OBS_INFO 0 -5.750000 50.453910 1.570796 85.920633 -5.750000 149.140076 22.186161 1.233866
DYNAMIC_OBS_INFO 1 -1.750000 31.489052 1.570796 17.597557 -1.750000 80.644371 18.712799 2.667670
STATIC_OBS_INFO 0 -6.300000 75.896069 12.822086 
STATIC_OBS_INFO 1 -6.300000 63.584780 2.036173 
Parent: 502.227681 4.864765 50.000000 0.352782 5217.200000 0.000000 0.000000 4.584332 10.000000 0.000000 0 0 0 0 0 0 0 0
EGO_STATUS -4.294661 63.231769 5.300000 1.245263 2.112344 0.000000 2.940000
DYNAMIC_OBS_INFO 0 -5.750000 50.453910 1.570796 87.960023 -5.750000 151.364861 22.309547 1.233866
DYNAMIC_OBS_INFO 1 -1.750000 31.489052 1.570796 19.271566 -1.750000 82.528989 18.979566 2.667670
STATIC_OBS_INFO 0 -6.300000 75.896069 12.648317 
STATIC_OBS_INFO 1 -6.300000 63.584780 2.074598 
Parent: 1226.528730 10.217552 104.000000 9.870842 7637.300000 490.281150 0.000000 4.945985 20.000000 0.000000 0 0 0 0 0 0 0 0
Child: 490.281150 4.668369 48.000000 29.852812 5011.200000 0.000000 0.000000 0.000000 0.000000 0.000000 0 0 1 0 0 0 0 0
EGO_STATUS -4.232122 63.417936 5.400000 1.248379 1.818344 3.000000 -2.940000
DYNAMIC_OBS_INFO 0 -5.750000 50.453910 1.570796 90.011246 -5.750000 153.601985 22.432934 1.233866
DYNAMIC_OBS_INFO 1 -1.750000 31.489052 1.570796 20.975778 -1.750000 84.440284 19.246333 2.667670
STATIC_OBS_INFO 0 -6.300000 75.896069 12.474610 
STATIC_OBS_INFO 1 -6.300000 63.584780 2.129824 
Parent: 461.430047 4.471717 46.000000 0.694706 4805.500000 0.000000 0.000000 4.213941 10.000000 0.000000 0 0 0 0 0 0 0 0
EGO_STATUS -4.170268 63.604603 5.500000 1.253475 2.112344 0.000000 2.940000
DYNAMIC_OBS_INFO 0 -5.750000 50.453910 1.570796 92.074663 -5.750000 155.851448 22.556320 1.233866
DYNAMIC_OBS_INFO 1 -1.750000 31.489052 1.570796 22.709777 -1.750000 86.378255 19.513100 2.667670
STATIC_OBS_INFO 0 -6.300000 75.896069 12.301251 
STATIC_OBS_INFO 1 -6.300000 63.584780 2.200094 
Parent: 431.629598 4.275321 44.000000 0.671526 4599.200000 0.000000 -10.000000 4.676714 10.000000 0.000000 0 0 0 0 0 0 0 0
EGO_STATUS -4.109630 63.791398 5.600000 1.260508 1.818344 3.000000 -2.940000
DYNAMIC_OBS_INFO 0 -5.750000 50.453910 1.570796 94.178976 -5.750000 158.113249 22.679707 1.233866
DYNAMIC_OBS_INFO 1 -1.750000 31.489052 1.570796 24.502557 -1.750000 88.342904 19.779867 2.667670
STATIC_OBS_INFO 0 -6.300000 75.896069 12.154878 
STATIC_OBS_INFO 1 -6.300000 63.584780 2.269843 
Parent: 1364.165315 10.000000 101.000000 20.000000 2055.350000 1184.077106 0.000000 4.608012 30.000000 0.000000 0 0 1 0 0 0 0 0
Child: 1184.077106 10.217552 104.000000 12.958721 7637.300000 432.472140 0.000000 0.000000 0.000000 0.000000 0 0 0 0 0 0 0 0
Child: 432.472140 4.109534 43.000000 27.911025 4497.250000 0.000000 0.000000 0.000000 0.000000 0.000000 0 0 1 0 0 0 0 0
EGO_STATUS -4.059642 63.949444 5.700000 1.267960 1.524344 3.000000 -2.940000
DYNAMIC_OBS_INFO 0 -5.750000 50.453910 1.570796 96.292948 -5.750000 160.387389 22.803094 1.233866
DYNAMIC_OBS_INFO 1 -1.750000 31.489052 1.570796 26.321296 -1.750000 90.334229 20.046634 2.667670
STATIC_OBS_INFO 0 -6.300000 75.896069 12.006274 
STATIC_OBS_INFO 1 -6.300000 63.584780 2.349245 
Parent: 407.808654 3.941380 41.000000 0.931444 4290.050000 0.000000 0.000000 4.311420 9.000000 0.000000 0 0 0 0 0 0 0 0
EGO_STATUS -4.010255 64.110159 5.800000 1.276836 1.818344 0.000000 2.940000
DYNAMIC_OBS_INFO 0 -5.750000 50.453910 1.570796 98.421026 -5.750000 162.673868 22.926480 1.233866
DYNAMIC_OBS_INFO 1 -1.750000 31.489052 1.570796 28.170231 -1.750000 92.352230 20.313401 2.667670
STATIC_OBS_INFO 0 -6.300000 75.896069 11.859530 
STATIC_OBS_INFO 1 -6.300000 63.584780 2.435050 
Parent: 381.137808 3.775593 39.000000 0.738801 4081.650000 0.000000 -10.000000 4.921442 9.000000 0.000000 0 0 0 0 0 0 0 0
EGO_STATUS -3.963074 64.269065 5.900000 1.286832 1.524344 3.000000 -2.940000
DYNAMIC_OBS_INFO 0 -5.750000 50.453910 1.570796 100.590017 -5.750000 164.972686 23.049867 1.233866
DYNAMIC_OBS_INFO 1 -1.750000 31.489052 1.570796 30.076503 -1.750000 94.396909 20.580168 2.667670
STATIC_OBS_INFO 0 -6.300000 75.896069 11.739445 
STATIC_OBS_INFO 1 -6.300000 63.584780 2.510001 
Parent: 1605.527678 10.000000 101.000000 20.000000 2055.350000 1424.174314 0.000000 4.873166 29.000000 0.000000 0 0 0 1 0 0 0 0
Child: 1424.174314 10.217552 104.000000 3054.735919 7637.300000 383.727841 -10.000000 0.000000 0.000000 0.000000 1 0 1 0 0 0 0 0
Child: 383.727841 3.640192 38.000000 26.338446 3979.400000 0.000000 0.000000 0.000000 0.000000 0.000000 0 0 1 0 0 0 0 0
EGO_STATUS -3.925804 64.399210 6.000000 1.295869 1.230344 3.000000 -2.940000
DYNAMIC_OBS_INFO 0 -5.750000 50.453910 1.570796 102.767304 -5.750000 167.283842 23.173254 1.233866
DYNAMIC_OBS_INFO 1 -1.750000 31.489052 1.570796 32.006410 -1.750000 96.468264 20.846934 2.667670
STATIC_OBS_INFO 0 -6.300000 75.896069 11.615698 
STATIC_OBS_INFO 1 -6.300000 63.584780 2.591122 
Parent: 362.362253 3.500967 37.000000 0.865804 3875.650000 0.000000 0.000000 4.563471 9.000000 0.000000 0 0 0 0 0 0 0 0
EGO_STATUS -3.888767 64.533393 6.100000 1.305920 1.524344 0.000000 2.940000
DYNAMIC_OBS_INFO 0 -5.750000 50.453910 1.570796 104.960206 -5.750000 169.607336 23.296640 1.233866
DYNAMIC_OBS_INFO 1 -1.750000 31.489052 1.570796 33.967273 -1.750000 98.566296 21.113701 2.667670
STATIC_OBS_INFO 0 -6.300000 75.896069 11.495048 
STATIC_OBS_INFO 1 -6.300000 63.584780 2.673524 
Parent: 1576.762458 10.000000 101.000000 20.000000 2055.350000 1395.417762 0.000000 4.864498 29.000000 0.000000 0 0 0 1 0 0 0 0
Child: 1395.417762 10.217552 104.000000 3053.953855 7637.300000 355.048123 -10.000000 0.000000 0.000000 0.000000 1 0 1 0 0 0 0 0
Child: 355.048123 3.365568 35.000000 25.649381 3666.650000 0.000000 0.000000 0.000000 0.000000 0.000000 0 0 1 0 0 0 0 0
EGO_STATUS -3.854092 64.664254 6.200000 1.316379 1.230344 3.000000 -2.940000
DYNAMIC_OBS_INFO 0 -5.750000 50.453910 1.570796 107.161358 -5.750000 171.943170 23.420027 1.233866
DYNAMIC_OBS_INFO 1 -1.750000 31.489052 1.570796 35.951448 -1.750000 100.691004 21.380468 2.667670
STATIC_OBS_INFO 0 -6.300000 75.896069 11.370639 
STATIC_OBS_INFO 1 -6.300000 63.584780 2.761451 
Parent: 333.447316 3.226345 34.000000 0.974027 3563.500000 0.000000 0.000000 4.205503 9.000000 0.000000 0 0 0 0 0 0 0 0
EGO_STATUS -3.819918 64.799194 6.300000 1.327781 1.524344 0.000000 2.940000
DYNAMIC_OBS_INFO 0 -5.750000 50.453910 1.570796 109.378134 -5.750000 174.291342 23.543413 1.233866
DYNAMIC_OBS_INFO 1 -1.750000 31.489052 1.570796 37.966336 -1.750000 102.842389 21.647235 2.667670
STATIC_OBS_INFO 0 -6.300000 75.896069 11.249276 
STATIC_OBS_INFO 1 -6.300000 63.584780 2.849721 
Parent: 310.037375 3.090947 32.000000 0.664061 3354.200000 0.000000 -10.000000 4.984016 9.000000 0.000000 0 0 0 0 0 0 0 0
EGO_STATUS -3.788201 64.930803 6.400000 1.339433 1.230344 3.000000 -2.940000
DYNAMIC_OBS_INFO 0 -5.750000 50.453910 1.570796 111.634662 -5.750000 176.651852 23.666800 1.233866
DYNAMIC_OBS_INFO 1 -1.750000 31.489052 1.570796 40.036299 -1.750000 105.020451 21.914002 2.667670
STATIC_OBS_INFO 0 -6.300000 75.896069 11.153300 
STATIC_OBS_INFO 1 -6.300000 63.584780 2.921094 
Parent: 1537.861189 10.000000 101.000000 20.000000 2055.350000 1355.431062 0.000000 4.949928 28.000000 0.000000 0 0 0 1 0 0 0 0
Child: 1355.431062 10.217552 104.000000 3052.559208 7637.300000 315.198442 -10.000000 0.000000 0.000000 0.000000 1 0 1 0 0 0 0 0
Child: 315.198442 2.984167 31.000000 24.481023 3249.850000 0.000000 0.000000 0.000000 0.000000 0.000000 0 0 1 0 0 0 0 0
EGO_STATUS -3.764240 65.034853 6.500000 1.348958 0.936344 3.000000 -2.940000
DYNAMIC_OBS_INFO 0 -5.750000 50.453910 1.570796 113.901091 -5.750000 179.024702 23.790187 1.233866
DYNAMIC_OBS_INFO 1 -1.750000 31.489052 1.570796 42.130920 -1.750000 107.225190 22.180769 2.667670
STATIC_OBS_INFO 0 -6.300000 75.896069 11.055033 
STATIC_OBS_INFO 1 -6.300000 63.584780 2.995371 
Parent: 298.161445 2.875136 30.000000 0.703351 3145.500000 0.000000 0.000000 4.636030 8.000000 0.000000 0 0 0 0 0 1 0 0
EGO_STATUS -3.740822 65.141332 6.600000 1.358968 1.230344 0.000000 2.940000
DYNAMIC_OBS_INFO 0 -5.750000 50.453910 1.570796 116.167361 -5.750000 181.409890 23.913573 1.233866
DYNAMIC_OBS_INFO 1 -1.750000 31.489052 1.570796 44.239975 -1.750000 109.456605 22.447536 2.667670
STATIC_OBS_INFO 0 -6.300000 75.896069 10.945124 
STATIC_OBS_INFO 1 -6.300000 63.584780 3.079681 
Parent: 275.417137 2.753561 29.000000 0.690221 3041.750000 0.000000 -10.000000 4.536266 8.000000 0.000000 0 0 0 0 0 1 0 0
EGO_STATUS -3.716022 65.260337 6.700000 1.370424 1.204021 7.000000 -0.263230
DYNAMIC_OBS_INFO 0 -5.750000 50.453910 1.570796 118.448236 -5.750000 183.807416 24.036960 1.233866
DYNAMIC_OBS_INFO 1 -1.750000 31.489052 1.570796 46.378378 -1.750000 111.714697 22.714303 2.667670
STATIC_OBS_INFO 0 -6.300000 75.896069 10.837247 
STATIC_OBS_INFO 1 -6.300000 63.584780 3.163571 
Parent: 262.917732 2.634613 28.000000 0.672804 2937.700000 0.000000 -10.000000 4.436498 8.000000 0.000000 0 0 0 0 0 1 0 0
EGO_STATUS -3.693090 65.377041 6.800000 1.381873 1.177699 7.000000 -0.263217
DYNAMIC_OBS_INFO 0 -5.750000 50.453910 1.570796 120.743744 -5.750000 186.217281 24.160346 1.233866
DYNAMIC_OBS_INFO 1 -1.750000 31.489052 1.570796 48.546106 -1.750000 113.999466 22.981070 2.667670
STATIC_OBS_INFO 0 -6.300000 75.896069 10.731416 
STATIC_OBS_INFO 1 -6.300000 63.584780 3.246825 
Parent: 250.635906 2.518288 27.000000 0.651692 2833.050000 0.000000 -10.000000 4.336721 8.000000 0.000000 0 0 0 0 0 1 0 0
EGO_STATUS -3.671961 65.491421 6.900000 1.393245 1.151379 7.000000 -0.263203
DYNAMIC_OBS_INFO 0 -5.750000 50.453910 1.570796 123.053912 -5.750000 188.639485 24.283733 1.233866
DYNAMIC_OBS_INFO 1 -1.750000 31.489052 1.570796 50.743142 -1.750000 116.310911 23.247837 2.667670
STATIC_OBS_INFO 0 -6.300000 75.896069 10.627649 
STATIC_OBS_INFO 1 -6.300000 63.584780 3.329254 
Parent: 238.628421 2.404585 26.000000 0.627462 2728.400000 0.000000 -10.000000 4.236930 8.000000 0.000000 0 0 0 0 0 1 0 0
EGO_STATUS -3.652566 65.603450 7.000000 1.404478 1.125060 7.000000 -0.263189
DYNAMIC_OBS_INFO 0 -5.750000 50.453910 1.570796 125.378768 -5.750000 191.074028 24.407120 1.233866
DYNAMIC_OBS_INFO 1 -1.750000 31.489052 1.570796 52.969475 -1.750000 118.649033 23.514604 2.667670
STATIC_OBS_INFO 0 -6.300000 75.896069 10.525964 
STATIC_OBS_INFO 1 -6.300000 63.584780 3.410703 
Parent: 226.868656 2.293500 24.000000 0.600666 2518.500000 0.000000 -10.000000 4.137119 8.000000 0.000000 0 0 0 0 0 1 0 0
EGO_STATUS -3.634830 65.713103 7.100000 1.415517 1.098742 7.000000 -0.263176
DYNAMIC_OBS_INFO 0 -5.750000 50.453910 1.570796 127.718335 -5.750000 193.520909 24.530506 1.233866
DYNAMIC_OBS_INFO 1 -1.750000 31.489052 1.570796 55.225097 -1.750000 121.013832 23.781371 2.667670
STATIC_OBS_INFO 0 -6.300000 75.896069 10.426382 
STATIC_OBS_INFO 1 -6.300000 63.584780 3.491037 
Parent: 215.410389 2.185029 23.000000 0.571834 2413.850000 0.000000 -10.000000 4.037281 8.000000 0.000000 0 0 0 0 0 1 0 0
EGO_STATUS -3.618672 65.820359 7.200000 1.426310 1.072426 7.000000 -0.263164
DYNAMIC_OBS_INFO 0 -5.750000 50.453910 1.570796 130.072637 -5.750000 195.980129 24.653893 1.233866
DYNAMIC_OBS_INFO 1 -1.750000 31.489052 1.570796 57.510004 -1.750000 123.405308 24.048138 2.667670
STATIC_OBS_INFO 0 -6.300000 75.896069 10.328925 
STATIC_OBS_INFO 1 -6.300000 63.584780 3.570144 
Parent: 204.225646 2.079168 22.000000 0.541464 2309.200000 0.000000 -10.000000 3.937406 8.000000 0.000000 0 0 0 0 0 1 0 0
EGO_STATUS -3.604008 65.925196 7.300000 1.436814 1.046111 7.000000 -0.263154
DYNAMIC_OBS_INFO 0 -5.750000 50.453910 1.570796 132.441696 -5.750000 198.451688 24.777279 1.233866
DYNAMIC_OBS_INFO 1 -1.750000 31.489052 1.570796 59.824191 -1.750000 125.823460 24.314905 2.667670
STATIC_OBS_INFO 0 -6.300000 75.896069 10.233612 
STATIC_OBS_INFO 1 -6.300000 63.584780 3.647928 
Parent: 194.314047 1.975913 21.000000 0.510021 2204.550000 0.000000 -10.000000 3.837485 7.000000 0.000000 0 0 0 0 0 1 0 0
EGO_STATUS -3.590751 66.027595 7.400000 1.446988 1.019796 7.000000 -0.263145
DYNAMIC_OBS_INFO 0 -5.750000 50.453910 1.570796 134.825530 -5.750000 200.935585 24.900666 1.233866
DYNAMIC_OBS_INFO 1 -1.750000 31.489052 1.570796 62.167656 -1.750000 128.268289 24.581672 2.667670
STATIC_OBS_INFO 0 -6.300000 75.896069 10.140466 
STATIC_OBS_INFO 1 -6.300000 63.584780 3.724308 
Parent: 183.647025 1.875259 20.000000 0.477935 2099.600000 0.000000 -10.000000 3.737504 7.000000 0.000000 0 0 0 0 0 1 0 0
EGO_STATUS -3.578814 66.127538 7.500000 1.456801 0.993482 7.000000 -0.263140
DYNAMIC_OBS_INFO 0 -5.750000 50.453910 1.570796 137.224209 -5.750000 203.431821 25.024053 1.233866
DYNAMIC_OBS_INFO 1 -1.750000 31.489052 1.570796 64.540449 -1.750000 130.739794 24.848439 2.667670
STATIC_OBS_INFO 0 -6.300000 75.896069 10.049550 
STATIC_OBS_INFO 1 -6.300000 63.584780 3.799163 
Parent: 173.258130 1.777254 19.000000 0.445567 1994.650000 0.000000 -10.000000 3.637559 7.000000 0.000000 0 0 0 0 0 1 0 0
EGO_STATUS -3.568134 66.224959 7.600000 1.466217 0.967168 7.000000 -0.263139
DYNAMIC_OBS_INFO 0 -5.750000 50.453910 1.570796 139.637772 -5.750000 205.940396 25.147439 1.233866
DYNAMIC_OBS_INFO 1 -1.750000 31.489052 1.570796 66.942593 -1.750000 133.237976 25.115206 2.667670
STATIC_OBS_INFO 0 -6.300000 75.896069 9.960907 
STATIC_OBS_INFO 1 -6.300000 63.584780 3.872410 
Parent: 163.149486 1.681916 18.000000 0.413269 1889.700000 0.000000 -10.000000 3.537693 7.000000 0.000000 0 0 0 0 0 1 0 0
EGO_STATUS -3.558630 66.319820 7.700000 1.475208 0.940855 7.000000 -0.263135
DYNAMIC_OBS_INFO 0 -5.750000 50.453910 1.570796 142.066240 -5.750000 208.461309 25.270826 1.233866
DYNAMIC_OBS_INFO 1 -1.750000 31.489052 1.570796 69.374095 -1.750000 135.762835 25.381973 2.667670
STATIC_OBS_INFO 0 -6.300000 75.896069 9.874562 
STATIC_OBS_INFO 1 -6.300000 63.584780 3.943994 
Parent: 153.321386 1.589249 17.000000 0.381363 1784.750000 0.000000 -10.000000 3.437916 7.000000 0.000000 0 0 0 0 0 1 0 0
EGO_STATUS -3.550211 66.412102 7.800000 1.483754 0.914542 7.000000 -0.263125
DYNAMIC_OBS_INFO 0 -5.750000 50.453910 1.570796 144.509632 -5.750000 210.994561 25.394213 1.233866
DYNAMIC_OBS_INFO 1 -1.750000 31.489052 1.570796 71.834959 -1.750000 138.314371 25.648740 2.667670
STATIC_OBS_INFO 0 -6.300000 75.896069 9.790544 
STATIC_OBS_INFO 1 -6.300000 63.584780 4.013868 
Parent: 143.774137 1.499256 16.000000 0.350125 1679.800000 0.000000 -10.000000 3.338239 7.000000 0.000000 0 0 0 0 0 1 0 0
EGO_STATUS -3.542791 66.501787 7.900000 1.491842 0.888231 7.000000 -0.263108
DYNAMIC_OBS_INFO 0 -5.750000 50.453910 1.570796 146.967965 -5.750000 213.540152 25.517599 1.233866
DYNAMIC_OBS_INFO 1 -1.750000 31.489052 1.570796 74.325192 -1.750000 140.892583 25.915507 2.667670
STATIC_OBS_INFO 0 -6.300000 75.896069 9.708876 
STATIC_OBS_INFO 1 -6.300000 63.584780 4.081988 
Parent: 134.529118 1.411937 16.000000 0.319790 1680.100000 0.000000 -10.000000 3.238673 7.000000 0.000000 0 0 0 0 0 1 0 0
EGO_STATUS -3.536284 66.588860 8.000000 1.499461 0.861923 7.000000 -0.263082
DYNAMIC_OBS_INFO 0 -5.750000 50.453910 1.570796 149.441255 -5.750000 216.098081 25.640986 1.233866
DYNAMIC_OBS_INFO 1 -1.750000 31.489052 1.570796 76.844798 -1.750000 143.497472 26.182274 2.667670
STATIC_OBS_INFO 0 -6.300000 75.896069 9.629584 
STATIC_OBS_INFO 1 -6.300000 63.584780 4.148317 
Parent: 125.544396 1.327297 15.000000 0.290548 1575.150000 0.000000 -10.000000 3.139233 7.000000 0.000000 0 0 0 0 0 1 0 0
EGO_STATUS -3.530608 66.673307 8.100000 1.506607 0.835619 7.000000 -0.263047
DYNAMIC_OBS_INFO 0 -5.750000 50.453910 1.570796 151.929517 -5.750000 218.668349 25.764372 1.233866
DYNAMIC_OBS_INFO 1 -1.750000 31.489052 1.570796 79.393782 -1.750000 146.129038 26.449041 2.667670
STATIC_OBS_INFO 0 -6.300000 75.896069 9.552689 
STATIC_OBS_INFO 1 -6.300000 63.584780 4.212821 
Parent: 116.841548 1.245338 14.000000 0.262556 1470.200000 0.000000 -10.000000 3.039936 7.000000 0.000000 0 0 0 0 0 1 0 0
EGO_STATUS -3.525683 66.755115 8.200000 1.513278 0.809319 7.000000 -0.263000
DYNAMIC_OBS_INFO 0 -5.750000 50.453910 1.570796 154.432762 -5.750000 221.250955 25.887759 1.233866
DYNAMIC_OBS_INFO 1 -1.750000 31.489052 1.570796 81.972149 -1.750000 148.787280 26.715808 2.667670
STATIC_OBS_INFO 0 -6.300000 75.896069 9.478214 
STATIC_OBS_INFO 1 -6.300000 63.584780 4.275469 
Parent: 108.394050 1.166063 13.000000 0.235934 1364.950000 0.000000 -10.000000 2.940798 7.000000 0.000000 0 0 0 0 0 1 0 0
EGO_STATUS -3.521436 66.834274 8.300000 1.519475 0.783025 7.000000 -0.262939
DYNAMIC_OBS_INFO 0 -5.750000 50.453910 1.570796 156.951001 -5.750000 223.845900 26.011146 1.233866
DYNAMIC_OBS_INFO 1 -1.750000 31.489052 1.570796 84.579902 -1.750000 151.472200 26.982575 2.667670
STATIC_OBS_INFO 0 -6.300000 75.896069 9.406180 
STATIC_OBS_INFO 1 -6.300000 63.584780 4.336232 
Parent: 100.255817 1.089475 12.000000 0.210779 1260.000000 0.000000 -10.000000 2.841842 7.000000 0.000000 0 0 0 0 0 1 0 0
EGO_STATUS -3.517793 66.910773 8.400000 1.525205 0.756738 7.000000 -0.262862
DYNAMIC_OBS_INFO 0 -5.750000 50.453910 1.570796 159.484246 -5.750000 226.453184 26.134532 1.233866
DYNAMIC_OBS_INFO 1 -1.750000 31.489052 1.570796 87.217046 -1.750000 154.183795 27.249342 2.667670
STATIC_OBS_INFO 0 -6.300000 75.896069 9.336604 
STATIC_OBS_INFO 1 -6.300000 63.584780 4.395084 
Parent: 92.419937 1.015577 12.000000 0.187161 1260.300000 0.000000 -10.000000 2.743092 7.000000 0.000000 0 0 0 0 0 1 0 0
EGO_STATUS -3.514688 66.984604 8.500000 1.530474 0.730462 7.000000 -0.262766
DYNAMIC_OBS_INFO 0 -5.750000 50.453910 1.570796 162.032506 -5.750000 229.072807 26.257919 1.233866
DYNAMIC_OBS_INFO 1 -1.750000 31.489052 1.570796 89.883585 -1.750000 156.922068 27.516109 2.667670
STATIC_OBS_INFO 0 -6.300000 75.896069 9.269506 
STATIC_OBS_INFO 1 -6.300000 63.584780 4.451999 
Parent: 85.822335 0.944374 11.000000 0.165130 1155.050000 0.000000 -10.000000 2.644575 6.000000 0.000000 0 0 0 0 0 1 0 0
EGO_STATUS -3.512059 67.055756 8.600000 1.535294 0.704197 7.000000 -0.262646
DYNAMIC_OBS_INFO 0 -5.750000 50.453910 1.570796 164.595789 -5.750000 231.704768 26.381305 1.233866
DYNAMIC_OBS_INFO 1 -1.750000 31.489052 1.570796 92.579521 -1.750000 159.687017 27.782876 2.667670
STATIC_OBS_INFO 0 -6.300000 75.896069 9.204902 
STATIC_OBS_INFO 1 -6.300000 63.584780 4.506953 
Parent: 78.534037 0.875869 10.000000 0.144718 1050.100000 0.000000 -10.000000 2.546326 6.000000 0.000000 0 0 0 0 0 0 0 0
EGO_STATUS -3.509846 67.124224 8.700000 1.539677 0.677947 7.000000 -0.262499
DYNAMIC_OBS_INFO 0 -5.750000 50.453910 1.570796 167.174103 -5.750000 234.349068 26.504692 1.233866
DYNAMIC_OBS_INFO 1 -1.750000 31.489052 1.570796 95.304859 -1.750000 162.478643 28.049643 2.667670
STATIC_OBS_INFO 0 -6.300000 75.896069 9.142808 
STATIC_OBS_INFO 1 -6.300000 63.584780 4.559922 
Parent: 71.548011 0.810067 10.000000 0.125939 1050.400000 0.000000 -10.000000 2.448384 6.000000 0.000000 0 0 0 0 0 1 0 0
EGO_STATUS -3.507997 67.189999 8.800000 1.543640 0.651716 7.000000 -0.262318
DYNAMIC_OBS_INFO 0 -5.750000 50.453910 1.570796 169.767457 -5.750000 237.005707 26.628079 1.233866
DYNAMIC_OBS_INFO 1 -1.750000 31.489052 1.570796 98.059603 -1.750000 165.296946 28.316410 2.667670
STATIC_OBS_INFO 0 -6.300000 75.896069 9.083238 
STATIC_OBS_INFO 1 -6.300000 63.584780 4.610883 
Parent: 64.804287 0.746972 9.000000 0.108793 945.150000 0.000000 -10.000000 2.350794 6.000000 0.000000 0 0 0 0 0 0 0 0
EGO_STATUS -3.506462 67.253075 8.900000 1.547199 0.625506 7.000000 -0.262098
DYNAMIC_OBS_INFO 0 -5.750000 50.453910 1.570796 172.375857 -5.750000 239.674684 26.751465 1.233866
DYNAMIC_OBS_INFO 1 -1.750000 31.489052 1.570796 100.843757 -1.750000 168.141925 28.583177 2.667670
STATIC_OBS_INFO 0 -6.300000 75.896069 9.026206 
STATIC_OBS_INFO 1 -6.300000 63.584780 4.659814 
Parent: 58.370566 0.686588 8.000000 0.093264 840.200000 0.000000 -10.000000 2.253611 6.000000 0.000000 0 0 0 0 0 0 0 0
EGO_STATUS -3.505196 67.313444 9.000000 1.550375 0.599323 7.000000 -0.261829
DYNAMIC_OBS_INFO 0 -5.750000 50.453910 1.570796 174.999312 -5.750000 242.356000 26.874852 1.233866
DYNAMIC_OBS_INFO 1 -1.750000 31.489052 1.570796 103.657325 -1.750000 171.013581 28.849944 2.667670
STATIC_OBS_INFO 0 -6.300000 75.896069 8.971724 
STATIC_OBS_INFO 1 -6.300000 63.584780 4.706691 
Parent: 52.215783 0.628923 8.000000 0.079320 840.200000 0.000000 -10.000000 2.156901 6.000000 0.000000 0 0 0 0 0 0 0 0
EGO_STATUS -3.504159 67.371099 9.100000 1.553189 0.573173 7.000000 -0.261502
DYNAMIC_OBS_INFO 0 -5.750000 50.453910 1.570796 177.637828 -5.750000 245.049654 26.998238 1.233866
DYNAMIC_OBS_INFO 1 -1.750000 31.489052 1.570796 106.500313 -1.750000 173.911914 29.116711 2.667670
STATIC_OBS_INFO 0 -6.300000 75.896069 8.919806 
STATIC_OBS_INFO 1 -6.300000 63.584780 4.751492 
Parent: 46.354799 0.573982 7.000000 0.066915 735.250000 0.000000 -10.000000 2.060744 6.000000 0.000000 0 0 0 0 0 0 0 0
EGO_STATUS -3.503315 67.426034 9.200000 1.555665 0.547062 7.000000 -0.261103
DYNAMIC_OBS_INFO 0 -5.750000 50.453910 1.570796 180.291415 -5.750000 247.755647 27.121625 1.233866
DYNAMIC_OBS_INFO 1 -1.750000 31.489052 1.570796 109.372727 -1.750000 176.836923 29.383477 2.667670
STATIC_OBS_INFO 0 -6.300000 75.896069 8.870463 
STATIC_OBS_INFO 1 -6.300000 63.584780 4.794193 
Parent: 40.773985 0.521771 7.000000 0.055985 735.250000 0.000000 -10.000000 1.965235 6.000000 0.000000 0 0 0 0 0 0 0 0
EGO_STATUS -3.502634 67.478240 9.300000 1.557828 0.521001 7.000000 -0.260616
DYNAMIC_OBS_INFO 0 -5.750000 50.453910 1.570796 182.960080 -5.750000 250.473979 27.245012 1.233866
DYNAMIC_OBS_INFO 1 -1.750000 31.489052 1.570796 112.274572 -1.750000 179.788609 29.650244 2.667670
STATIC_OBS_INFO 0 -6.300000 75.896069 8.823706 
STATIC_OBS_INFO 1 -6.300000 63.584780 4.834771 
Parent: 35.489107 0.472299 6.000000 0.046454 630.300000 0.000000 -10.000000 1.870493 6.000000 0.000000 0 0 0 0 0 0 0 0
EGO_STATUS -3.502086 67.527709 9.400000 1.559703 0.494999 7.000000 -0.260020
DYNAMIC_OBS_INFO 0 -5.750000 50.453910 1.570796 185.643833 -5.750000 253.204650 27.368398 1.233866
DYNAMIC_OBS_INFO 1 -1.750000 31.489052 1.570796 115.205857 -1.750000 182.766972 29.917011 2.667670
STATIC_OBS_INFO 0 -6.300000 75.896069 8.779546 
STATIC_OBS_INFO 1 -6.300000 63.584780 4.873202 
Parent: 30.485825 0.425573 6.000000 0.038232 630.300000 0.000000 -10.000000 1.776663 6.000000 0.000000 0 0 0 0 0 0 0 0
EGO_STATUS -3.501648 67.574432 9.500000 1.561317 0.469070 7.000000 -0.259289
DYNAMIC_OBS_INFO 0 -5.750000 50.453910 1.570796 188.342684 -5.750000 255.947659 27.491785 1.233866
DYNAMIC_OBS_INFO 1 -1.750000 31.489052 1.570796 118.166591 -1.750000 185.772011 30.183778 2.667670
STATIC_OBS_INFO 0 -6.300000 75.896069 8.737994 
STATIC_OBS_INFO 1 -6.300000 63.584780 4.909461 
Parent: 25.758574 0.381604 5.000000 0.031215 525.050000 0.000000 -10.000000 1.683928 6.000000 0.000000 0 0 0 0 0 0 0 0
EGO_STATUS -3.501300 67.618399 9.600000 1.562696 0.443231 7.000000 -0.258389
DYNAMIC_OBS_INFO 0 -5.750000 50.453910 1.570796 191.056645 -5.750000 258.703007 27.615172 1.233866
DYNAMIC_OBS_INFO 1 -1.750000 31.489052 1.570796 121.156783 -1.750000 188.803728 30.450545 2.667670
STATIC_OBS_INFO 0 -6.300000 75.896069 8.699063 
STATIC_OBS_INFO 1 -6.300000 63.584780 4.943522 
Parent: 21.360407 0.340403 5.000000 0.025291 525.350000 0.000000 -10.000000 1.592516 6.000000 0.000000 0 0 0 0 0 0 0 0
EGO_STATUS -3.501025 67.659599 9.700000 1.563867 0.417504 7.000000 -0.257274
DYNAMIC_OBS_INFO 0 -5.750000 50.453910 1.570796 193.785728 -5.750000 261.470693 27.738558 1.233866
DYNAMIC_OBS_INFO 1 -1.750000 31.489052 1.570796 124.176445 -1.750000 191.862121 30.717312 2.667670
STATIC_OBS_INFO 0 -6.300000 75.896069 8.662766 
STATIC_OBS_INFO 1 -6.300000 63.584780 4.975360 
Parent: 17.233294 0.301983 5.000000 0.020345 525.350000 0.000000 -10.000000 1.502720 6.000000 0.000000 0 0 0 0 0 0 0 0
EGO_STATUS -3.500808 67.698019 9.800000 1.564855 0.391915 7.000000 -0.255887
DYNAMIC_OBS_INFO 0 -5.750000 50.453910 1.570796 196.529948 -5.750000 264.250718 27.861945 1.233866
DYNAMIC_OBS_INFO 1 -1.750000 31.489052 1.570796 127.225593 -1.750000 194.947190 30.984079 2.667670
STATIC_OBS_INFO 0 -6.300000 75.896069 8.629116 
STATIC_OBS_INFO 1 -6.300000 63.584780 5.004947 
Parent: 13.390293 0.266358 4.000000 0.016256 420.100000 0.000000 -10.000000 1.414918 6.000000 0.000000 0 0 0 0 0 0 0 0
EGO_STATUS -3.500638 67.733643 9.900000 1.565684 0.366500 7.000000 -0.254149
DYNAMIC_OBS_INFO 0 -5.750000 50.453910 1.570796 199.289325 -5.750000 267.043082 27.985331 1.233866
DYNAMIC_OBS_INFO 1 -1.750000 31.489052 1.570796 130.304242 -1.750000 198.058936 31.250846 2.667670
STATIC_OBS_INFO 0 -6.300000 75.896069 8.598129 
STATIC_OBS_INFO 1 -6.300000 63.584780 5.032252 
Parent: 9.841211 0.233548 4.000000 0.012781 419.800000 0.000000 -10.000000 1.329605 6.000000 0.000000 0 0 0 0 0 0 0 0
EGO_STATUS -3.500506 67.766453 10.000000 1.566400 0.341304 7.000000 -0.251958
DYNAMIC_OBS_INFO 0 -5.750000 50.453910 1.570796 202.063881 -5.750000 269.847784 28.108718 1.233866
DYNAMIC_OBS_INFO 1 -1.750000 31.489052 1.570796 133.412416 -1.750000 201.197359 31.517613 2.667670
STATIC_OBS_INFO 0 -6.300000 75.896069 8.569828 
STATIC_OBS_INFO 1 -6.300000 63.584780 5.057244 
Parent: 6.643579 0.203574 4.000000 0.009912 420.400000 0.000000 -10.000000 1.247441 6.000000 0.000000 0 0 0 0 0 0 0 0
EGO_STATUS -3.500403 67.796426 10.100000 1.566973 0.316387 7.000000 -0.249175
DYNAMIC_OBS_INFO 0 -5.750000 50.453910 1.570796 204.853644 -5.750000 272.664826 28.232105 1.233866
DYNAMIC_OBS_INFO 1 -1.750000 31.489052 1.570796 136.550143 -1.750000 204.362459 31.784380 2.667670
STATIC_OBS_INFO 0 -6.300000 75.896069 8.544238 
STATIC_OBS_INFO 1 -6.300000 63.584780 5.079886 
Parent: 3.707486 0.176466 3.000000 0.007814 315.150000 0.000000 -10.000000 1.169321 6.000000 0.000000 0 0 0 0 0 0 0 0
EGO_STATUS -3.500322 67.823535 10.200000 1.567430 0.291826 7.000000 -0.245612
DYNAMIC_OBS_INFO 0 -5.750000 50.453910 1.570796 207.658654 -5.750000 275.494205 28.355491 1.233866
DYNAMIC_OBS_INFO 1 -1.750000 31.489052 1.570796 139.717460 -1.750000 207.554235 32.051147 2.667670
STATIC_OBS_INFO 0 -6.300000 75.896069 8.521395 
STATIC_OBS_INFO 1 -6.300000 63.584780 5.100134 
Parent: 1.091938 0.152262 3.000000 0.006453 315.150000 0.000000 -10.000000 1.096498 6.000000 0.000000 0 0 0 0 0 0 0 0
EGO_STATUS -3.500259 67.847738 10.300000 1.567805 0.267724 7.000000 -0.241016
DYNAMIC_OBS_INFO 0 -5.750000 50.453910 1.570796 210.478971 -5.750000 278.335924 28.478878 1.233866
DYNAMIC_OBS_INFO 1 -1.750000 31.489052 1.570796 142.914428 -1.750000 210.772688 32.317914 2.667670
STATIC_OBS_INFO 0 -6.300000 75.896069 8.501354 
STATIC_OBS_INFO 1 -6.300000 63.584780 5.117926 
Parent: -1.218129 0.131023 3.000000 0.005737 314.850000 0.000000 -10.000000 1.030784 6.000000 0.000000 0 0 0 0 0 0 0 0
EGO_STATUS -3.500212 67.868977 10.400000 1.568122 0.244220 7.000000 -0.235043
DYNAMIC_OBS_INFO 0 -5.750000 50.453910 1.570796 213.314699 -5.750000 281.189981 28.602264 1.233866
DYNAMIC_OBS_INFO 1 -1.750000 31.489052 1.570796 146.141152 -1.750000 214.017818 32.584681 2.667670
STATIC_OBS_INFO 0 -6.300000 75.896069 8.484212 
STATIC_OBS_INFO 1 -6.300000 63.584780 5.133163 
Parent: -3.180777 0.112854 3.000000 0.005635 314.850000 0.000000 -10.000000 0.974992 6.000000 0.000000 0 0 0 0 0 0 0 0
EGO_STATUS -3.500177 67.887146 10.500000 1.568404 0.221497 7.000000 -0.227225
DYNAMIC_OBS_INFO 0 -5.750000 50.453910 1.570796 216.166097 -5.750000 284.056377 28.725651 1.233866
DYNAMIC_OBS_INFO 1 -1.750000 31.489052 1.570796 149.397888 -1.750000 217.289625 32.851448 2.667670
STATIC_OBS_INFO 0 -6.300000 75.896069 8.470210 
STATIC_OBS_INFO 1 -6.300000 63.584780 5.145621 
Parent: -4.779055 0.098012 2.000000 0.005722 209.900000 0.000000 -10.000000 0.934314 6.000000 0.000000 0 0 0 0 0 0 0 0
EGO_STATUS -3.500156 67.901988 10.600000 1.568684 0.199805 7.000000 -0.216922
DYNAMIC_OBS_INFO 0 -5.750000 50.453910 1.570796 219.034188 -5.750000 286.935111 28.849038 1.233866
DYNAMIC_OBS_INFO 1 -1.750000 31.489052 1.570796 152.685660 -1.750000 220.588108 33.118215 2.667670
STATIC_OBS_INFO 0 -6.300000 75.896069 8.460314 
STATIC_OBS_INFO 1 -6.300000 63.584780 5.154432 
Parent: -5.890661 0.087522 2.000000 0.004123 209.900000 0.000000 -10.000000 0.923760 6.000000 0.000000 0 0 0 0 0 0 0 0
EGO_STATUS -3.500145 67.912478 10.700000 1.568910 0.179490 7.000000 -0.203149
DYNAMIC_OBS_INFO 0 -5.750000 50.453910 1.570796 221.915637 -5.750000 289.826184 28.972424 1.233866
DYNAMIC_OBS_INFO 1 -1.750000 31.489052 1.570796 156.001132 -1.750000 223.913268 33.384982 2.667670
STATIC_OBS_INFO 0 -6.300000 75.896069 8.451377 
STATIC_OBS_INFO 1 -6.300000 63.584780 5.162394 
Parent: -6.896760 0.078047 2.000000 0.002963 209.900000 0.000000 -10.000000 0.912074 6.000000 0.000000 0 0 0 0 0 0 0 0
EGO_STATUS -3.500136 67.921953 10.800000 1.569114 0.161142 7.000000 -0.183478
DYNAMIC_OBS_INFO 0 -5.750000 50.453910 1.570796 224.810344 -5.750000 292.729596 29.095811 1.233866
DYNAMIC_OBS_INFO 1 -1.750000 31.489052 1.570796 159.344206 -1.750000 227.265104 33.651749 2.667670
STATIC_OBS_INFO 0 -6.300000 75.896069 8.443306 
STATIC_OBS_INFO 1 -6.300000 63.584780 5.169589 
Parent: -7.807808 0.069490 2.000000 0.002124 209.900000 0.000000 -10.000000 0.899135 6.000000 0.000000 0 0 0 0 0 0 0 0
EGO_STATUS -3.500129 67.930510 10.900000 1.569299 0.144571 7.000000 -0.165713
DYNAMIC_OBS_INFO 0 -5.750000 50.453910 1.570796 227.718223 -5.750000 295.645346 29.219197 1.233866
DYNAMIC_OBS_INFO 1 -1.750000 31.489052 1.570796 162.714791 -1.750000 230.643617 33.918516 2.667670
STATIC_OBS_INFO 0 -6.300000 75.896069 8.436017 
STATIC_OBS_INFO 1 -6.300000 63.584780 5.176091 
Parent: -8.633271 0.061762 2.000000 0.001517 209.900000 0.000000 -10.000000 0.884809 6.000000 0.000000 0 0 0 0 0 0 0 0
EGO_STATUS -3.500123 67.938239 11.000000 1.569465 0.129604 7.000000 -0.149667
DYNAMIC_OBS_INFO 0 -5.750000 50.453910 1.570796 230.639191 -5.750000 298.573436 29.342584 1.233866
DYNAMIC_OBS_INFO 1 -1.750000 31.489052 1.570796 166.112808 -1.750000 234.048807 34.185283 2.667670
STATIC_OBS_INFO 0 -6.300000 75.896069 8.429434 
STATIC_OBS_INFO 1 -6.300000 63.584780 5.181966 
Parent: -8.833908 0.054781 2.000000 20.001080 209.900000 0.000000 -10.000000 0.868947 6.000000 0.000000 0 0 0 0 1 0 0 0
EGO_STATUS -3.500118 67.945219 11.100000 1.569616 0.116087 7.000000 -0.135175
DYNAMIC_OBS_INFO 0 -5.750000 50.453910 1.570796 233.573176 -5.750000 301.513863 29.465971 1.233866
DYNAMIC_OBS_INFO 1 -1.750000 31.489052 1.570796 169.538184 -1.750000 237.480674 34.452050 2.667670
STATIC_OBS_INFO 0 -6.300000 75.896069 8.423489 
STATIC_OBS_INFO 1 -6.300000 63.584780 5.187274 
Parent: -9.576162 0.048477 2.000000 20.000765 209.900000 0.000000 -10.000000 0.851385 6.000000 0.000000 0 0 0 0 1 0 0 0
EGO_STATUS -3.500114 67.951523 11.200000 1.569751 0.103878 7.000000 -0.122087
DYNAMIC_OBS_INFO 0 -5.750000 50.453910 1.570796 236.520114 -5.750000 304.466630 29.589357 1.233866
DYNAMIC_OBS_INFO 1 -1.750000 31.489052 1.570796 172.990853 -1.750000 240.939217 34.718817 2.667670
STATIC_OBS_INFO 0 -6.300000 75.896069 8.418120 
STATIC_OBS_INFO 1 -6.300000 63.584780 5.192069 
Parent: -10.250126 0.042783 2.000000 20.000539 209.900000 0.000000 -10.000000 0.831940 6.000000 0.000000 0 0 0 0 1 0 0 0
EGO_STATUS -3.500111 67.957217 11.300000 1.569874 0.092852 7.000000 -0.110265
DYNAMIC_OBS_INFO 0 -5.750000 50.453910 1.570796 239.479944 -5.750000 307.431735 29.712744 1.233866
DYNAMIC_OBS_INFO 1 -1.750000 31.489052 1.570796 176.470756 -1.750000 244.424437 34.985584 2.667670
STATIC_OBS_INFO 0 -6.300000 75.896069 8.413272 
STATIC_OBS_INFO 1 -6.300000 63.584780 5.196402 
Parent: -10.862796 0.037641 2.000000 20.000378 209.900000 0.000000 -10.000000 0.810410 6.000000 0.000000 0 0 0 0 1 0 0 0
EGO_STATUS -3.500109 67.962360 11.400000 1.569985 0.082893 7.000000 -0.099588
DYNAMIC_OBS_INFO 0 -5.750000 50.453910 1.570796 242.452614 -5.750000 310.409178 29.836131 1.233866
DYNAMIC_OBS_INFO 1 -1.750000 31.489052 1.570796 179.977839 -1.750000 247.936334 35.252351 2.667670
STATIC_OBS_INFO 0 -6.300000 75.896069 8.408892 
STATIC_OBS_INFO 1 -6.300000 63.584780 5.200317 
Parent: -11.420534 0.032996 2.000000 20.000263 209.900000 0.000000 -10.000000 0.786572 6.000000 0.000000 0 0 0 0 1 0 0 0
EGO_STATUS -3.500107 67.967004 11.500000 1.570085 0.073898 7.000000 -0.089945
DYNAMIC_OBS_INFO 0 -5.750000 50.453910 1.570796 245.438074 -5.750000 313.398961 29.959517 1.233866
DYNAMIC_OBS_INFO 1 -1.750000 31.489052 1.570796 183.512054 -1.750000 251.474908 35.519118 2.667670
STATIC_OBS_INFO 0 -6.300000 75.896069 8.404937 
STATIC_OBS_INFO 1 -6.300000 63.584780 5.203853 
Parent: -11.929129 0.028801 2.000000 20.000182 209.900000 0.000000 -10.000000 0.760179 6.000000 0.000000 0 0 0 0 1 0 0 0
EGO_STATUS -3.500106 67.971199 11.600000 1.570176 0.065775 7.000000 -0.081236
DYNAMIC_OBS_INFO 0 -5.750000 50.453910 1.570796 248.436282 -5.750000 316.401082 30.082904 1.233866
DYNAMIC_OBS_INFO 1 -1.750000 31.489052 1.570796 187.073356 -1.750000 255.040158 35.785885 2.667670
STATIC_OBS_INFO 0 -6.300000 75.896069 8.401366 
STATIC_OBS_INFO 1 -6.300000 63.584780 5.207047 
Parent: -12.393861 0.025012 2.000000 20.000125 209.900000 0.000000 -10.000000 0.730957 6.000000 0.000000 0 0 0 0 1 0 0 0
EGO_STATUS -3.500105 67.974988 11.700000 1.570257 0.058438 7.000000 -0.073370
DYNAMIC_OBS_INFO 0 -5.750000 50.453910 1.570796 251.447198 -5.750000 319.415542 30.206290 1.233866
DYNAMIC_OBS_INFO 1 -1.750000 31.489052 1.570796 190.661707 -1.750000 258.632085 36.052652 2.667670
STATIC_OBS_INFO 0 -6.300000 75.896069 8.398140 
STATIC_OBS_INFO 1 -6.300000 63.584780 5.209933 
Parent: -12.819555 0.021591 2.000000 20.000085 209.900000 0.000000 -10.000000 0.698602 6.000000 0.000000 0 0 0 0 1 0 0 0
EGO_STATUS -3.500104 67.978410 11.800000 1.570331 0.051811 7.000000 -0.066266
DYNAMIC_OBS_INFO 0 -5.750000 50.453910 1.570796 254.470786 -5.750000 322.442340 30.329677 1.233866
DYNAMIC_OBS_INFO 1 -1.750000 31.489052 1.570796 194.277071 -1.750000 262.250688 36.319419 2.667670
STATIC_OBS_INFO 0 -6.300000 75.896069 8.395226 
STATIC_OBS_INFO 1 -6.300000 63.584780 5.212540 
Parent: -13.210629 0.018500 2.000000 20.000057 209.900000 0.000000 -10.000000 0.662779 6.000000 0.000000 0 0 0 0 1 0 0 0
EGO_STATUS -3.500103 67.981500 11.900000 1.570398 0.045826 7.000000 -0.059849
DYNAMIC_OBS_INFO 0 -5.750000 50.453910 1.570796 257.507014 -5.750000 325.481477 30.453064 1.233866
DYNAMIC_OBS_INFO 1 -1.750000 31.489052 1.570796 197.919414 -1.750000 265.895968 36.586186 2.667670
STATIC_OBS_INFO 0 -6.300000 75.896069 8.392595 
STATIC_OBS_INFO 1 -6.300000 63.584780 5.214895 
Parent: -13.571143 0.015709 2.000000 20.000038 209.900000 0.000000 -10.000000 0.623116 6.000000 0.000000 0 0 0 0 1 0 0 0
EGO_STATUS -3.500102 67.984292 12.000000 1.570458 0.040421 7.000000 -0.054054
DYNAMIC_OBS_INFO 0 -5.750000 50.453910 1.570796 260.555854 -5.750000 328.532953 30.576450 1.233866
DYNAMIC_OBS_INFO 1 -1.750000 31.489052 1.570796 201.588709 -1.750000 269.567925 36.852953 2.667670
STATIC_OBS_INFO 0 -6.300000 75.896069 8.390219 
STATIC_OBS_INFO 1 -6.300000 63.584780 5.217022 
Parent: -13.904837 0.013188 2.000000 20.000024 209.900000 0.000000 -10.000000 0.579202 6.000000 0.000000 0 0 0 0 1 0 0 0
EGO_STATUS -3.500102 67.986813 12.100000 1.570512 0.035539 7.000000 -0.048820
DYNAMIC_OBS_INFO 0 -5.750000 50.453910 1.570796 263.617279 -5.750000 331.596767 30.699837 1.233866
DYNAMIC_OBS_INFO 1 -1.750000 31.489052 1.570796 205.284929 -1.750000 273.266559 37.119720 2.667670
STATIC_OBS_INFO 0 -6.300000 75.896069 8.388072 
STATIC_OBS_INFO 1 -6.300000 63.584780 5.218944 
Parent: -14.215174 0.010911 2.000000 20.000015 209.900000 0.000000 -10.000000 0.530581 6.000000 0.000000 0 0 0 0 1 0 0 0
EGO_STATUS -3.500102 67.989090 12.200000 1.570561 0.031129 7.000000 -0.044093
DYNAMIC_OBS_INFO 0 -5.750000 50.453910 1.570796 266.691265 -5.750000 334.672920 30.823223 1.233866
DYNAMIC_OBS_INFO 1 -1.750000 31.489052 1.570796 209.008050 -1.750000 276.991869 37.386487 2.667670
STATIC_OBS_INFO 0 -6.300000 75.896069 8.386134 
STATIC_OBS_INFO 1 -6.300000 63.584780 5.220680 
NO_CANDIDATE
EGO_STATUS -3.500101 67.991146 12.300000 1.570605 0.027147 7.000000 -0.039823
DYNAMIC_OBS_INFO 0 -5.750000 50.453910 1.570796 269.775535 -5.750000 337.761412 30.946610 1.233866
DYNAMIC_OBS_INFO 1 -1.750000 31.489052 1.570796 212.755795 -1.750000 280.743856 37.653253 2.667670
STATIC_OBS_INFO 0 -6.300000 75.896069 8.382257 
STATIC_OBS_INFO 1 -6.300000 63.584780 5.224152 
NO_CANDIDATE
EGO_STATUS -3.500101 67.995259 12.400000 1.570694 0.019182 7.000000 -0.039823
FAIL
DYNAMIC_OBS_INFO 0 -5.750000 50.453910 1.570796 272.874340 -5.750000 340.862242 31.069997 1.233866
DYNAMIC_OBS_INFO 1 -1.750000 31.489052 1.570796 216.532415 -1.750000 284.522520 37.920020 2.667670
STATIC_OBS_INFO 0 -6.300000 75.896069 8.380449 
STATIC_OBS_INFO 1 -6.300000 63.584780 5.225772 
NO_CANDIDATE
EGO_STATUS -3.500101 67.997177 12.500000 1.570694 0.019182 4.000000 0.000000
FAIL
DYNAMIC_OBS_INFO 0 -5.750000 50.453910 1.570796 275.985487 -5.750000 343.975411 31.193383 1.233866
DYNAMIC_OBS_INFO 1 -1.750000 31.489052 1.570796 220.335715 -1.750000 288.327860 38.186787 2.667670
STATIC_OBS_INFO 0 -6.300000 75.896069 8.378641 
STATIC_OBS_INFO 1 -6.300000 63.584780 5.227391 
Parent: 30689.613672 10.217552 104.000000 3124.269672 166114.800000 14103.988394 -10.000000 4.615688 36.000000 0.000000 1 0 1 0 1 0 0 0
Child: 14103.988394 21.188714 213.000000 3114.393615 138666.250000 0.000000 0.000000 0.000000 0.000000 0.000000 1 0 1 0 1 0 0 0
EGO_STATUS -3.500100 67.999095 12.600000 1.570694 0.019182 4.000000 0.000000
DYNAMIC_OBS_INFO 0 -5.750000 50.453910 1.570796 279.071581 -5.750000 347.100919 31.316770 1.233866
DYNAMIC_OBS_INFO 1 -1.750000 31.489052 1.570796 224.128303 -1.750000 292.159877 38.453554 2.667670
STATIC_OBS_INFO 0 -6.300000 75.896069 8.341600 
STATIC_OBS_INFO 1 -6.300000 63.584780 5.260631 
NO_CANDIDATE
EGO_STATUS -3.500099 68.038407 12.700000 1.570749 0.313182 0.000000 2.940000
DYNAMIC_OBS_INFO 0 -5.750000 50.453910 1.570796 282.106403 -5.750000 350.238765 31.440156 1.233866
DYNAMIC_OBS_INFO 1 -1.750000 31.489052 1.570796 227.883957 -1.750000 296.018571 38.720321 2.667670
STATIC_OBS_INFO 0 -6.300000 75.896069 8.244716 
STATIC_OBS_INFO 1 -6.300000 63.584780 5.348048 
Parent: 2754.168682 10.217552 104.000000 3023.040428 7137.300000 1775.995841 0.000000 4.963160 25.000000 0.000000 1 0 0 0 0 0 0 0
Child: 1775.995841 9.858679 100.000000 20.375531 18095.600000 0.000000 -10.000000 0.000000 0.000000 0.000000 0 0 1 0 0 0 0 0
EGO_STATUS -3.500102 68.141334 12.800000 1.570891 0.901182 0.000000 2.940000
DYNAMIC_OBS_INFO 0 -5.750000 50.453910 1.570796 285.151238 -5.750000 353.388950 31.563543 1.233866
DYNAMIC_OBS_INFO 1 -1.750000 31.489052 1.570796 231.663965 -1.750000 299.903942 38.987088 2.667670
STATIC_OBS_INFO 0 -6.300000 75.896069 8.145790 
STATIC_OBS_INFO 1 -6.300000 63.584780 5.437995 
Parent: 2744.029083 10.217552 104.000000 3038.511374 7137.300000 1764.436287 0.000000 4.863161 25.000000 0.000000 1 0 0 1 0 0 0 0
Child: 1764.436287 9.753425 99.000000 20.375433 17990.650000 0.000000 -10.000000 0.000000 0.000000 0.000000 0 0 1 0 0 0 0 0
EGO_STATUS -3.500120 68.246588 12.900000 1.571037 1.195182 0.000000 2.940000
DYNAMIC_OBS_INFO 0 -5.750000 50.453910 1.570796 288.177984 -5.750000 356.551474 31.686930 1.233866
DYNAMIC_OBS_INFO 1 -1.750000 31.489052 1.570796 235.440222 -1.750000 303.815989 39.253855 2.667670
STATIC_OBS_INFO 0 -6.300000 75.896069 8.018492 
STATIC_OBS_INFO 1 -6.300000 63.584780 5.554728 
Parent: 2726.798437 10.217552 104.000000 3038.507495 7137.300000 1747.306018 0.000000 4.763165 25.000000 0.000000 1 0 0 1 0 0 0 0
Child: 1747.306018 9.617741 98.000000 20.374882 17885.700000 0.000000 -10.000000 0.000000 0.000000 0.000000 0 0 1 0 0 0 0 0
EGO_STATUS -3.500166 68.382272 13.000000 1.571223 1.489182 0.000000 2.940000
DYNAMIC_OBS_INFO 0 -5.750000 50.453910 1.570796 291.188051 -5.750000 359.726336 31.810316 1.233866
DYNAMIC_OBS_INFO 1 -1.750000 31.489052 1.570796 239.214140 -1.750000 307.754713 39.520622 2.667670
STATIC_OBS_INFO 0 -6.300000 75.896069 7.864333 
STATIC_OBS_INFO 1 -6.300000 63.584780 5.697539 
Parent: 2711.919233 10.217552 104.000000 3038.504623 7137.300000 1732.527094 0.000000 4.663167 25.000000 0.000000 1 0 0 1 0 0 0 0
Child: 1732.527094 9.453037 96.000000 20.375081 17675.800000 0.000000 -10.000000 0.000000 0.000000 0.000000 0 0 1 0 0 0 0 0
EGO_STATUS -3.500256 68.546976 13.100000 1.571444 1.783182 0.000000 2.940000
DYNAMIC_OBS_INFO 0 -5.750000 50.453910 1.570796 294.181916 -5.750000 362.913537 31.933703 1.233866
DYNAMIC_OBS_INFO 1 -1.750000 31.489052 1.570796 242.986196 -1.750000 311.720113 39.787389 2.667670
STATIC_OBS_INFO 0 -6.300000 75.896069 7.684001 
STATIC_OBS_INFO 1 -6.300000 63.584780 5.866542 
Parent: 2691.837272 10.217552 104.000000 3038.504019 7137.300000 1712.545191 0.000000 4.563168 25.000000 0.000000 1 0 0 1 0 0 0 0
Child: 1712.545191 9.259791 94.000000 20.375103 17465.900000 0.000000 -10.000000 0.000000 0.000000 0.000000 0 0 1 0 0 0 0 0
EGO_STATUS -3.500407 68.740222 13.200000 1.571696 2.077182 0.000000 2.940000
DYNAMIC_OBS_INFO 0 -5.750000 50.453910 1.570796 297.158501 -5.750000 366.113076 32.057090 1.233866
DYNAMIC_OBS_INFO 1 -1.750000 31.489052 1.570796 246.755312 -1.750000 315.712190 40.054156 2.667670
STATIC_OBS_INFO 0 -6.300000 75.896069 7.476807 
STATIC_OBS_INFO 1 -6.300000 63.584780 6.063220 
Parent: 2664.685798 10.217552 104.000000 3023.030130 7137.300000 1687.013960 0.000000 4.463169 25.000000 0.000000 1 0 0 0 0 0 0 0
Child: 1687.013960 9.036924 92.000000 20.374655 17256.000000 0.000000 -10.000000 0.000000 0.000000 0.000000 0 0 1 0 0 0 0 0
EGO_STATUS -3.500639 68.963089 13.300000 1.571971 2.371182 0.000000 2.940000
DYNAMIC_OBS_INFO 0 -5.750000 50.453910 1.570796 300.117958 -5.750000 369.324955 32.180476 1.233866
DYNAMIC_OBS_INFO 1 -1.750000 31.489052 1.570796 250.521639 -1.750000 319.730944 40.320923 2.667670
STATIC_OBS_INFO 0 -6.300000 75.896069 7.243312 
STATIC_OBS_INFO 1 -6.300000 63.584780 6.287981 
Parent: 2644.219703 10.217552 104.000000 3038.501464 7137.300000 1664.127871 0.000000 4.363171 24.000000 0.000000 1 0 0 1 0 0 0 0
Child: 1664.127871 8.784588 89.000000 20.374865 16940.850000 0.000000 -10.000000 0.000000 0.000000 0.000000 0 0 1 0 0 0 0 0
EGO_STATUS -3.500974 69.215424 13.400000 1.572257 2.665182 0.000000 2.940000
DYNAMIC_OBS_INFO 0 -5.750000 50.453910 1.570796 303.060613 -5.750000 372.549172 32.303863 1.233866
DYNAMIC_OBS_INFO 1 -1.750000 31.489052 1.570796 254.285506 -1.750000 323.776375 40.587690 2.667670
STATIC_OBS_INFO 0 -6.300000 75.896069 6.984366 
STATIC_OBS_INFO 1 -6.300000 63.584780 6.541039 
Parent: 2607.243830 10.217552 104.000000 3038.500779 7137.300000 1627.252065 0.000000 4.263171 24.000000 0.000000 1 0 0 1 0 0 0 0
Child: 1627.252065 8.503111 87.000000 20.374580 16731.250000 0.000000 -10.000000 0.000000 0.000000 0.000000 0 0 1 0 0 0 0 0
EGO_STATUS -3.501425 69.496901 13.500000 1.572534 2.959182 0.000000 2.940000
DYNAMIC_OBS_INFO 0 -5.750000 50.453910 1.570796 305.986336 -5.750000 375.785727 32.427249 1.233866
DYNAMIC_OBS_INFO 1 -1.750000 31.489052 1.570796 258.046781 -1.750000 327.848482 40.854457 2.667670
STATIC_OBS_INFO 0 -6.300000 75.896069 6.700570 
STATIC_OBS_INFO 1 -6.300000 63.584780 6.822967 
Parent: 2301.599390 10.000000 101.000000 20.000000 2055.350000 2135.141286 -10.000000 4.977906 34.000000 0.000000 0 0 1 0 0 0 0 0
Child: 2135.141286 18.336016 185.000000 31.814906 21510.550000 0.000000 0.000000 0.000000 0.000000 0.000000 0 0 1 0 0 0 0 0
EGO_STATUS -3.502006 69.807649 13.600000 1.572779 3.253182 0.000000 2.940000
DYNAMIC_OBS_INFO 0 -5.750000 50.453910 1.570796 308.904838 -5.750000 379.034622 32.550636 1.233866
DYNAMIC_OBS_INFO 1 -1.750000 31.489052 1.570796 261.815175 -1.750000 331.947266 41.121224 2.667670
STATIC_OBS_INFO 0 -6.300000 75.896069 6.401622 
STATIC_OBS_INFO 1 -6.300000 63.584780 7.125242 
Parent: 1563.697360 7.862051 80.000000 0.022203 15996.000000 0.000000 0.000000 4.678146 13.000000 0.000000 0 0 0 0 0 0 0 0
EGO_STATUS -3.502693 70.137958 13.700000 1.572957 3.351182 2.000000 0.980000
DYNAMIC_OBS_INFO 0 -5.750000 50.453910 1.570796 311.845829 -5.750000 382.295854 32.674023 1.233866
DYNAMIC_OBS_INFO 1 -1.750000 31.489052 1.570796 265.620397 -1.750000 336.072727 41.387991 2.667670
STATIC_OBS_INFO 0 -6.300000 75.896069 6.114924 
STATIC_OBS_INFO 1 -6.300000 63.584780 7.420496 
Parent: 1517.835531 7.541890 77.000000 0.019897 15681.150000 0.000000 -10.000000 4.917797 13.000000 0.000000 0 0 0 0 0 0 0 0
EGO_STATUS -3.503399 70.458118 13.800000 1.573030 3.057182 3.000000 -2.940000
DYNAMIC_OBS_INFO 0 -5.750000 50.453910 1.570796 314.828457 -5.750000 385.569426 32.797409 1.233866
DYNAMIC_OBS_INFO 1 -1.750000 31.489052 1.570796 269.481593 -1.750000 340.224865 41.654758 2.667670
STATIC_OBS_INFO 0 -6.300000 75.896069 5.857464 
STATIC_OBS_INFO 1 -6.300000 63.584780 7.690457 
Parent: 2208.511776 10.000000 101.000000 20.000000 2055.350000 2031.045624 0.000000 4.985954 33.000000 0.000000 0 0 1 0 0 0 0 0
Child: 2031.045624 17.400394 176.000000 31.544840 20511.900000 0.000000 0.000000 0.000000 0.000000 0.000000 0 0 1 0 0 0 0 0
EGO_STATUS -3.504046 70.748980 13.900000 1.572996 2.763182 3.000000 -2.940000
DYNAMIC_OBS_INFO 0 -5.750000 50.453910 1.570796 317.832978 -5.750000 388.855336 32.920796 1.233866
DYNAMIC_OBS_INFO 1 -1.750000 31.489052 1.570796 273.379020 -1.750000 344.403679 41.921525 2.667670
STATIC_OBS_INFO 0 -6.300000 75.896069 5.611578 
STATIC_OBS_INFO 1 -6.300000 63.584780 7.952962 
Parent: 1421.507959 6.969717 71.000000 0.033292 14553.550000 0.000000 0.000000 4.854946 12.000000 0.000000 0 0 0 0 0 0 0 0
EGO_STATUS -3.504648 71.030290 14.000000 1.572868 2.861182 2.000000 0.980000
DYNAMIC_OBS_INFO 0 -5.750000 50.453910 1.570796 320.860182 -5.750000 392.153585 33.044182 1.233866
DYNAMIC_OBS_INFO 1 -1.750000 31.489052 1.570796 277.313468 -1.750000 348.609170 42.188292 2.667670
STATIC_OBS_INFO 0 -6.300000 75.896069 5.378040 
STATIC_OBS_INFO 1 -6.300000 63.584780 8.207010 
Parent: 2061.992364 10.217552 104.000000 32.922007 7137.300000 1375.106500 0.000000 4.442438 22.000000 0.000000 0 0 0 1 0 0 0 0
Child: 1375.106500 6.698750 68.000000 20.208207 13938.700000 0.000000 0.000000 0.000000 0.000000 0.000000 0 0 1 0 0 0 0 0
EGO_STATUS -3.505181 71.301256 14.100000 1.572651 2.567182 3.000000 -2.940000
DYNAMIC_OBS_INFO 0 -5.750000 50.453910 1.570796 323.898905 -5.750000 395.464173 33.167569 1.233866
DYNAMIC_OBS_INFO 1 -1.750000 31.489052 1.570796 281.273773 -1.750000 352.841337 42.455059 2.667670
STATIC_OBS_INFO 0 -6.300000 75.896069 5.147522 
STATIC_OBS_INFO 1 -6.300000 63.584780 8.462906 
Parent: 1309.863439 6.426963 66.000000 0.054251 13528.500000 0.000000 0.000000 4.476875 12.000000 0.000000 0 0 0 0 0 0 0 0
EGO_STATUS -3.505644 71.573043 14.200000 1.572338 2.861182 0.000000 2.940000
DYNAMIC_OBS_INFO 0 -5.750000 50.453910 1.570796 326.950790 -5.750000 398.787099 33.290956 1.233866
DYNAMIC_OBS_INFO 1 -1.750000 31.489052 1.570796 285.261576 -1.750000 357.100181 42.721826 2.667670
STATIC_OBS_INFO 0 -6.300000 75.896069 4.921948 
STATIC_OBS_INFO 1 -6.300000 63.584780 8.719019 
Parent: 1244.629639 6.155996 63.000000 0.052696 12913.650000 0.000000 -10.000000 4.777307 12.000000 0.000000 0 0 0 0 0 0 0 0
EGO_STATUS -3.506007 71.844010 14.300000 1.571940 2.567182 3.000000 -2.940000
DYNAMIC_OBS_INFO 0 -5.750000 50.453910 1.570796 330.044659 -5.750000 402.122364 33.414342 1.233866
DYNAMIC_OBS_INFO 1 -1.750000 31.489052 1.570796 289.305701 -1.750000 361.385702 42.988593 2.667670
STATIC_OBS_INFO 0 -6.300000 75.896069 4.725130 
STATIC_OBS_INFO 1 -6.300000 63.584780 8.947878 
Parent: 1900.541383 10.217552 104.000000 14.096043 7137.300000 1214.342808 0.000000 4.604719 21.000000 0.000000 0 0 0 0 0 0 0 0
Child: 1214.342808 5.914674 61.000000 20.171202 12503.750000 0.000000 0.000000 0.000000 0.000000 0.000000 0 0 1 0 0 0 0 0
EGO_STATUS -3.506233 72.085332 14.400000 1.571530 2.273182 3.000000 -2.940000
DYNAMIC_OBS_INFO 0 -5.750000 50.453910 1.570796 333.149631 -5.750000 405.469967 33.537729 1.233866
DYNAMIC_OBS_INFO 1 -1.750000 31.489052 1.570796 293.375266 -1.750000 365.697900 43.255360 2.667670
STATIC_OBS_INFO 0 -6.300000 75.896069 4.531705 
STATIC_OBS_INFO 1 -6.300000 63.584780 9.178587 
Parent: 1156.083699 5.672114 58.000000 0.062314 11888.900000 0.000000 0.000000 4.401795 11.000000 0.000000 0 0 0 0 0 0 0 0
EGO_STATUS -3.506354 72.327892 14.500000 1.571082 2.567182 0.000000 2.940000
DYNAMIC_OBS_INFO 0 -5.750000 50.453910 1.570796 336.268181 -5.750000 408.829910 33.661115 1.233866
DYNAMIC_OBS_INFO 1 -1.750000 31.489052 1.570796 297.472746 -1.750000 370.036774 43.522127 2.667670
STATIC_OBS_INFO 0 -6.300000 75.896069 4.344234 
STATIC_OBS_INFO 1 -6.300000 63.584780 9.408743 
Parent: 1096.977492 5.430792 56.000000 0.049456 11479.000000 0.000000 -10.000000 4.757213 11.000000 0.000000 0 0 0 0 0 0 0 0
EGO_STATUS -3.506365 72.569213 14.600000 1.570621 2.273182 3.000000 -2.940000
DYNAMIC_OBS_INFO 0 -5.750000 50.453910 1.570796 339.428201 -5.750000 412.202191 33.784502 1.233866
DYNAMIC_OBS_INFO 1 -1.750000 31.489052 1.570796 301.626033 -1.750000 374.402325 43.788894 2.667670
STATIC_OBS_INFO 0 -6.300000 75.896069 4.184015 
STATIC_OBS_INFO 1 -6.300000 63.584780 9.611595 
Parent: 1757.818927 10.217552 104.000000 11.622760 7137.300000 1071.672388 0.000000 4.795671 21.000000 0.000000 0 0 0 0 0 0 0 0
Child: 1071.672388 5.218601 54.000000 20.139032 11069.100000 0.000000 0.000000 0.000000 0.000000 0.000000 0 0 1 0 0 0 0 0
EGO_STATUS -3.506284 72.781405 14.700000 1.570219 1.979182 3.000000 -2.940000
DYNAMIC_OBS_INFO 0 -5.750000 50.453910 1.570796 342.599828 -5.750000 415.586810 33.907889 1.233866
DYNAMIC_OBS_INFO 1 -1.750000 31.489052 1.570796 305.805265 -1.750000 378.794553 44.055661 2.667670
STATIC_OBS_INFO 0 -6.300000 75.896069 4.028133 
STATIC_OBS_INFO 1 -6.300000 63.584780 9.815570 
Parent: 1019.475547 5.005675 52.000000 0.045353 10659.200000 0.000000 0.000000 4.384823 11.000000 0.000000 0 0 0 0 0 0 0 0
EGO_STATUS -3.506119 72.994331 14.800000 1.569833 2.273182 0.000000 2.940000
DYNAMIC_OBS_INFO 0 -5.750000 50.453910 1.570796 345.784528 -5.750000 418.983768 34.031275 1.233866
DYNAMIC_OBS_INFO 1 -1.750000 31.489052 1.570796 310.011908 -1.750000 383.213457 44.322428 2.667670
STATIC_OBS_INFO 0 -6.300000 75.896069 3.878246 
STATIC_OBS_INFO 1 -6.300000 63.584780 10.019235 
Parent: 967.423029 4.793483 49.000000 0.031111 10044.350000 0.000000 -10.000000 4.819551 10.000000 0.000000 0 0 0 0 0 0 0 0
EGO_STATUS -3.505875 73.206522 14.900000 1.569477 1.979182 3.000000 -2.940000
DYNAMIC_OBS_INFO 0 -5.750000 50.453910 1.570796 349.011242 -5.750000 422.393065 34.154662 1.233866
DYNAMIC_OBS_INFO 1 -1.750000 31.489052 1.570796 314.274902 -1.750000 387.659039 44.589195 2.667670
STATIC_OBS_INFO 0 -6.300000 75.896069 3.754174 
STATIC_OBS_INFO 1 -6.300000 63.584780 10.194712 
Parent: 1818.253245 10.000000 101.000000 0.000000 2055.350000 1649.770776 -10.000000 4.982470 30.000000 0.000000 0 0 0 0 0 0 0 0
Child: 1649.770776 10.217552 104.000000 14.653742 7137.300000 947.122128 0.000000 0.000000 0.000000 0.000000 0 0 0 0 0 0 0 0
Child: 947.122128 4.610965 48.000000 20.111190 9839.400000 0.000000 0.000000 0.000000 0.000000 0.000000 0 0 1 0 0 0 0 0
EGO_STATUS -3.505608 73.389040 15.000000 1.569204 1.685182 3.000000 -2.940000
DYNAMIC_OBS_INFO 0 -5.750000 50.453910 1.570796 352.249057 -5.750000 425.814701 34.278049 1.233866
DYNAMIC_OBS_INFO 1 -1.750000 31.489052 1.570796 318.563336 -1.750000 392.131296 44.855962 2.667670
STATIC_OBS_INFO 0 -6.300000 75.896069 3.634279 
STATIC_OBS_INFO 1 -6.300000 63.584780 10.371638 
TIMEOUT
