STATIC_OBS_INIT_INFO 0 -6.300000 72.086142
STATIC_OBS_INIT_INFO 1 -6.300000 65.192956
Parent: -28.808535 10.000000 101.000000 0.000000 15.150000 17.474602 -10.000000 2.216863 40.000000 0.000000 0 0 0 0 0 0 0 0
Child: 17.474602 24.196434 243.000000 11.171997 264.750000 0.000000 -10.000000 0.000000 0.000000 0.000000 0 0 0 0 0 0 0 0
EGO_STATUS -5.750000 19.812417 0.000000 1.570796 15.425598 4.000000 0.000000
DYNAMIC_OBS_INFO 0 -5.750000 55.947838 1.570796 34.592861 -5.750000 55.947838 15.081973 2.573469
DYNAMIC_OBS_INFO 1 -1.750000 35.855170 1.570796 15.041793 -1.750000 35.855170 15.432739 1.112979
STATIC_OBS_INFO 0 -6.300000 72.086142 50.734146 
STATIC_OBS_INFO 1 -6.300000 65.192956 43.841430 
Parent: 378.404357 10.000000 101.000000 0.000000 4315.150000 6.396647 -10.000000 2.765136 48.000000 0.000000 0 0 0 0 0 0 0 0
Child: 6.396647 10.000000 101.000000 0.000000 15.150000 14.896647 -10.000000 0.000000 0.000000 0.000000 0 0 0 0 0 0 0 0
Child: 14.896647 22.653873 228.000000 11.172404 239.400000 0.000000 -10.000000 0.000000 0.000000 0.000000 0 0 0 0 0 0 0 0
EGO_STATUS -5.749990 21.354977 0.100000 1.570765 15.425598 4.000000 0.000000
DYNAMIC_OBS_INFO 0 -5.750000 55.947838 1.570796 34.571366 -5.750000 57.468903 15.339320 2.573469
DYNAMIC_OBS_INFO 1 -1.750000 35.855170 1.570796 13.560899 -1.750000 35.855170 15.432739 1.112979
STATIC_OBS_INFO 0 -6.300000 72.086142 49.191683 
STATIC_OBS_INFO 1 -6.300000 65.192956 42.298999 
Parent: 376.759954 10.000000 101.000000 0.000000 4315.150000 3.852244 -10.000000 2.665136 47.000000 0.000000 0 0 0 0 0 0 0 0
Child: 3.852244 10.000000 101.000000 0.000000 15.150000 12.352244 -10.000000 0.000000 0.000000 0.000000 0 0 0 0 0 0 0 0
Child: 12.352244 21.111314 213.000000 11.170213 214.350000 0.000000 -10.000000 0.000000 0.000000 0.000000 0 0 0 0 0 0 0 0
EGO_STATUS -5.749715 22.897537 0.200000 1.570359 15.425598 4.000000 0.000000
DYNAMIC_OBS_INFO 0 -5.750000 55.947838 1.570796 34.575606 -5.750000 59.015702 15.596667 2.573469
DYNAMIC_OBS_INFO 1 -1.750000 35.855170 1.570796 12.094985 -1.750000 35.855170 15.432739 1.112979
STATIC_OBS_INFO 0 -6.300000 72.086142 47.649243 
STATIC_OBS_INFO 1 -6.300000 65.192956 40.756598 
Parent: 295.758342 39.855171 400.000000 10.485215 3363.300000 0.000000 0.000000 4.601379 45.000000 0.000000 0 0 0 0 0 0 0 0
EGO_STATUS -5.748092 24.440096 0.300000 1.568894 15.425598 4.000000 0.000000
DYNAMIC_OBS_INFO 0 -5.750000 55.947838 1.570796 34.620303 -5.750000 60.588236 15.854014 2.573469
DYNAMIC_OBS_INFO 1 -1.750000 35.855170 1.570796 10.663098 -1.750000 35.855170 15.432739 1.112979
STATIC_OBS_INFO 0 -6.300000 72.086142 46.121572 
STATIC_OBS_INFO 1 -6.300000 65.192956 39.228977 
Parent: 285.077606 38.327331 385.000000 10.485186 3350.350000 0.000000 -10.000000 4.501390 44.000000 0.000000 0 0 0 0 0 0 0 0
EGO_STATUS -5.743020 25.967933 0.400000 1.565732 15.131598 3.000000 -2.940000
DYNAMIC_OBS_INFO 0 -5.750000 55.947838 1.570796 34.720161 -5.750000 62.186505 16.111361 2.573469
DYNAMIC_OBS_INFO 1 -1.750000 35.855170 1.570796 9.285851 -1.750000 35.855170 15.432739 1.112979
STATIC_OBS_INFO 0 -6.300000 72.086142 44.623411 
STATIC_OBS_INFO 1 -6.300000 65.192956 37.730887 
Parent: 186.610281 20.435104 206.000000 34.088712 2061.400000 15.971491 0.000000 4.767285 42.000000 0.000000 0 0 1 0 0 0 0 0
Child: 15.971491 16.542597 167.000000 26.084608 135.150000 0.000000 0.000000 0.000000 0.000000 0.000000 0 0 0 1 0 0 0 0
EGO_STATUS -5.731797 27.466348 0.500000 1.560503 14.837598 3.000000 -2.940000
DYNAMIC_OBS_INFO 0 -5.750000 55.947838 1.570796 34.889998 -5.750000 63.810508 16.368708 2.573469
DYNAMIC_OBS_INFO 1 -1.750000 35.855170 1.570796 7.986537 -1.750000 35.855170 15.432739 1.112979
STATIC_OBS_INFO 0 -6.300000 72.086142 43.169619 
STATIC_OBS_INFO 1 -6.300000 65.192956 36.277195 
Parent: 175.176268 20.435104 206.000000 34.088608 2061.400000 3.637466 0.000000 4.667308 41.000000 0.000000 0 0 1 0 0 0 0 0
Child: 3.637466 15.088273 152.000000 26.084500 111.300000 0.000000 -10.000000 0.000000 0.000000 0.000000 0 0 0 1 0 0 0 0
EGO_STATUS -5.711760 28.920531 0.600000 1.553187 14.249598 1.000000 -5.880000
DYNAMIC_OBS_INFO 0 -5.750000 55.947838 1.570796 35.144566 -5.750000 65.460246 16.626054 2.573469
DYNAMIC_OBS_INFO 1 -1.750000 35.855170 1.570796 6.792661 -1.750000 35.855170 15.432739 1.112979
STATIC_OBS_INFO 0 -6.300000 72.086142 41.774977 
STATIC_OBS_INFO 1 -6.300000 65.192956 34.882697 
Parent: 467.277268 30.290952 304.000000 11.745440 5032.100000 9.618831 0.000000 4.083175 49.000000 0.000000 0 0 0 0 0 0 0 0
Child: 9.618831 13.692720 138.000000 6.041927 90.900000 0.000000 0.000000 0.000000 0.000000 0.000000 0 0 0 0 0 0 0 0
EGO_STATUS -5.681289 30.315747 0.700000 1.544561 13.661598 1.000000 -5.880000
DYNAMIC_OBS_INFO 0 -5.750000 55.947838 1.570796 35.469341 -5.750000 67.135719 16.883401 2.573469
DYNAMIC_OBS_INFO 1 -1.750000 35.855170 1.570796 5.716301 -1.750000 35.855170 15.432739 1.112979
STATIC_OBS_INFO 0 -6.300000 72.086142 40.424982 
STATIC_OBS_INFO 1 -6.300000 65.192956 33.532905 
Parent: 456.239578 30.290952 304.000000 11.745426 5032.100000 -2.318862 0.000000 3.983178 48.000000 0.000000 0 0 0 0 0 0 0 0
Child: -2.318862 12.341281 125.000000 5.649238 72.150000 0.000000 -10.000000 0.000000 0.000000 0.000000 0 0 0 0 0 0 0 0
EGO_STATUS -5.639928 31.666549 0.800000 1.535893 13.367598 3.000000 -2.940000
DYNAMIC_OBS_INFO 0 -5.750000 55.947838 1.570796 35.849690 -5.750000 68.836927 17.140748 2.573469
DYNAMIC_OBS_INFO 1 -1.750000 35.855170 1.570796 4.791533 -1.750000 35.855170 15.432739 1.112979
STATIC_OBS_INFO 0 -6.300000 72.086142 39.105012 
STATIC_OBS_INFO 1 -6.300000 65.192956 32.213211 
Parent: 385.067525 30.652656 308.000000 34.560791 4179.800000 7.801920 0.000000 4.845631 47.000000 0.000000 0 0 1 0 0 0 0 0
Child: 7.801920 11.019236 112.000000 24.099065 55.200000 0.000000 0.000000 0.000000 0.000000 0.000000 0 0 0 1 0 0 0 0
EGO_STATUS -5.588727 32.987599 0.900000 1.528531 13.073598 3.000000 -2.940000
DYNAMIC_OBS_INFO 0 -5.750000 55.947838 1.570796 36.300290 -5.750000 70.563869 17.398095 2.573469
DYNAMIC_OBS_INFO 1 -1.750000 35.855170 1.570796 4.102417 -1.750000 35.855170 15.432739 1.112979
STATIC_OBS_INFO 0 -6.300000 72.086142 37.829714 
STATIC_OBS_INFO 1 -6.300000 65.192956 30.938268 
Parent: 171.143467 20.435104 206.000000 10.113403 2061.400000 -3.558296 0.000000 4.208598 35.000000 0.000000 0 0 0 0 0 0 0 0
Child: -3.558296 9.741308 99.000000 23.916430 41.550000 0.000000 -10.000000 0.000000 0.000000 0.000000 0 0 0 1 0 0 0 0
EGO_STATUS -5.531370 34.264237 1.000000 1.523742 12.485598 1.000000 -5.880000
DYNAMIC_OBS_INFO 0 -5.750000 55.947838 1.570796 36.835634 -5.750000 72.316546 17.655442 2.573469
DYNAMIC_OBS_INFO 1 -1.750000 35.855170 1.570796 3.741422 -1.750000 35.855170 15.432739 1.112979
STATIC_OBS_INFO 0 -6.300000 72.086142 36.613533 
STATIC_OBS_INFO 1 -6.300000 65.192956 29.722515 
Parent: 169.758714 28.902443 291.000000 22.771839 2080.550000 0.000000 -10.000000 4.854454 34.000000 0.000000 0 0 0 1 0 0 0 0
EGO_STATUS -5.472761 35.481955 1.100000 1.522213 11.897598 1.000000 -5.880000
DYNAMIC_OBS_INFO 0 -5.750000 55.947838 1.570796 37.455511 -5.750000 74.094957 17.912789 2.573469
DYNAMIC_OBS_INFO 1 -1.750000 35.855170 1.570796 3.750354 -1.750000 35.855170 15.432739 1.112979
STATIC_OBS_INFO 0 -6.300000 72.086142 35.456211 
STATIC_OBS_INFO 1 -6.300000 65.192956 28.565678 
Parent: 169.790481 27.742106 279.000000 22.770767 2067.950000 0.000000 -10.000000 4.901606 33.000000 0.000000 0 0 0 1 0 0 0 0
EGO_STATUS -5.417117 36.640925 1.200000 1.523940 11.309598 1.000000 -5.880000
DYNAMIC_OBS_INFO 0 -5.750000 55.947838 1.570796 38.159651 -5.750000 75.899103 18.170136 2.573469
DYNAMIC_OBS_INFO 1 -1.750000 35.855170 1.570796 3.633330 -1.750000 37.404009 15.544037 1.112979
STATIC_OBS_INFO 0 -6.300000 72.086142 34.357427 
STATIC_OBS_INFO 1 -6.300000 65.192956 27.467417 
Parent: 170.181580 26.640534 268.000000 22.770676 2061.800000 0.000000 -10.000000 4.964877 32.000000 0.000000 0 0 0 1 0 0 0 0
EGO_STATUS -5.367634 37.741368 1.300000 1.528116 10.721598 1.000000 -5.880000
DYNAMIC_OBS_INFO 0 -5.750000 55.947838 1.570796 38.948076 -5.750000 77.728984 18.427482 2.573469
DYNAMIC_OBS_INFO 1 -1.750000 35.855170 1.570796 3.580400 -1.750000 38.963978 15.655335 1.112979
STATIC_OBS_INFO 0 -6.300000 72.086142 33.317168 
STATIC_OBS_INFO 1 -6.300000 65.192956 26.427699 
Parent: 171.782687 20.435104 206.000000 10.112204 2061.400000 -6.519210 0.000000 3.808852 31.000000 0.000000 0 0 0 0 0 0 0 0
Child: -6.519210 5.217885 54.000000 25.522764 10.500000 0.000000 -10.000000 0.000000 0.000000 0.000000 0 0 0 1 0 0 0 0
EGO_STATUS -5.325834 38.783218 1.400000 1.533371 10.133598 1.000000 -5.880000
DYNAMIC_OBS_INFO 0 -5.750000 55.947838 1.570796 39.820699 -5.750000 79.584600 18.684829 2.573469
DYNAMIC_OBS_INFO 1 -1.750000 35.855170 1.570796 3.624067 -1.750000 40.535076 15.766633 1.112979
STATIC_OBS_INFO 0 -6.300000 72.086142 32.335329 
STATIC_OBS_INFO 1 -6.300000 65.192956 25.446404 
Parent: 172.292524 20.435104 206.000000 10.112080 2061.400000 -6.909387 0.000000 3.708878 30.000000 0.000000 0 0 0 0 0 0 0 0
Child: -6.909387 4.233969 44.000000 25.518086 6.600000 0.000000 -10.000000 0.000000 0.000000 0.000000 0 0 0 1 0 0 0 0
EGO_STATUS -5.291640 39.766539 1.500000 1.538949 9.545598 1.000000 -5.880000
DYNAMIC_OBS_INFO 0 -5.750000 55.947838 1.570796 40.777555 -5.750000 81.465950 18.942176 2.573469
DYNAMIC_OBS_INFO 1 -1.750000 35.855170 1.570796 3.794092 -1.750000 42.117304 15.877931 1.112979
STATIC_OBS_INFO 0 -6.300000 72.086142 31.411899 
STATIC_OBS_INFO 1 -6.300000 65.192956 24.523500 
Parent: 369.688355 10.000000 102.000000 20.000000 2075.700000 198.401725 0.000000 4.825846 39.000000 0.000000 0 0 1 0 0 0 0 0
Child: 198.401725 20.435104 206.000000 10.111882 2061.400000 -7.091289 0.000000 0.000000 0.000000 0.000000 0 0 0 0 0 0 0 0
Child: -7.091289 3.308878 35.000000 25.517193 5.250000 0.000000 -10.000000 0.000000 0.000000 0.000000 0 0 0 1 0 0 0 0
EGO_STATUS -5.265901 40.691268 1.600000 1.547852 8.957598 1.000000 -5.880000
DYNAMIC_OBS_INFO 0 -5.750000 55.947838 1.570796 41.818604 -5.750000 83.373035 19.199523 2.573469
DYNAMIC_OBS_INFO 1 -1.750000 35.855170 1.570796 4.110404 -1.750000 43.710662 15.989229 1.112979
STATIC_OBS_INFO 0 -6.300000 72.086142 30.546744 
STATIC_OBS_INFO 1 -6.300000 65.192956 23.658806 
Parent: 370.418029 10.000000 102.000000 20.000000 2075.700000 198.231332 0.000000 4.725913 38.000000 0.000000 0 0 1 0 0 0 0 0
Child: 198.231332 20.435104 206.000000 10.111613 2061.400000 -7.261655 0.000000 0.000000 0.000000 0.000000 0 0 0 0 0 0 0 0
Child: -7.261655 2.442611 26.000000 25.247888 3.900000 0.000000 -10.000000 0.000000 0.000000 0.000000 0 0 0 1 0 0 0 0
EGO_STATUS -5.251272 41.557405 1.700000 1.560289 8.369598 1.000000 -5.880000
DYNAMIC_OBS_INFO 0 -5.750000 55.947838 1.570796 42.943880 -5.750000 85.305855 19.456870 2.573469
DYNAMIC_OBS_INFO 1 -1.750000 35.855170 1.570796 4.575454 -1.750000 45.315150 16.100527 1.112979
STATIC_OBS_INFO 0 -6.300000 72.086142 29.739862 
STATIC_OBS_INFO 1 -6.300000 65.192956 22.852300 
Parent: 359.271146 10.000000 102.000000 0.000000 2075.700000 197.806558 -10.000000 4.964588 37.000000 0.000000 0 0 0 0 0 0 0 0
Child: 197.806558 20.435104 206.000000 10.111514 2061.400000 -7.686419 0.000000 0.000000 0.000000 0.000000 0 0 0 0 0 0 0 0
Child: -7.686419 1.635086 18.000000 22.769280 2.700000 0.000000 -10.000000 0.000000 0.000000 0.000000 0 0 0 1 0 0 0 0
EGO_STATUS -5.247271 42.364917 1.800000 1.570604 7.781598 1.000000 -5.880000
DYNAMIC_OBS_INFO 0 -5.750000 55.947838 1.570796 44.153721 -5.750000 87.264409 19.714217 2.573469
DYNAMIC_OBS_INFO 1 -1.750000 35.855170 1.570796 5.178076 -1.750000 46.930768 16.211825 1.112979
STATIC_OBS_INFO 0 -6.300000 72.086142 28.991674 
STATIC_OBS_INFO 1 -6.300000 65.192956 22.104435 
Parent: 357.834169 10.000000 102.000000 0.000000 2075.700000 195.980079 -10.000000 4.354090 36.000000 0.000000 0 0 0 0 0 0 0 0
Child: 195.980079 20.435104 206.000000 12.661911 2061.400000 0.234104 -10.000000 0.000000 0.000000 0.000000 0 0 0 0 0 0 0 0
Child: 0.234104 0.886468 10.000000 1.140861 1.500000 0.000000 0.000000 0.000000 0.000000 0.000000 0 0 0 0 0 0 0 0
EGO_STATUS -5.248742 43.113533 1.900000 1.573628 7.193598 1.000000 -5.880000
DYNAMIC_OBS_INFO 0 -5.750000 55.947838 1.570796 45.418559 -5.750000 89.248698 19.971564 2.573469
DYNAMIC_OBS_INFO 1 -1.750000 35.855170 1.570796 5.879788 -1.750000 48.557515 16.323123 1.112979
STATIC_OBS_INFO 0 -6.300000 72.086142 28.272755 
STATIC_OBS_INFO 1 -6.300000 65.192956 21.385858 
Parent: 348.685142 10.000000 102.000000 0.000000 2075.700000 186.931052 -10.000000 4.254090 36.000000 0.000000 0 0 0 0 0 0 0 0
Child: 186.931052 20.435104 206.000000 12.661911 2061.400000 -8.814923 -10.000000 0.000000 0.000000 0.000000 0 0 0 0 0 0 0 0
Child: -8.814923 0.167108 3.000000 20.825026 0.450000 0.000000 -10.000000 0.000000 0.000000 0.000000 0 0 0 0 1 0 0 0
EGO_STATUS -5.249977 43.832892 2.000000 1.571119 7.193598 4.000000 0.000000
DYNAMIC_OBS_INFO 0 -5.750000 55.947838 1.570796 46.709155 -5.750000 91.258722 20.228910 2.573469
DYNAMIC_OBS_INFO 1 -1.750000 35.855170 1.570796 6.640043 -1.750000 50.195392 16.434421 1.112979
STATIC_OBS_INFO 0 -6.300000 72.086142 27.553931 
STATIC_OBS_INFO 1 -6.300000 65.192956 20.667431 
Parent: 358.337202 10.000000 102.000000 0.000000 2075.700000 195.683127 -10.000000 4.154075 35.000000 0.000000 0 0 0 0 0 0 0 0
Child: 195.683127 19.882747 200.000000 12.660830 2056.300000 0.000000 -10.000000 0.000000 0.000000 0.000000 0 0 0 0 0 0 0 0
EGO_STATUS -5.249303 44.552251 2.100000 1.567177 7.193598 4.000000 0.000000
DYNAMIC_OBS_INFO 0 -5.750000 55.947838 1.570796 48.025596 -5.750000 93.294480 20.486257 2.573469
DYNAMIC_OBS_INFO 1 -1.750000 35.855170 1.570796 7.442941 -1.750000 51.844399 16.545718 1.112979
STATIC_OBS_INFO 0 -6.300000 72.086142 26.835430 
STATIC_OBS_INFO 1 -6.300000 65.192956 19.949453 
Parent: 358.970744 10.000000 102.000000 0.000000 2075.700000 195.416669 -10.000000 4.054075 34.000000 0.000000 0 0 0 0 0 0 0 0
Child: 195.416669 19.163389 193.000000 12.660298 2056.150000 0.000000 -10.000000 0.000000 0.000000 0.000000 0 0 0 0 0 0 0 0
EGO_STATUS -5.242173 45.271569 2.200000 1.553069 7.193598 4.000000 0.000000
DYNAMIC_OBS_INFO 0 -5.750000 55.947838 1.570796 49.368177 -5.750000 95.355973 20.743604 2.573469
DYNAMIC_OBS_INFO 1 -1.750000 35.855170 1.570796 8.277188 -1.750000 53.504536 16.657016 1.112979
STATIC_OBS_INFO 0 -6.300000 72.086142 26.117787 
STATIC_OBS_INFO 1 -6.300000 65.192956 19.232584 
Parent: 358.704491 10.000000 102.000000 0.000000 2075.700000 195.250415 -10.000000 3.954075 34.000000 0.000000 0 0 0 0 0 0 0 0
Child: 195.250415 18.444030 186.000000 12.660927 2057.200000 0.000000 -10.000000 0.000000 0.000000 0.000000 0 0 0 0 0 0 0 0
EGO_STATUS -5.221734 45.990622 2.300000 1.530581 7.193598 4.000000 0.000000
DYNAMIC_OBS_INFO 0 -5.750000 55.947838 1.570796 50.737469 -5.750000 97.443201 21.000951 2.573469
DYNAMIC_OBS_INFO 1 -1.750000 35.855170 1.570796 9.136333 -1.750000 55.175802 16.768314 1.112979
STATIC_OBS_INFO 0 -6.300000 72.086142 25.401819 
STATIC_OBS_INFO 1 -6.300000 65.192956 18.517786 
Parent: 359.446449 10.000000 102.000000 0.000000 2075.700000 195.092374 -10.000000 3.854075 33.000000 0.000000 0 0 0 0 0 0 0 0
Child: 195.092374 17.724670 179.000000 12.661160 2058.550000 0.000000 -10.000000 0.000000 0.000000 0.000000 0 0 0 0 0 0 0 0
EGO_STATUS -5.182808 46.708902 2.400000 1.501999 7.193598 4.000000 0.000000
DYNAMIC_OBS_INFO 0 -5.750000 55.947838 1.570796 52.134310 -5.750000 99.556163 21.258298 2.573469
DYNAMIC_OBS_INFO 1 -1.750000 35.855170 1.570796 10.017103 -1.750000 56.858199 16.879612 1.112979
STATIC_OBS_INFO 0 -6.300000 72.086142 24.688633 
STATIC_OBS_INFO 1 -6.300000 65.192956 17.806340 
Parent: 360.134544 10.000000 102.000000 0.000000 2075.700000 194.880469 -10.000000 3.754075 32.000000 0.000000 0 0 0 0 0 0 0 0
Child: 194.880469 17.005310 172.000000 12.660994 2059.600000 0.000000 -10.000000 0.000000 0.000000 0.000000 0 0 0 0 0 0 0 0
EGO_STATUS -5.121817 47.425638 2.500000 1.469416 7.193598 4.000000 0.000000
DYNAMIC_OBS_INFO 0 -5.750000 55.947838 1.570796 53.559711 -5.750000 101.694860 21.515645 2.573469
DYNAMIC_OBS_INFO 1 -1.750000 35.855170 1.570796 10.918250 -1.750000 58.551725 16.990910 1.112979
STATIC_OBS_INFO 0 -6.300000 72.086142 23.979544 
STATIC_OBS_INFO 1 -6.300000 65.192956 17.099789 
Parent: 360.866514 10.000000 102.000000 0.000000 2075.700000 194.712439 -10.000000 3.654075 31.000000 0.000000 0 0 0 0 0 0 0 0
Child: 194.712439 16.285949 164.000000 12.660418 2048.800000 0.000000 -10.000000 0.000000 0.000000 0.000000 0 0 0 0 0 0 0 0
EGO_STATUS -5.036652 48.139900 2.600000 1.434735 7.193598 4.000000 0.000000
DYNAMIC_OBS_INFO 0 -5.750000 55.947838 1.570796 55.014713 -5.750000 103.859292 21.772992 2.573469
DYNAMIC_OBS_INFO 1 -1.750000 35.855170 1.570796 11.839721 -1.750000 60.256381 17.102208 1.112979
STATIC_OBS_INFO 0 -6.300000 72.086142 23.275957 
STATIC_OBS_INFO 1 -6.300000 65.192956 16.399827 
Parent: 360.165711 10.000000 102.000000 0.000000 2075.700000 194.111636 -10.000000 3.554075 31.000000 0.000000 0 0 0 0 0 0 0 0
Child: 194.111636 15.566588 157.000000 12.659504 2045.950000 0.000000 -10.000000 0.000000 0.000000 0.000000 0 0 0 0 0 0 0 0
EGO_STATUS -4.926540 48.850743 2.700000 1.399666 7.193598 4.000000 0.000000
DYNAMIC_OBS_INFO 0 -5.750000 55.947838 1.570796 56.500232 -5.750000 106.049459 22.030338 2.573469
DYNAMIC_OBS_INFO 1 -1.750000 35.855170 1.570796 12.782047 -1.750000 61.972166 17.213506 1.112979
STATIC_OBS_INFO 0 -6.300000 72.086142 22.579212 
STATIC_OBS_INFO 1 -6.300000 65.192956 15.708168 
Parent: 360.228465 10.000000 102.000000 0.000000 2075.700000 193.274390 -10.000000 3.454075 30.000000 0.000000 0 0 0 0 0 0 0 0
Child: 193.274390 14.847227 150.000000 12.660155 2041.000000 0.000000 -10.000000 0.000000 0.000000 0.000000 0 0 0 0 0 0 0 0
EGO_STATUS -4.791890 49.557351 2.800000 1.365727 7.193598 4.000000 0.000000
DYNAMIC_OBS_INFO 0 -5.750000 55.947838 1.570796 58.016924 -5.750000 108.265360 22.287685 2.573469
DYNAMIC_OBS_INFO 1 -1.750000 35.855170 1.570796 13.745891 -1.750000 63.699082 17.324804 1.112979
STATIC_OBS_INFO 0 -6.300000 72.086142 21.890452 
STATIC_OBS_INFO 1 -6.300000 65.192956 15.026415 
Parent: 544.852730 10.000000 101.000000 0.000000 2055.350000 385.608531 -10.000000 4.744200 39.000000 0.000000 0 0 0 0 0 0 0 0
Child: 385.608531 10.000000 102.000000 0.000000 2075.700000 192.108531 -10.000000 0.000000 0.000000 0.000000 0 0 0 0 0 0 0 0
Child: 192.108531 14.127865 143.000000 12.660355 2033.050000 0.000000 -10.000000 0.000000 0.000000 0.000000 0 0 0 0 0 0 0 0
EGO_STATUS -4.634134 50.259168 2.900000 1.334246 7.193598 4.000000 0.000000
DYNAMIC_OBS_INFO 0 -5.750000 55.947838 1.570796 59.565077 -5.750000 110.506996 22.545032 2.573469
DYNAMIC_OBS_INFO 1 -1.750000 35.855170 1.570796 14.731719 -1.750000 65.437127 17.436102 1.112979
STATIC_OBS_INFO 0 -6.300000 72.086142 21.210504 
STATIC_OBS_INFO 1 -6.300000 65.192956 14.355950 
Parent: 543.166392 10.000000 101.000000 0.000000 2055.350000 384.022193 -10.000000 4.644199 39.000000 0.000000 0 0 0 0 0 0 0 0
Child: 384.022193 10.000000 102.000000 0.000000 2075.700000 190.522193 -10.000000 0.000000 0.000000 0.000000 0 0 0 0 0 0 0 0
Child: 190.522193 13.408503 136.000000 12.660085 2021.200000 0.000000 -10.000000 0.000000 0.000000 0.000000 0 0 0 0 0 0 0 0
EGO_STATUS -4.455561 50.955985 3.000000 1.306358 7.193598 4.000000 0.000000
DYNAMIC_OBS_INFO 0 -5.750000 55.947838 1.570796 61.144550 -5.750000 112.774366 22.802379 2.573469
DYNAMIC_OBS_INFO 1 -1.750000 35.855170 1.570796 15.739595 -1.750000 67.186302 17.547400 1.112979
STATIC_OBS_INFO 0 -6.300000 72.086142 20.539789 
STATIC_OBS_INFO 1 -6.300000 65.192956 13.697849 
Parent: 542.551475 10.000000 101.000000 0.000000 2055.350000 382.507277 -10.000000 4.544199 38.000000 0.000000 0 0 0 0 0 0 0 0
Child: 382.507277 10.000000 102.000000 0.000000 2075.700000 189.007277 -10.000000 0.000000 0.000000 0.000000 0 0 0 0 0 0 0 0
Child: 189.007277 12.689140 128.000000 12.659324 1994.800000 0.000000 -10.000000 0.000000 0.000000 0.000000 0 0 0 0 0 0 0 0
EGO_STATUS -4.259151 51.647994 3.100000 1.283009 7.193598 4.000000 0.000000
DYNAMIC_OBS_INFO 0 -5.750000 55.947838 1.570796 62.754759 -5.750000 115.067472 23.059726 2.573469
DYNAMIC_OBS_INFO 1 -1.750000 35.855170 1.570796 16.769082 -1.750000 68.946607 17.658698 1.112979
STATIC_OBS_INFO 0 -6.300000 72.086142 19.878283 
STATIC_OBS_INFO 1 -6.300000 65.192956 13.052832 
Parent: 540.996625 10.000000 101.000000 0.000000 2055.350000 380.052427 -10.000000 4.444198 37.000000 0.000000 0 0 0 0 0 0 0 0
Child: 380.052427 10.000000 102.000000 0.000000 2075.700000 186.552427 -10.000000 0.000000 0.000000 0.000000 0 0 0 0 0 0 0 0
Child: 186.552427 11.969776 121.000000 12.658047 1974.250000 0.000000 -10.000000 0.000000 0.000000 0.000000 0 0 0 0 0 0 0 0
EGO_STATUS -4.048423 52.335786 3.200000 1.264950 7.193598 4.000000 0.000000
DYNAMIC_OBS_INFO 0 -5.750000 55.947838 1.570796 64.394713 -5.750000 117.386312 23.317073 2.573469
DYNAMIC_OBS_INFO 1 -1.750000 35.855170 1.570796 17.819228 -1.750000 70.718042 17.769996 1.112979
STATIC_OBS_INFO 0 -6.300000 72.086142 19.225511 
STATIC_OBS_INFO 1 -6.300000 65.192956 12.421257 
Parent: 538.985267 10.000000 101.000000 0.000000 2055.350000 377.141069 -10.000000 4.344198 36.000000 0.000000 0 0 0 0 0 0 0 0
Child: 377.141069 10.000000 102.000000 0.000000 2075.700000 183.641069 -10.000000 0.000000 0.000000 0.000000 0 0 0 0 0 0 0 0
Child: 183.641069 11.250411 114.000000 12.657794 1949.500000 0.000000 -10.000000 0.000000 0.000000 0.000000 0 0 0 0 0 0 0 0
EGO_STATUS -3.827290 53.020309 3.300000 1.252742 7.193598 4.000000 0.000000
DYNAMIC_OBS_INFO 0 -5.750000 55.947838 1.570796 66.063091 -5.750000 119.730886 23.574420 2.573469
DYNAMIC_OBS_INFO 1 -1.750000 35.855170 1.570796 18.888622 -1.750000 72.500606 17.881293 1.112979
STATIC_OBS_INFO 0 -6.300000 72.086142 18.580579 
STATIC_OBS_INFO 1 -6.300000 65.192956 11.803146 
Parent: 535.482861 10.000000 101.000000 0.000000 2055.350000 373.738665 -10.000000 4.244197 36.000000 0.000000 0 0 0 0 0 0 0 0
Child: 373.738665 10.000000 102.000000 0.000000 2075.700000 180.238665 -10.000000 0.000000 0.000000 0.000000 0 0 0 0 0 0 0 0
Child: 180.238665 10.531046 107.000000 12.657456 1920.250000 0.000000 -10.000000 0.000000 0.000000 0.000000 0 0 0 0 0 0 0 0
EGO_STATUS -3.599928 53.702793 3.400000 1.246756 7.193598 4.000000 0.000000
DYNAMIC_OBS_INFO 0 -5.750000 55.947838 1.570796 67.758342 -5.750000 122.101195 23.831766 2.573469
DYNAMIC_OBS_INFO 1 -1.750000 35.855170 1.570796 19.975512 -1.750000 74.294300 17.992591 1.112979
STATIC_OBS_INFO 0 -6.300000 72.086142 17.942243 
STATIC_OBS_INFO 1 -6.300000 65.192956 11.198243 
Parent: 532.395051 10.000000 101.000000 0.000000 2055.350000 369.750855 -10.000000 4.144196 35.000000 0.000000 0 0 0 0 0 0 0 0
Child: 369.750855 10.000000 102.000000 0.000000 2075.700000 176.250855 -10.000000 0.000000 0.000000 0.000000 0 0 0 0 0 0 0 0
Child: 176.250855 9.811680 100.000000 12.656511 1885.600000 0.000000 -10.000000 0.000000 0.000000 0.000000 0 0 0 0 0 0 0 0
EGO_STATUS -3.370668 54.384642 3.500000 1.247169 7.193598 4.000000 0.000000
DYNAMIC_OBS_INFO 0 -5.750000 55.947838 1.570796 69.478818 -5.750000 124.497239 24.089113 2.573469
DYNAMIC_OBS_INFO 1 -1.750000 35.855170 1.570796 21.077948 -1.750000 76.099124 18.103889 1.112979
STATIC_OBS_INFO 0 -6.300000 72.086142 17.309001 
STATIC_OBS_INFO 1 -6.300000 65.192956 10.606115 
Parent: 521.671981 29.145258 293.000000 12.872523 5633.150000 0.000000 -10.000000 4.051555 34.000000 0.000000 0 0 0 0 0 0 0 0
EGO_STATUS -3.143881 55.067316 3.600000 1.253969 7.193598 4.000000 0.000000
DYNAMIC_OBS_INFO 0 -5.750000 55.947838 1.570796 71.222907 -5.750000 126.919018 24.346460 2.573469
DYNAMIC_OBS_INFO 1 -1.750000 35.855170 1.570796 22.193941 -1.750000 77.915078 18.215187 1.112979
STATIC_OBS_INFO 0 -6.300000 72.086142 16.679200 
STATIC_OBS_INFO 1 -6.300000 65.192956 10.026265 
Parent: 509.671210 28.425868 286.000000 12.871495 5518.000000 0.000000 -10.000000 3.951551 34.000000 0.000000 0 0 0 0 0 0 0 0
EGO_STATUS -2.923882 55.752204 3.700000 1.266948 7.193598 4.000000 0.000000
DYNAMIC_OBS_INFO 0 -5.750000 55.947838 1.570796 72.989168 -5.750000 129.366531 24.603807 2.573469
DYNAMIC_OBS_INFO 1 -1.750000 35.855170 1.570796 23.321628 -1.750000 79.742162 18.326485 1.112979
STATIC_OBS_INFO 0 -6.300000 72.086142 16.051160 
STATIC_OBS_INFO 1 -6.300000 65.192956 9.458283 
Parent: 498.279901 27.706479 279.000000 12.871222 5398.950000 0.000000 -10.000000 3.851547 33.000000 0.000000 0 0 0 0 0 0 0 0
EGO_STATUS -2.714808 56.440499 3.800000 1.285684 7.193598 4.000000 0.000000
DYNAMIC_OBS_INFO 0 -5.750000 55.947838 1.570796 74.776455 -5.750000 131.839780 24.861154 2.573469
DYNAMIC_OBS_INFO 1 -1.750000 35.855170 1.570796 24.459417 -1.750000 81.580375 18.437783 1.112979
STATIC_OBS_INFO 0 -6.300000 72.086142 15.423303 
STATIC_OBS_INFO 1 -6.300000 65.192956 8.902025 
Parent: 486.378710 26.987091 271.000000 12.871029 5255.350000 0.000000 -10.000000 3.751543 32.000000 0.000000 0 0 0 0 0 0 0 0
EGO_STATUS -2.520487 57.133097 3.900000 1.309542 7.193598 4.000000 0.000000
DYNAMIC_OBS_INFO 0 -5.750000 55.947838 1.570796 76.584003 -5.750000 134.338762 25.118501 2.573469
DYNAMIC_OBS_INFO 1 -1.750000 35.855170 1.570796 25.606094 -1.750000 83.429719 18.549081 1.112979
STATIC_OBS_INFO 0 -6.300000 72.086142 14.794262 
STATIC_OBS_INFO 1 -6.300000 65.192956 8.357807 
Parent: 473.271869 26.267705 264.000000 12.870568 5129.100000 0.000000 -10.000000 3.651539 32.000000 0.000000 0 0 0 0 0 0 0 0
EGO_STATUS -2.344307 57.830523 4.000000 1.337725 7.193598 4.000000 0.000000
DYNAMIC_OBS_INFO 0 -5.750000 55.947838 1.570796 78.411468 -5.750000 136.863480 25.375848 2.573469
DYNAMIC_OBS_INFO 1 -1.750000 35.855170 1.570796 26.760886 -1.750000 85.290192 18.660379 1.112979
STATIC_OBS_INFO 0 -6.300000 72.086142 14.162965 
STATIC_OBS_INFO 1 -6.300000 65.192956 7.826601 
Parent: 460.596644 25.548321 257.000000 12.869842 4997.150000 0.000000 -10.000000 3.551536 31.000000 0.000000 0 0 0 0 0 0 0 0
EGO_STATUS -2.189106 58.532908 4.100000 1.369315 7.193598 4.000000 0.000000
DYNAMIC_OBS_INFO 0 -5.750000 55.947838 1.570796 80.258925 -5.750000 139.413932 25.633194 2.573469
DYNAMIC_OBS_INFO 1 -1.750000 35.855170 1.570796 27.923471 -1.750000 87.161794 18.771677 1.112979
STATIC_OBS_INFO 0 -6.300000 72.086142 13.528688 
STATIC_OBS_INFO 1 -6.300000 65.192956 7.310259 
Parent: 447.652449 24.828938 250.000000 12.868850 4862.500000 0.000000 -10.000000 3.451532 30.000000 0.000000 0 0 0 0 0 0 0 0
EGO_STATUS -2.057083 59.240012 4.200000 1.403317 7.193598 4.000000 0.000000
DYNAMIC_OBS_INFO 0 -5.750000 55.947838 1.570796 82.126815 -5.750000 141.990119 25.890541 2.573469
DYNAMIC_OBS_INFO 1 -1.750000 35.855170 1.570796 29.093936 -1.750000 89.044527 18.882975 1.112979
STATIC_OBS_INFO 0 -6.300000 72.086142 12.891076 
STATIC_OBS_INFO 1 -6.300000 65.192956 6.811760 
Parent: 433.499633 24.109557 243.000000 12.868373 4725.750000 0.000000 -10.000000 3.351530 30.000000 0.000000 0 0 0 0 0 0 0 0
EGO_STATUS -1.949728 59.951276 4.300000 1.438698 7.193598 4.000000 0.000000
DYNAMIC_OBS_INFO 0 -5.750000 55.947838 1.570796 84.015871 -5.750000 144.592040 26.147888 2.573469
DYNAMIC_OBS_INFO 1 -1.750000 35.855170 1.570796 30.272706 -1.750000 90.938389 18.994273 1.112979
STATIC_OBS_INFO 0 -6.300000 72.086142 12.250151 
STATIC_OBS_INFO 1 -6.300000 65.192956 6.335510 
Parent: 587.268386 33.437029 336.000000 12.787259 6334.200000 0.000000 -10.000000 4.648165 39.000000 0.000000 0 0 0 0 0 0 0 0
EGO_STATUS -1.867782 60.665912 4.400000 1.474419 7.193598 4.000000 0.000000
DYNAMIC_OBS_INFO 0 -5.750000 55.947838 1.570796 85.927011 -5.750000 147.219696 26.405235 2.573469
DYNAMIC_OBS_INFO 1 -1.750000 35.855170 1.570796 31.460434 -1.750000 92.843381 19.105571 1.112979
STATIC_OBS_INFO 0 -6.300000 72.086142 11.606299 
STATIC_OBS_INFO 1 -6.300000 65.192956 5.887682 
Parent: 573.820730 32.717657 329.000000 12.377757 6194.750000 0.000000 -10.000000 4.548163 38.000000 0.000000 0 0 0 0 0 0 0 0
EGO_STATUS -1.811227 61.383007 4.500000 1.509475 7.193598 4.000000 0.000000
DYNAMIC_OBS_INFO 0 -5.750000 55.947838 1.570796 87.861232 -5.750000 149.873087 26.662582 2.573469
DYNAMIC_OBS_INFO 1 -1.750000 35.855170 1.570796 32.657893 -1.750000 94.759503 19.216868 1.112979
STATIC_OBS_INFO 0 -6.300000 72.086142 10.960251 
STATIC_OBS_INFO 1 -6.300000 65.192956 5.476572 
Parent: 559.865695 31.998288 321.000000 11.674229 6031.650000 0.000000 -10.000000 4.448162 37.000000 0.000000 0 0 0 0 0 0 0 0
EGO_STATUS -1.779326 62.101623 4.600000 1.542969 7.193598 4.000000 0.000000
DYNAMIC_OBS_INFO 0 -5.750000 55.947838 1.570796 89.819503 -5.750000 152.552213 26.919929 2.573469
DYNAMIC_OBS_INFO 1 -1.750000 35.855170 1.570796 33.865861 -1.750000 96.686755 19.328166 1.112979
STATIC_OBS_INFO 0 -6.300000 72.086142 10.313055 
STATIC_OBS_INFO 1 -6.300000 65.192956 5.112833 
Parent: 545.036666 31.278922 314.000000 10.733965 5888.900000 0.000000 -10.000000 4.348161 37.000000 0.000000 0 0 0 0 0 0 0 0
EGO_STATUS -1.770716 62.820900 4.700000 1.574163 7.193598 4.000000 0.000000
DYNAMIC_OBS_INFO 0 -5.750000 55.947838 1.570796 91.802680 -5.750000 155.257073 27.177276 2.573469
DYNAMIC_OBS_INFO 1 -1.750000 35.855170 1.570796 35.085032 -1.750000 98.625137 19.439464 1.112979
STATIC_OBS_INFO 0 -6.300000 72.086142 9.666071 
STATIC_OBS_INFO 1 -6.300000 65.192956 4.809399 
Parent: 531.220932 30.559559 307.000000 9.609595 5746.450000 0.000000 -10.000000 4.248160 36.000000 0.000000 0 0 0 0 0 0 0 0
EGO_STATUS -1.783535 63.540121 4.800000 1.602476 7.193598 4.000000 0.000000
DYNAMIC_OBS_INFO 0 -5.750000 55.947838 1.570796 93.811461 -5.750000 157.987668 27.434622 2.573469
DYNAMIC_OBS_INFO 1 -1.750000 35.855170 1.570796 36.315958 -1.750000 100.574648 19.550762 1.112979
STATIC_OBS_INFO 0 -6.300000 72.086142 9.021005 
STATIC_OBS_INFO 1 -6.300000 65.192956 4.580741 
Parent: 517.542724 29.840197 300.000000 8.349236 5605.500000 0.000000 -10.000000 4.148160 35.000000 0.000000 0 0 0 0 0 0 0 0
EGO_STATUS -1.815533 64.258749 4.900000 1.627462 7.193598 4.000000 0.000000
DYNAMIC_OBS_INFO 0 -5.750000 55.947838 1.570796 95.846352 -5.750000 160.743997 27.691969 2.573469
DYNAMIC_OBS_INFO 1 -1.750000 35.855170 1.570796 37.559015 -1.750000 102.535289 19.662060 1.112979
STATIC_OBS_INFO 0 -6.300000 72.086142 8.379992 
STATIC_OBS_INFO 1 -6.300000 65.192956 4.441102 
Parent: 502.976370 29.120838 293.000000 6.996635 5465.750000 0.000000 -10.000000 4.048160 35.000000 0.000000 0 0 0 0 0 0 0 0
EGO_STATUS -1.864179 64.976447 5.000000 1.648805 7.193598 4.000000 0.000000
DYNAMIC_OBS_INFO 0 -5.750000 55.947838 1.570796 97.907668 -5.750000 163.526061 27.949316 2.573469
DYNAMIC_OBS_INFO 1 -1.750000 35.855170 1.570796 38.814392 -1.750000 104.507060 19.773358 1.112979
STATIC_OBS_INFO 0 -6.300000 72.086142 7.745748 
STATIC_OBS_INFO 1 -6.300000 65.192956 4.401745 
Parent: 489.385458 28.401479 286.000000 6.279709 5325.100000 0.000000 -10.000000 3.948160 34.000000 0.000000 0 0 0 0 0 0 0 0
EGO_STATUS -1.926758 65.693070 5.100000 1.666306 7.193598 4.000000 0.000000
DYNAMIC_OBS_INFO 0 -5.750000 55.947838 1.570796 99.995545 -5.750000 166.333860 28.206663 2.573469
DYNAMIC_OBS_INFO 1 -1.750000 35.855170 1.570796 40.082104 -1.750000 106.489961 19.884656 1.112979
STATIC_OBS_INFO 0 -6.300000 72.086142 7.121804 
STATIC_OBS_INFO 1 -6.300000 65.192956 4.468102 
Parent: 475.932728 27.682120 278.000000 6.279679 5166.500000 0.000000 -10.000000 3.848161 33.000000 0.000000 0 0 0 0 0 0 0 0
EGO_STATUS -2.000459 66.408639 5.200000 1.679868 7.193598 4.000000 0.000000
DYNAMIC_OBS_INFO 0 -5.750000 55.947838 1.570796 102.109972 -5.750000 169.167394 28.464010 2.573469
DYNAMIC_OBS_INFO 1 -1.750000 35.855170 1.570796 41.362019 -1.750000 108.483991 19.995954 1.112979
STATIC_OBS_INFO 0 -6.300000 72.086142 6.512872 
STATIC_OBS_INFO 1 -6.300000 65.192956 4.638324 
Parent: 462.830657 26.962762 271.000000 6.279549 5030.050000 0.000000 -10.000000 3.748161 32.000000 0.000000 0 0 0 0 0 0 0 0
EGO_STATUS -2.082443 67.123309 5.300000 1.689488 7.193598 4.000000 0.000000
DYNAMIC_OBS_INFO 0 -5.750000 55.947838 1.570796 104.250822 -5.750000 172.026662 28.721357 2.573469
DYNAMIC_OBS_INFO 1 -1.750000 35.855170 1.570796 42.653888 -1.750000 110.489151 20.107252 1.112979
STATIC_OBS_INFO 0 -6.300000 72.086142 5.925374 
STATIC_OBS_INFO 1 -6.300000 65.192956 4.904118 
Parent: 449.027873 26.243404 264.000000 6.279319 4896.600000 0.000000 -10.000000 3.648161 32.000000 0.000000 0 0 0 0 0 0 0 0
EGO_STATUS -2.169908 67.837330 5.400000 1.695245 7.193598 4.000000 0.000000
DYNAMIC_OBS_INFO 0 -5.750000 55.947838 1.570796 106.417896 -5.750000 174.911665 28.978704 2.573469
DYNAMIC_OBS_INFO 1 -1.750000 35.855170 1.570796 43.957394 -1.750000 112.505441 20.218550 1.112979
STATIC_OBS_INFO 0 -6.300000 72.086142 5.368204 
STATIC_OBS_INFO 1 -6.300000 65.192956 5.253280 
Parent: 436.344868 25.524046 257.000000 6.278988 4764.350000 0.000000 -10.000000 3.548161 31.000000 0.000000 0 0 0 0 0 0 0 0
EGO_STATUS -2.260143 68.551008 5.500000 1.697290 7.193598 4.000000 0.000000
DYNAMIC_OBS_INFO 0 -5.750000 55.947838 1.570796 108.610954 -5.750000 177.822403 29.236050 2.573469
DYNAMIC_OBS_INFO 1 -1.750000 35.855170 1.570796 45.272184 -1.750000 114.532861 20.329848 1.112979
STATIC_OBS_INFO 0 -6.300000 72.086142 4.853733 
STATIC_OBS_INFO 1 -6.300000 65.192956 5.672456 
Parent: 423.811136 24.804688 250.000000 6.278800 4633.600000 0.000000 -10.000000 3.448161 30.000000 0.000000 0 0 0 0 0 0 0 0
EGO_STATUS -2.350573 69.264661 5.600000 1.695838 7.193598 4.000000 0.000000
DYNAMIC_OBS_INFO 0 -5.750000 55.947838 1.570796 110.829760 -5.750000 180.758875 29.493397 2.573469
DYNAMIC_OBS_INFO 1 -1.750000 35.855170 1.570796 46.597911 -1.750000 116.571411 20.441146 1.112979
STATIC_OBS_INFO 0 -6.300000 72.086142 4.398944 
STATIC_OBS_INFO 1 -6.300000 65.192956 6.149084 
Parent: 410.278186 24.085329 242.000000 6.278777 4484.300000 0.000000 -10.000000 3.348162 30.000000 0.000000 0 0 0 0 0 0 0 0
EGO_STATUS -2.438791 69.978591 5.700000 1.691153 7.193598 4.000000 0.000000
DYNAMIC_OBS_INFO 0 -5.750000 55.947838 1.570796 113.074101 -5.750000 183.721083 29.750744 2.573469
DYNAMIC_OBS_INFO 1 -1.750000 35.855170 1.570796 47.934267 -1.750000 118.621090 20.552443 1.112979
STATIC_OBS_INFO 0 -6.300000 72.086142 4.026099 
STATIC_OBS_INFO 1 -6.300000 65.192956 6.672316 
Parent: 351.014706 33.574501 337.000000 10.502154 3957.750000 0.000000 -10.000000 4.667275 39.000000 0.000000 0 0 0 0 0 0 0 0
EGO_STATUS -2.522598 70.693050 5.800000 1.683547 7.193598 4.000000 0.000000
DYNAMIC_OBS_INFO 0 -5.750000 55.947838 1.570796 115.343817 -5.750000 186.709024 30.008091 2.573469
DYNAMIC_OBS_INFO 1 -1.750000 35.855170 1.570796 49.281003 -1.750000 120.681900 20.663741 1.112979
STATIC_OBS_INFO 0 -6.300000 72.086142 3.761569 
STATIC_OBS_INFO 1 -6.300000 65.192956 7.233217 
Parent: 338.960959 32.855101 330.000000 10.501368 3830.300000 0.000000 -10.000000 4.567269 38.000000 0.000000 0 0 0 0 0 0 0 0
EGO_STATUS -2.600023 71.408228 5.900000 1.673365 7.193598 4.000000 0.000000
DYNAMIC_OBS_INFO 0 -5.750000 55.947838 1.570796 117.638811 -5.750000 189.722701 30.265438 2.573469
DYNAMIC_OBS_INFO 1 -1.750000 35.855170 1.570796 50.637951 -1.750000 122.753839 20.775039 1.112979
STATIC_OBS_INFO 0 -6.300000 72.086142 3.630845 
STATIC_OBS_INFO 1 -6.300000 65.192956 7.824589 
Parent: 327.241855 32.135706 323.000000 10.500670 3706.150000 0.000000 -10.000000 4.467265 37.000000 0.000000 0 0 0 0 0 0 0 0
EGO_STATUS -2.669355 72.124234 6.000000 1.661006 7.193598 4.000000 0.000000
DYNAMIC_OBS_INFO 0 -5.750000 55.947838 1.570796 119.959058 -5.750000 192.762112 30.522785 2.573469
DYNAMIC_OBS_INFO 1 -1.750000 35.855170 1.570796 52.005032 -1.750000 124.836908 20.886337 1.112979
STATIC_OBS_INFO 0 -6.300000 72.086142 3.649749 
STATIC_OBS_INFO 1 -6.300000 65.192956 8.440660 
Parent: 314.529129 31.416315 316.000000 10.501275 3582.000000 0.000000 -10.000000 4.367260 37.000000 0.000000 0 0 0 0 0 0 0 0
EGO_STATUS -2.729185 72.841095 6.100000 1.646925 7.193598 4.000000 0.000000
DYNAMIC_OBS_INFO 0 -5.750000 55.947838 1.570796 122.304603 -5.750000 195.827258 30.780132 2.573469
DYNAMIC_OBS_INFO 1 -1.750000 35.855170 1.570796 53.382255 -1.750000 126.931106 20.997635 1.112979
STATIC_OBS_INFO 0 -6.300000 72.086142 3.817060 
STATIC_OBS_INFO 1 -6.300000 65.192956 9.076783 
Parent: 304.016467 30.696928 308.000000 10.501448 3458.600000 0.000000 -10.000000 4.267256 36.000000 0.000000 0 0 0 0 0 0 0 0
EGO_STATUS -2.778446 73.558759 6.200000 1.631621 7.193598 4.000000 0.000000
DYNAMIC_OBS_INFO 0 -5.750000 55.947838 1.570796 124.675549 -5.750000 198.918138 31.037478 2.573469
DYNAMIC_OBS_INFO 1 -1.750000 35.855170 1.570796 54.769711 -1.750000 129.036435 21.108933 1.112979
STATIC_OBS_INFO 0 -6.300000 72.086142 4.115284 
STATIC_OBS_INFO 1 -6.300000 65.192956 9.729184 
Parent: 291.514774 29.977545 301.000000 10.501188 3326.550000 0.000000 -10.000000 4.167253 35.000000 0.000000 0 0 0 0 0 0 0 0
EGO_STATUS -2.816434 74.277106 6.300000 1.615616 7.193598 4.000000 0.000000
DYNAMIC_OBS_INFO 0 -5.750000 55.947838 1.570796 127.072039 -5.750000 202.034753 31.294825 2.573469
DYNAMIC_OBS_INFO 1 -1.750000 35.855170 1.570796 56.167552 -1.750000 131.152893 21.220231 1.112979
STATIC_OBS_INFO 0 -6.300000 72.086142 4.518755 
STATIC_OBS_INFO 1 -6.300000 65.192956 10.394767 
Parent: 279.105873 29.258167 294.000000 10.500492 3205.400000 0.000000 -10.000000 4.067251 35.000000 0.000000 0 0 0 0 0 0 0 0
EGO_STATUS -2.842829 74.995974 6.400000 1.599444 7.193598 4.000000 0.000000
DYNAMIC_OBS_INFO 0 -5.750000 55.947838 1.570796 129.494236 -5.750000 205.177103 31.552172 2.573469
DYNAMIC_OBS_INFO 1 -1.750000 35.855170 1.570796 57.575965 -1.750000 133.280481 21.331529 1.112979
STATIC_OBS_INFO 0 -6.300000 72.086142 5.001932 
STATIC_OBS_INFO 1 -6.300000 65.192956 11.070975 
Parent: 267.823222 28.538794 287.000000 10.499531 3085.450000 0.000000 -10.000000 3.967249 34.000000 0.000000 0 0 0 0 0 0 0 0
EGO_STATUS -2.857696 75.715172 6.500000 1.583633 7.193598 4.000000 0.000000
DYNAMIC_OBS_INFO 0 -5.750000 55.947838 1.570796 131.942295 -5.750000 208.345188 31.809519 2.573469
DYNAMIC_OBS_INFO 1 -1.750000 35.855170 1.570796 58.995155 -1.750000 135.419198 21.442827 1.112979
STATIC_OBS_INFO 0 -6.300000 72.086142 5.543628 
STATIC_OBS_INFO 1 -6.300000 65.192956 11.755683 
Parent: 256.488387 27.819424 280.000000 10.500231 2964.900000 0.000000 -10.000000 3.867247 33.000000 0.000000 0 0 0 0 0 0 0 0
EGO_STATUS -2.861474 76.434515 6.600000 1.568693 7.193598 4.000000 0.000000
DYNAMIC_OBS_INFO 0 -5.750000 55.947838 1.570796 134.416348 -5.750000 211.539007 32.066866 2.573469
DYNAMIC_OBS_INFO 1 -1.750000 35.855170 1.570796 60.425311 -1.750000 137.569046 21.554125 1.112979
STATIC_OBS_INFO 0 -6.300000 72.086142 6.127790 
STATIC_OBS_INFO 1 -6.300000 65.192956 12.447127 
Parent: 245.161428 27.100057 273.000000 10.500504 2844.350000 0.000000 -10.000000 3.767246 32.000000 0.000000 0 0 0 0 0 0 0 0
EGO_STATUS -2.854966 77.153839 6.700000 1.555105 7.193598 4.000000 0.000000
DYNAMIC_OBS_INFO 0 -5.750000 55.947838 1.570796 136.916479 -5.750000 214.758561 32.324213 2.573469
DYNAMIC_OBS_INFO 1 -1.750000 35.855170 1.570796 61.866590 -1.750000 139.730023 21.665423 1.112979
STATIC_OBS_INFO 0 -6.300000 72.086142 6.742730 
STATIC_OBS_INFO 1 -6.300000 65.192956 13.143839 
Parent: 232.766237 26.380694 265.000000 10.500346 2712.750000 0.000000 -10.000000 3.667246 32.000000 0.000000 0 0 0 0 0 0 0 0
EGO_STATUS -2.839307 77.873024 6.800000 1.543309 7.193598 4.000000 0.000000
DYNAMIC_OBS_INFO 0 -5.750000 55.947838 1.570796 139.442720 -5.750000 218.003849 32.581559 2.573469
DYNAMIC_OBS_INFO 1 -1.750000 35.855170 1.570796 63.319102 -1.750000 141.902131 21.776721 1.112979
STATIC_OBS_INFO 0 -6.300000 72.086142 7.380037 
STATIC_OBS_INFO 1 -6.300000 65.192956 13.844607 
Parent: 221.378667 25.661332 258.000000 10.499755 2591.600000 0.000000 -10.000000 3.567246 31.000000 0.000000 0 0 0 0 0 0 0 0
EGO_STATUS -2.815932 78.592001 6.900000 1.533696 7.193598 4.000000 0.000000
DYNAMIC_OBS_INFO 0 -5.750000 55.947838 1.570796 141.995042 -5.750000 221.274873 32.838906 2.573469
DYNAMIC_OBS_INFO 1 -1.750000 35.855170 1.570796 64.782902 -1.750000 144.085368 21.888018 1.112979
STATIC_OBS_INFO 0 -6.300000 72.086142 8.033649 
STATIC_OBS_INFO 1 -6.300000 65.192956 14.548428 
Parent: 210.029952 24.941973 251.000000 10.498730 2470.750000 0.000000 -10.000000 3.467246 30.000000 0.000000 0 0 0 0 0 0 0 0
EGO_STATUS -2.786535 79.310758 7.000000 1.526600 7.193598 4.000000 0.000000
DYNAMIC_OBS_INFO 0 -5.750000 55.947838 1.570796 144.573360 -5.750000 224.571631 33.096253 2.573469
DYNAMIC_OBS_INFO 1 -1.750000 35.855170 1.570796 66.257990 -1.750000 146.279734 21.999316 1.112979
STATIC_OBS_INFO 0 -6.300000 72.086142 8.699158 
STATIC_OBS_INFO 1 -6.300000 65.192956 15.254481 
Parent: 181.402635 10.000000 101.000000 0.000000 15.150000 224.145264 -10.000000 4.757371 39.000000 0.000000 0 0 0 0 0 0 0 0
Child: 224.145264 24.222615 244.000000 10.499334 2348.100000 0.000000 -10.000000 0.000000 0.000000 0.000000 0 0 0 0 0 0 0 0
EGO_STATUS -2.753029 80.029337 7.100000 1.522290 7.193598 4.000000 0.000000
DYNAMIC_OBS_INFO 0 -5.750000 55.947838 1.570796 147.177550 -5.750000 227.894123 33.353600 2.573469
DYNAMIC_OBS_INFO 1 -1.750000 35.855170 1.570796 67.744321 -1.750000 148.485231 22.110614 1.112979
STATIC_OBS_INFO 0 -6.300000 72.086142 9.373313 
STATIC_OBS_INFO 1 -6.300000 65.192956 15.962083 
Parent: 168.955707 10.000000 101.000000 0.000000 15.150000 211.798336 -10.000000 4.657371 39.000000 0.000000 0 0 0 0 0 0 0 0
Child: 211.798336 23.503258 237.000000 10.499710 2226.050000 0.000000 -10.000000 0.000000 0.000000 0.000000 0 0 0 0 0 0 0 0
EGO_STATUS -2.717493 80.747818 7.200000 1.520966 7.193598 4.000000 0.000000
DYNAMIC_OBS_INFO 0 -5.750000 55.947838 1.570796 149.807459 -5.750000 231.242351 33.610947 2.573469
DYNAMIC_OBS_INFO 1 -1.750000 35.855170 1.570796 69.241824 -1.750000 150.701857 22.221912 1.112979
STATIC_OBS_INFO 0 -6.300000 72.086142 10.053684 
STATIC_OBS_INFO 1 -6.300000 65.192956 16.670663 
Parent: 157.156846 10.000000 101.000000 0.000000 15.150000 199.099474 -10.000000 4.557372 38.000000 0.000000 0 0 0 0 0 0 0 0
Child: 199.099474 22.783902 229.000000 10.499659 2091.150000 0.000000 -10.000000 0.000000 0.000000 0.000000 0 0 0 0 0 0 0 0
EGO_STATUS -2.682121 81.466308 7.300000 1.522755 7.193598 4.000000 0.000000
DYNAMIC_OBS_INFO 0 -5.750000 55.947838 1.570796 152.462937 -5.750000 234.616313 33.868294 2.573469
DYNAMIC_OBS_INFO 1 -1.750000 35.855170 1.570796 70.750415 -1.750000 152.929613 22.333210 1.112979
STATIC_OBS_INFO 0 -6.300000 72.086142 10.738421 
STATIC_OBS_INFO 1 -6.300000 65.192956 17.379732 
Parent: 145.381441 10.000000 101.000000 0.000000 15.150000 186.424068 -10.000000 4.457372 37.000000 0.000000 0 0 0 0 0 0 0 0
Child: 186.424068 22.064546 222.000000 10.499178 1965.800000 0.000000 -10.000000 0.000000 0.000000 0.000000 0 0 0 0 0 0 0 0
EGO_STATUS -2.649174 82.184912 7.400000 1.527706 7.193598 4.000000 0.000000
DYNAMIC_OBS_INFO 0 -5.750000 55.947838 1.570796 155.143853 -5.750000 238.016010 34.125641 2.573469
DYNAMIC_OBS_INFO 1 -1.750000 35.855170 1.570796 72.270032 -1.750000 155.168499 22.444508 1.112979
STATIC_OBS_INFO 0 -6.300000 72.086142 11.426089 
STATIC_OBS_INFO 1 -6.300000 65.192956 18.088853 
Parent: 132.619424 10.000000 101.000000 0.000000 15.150000 173.762051 -10.000000 4.357373 37.000000 0.000000 0 0 0 0 0 0 0 0
Child: 173.762051 21.345189 215.000000 10.498267 1840.450000 0.000000 -10.000000 0.000000 0.000000 0.000000 0 0 0 0 0 0 0 0
EGO_STATUS -2.620919 82.903715 7.500000 1.535792 7.193598 4.000000 0.000000
DYNAMIC_OBS_INFO 0 -5.750000 55.947838 1.570796 157.850129 -5.750000 241.441441 34.382987 2.573469
DYNAMIC_OBS_INFO 1 -1.750000 35.855170 1.570796 73.800651 -1.750000 157.418515 22.555806 1.112979
STATIC_OBS_INFO 0 -6.300000 72.086142 12.115550 
STATIC_OBS_INFO 1 -6.300000 65.192956 18.797621 
Parent: 120.991312 10.000000 101.000000 0.000000 15.150000 161.233939 -10.000000 4.257373 36.000000 0.000000 0 0 0 0 0 0 0 0
Child: 161.233939 20.625833 208.000000 10.498609 1716.300000 0.000000 -10.000000 0.000000 0.000000 0.000000 0 0 0 0 0 0 0 0
EGO_STATUS -2.599578 83.622754 7.600000 1.546906 7.193598 4.000000 0.000000
DYNAMIC_OBS_INFO 0 -5.750000 55.947838 1.570796 160.581754 -5.750000 244.892607 34.640334 2.573469
DYNAMIC_OBS_INFO 1 -1.750000 35.855170 1.570796 75.342310 -1.750000 159.679660 22.667104 1.112979
STATIC_OBS_INFO 0 -6.300000 72.086142 12.805877 
STATIC_OBS_INFO 1 -6.300000 65.192956 19.505649 
Parent: 109.141555 10.000000 101.000000 0.000000 15.150000 148.484182 -10.000000 4.157374 35.000000 0.000000 0 0 0 0 0 0 0 0
Child: 148.484182 19.906476 201.000000 10.499111 1589.750000 0.000000 -10.000000 0.000000 0.000000 0.000000 0 0 0 0 0 0 0 0
EGO_STATUS -2.587269 84.342002 7.700000 1.560866 7.193598 4.000000 0.000000
DYNAMIC_OBS_INFO 0 -5.750000 55.947838 1.570796 163.338804 -5.750000 248.369508 34.897681 2.573469
DYNAMIC_OBS_INFO 1 -1.750000 35.855170 1.570796 76.895128 -1.750000 161.951936 22.778402 1.112979
STATIC_OBS_INFO 0 -6.300000 72.086142 13.496304 
STATIC_OBS_INFO 1 -6.300000 65.192956 20.212553 
Parent: 97.931152 10.000000 101.000000 0.000000 15.150000 136.373778 -10.000000 4.057374 34.000000 0.000000 0 0 0 0 0 0 0 0
Child: 136.373778 19.187119 193.000000 10.499195 1461.850000 0.000000 -10.000000 0.000000 0.000000 0.000000 0 0 0 0 0 0 0 0
EGO_STATUS -2.585953 85.061352 7.800000 1.577414 7.193598 4.000000 0.000000
DYNAMIC_OBS_INFO 0 -5.750000 55.947838 1.570796 166.121451 -5.750000 251.872143 35.155028 2.573469
DYNAMIC_OBS_INFO 1 -1.750000 35.855170 1.570796 78.459307 -1.750000 164.235341 22.889700 1.112979
STATIC_OBS_INFO 0 -6.300000 72.086142 14.186187 
STATIC_OBS_INFO 1 -6.300000 65.192956 20.917957 
Parent: 83.998202 10.000000 101.000000 0.000000 15.150000 122.540827 -10.000000 3.957374 34.000000 0.000000 0 0 0 0 0 0 0 0
Child: 122.540827 18.467762 186.000000 10.498859 1324.400000 0.000000 -10.000000 0.000000 0.000000 0.000000 0 0 0 0 0 0 0 0
EGO_STATUS -2.597376 85.780610 7.900000 1.596221 7.193598 4.000000 0.000000
DYNAMIC_OBS_INFO 0 -5.750000 55.947838 1.570796 168.929958 -5.750000 255.400513 35.412375 2.573469
DYNAMIC_OBS_INFO 1 -1.750000 35.855170 1.570796 80.035138 -1.750000 166.529876 23.000998 1.112979
STATIC_OBS_INFO 0 -6.300000 72.086142 14.874981 
STATIC_OBS_INFO 1 -6.300000 65.192956 21.621493 
Parent: 72.258066 10.000000 101.000000 0.000000 15.150000 109.900691 -10.000000 3.857375 33.000000 0.000000 0 0 0 0 0 0 0 0
Child: 109.900691 17.748404 179.000000 10.498103 1198.750000 0.000000 -10.000000 0.000000 0.000000 0.000000 0 0 0 0 0 0 0 0
EGO_STATUS -2.623020 86.499499 8.000000 1.616891 7.193598 4.000000 0.000000
DYNAMIC_OBS_INFO 0 -5.750000 55.947838 1.570796 171.764670 -5.750000 258.954618 35.669722 2.573469
DYNAMIC_OBS_INFO 1 -1.750000 35.855170 1.570796 81.622986 -1.750000 168.835540 23.112295 1.112979
STATIC_OBS_INFO 0 -6.300000 72.086142 15.562241 
STATIC_OBS_INFO 1 -6.300000 65.192956 22.322818 
Parent: 60.658991 10.000000 101.000000 0.000000 15.150000 97.401616 -10.000000 3.757375 32.000000 0.000000 0 0 0 0 0 0 0 0
Child: 97.401616 17.029046 172.000000 10.498192 1074.300000 0.000000 -10.000000 0.000000 0.000000 0.000000 0 0 0 0 0 0 0 0
EGO_STATUS -2.664052 87.217672 8.100000 1.638969 7.193598 4.000000 0.000000
DYNAMIC_OBS_INFO 0 -5.750000 55.947838 1.570796 174.625990 -5.750000 262.534458 35.927069 2.573469
DYNAMIC_OBS_INFO 1 -1.750000 35.855170 1.570796 83.223268 -1.750000 171.152335 23.223593 1.112979
STATIC_OBS_INFO 0 -6.300000 72.086142 16.247619 
STATIC_OBS_INFO 1 -6.300000 65.192956 23.021635 
Parent: 48.114237 10.000000 101.000000 0.000000 15.150000 84.956862 -10.000000 3.657375 32.000000 0.000000 0 0 0 0 0 0 0 0
Child: 84.956862 16.309687 165.000000 10.498845 950.150000 0.000000 -10.000000 0.000000 0.000000 0.000000 0 0 0 0 0 0 0 0
EGO_STATUS -2.721284 87.934735 8.200000 1.661948 7.193598 4.000000 0.000000
DYNAMIC_OBS_INFO 0 -5.750000 55.947838 1.570796 177.514350 -5.750000 266.140032 36.184415 2.573469
DYNAMIC_OBS_INFO 1 -1.750000 35.855170 1.570796 84.836420 -1.750000 173.480259 23.334891 1.112979
STATIC_OBS_INFO 0 -6.300000 72.086142 16.930878 
STATIC_OBS_INFO 1 -6.300000 65.192956 23.717714 
Parent: 37.227217 10.000000 101.000000 0.000000 15.150000 73.169842 -10.000000 3.557375 31.000000 0.000000 0 0 0 0 0 0 0 0
Child: 73.169842 15.590328 157.000000 10.499075 827.050000 0.000000 -10.000000 0.000000 0.000000 0.000000 0 0 0 0 0 0 0 0
EGO_STATUS -2.795135 88.650276 8.300000 1.685276 7.193598 4.000000 0.000000
DYNAMIC_OBS_INFO 0 -5.750000 55.947838 1.570796 180.430172 -5.750000 269.771341 36.441762 2.573469
DYNAMIC_OBS_INFO 1 -1.750000 35.855170 1.570796 86.462863 -1.750000 175.819313 23.446189 1.112979
STATIC_OBS_INFO 0 -6.300000 72.086142 17.611907 
STATIC_OBS_INFO 1 -6.300000 65.192956 24.410919 
Parent: 24.989614 10.000000 101.000000 0.000000 15.150000 60.032239 -10.000000 3.457375 30.000000 0.000000 0 0 0 0 0 0 0 0
Child: 60.032239 14.870969 150.000000 10.498872 695.900000 0.000000 -10.000000 0.000000 0.000000 0.000000 0 0 0 0 0 0 0 0
EGO_STATUS -2.885607 89.363907 8.400000 1.708367 7.193598 4.000000 0.000000
DYNAMIC_OBS_INFO 0 -5.750000 55.947838 1.570796 183.373822 -5.750000 273.428384 36.699109 2.573469
DYNAMIC_OBS_INFO 1 -1.750000 35.855170 1.570796 88.102955 -1.750000 178.169497 23.557487 1.112979
STATIC_OBS_INFO 0 -6.300000 72.086142 18.290733 
STATIC_OBS_INFO 1 -6.300000 65.192956 25.101238 
Parent: -3.186543 10.000000 102.000000 0.000000 15.300000 39.565957 -10.000000 4.747500 39.000000 0.000000 0 0 0 0 0 0 0 0
Child: 39.565957 10.000000 101.000000 0.000000 15.150000 48.065957 -10.000000 0.000000 0.000000 0.000000 0 0 0 0 0 0 0 0
Child: 48.065957 14.151610 143.000000 10.498227 576.250000 0.000000 -10.000000 0.000000 0.000000 0.000000 0 0 0 0 0 0 0 0
EGO_STATUS -2.992266 90.075300 8.500000 1.730614 7.193598 4.000000 0.000000
DYNAMIC_OBS_INFO 0 -5.750000 55.947838 1.570796 186.345575 -5.750000 277.111163 36.956456 2.573469
DYNAMIC_OBS_INFO 1 -1.750000 35.855170 1.570796 89.756949 -1.750000 180.530810 23.668785 1.112979
STATIC_OBS_INFO 0 -6.300000 72.086142 18.967540 
STATIC_OBS_INFO 1 -6.300000 65.192956 25.788803 
Parent: -14.833667 10.000000 102.000000 0.000000 15.300000 28.018833 -10.000000 4.647500 39.000000 0.000000 0 0 0 0 0 0 0 0
Child: 28.018833 10.000000 101.000000 0.000000 15.150000 36.518833 -10.000000 0.000000 0.000000 0.000000 0 0 0 0 0 0 0 0
Child: 36.518833 13.432249 136.000000 10.497900 460.500000 0.000000 -10.000000 0.000000 0.000000 0.000000 0 0 0 0 0 0 0 0
EGO_STATUS -3.114240 90.784230 8.600000 1.751399 7.193598 4.000000 0.000000
DYNAMIC_OBS_INFO 0 -5.750000 55.947838 1.570796 189.345569 -5.750000 280.819676 37.213803 2.573469
DYNAMIC_OBS_INFO 1 -1.750000 35.855170 1.570796 91.424955 -1.750000 182.903254 23.780083 1.112979
STATIC_OBS_INFO 0 -6.300000 72.086142 19.642670 
STATIC_OBS_INFO 1 -6.300000 65.192956 26.473905 
Parent: -25.206404 10.000000 102.000000 0.000000 15.300000 16.746096 -10.000000 4.547500 38.000000 0.000000 0 0 0 0 0 0 0 0
Child: 16.746096 10.000000 101.000000 0.000000 15.150000 25.246096 -10.000000 0.000000 0.000000 0.000000 0 0 0 0 0 0 0 0
Child: 25.246096 12.712889 129.000000 10.498558 347.150000 0.000000 -10.000000 0.000000 0.000000 0.000000 0 0 0 0 0 0 0 0
EGO_STATUS -3.250222 91.490609 8.700000 1.770108 7.193598 4.000000 0.000000
DYNAMIC_OBS_INFO 0 -5.750000 55.947838 1.570796 192.373781 -5.750000 284.553923 37.471150 2.573469
DYNAMIC_OBS_INFO 1 -1.750000 35.855170 1.570796 93.106906 -1.750000 185.286827 23.891381 1.112979
STATIC_OBS_INFO 0 -6.300000 72.086142 20.316630 
STATIC_OBS_INFO 1 -6.300000 65.192956 27.157006 
Parent: -35.144310 10.000000 102.000000 0.000000 15.300000 5.908190 -10.000000 4.447500 37.000000 0.000000 0 0 0 0 0 0 0 0
Child: 5.908190 10.000000 101.000000 0.000000 15.150000 14.408190 -10.000000 0.000000 0.000000 0.000000 0 0 0 0 0 0 0 0
Child: 14.408190 11.993528 121.000000 10.498727 235.750000 0.000000 -10.000000 0.000000 0.000000 0.000000 0 0 0 0 0 0 0 0
EGO_STATUS -3.398487 92.194515 8.800000 1.786147 7.193598 4.000000 0.000000
DYNAMIC_OBS_INFO 0 -5.750000 55.947838 1.570796 195.430004 -5.750000 288.313906 37.728497 2.573469
DYNAMIC_OBS_INFO 1 -1.750000 35.855170 1.570796 94.802544 -1.750000 187.681530 24.002679 1.112979
STATIC_OBS_INFO 0 -6.300000 72.086142 20.990076 
STATIC_OBS_INFO 1 -6.300000 65.192956 27.838725 
Parent: -40.011876 10.000000 102.000000 0.000000 15.300000 1.140624 -10.000000 4.347500 37.000000 0.000000 0 0 0 0 0 0 0 0
Child: 1.140624 10.000000 101.000000 0.000000 15.150000 9.640624 -10.000000 0.000000 0.000000 0.000000 0 0 0 0 0 0 0 0
Child: 9.640624 11.274166 114.000000 10.498379 188.100000 0.000000 -10.000000 0.000000 0.000000 0.000000 0 0 0 0 0 0 0 0
EGO_STATUS -3.556917 92.896207 8.900000 1.798957 7.193598 4.000000 0.000000
DYNAMIC_OBS_INFO 0 -5.750000 55.947838 1.570796 198.513852 -5.750000 292.099623 37.985843 2.573469
DYNAMIC_OBS_INFO 1 -1.750000 35.855170 1.570796 96.511413 -1.750000 190.087363 24.113977 1.112979
STATIC_OBS_INFO 0 -6.300000 72.086142 21.663792 
STATIC_OBS_INFO 1 -6.300000 65.192956 28.519825 
Parent: -42.491446 10.000000 102.000000 0.000000 15.300000 -2.238945 -10.000000 4.247499 36.000000 0.000000 0 0 0 0 0 0 0 0
Child: -2.238945 10.000000 101.000000 0.000000 15.150000 6.261055 -10.000000 0.000000 0.000000 0.000000 0 0 0 0 0 0 0 0
Child: 6.261055 10.554804 107.000000 10.497478 154.350000 0.000000 -10.000000 0.000000 0.000000 0.000000 0 0 0 0 0 0 0 0
EGO_STATUS -3.723041 93.596119 9.000000 1.808034 7.193598 4.000000 0.000000
DYNAMIC_OBS_INFO 0 -5.750000 55.947838 1.570796 201.624766 -5.750000 295.911074 38.243190 2.573469
DYNAMIC_OBS_INFO 1 -1.750000 35.855170 1.570796 98.232876 -1.750000 192.504325 24.225275 1.112979
STATIC_OBS_INFO 0 -6.300000 72.086142 22.338649 
STATIC_OBS_INFO 1 -6.300000 65.192956 29.201177 
Parent: -44.575038 10.000000 102.000000 0.000000 15.300000 -5.222537 -10.000000 4.147499 35.000000 0.000000 0 0 0 0 0 0 0 0
Child: -5.222537 10.000000 101.000000 0.000000 15.150000 3.277463 -10.000000 0.000000 0.000000 0.000000 0 0 0 0 0 0 0 0
Child: 3.277463 9.835441 100.000000 10.496104 124.500000 0.000000 -10.000000 0.000000 0.000000 0.000000 0 0 0 0 0 0 0 0
EGO_STATUS -3.894073 94.294851 9.100000 1.812944 7.193598 4.000000 0.000000
DYNAMIC_OBS_INFO 0 -5.750000 55.947838 1.570796 204.762055 -5.750000 299.748261 38.500537 2.573469
DYNAMIC_OBS_INFO 1 -1.750000 35.855170 1.570796 99.966149 -1.750000 194.932418 24.336573 1.112979
STATIC_OBS_INFO 0 -6.300000 72.086142 23.015564 
STATIC_OBS_INFO 1 -6.300000 65.192956 29.883714 
Parent: -47.322355 10.000000 102.000000 0.000000 15.300000 -7.869854 -10.000000 4.047499 35.000000 0.000000 0 0 0 0 0 0 0 0
Child: -7.869854 10.000000 101.000000 0.000000 15.150000 0.630146 -10.000000 0.000000 0.000000 0.000000 0 0 0 0 0 0 0 0
Child: 0.630146 9.116078 93.000000 10.496151 97.950000 0.000000 -10.000000 0.000000 0.000000 0.000000 0 0 0 0 0 0 0 0
EGO_STATUS -4.066973 94.993123 9.200000 1.813347 7.193598 4.000000 0.000000
DYNAMIC_OBS_INFO 0 -5.750000 55.947838 1.570796 207.924944 -5.750000 303.611182 38.757884 2.573469
DYNAMIC_OBS_INFO 1 -1.750000 35.855170 1.570796 101.710355 -1.750000 197.371640 24.447870 1.112979
STATIC_OBS_INFO 0 -6.300000 72.086142 23.695435 
STATIC_OBS_INFO 1 -6.300000 65.192956 30.568367 
Parent: -48.651293 10.000000 102.000000 0.000000 15.300000 -10.098791 -10.000000 3.947498 34.000000 0.000000 0 0 0 0 0 0 0 0
Child: -10.098791 10.000000 101.000000 0.000000 15.150000 -1.598791 -10.000000 0.000000 0.000000 0.000000 0 0 0 0 0 0 0 0
Child: -1.598791 8.396715 85.000000 10.495500 74.550000 0.000000 -10.000000 0.000000 0.000000 0.000000 0 0 0 0 0 0 0 0
EGO_STATUS -4.238507 95.691732 9.300000 1.809019 7.193598 4.000000 0.000000
DYNAMIC_OBS_INFO 0 -5.750000 55.947838 1.570796 211.112641 -5.750000 307.499837 39.015231 2.573469
DYNAMIC_OBS_INFO 1 -1.750000 35.855170 1.570796 103.464591 -1.750000 199.821992 24.559168 1.112979
STATIC_OBS_INFO 0 -6.300000 72.086142 24.379074 
STATIC_OBS_INFO 1 -6.300000 65.192956 31.256001 
Parent: -49.686392 10.000000 102.000000 0.000000 15.300000 -12.033889 -10.000000 3.847498 33.000000 0.000000 0 0 0 0 0 0 0 0
Child: -12.033889 10.000000 101.000000 0.000000 15.150000 -3.533889 -10.000000 0.000000 0.000000 0.000000 0 0 0 0 0 0 0 0
Child: -3.533889 7.677351 78.000000 10.494099 55.200000 0.000000 -10.000000 0.000000 0.000000 0.000000 0 0 0 0 0 0 0 0
EGO_STATUS -4.405324 96.391479 9.400000 1.799870 7.193598 4.000000 0.000000
DYNAMIC_OBS_INFO 0 -5.750000 55.947838 1.570796 214.324407 -5.750000 311.414228 39.272578 2.573469
DYNAMIC_OBS_INFO 1 -1.750000 35.855170 1.570796 105.228005 -1.750000 202.283473 24.670466 1.112979
STATIC_OBS_INFO 0 -6.300000 72.086142 25.067142 
STATIC_OBS_INFO 1 -6.300000 65.192956 31.947345 
Parent: -50.328803 10.000000 102.000000 0.000000 15.300000 -13.576300 -10.000000 3.747497 32.000000 0.000000 0 0 0 0 0 0 0 0
Child: -13.576300 10.000000 101.000000 0.000000 15.150000 -5.076300 -10.000000 0.000000 0.000000 0.000000 0 0 0 0 0 0 0 0
Child: -5.076300 6.957987 71.000000 10.491926 39.750000 0.000000 -10.000000 0.000000 0.000000 0.000000 0 0 0 0 0 0 0 0
EGO_STATUS -4.564052 97.093102 9.500000 1.785973 7.193598 4.000000 0.000000
DYNAMIC_OBS_INFO 0 -5.750000 55.947838 1.570796 217.559635 -5.750000 315.354353 39.529925 2.573469
DYNAMIC_OBS_INFO 1 -1.750000 35.855170 1.570796 106.999877 -1.750000 204.756085 24.781764 1.112979
STATIC_OBS_INFO 0 -6.300000 72.086142 25.760085 
STATIC_OBS_INFO 1 -6.300000 65.192956 32.642918 
Parent: -51.639642 10.000000 102.000000 0.000000 15.300000 -14.787139 -10.000000 3.647496 32.000000 0.000000 0 0 0 0 0 0 0 0
Child: -14.787139 10.000000 101.000000 0.000000 15.150000 -6.287139 -10.000000 0.000000 0.000000 0.000000 0 0 0 0 0 0 0 0
Child: -6.287139 6.238624 64.000000 10.489029 27.600000 0.000000 -10.000000 0.000000 0.000000 0.000000 0 0 0 0 0 0 0 0
EGO_STATUS -4.711408 97.797197 9.600000 1.767588 7.193598 4.000000 0.000000
DYNAMIC_OBS_INFO 0 -5.750000 55.947838 1.570796 220.817918 -5.750000 319.320213 39.787271 2.573469
DYNAMIC_OBS_INFO 1 -1.750000 35.855170 1.570796 108.779694 -1.750000 207.239826 24.893062 1.112979
STATIC_OBS_INFO 0 -6.300000 72.086142 26.458084 
STATIC_OBS_INFO 1 -6.300000 65.192956 33.342986 
Parent: -51.650516 10.000000 102.000000 0.000000 15.300000 -15.698012 -10.000000 3.547496 31.000000 0.000000 0 0 0 0 0 0 0 0
Child: -15.698012 10.000000 101.000000 0.000000 15.150000 -7.198012 -10.000000 0.000000 0.000000 0.000000 0 0 0 0 0 0 0 0
Child: -7.198012 5.519261 57.000000 10.487451 18.450000 0.000000 -10.000000 0.000000 0.000000 0.000000 0 0 0 0 0 0 0 0
EGO_STATUS -4.844337 98.504152 9.700000 1.745188 7.193598 4.000000 0.000000
DYNAMIC_OBS_INFO 0 -5.750000 55.947838 1.570796 224.099096 -5.750000 323.311807 40.044618 2.573469
DYNAMIC_OBS_INFO 1 -1.750000 35.855170 1.570796 110.567206 -1.750000 209.734697 25.004360 1.112979
STATIC_OBS_INFO 0 -6.300000 72.086142 27.161028 
STATIC_OBS_INFO 1 -6.300000 65.192956 34.047519 
Parent: -51.364508 10.000000 102.000000 0.000000 15.300000 -16.312004 -10.000000 3.447496 30.000000 0.000000 0 0 0 0 0 0 0 0
Child: -16.312004 10.000000 101.000000 0.000000 15.150000 -7.812004 -10.000000 0.000000 0.000000 0.000000 0 0 0 0 0 0 0 0
Child: -7.812004 4.799898 49.000000 10.486269 11.850000 0.000000 -10.000000 0.000000 0.000000 0.000000 0 0 0 0 0 0 0 0
EGO_STATUS -4.960173 99.214103 9.800000 1.719485 7.193598 4.000000 0.000000
DYNAMIC_OBS_INFO 0 -5.750000 55.947838 1.570796 227.403279 -5.750000 327.329136 40.301965 2.573469
DYNAMIC_OBS_INFO 1 -1.750000 35.855170 1.570796 112.362455 -1.750000 212.240698 25.115658 1.112979
STATIC_OBS_INFO 0 -6.300000 72.086142 27.868514 
STATIC_OBS_INFO 1 -6.300000 65.192956 34.756198 
Parent: -51.905135 10.000000 102.000000 0.000000 15.300000 -16.752631 -10.000000 3.347495 30.000000 0.000000 0 0 0 0 0 0 0 0
Child: -16.752631 10.000000 101.000000 0.000000 15.150000 -8.252631 -10.000000 0.000000 0.000000 0.000000 0 0 0 0 0 0 0 0
Child: -8.252631 4.080537 42.000000 10.485261 7.500000 0.000000 -10.000000 0.000000 0.000000 0.000000 0 0 0 0 0 0 0 0
EGO_STATUS -5.056830 99.926914 9.900000 1.691464 7.193598 4.000000 0.000000
DYNAMIC_OBS_INFO 0 -5.750000 55.947838 1.570796 230.730825 -5.750000 331.372200 40.559312 2.573469
DYNAMIC_OBS_INFO 1 -1.750000 35.855170 1.570796 114.165763 -1.750000 214.757829 25.226956 1.112979
STATIC_OBS_INFO 0 -6.300000 72.086142 28.579894 
STATIC_OBS_INFO 1 -6.300000 65.192956 35.468447 
Parent: -68.354280 10.000000 102.000000 0.000000 15.300000 -25.491901 -10.000000 4.637620 39.000000 0.000000 0 0 0 0 0 0 0 0
Child: -25.491901 10.000000 102.000000 0.000000 15.300000 -16.991901 -10.000000 0.000000 0.000000 0.000000 0 0 0 0 0 0 0 0
Child: -16.991901 10.000000 101.000000 0.000000 15.150000 -8.491901 -10.000000 0.000000 0.000000 0.000000 0 0 0 0 0 0 0 0
Child: -8.491901 3.361176 35.000000 10.453871 5.250000 0.000000 -10.000000 0.000000 0.000000 0.000000 0 0 0 0 0 0 0 0
EGO_STATUS -5.133023 100.642201 10.000000 1.662409 7.193598 4.000000 0.000000
DYNAMIC_OBS_INFO 0 -5.750000 55.947838 1.570796 234.082281 -5.750000 335.440999 40.816659 2.573469
DYNAMIC_OBS_INFO 1 -1.750000 35.855170 1.570796 115.977681 -1.750000 217.286090 25.338254 1.112979
STATIC_OBS_INFO 0 -6.300000 72.086142 29.294344 
STATIC_OBS_INFO 1 -6.300000 65.192956 36.183511 
Parent: -67.630778 10.000000 102.000000 0.000000 15.300000 -25.668398 -10.000000 4.537620 38.000000 0.000000 0 0 0 0 0 0 0 0
Child: -25.668398 10.000000 102.000000 0.000000 15.300000 -17.168398 -10.000000 0.000000 0.000000 0.000000 0 0 0 0 0 0 0 0
Child: -17.168398 10.000000 101.000000 0.000000 15.150000 -8.668398 -10.000000 0.000000 0.000000 0.000000 0 0 0 0 0 0 0 0
Child: -8.668398 2.641816 28.000000 9.913343 4.200000 0.000000 -10.000000 0.000000 0.000000 0.000000 0 0 0 0 0 0 0 0
EGO_STATUS -5.188507 101.359392 10.100000 1.633934 7.193598 4.000000 0.000000
DYNAMIC_OBS_INFO 0 -5.750000 55.947838 1.570796 237.458277 -5.750000 339.535532 41.074006 2.573469
DYNAMIC_OBS_INFO 1 -1.750000 35.855170 1.570796 117.798890 -1.750000 219.825480 25.449552 1.112979
STATIC_OBS_INFO 0 -6.300000 72.086142 30.010978 
STATIC_OBS_INFO 1 -6.300000 65.192956 36.900562 
Parent: -66.987361 10.000000 102.000000 0.000000 15.300000 -25.924981 -10.000000 4.437620 37.000000 0.000000 0 0 0 0 0 0 0 0
Child: -25.924981 10.000000 102.000000 0.000000 15.300000 -17.424981 -10.000000 0.000000 0.000000 0.000000 0 0 0 0 0 0 0 0
Child: -17.424981 10.000000 101.000000 0.000000 15.150000 -8.924981 -10.000000 0.000000 0.000000 0.000000 0 0 0 0 0 0 0 0
Child: -8.924981 1.922457 21.000000 8.592993 3.150000 0.000000 -10.000000 0.000000 0.000000 0.000000 0 0 0 0 0 0 0 0
EGO_STATUS -5.224344 102.077837 10.200000 1.608016 7.193598 4.000000 0.000000
DYNAMIC_OBS_INFO 0 -5.750000 55.947838 1.570796 240.859397 -5.750000 343.655800 41.331353 2.573469
DYNAMIC_OBS_INFO 1 -1.750000 35.855170 1.570796 119.630075 -1.750000 222.376000 25.560850 1.112979
STATIC_OBS_INFO 0 -6.300000 72.086142 30.728973 
STATIC_OBS_INFO 1 -6.300000 65.192956 37.618828 
Parent: -67.436537 10.000000 102.000000 0.000000 15.300000 -26.274158 -10.000000 4.337620 37.000000 0.000000 0 0 0 0 0 0 0 0
Child: -26.274158 10.000000 102.000000 0.000000 15.300000 -17.774158 -10.000000 0.000000 0.000000 0.000000 0 0 0 0 0 0 0 0
Child: -17.774158 10.000000 101.000000 0.000000 15.150000 -9.274158 -10.000000 0.000000 0.000000 0.000000 0 0 0 0 0 0 0 0
Child: -9.274158 1.203097 14.000000 6.346359 2.100000 0.000000 -10.000000 0.000000 0.000000 0.000000 0 0 0 0 0 0 0 0
EGO_STATUS -5.243176 102.796936 10.300000 1.587026 7.193598 4.000000 0.000000
DYNAMIC_OBS_INFO 0 -5.750000 55.947838 1.570796 244.286053 -5.750000 347.801803 41.588699 2.573469
DYNAMIC_OBS_INFO 1 -1.750000 35.855170 1.570796 121.471807 -1.750000 224.937650 25.672148 1.112979
STATIC_OBS_INFO 0 -6.300000 72.086142 31.447671 
STATIC_OBS_INFO 1 -6.300000 65.192956 38.337701 
Parent: -66.946765 10.000000 102.000000 0.000000 15.300000 -26.684385 -10.000000 4.237620 36.000000 0.000000 0 0 0 0 0 0 0 0
Child: -26.684385 10.000000 102.000000 0.000000 15.300000 -18.184385 -10.000000 0.000000 0.000000 0.000000 0 0 0 0 0 0 0 0
Child: -18.184385 10.000000 101.000000 0.000000 15.150000 -9.684385 -10.000000 0.000000 0.000000 0.000000 0 0 0 0 0 0 0 0
Child: -9.684385 0.483738 6.000000 3.014700 0.900000 0.000000 -10.000000 0.000000 0.000000 0.000000 0 0 0 0 0 0 0 0
EGO_STATUS -5.249518 103.516262 10.400000 1.573752 7.193598 4.000000 0.000000
DYNAMIC_OBS_INFO 0 -5.750000 55.947838 1.570796 247.738423 -5.750000 351.973540 41.846046 2.573469
DYNAMIC_OBS_INFO 1 -1.750000 35.855170 1.570796 123.324483 -1.750000 227.510429 25.783445 1.112979
STATIC_OBS_INFO 0 -6.300000 72.086142 32.166622 
STATIC_OBS_INFO 1 -6.300000 65.192956 39.056782 
Parent: -56.397723 10.000000 102.000000 0.000000 15.300000 -17.035343 -10.000000 4.137620 35.000000 0.000000 0 0 0 0 0 0 0 0
Child: -17.035343 10.000000 102.000000 0.000000 15.300000 -8.535343 -10.000000 0.000000 0.000000 0.000000 0 0 0 0 0 0 0 0
Child: -8.535343 9.764378 99.000000 0.000000 14.850000 0.000000 -10.000000 0.000000 0.000000 0.000000 0 0 0 0 0 0 0 0
EGO_STATUS -5.250000 104.235622 10.500000 1.570796 7.193598 4.000000 0.000000
DYNAMIC_OBS_INFO 0 -5.750000 55.947838 1.570796 251.216528 -5.750000 356.171012 42.103393 2.573469
DYNAMIC_OBS_INFO 1 -1.750000 35.855170 1.570796 125.188293 -1.750000 230.094339 25.894743 1.112979
STATIC_OBS_INFO 0 -6.300000 72.086142 32.885607 
STATIC_OBS_INFO 1 -6.300000 65.192956 39.775887 
Parent: -56.605627 10.000000 102.000000 0.000000 15.300000 -17.143247 -10.000000 4.037620 35.000000 0.000000 0 0 0 0 0 0 0 0
Child: -17.143247 10.000000 102.000000 0.000000 15.300000 -8.643247 -10.000000 0.000000 0.000000 0.000000 0 0 0 0 0 0 0 0
Child: -8.643247 9.045018 92.000000 0.000000 13.800000 0.000000 -10.000000 0.000000 0.000000 0.000000 0 0 0 0 0 0 0 0
EGO_STATUS -5.250000 104.954982 10.600000 1.570796 7.193598 4.000000 0.000000
DYNAMIC_OBS_INFO 0 -5.750000 55.947838 1.570796 254.720368 -5.750000 360.394219 42.360740 2.573469
DYNAMIC_OBS_INFO 1 -1.750000 35.855170 1.570796 127.063250 -1.750000 232.689378 26.006041 1.112979
STATIC_OBS_INFO 0 -6.300000 72.086142 33.604608 
STATIC_OBS_INFO 1 -6.300000 65.192956 40.495000 
Parent: -55.813531 10.000000 102.000000 0.000000 15.300000 -17.251151 -10.000000 3.937620 34.000000 0.000000 0 0 0 0 0 0 0 0
Child: -17.251151 10.000000 102.000000 0.000000 15.300000 -8.751151 -10.000000 0.000000 0.000000 0.000000 0 0 0 0 0 0 0 0
Child: -8.751151 8.325659 85.000000 0.000000 12.750000 0.000000 -10.000000 0.000000 0.000000 0.000000 0 0 0 0 0 0 0 0
EGO_STATUS -5.250000 105.674341 10.700000 1.570796 7.193598 4.000000 0.000000
DYNAMIC_OBS_INFO 0 -5.750000 55.947838 1.570796 258.249943 -5.750000 364.643160 42.618087 2.573469
DYNAMIC_OBS_INFO 1 -1.750000 35.855170 1.570796 128.949354 -1.750000 235.295547 26.117339 1.112979
STATIC_OBS_INFO 0 -6.300000 72.086142 34.323624 
STATIC_OBS_INFO 1 -6.300000 65.192956 41.214122 
Parent: -55.021435 10.000000 102.000000 0.000000 15.300000 -17.359055 -10.000000 3.837620 33.000000 0.000000 0 0 0 0 0 0 0 0
Child: -17.359055 10.000000 102.000000 0.000000 15.300000 -8.859055 -10.000000 0.000000 0.000000 0.000000 0 0 0 0 0 0 0 0
Child: -8.859055 7.606299 78.000000 0.000000 11.700000 0.000000 -10.000000 0.000000 0.000000 0.000000 0 0 0 0 0 0 0 0
EGO_STATUS -5.250000 106.393701 10.800000 1.570796 7.193598 4.000000 0.000000
DYNAMIC_OBS_INFO 0 -5.750000 55.947838 1.570796 261.805252 -5.750000 368.917836 42.875434 2.573469
DYNAMIC_OBS_INFO 1 -1.750000 35.855170 1.570796 130.846604 -1.750000 237.912846 26.228637 1.112979
STATIC_OBS_INFO 0 -6.300000 72.086142 35.042654 
STATIC_OBS_INFO 1 -6.300000 65.192956 41.933253 
Parent: -54.229339 10.000000 102.000000 0.000000 15.300000 -17.466959 -10.000000 3.737620 32.000000 0.000000 0 0 0 0 0 0 0 0
Child: -17.466959 10.000000 102.000000 0.000000 15.300000 -8.966959 -10.000000 0.000000 0.000000 0.000000 0 0 0 0 0 0 0 0
Child: -8.966959 6.886939 70.000000 0.000000 10.500000 0.000000 -10.000000 0.000000 0.000000 0.000000 0 0 0 0 0 0 0 0
EGO_STATUS -5.250000 107.113061 10.900000 1.570796 7.193598 4.000000 0.000000
DYNAMIC_OBS_INFO 0 -5.750000 55.947838 1.570796 265.386297 -5.750000 373.218247 43.132781 2.573469
DYNAMIC_OBS_INFO 1 -1.750000 35.855170 1.570796 132.754999 -1.750000 240.541275 26.339935 1.112979
STATIC_OBS_INFO 0 -6.300000 72.086142 35.761697 
STATIC_OBS_INFO 1 -6.300000 65.192956 42.652391 
Parent: -54.437243 10.000000 102.000000 0.000000 15.300000 -17.574863 -10.000000 3.637620 32.000000 0.000000 0 0 0 0 0 0 0 0
Child: -17.574863 10.000000 102.000000 0.000000 15.300000 -9.074863 -10.000000 0.000000 0.000000 0.000000 0 0 0 0 0 0 0 0
Child: -9.074863 6.167579 63.000000 0.000000 9.450000 0.000000 -10.000000 0.000000 0.000000 0.000000 0 0 0 0 0 0 0 0
EGO_STATUS -5.250000 107.832421 11.000000 1.570796 7.193598 4.000000 0.000000
DYNAMIC_OBS_INFO 0 -5.750000 55.947838 1.570796 268.993076 -5.750000 377.544392 43.390127 2.573469
DYNAMIC_OBS_INFO 1 -1.750000 35.855170 1.570796 134.674540 -1.750000 243.180833 26.451233 1.112979
STATIC_OBS_INFO 0 -6.300000 72.086142 36.480753 
STATIC_OBS_INFO 1 -6.300000 65.192956 43.371536 
Parent: -53.645147 10.000000 102.000000 0.000000 15.300000 -17.682767 -10.000000 3.537620 31.000000 0.000000 0 0 0 0 0 0 0 0
Child: -17.682767 10.000000 102.000000 0.000000 15.300000 -9.182767 -10.000000 0.000000 0.000000 0.000000 0 0 0 0 0 0 0 0
Child: -9.182767 5.448219 56.000000 0.000000 8.400000 0.000000 -10.000000 0.000000 0.000000 0.000000 0 0 0 0 0 0 0 0
EGO_STATUS -5.250000 108.551781 11.100000 1.570796 7.193598 4.000000 0.000000
DYNAMIC_OBS_INFO 0 -5.750000 55.947838 1.570796 272.625590 -5.750000 381.896272 43.647474 2.573469
DYNAMIC_OBS_INFO 1 -1.750000 35.855170 1.570796 136.605225 -1.750000 245.831521 26.562531 1.112979
STATIC_OBS_INFO 0 -6.300000 72.086142 37.199820 
STATIC_OBS_INFO 1 -6.300000 65.192956 44.090689 
Parent: -52.853051 10.000000 102.000000 0.000000 15.300000 -17.790671 -10.000000 3.437620 30.000000 0.000000 0 0 0 0 0 0 0 0
Child: -17.790671 10.000000 102.000000 0.000000 15.300000 -9.290671 -10.000000 0.000000 0.000000 0.000000 0 0 0 0 0 0 0 0
Child: -9.290671 4.728859 49.000000 0.000000 7.350000 0.000000 -10.000000 0.000000 0.000000 0.000000 0 0 0 0 0 0 0 0
EGO_STATUS -5.250000 109.271141 11.200000 1.570796 7.193598 4.000000 0.000000
DYNAMIC_OBS_INFO 0 -5.750000 55.947838 1.570796 276.283839 -5.750000 386.273887 43.904821 2.573469
DYNAMIC_OBS_INFO 1 -1.750000 35.855170 1.570796 138.547055 -1.750000 248.493339 26.673829 1.112979
STATIC_OBS_INFO 0 -6.300000 72.086142 37.918899 
STATIC_OBS_INFO 1 -6.300000 65.192956 44.809848 
Parent: -53.060955 10.000000 102.000000 0.000000 15.300000 -17.898575 -10.000000 3.337620 30.000000 0.000000 0 0 0 0 0 0 0 0
Child: -17.898575 10.000000 102.000000 0.000000 15.300000 -9.398575 -10.000000 0.000000 0.000000 0.000000 0 0 0 0 0 0 0 0
Child: -9.398575 4.009500 42.000000 0.000000 6.300000 0.000000 -10.000000 0.000000 0.000000 0.000000 0 0 0 0 0 0 0 0
EGO_STATUS -5.250000 109.990500 11.300000 1.570796 7.193598 4.000000 0.000000
DYNAMIC_OBS_INFO 0 -5.750000 55.947838 1.570796 279.967823 -5.750000 390.677236 44.162168 2.573469
DYNAMIC_OBS_INFO 1 -1.750000 35.855170 1.570796 140.500028 -1.750000 251.166287 26.785127 1.112979
STATIC_OBS_INFO 0 -6.300000 72.086142 38.637988 
STATIC_OBS_INFO 1 -6.300000 65.192956 45.529013 
Parent: -69.378734 10.000000 101.000000 0.000000 15.150000 -26.506479 -10.000000 4.627745 39.000000 0.000000 0 0 0 0 0 0 0 0
Child: -26.506479 10.000000 102.000000 0.000000 15.300000 -18.006479 -10.000000 0.000000 0.000000 0.000000 0 0 0 0 0 0 0 0
Child: -18.006479 10.000000 102.000000 0.000000 15.300000 -9.506479 -10.000000 0.000000 0.000000 0.000000 0 0 0 0 0 0 0 0
Child: -9.506479 3.290140 34.000000 0.000000 5.100000 0.000000 -10.000000 0.000000 0.000000 0.000000 0 0 0 0 0 0 0 0
EGO_STATUS -5.250000 110.709860 11.400000 1.570796 7.193598 4.000000 0.000000
DYNAMIC_OBS_INFO 0 -5.750000 55.947838 1.570796 283.677541 -5.750000 395.106320 44.419515 2.573469
DYNAMIC_OBS_INFO 1 -1.750000 35.855170 1.570796 142.464144 -1.750000 253.850364 26.896425 1.112979
STATIC_OBS_INFO 0 -6.300000 72.086142 39.357087 
STATIC_OBS_INFO 1 -6.300000 65.192956 46.248185 
Parent: -68.586638 10.000000 101.000000 0.000000 15.150000 -26.614383 -10.000000 4.527745 38.000000 0.000000 0 0 0 0 0 0 0 0
Child: -26.614383 10.000000 102.000000 0.000000 15.300000 -18.114383 -10.000000 0.000000 0.000000 0.000000 0 0 0 0 0 0 0 0
Child: -18.114383 10.000000 102.000000 0.000000 15.300000 -9.614383 -10.000000 0.000000 0.000000 0.000000 0 0 0 0 0 0 0 0
Child: -9.614383 2.570780 27.000000 0.000000 4.050000 0.000000 -10.000000 0.000000 0.000000 0.000000 0 0 0 0 0 0 0 0
EGO_STATUS -5.250000 111.429220 11.500000 1.570796 7.193598 4.000000 0.000000
DYNAMIC_OBS_INFO 0 -5.750000 55.947838 1.570796 287.412994 -5.750000 399.561139 44.676862 2.573469
DYNAMIC_OBS_INFO 1 -1.750000 35.855170 1.570796 144.439404 -1.750000 256.545572 27.007723 1.112979
STATIC_OBS_INFO 0 -6.300000 72.086142 40.076196 
STATIC_OBS_INFO 1 -6.300000 65.192956 46.967362 
Parent: -67.794542 10.000000 101.000000 0.000000 15.150000 -26.722287 -10.000000 4.427745 37.000000 0.000000 0 0 0 0 0 0 0 0
Child: -26.722287 10.000000 102.000000 0.000000 15.300000 -18.222287 -10.000000 0.000000 0.000000 0.000000 0 0 0 0 0 0 0 0
Child: -18.222287 10.000000 102.000000 0.000000 15.300000 -9.722287 -10.000000 0.000000 0.000000 0.000000 0 0 0 0 0 0 0 0
Child: -9.722287 1.851420 20.000000 0.000000 3.000000 0.000000 -10.000000 0.000000 0.000000 0.000000 0 0 0 0 0 0 0 0
EGO_STATUS -5.250000 112.148580 11.600000 1.570796 7.193598 4.000000 0.000000
DYNAMIC_OBS_INFO 0 -5.750000 55.947838 1.570796 291.174182 -5.750000 404.041693 44.934209 2.573469
DYNAMIC_OBS_INFO 1 -1.750000 35.855170 1.570796 146.425805 -1.750000 259.251909 27.119020 1.112979
STATIC_OBS_INFO 0 -6.300000 72.086142 40.795313 
STATIC_OBS_INFO 1 -6.300000 65.192956 47.686545 
Parent: -68.002446 10.000000 101.000000 0.000000 15.150000 -26.830191 -10.000000 4.327745 37.000000 0.000000 0 0 0 0 0 0 0 0
Child: -26.830191 10.000000 102.000000 0.000000 15.300000 -18.330191 -10.000000 0.000000 0.000000 0.000000 0 0 0 0 0 0 0 0
Child: -18.330191 10.000000 102.000000 0.000000 15.300000 -9.830191 -10.000000 0.000000 0.000000 0.000000 0 0 0 0 0 0 0 0
Child: -9.830191 1.132060 13.000000 0.000000 1.950000 0.000000 -10.000000 0.000000 0.000000 0.000000 0 0 0 0 0 0 0 0
EGO_STATUS -5.250000 112.867940 11.700000 1.570796 7.193598 4.000000 0.000000
DYNAMIC_OBS_INFO 0 -5.750000 55.947838 1.570796 294.961105 -5.750000 408.547981 45.191555 2.573469
DYNAMIC_OBS_INFO 1 -1.750000 35.855170 1.570796 148.423349 -1.750000 261.969376 27.230318 1.112979
STATIC_OBS_INFO 0 -6.300000 72.086142 41.514438 
STATIC_OBS_INFO 1 -6.300000 65.192956 48.405733 
Parent: -67.210350 10.000000 101.000000 0.000000 15.150000 -26.938095 -10.000000 4.227745 36.000000 0.000000 0 0 0 0 0 0 0 0
Child: -26.938095 10.000000 102.000000 0.000000 15.300000 -18.438095 -10.000000 0.000000 0.000000 0.000000 0 0 0 0 0 0 0 0
Child: -18.438095 10.000000 102.000000 0.000000 15.300000 -9.938095 -10.000000 0.000000 0.000000 0.000000 0 0 0 0 0 0 0 0
Child: -9.938095 0.412701 6.000000 0.000000 0.900000 0.000000 -10.000000 0.000000 0.000000 0.000000 0 0 0 0 0 0 0 0
EGO_STATUS -5.250000 113.587299 11.800000 1.570796 7.193598 4.000000 0.000000
DYNAMIC_OBS_INFO 0 -5.750000 55.947838 1.570796 298.773763 -5.750000 413.080004 45.448902 2.573469
DYNAMIC_OBS_INFO 1 -1.750000 35.855170 1.570796 150.432035 -1.750000 264.697973 27.341616 1.112979
STATIC_OBS_INFO 0 -6.300000 72.086142 42.233572 
STATIC_OBS_INFO 1 -6.300000 65.192956 49.124926 
Parent: -56.418254 10.000000 101.000000 0.000000 15.150000 -17.045999 -10.000000 4.127745 35.000000 0.000000 0 0 0 0 0 0 0 0
Child: -17.045999 10.000000 102.000000 0.000000 15.300000 -8.545999 -10.000000 0.000000 0.000000 0.000000 0 0 0 0 0 0 0 0
Child: -8.545999 9.693341 98.000000 0.000000 14.700000 0.000000 -10.000000 0.000000 0.000000 0.000000 0 0 0 0 0 0 0 0
EGO_STATUS -5.250000 114.306659 11.900000 1.570796 7.193598 4.000000 0.000000
DYNAMIC_OBS_INFO 0 -5.750000 55.947838 1.570796 302.612155 -5.750000 417.637761 45.706249 2.573469
DYNAMIC_OBS_INFO 1 -1.750000 35.855170 1.570796 152.451862 -1.750000 267.437699 27.452914 1.112979
STATIC_OBS_INFO 0 -6.300000 72.086142 42.952713 
STATIC_OBS_INFO 1 -6.300000 65.192956 49.844123 
Parent: -55.626158 10.000000 101.000000 0.000000 15.150000 -17.153903 -10.000000 4.027745 34.000000 0.000000 0 0 0 0 0 0 0 0
Child: -17.153903 10.000000 102.000000 0.000000 15.300000 -8.653903 -10.000000 0.000000 0.000000 0.000000 0 0 0 0 0 0 0 0
Child: -8.653903 8.973981 91.000000 0.000000 13.650000 0.000000 -10.000000 0.000000 0.000000 0.000000 0 0 0 0 0 0 0 0
EGO_STATUS -5.250000 115.026019 12.000000 1.570796 7.193598 4.000000 0.000000
DYNAMIC_OBS_INFO 0 -5.750000 55.947838 1.570796 306.476283 -5.750000 422.221254 45.963596 2.573469
DYNAMIC_OBS_INFO 1 -1.750000 35.855170 1.570796 154.482830 -1.750000 270.188555 27.564212 1.112979
STATIC_OBS_INFO 0 -6.300000 72.086142 43.671862 
STATIC_OBS_INFO 1 -6.300000 65.192956 50.563326 
Parent: -55.834062 10.000000 101.000000 0.000000 15.150000 -17.261807 -10.000000 3.927745 34.000000 0.000000 0 0 0 0 0 0 0 0
Child: -17.261807 10.000000 102.000000 0.000000 15.300000 -8.761807 -10.000000 0.000000 0.000000 0.000000 0 0 0 0 0 0 0 0
Child: -8.761807 8.254621 84.000000 0.000000 12.600000 0.000000 -10.000000 0.000000 0.000000 0.000000 0 0 0 0 0 0 0 0
EGO_STATUS -5.250000 115.745379 12.100000 1.570796 7.193598 4.000000 0.000000
DYNAMIC_OBS_INFO 0 -5.750000 55.947838 1.570796 310.366145 -5.750000 426.830481 46.220943 2.573469
DYNAMIC_OBS_INFO 1 -1.750000 35.855170 1.570796 156.524939 -1.750000 272.950542 27.675510 1.112979
STATIC_OBS_INFO 0 -6.300000 72.086142 44.391017 
STATIC_OBS_INFO 1 -6.300000 65.192956 51.282533 
Parent: -55.041966 10.000000 101.000000 0.000000 15.150000 -17.369711 -10.000000 3.827745 33.000000 0.000000 0 0 0 0 0 0 0 0
Child: -17.369711 10.000000 102.000000 0.000000 15.300000 -8.869711 -10.000000 0.000000 0.000000 0.000000 0 0 0 0 0 0 0 0
Child: -8.869711 7.535261 77.000000 0.000000 11.550000 0.000000 -10.000000 0.000000 0.000000 0.000000 0 0 0 0 0 0 0 0
EGO_STATUS -5.250000 116.464739 12.200000 1.570796 7.193598 4.000000 0.000000
DYNAMIC_OBS_INFO 0 -5.750000 55.947838 1.570796 314.281741 -5.750000 431.465442 46.478290 2.573469
DYNAMIC_OBS_INFO 1 -1.750000 35.855170 1.570796 158.578188 -1.750000 275.723658 27.786808 1.112979
STATIC_OBS_INFO 0 -6.300000 72.086142 45.110179 
STATIC_OBS_INFO 1 -6.300000 65.192956 52.001744 
Parent: -54.249870 10.000000 101.000000 0.000000 15.150000 -17.477615 -10.000000 3.727745 32.000000 0.000000 0 0 0 0 0 0 0 0
Child: -17.477615 10.000000 102.000000 0.000000 15.300000 -8.977615 -10.000000 0.000000 0.000000 0.000000 0 0 0 0 0 0 0 0
Child: -8.977615 6.815901 70.000000 0.000000 10.500000 0.000000 -10.000000 0.000000 0.000000 0.000000 0 0 0 0 0 0 0 0
EGO_STATUS -5.250000 117.184099 12.300000 1.570796 7.193598 4.000000 0.000000
DYNAMIC_OBS_INFO 0 -5.750000 55.947838 1.570796 318.223073 -5.750000 436.126139 46.735637 2.573469
DYNAMIC_OBS_INFO 1 -1.750000 35.855170 1.570796 160.642578 -1.750000 278.507903 27.898106 1.112979
STATIC_OBS_INFO 0 -6.300000 72.086142 45.829347 
STATIC_OBS_INFO 1 -6.300000 65.192956 52.720959 
Parent: -54.457773 10.000000 101.000000 0.000000 15.150000 -17.585519 -10.000000 3.627745 32.000000 0.000000 0 0 0 0 0 0 0 0
Child: -17.585519 10.000000 102.000000 0.000000 15.300000 -9.085519 -10.000000 0.000000 0.000000 0.000000 0 0 0 0 0 0 0 0
Child: -9.085519 6.096542 62.000000 0.000000 9.300000 0.000000 -10.000000 0.000000 0.000000 0.000000 0 0 0 0 0 0 0 0
EGO_STATUS -5.250000 117.903458 12.400000 1.570796 7.193598 4.000000 0.000000
DYNAMIC_OBS_INFO 0 -5.750000 55.947838 1.570796 322.190139 -5.750000 440.812570 46.992983 2.573469
DYNAMIC_OBS_INFO 1 -1.750000 35.855170 1.570796 162.718107 -1.750000 281.303279 28.009404 1.112979
STATIC_OBS_INFO 0 -6.300000 72.086142 46.548520 
STATIC_OBS_INFO 1 -6.300000 65.192956 53.440178 
Parent: -53.665677 10.000000 101.000000 0.000000 15.150000 -17.693423 -10.000000 3.527745 31.000000 0.000000 0 0 0 0 0 0 0 0
Child: -17.693423 10.000000 102.000000 0.000000 15.300000 -9.193423 -10.000000 0.000000 0.000000 0.000000 0 0 0 0 0 0 0 0
Child: -9.193423 5.377182 55.000000 0.000000 8.250000 0.000000 -10.000000 0.000000 0.000000 0.000000 0 0 0 0 0 0 0 0
EGO_STATUS -5.250000 118.622818 12.500000 1.570796 7.193598 4.000000 0.000000
DYNAMIC_OBS_INFO 0 -5.750000 55.947838 1.570796 326.182941 -5.750000 445.524735 47.250330 2.573469
DYNAMIC_OBS_INFO 1 -1.750000 35.855170 1.570796 164.804775 -1.750000 284.109784 28.120702 1.112979
STATIC_OBS_INFO 0 -6.300000 72.086142 47.267700 
STATIC_OBS_INFO 1 -6.300000 65.192956 54.159401 
Parent: -52.873581 10.000000 101.000000 0.000000 15.150000 -17.801327 -10.000000 3.427745 30.000000 0.000000 0 0 0 0 0 0 0 0
Child: -17.801327 10.000000 102.000000 0.000000 15.300000 -9.301327 -10.000000 0.000000 0.000000 0.000000 0 0 0 0 0 0 0 0
Child: -9.301327 4.657822 48.000000 0.000000 7.200000 0.000000 -10.000000 0.000000 0.000000 0.000000 0 0 0 0 0 0 0 0
EGO_STATUS -5.250000 119.342178 12.600000 1.570796 7.193598 4.000000 0.000000
DONE
FINISHED
