STATIC_OBS_INIT_INFO 0 -6.300000 72.391493
STATIC_OBS_INIT_INFO 1 -6.300000 67.233158
Parent: -28.667943 10.000000 101.000000 0.000000 15.150000 17.623178 -10.000000 2.208879 40.000000 0.000000 0 0 0 0 0 0 0 0
Child: 17.623178 24.365392 245.000000 11.207837 266.550000 0.000000 -10.000000 0.000000 0.000000 0.000000 0 0 0 0 0 0 0 0
EGO_STATUS -5.750000 19.643398 0.000000 1.570796 15.557840 4.000000 0.000000
DYNAMIC_OBS_INFO 0 -5.750000 55.866894 1.570796 34.667712 -5.750000 55.866894 13.526791 0.780656
DYNAMIC_OBS_INFO 1 -1.750000 35.698364 1.570796 15.040818 -1.750000 35.698364 7.175188 1.168229
STATIC_OBS_INFO 0 -6.300000 72.391493 51.195266 
STATIC_OBS_INFO 1 -6.300000 67.233158 46.037262 
Parent: 170.575457 10.000000 101.000000 0.000000 2215.150000 6.502033 -10.000000 2.751642 48.000000 0.000000 0 0 0 0 0 0 0 0
Child: 6.502033 10.000000 101.000000 0.000000 15.150000 15.002033 -10.000000 0.000000 0.000000 0.000000 0 0 0 0 0 0 0 0
Child: 15.002033 22.809607 230.000000 11.207256 240.900000 0.000000 -10.000000 0.000000 0.000000 0.000000 0 0 0 0 0 0 0 0
EGO_STATUS -5.749990 21.199182 0.100000 1.570765 15.557840 4.000000 0.000000
DYNAMIC_OBS_INFO 0 -5.750000 55.866894 1.570796 34.468511 -5.750000 57.223476 13.604856 0.780656
DYNAMIC_OBS_INFO 1 -1.750000 35.698364 1.570796 13.547298 -1.750000 35.698364 7.175188 1.168229
STATIC_OBS_INFO 0 -6.300000 72.391493 49.639578 
STATIC_OBS_INFO 1 -6.300000 67.233158 44.481597 
Parent: 168.979293 10.000000 101.000000 0.000000 2215.150000 4.005868 -10.000000 2.651642 47.000000 0.000000 0 0 0 0 0 0 0 0
Child: 4.005868 10.000000 101.000000 0.000000 15.150000 12.505868 -10.000000 0.000000 0.000000 0.000000 0 0 0 0 0 0 0 0
Child: 12.505868 21.253823 214.000000 11.206563 215.400000 0.000000 -10.000000 0.000000 0.000000 0.000000 0 0 0 0 0 0 0 0
EGO_STATUS -5.749713 22.754966 0.200000 1.570359 15.557840 4.000000 0.000000
DYNAMIC_OBS_INFO 0 -5.750000 55.866894 1.570796 34.277117 -5.750000 58.587865 13.682922 0.780656
DYNAMIC_OBS_INFO 1 -1.750000 35.698364 1.570796 12.069069 -1.750000 35.698364 7.175188 1.168229
STATIC_OBS_INFO 0 -6.300000 72.391493 48.083913 
STATIC_OBS_INFO 1 -6.300000 67.233158 42.925958 
Parent: 168.350718 10.000000 101.000000 0.000000 2215.150000 1.477293 -10.000000 2.551642 45.000000 0.000000 0 0 0 0 0 0 0 0
Child: 1.477293 10.000000 101.000000 0.000000 15.150000 9.977293 -10.000000 0.000000 0.000000 0.000000 0 0 0 0 0 0 0 0
Child: 9.977293 19.698040 198.000000 11.206994 189.600000 0.000000 -10.000000 0.000000 0.000000 0.000000 0 0 0 0 0 0 0 0
EGO_STATUS -5.748079 24.310749 0.300000 1.568897 15.557840 4.000000 0.000000
DYNAMIC_OBS_INFO 0 -5.750000 55.866894 1.570796 34.093538 -5.750000 59.960061 13.760988 0.780656
DYNAMIC_OBS_INFO 1 -1.750000 35.698364 1.570796 10.611707 -1.750000 35.698364 7.175188 1.168229
STATIC_OBS_INFO 0 -6.300000 72.391493 46.528306 
STATIC_OBS_INFO 1 -6.300000 67.233158 41.370386 
Parent: 166.667714 10.000000 101.000000 0.000000 2215.150000 -1.105710 -10.000000 2.451642 44.000000 0.000000 0 0 0 0 0 0 0 0
Child: -1.105710 10.000000 101.000000 0.000000 15.150000 7.394290 -10.000000 0.000000 0.000000 0.000000 0 0 0 0 0 0 0 0
Child: 7.394290 18.142256 183.000000 11.205307 164.250000 0.000000 -10.000000 0.000000 0.000000 0.000000 0 0 0 0 0 0 0 0
EGO_STATUS -5.742897 25.866523 0.400000 1.565707 15.557840 4.000000 0.000000
DYNAMIC_OBS_INFO 0 -5.750000 55.866894 1.570796 33.917807 -5.750000 61.340063 13.839053 0.780656
DYNAMIC_OBS_INFO 1 -1.750000 35.698364 1.570796 9.183863 -1.750000 35.698364 7.175188 1.168229
STATIC_OBS_INFO 0 -6.300000 72.391493 44.972830 
STATIC_OBS_INFO 1 -6.300000 67.233158 39.814962 
Parent: 166.037368 10.000000 101.000000 0.000000 2215.150000 -3.636056 -10.000000 2.351642 42.000000 0.000000 0 0 0 0 0 0 0 0
Child: -3.636056 10.000000 101.000000 0.000000 15.150000 4.863944 -10.000000 0.000000 0.000000 0.000000 0 0 0 0 0 0 0 0
Child: 4.863944 16.586472 167.000000 11.206813 138.450000 0.000000 -10.000000 0.000000 0.000000 0.000000 0 0 0 0 0 0 0 0
EGO_STATUS -5.731136 27.422261 0.500000 1.560415 15.557840 4.000000 0.000000
DYNAMIC_OBS_INFO 0 -5.750000 55.866894 1.570796 33.750004 -5.750000 62.727871 13.917119 0.780656
DYNAMIC_OBS_INFO 1 -1.750000 35.698364 1.570796 7.800173 -1.750000 35.698364 7.175188 1.168229
STATIC_OBS_INFO 0 -6.300000 72.391493 43.417617 
STATIC_OBS_INFO 1 -6.300000 67.233158 38.259824 
Parent: 164.306127 10.000000 101.000000 0.000000 2215.150000 -6.267297 -10.000000 2.251642 41.000000 0.000000 0 0 0 0 0 0 0 0
Child: -6.267297 10.000000 101.000000 0.000000 15.150000 2.232703 -10.000000 0.000000 0.000000 0.000000 0 0 0 0 0 0 0 0
Child: 2.232703 15.030689 152.000000 11.204967 112.500000 0.000000 -10.000000 0.000000 0.000000 0.000000 0 0 0 0 0 0 0 0
EGO_STATUS -5.709538 28.977891 0.600000 1.553123 15.557840 4.000000 0.000000
DYNAMIC_OBS_INFO 0 -5.750000 55.866894 1.570796 33.590273 -5.750000 64.123487 13.995184 0.780656
DYNAMIC_OBS_INFO 1 -1.750000 35.698364 1.570796 6.487443 -1.750000 35.698364 7.175188 1.168229
STATIC_OBS_INFO 0 -6.300000 72.391493 41.862856 
STATIC_OBS_INFO 1 -6.300000 67.233158 36.705176 
Parent: 270.067086 30.290952 304.000000 9.250332 3032.100000 11.618660 0.000000 4.404358 49.000000 0.000000 0 0 0 0 0 0 0 0
Child: 11.618660 13.474905 136.000000 26.965227 90.300000 0.000000 0.000000 0.000000 0.000000 0.000000 0 0 0 1 0 0 0 0
EGO_STATUS -5.675429 30.533296 0.700000 1.544487 15.557840 4.000000 0.000000
DYNAMIC_OBS_INFO 0 -5.750000 55.866894 1.570796 33.468196 -5.750000 65.526908 14.073250 0.780656
DYNAMIC_OBS_INFO 1 -1.750000 35.698364 1.570796 5.318749 -1.750000 35.698364 7.175188 1.168229
STATIC_OBS_INFO 0 -6.300000 72.391493 40.338149 
STATIC_OBS_INFO 1 -6.300000 67.233158 35.180634 
Parent: 259.779678 30.290952 304.000000 9.250299 3032.100000 -0.568754 0.000000 4.304366 47.000000 0.000000 0 0 0 0 0 0 0 0
Child: -0.568754 11.948546 121.000000 26.057917 69.450000 0.000000 -10.000000 0.000000 0.000000 0.000000 0 0 0 1 0 0 0 0
EGO_STATUS -5.628611 32.058932 0.800000 1.535844 14.969840 1.000000 -5.880000
DYNAMIC_OBS_INFO 0 -5.750000 55.866894 1.570796 33.413226 -5.750000 66.938136 14.151315 0.780656
DYNAMIC_OBS_INFO 1 -1.750000 35.698364 1.570796 4.396439 -1.750000 35.698364 7.175188 1.168229
STATIC_OBS_INFO 0 -6.300000 72.391493 38.872928 
STATIC_OBS_INFO 1 -6.300000 67.233158 33.715636 
Parent: 258.888636 30.290952 304.000000 9.250258 3032.100000 -2.359802 0.000000 4.204377 46.000000 0.000000 0 0 0 0 0 0 0 0
Child: -2.359802 10.480994 106.000000 25.669482 51.600000 0.000000 -10.000000 0.000000 0.000000 0.000000 0 0 0 1 0 0 0 0
EGO_STATUS -5.571889 33.525385 0.900000 1.528756 14.381840 1.000000 -5.880000
DYNAMIC_OBS_INFO 0 -5.750000 55.866894 1.570796 33.425275 -5.750000 68.357171 14.229381 0.780656
DYNAMIC_OBS_INFO 1 -1.750000 35.698364 1.570796 3.836449 -1.750000 35.698364 7.175188 1.168229
STATIC_OBS_INFO 0 -6.300000 72.391493 37.467075 
STATIC_OBS_INFO 1 -6.300000 67.233158 32.310072 
Parent: 258.288894 30.290952 304.000000 9.250242 3032.100000 -3.859547 0.000000 4.104381 45.000000 0.000000 0 0 0 0 0 0 0 0
Child: -3.859547 9.072222 92.000000 25.669386 36.600000 0.000000 -10.000000 0.000000 0.000000 0.000000 0 0 0 1 0 0 0 0
EGO_STATUS -5.509281 34.932764 1.000000 1.524437 13.793840 1.000000 -5.880000
DYNAMIC_OBS_INFO 0 -5.750000 55.866894 1.570796 33.504182 -5.750000 69.784013 14.307446 0.780656
DYNAMIC_OBS_INFO 1 -1.750000 35.698364 1.570796 3.741469 -1.750000 35.698364 7.175188 1.168229
STATIC_OBS_INFO 0 -6.300000 72.391493 36.120384 
STATIC_OBS_INFO 1 -6.300000 67.233158 30.963732 
Parent: 259.064828 30.290952 304.000000 9.250187 3032.100000 -4.983622 0.000000 4.004396 43.000000 0.000000 0 0 0 0 0 0 0 0
Child: -4.983622 7.722280 79.000000 25.668245 25.650000 0.000000 -10.000000 0.000000 0.000000 0.000000 0 0 0 1 0 0 0 0
EGO_STATUS -5.445792 36.281211 1.100000 1.523685 13.205840 1.000000 -5.880000
DYNAMIC_OBS_INFO 0 -5.750000 55.866894 1.570796 33.649604 -5.750000 71.218661 14.385512 0.780656
DYNAMIC_OBS_INFO 1 -1.750000 35.698364 1.570796 4.090388 -1.750000 35.698364 7.175188 1.168229
STATIC_OBS_INFO 0 -6.300000 72.391493 34.832453 
STATIC_OBS_INFO 1 -6.300000 67.233158 29.676200 
Parent: 153.374339 26.852348 270.000000 26.023715 1895.700000 0.000000 -10.000000 4.252881 32.000000 0.000000 0 0 0 1 0 0 0 0
EGO_STATUS -5.386542 37.571020 1.200000 1.526739 12.617840 1.000000 -5.880000
DYNAMIC_OBS_INFO 0 -5.750000 55.866894 1.570796 33.861330 -5.750000 72.661115 14.463578 0.780656
DYNAMIC_OBS_INFO 1 -1.750000 35.698364 1.570796 4.742709 -1.750000 35.698364 7.175188 1.168229
STATIC_OBS_INFO 0 -6.300000 72.391493 33.603010 
STATIC_OBS_INFO 1 -6.300000 67.233158 28.447183 
Parent: 153.878743 25.619970 258.000000 26.023748 1893.600000 0.000000 -10.000000 4.255866 31.000000 0.000000 0 0 0 1 0 0 0 0
EGO_STATUS -5.335912 38.802317 1.300000 1.533177 12.029840 1.000000 -5.880000
DYNAMIC_OBS_INFO 0 -5.750000 55.866894 1.570796 34.139195 -5.750000 74.111376 14.541643 0.780656
DYNAMIC_OBS_INFO 1 -1.750000 35.698364 1.570796 5.556007 -1.750000 35.698364 7.175188 1.168229
STATIC_OBS_INFO 0 -6.300000 72.391493 32.431828 
STATIC_OBS_INFO 1 -6.300000 67.233158 27.276430 
Parent: 154.228296 24.446407 246.000000 26.023501 1885.500000 0.000000 -10.000000 4.269429 30.000000 0.000000 0 0 0 1 0 0 0 0
EGO_STATUS -5.296540 39.975193 1.400000 1.541494 11.441840 1.000000 -5.880000
DYNAMIC_OBS_INFO 0 -5.750000 55.866894 1.570796 34.483219 -5.750000 75.569444 14.619709 0.780656
DYNAMIC_OBS_INFO 1 -1.750000 35.698364 1.570796 6.437748 -1.750000 35.698364 7.175188 1.168229
STATIC_OBS_INFO 0 -6.300000 72.391493 31.318899 
STATIC_OBS_INFO 1 -6.300000 67.233158 26.163915 
Parent: 565.459186 30.290952 304.000000 3047.034091 3032.100000 5.312605 -10.000000 2.413823 38.000000 0.000000 1 0 1 0 0 0 0 0
Child: 5.312605 2.910595 31.000000 51.933199 4.650000 0.000000 0.000000 0.000000 0.000000 0.000000 0 0 1 0 1 0 0 0
EGO_STATUS -5.268424 41.089588 1.500000 1.549471 10.853840 1.000000 -5.880000
DYNAMIC_OBS_INFO 0 -5.750000 55.866894 1.570796 34.849402 -5.750000 77.035318 14.697774 0.780656
DYNAMIC_OBS_INFO 1 -1.750000 35.698364 1.570796 7.374474 -1.750000 35.698364 7.175188 1.168229
STATIC_OBS_INFO 0 -6.300000 72.391493 30.220243 
STATIC_OBS_INFO 1 -6.300000 67.233158 25.065665 
Parent: 554.208750 30.290952 304.000000 3047.034091 3032.100000 -6.837831 -10.000000 2.313823 37.000000 0.000000 1 0 1 0 0 0 0 0
Child: -6.837831 1.810510 20.000000 31.931243 3.000000 0.000000 -10.000000 0.000000 0.000000 0.000000 0 0 1 0 0 0 0 0
EGO_STATUS -5.249703 42.189507 1.600000 1.560085 11.147840 5.000000 2.940000
DYNAMIC_OBS_INFO 0 -5.750000 55.866894 1.570796 35.193576 -5.750000 78.508998 14.775840 0.780656
DYNAMIC_OBS_INFO 1 -1.750000 35.698364 1.570796 7.733700 -1.750000 36.421724 7.292011 1.168229
STATIC_OBS_INFO 0 -6.300000 72.391493 29.091512 
STATIC_OBS_INFO 1 -6.300000 67.233158 23.937276 
Parent: 274.361812 30.290952 304.000000 14.636741 3032.100000 4.087676 0.000000 2.693359 36.000000 0.000000 0 0 0 0 0 0 0 0
Child: 4.087676 0.681003 8.000000 46.819455 1.200000 0.000000 0.000000 0.000000 0.000000 0.000000 0 0 1 0 1 0 0 0
EGO_STATUS -5.248244 43.319000 1.700000 1.575582 11.441840 5.000000 2.940000
DYNAMIC_OBS_INFO 0 -5.750000 55.866894 1.570796 35.526735 -5.750000 79.990486 14.853905 0.780656
DYNAMIC_OBS_INFO 1 -1.750000 35.698364 1.570796 8.105094 -1.750000 37.156767 7.408834 1.168229
STATIC_OBS_INFO 0 -6.300000 72.391493 27.943961 
STATIC_OBS_INFO 1 -6.300000 67.233158 22.790094 
Parent: 573.019731 29.823614 300.000000 3046.928999 3047.800000 0.000000 0.000000 2.130257 35.000000 0.000000 1 0 1 0 0 0 0 0
EGO_STATUS -5.249867 44.467272 1.800000 1.569985 11.500020 4.000000 0.000000
DYNAMIC_OBS_INFO 0 -5.750000 55.866894 1.570796 35.854322 -5.750000 81.479780 14.931971 0.780656
DYNAMIC_OBS_INFO 1 -1.750000 35.698364 1.570796 8.479283 -1.750000 37.903491 7.525657 1.168229
STATIC_OBS_INFO 0 -6.300000 72.391493 26.783267 
STATIC_OBS_INFO 1 -6.300000 67.233158 21.629891 
Parent: 564.012499 28.661862 288.000000 3046.928304 3042.100000 0.000000 -10.000000 2.030256 34.000000 0.000000 1 0 1 0 0 0 0 0
EGO_STATUS -5.244928 45.629015 1.900000 1.561763 11.734733 5.000000 2.347126
DYNAMIC_OBS_INFO 0 -5.750000 55.866894 1.570796 36.166620 -5.750000 82.976880 15.010036 0.780656
DYNAMIC_OBS_INFO 1 -1.750000 35.698364 1.570796 8.862111 -1.750000 38.661898 7.642480 1.168229
STATIC_OBS_INFO 0 -6.300000 72.391493 25.599989 
STATIC_OBS_INFO 1 -6.300000 67.233158 20.447346 
Parent: 564.842891 27.476649 276.000000 3046.927650 3039.400000 0.000000 -10.000000 1.930255 33.000000 0.000000 1 0 1 0 0 0 0 0
EGO_STATUS -5.225517 46.814063 2.000000 1.546041 11.969445 5.000000 2.347127
DYNAMIC_OBS_INFO 0 -5.750000 55.866894 1.570796 36.464214 -5.750000 84.481787 15.088102 0.780656
DYNAMIC_OBS_INFO 1 -1.750000 35.698364 1.570796 9.250619 -1.750000 39.431987 7.759303 1.168229
STATIC_OBS_INFO 0 -6.300000 72.391493 24.395096 
STATIC_OBS_INFO 1 -6.300000 67.233158 19.243620 
Parent: 566.329634 26.267968 264.000000 3046.928196 3038.500000 0.000000 -10.000000 1.830255 31.000000 0.000000 1 0 1 0 0 0 0 0
EGO_STATUS -5.183069 48.021980 2.100000 1.524576 12.204158 5.000000 2.347127
DYNAMIC_OBS_INFO 0 -5.750000 55.866894 1.570796 36.748071 -5.750000 85.994500 15.166167 0.780656
DYNAMIC_OBS_INFO 1 -1.750000 35.698364 1.570796 9.642832 -1.750000 40.213759 7.876126 1.168229
STATIC_OBS_INFO 0 -6.300000 72.391493 23.170045 
STATIC_OBS_INFO 1 -6.300000 67.233158 18.020454 
Parent: 7520.876585 25.035803 252.000000 73046.929169 3040.300000 0.000000 -10.000000 1.730254 30.000000 0.000000 1 0 1 0 0 0 0 7
EGO_STATUS -5.110742 49.251990 2.200000 1.499160 12.438871 5.000000 2.347127
DYNAMIC_OBS_INFO 0 -5.750000 55.866894 1.570796 37.019528 -5.750000 87.515020 15.244233 0.780656
DYNAMIC_OBS_INFO 1 -1.750000 35.698364 1.570796 10.037762 -1.750000 41.007212 7.992948 1.168229
STATIC_OBS_INFO 0 -6.300000 72.391493 21.926831 
STATIC_OBS_INFO 1 -6.300000 67.233158 16.780290 
Parent: 3736.334855 10.000000 101.000000 0.000000 2055.350000 3579.598542 -10.000000 2.236314 39.000000 0.000000 0 0 0 0 0 0 0 0
Child: 3579.598542 23.780163 239.000000 33046.928039 3029.950000 0.000000 -10.000000 0.000000 0.000000 0.000000 1 0 1 0 0 0 0 3
EGO_STATUS -5.003670 50.503016 2.300000 1.471597 12.673584 5.000000 2.347129
DYNAMIC_OBS_INFO 0 -5.750000 55.866894 1.570796 37.280110 -5.750000 89.043347 15.322299 0.780656
DYNAMIC_OBS_INFO 1 -1.750000 35.698364 1.570796 10.435456 -1.750000 41.812348 8.109771 1.168229
STATIC_OBS_INFO 0 -6.300000 72.391493 20.667898 
STATIC_OBS_INFO 1 -6.300000 67.233158 15.526279 
Parent: 2732.292231 10.000000 101.000000 0.000000 2055.350000 2574.655918 -10.000000 2.136313 38.000000 0.000000 0 0 0 0 0 0 0 0
Child: 2574.655918 22.501059 227.000000 23046.928930 3028.150000 0.000000 -10.000000 0.000000 0.000000 0.000000 1 0 1 0 0 0 0 2
EGO_STATUS -4.859107 51.773884 2.400000 1.443663 12.908297 5.000000 2.347130
DYNAMIC_OBS_INFO 0 -5.750000 55.866894 1.570796 37.531287 -5.750000 90.579480 15.400364 0.780656
DYNAMIC_OBS_INFO 1 -1.750000 35.698364 1.570796 10.837010 -1.750000 42.629167 8.226594 1.168229
STATIC_OBS_INFO 0 -6.300000 72.391493 19.396009 
STATIC_OBS_INFO 1 -6.300000 67.233158 14.262313 
Parent: 22713.674012 10.217552 104.000000 3087.058705 168109.300000 5936.932565 -10.000000 3.436641 36.000000 0.000000 1 0 0 1 1 0 0 0
Child: 5936.932565 10.217552 104.000000 3145.354691 2390.000000 5393.107810 0.000000 0.000000 0.000000 0.000000 1 0 0 1 1 0 0 0
Child: 5393.107810 11.399243 115.000000 53220.006327 1288.650000 0.000000 -10.000000 0.000000 0.000000 0.000000 1 0 1 0 1 0 0 5
EGO_STATUS -4.676507 53.063549 2.500000 1.417068 13.143010 5.000000 2.347131
DYNAMIC_OBS_INFO 0 -5.750000 55.866894 1.570796 37.771378 -5.750000 92.123420 15.478430 0.780656
DYNAMIC_OBS_INFO 1 -1.750000 35.698364 1.570796 11.247036 -1.750000 43.457667 8.343417 1.168229
STATIC_OBS_INFO 0 -6.300000 72.391493 18.111363 
STATIC_OBS_INFO 1 -6.300000 67.233158 12.990434 
Parent: 19728.938218 10.217552 104.000000 3087.058668 168109.300000 2951.296774 -10.000000 3.336641 35.000000 0.000000 1 0 0 1 1 0 0 0
Child: 2951.296774 10.217552 104.000000 3145.354652 2390.000000 2407.472023 0.000000 0.000000 0.000000 0.000000 1 0 0 1 1 0 0 0
Child: 2407.472023 10.070228 102.000000 23219.951922 1266.300000 0.000000 -10.000000 0.000000 0.000000 0.000000 1 0 1 0 1 0 0 2
EGO_STATUS -4.456513 54.374196 2.600000 1.391634 13.437010 5.000000 2.940000
DYNAMIC_OBS_INFO 0 -5.750000 55.866894 1.570796 38.000802 -5.750000 93.675166 15.556495 0.780656
DYNAMIC_OBS_INFO 1 -1.750000 35.698364 1.570796 11.666748 -1.750000 44.297850 8.460240 1.168229
STATIC_OBS_INFO 0 -6.300000 72.391493 16.817886 
STATIC_OBS_INFO 1 -6.300000 67.233158 11.718132 
Parent: 15445.035222 20.109224 203.000000 133040.736696 18790.050000 435.221145 0.000000 3.423528 34.000000 0.000000 1 0 0 1 0 0 0 13
Child: 435.221145 8.711818 89.000000 3197.972338 1248.250000 0.000000 0.000000 0.000000 0.000000 0.000000 1 0 1 0 1 0 0 0
EGO_STATUS -4.191126 55.706352 2.700000 1.352721 13.731010 5.000000 2.940000
DYNAMIC_OBS_INFO 0 -5.750000 55.866894 1.570796 38.240735 -5.750000 95.234719 15.634561 0.780656
DYNAMIC_OBS_INFO 1 -1.750000 35.698364 1.570796 12.075517 -1.750000 45.149715 8.577063 1.168229
STATIC_OBS_INFO 0 -6.300000 72.391493 15.544555 
STATIC_OBS_INFO 1 -6.300000 67.233158 10.482260 
Parent: 7682.455732 10.217552 104.000000 63085.985253 9022.800000 636.919573 -10.000000 3.158620 32.000000 0.000000 1 0 0 1 1 0 0 6
Child: 636.919573 10.000000 102.000000 20.000000 2075.700000 431.458789 0.000000 0.000000 0.000000 0.000000 0 0 0 1 0 0 0 0
Child: 431.458789 7.333825 75.000000 3215.700590 1196.650000 0.000000 0.000000 0.000000 0.000000 0.000000 1 0 1 0 1 0 0 0
EGO_STATUS -3.850121 57.041208 2.800000 1.283698 13.829010 2.000000 0.980000
DYNAMIC_OBS_INFO 0 -5.750000 55.866894 1.570796 38.511341 -5.750000 96.802078 15.712626 0.780656
DYNAMIC_OBS_INFO 1 -1.750000 35.698364 1.570796 12.458740 -1.750000 46.013263 8.693886 1.168229
STATIC_OBS_INFO 0 -6.300000 72.391493 14.326074 
STATIC_OBS_INFO 1 -6.300000 67.233158 9.333515 
Parent: 8647.436511 10.217552 104.000000 73085.985280 9022.800000 618.543425 -10.000000 3.058620 31.000000 0.000000 1 0 0 1 1 0 0 7
Child: 618.543425 10.000000 102.000000 20.000000 2075.700000 413.082640 0.000000 0.000000 0.000000 0.000000 0 0 0 1 0 0 0 0
Child: 413.082640 5.936236 61.000000 3215.692613 1131.850000 0.000000 -10.000000 0.000000 0.000000 0.000000 1 0 1 0 1 0 0 0
EGO_STATUS -3.396612 58.362711 2.900000 1.197336 14.123010 0.000000 2.940000
DYNAMIC_OBS_INFO 0 -5.750000 55.866894 1.570796 38.812768 -5.750000 98.377244 15.790692 0.780656
DYNAMIC_OBS_INFO 1 -1.750000 35.698364 1.570796 12.831552 -1.750000 46.888492 8.810709 1.168229
STATIC_OBS_INFO 0 -6.300000 72.391493 13.181097 
STATIC_OBS_INFO 1 -6.300000 67.233158 8.315587 
Parent: 8620.756136 10.217552 104.000000 73085.985186 9022.800000 590.963059 -10.000000 2.958620 30.000000 0.000000 1 0 0 1 1 0 0 7
Child: 590.963059 10.000000 102.000000 20.000000 2075.700000 385.502274 0.000000 0.000000 0.000000 0.000000 0 0 0 1 0 0 0 0
Child: 385.502274 4.509195 47.000000 3215.728364 906.650000 0.000000 -10.000000 0.000000 0.000000 0.000000 1 0 1 0 1 0 0 0
EGO_STATUS -2.834428 59.674138 3.000000 1.146626 14.417010 0.000000 2.940000
DYNAMIC_OBS_INFO 0 -5.750000 55.866894 1.570796 39.104564 -5.750000 99.960217 15.868757 0.780656
DYNAMIC_OBS_INFO 1 -1.750000 35.698364 1.570796 13.246172 -1.750000 47.775404 8.927532 1.168229
STATIC_OBS_INFO 0 -6.300000 72.391493 12.075904 
STATIC_OBS_INFO 1 -6.300000 67.233158 7.418576 
Parent: 6629.728876 10.217552 104.000000 53085.985013 9022.800000 562.949665 -10.000000 2.858620 28.000000 0.000000 1 0 0 1 1 0 0 5
Child: 562.949665 10.000000 102.000000 20.000000 2075.700000 357.488881 0.000000 0.000000 0.000000 0.000000 0 0 0 1 0 0 0 0
Child: 357.488881 3.052719 32.000000 3215.386930 636.800000 0.000000 -10.000000 0.000000 0.000000 0.000000 1 0 1 0 1 0 0 0
EGO_STATUS -2.258973 61.011794 3.100000 1.205526 14.711010 0.000000 2.940000
DYNAMIC_OBS_INFO 0 -5.750000 55.866894 1.570796 39.305865 -5.750000 101.550996 15.946823 0.780656
DYNAMIC_OBS_INFO 1 -1.750000 35.698364 1.570796 13.765120 -1.750000 48.673999 9.044354 1.168229
STATIC_OBS_INFO 0 -6.300000 72.391493 10.900807 
STATIC_OBS_INFO 1 -6.300000 67.233158 6.538855 
Parent: 10381.535598 20.109224 203.000000 83043.635973 18790.050000 318.139869 0.000000 2.728785 27.000000 0.000000 1 0 0 1 0 0 0 8
Child: 318.139869 1.566908 17.000000 3215.368539 344.750000 0.000000 -10.000000 0.000000 0.000000 0.000000 1 0 1 0 1 0 0 0
EGO_STATUS -1.853646 62.438728 3.200000 1.399419 15.005010 0.000000 2.940000
DYNAMIC_OBS_INFO 0 -5.750000 55.866894 1.570796 39.404863 -5.750000 103.149581 16.024889 0.780656
DYNAMIC_OBS_INFO 1 -1.750000 35.698364 1.570796 14.364000 -1.750000 49.584275 9.161177 1.168229
STATIC_OBS_INFO 0 -6.300000 72.391493 9.591215 
STATIC_OBS_INFO 1 -6.300000 67.233158 5.611946 
Parent: 14220.437582 20.668142 208.000000 3065.490374 140280.600000 0.000000 0.000000 2.700128 26.000000 0.000000 1 0 0 1 0 0 0 0
EGO_STATUS -1.749892 63.948276 3.300000 1.570377 15.299010 0.000000 2.940000
DYNAMIC_OBS_INFO 0 -5.750000 55.866894 1.570796 39.508960 -5.750000 104.755973 16.102954 0.780656
DYNAMIC_OBS_INFO 1 -1.750000 35.698364 1.570796 14.942469 -1.750000 50.506234 9.278000 1.168229
STATIC_OBS_INFO 0 -6.300000 72.391493 8.293768 
STATIC_OBS_INFO 1 -6.300000 67.233158 4.875293 
Parent: 14174.571906 19.167615 193.000000 3065.490675 139975.350000 0.000000 -10.000000 2.604117 24.000000 0.000000 1 0 0 1 0 0 0 0
EGO_STATUS -1.763020 65.448698 3.400000 1.588369 14.711010 1.000000 -5.880000
DYNAMIC_OBS_INFO 0 -5.750000 55.866894 1.570796 39.677577 -5.750000 106.370172 16.181020 0.780656
DYNAMIC_OBS_INFO 1 -1.750000 35.698364 1.570796 15.450138 -1.750000 51.439875 9.394823 1.168229
STATIC_OBS_INFO 0 -6.300000 72.391493 7.109054 
STATIC_OBS_INFO 1 -6.300000 67.233158 4.515458 
Parent: 14106.696983 17.725934 179.000000 3065.489546 139694.650000 0.000000 -10.000000 2.508444 23.000000 0.000000 1 0 0 1 0 0 0 0
EGO_STATUS -1.797605 66.889940 3.500000 1.599322 14.123010 1.000000 -5.880000
DYNAMIC_OBS_INFO 0 -5.750000 55.866894 1.570796 39.912289 -5.750000 107.992177 16.259085 0.780656
DYNAMIC_OBS_INFO 1 -1.750000 35.698364 1.570796 15.887323 -1.750000 52.385199 9.511646 1.168229
STATIC_OBS_INFO 0 -6.300000 72.391493 6.074321 
STATIC_OBS_INFO 1 -6.300000 67.233158 4.583594 
Parent: 14083.729027 16.343072 165.000000 3065.487531 139412.750000 0.000000 -10.000000 2.413150 21.000000 0.000000 1 0 0 1 0 0 0 0
EGO_STATUS -1.835749 68.272290 3.600000 1.594060 13.535010 1.000000 -5.880000
DYNAMIC_OBS_INFO 0 -5.750000 55.866894 1.570796 40.215219 -5.750000 109.621989 16.337151 0.780656
DYNAMIC_OBS_INFO 1 -1.750000 35.698364 1.570796 16.254338 -1.750000 53.342204 9.628469 1.168229
STATIC_OBS_INFO 0 -6.300000 72.391493 5.254259 
STATIC_OBS_INFO 1 -6.300000 67.233158 5.037641 
Parent: 14024.951848 15.019020 152.000000 3065.483937 139154.200000 0.000000 -10.000000 2.318285 20.000000 0.000000 1 0 0 1 0 0 0 0
EGO_STATUS -1.850985 69.596228 3.700000 1.566447 12.947010 1.000000 -5.880000
DYNAMIC_OBS_INFO 0 -5.750000 55.866894 1.570796 40.589842 -5.750000 111.259607 16.415216 0.780656
DYNAMIC_OBS_INFO 1 -1.750000 35.698364 1.570796 16.550101 -1.750000 54.310892 9.745292 1.168229
STATIC_OBS_INFO 0 -6.300000 72.391493 4.738080 
STATIC_OBS_INFO 1 -6.300000 67.233158 5.767739 
Parent: 7419.265751 10.217552 104.000000 63085.596120 9022.800000 351.757072 0.000000 2.169371 19.000000 0.000000 1 0 0 1 1 0 0 6
Child: 351.757072 3.143605 33.000000 3126.895832 670.650000 0.000000 -10.000000 0.000000 0.000000 0.000000 1 0 0 1 1 0 0 0
EGO_STATUS -1.815965 70.860862 3.800000 1.515909 12.359010 1.000000 -5.880000
DYNAMIC_OBS_INFO 0 -5.750000 55.866894 1.570796 41.038571 -5.750000 112.905032 16.493282 0.780656
DYNAMIC_OBS_INFO 1 -1.750000 35.698364 1.570796 16.772820 -1.750000 55.291263 9.862115 1.168229
STATIC_OBS_INFO 0 -6.300000 72.391493 4.584134 
STATIC_OBS_INFO 1 -6.300000 67.233158 6.651673 
Parent: 5422.343643 10.217552 104.000000 43085.596126 9022.800000 317.848812 0.000000 2.069370 17.000000 0.000000 1 0 0 1 1 0 0 4
Child: 317.848812 1.937102 21.000000 3126.837399 427.350000 0.000000 -10.000000 0.000000 0.000000 0.000000 1 0 0 1 1 0 0 0
EGO_STATUS -1.727575 72.064067 3.900000 1.507748 11.771010 1.000000 -5.880000
DYNAMIC_OBS_INFO 0 -5.750000 55.866894 1.570796 41.542439 -5.750000 114.558264 16.571347 0.780656
DYNAMIC_OBS_INFO 1 -1.750000 35.698364 1.570796 16.927647 -1.750000 56.283315 9.978937 1.168229
STATIC_OBS_INFO 0 -6.300000 72.391493 4.644516 
STATIC_OBS_INFO 1 -6.300000 67.233158 7.525556 
Parent: 28666.635401 21.712979 219.000000 3056.651593 283374.850000 290.164529 0.000000 3.926359 26.000000 0.000000 1 0 0 1 0 0 0 0
Child: 290.164529 0.789497 9.000000 3124.627090 183.150000 0.000000 0.000000 0.000000 0.000000 0.000000 1 0 1 0 1 0 0 0
EGO_STATUS -1.728346 73.210948 4.000000 1.619704 11.183010 1.000000 -5.880000
DYNAMIC_OBS_INFO 0 -5.750000 55.866894 1.570796 42.079234 -5.750000 116.219302 16.649413 0.780656
DYNAMIC_OBS_INFO 1 -1.750000 35.698364 1.570796 17.043593 -1.750000 57.287050 10.095760 1.168229
STATIC_OBS_INFO 0 -6.300000 72.391493 4.946245 
STATIC_OBS_INFO 1 -6.300000 67.233158 8.430856 
Parent: 26403.190959 20.688763 208.000000 3055.491539 262710.400000 0.000000 -10.000000 3.731799 25.000000 0.000000 1 0 0 1 0 0 0 0
EGO_STATUS -1.749722 74.330643 4.100000 1.568485 11.077822 1.000000 -5.880000
DYNAMIC_OBS_INFO 0 -5.750000 55.866894 1.570796 42.668993 -5.750000 117.888146 16.727479 0.780656
DYNAMIC_OBS_INFO 1 -1.750000 35.698364 1.570796 17.106316 -1.750000 58.302467 10.212583 1.168229
STATIC_OBS_INFO 0 -6.300000 72.391493 5.474699 
STATIC_OBS_INFO 1 -6.300000 67.233158 9.365310 
Parent: 28219.995670 20.285459 204.000000 3055.855945 281040.600000 0.000000 -10.000000 3.863962 24.000000 0.000000 1 0 0 1 0 0 0 0
EGO_STATUS -1.731811 75.408774 4.200000 1.533635 10.489822 1.000000 -5.880000
DYNAMIC_OBS_INFO 0 -5.750000 55.866894 1.570796 43.331947 -5.750000 119.564797 16.805544 0.780656
DYNAMIC_OBS_INFO 1 -1.750000 35.698364 1.570796 17.096548 -1.750000 59.329567 10.329406 1.168229
STATIC_OBS_INFO 0 -6.300000 72.391493 6.145437 
STATIC_OBS_INFO 1 -6.300000 67.233158 10.295458 
Parent: 27633.158723 18.615144 188.000000 13055.813404 266315.200000 0.000000 -10.000000 3.756150 23.000000 0.000000 1 0 0 1 0 0 0 1
EGO_STATUS -1.664274 76.425900 4.300000 1.471791 9.901822 1.000000 -5.880000
DYNAMIC_OBS_INFO 0 -5.750000 55.866894 1.570796 44.073681 -5.750000 121.249255 16.883610 0.780656
DYNAMIC_OBS_INFO 1 -1.750000 35.698364 1.570796 17.010620 -1.750000 60.368349 10.446229 1.168229
STATIC_OBS_INFO 0 -6.300000 72.391493 6.896984 
STATIC_OBS_INFO 1 -6.300000 67.233158 11.207895 
Parent: 29768.525147 19.149809 193.000000 3055.545280 297245.550000 0.000000 -10.000000 4.107716 22.000000 0.000000 1 0 0 1 0 0 0 0
EGO_STATUS -1.534808 77.377608 4.400000 1.397792 9.313822 1.000000 -5.880000
DYNAMIC_OBS_INFO 0 -5.750000 55.866894 1.570796 44.898595 -5.750000 122.941519 16.961675 0.780656
DYNAMIC_OBS_INFO 1 -1.750000 35.698364 1.570796 16.845443 -1.750000 61.418813 10.563052 1.168229
STATIC_OBS_INFO 0 -6.300000 72.391493 7.679363 
STATIC_OBS_INFO 1 -6.300000 67.233158 12.087947 
Parent: 27748.640540 16.802780 170.000000 13052.477509 267965.600000 0.000000 -10.000000 3.846868 21.000000 0.000000 1 0 0 1 0 0 0 1
EGO_STATUS -1.346202 78.259415 4.500000 1.321906 8.725822 1.000000 -5.880000
DYNAMIC_OBS_INFO 0 -5.750000 55.866894 1.570796 45.808936 -5.750000 124.641590 17.039741 0.780656
DYNAMIC_OBS_INFO 1 -1.750000 35.698364 1.570796 16.599734 -1.750000 62.480959 10.679875 1.168229
STATIC_OBS_INFO 0 -6.300000 72.391493 8.457150 
STATIC_OBS_INFO 1 -6.300000 67.233158 12.923408 
Parent: 26098.351385 15.707183 159.000000 3047.679507 261404.250000 0.000000 -10.000000 3.855554 20.000000 0.000000 1 0 0 1 0 0 0 0
EGO_STATUS -1.109305 79.068324 4.600000 1.250384 8.137822 1.000000 -5.880000
DYNAMIC_OBS_INFO 0 -5.750000 55.866894 1.570796 46.803626 -5.750000 126.349468 17.117806 0.780656
DYNAMIC_OBS_INFO 1 -1.750000 35.698364 1.570796 16.275015 -1.750000 63.554788 10.796698 1.168229
STATIC_OBS_INFO 0 -6.300000 72.391493 9.207446 
STATIC_OBS_INFO 1 -6.300000 67.233158 13.706222 
Parent: 28066.806798 14.922794 151.000000 23042.017522 261222.550000 0.000000 -10.000000 3.947922 20.000000 0.000000 1 0 0 1 0 0 0 2
EGO_STATUS -0.838499 79.804258 4.700000 1.186959 7.549822 1.000000 -5.880000
DYNAMIC_OBS_INFO 0 -5.750000 55.866894 1.570796 47.879189 -5.750000 128.065151 17.195872 0.780656
DYNAMIC_OBS_INFO 1 -1.750000 35.698364 1.570796 15.874511 -1.750000 64.640298 10.913521 1.168229
STATIC_OBS_INFO 0 -6.300000 72.391493 9.915976 
STATIC_OBS_INFO 1 -6.300000 67.233158 14.431601 
Parent: 26986.976750 14.197252 143.000000 13035.996799 259037.950000 0.000000 -10.000000 4.072752 19.000000 0.000000 1 0 0 1 0 0 0 1
EGO_STATUS -0.548862 80.469302 4.800000 1.134669 6.961822 1.000000 -5.880000
DYNAMIC_OBS_INFO 0 -5.750000 55.866894 1.570796 49.029961 -5.750000 129.788642 17.273937 0.780656
DYNAMIC_OBS_INFO 1 -1.750000 35.698364 1.570796 15.402821 -1.750000 65.737492 11.030343 1.168229
STATIC_OBS_INFO 0 -6.300000 72.391493 10.574363 
STATIC_OBS_INFO 1 -6.300000 67.233158 15.097481 
Parent: 26732.974133 13.530554 137.000000 10030.305939 260887.850000 0.000000 -10.000000 4.239013 18.000000 0.000000 0 0 0 1 0 0 0 1
EGO_STATUS -0.254951 81.067584 4.900000 1.095522 6.373822 1.000000 -5.880000
DYNAMIC_OBS_INFO 0 -5.750000 55.866894 1.570796 50.249296 -5.750000 131.519939 17.352003 0.780656
DYNAMIC_OBS_INFO 1 -1.750000 35.698364 1.570796 14.864908 -1.750000 66.846367 11.147166 1.168229
STATIC_OBS_INFO 0 -6.300000 72.391493 11.178158 
STATIC_OBS_INFO 1 -6.300000 67.233158 15.703648 
Parent: 31618.404491 12.922618 131.000000 60025.518390 260737.250000 0.000000 -10.000000 4.459287 18.000000 0.000000 0 0 0 1 0 0 0 6
EGO_STATUS 0.030593 81.604246 5.000000 1.069918 5.785822 1.000000 -5.880000
DYNAMIC_OBS_INFO 0 -5.750000 55.866894 1.570796 51.531392 -5.750000 133.259043 17.430069 0.780656
DYNAMIC_OBS_INFO 1 -1.750000 35.698364 1.570796 14.264581 -1.750000 67.966925 11.263989 1.168229
STATIC_OBS_INFO 0 -6.300000 72.391493 11.724765 
STATIC_OBS_INFO 1 -6.300000 67.233158 16.250245 
Parent: 39834.729010 12.373629 125.000000 150022.084659 252618.250000 0.000000 -10.000000 4.751940 17.000000 0.000000 0 0 0 1 0 0 0 15
EGO_STATUS 0.297730 82.083762 5.100000 1.056887 5.197822 1.000000 -5.880000
DYNAMIC_OBS_INFO 0 -5.750000 55.866894 1.570796 52.871181 -5.750000 135.005953 17.508134 0.780656
DYNAMIC_OBS_INFO 1 -1.750000 35.698364 1.570796 13.605088 -1.750000 69.099165 11.380812 1.168229
STATIC_OBS_INFO 0 -6.300000 72.391493 12.213456 
STATIC_OBS_INFO 1 -6.300000 67.233158 16.738232 
NO_CANDIDATE
EGO_STATUS 0.539594 82.510212 5.200000 1.054305 4.609822 1.000000 -5.880000
DYNAMIC_OBS_INFO 0 -5.750000 55.866894 1.570796 53.964131 -5.750000 136.760669 17.586200 0.780656
DYNAMIC_OBS_INFO 1 -1.750000 35.698364 1.570796 13.243412 -1.750000 70.243087 11.497635 1.168229
STATIC_OBS_INFO 0 -6.300000 72.391493 13.015169 
STATIC_OBS_INFO 1 -6.300000 67.233158 17.539494 
NO_CANDIDATE
EGO_STATUS 0.932764 83.211925 5.300000 1.070016 3.433822 1.000000 -5.880000
DYNAMIC_OBS_INFO 0 -5.750000 55.866894 1.570796 55.248542 -5.750000 138.523193 17.664265 0.780656
DYNAMIC_OBS_INFO 1 -1.750000 35.698364 1.570796 12.663002 -1.750000 71.398692 11.614458 1.168229
STATIC_OBS_INFO 0 -6.300000 72.391493 13.580366 
STATIC_OBS_INFO 1 -6.300000 67.233158 18.106341 
NO_CANDIDATE
EGO_STATUS 1.199316 83.713446 5.400000 1.096413 2.257822 1.000000 -5.880000
DYNAMIC_OBS_INFO 0 -5.750000 55.866894 1.570796 56.726668 -5.750000 140.293522 17.742331 0.780656
DYNAMIC_OBS_INFO 1 -1.750000 35.698364 1.570796 11.858998 -1.750000 72.565979 11.731281 1.168229
STATIC_OBS_INFO 0 -6.300000 72.391493 13.912819 
STATIC_OBS_INFO 1 -6.300000 67.233158 18.440946 
NO_CANDIDATE
EGO_STATUS 1.349243 84.012836 5.500000 1.117673 1.081822 1.000000 -5.880000
DYNAMIC_OBS_INFO 0 -5.750000 55.866894 1.570796 58.368237 -5.750000 142.071659 17.820396 0.780656
DYNAMIC_OBS_INFO 1 -1.750000 35.698364 1.570796 10.869798 -1.750000 73.744948 11.848104 1.168229
STATIC_OBS_INFO 0 -6.300000 72.391493 14.057585 
STATIC_OBS_INFO 1 -6.300000 67.233158 18.586997 
Parent: 19142.671755 33.554468 337.000000 3102.089787 189458.450000 0.000000 0.000000 4.774274 35.000000 0.000000 1 0 1 0 0 0 0 0
EGO_STATUS 1.412427 84.144543 5.600000 1.128285 0.010000 1.000000 -5.880000
DYNAMIC_OBS_INFO 0 -5.750000 55.866894 1.570796 60.108135 -5.750000 143.857602 17.898462 0.780656
DYNAMIC_OBS_INFO 1 -1.750000 35.698364 1.570796 9.775434 -1.750000 74.935600 11.964926 1.168229
STATIC_OBS_INFO 0 -6.300000 72.391493 14.096039 
STATIC_OBS_INFO 1 -6.300000 67.233158 18.625838 
Parent: 19109.479998 33.515066 337.000000 3101.995453 189452.750000 0.000000 -10.000000 4.672586 35.000000 0.000000 1 0 1 0 0 0 0 0
EGO_STATUS 1.428925 84.179709 5.700000 1.131265 0.304000 0.000000 2.940000
DYNAMIC_OBS_INFO 0 -5.750000 55.866894 1.570796 61.841360 -5.750000 145.651351 17.976527 0.780656
DYNAMIC_OBS_INFO 1 -1.750000 35.698364 1.570796 8.703640 -1.750000 76.137933 12.081749 1.168229
STATIC_OBS_INFO 0 -6.300000 72.391493 14.151894 
STATIC_OBS_INFO 1 -6.300000 67.233158 18.682280 
Parent: 18933.029167 33.458051 336.000000 3101.939003 187437.600000 0.000000 -10.000000 4.571738 35.000000 0.000000 1 0 1 0 0 0 0 0
EGO_STATUS 1.452743 84.230880 5.800000 1.135670 0.598000 0.000000 2.940000
DYNAMIC_OBS_INFO 0 -5.750000 55.866894 1.570796 63.563851 -5.750000 147.452907 18.054593 0.780656
DYNAMIC_OBS_INFO 1 -1.750000 35.698364 1.570796 7.666487 -1.750000 77.351949 12.198572 1.168229
STATIC_OBS_INFO 0 -6.300000 72.391493 14.229554 
STATIC_OBS_INFO 1 -6.300000 67.233158 18.760800 
Parent: 18743.777916 33.379147 335.000000 3101.922549 185421.250000 0.000000 -10.000000 4.471424 35.000000 0.000000 1 0 1 0 0 0 0 0
EGO_STATUS 1.485557 84.302216 5.900000 1.141950 0.892000 0.000000 2.940000
DYNAMIC_OBS_INFO 0 -5.750000 55.866894 1.570796 65.272124 -5.750000 149.262270 18.132659 0.780656
DYNAMIC_OBS_INFO 1 -1.750000 35.698364 1.570796 6.679518 -1.750000 78.577648 12.315395 1.168229
STATIC_OBS_INFO 0 -6.300000 72.391493 14.332579 
STATIC_OBS_INFO 1 -6.300000 67.233158 18.865058 
Parent: 18539.755968 33.274806 334.000000 3101.919677 183401.000000 0.000000 -10.000000 4.371392 35.000000 0.000000 1 0 1 0 0 0 0 0
EGO_STATUS 1.528485 84.397227 6.000000 1.150578 1.186000 0.000000 2.940000
DYNAMIC_OBS_INFO 0 -5.750000 55.866894 1.570796 66.961511 -5.750000 151.079439 18.210724 0.780656
DYNAMIC_OBS_INFO 1 -1.750000 35.698364 1.570796 5.766210 -1.750000 79.815028 12.432218 1.168229
STATIC_OBS_INFO 0 -6.300000 72.391493 14.465544 
STATIC_OBS_INFO 1 -6.300000 67.233158 18.999805 
Parent: 18318.343329 33.139540 333.000000 3101.909048 181377.750000 0.000000 -10.000000 4.271252 35.000000 0.000000 1 0 1 0 0 0 0 0
EGO_STATUS 1.582653 84.520622 6.100000 1.162291 1.480000 0.000000 2.940000
DYNAMIC_OBS_INFO 0 -5.750000 55.866894 1.570796 68.632667 -5.750000 152.904415 18.288790 0.780656
DYNAMIC_OBS_INFO 1 -1.750000 35.698364 1.570796 4.954735 -1.750000 81.064091 12.549041 1.168229
STATIC_OBS_INFO 0 -6.300000 72.391493 14.626849 
STATIC_OBS_INFO 1 -6.300000 67.233158 19.163548 
Parent: 17935.338654 32.975230 331.000000 3101.899558 177339.950000 0.000000 -10.000000 4.171138 35.000000 0.000000 1 0 1 0 0 0 0 0
EGO_STATUS 1.646502 84.671470 6.200000 1.177302 1.774000 0.000000 2.940000
DYNAMIC_OBS_INFO 0 -5.750000 55.866894 1.570796 70.285322 -5.750000 154.737197 18.366855 0.780656
DYNAMIC_OBS_INFO 1 -1.750000 35.698364 1.570796 4.290280 -1.750000 82.324837 12.665864 1.168229
STATIC_OBS_INFO 0 -6.300000 72.391493 14.815775 
STATIC_OBS_INFO 1 -6.300000 67.233158 19.355721 
Parent: 17536.391184 32.782735 329.000000 3101.898056 173300.050000 0.000000 -10.000000 4.071109 35.000000 0.000000 1 0 1 0 0 0 0 0
EGO_STATUS 1.718574 84.849810 6.300000 1.195953 2.068000 0.000000 2.940000
DYNAMIC_OBS_INFO 0 -5.750000 55.866894 1.570796 71.917642 -5.750000 156.577786 18.444921 0.780656
DYNAMIC_OBS_INFO 1 -1.750000 35.698364 1.570796 3.836098 -1.750000 83.597264 12.782687 1.168229
STATIC_OBS_INFO 0 -6.300000 72.391493 15.032956 
STATIC_OBS_INFO 1 -6.300000 67.233158 19.577202 
Parent: 17122.107133 32.560444 327.000000 3101.889359 169255.050000 0.000000 -10.000000 3.971053 34.000000 0.000000 1 0 1 0 0 0 0 0
EGO_STATUS 1.797398 85.057271 6.400000 1.218832 2.362000 0.000000 2.940000
DYNAMIC_OBS_INFO 0 -5.750000 55.866894 1.570796 73.528729 -5.750000 158.426181 18.522986 0.780656
DYNAMIC_OBS_INFO 1 -1.750000 35.698364 1.570796 3.654132 -1.750000 84.881374 12.899509 1.168229
STATIC_OBS_INFO 0 -6.300000 72.391493 15.277791 
STATIC_OBS_INFO 1 -6.300000 67.233158 19.827636 
Parent: 16691.598865 32.308513 325.000000 3101.887012 165207.050000 0.000000 -10.000000 3.870980 34.000000 0.000000 1 0 1 0 0 0 0 0
EGO_STATUS 1.880707 85.294475 6.500000 1.246402 2.656000 0.000000 2.940000
DYNAMIC_OBS_INFO 0 -5.750000 55.866894 1.570796 75.117857 -5.750000 160.282383 18.601052 0.780656
DYNAMIC_OBS_INFO 1 -1.750000 35.698364 1.570796 3.766331 -1.750000 86.177166 13.016332 1.168229
STATIC_OBS_INFO 0 -6.300000 72.391493 15.549281 
STATIC_OBS_INFO 1 -6.300000 67.233158 20.106284 
Parent: 16097.681041 32.027639 322.000000 3101.881961 159145.700000 0.000000 -10.000000 3.770939 34.000000 0.000000 1 0 1 0 0 0 0 0
EGO_STATUS 1.965725 85.561836 6.600000 1.279066 2.950000 0.000000 2.940000
DYNAMIC_OBS_INFO 0 -5.750000 55.866894 1.570796 76.683836 -5.750000 162.146391 18.679117 0.780656
DYNAMIC_OBS_INFO 1 -1.750000 35.698364 1.570796 4.131861 -1.750000 87.484640 13.133155 1.168229
STATIC_OBS_INFO 0 -6.300000 72.391493 15.846576 
STATIC_OBS_INFO 1 -6.300000 67.233158 20.412606 
Parent: 15488.510135 31.717658 319.000000 3101.880542 153079.250000 0.000000 -10.000000 3.670919 34.000000 0.000000 1 0 1 0 0 0 0 0
EGO_STATUS 2.049137 85.860193 6.700000 1.317271 3.244000 0.000000 2.940000
DYNAMIC_OBS_INFO 0 -5.750000 55.866894 1.570796 78.225287 -5.750000 164.018206 18.757183 0.780656
DYNAMIC_OBS_INFO 1 -1.750000 35.698364 1.570796 4.675411 -1.750000 88.803797 13.249978 1.168229
STATIC_OBS_INFO 0 -6.300000 72.391493 16.168648 
STATIC_OBS_INFO 1 -6.300000 67.233158 20.745927 
Parent: 14713.297783 31.377840 315.000000 3101.873566 144999.750000 0.000000 -10.000000 3.570868 33.000000 0.000000 1 0 1 0 0 0 0 0
EGO_STATUS 2.126880 86.190510 6.800000 1.361448 3.538000 0.000000 2.940000
DYNAMIC_OBS_INFO 0 -5.750000 55.866894 1.570796 79.741584 -5.750000 165.897828 18.835249 0.780656
DYNAMIC_OBS_INFO 1 -1.750000 35.698364 1.570796 5.327851 -1.750000 90.134636 13.366801 1.168229
STATIC_OBS_INFO 0 -6.300000 72.391493 16.513644 
STATIC_OBS_INFO 1 -6.300000 67.233158 21.104693 
Parent: 14016.777694 10.000000 101.000000 20.000000 15.150000 14052.916951 -10.000000 3.380544 33.000000 0.000000 0 0 1 0 0 0 0 0
Child: 14052.916951 19.753525 199.000000 3075.402009 138596.550000 0.000000 -10.000000 0.000000 0.000000 0.000000 1 0 1 0 0 0 0 0
EGO_STATUS 2.194311 86.552960 6.900000 1.411824 3.832000 0.000000 2.940000
DYNAMIC_OBS_INFO 0 -5.750000 55.866894 1.570796 81.232350 -5.750000 167.785256 18.913314 0.780656
DYNAMIC_OBS_INFO 1 -1.750000 35.698364 1.570796 6.040533 -1.750000 91.477157 13.483624 1.168229
STATIC_OBS_INFO 0 -6.300000 72.391493 16.879347 
STATIC_OBS_INFO 1 -6.300000 67.233158 21.486960 
Parent: 13213.146546 10.000000 101.000000 20.000000 15.150000 13249.385803 -10.000000 3.280545 33.000000 0.000000 0 0 1 0 0 0 0 0
Child: 13249.385803 19.355630 195.000000 3075.401329 130507.450000 0.000000 -10.000000 0.000000 0.000000 0.000000 1 0 1 0 0 0 0 0
EGO_STATUS 2.246188 86.947421 7.000000 1.468509 4.126000 0.000000 2.940000
DYNAMIC_OBS_INFO 0 -5.750000 55.866894 1.570796 82.697195 -5.750000 169.680491 18.991380 0.780656
DYNAMIC_OBS_INFO 1 -1.750000 35.698364 1.570796 6.782118 -1.750000 92.831361 13.600447 1.168229
STATIC_OBS_INFO 0 -6.300000 72.391493 17.263272 
STATIC_OBS_INFO 1 -6.300000 67.233158 21.890538 
Parent: 12389.592007 10.000000 101.000000 20.000000 15.150000 12424.931281 -10.000000 3.180528 32.000000 0.000000 0 0 1 0 0 0 0 0
Child: 12424.931281 18.928096 191.000000 3075.398534 122403.250000 0.000000 -10.000000 0.000000 0.000000 0.000000 1 0 1 0 0 0 0 0
EGO_STATUS 2.276326 87.373722 7.100000 1.531536 4.420000 0.000000 2.940000
DYNAMIC_OBS_INFO 0 -5.750000 55.866894 1.570796 84.136966 -5.750000 171.583532 19.069445 0.780656
DYNAMIC_OBS_INFO 1 -1.750000 35.698364 1.570796 7.534149 -1.750000 94.197247 13.717270 1.168229
STATIC_OBS_INFO 0 -6.300000 72.391493 17.662113 
STATIC_OBS_INFO 1 -6.300000 67.233158 22.312273 
Parent: 11449.587342 29.401510 296.000000 3088.085101 112571.900000 0.000000 -10.000000 3.147590 32.000000 0.000000 1 0 1 0 0 0 0 0
EGO_STATUS 2.278351 87.830474 7.200000 1.600595 4.714000 0.000000 2.940000
DYNAMIC_OBS_INFO 0 -5.750000 55.866894 1.570796 85.553411 -5.750000 173.494380 19.147511 0.780656
DYNAMIC_OBS_INFO 1 -1.750000 35.698364 1.570796 8.286406 -1.750000 95.574815 13.834093 1.168229
STATIC_OBS_INFO 0 -6.300000 72.391493 18.072100 
STATIC_OBS_INFO 1 -6.300000 67.233158 22.748431 
Parent: 10450.224203 28.915185 291.000000 3088.082629 102464.050000 0.000000 -10.000000 3.047574 31.000000 0.000000 1 0 1 0 0 0 0 0
EGO_STATUS 2.245716 88.315423 7.300000 1.675105 5.008000 0.000000 2.940000
DYNAMIC_OBS_INFO 0 -5.750000 55.866894 1.570796 86.949148 -5.750000 175.413034 19.225576 0.780656
DYNAMIC_OBS_INFO 1 -1.750000 35.698364 1.570796 9.034157 -1.750000 96.964065 13.950915 1.168229
STATIC_OBS_INFO 0 -6.300000 72.391493 18.489087 
STATIC_OBS_INFO 1 -6.300000 67.233158 23.194805 
Parent: 9412.877212 10.000000 101.000000 20.000000 15.150000 9447.514661 -10.000000 2.882353 31.000000 0.000000 0 0 1 0 0 0 0 0
Child: 9447.514661 17.494936 176.000000 3076.307054 92066.800000 0.000000 -10.000000 0.000000 0.000000 0.000000 1 0 1 0 0 0 0 0
EGO_STATUS 2.171703 88.825500 7.400000 1.754219 5.302000 0.000000 2.940000
DYNAMIC_OBS_INFO 0 -5.750000 55.866894 1.570796 88.327984 -5.750000 177.339495 19.303642 0.780656
DYNAMIC_OBS_INFO 1 -1.750000 35.698364 1.570796 9.777106 -1.750000 98.364998 14.067738 1.168229
STATIC_OBS_INFO 0 -6.300000 72.391493 18.908667 
STATIC_OBS_INFO 1 -6.300000 67.233158 23.646763 
Parent: 8383.925096 10.000000 101.000000 20.000000 15.150000 8417.662559 -10.000000 2.782339 30.000000 0.000000 0 0 1 0 0 0 0 0
Child: 8417.662559 16.949837 171.000000 3076.304450 81946.950000 0.000000 -10.000000 0.000000 0.000000 0.000000 1 0 1 0 0 0 0 0
EGO_STATUS 2.050047 89.356588 7.500000 1.836784 5.596000 0.000000 2.940000
DYNAMIC_OBS_INFO 0 -5.750000 55.866894 1.570796 89.694869 -5.750000 179.273763 19.381707 0.780656
DYNAMIC_OBS_INFO 1 -1.750000 35.698364 1.570796 10.518568 -1.750000 99.777613 14.184561 1.168229
STATIC_OBS_INFO 0 -6.300000 72.391493 19.326537 
STATIC_OBS_INFO 1 -6.300000 67.233158 24.099593 
Parent: 7191.138619 10.000000 101.000000 20.000000 15.150000 7224.976092 -10.000000 2.682329 30.000000 0.000000 0 0 1 0 0 0 0 0
Child: 7224.976092 16.375403 165.000000 3076.303730 69823.950000 0.000000 -10.000000 0.000000 0.000000 0.000000 1 0 1 0 0 0 0 0
EGO_STATUS 1.875573 89.903633 7.600000 1.921262 5.890000 0.000000 2.940000
DYNAMIC_OBS_INFO 0 -5.750000 55.866894 1.570796 91.055460 -5.750000 181.215837 19.459773 0.780656
DYNAMIC_OBS_INFO 1 -1.750000 35.698364 1.570796 11.264389 -1.750000 101.201910 14.301384 1.168229
STATIC_OBS_INFO 0 -6.300000 72.391493 19.738896 
STATIC_OBS_INFO 1 -6.300000 67.233158 24.548945 
Parent: 5969.584335 10.000000 102.000000 20.000000 15.300000 6011.864230 -10.000000 3.259320 39.000000 0.000000 0 0 1 0 0 0 0 0
Child: 6011.864230 10.000000 101.000000 20.000000 15.150000 6018.384032 -10.000000 0.000000 0.000000 0.000000 0 0 1 0 0 0 0 0
Child: 6018.384032 15.771696 159.000000 3076.303312 57697.950000 0.000000 -10.000000 0.000000 0.000000 0.000000 1 0 1 0 0 0 0 0
EGO_STATUS 1.644363 90.461111 7.700000 2.005691 6.184000 0.000000 2.940000
DYNAMIC_OBS_INFO 0 -5.750000 55.866894 1.570796 92.415635 -5.750000 183.165717 19.537839 0.780656
DYNAMIC_OBS_INFO 1 -1.750000 35.698364 1.570796 12.021970 -1.750000 102.637890 14.418207 1.168229
STATIC_OBS_INFO 0 -6.300000 72.391493 20.142860 
STATIC_OBS_INFO 1 -6.300000 67.233158 24.991273 
Parent: 4755.325197 10.000000 102.000000 20.000000 15.300000 4796.705101 -10.000000 3.159312 38.000000 0.000000 0 0 1 0 0 0 0 0
Child: 4796.705101 10.000000 101.000000 20.000000 15.150000 4803.224903 -10.000000 0.000000 0.000000 0.000000 0 0 1 0 0 0 0 0
Child: 4803.224903 15.138464 153.000000 3076.297878 45569.550000 0.000000 -10.000000 0.000000 0.000000 0.000000 1 0 1 0 0 0 0 0
EGO_STATUS 1.353909 91.023523 7.800000 2.087644 6.478000 0.000000 2.940000
DYNAMIC_OBS_INFO 0 -5.750000 55.866894 1.570796 93.780867 -5.750000 185.123404 19.615904 0.780656
DYNAMIC_OBS_INFO 1 -1.750000 35.698364 1.570796 12.799314 -1.750000 104.085551 14.535030 1.168229
STATIC_OBS_INFO 0 -6.300000 72.391493 20.537356 
STATIC_OBS_INFO 1 -6.300000 67.233158 25.424704 
Parent: 3364.463896 10.000000 102.000000 20.000000 15.300000 3405.943808 -10.000000 3.059304 38.000000 0.000000 0 0 1 0 0 0 0 0
Child: 3405.943808 10.000000 101.000000 20.000000 15.150000 3412.463610 -10.000000 0.000000 0.000000 0.000000 0 0 1 0 0 0 0 0
Child: 3412.463610 14.475834 146.000000 3076.297597 31441.900000 0.000000 -10.000000 0.000000 0.000000 0.000000 1 0 1 0 0 0 0 0
EGO_STATUS 1.004180 91.586074 7.900000 2.164291 6.772000 0.000000 2.940000
DYNAMIC_OBS_INFO 0 -5.750000 55.866894 1.570796 95.155256 -5.750000 187.088898 19.693970 0.780656
DYNAMIC_OBS_INFO 1 -1.750000 35.698364 1.570796 13.603372 -1.750000 105.544896 14.651853 1.168229
STATIC_OBS_INFO 0 -6.300000 72.391493 20.923603 
STATIC_OBS_INFO 1 -6.300000 67.233158 25.849603 
Parent: 1965.102275 10.000000 102.000000 20.000000 15.300000 2005.682189 -10.000000 2.959302 37.000000 0.000000 0 0 1 0 0 0 0 0
Child: 2005.682189 10.000000 101.000000 20.000000 15.150000 2012.201991 -10.000000 0.000000 0.000000 0.000000 0 0 1 0 0 0 0 0
Child: 2012.201991 13.783901 139.000000 3076.296139 17316.050000 0.000000 -10.000000 0.000000 0.000000 0.000000 1 0 1 0 0 0 0 0
EGO_STATUS 0.597342 92.145578 8.000000 2.232490 7.066000 0.000000 2.940000
DYNAMIC_OBS_INFO 0 -5.750000 55.866894 1.570796 96.540635 -5.750000 189.062198 19.772035 0.780656
DYNAMIC_OBS_INFO 1 -1.750000 35.698364 1.570796 14.438576 -1.750000 107.015922 14.768676 1.168229
STATIC_OBS_INFO 0 -6.300000 72.391493 21.305597 
STATIC_OBS_INFO 1 -6.300000 67.233158 26.269107 
Parent: 563.546475 10.000000 102.000000 20.000000 15.300000 604.226394 -10.000000 2.859297 37.000000 0.000000 0 0 1 0 0 0 0 0
Child: 604.226394 10.000000 101.000000 20.000000 15.150000 610.746196 -10.000000 0.000000 0.000000 0.000000 0 0 1 0 0 0 0 0
Child: 610.746196 13.062521 132.000000 3076.293576 3196.500000 0.000000 -10.000000 0.000000 0.000000 0.000000 1 0 1 0 0 0 0 0
EGO_STATUS 0.137544 92.701257 8.100000 2.288849 7.360000 0.000000 2.940000
DYNAMIC_OBS_INFO 0 -5.750000 55.866894 1.570796 97.935739 -5.750000 191.043305 19.850101 0.780656
DYNAMIC_OBS_INFO 1 -1.750000 35.698364 1.570796 15.305564 -1.750000 108.498631 14.885498 1.168229
STATIC_OBS_INFO 0 -6.300000 72.391493 21.690712 
STATIC_OBS_INFO 1 -6.300000 67.233158 26.689748 
Parent: 346.286481 10.000000 102.000000 20.000000 15.300000 386.066408 -10.000000 2.759289 36.000000 0.000000 0 0 1 0 0 0 0 0
Child: 386.066408 10.000000 101.000000 20.000000 15.150000 392.586210 -10.000000 0.000000 0.000000 0.000000 0 0 1 0 0 0 0 0
Child: 392.586210 12.311702 125.000000 3076.284479 1011.150000 0.000000 -10.000000 0.000000 0.000000 0.000000 1 0 1 0 0 0 0 0
EGO_STATUS -0.368772 93.255518 8.200000 2.329977 7.654000 0.000000 2.940000
DYNAMIC_OBS_INFO 0 -5.750000 55.866894 1.570796 99.335715 -5.750000 193.032218 19.928166 0.780656
DYNAMIC_OBS_INFO 1 -1.750000 35.698364 1.570796 16.200320 -1.750000 109.993022 15.002321 1.168229
STATIC_OBS_INFO 0 -6.300000 72.391493 22.089738 
STATIC_OBS_INFO 1 -6.300000 67.233158 27.121529 
Parent: 328.943692 10.000000 102.000000 20.000000 15.300000 368.823624 -10.000000 2.659284 36.000000 0.000000 0 0 1 0 0 0 0 0
Child: 368.823624 10.000000 101.000000 20.000000 15.150000 375.343426 -10.000000 0.000000 0.000000 0.000000 0 0 1 0 0 0 0 0
Child: 375.343426 11.531529 117.000000 3076.281284 833.450000 0.000000 -10.000000 0.000000 0.000000 0.000000 1 0 1 0 0 0 0 0
EGO_STATUS -0.913117 93.814332 8.300000 2.352725 7.948000 0.000000 2.940000
DYNAMIC_OBS_INFO 0 -5.750000 55.866894 1.570796 100.732061 -5.750000 195.028938 20.006232 0.780656
DYNAMIC_OBS_INFO 1 -1.750000 35.698364 1.570796 17.113941 -1.750000 111.499095 15.119144 1.168229
STATIC_OBS_INFO 0 -6.300000 72.391493 22.516545 
STATIC_OBS_INFO 1 -6.300000 67.233158 27.577630 
Parent: 310.614584 10.000000 102.000000 20.000000 15.300000 349.594518 -10.000000 2.559282 35.000000 0.000000 0 0 1 0 0 0 0 0
Child: 349.594518 10.000000 101.000000 20.000000 15.150000 356.114320 -10.000000 0.000000 0.000000 0.000000 0 0 1 0 0 0 0 0
Child: 356.114320 10.721991 109.000000 3076.276367 645.650000 0.000000 -10.000000 0.000000 0.000000 0.000000 1 0 1 0 0 0 0 0
EGO_STATUS -1.485076 94.387204 8.400000 2.354419 8.242000 0.000000 2.940000
DYNAMIC_OBS_INFO 0 -5.750000 55.866894 1.570796 102.113074 -5.750000 197.033465 20.084297 0.780656
DYNAMIC_OBS_INFO 1 -1.750000 35.698364 1.570796 18.033074 -1.750000 113.016851 15.235967 1.168229
STATIC_OBS_INFO 0 -6.300000 72.391493 22.987327 
STATIC_OBS_INFO 1 -6.300000 67.233158 28.073696 
Parent: 295.599208 10.000000 102.000000 20.000000 15.300000 334.679149 -10.000000 2.459275 35.000000 0.000000 0 0 1 0 0 0 0 0
Child: 334.679149 10.000000 101.000000 20.000000 15.150000 341.198951 -10.000000 0.000000 0.000000 0.000000 0 0 1 0 0 0 0 0
Child: 341.198951 9.882978 100.000000 3076.274015 477.300000 0.000000 -10.000000 0.000000 0.000000 0.000000 1 0 1 0 0 0 0 0
EGO_STATUS -2.071991 94.986651 8.500000 2.333178 8.536000 0.000000 2.940000
DYNAMIC_OBS_INFO 0 -5.750000 55.866894 1.570796 103.465164 -5.750000 199.045798 20.162363 0.780656
DYNAMIC_OBS_INFO 1 -1.750000 35.698364 1.570796 18.941262 -1.750000 114.546288 15.352790 1.168229
STATIC_OBS_INFO 0 -6.300000 72.391493 23.518949 
STATIC_OBS_INFO 1 -6.300000 67.233158 28.626224 
Parent: 277.503269 10.000000 102.000000 20.000000 15.300000 315.683216 -10.000000 2.359269 34.000000 0.000000 0 0 1 0 0 0 0 0
Child: 315.683216 10.000000 101.000000 20.000000 15.150000 322.203018 -10.000000 0.000000 0.000000 0.000000 0 0 1 0 0 0 0 0
Child: 322.203018 9.014579 92.000000 3076.261124 314.100000 0.000000 -10.000000 0.000000 0.000000 0.000000 1 0 1 0 0 0 0 0
EGO_STATUS -2.658553 95.626829 8.600000 2.288377 8.830000 0.000000 2.940000
DYNAMIC_OBS_INFO 0 -5.750000 55.866894 1.570796 104.774687 -5.750000 201.065937 20.240429 0.780656
DYNAMIC_OBS_INFO 1 -1.750000 35.698364 1.570796 19.820855 -1.750000 116.087409 15.469613 1.168229
STATIC_OBS_INFO 0 -6.300000 72.391493 24.126687 
STATIC_OBS_INFO 1 -6.300000 67.233158 29.250382 
Parent: 262.925322 10.000000 102.000000 20.000000 15.300000 300.205269 -10.000000 2.259268 33.000000 0.000000 0 0 1 0 0 0 0 0
Child: 300.205269 10.000000 101.000000 20.000000 15.150000 306.725071 -10.000000 0.000000 0.000000 0.000000 0 0 1 0 0 0 0 0
Child: 306.725071 8.116873 83.000000 3076.258091 162.450000 0.000000 -10.000000 0.000000 0.000000 0.000000 1 0 1 0 0 0 0 0
EGO_STATUS -3.226705 96.321639 8.700000 2.220921 9.124000 0.000000 2.940000
DYNAMIC_OBS_INFO 0 -5.750000 55.866894 1.570796 106.030036 -5.750000 203.093884 20.318494 0.780656
DYNAMIC_OBS_INFO 1 -1.750000 35.698364 1.570796 20.655230 -1.750000 117.640211 15.586436 1.168229
STATIC_OBS_INFO 0 -6.300000 72.391493 24.821842 
STATIC_OBS_INFO 1 -6.300000 67.233158 29.957674 
Parent: 258.306433 10.000000 102.000000 20.000000 15.300000 294.686385 -10.000000 2.159264 32.000000 0.000000 0 0 1 0 0 0 0 0
Child: 294.686385 10.000000 101.000000 20.000000 15.150000 301.206187 -10.000000 0.000000 0.000000 0.000000 0 0 1 0 0 0 0 0
Child: 301.206187 7.189700 73.000000 3076.255060 83.550000 0.000000 -10.000000 0.000000 0.000000 0.000000 1 0 1 0 0 0 0 0
EGO_STATUS -3.755798 97.082602 8.800000 2.133498 9.418000 0.000000 2.940000
DYNAMIC_OBS_INFO 0 -5.750000 55.866894 1.570796 107.224401 -5.750000 205.129636 20.396560 0.780656
DYNAMIC_OBS_INFO 1 -1.750000 35.698364 1.570796 21.431903 -1.750000 119.204696 15.703259 1.168229
STATIC_OBS_INFO 0 -6.300000 72.391493 25.608864 
STATIC_OBS_INFO 1 -6.300000 67.233158 30.753068 
Parent: 251.307776 10.000000 102.000000 20.000000 15.300000 287.787733 -10.000000 2.059259 32.000000 0.000000 0 0 1 0 0 0 0 0
Child: 287.787733 10.000000 101.000000 20.000000 15.150000 294.307535 -10.000000 0.000000 0.000000 0.000000 0 0 1 0 0 0 0 0
Child: 294.307535 6.233126 64.000000 3076.244960 48.300000 0.000000 -10.000000 0.000000 0.000000 0.000000 1 0 1 0 0 0 0 0
EGO_STATUS -4.224229 97.916091 8.900000 2.030941 9.712000 0.000000 2.940000
DYNAMIC_OBS_INFO 0 -5.750000 55.866894 1.570796 108.357304 -5.750000 207.173195 20.474625 0.780656
DYNAMIC_OBS_INFO 1 -1.750000 35.698364 1.570796 22.144757 -1.750000 120.780863 15.820081 1.168229
STATIC_OBS_INFO 0 -6.300000 72.391493 26.484201 
STATIC_OBS_INFO 1 -6.300000 67.233158 31.633759 
Parent: 249.239860 10.000000 102.000000 20.000000 15.300000 284.819818 -10.000000 1.959258 31.000000 0.000000 0 0 1 0 0 0 0 0
Child: 284.819818 10.000000 101.000000 20.000000 15.150000 291.339620 -10.000000 0.000000 0.000000 0.000000 0 0 1 0 0 0 0 0
Child: 291.339620 5.247205 54.000000 3076.244155 24.900000 0.000000 -10.000000 0.000000 0.000000 0.000000 1 0 1 0 0 0 0 0
EGO_STATUS -4.612283 98.821864 9.000000 1.920193 10.006000 0.000000 2.940000
DYNAMIC_OBS_INFO 0 -5.750000 55.866894 1.570796 109.434573 -5.750000 209.224561 20.552691 0.780656
DYNAMIC_OBS_INFO 1 -1.750000 35.698364 1.570796 22.794991 -1.750000 122.368712 15.936904 1.168229
STATIC_OBS_INFO 0 -6.300000 72.391493 27.437189 
STATIC_OBS_INFO 1 -6.300000 67.233158 32.589916 
Parent: 245.631274 10.000000 102.000000 20.000000 15.300000 280.311233 -10.000000 1.859257 30.000000 0.000000 0 0 1 0 0 0 0 0
Child: 280.311233 10.000000 101.000000 20.000000 15.150000 286.831035 -10.000000 0.000000 0.000000 0.000000 0 0 1 0 0 0 0 0
Child: 286.831035 4.231891 44.000000 3074.824652 11.400000 0.000000 -10.000000 0.000000 0.000000 0.000000 1 0 1 0 0 0 0 0
EGO_STATUS -4.905918 99.793243 9.100000 1.810093 10.300000 0.000000 2.940000
DYNAMIC_OBS_INFO 0 -5.750000 55.866894 1.570796 110.466506 -5.750000 211.283734 20.630756 0.780656
DYNAMIC_OBS_INFO 1 -1.750000 35.698364 1.570796 23.390404 -1.750000 123.968244 16.053727 1.168229
STATIC_OBS_INFO 0 -6.300000 72.391493 28.452911 
STATIC_OBS_INFO 1 -6.300000 67.233158 33.607368 
Parent: 233.475071 10.000000 102.000000 0.000000 15.300000 277.842433 -10.000000 3.132637 39.000000 0.000000 0 0 0 0 0 0 0 0
Child: 277.842433 10.000000 102.000000 0.000000 15.300000 286.342433 -10.000000 0.000000 0.000000 0.000000 0 0 0 0 0 0 0 0
Child: 286.342433 10.000000 101.000000 0.000000 15.150000 294.842433 -10.000000 0.000000 0.000000 0.000000 0 0 0 0 0 0 0 0
Child: 294.842433 3.187160 33.000000 3047.861685 4.950000 0.000000 0.000000 0.000000 0.000000 0.000000 1 0 0 0 0 0 0 0
EGO_STATUS -5.101078 100.819134 9.200000 1.710826 10.594000 0.000000 2.940000
DYNAMIC_OBS_INFO 0 -5.750000 55.866894 1.570796 111.478973 -5.750000 213.350712 20.708822 0.780656
DYNAMIC_OBS_INFO 1 -1.750000 35.698364 1.570796 23.956958 -1.750000 125.579457 16.170550 1.168229
STATIC_OBS_INFO 0 -6.300000 72.391493 29.501870 
STATIC_OBS_INFO 1 -6.300000 67.233158 34.657185 
Parent: 210.473708 10.000000 102.000000 0.000000 15.300000 253.941070 -10.000000 3.032638 38.000000 0.000000 0 0 0 0 0 0 0 0
Child: 253.941070 10.000000 102.000000 0.000000 15.300000 262.441070 -10.000000 0.000000 0.000000 0.000000 0 0 0 0 0 0 0 0
Child: 262.441070 10.000000 101.000000 0.000000 15.150000 270.941070 -10.000000 0.000000 0.000000 0.000000 0 0 0 0 0 0 0 0
Child: 270.941070 2.127764 23.000000 3033.373297 3.450000 0.000000 -10.000000 0.000000 0.000000 0.000000 1 0 0 0 0 0 0 0
EGO_STATUS -5.205851 101.873067 9.300000 1.633636 10.594000 4.000000 0.000000
DYNAMIC_OBS_INFO 0 -5.750000 55.866894 1.570796 112.494975 -5.750000 215.425498 20.786887 0.780656
DYNAMIC_OBS_INFO 1 -1.750000 35.698364 1.570796 24.520977 -1.750000 127.202354 16.287373 1.168229
STATIC_OBS_INFO 0 -6.300000 72.391493 30.558399 
STATIC_OBS_INFO 1 -6.300000 67.233158 35.714100 
Parent: 199.161586 10.000000 102.000000 0.000000 15.300000 241.728948 -10.000000 2.932638 37.000000 0.000000 0 0 0 0 0 0 0 0
Child: 241.728948 10.000000 102.000000 0.000000 15.300000 250.228948 -10.000000 0.000000 0.000000 0.000000 0 0 0 0 0 0 0 0
Child: 250.228948 10.000000 101.000000 0.000000 15.150000 258.728948 -10.000000 0.000000 0.000000 0.000000 0 0 0 0 0 0 0 0
Child: 258.728948 1.068367 12.000000 3016.589714 1.800000 0.000000 -10.000000 0.000000 0.000000 0.000000 1 0 0 0 0 0 0 0
EGO_STATUS -5.244525 102.931659 9.400000 1.586342 10.594000 4.000000 0.000000
DYNAMIC_OBS_INFO 0 -5.750000 55.866894 1.570796 113.518158 -5.750000 217.508090 20.864953 0.780656
DYNAMIC_OBS_INFO 1 -1.750000 35.698364 1.570796 25.091211 -1.750000 128.836932 16.404196 1.168229
STATIC_OBS_INFO 0 -6.300000 72.391493 31.616979 
STATIC_OBS_INFO 1 -6.300000 67.233158 36.772867 
Parent: -56.916940 10.000000 102.000000 0.000000 15.300000 -15.249685 -10.000000 2.832746 36.000000 0.000000 0 0 0 0 0 0 0 0
Child: -15.249685 10.000000 102.000000 0.000000 15.300000 -6.749685 -10.000000 0.000000 0.000000 0.000000 0 0 0 0 0 0 0 0
Child: -6.749685 10.010107 102.000000 8.819735 24.300000 0.000000 -10.000000 0.000000 0.000000 0.000000 0 0 0 0 0 0 0 0
EGO_STATUS -5.250024 103.991033 9.500000 1.570804 10.594000 4.000000 0.000000
DYNAMIC_OBS_INFO 0 -5.750000 55.866894 1.570796 114.549141 -5.750000 219.598489 20.943019 0.780656
DYNAMIC_OBS_INFO 1 -1.750000 35.698364 1.570796 25.672934 -1.750000 130.483193 16.521019 1.168229
STATIC_OBS_INFO 0 -6.300000 72.391493 32.675696 
STATIC_OBS_INFO 1 -6.300000 67.233158 37.831745 
Parent: -55.201621 10.000000 102.000000 0.000000 15.300000 -15.434366 -10.000000 2.732746 34.000000 0.000000 0 0 0 0 0 0 0 0
Child: -15.434366 10.000000 102.000000 0.000000 15.300000 -6.934366 -10.000000 0.000000 0.000000 0.000000 0 0 0 0 0 0 0 0
Child: -6.934366 8.950706 91.000000 8.817674 22.350000 0.000000 -10.000000 0.000000 0.000000 0.000000 0 0 0 0 0 0 0 0
EGO_STATUS -5.253399 105.050424 9.600000 1.579269 10.594000 4.000000 0.000000
DYNAMIC_OBS_INFO 0 -5.750000 55.866894 1.570796 115.587990 -5.750000 221.696694 21.021084 0.780656
DYNAMIC_OBS_INFO 1 -1.750000 35.698364 1.570796 26.268185 -1.750000 132.141136 16.637842 1.168229
STATIC_OBS_INFO 0 -6.300000 72.391493 33.733976 
STATIC_OBS_INFO 1 -6.300000 67.233158 38.890220 
Parent: -54.456491 10.000000 102.000000 0.000000 15.300000 -15.589236 -10.000000 2.632745 33.000000 0.000000 0 0 0 0 0 0 0 0
Child: -15.589236 10.000000 102.000000 0.000000 15.300000 -7.089236 -10.000000 0.000000 0.000000 0.000000 0 0 0 0 0 0 0 0
Child: -7.089236 7.891305 80.000000 8.808565 20.700000 0.000000 -10.000000 0.000000 0.000000 0.000000 0 0 0 0 0 0 0 0
EGO_STATUS -5.268831 106.109705 9.700000 1.590525 10.594000 4.000000 0.000000
DYNAMIC_OBS_INFO 0 -5.750000 55.866894 1.570796 116.634748 -5.750000 223.802705 21.099150 0.780656
DYNAMIC_OBS_INFO 1 -1.750000 35.698364 1.570796 26.876291 -1.750000 133.810761 16.754665 1.168229
STATIC_OBS_INFO 0 -6.300000 72.391493 34.791976 
STATIC_OBS_INFO 1 -6.300000 67.233158 39.948424 
Parent: -53.733622 10.000000 102.000000 0.000000 15.300000 -15.766367 -10.000000 2.532745 32.000000 0.000000 0 0 0 0 0 0 0 0
Child: -15.766367 10.000000 102.000000 0.000000 15.300000 -7.266367 -10.000000 0.000000 0.000000 0.000000 0 0 0 0 0 0 0 0
Child: -7.266367 6.831904 70.000000 8.808926 19.200000 0.000000 -10.000000 0.000000 0.000000 0.000000 0 0 0 0 0 0 0 0
EGO_STATUS -5.291746 107.168857 9.800000 1.592348 10.594000 4.000000 0.000000
DYNAMIC_OBS_INFO 0 -5.750000 55.866894 1.570796 117.689256 -5.750000 225.916524 21.177215 0.780656
DYNAMIC_OBS_INFO 1 -1.750000 35.698364 1.570796 27.495470 -1.750000 135.492069 16.871487 1.168229
STATIC_OBS_INFO 0 -6.300000 72.391493 35.850257 
STATIC_OBS_INFO 1 -6.300000 67.233158 41.006874 
Parent: -53.165117 10.000000 102.000000 0.000000 15.300000 -16.097862 -10.000000 2.432745 31.000000 0.000000 0 0 0 0 0 0 0 0
Child: -16.097862 10.000000 102.000000 0.000000 15.300000 -7.597862 -10.000000 0.000000 0.000000 0.000000 0 0 0 0 0 0 0 0
Child: -7.597862 5.772504 59.000000 8.801935 15.750000 0.000000 -10.000000 0.000000 0.000000 0.000000 0 0 0 0 0 0 0 0
EGO_STATUS -5.310375 108.228089 9.900000 1.582817 10.594000 4.000000 0.000000
DYNAMIC_OBS_INFO 0 -5.750000 55.866894 1.570796 118.751478 -5.750000 228.038148 21.255281 0.780656
DYNAMIC_OBS_INFO 1 -1.750000 35.698364 1.570796 28.124438 -1.750000 137.185059 16.988310 1.168229
STATIC_OBS_INFO 0 -6.300000 72.391493 36.909123 
STATIC_OBS_INFO 1 -6.300000 67.233158 42.065846 
Parent: -52.749279 10.000000 102.000000 0.000000 15.300000 -16.582024 -10.000000 2.332745 30.000000 0.000000 0 0 0 0 0 0 0 0
Child: -16.582024 10.000000 102.000000 0.000000 15.300000 -8.082024 -10.000000 0.000000 0.000000 0.000000 0 0 0 0 0 0 0 0
Child: -8.082024 4.713104 49.000000 8.690323 11.250000 0.000000 -10.000000 0.000000 0.000000 0.000000 0 0 0 0 0 0 0 0
EGO_STATUS -5.314891 109.287468 10.000000 1.566924 10.594000 4.000000 0.000000
DYNAMIC_OBS_INFO 0 -5.750000 55.866894 1.570796 119.821624 -5.750000 230.167580 21.333346 0.780656
DYNAMIC_OBS_INFO 1 -1.750000 35.698364 1.570796 28.763205 -1.750000 138.889731 17.105133 1.168229
STATIC_OBS_INFO 0 -6.300000 72.391493 37.968394 
STATIC_OBS_INFO 1 -6.300000 67.233158 43.125162 
Parent: -70.026332 10.000000 101.000000 0.000000 15.150000 -25.703008 -10.000000 3.176676 39.000000 0.000000 0 0 0 0 0 0 0 0
Child: -25.703008 10.000000 102.000000 0.000000 15.300000 -17.203008 -10.000000 0.000000 0.000000 0.000000 0 0 0 0 0 0 0 0
Child: -17.203008 10.000000 102.000000 0.000000 15.300000 -8.703008 -10.000000 0.000000 0.000000 0.000000 0 0 0 0 0 0 0 0
Child: -8.703008 3.653704 38.000000 7.189243 6.300000 0.000000 -10.000000 0.000000 0.000000 0.000000 0 0 0 0 0 0 0 0
EGO_STATUS -5.302812 110.346790 10.100000 1.552911 10.594000 4.000000 0.000000
DYNAMIC_OBS_INFO 0 -5.750000 55.866894 1.570796 120.899779 -5.750000 232.304818 21.411412 0.780656
DYNAMIC_OBS_INFO 1 -1.750000 35.698364 1.570796 29.412776 -1.750000 140.606085 17.221956 1.168229
STATIC_OBS_INFO 0 -6.300000 72.391493 39.027779 
STATIC_OBS_INFO 1 -6.300000 67.233158 44.184559 
Parent: -69.343905 10.000000 101.000000 0.000000 15.150000 -25.920581 -10.000000 3.076676 38.000000 0.000000 0 0 0 0 0 0 0 0
Child: -25.920581 10.000000 102.000000 0.000000 15.300000 -17.420581 -10.000000 0.000000 0.000000 0.000000 0 0 0 0 0 0 0 0
Child: -17.420581 10.000000 102.000000 0.000000 15.300000 -8.920581 -10.000000 0.000000 0.000000 0.000000 0 0 0 0 0 0 0 0
Child: -8.920581 2.594304 27.000000 7.183961 4.050000 0.000000 -10.000000 0.000000 0.000000 0.000000 0 0 0 0 0 0 0 0
EGO_STATUS -5.280371 111.405951 10.200000 1.548310 10.594000 4.000000 0.000000
DYNAMIC_OBS_INFO 0 -5.750000 55.866894 1.570796 121.985705 -5.750000 234.449862 21.489477 0.780656
DYNAMIC_OBS_INFO 1 -1.750000 35.698364 1.570796 30.074453 -1.750000 142.334122 17.338779 1.168229
STATIC_OBS_INFO 0 -6.300000 72.391493 40.087155 
STATIC_OBS_INFO 1 -6.300000 67.233158 45.243950 
Parent: -68.647336 10.000000 101.000000 0.000000 15.150000 -26.124012 -10.000000 2.976676 37.000000 0.000000 0 0 0 0 0 0 0 0
Child: -26.124012 10.000000 102.000000 0.000000 15.300000 -17.624012 -10.000000 0.000000 0.000000 0.000000 0 0 0 0 0 0 0 0
Child: -17.624012 10.000000 102.000000 0.000000 15.300000 -9.124012 -10.000000 0.000000 0.000000 0.000000 0 0 0 0 0 0 0 0
Child: -9.124012 1.534903 17.000000 7.152110 2.550000 0.000000 -10.000000 0.000000 0.000000 0.000000 0 0 0 0 0 0 0 0
EGO_STATUS -5.259539 112.465143 10.300000 1.555709 10.594000 4.000000 0.000000
DYNAMIC_OBS_INFO 0 -5.750000 55.866894 1.570796 123.079230 -5.750000 236.602713 21.567543 0.780656
DYNAMIC_OBS_INFO 1 -1.750000 35.698364 1.570796 30.749235 -1.750000 144.073841 17.455602 1.168229
STATIC_OBS_INFO 0 -6.300000 72.391493 41.146392 
STATIC_OBS_INFO 1 -6.300000 67.233158 46.303235 
Parent: -68.143835 10.000000 101.000000 0.000000 15.150000 -26.520510 -10.000000 2.876676 36.000000 0.000000 0 0 0 0 0 0 0 0
Child: -26.520510 10.000000 102.000000 0.000000 15.300000 -18.020510 -10.000000 0.000000 0.000000 0.000000 0 0 0 0 0 0 0 0
Child: -18.020510 10.000000 102.000000 0.000000 15.300000 -9.520510 -10.000000 0.000000 0.000000 0.000000 0 0 0 0 0 0 0 0
Child: -9.520510 0.475504 6.000000 5.150297 0.900000 0.000000 -10.000000 0.000000 0.000000 0.000000 0 0 0 0 0 0 0 0
EGO_STATUS -5.250428 113.524497 10.400000 1.568295 10.594000 4.000000 0.000000
DYNAMIC_OBS_INFO 0 -5.750000 55.866894 1.570796 124.180481 -5.750000 238.763371 21.645609 0.780656
DYNAMIC_OBS_INFO 1 -1.750000 35.698364 1.570796 31.436789 -1.750000 145.825242 17.572425 1.168229
STATIC_OBS_INFO 0 -6.300000 72.391493 42.205466 
STATIC_OBS_INFO 1 -6.300000 67.233158 47.362378 
Parent: -57.810909 10.000000 101.000000 0.000000 15.150000 -17.087584 -10.000000 2.776676 35.000000 0.000000 0 0 0 0 0 0 0 0
Child: -17.087584 10.000000 102.000000 0.000000 15.300000 -8.587584 -10.000000 0.000000 0.000000 0.000000 0 0 0 0 0 0 0 0
Child: -8.587584 9.416104 96.000000 0.000000 14.400000 0.000000 -10.000000 0.000000 0.000000 0.000000 0 0 0 0 0 0 0 0
EGO_STATUS -5.250000 114.583896 10.500000 1.570796 10.594000 4.000000 0.000000
DYNAMIC_OBS_INFO 0 -5.750000 55.866894 1.570796 125.289536 -5.750000 240.931835 21.723674 0.780656
DYNAMIC_OBS_INFO 1 -1.750000 35.698364 1.570796 32.136193 -1.750000 147.588326 17.689248 1.168229
STATIC_OBS_INFO 0 -6.300000 72.391493 43.264546 
STATIC_OBS_INFO 1 -6.300000 67.233158 48.421524 
Parent: -57.069819 10.000000 101.000000 0.000000 15.150000 -17.246494 -10.000000 2.676676 34.000000 0.000000 0 0 0 0 0 0 0 0
Child: -17.246494 10.000000 102.000000 0.000000 15.300000 -8.746494 -10.000000 0.000000 0.000000 0.000000 0 0 0 0 0 0 0 0
Child: -8.746494 8.356704 85.000000 0.000000 12.750000 0.000000 -10.000000 0.000000 0.000000 0.000000 0 0 0 0 0 0 0 0
EGO_STATUS -5.250000 115.643296 10.600000 1.570796 10.594000 4.000000 0.000000
DYNAMIC_OBS_INFO 0 -5.750000 55.866894 1.570796 126.406398 -5.750000 243.108106 21.801740 0.780656
DYNAMIC_OBS_INFO 1 -1.750000 35.698364 1.570796 32.847396 -1.750000 149.363092 17.806070 1.168229
STATIC_OBS_INFO 0 -6.300000 72.391493 44.323642 
STATIC_OBS_INFO 1 -6.300000 67.233158 49.480680 
Parent: -56.328729 10.000000 101.000000 0.000000 15.150000 -17.405404 -10.000000 2.576676 33.000000 0.000000 0 0 0 0 0 0 0 0
Child: -17.405404 10.000000 102.000000 0.000000 15.300000 -8.905404 -10.000000 0.000000 0.000000 0.000000 0 0 0 0 0 0 0 0
Child: -8.905404 7.297304 74.000000 0.000000 11.100000 0.000000 -10.000000 0.000000 0.000000 0.000000 0 0 0 0 0 0 0 0
EGO_STATUS -5.250000 116.702696 10.700000 1.570796 10.594000 4.000000 0.000000
DYNAMIC_OBS_INFO 0 -5.750000 55.866894 1.570796 127.531067 -5.750000 245.292183 21.879805 0.780656
DYNAMIC_OBS_INFO 1 -1.750000 35.698364 1.570796 33.570395 -1.750000 151.149540 17.922893 1.168229
STATIC_OBS_INFO 0 -6.300000 72.391493 45.382751 
STATIC_OBS_INFO 1 -6.300000 67.233158 50.539846 
Parent: -55.587639 10.000000 101.000000 0.000000 15.150000 -17.564314 -10.000000 2.476676 32.000000 0.000000 0 0 0 0 0 0 0 0
Child: -17.564314 10.000000 102.000000 0.000000 15.300000 -9.064314 -10.000000 0.000000 0.000000 0.000000 0 0 0 0 0 0 0 0
Child: -9.064314 6.237904 64.000000 0.000000 9.600000 0.000000 -10.000000 0.000000 0.000000 0.000000 0 0 0 0 0 0 0 0
EGO_STATUS -5.250000 117.762096 10.800000 1.570796 10.594000 4.000000 0.000000
DYNAMIC_OBS_INFO 0 -5.750000 55.866894 1.570796 128.663542 -5.750000 247.484067 21.957871 0.780656
DYNAMIC_OBS_INFO 1 -1.750000 35.698364 1.570796 34.305186 -1.750000 152.947671 18.039716 1.168229
STATIC_OBS_INFO 0 -6.300000 72.391493 46.441874 
STATIC_OBS_INFO 1 -6.300000 67.233158 51.599022 
Parent: -54.846549 10.000000 101.000000 0.000000 15.150000 -17.723224 -10.000000 2.376676 31.000000 0.000000 0 0 0 0 0 0 0 0
Child: -17.723224 10.000000 102.000000 0.000000 15.300000 -9.223224 -10.000000 0.000000 0.000000 0.000000 0 0 0 0 0 0 0 0
Child: -9.223224 5.178504 53.000000 0.000000 7.950000 0.000000 -10.000000 0.000000 0.000000 0.000000 0 0 0 0 0 0 0 0
EGO_STATUS -5.250000 118.821496 10.900000 1.570796 10.594000 4.000000 0.000000
DYNAMIC_OBS_INFO 0 -5.750000 55.866894 1.570796 129.803824 -5.750000 249.683757 22.035936 0.780656
DYNAMIC_OBS_INFO 1 -1.750000 35.698364 1.570796 35.051766 -1.750000 154.757483 18.156539 1.168229
STATIC_OBS_INFO 0 -6.300000 72.391493 47.501009 
STATIC_OBS_INFO 1 -6.300000 67.233158 52.658207 
Parent: -54.105459 10.000000 101.000000 0.000000 15.150000 -17.882134 -10.000000 2.276676 30.000000 0.000000 0 0 0 0 0 0 0 0
Child: -17.882134 10.000000 102.000000 0.000000 15.300000 -9.382134 -10.000000 0.000000 0.000000 0.000000 0 0 0 0 0 0 0 0
Child: -9.382134 4.119104 43.000000 0.000000 6.450000 0.000000 -10.000000 0.000000 0.000000 0.000000 0 0 0 0 0 0 0 0
EGO_STATUS -5.250000 119.880896 11.000000 1.570796 10.594000 4.000000 0.000000
DONE
FINISHED
