Parent: -18.329617 10.000000 101.000000 0.000000 15.150000 17.130652 -10.000000 3.039731 30.000000 0.000000 0 0 0 0 0 0 0 0
Child: 17.130652 14.821462 150.000000 10.470065 162.900000 0.000000 0.000000 0.000000 0.000000 0.000000 0 0 0 0 0 0 0 0
EGO_STATUS -5.750000 18.192995 0.000000 1.570796 12.634082 4.000000 0.000000
DYNAMIC_OBS_INFO 0 -5.750000 44.368121 1.570796 24.926442 -5.750000 44.368121 6.792390 0.033519
DYNAMIC_OBS_INFO 1 -1.750000 7.211698 1.570796 12.867483 -1.750000 7.211698 9.982957 2.142820
DYNAMIC_OBS_INFO 2 1.750000 56.691621 -1.570796 37.997468 1.750000 56.691621 11.030587 1.328192
Parent: -37.268157 10.000000 101.000000 0.000000 15.150000 6.580713 -10.000000 3.651130 39.000000 0.000000 0 0 0 0 0 0 0 0
Child: 6.580713 10.000000 101.000000 0.000000 15.150000 5.080713 0.000000 0.000000 0.000000 0.000000 0 0 0 0 0 0 0 0
Child: 5.080713 13.572777 137.000000 10.470713 141.750000 0.000000 -10.000000 0.000000 0.000000 0.000000 0 0 0 0 0 0 0 0
EGO_STATUS -5.749960 19.441679 0.100000 1.570645 12.340082 3.000000 -2.940000
DYNAMIC_OBS_INFO 0 -5.750000 44.368121 1.570796 24.386556 -5.750000 45.047527 6.795742 0.033519
DYNAMIC_OBS_INFO 1 -1.750000 7.211698 1.570796 14.031211 -1.750000 7.211698 9.982957 2.142820
DYNAMIC_OBS_INFO 2 1.750000 56.691621 -1.570796 36.802753 1.750000 56.691621 11.030587 1.328192
Parent: -38.362267 10.000000 101.000000 0.000000 15.150000 4.586600 -10.000000 3.551133 38.000000 0.000000 0 0 0 0 0 0 0 0
Child: 4.586600 10.000000 101.000000 0.000000 15.150000 3.086600 0.000000 0.000000 0.000000 0.000000 0 0 0 0 0 0 0 0
Child: 3.086600 12.353484 125.000000 10.468106 121.950000 0.000000 -10.000000 0.000000 0.000000 0.000000 0 0 0 0 0 0 0 0
EGO_STATUS -5.748994 20.660971 0.200000 1.568898 12.046082 3.000000 -2.940000
DYNAMIC_OBS_INFO 0 -5.750000 44.368121 1.570796 23.876413 -5.750000 45.727269 6.799094 0.033519
DYNAMIC_OBS_INFO 1 -1.750000 7.211698 1.570796 15.174195 -1.750000 7.211698 9.982957 2.142820
DYNAMIC_OBS_INFO 2 1.750000 56.691621 -1.570796 35.637583 1.750000 56.691621 11.030587 1.328192
Parent: -39.422910 10.000000 101.000000 0.000000 15.150000 2.625955 -10.000000 3.451135 37.000000 0.000000 0 0 0 0 0 0 0 0
Child: 2.625955 10.000000 101.000000 0.000000 15.150000 1.125955 0.000000 0.000000 0.000000 0.000000 0 0 0 0 0 0 0 0
Child: 1.125955 11.163586 113.000000 10.469091 102.150000 0.000000 -10.000000 0.000000 0.000000 0.000000 0 0 0 0 0 0 0 0
EGO_STATUS -5.743896 21.850857 0.300000 1.563327 11.752082 3.000000 -2.940000
DYNAMIC_OBS_INFO 0 -5.750000 44.368121 1.570796 23.396110 -5.750000 46.407346 6.802446 0.033519
DYNAMIC_OBS_INFO 1 -1.750000 7.211698 1.570796 16.293030 -1.750000 7.211698 9.982957 2.142820
DYNAMIC_OBS_INFO 2 1.750000 56.691621 -1.570796 34.500898 1.750000 56.691621 11.030587 1.328192
Parent: -39.443112 10.000000 101.000000 0.000000 15.150000 0.705747 -10.000000 3.351141 35.000000 0.000000 0 0 0 0 0 0 0 0
Child: 0.705747 10.000000 101.000000 0.000000 15.150000 -0.794253 0.000000 0.000000 0.000000 0.000000 0 0 0 0 0 0 0 0
Child: -0.794253 10.003105 102.000000 10.469477 83.400000 0.000000 -10.000000 0.000000 0.000000 0.000000 0 0 0 0 0 0 0 0
EGO_STATUS -5.729590 23.011245 0.400000 1.552750 11.458082 3.000000 -2.940000
DYNAMIC_OBS_INFO 0 -5.750000 44.368121 1.570796 22.945853 -5.750000 47.087758 6.805798 0.033519
DYNAMIC_OBS_INFO 1 -1.750000 7.211698 1.570796 16.404183 -1.750000 8.220708 10.197239 2.142820
DYNAMIC_OBS_INFO 2 1.750000 56.691621 -1.570796 33.391603 1.750000 56.691621 11.030587 1.328192
Parent: -40.388138 10.000000 101.000000 0.000000 15.150000 -1.139284 -10.000000 3.251146 34.000000 0.000000 0 0 0 0 0 0 0 0
Child: -1.139284 10.000000 101.000000 0.000000 15.150000 -2.639284 0.000000 0.000000 0.000000 0.000000 0 0 0 0 0 0 0 0
Child: -2.639284 8.872022 90.000000 10.468932 64.200000 0.000000 -10.000000 0.000000 0.000000 0.000000 0 0 0 0 0 0 0 0
EGO_STATUS -5.701079 24.141957 0.500000 1.537814 11.164082 3.000000 -2.940000
DYNAMIC_OBS_INFO 0 -5.750000 44.368121 1.570796 22.525997 -5.750000 47.768506 6.809150 0.033519
DYNAMIC_OBS_INFO 1 -1.750000 7.211698 1.570796 16.461563 -1.750000 9.251146 10.411521 2.142820
DYNAMIC_OBS_INFO 2 1.750000 56.691621 -1.570796 32.309066 1.750000 56.691621 11.030587 1.328192
Parent: -40.994669 10.000000 101.000000 0.000000 15.150000 -2.645816 -10.000000 3.151147 33.000000 0.000000 0 0 0 0 0 0 0 0
Child: -2.645816 10.000000 101.000000 0.000000 15.150000 -4.145816 0.000000 0.000000 0.000000 0.000000 0 0 0 0 0 0 0 0
Child: -4.145816 7.770317 79.000000 10.468880 49.050000 0.000000 -10.000000 0.000000 0.000000 0.000000 0 0 0 0 0 0 0 0
EGO_STATUS -5.655511 25.242707 0.600000 1.520897 10.870082 3.000000 -2.940000
DYNAMIC_OBS_INFO 0 -5.750000 44.368121 1.570796 22.136958 -5.750000 48.449588 6.812502 0.033519
DYNAMIC_OBS_INFO 1 -1.750000 7.211698 1.570796 16.465057 -1.750000 10.303012 10.625803 2.142820
DYNAMIC_OBS_INFO 2 1.750000 56.691621 -1.570796 30.175917 1.750000 55.581921 11.163407 1.328192
Parent: -41.639370 10.000000 101.000000 0.000000 15.150000 -3.663748 -10.000000 2.524378 32.000000 0.000000 0 0 0 0 0 0 0 0
Child: -3.663748 10.000000 101.000000 0.000000 15.150000 4.836252 -10.000000 0.000000 0.000000 0.000000 0 0 0 0 0 0 0 0
Child: 4.836252 6.698035 68.000000 13.998749 35.100000 0.000000 0.000000 0.000000 0.000000 0.000000 0 0 0 0 0 0 0 0
EGO_STATUS -5.593500 26.313184 0.700000 1.505494 10.576082 3.000000 -2.940000
DYNAMIC_OBS_INFO 0 -5.750000 44.368121 1.570796 21.764115 -5.750000 49.131006 6.815854 0.033519
DYNAMIC_OBS_INFO 1 -1.750000 7.211698 1.570796 16.429837 -1.750000 11.376306 10.840085 2.142820
DYNAMIC_OBS_INFO 2 1.750000 56.691621 -1.570796 28.048940 1.750000 54.458939 11.296226 1.328192
Parent: -51.880633 10.000000 101.000000 0.000000 15.150000 -14.805012 -10.000000 2.424378 31.000000 0.000000 0 0 0 0 0 0 0 0
Child: -14.805012 10.000000 101.000000 0.000000 15.150000 -6.305012 -10.000000 0.000000 0.000000 0.000000 0 0 0 0 0 0 0 0
Child: -6.305012 5.640426 58.000000 13.995242 24.000000 0.000000 -10.000000 0.000000 0.000000 0.000000 0 0 0 0 0 0 0 0
EGO_STATUS -5.518471 27.368122 0.800000 1.495258 10.576082 4.000000 0.000000
DYNAMIC_OBS_INFO 0 -5.750000 44.368121 1.570796 21.392467 -5.750000 49.812759 6.819206 0.033519
DYNAMIC_OBS_INFO 1 -1.750000 7.211698 1.570796 16.372097 -1.750000 12.471029 11.054367 2.142820
DYNAMIC_OBS_INFO 2 1.750000 56.691621 -1.570796 25.916533 1.750000 53.322676 11.429045 1.328192
Parent: -51.863714 10.000000 101.000000 0.000000 15.150000 -15.688093 -10.000000 2.324378 30.000000 0.000000 0 0 0 0 0 0 0 0
Child: -15.688093 10.000000 101.000000 0.000000 15.150000 -7.188093 -10.000000 0.000000 0.000000 0.000000 0 0 0 0 0 0 0 0
Child: -7.188093 4.582816 47.000000 13.988086 14.850000 0.000000 -10.000000 0.000000 0.000000 0.000000 0 0 0 0 0 0 0 0
EGO_STATUS -5.436934 28.422583 0.900000 1.493684 10.576082 4.000000 0.000000
DYNAMIC_OBS_INFO 0 -5.750000 44.368121 1.570796 21.021129 -5.750000 50.494847 6.822558 0.033519
DYNAMIC_OBS_INFO 1 -1.750000 7.211698 1.570796 16.294960 -1.750000 13.587180 11.268649 2.142820
DYNAMIC_OBS_INFO 2 1.750000 56.691621 -1.570796 23.783256 1.750000 52.173130 11.561864 1.328192
Parent: -69.155515 10.000000 101.000000 0.000000 15.150000 -24.825423 -10.000000 3.169908 39.000000 0.000000 0 0 0 0 0 0 0 0
Child: -24.825423 10.000000 101.000000 0.000000 15.150000 -16.325423 -10.000000 0.000000 0.000000 0.000000 0 0 0 0 0 0 0 0
Child: -16.325423 10.000000 101.000000 0.000000 15.150000 -7.825423 -10.000000 0.000000 0.000000 0.000000 0 0 0 0 0 0 0 0
Child: -7.825423 3.525206 37.000000 13.974013 8.850000 0.000000 -10.000000 0.000000 0.000000 0.000000 0 0 0 0 0 0 0 0
EGO_STATUS -5.359477 29.477346 1.000000 1.503190 10.576082 4.000000 0.000000
DYNAMIC_OBS_INFO 0 -5.750000 44.368121 1.570796 20.649078 -5.750000 51.177271 6.825909 0.033519
DYNAMIC_OBS_INFO 1 -1.750000 7.211698 1.570796 16.201625 -1.750000 14.724758 11.482931 2.142820
DYNAMIC_OBS_INFO 2 1.750000 56.691621 -1.570796 21.656110 1.750000 51.010303 11.694684 1.328192
Parent: -68.735806 10.000000 101.000000 0.000000 15.150000 -25.305714 -10.000000 3.069908 38.000000 0.000000 0 0 0 0 0 0 0 0
Child: -25.305714 10.000000 101.000000 0.000000 15.150000 -16.805714 -10.000000 0.000000 0.000000 0.000000 0 0 0 0 0 0 0 0
Child: -16.805714 10.000000 101.000000 0.000000 15.150000 -8.305714 -10.000000 0.000000 0.000000 0.000000 0 0 0 0 0 0 0 0
Child: -8.305714 2.467597 26.000000 13.951956 3.900000 0.000000 -10.000000 0.000000 0.000000 0.000000 0 0 0 0 0 0 0 0
EGO_STATUS -5.297907 30.533142 1.100000 1.523379 10.576082 4.000000 0.000000
DYNAMIC_OBS_INFO 0 -5.750000 44.368121 1.570796 20.275830 -5.750000 51.860029 6.829261 0.033519
DYNAMIC_OBS_INFO 1 -1.750000 7.211698 1.570796 16.094041 -1.750000 15.883766 11.697213 2.142820
DYNAMIC_OBS_INFO 2 1.750000 56.691621 -1.570796 19.544986 1.750000 49.834194 11.827503 1.328192
Parent: -68.135058 10.000000 101.000000 0.000000 15.150000 -25.604966 -10.000000 2.969908 37.000000 0.000000 0 0 0 0 0 0 0 0
Child: -25.604966 10.000000 101.000000 0.000000 15.150000 -17.104966 -10.000000 0.000000 0.000000 0.000000 0 0 0 0 0 0 0 0
Child: -17.104966 10.000000 101.000000 0.000000 15.150000 -8.604966 -10.000000 0.000000 0.000000 0.000000 0 0 0 0 0 0 0 0
Child: -8.604966 1.409989 16.000000 13.430297 2.400000 0.000000 -10.000000 0.000000 0.000000 0.000000 0 0 0 0 0 0 0 0
EGO_STATUS -5.261352 31.590088 1.200000 1.549208 10.576082 4.000000 0.000000
DYNAMIC_OBS_INFO 0 -5.750000 44.368121 1.570796 19.901780 -5.750000 52.543123 6.832613 0.033519
DYNAMIC_OBS_INFO 1 -1.750000 7.211698 1.570796 15.971679 -1.750000 17.064201 11.911495 2.142820
DYNAMIC_OBS_INFO 2 1.750000 56.691621 -1.570796 17.461761 1.750000 48.644802 11.960322 1.328192
Parent: -68.182853 10.000000 101.000000 0.000000 15.150000 -26.552761 -10.000000 2.869908 36.000000 0.000000 0 0 0 0 0 0 0 0
Child: -26.552761 10.000000 101.000000 0.000000 15.150000 -18.052761 -10.000000 0.000000 0.000000 0.000000 0 0 0 0 0 0 0 0
Child: -18.052761 10.000000 101.000000 0.000000 15.150000 -9.552761 -10.000000 0.000000 0.000000 0.000000 0 0 0 0 0 0 0 0
Child: -9.552761 0.352381 5.000000 5.595964 0.750000 0.000000 -10.000000 0.000000 0.000000 0.000000 0 0 0 0 0 0 0 0
EGO_STATUS -5.250229 32.647619 1.300000 1.568883 10.576082 4.000000 0.000000
DYNAMIC_OBS_INFO 0 -5.750000 44.368121 1.570796 19.527727 -5.750000 53.226552 6.835965 0.033519
DYNAMIC_OBS_INFO 1 -1.750000 7.211698 1.570796 15.830911 -1.750000 18.266065 12.125777 2.142820
DYNAMIC_OBS_INFO 2 1.750000 56.691621 -1.570796 15.417603 1.750000 47.442129 12.093141 1.328192
Parent: -57.835876 10.000000 101.000000 0.000000 15.150000 -17.105784 -10.000000 2.769908 35.000000 0.000000 0 0 0 0 0 0 0 0
Child: -17.105784 10.000000 101.000000 0.000000 15.150000 -8.605784 -10.000000 0.000000 0.000000 0.000000 0 0 0 0 0 0 0 0
Child: -8.605784 9.294773 94.000000 0.000000 14.100000 0.000000 -10.000000 0.000000 0.000000 0.000000 0 0 0 0 0 0 0 0
EGO_STATUS -5.250000 33.705227 1.400000 1.570796 10.576082 4.000000 0.000000
DYNAMIC_OBS_INFO 0 -5.750000 44.368121 1.570796 19.154008 -5.750000 53.910316 6.839317 0.033519
DYNAMIC_OBS_INFO 1 -1.750000 7.211698 1.570796 15.669370 -1.750000 19.489356 12.340059 2.142820
DYNAMIC_OBS_INFO 2 1.750000 56.691621 -1.570796 13.431610 1.750000 46.226174 12.225960 1.328192
Parent: -57.094518 10.000000 101.000000 0.000000 15.150000 -17.264425 -10.000000 2.669908 34.000000 0.000000 0 0 0 0 0 0 0 0
Child: -17.264425 10.000000 101.000000 0.000000 15.150000 -8.764425 -10.000000 0.000000 0.000000 0.000000 0 0 0 0 0 0 0 0
Child: -8.764425 8.237164 84.000000 0.000000 12.600000 0.000000 -10.000000 0.000000 0.000000 0.000000 0 0 0 0 0 0 0 0
EGO_STATUS -5.250000 34.762836 1.500000 1.570796 10.576082 4.000000 0.000000
DYNAMIC_OBS_INFO 0 -5.750000 44.368121 1.570796 18.780628 -5.750000 54.594415 6.842669 0.033519
DYNAMIC_OBS_INFO 1 -1.750000 7.211698 1.570796 15.487042 -1.750000 20.734076 12.554341 2.142820
DYNAMIC_OBS_INFO 2 1.750000 56.691621 -1.570796 11.541578 1.750000 44.996937 12.358780 1.328192
Parent: -56.353159 10.000000 101.000000 0.000000 15.150000 -17.423067 -10.000000 2.569908 33.000000 0.000000 0 0 0 0 0 0 0 0
Child: -17.423067 10.000000 101.000000 0.000000 15.150000 -8.923067 -10.000000 0.000000 0.000000 0.000000 0 0 0 0 0 0 0 0
Child: -8.923067 7.179556 73.000000 0.000000 10.950000 0.000000 -10.000000 0.000000 0.000000 0.000000 0 0 0 0 0 0 0 0
EGO_STATUS -5.250000 35.820444 1.600000 1.570796 10.576082 4.000000 0.000000
DYNAMIC_OBS_INFO 0 -5.750000 44.368121 1.570796 18.407590 -5.750000 55.278850 6.846021 0.033519
DYNAMIC_OBS_INFO 1 -1.750000 7.211698 1.570796 15.283970 -1.750000 22.000224 12.768623 2.142820
DYNAMIC_OBS_INFO 2 1.750000 56.691621 -1.570796 9.812462 1.750000 43.754418 12.491599 1.328192
Parent: -55.611800 10.000000 101.000000 0.000000 15.150000 -17.581708 -10.000000 2.469908 32.000000 0.000000 0 0 0 0 0 0 0 0
Child: -17.581708 10.000000 101.000000 0.000000 15.150000 -9.081708 -10.000000 0.000000 0.000000 0.000000 0 0 0 0 0 0 0 0
Child: -9.081708 6.121948 63.000000 0.000000 9.450000 0.000000 -10.000000 0.000000 0.000000 0.000000 0 0 0 0 0 0 0 0
EGO_STATUS -5.250000 36.878052 1.700000 1.570796 10.576082 4.000000 0.000000
DYNAMIC_OBS_INFO 0 -5.750000 44.368121 1.570796 18.034891 -5.750000 55.963619 6.849373 0.033519
DYNAMIC_OBS_INFO 1 -1.750000 7.211698 1.570796 15.060205 -1.750000 23.287801 12.982905 2.142820
DYNAMIC_OBS_INFO 2 1.750000 56.691621 -1.570796 8.355871 1.750000 42.498617 12.624418 1.328192
Parent: -54.870441 10.000000 101.000000 0.000000 15.150000 -17.740349 -10.000000 2.369908 31.000000 0.000000 0 0 0 0 0 0 0 0
Child: -17.740349 10.000000 101.000000 0.000000 15.150000 -9.240349 -10.000000 0.000000 0.000000 0.000000 0 0 0 0 0 0 0 0
Child: -9.240349 5.064340 52.000000 0.000000 7.800000 0.000000 -10.000000 0.000000 0.000000 0.000000 0 0 0 0 0 0 0 0
EGO_STATUS -5.250000 37.935660 1.800000 1.570796 10.576082 4.000000 0.000000
DYNAMIC_OBS_INFO 0 -5.750000 44.368121 1.570796 17.662534 -5.750000 56.648724 6.852725 0.033519
DYNAMIC_OBS_INFO 1 -1.750000 7.211698 1.570796 14.815807 -1.750000 24.596805 13.197187 2.142820
DYNAMIC_OBS_INFO 2 1.750000 56.691621 -1.570796 7.348530 1.750000 41.229535 12.757237 1.328192
Parent: -54.129082 10.000000 101.000000 0.000000 15.150000 -17.898990 -10.000000 2.269908 30.000000 0.000000 0 0 0 0 0 0 0 0
Child: -17.898990 10.000000 101.000000 0.000000 15.150000 -9.398990 -10.000000 0.000000 0.000000 0.000000 0 0 0 0 0 0 0 0
Child: -9.398990 4.006732 42.000000 0.000000 6.300000 0.000000 -10.000000 0.000000 0.000000 0.000000 0 0 0 0 0 0 0 0
EGO_STATUS -5.250000 38.993268 1.900000 1.570796 10.576082 4.000000 0.000000
DYNAMIC_OBS_INFO 0 -5.750000 44.368121 1.570796 17.290519 -5.750000 57.334164 6.856077 0.033519
DYNAMIC_OBS_INFO 1 -1.750000 7.211698 1.570796 14.550848 -1.750000 25.927238 13.411469 2.142820
DYNAMIC_OBS_INFO 2 1.750000 56.691621 -1.570796 7.000768 1.750000 39.947170 12.890057 1.328192
Parent: -39.651856 10.000000 101.000000 0.000000 15.150000 -8.057632 -10.000000 4.905776 28.000000 0.000000 0 0 0 0 0 0 0 0
Child: -8.057632 10.000000 101.000000 0.000000 15.150000 0.442368 -10.000000 0.000000 0.000000 0.000000 0 0 0 0 0 0 0 0
Child: 0.442368 2.949123 31.000000 0.000000 4.650000 0.000000 0.000000 0.000000 0.000000 0.000000 0 0 0 0 0 0 0 0
EGO_STATUS -5.250000 40.050877 2.000000 1.570796 10.576082 4.000000 0.000000
DYNAMIC_OBS_INFO 0 -5.750000 44.368121 1.570796 16.933572 -5.750000 58.019940 6.859428 0.033519
DYNAMIC_OBS_INFO 1 -1.750000 7.211698 1.570796 14.251126 -1.750000 27.279099 13.625750 2.142820
DYNAMIC_OBS_INFO 2 1.750000 56.691621 -1.570796 7.413803 1.750000 38.651523 13.022876 1.328192
Parent: -48.908272 10.000000 101.000000 0.000000 15.150000 -18.214063 -10.000000 4.805791 27.000000 0.000000 0 0 0 0 0 0 0 0
Child: -18.214063 10.000000 101.000000 0.000000 15.150000 -9.714063 -10.000000 0.000000 0.000000 0.000000 0 0 0 0 0 0 0 0
Child: -9.714063 1.906249 21.000000 0.000000 3.150000 0.000000 -10.000000 0.000000 0.000000 0.000000 0 0 0 0 0 0 0 0
EGO_STATUS -5.250000 41.093751 2.100000 1.570796 10.282082 3.000000 -2.940000
DYNAMIC_OBS_INFO 0 -5.750000 44.368121 1.570796 16.606337 -5.750000 58.706050 6.862780 0.033519
DYNAMIC_OBS_INFO 1 -1.750000 7.211698 1.570796 13.902629 -1.750000 28.652388 13.840032 2.142820
DYNAMIC_OBS_INFO 2 1.750000 56.691621 -1.570796 8.467695 1.750000 37.342595 13.155695 1.328192
Parent: -48.160288 10.000000 101.000000 0.000000 15.150000 -18.366086 -10.000000 4.705799 26.000000 0.000000 0 0 0 0 0 0 0 0
Child: -18.366086 10.000000 101.000000 0.000000 15.150000 -9.866086 -10.000000 0.000000 0.000000 0.000000 0 0 0 0 0 0 0 0
Child: -9.866086 0.892758 10.000000 0.000000 1.500000 0.000000 -10.000000 0.000000 0.000000 0.000000 0 0 0 0 0 0 0 0
EGO_STATUS -5.250000 42.107242 2.200000 1.570796 9.988082 3.000000 -2.940000
DYNAMIC_OBS_INFO 0 -5.750000 44.368121 1.570796 16.308824 -5.750000 59.392496 6.866132 0.033519
DYNAMIC_OBS_INFO 1 -1.750000 7.211698 1.570796 13.505628 -1.750000 30.047106 14.054314 2.142820
DYNAMIC_OBS_INFO 2 1.750000 56.691621 -1.570796 9.949793 1.750000 36.020384 13.288514 1.328192
Parent: -37.407897 10.000000 101.000000 0.000000 15.150000 -8.513701 -10.000000 4.605804 25.000000 0.000000 0 0 0 0 0 0 0 0
Child: -8.513701 9.908662 101.000000 0.000000 15.150000 0.000000 -10.000000 0.000000 0.000000 0.000000 0 0 0 0 0 0 0 0
EGO_STATUS -5.250000 43.091338 2.300000 1.570796 9.694082 3.000000 -2.940000
DYNAMIC_OBS_INFO 0 -5.750000 44.368121 1.570796 16.041066 -5.750000 60.079276 6.869484 0.033519
DYNAMIC_OBS_INFO 1 -1.750000 7.211698 1.570796 13.060463 -1.750000 31.463251 14.268596 2.142820
DYNAMIC_OBS_INFO 2 1.750000 56.691621 -1.570796 11.688902 1.750000 34.684892 13.421333 1.328192
Parent: -36.651078 10.000000 101.000000 0.000000 15.150000 -8.656901 -10.000000 4.505822 24.000000 0.000000 0 0 0 0 0 0 0 0
Child: -8.656901 8.953995 91.000000 0.000000 13.650000 0.000000 -10.000000 0.000000 0.000000 0.000000 0 0 0 0 0 0 0 0
EGO_STATUS -5.250000 44.046005 2.400000 1.570796 9.400082 3.000000 -2.940000
DYNAMIC_OBS_INFO 0 -5.750000 44.368121 1.570796 15.803025 -5.750000 60.766392 6.872836 0.033519
DYNAMIC_OBS_INFO 1 -1.750000 7.211698 1.570796 12.567652 -1.750000 32.900825 14.482878 2.142820
DYNAMIC_OBS_INFO 2 1.750000 56.691621 -1.570796 13.578549 1.750000 33.336118 13.554153 1.328192
Parent: -36.889855 10.000000 101.000000 0.000000 15.150000 -8.795692 -10.000000 4.405837 24.000000 0.000000 0 0 0 0 0 0 0 0
Child: -8.795692 8.028721 82.000000 0.000000 12.300000 0.000000 -10.000000 0.000000 0.000000 0.000000 0 0 0 0 0 0 0 0
EGO_STATUS -5.250000 44.971279 2.500000 1.570796 9.106082 3.000000 -2.940000
DYNAMIC_OBS_INFO 0 -5.750000 44.368121 1.570796 15.594681 -5.750000 61.453844 6.876188 0.033519
DYNAMIC_OBS_INFO 1 -1.750000 7.211698 1.570796 12.027850 -1.750000 34.359827 14.697160 2.142820
DYNAMIC_OBS_INFO 2 1.750000 56.691621 -1.570796 15.556952 1.750000 31.974061 13.686972 1.328192
Parent: -36.124237 10.000000 101.000000 0.000000 15.150000 -8.930077 -10.000000 4.305840 23.000000 0.000000 0 0 0 0 0 0 0 0
Child: -8.930077 7.132820 73.000000 0.000000 10.950000 0.000000 -10.000000 0.000000 0.000000 0.000000 0 0 0 0 0 0 0 0
EGO_STATUS -5.250000 45.867180 2.600000 1.570796 8.812082 3.000000 -2.940000
DYNAMIC_OBS_INFO 0 -5.750000 44.368121 1.570796 15.416097 -5.750000 62.141630 6.879540 0.033519
DYNAMIC_OBS_INFO 1 -1.750000 7.211698 1.570796 11.441847 -1.750000 35.840257 14.911442 2.142820
DYNAMIC_OBS_INFO 2 1.750000 56.691621 -1.570796 17.587940 1.750000 30.598723 13.819791 1.328192
Parent: -35.354186 10.000000 101.000000 0.000000 15.150000 -9.060047 -10.000000 4.205860 22.000000 0.000000 0 0 0 0 0 0 0 0
Child: -9.060047 6.266357 64.000000 0.000000 9.600000 0.000000 -10.000000 0.000000 0.000000 0.000000 0 0 0 0 0 0 0 0
EGO_STATUS -5.250000 46.733643 2.700000 1.570796 8.518082 3.000000 -2.940000
DYNAMIC_OBS_INFO 0 -5.750000 44.368121 1.570796 15.267240 -5.750000 62.829752 6.882892 0.033519
DYNAMIC_OBS_INFO 1 -1.750000 7.211698 1.570796 10.810826 -1.750000 37.342115 15.125724 2.142820
DYNAMIC_OBS_INFO 2 1.750000 56.691621 -1.570796 19.649721 1.750000 29.210103 13.952610 1.328192
Parent: -34.579722 10.000000 101.000000 0.000000 15.150000 -9.185605 -10.000000 4.105883 21.000000 0.000000 0 0 0 0 0 0 0 0
Child: -9.185605 5.429299 56.000000 0.000000 8.400000 0.000000 -10.000000 0.000000 0.000000 0.000000 0 0 0 0 0 0 0 0
EGO_STATUS -5.250000 47.570701 2.800000 1.570796 8.224082 3.000000 -2.940000
DYNAMIC_OBS_INFO 0 -5.750000 44.368121 1.570796 15.148070 -5.750000 63.518208 6.886244 0.033519
DYNAMIC_OBS_INFO 1 -1.750000 7.211698 1.570796 10.136419 -1.750000 38.865402 15.340006 2.142820
DYNAMIC_OBS_INFO 2 1.750000 56.691621 -1.570796 21.728616 1.750000 27.808201 14.085430 1.328192
Parent: -33.800869 10.000000 101.000000 0.000000 15.150000 -9.306759 -10.000000 4.005890 20.000000 0.000000 0 0 0 0 0 0 0 0
Child: -9.306759 4.621608 48.000000 0.000000 7.200000 0.000000 -10.000000 0.000000 0.000000 0.000000 0 0 0 0 0 0 0 0
EGO_STATUS -5.250000 48.378392 2.900000 1.570796 7.930082 3.000000 -2.940000
DYNAMIC_OBS_INFO 0 -5.750000 44.368121 1.570796 15.058646 -5.750000 64.207000 6.889596 0.033519
DYNAMIC_OBS_INFO 1 -1.750000 7.211698 1.570796 9.420827 -1.750000 40.410117 15.554288 2.142820
DYNAMIC_OBS_INFO 2 1.750000 56.691621 -1.570796 23.815611 1.750000 26.393017 14.218249 1.328192
Parent: -33.017590 10.000000 101.000000 0.000000 15.150000 -9.423499 -10.000000 3.905909 19.000000 0.000000 0 0 0 0 0 0 0 0
Child: -9.423499 3.843342 40.000000 0.000000 6.000000 0.000000 -10.000000 0.000000 0.000000 0.000000 0 0 0 0 0 0 0 0
EGO_STATUS -5.250000 49.156658 3.000000 1.570796 7.636082 3.000000 -2.940000
DYNAMIC_OBS_INFO 0 -5.750000 44.368121 1.570796 14.998966 -5.750000 64.896128 6.892947 0.033519
DYNAMIC_OBS_INFO 1 -1.750000 7.211698 1.570796 8.667342 -1.750000 41.976259 15.768570 2.142820
DYNAMIC_OBS_INFO 2 1.750000 56.691621 -1.570796 25.904649 1.750000 24.964551 14.351068 1.328192
Parent: -33.229886 10.000000 101.000000 0.000000 15.150000 -9.535825 -10.000000 3.805939 19.000000 0.000000 0 0 0 0 0 0 0 0
Child: -9.535825 3.094502 32.000000 0.000000 4.800000 0.000000 -10.000000 0.000000 0.000000 0.000000 0 0 0 0 0 0 0 0
EGO_STATUS -5.250000 49.905498 3.100000 1.570796 7.342082 3.000000 -2.940000
DYNAMIC_OBS_INFO 0 -5.750000 44.368121 1.570796 14.968983 -5.750000 65.585590 6.896299 0.033519
DYNAMIC_OBS_INFO 1 -1.750000 7.211698 1.570796 7.880961 -1.750000 43.563831 15.982852 2.142820
DYNAMIC_OBS_INFO 2 1.750000 56.691621 -1.570796 27.991550 1.750000 23.522804 14.483887 1.328192
Parent: -32.437784 10.000000 101.000000 0.000000 15.150000 -9.643744 -10.000000 3.705960 18.000000 0.000000 0 0 0 0 0 0 0 0
Child: -9.643744 2.375040 25.000000 0.000000 3.750000 0.000000 -10.000000 0.000000 0.000000 0.000000 0 0 0 0 0 0 0 0
EGO_STATUS -5.250000 50.624960 3.200000 1.570796 7.048082 3.000000 -2.940000
DYNAMIC_OBS_INFO 0 -5.750000 44.368121 1.570796 14.968701 -5.750000 66.275387 6.899651 0.033519
DYNAMIC_OBS_INFO 1 -1.750000 7.211698 1.570796 7.069423 -1.750000 45.172830 16.197134 2.142820
DYNAMIC_OBS_INFO 2 1.750000 56.691621 -1.570796 30.073286 1.750000 22.067774 14.616707 1.328192
Parent: -31.641284 10.000000 101.000000 0.000000 15.150000 -9.747256 -10.000000 3.605972 17.000000 0.000000 0 0 0 0 0 0 0 0
Child: -9.747256 1.684961 18.000000 0.000000 2.700000 0.000000 -10.000000 0.000000 0.000000 0.000000 0 0 0 0 0 0 0 0
EGO_STATUS -5.250000 51.315039 3.300000 1.570796 6.754082 3.000000 -2.940000
DYNAMIC_OBS_INFO 0 -5.750000 44.368121 1.570796 14.998193 -5.750000 66.965520 6.903003 0.033519
DYNAMIC_OBS_INFO 1 -1.750000 7.211698 1.570796 6.245301 -1.750000 46.803257 16.411416 2.142820
DYNAMIC_OBS_INFO 2 1.750000 56.691621 -1.570796 32.147566 1.750000 20.599462 14.749526 1.328192
Parent: -31.840340 10.000000 101.000000 0.000000 15.150000 -9.846350 -10.000000 3.506009 17.000000 0.000000 0 0 0 0 0 0 0 0
Child: -9.846350 1.024336 12.000000 0.000000 1.800000 0.000000 -10.000000 0.000000 0.000000 0.000000 0 0 0 0 0 0 0 0
EGO_STATUS -5.250000 51.975664 3.400000 1.570796 6.460082 3.000000 -2.940000
DYNAMIC_OBS_INFO 0 -5.750000 44.368121 1.570796 15.057403 -5.750000 67.655988 6.906355 0.033519
DYNAMIC_OBS_INFO 1 -1.750000 7.211698 1.570796 5.430215 -1.750000 48.455113 16.625698 2.142820
DYNAMIC_OBS_INFO 2 1.750000 56.691621 -1.570796 34.212782 1.750000 19.117869 14.882345 1.328192
Parent: -31.034987 10.000000 101.000000 0.000000 15.150000 -9.941033 -10.000000 3.406046 16.000000 0.000000 0 0 0 0 0 0 0 0
Child: -9.941033 0.393111 5.000000 0.000000 0.750000 0.000000 -10.000000 0.000000 0.000000 0.000000 0 0 0 0 0 0 0 0
EGO_STATUS -5.250000 52.606889 3.500000 1.570796 6.166082 3.000000 -2.940000
DYNAMIC_OBS_INFO 0 -5.750000 44.368121 1.570796 15.146284 -5.750000 68.346791 6.909707 0.033519
DYNAMIC_OBS_INFO 1 -1.750000 7.211698 1.570796 4.662473 -1.750000 50.128397 16.839980 2.142820
DYNAMIC_OBS_INFO 2 1.750000 56.691621 -1.570796 36.267712 1.750000 17.622993 15.015164 1.328192
Parent: -20.202140 9.791238 99.000000 0.000000 14.850000 0.000000 -10.000000 3.329174 15.000000 0.000000 0 0 0 0 0 0 0 0
EGO_STATUS -5.250000 53.208762 3.600000 1.570796 5.872082 3.000000 -2.940000
DYNAMIC_OBS_INFO 0 -5.750000 44.368121 1.570796 15.264944 -5.750000 69.037929 6.913059 0.033519
DYNAMIC_OBS_INFO 1 -1.750000 7.211698 1.570796 4.010490 -1.750000 51.823109 17.054262 2.142820
DYNAMIC_OBS_INFO 2 1.750000 56.691621 -1.570796 38.311268 1.750000 16.114836 15.147983 1.328192
Parent: -20.317718 9.218823 94.000000 0.000000 14.100000 0.000000 -10.000000 3.299459 15.000000 0.000000 0 0 0 0 0 0 0 0
EGO_STATUS -5.250000 53.781177 3.700000 1.570796 5.578082 3.000000 -2.940000
DYNAMIC_OBS_INFO 0 -5.750000 44.368121 1.570796 15.413359 -5.750000 69.729403 6.916411 0.033519
DYNAMIC_OBS_INFO 1 -1.750000 7.211698 1.570796 3.586931 -1.750000 53.539250 17.268544 2.142820
DYNAMIC_OBS_INFO 2 1.750000 56.691621 -1.570796 40.342697 1.750000 14.593397 15.280803 1.328192
Parent: -19.421060 8.675844 88.000000 0.000000 13.200000 0.000000 -10.000000 3.277563 14.000000 0.000000 0 0 0 0 0 0 0 0
EGO_STATUS -5.250000 54.324156 3.800000 1.570796 5.284082 3.000000 -2.940000
DYNAMIC_OBS_INFO 0 -5.750000 44.368121 1.570796 15.591437 -5.750000 70.421212 6.919763 0.033519
DYNAMIC_OBS_INFO 1 -1.750000 7.211698 1.570796 3.527427 -1.750000 55.276818 17.482826 2.142820
DYNAMIC_OBS_INFO 2 1.750000 56.691621 -1.570796 42.361477 1.750000 13.058675 15.413622 1.328192
Parent: -19.510840 8.162206 83.000000 0.000000 12.450000 0.000000 -10.000000 3.264829 14.000000 0.000000 0 0 0 0 0 0 0 0
EGO_STATUS -5.250000 54.837794 3.900000 1.570796 4.990082 3.000000 -2.940000
DYNAMIC_OBS_INFO 0 -5.750000 44.368121 1.570796 15.799255 -5.750000 71.113355 6.923115 0.033519
DYNAMIC_OBS_INFO 1 -1.750000 7.211698 1.570796 3.897065 -1.750000 57.035815 17.697108 2.142820
DYNAMIC_OBS_INFO 2 1.750000 56.691621 -1.570796 44.367034 1.750000 11.510672 15.546441 1.328192
Parent: -18.585297 7.677986 78.000000 0.000000 11.700000 0.000000 -10.000000 3.263005 13.000000 0.000000 0 0 0 0 0 0 0 0
EGO_STATUS -5.250000 55.322014 4.000000 1.570796 4.696082 3.000000 -2.940000
DYNAMIC_OBS_INFO 0 -5.750000 44.368121 1.570796 16.036896 -5.750000 71.805834 6.926466 0.033519
DYNAMIC_OBS_INFO 1 -1.750000 7.211698 1.570796 4.635579 -1.750000 58.816240 17.911390 2.142820
DYNAMIC_OBS_INFO 2 1.750000 56.691621 -1.570796 46.358880 1.750000 9.949387 15.679260 1.328192
Parent: -18.642199 7.223265 74.000000 0.000000 11.100000 0.000000 -10.000000 3.274311 13.000000 0.000000 0 0 0 0 0 0 0 0
EGO_STATUS -5.250000 55.776735 4.100000 1.570796 4.402082 3.000000 -2.940000
DYNAMIC_OBS_INFO 0 -5.750000 44.368121 1.570796 16.304240 -5.750000 72.498649 6.929818 0.033519
DYNAMIC_OBS_INFO 1 -1.750000 7.211698 1.570796 5.634820 -1.750000 60.618093 18.125672 2.142820
DYNAMIC_OBS_INFO 2 1.750000 56.691621 -1.570796 48.336802 1.750000 8.374820 15.812080 1.328192
Parent: -17.678812 6.797923 69.000000 0.000000 10.350000 0.000000 -10.000000 3.301499 12.000000 0.000000 0 0 0 0 0 0 0 0
EGO_STATUS -5.250000 56.202077 4.200000 1.570796 4.108082 3.000000 -2.940000
DYNAMIC_OBS_INFO 0 -5.750000 44.368121 1.570796 16.601182 -5.750000 73.191798 6.933170 0.033519
DYNAMIC_OBS_INFO 1 -1.750000 7.211698 1.570796 6.811263 -1.750000 62.441374 18.339954 2.142820
DYNAMIC_OBS_INFO 2 1.750000 56.691621 -1.570796 50.300629 1.750000 6.786971 15.944899 1.328192
Parent: -17.691545 6.401852 66.000000 0.000000 9.900000 0.000000 -10.000000 3.348177 12.000000 0.000000 0 0 0 0 0 0 0 0
EGO_STATUS -5.250000 56.598148 4.300000 1.570796 3.814082 3.000000 -2.940000
DYNAMIC_OBS_INFO 0 -5.750000 44.368121 1.570796 16.928075 -5.750000 73.885283 6.936522 0.033519
DYNAMIC_OBS_INFO 1 -1.750000 7.211698 1.570796 8.115061 -1.750000 64.286084 18.554236 2.142820
DYNAMIC_OBS_INFO 2 1.750000 56.691621 -1.570796 52.249778 1.750000 5.185840 16.077718 1.328192
Parent: -17.675275 6.035407 62.000000 0.000000 9.300000 0.000000 -10.000000 3.419414 12.000000 0.000000 0 0 0 0 0 0 0 0
EGO_STATUS -5.250000 56.964593 4.400000 1.570796 3.520082 3.000000 -2.940000
DYNAMIC_OBS_INFO 0 -5.750000 44.368121 1.570796 17.284766 -5.750000 74.579103 6.939874 0.033519
DYNAMIC_OBS_INFO 1 -1.750000 7.211698 1.570796 9.517564 -1.750000 66.152222 18.768518 2.142820
DYNAMIC_OBS_INFO 2 1.750000 56.691621 -1.570796 54.184206 1.750000 3.571428 16.210537 1.328192
Parent: -16.623428 5.698430 58.000000 0.000000 8.700000 0.000000 -10.000000 3.521808 11.000000 0.000000 0 0 0 0 0 0 0 0
EGO_STATUS -5.250000 57.301570 4.500000 1.570796 3.226082 3.000000 -2.940000
DYNAMIC_OBS_INFO 0 -5.750000 44.368121 1.570796 17.670981 -5.750000 75.273258 6.943226 0.033519
DYNAMIC_OBS_INFO 1 -1.750000 7.211698 1.570796 11.001999 -1.750000 68.039787 18.982800 2.142820
DYNAMIC_OBS_INFO 2 1.750000 56.691621 -1.570796 56.104021 1.750000 1.943733 16.343357 1.328192
Parent: -16.526891 5.390648 55.000000 0.000000 8.250000 0.000000 -10.000000 3.664512 11.000000 0.000000 0 0 0 0 0 0 0 0
EGO_STATUS -5.250000 57.609352 4.600000 1.570796 2.932082 3.000000 -2.940000
DYNAMIC_OBS_INFO 0 -5.750000 44.368121 1.570796 18.087152 -5.750000 75.967748 6.946578 0.033519
DYNAMIC_OBS_INFO 1 -1.750000 7.211698 1.570796 12.558835 -1.750000 69.948782 19.197082 2.142820
DYNAMIC_OBS_INFO 2 1.750000 56.691621 -1.570796 58.008651 1.750000 0.302756 16.476176 1.328192
Parent: -16.371847 5.112492 53.000000 0.000000 7.950000 0.000000 -10.000000 3.861279 11.000000 0.000000 0 0 0 0 0 0 0 0
EGO_STATUS -5.250000 57.887508 4.700000 1.570796 2.638082 3.000000 -2.940000
DYNAMIC_OBS_INFO 0 -5.750000 44.368121 1.570796 18.533372 -5.750000 76.662573 6.949930 0.033519
DYNAMIC_OBS_INFO 1 -1.750000 7.211698 1.570796 14.181929 -1.750000 71.879204 19.411364 2.142820
DYNAMIC_OBS_INFO 2 1.750000 56.691621 -1.570796 59.897885 1.750000 -1.351502 16.608995 1.328192
Parent: -15.137951 4.864053 50.000000 0.000000 7.500000 0.000000 -10.000000 4.132441 10.000000 0.000000 0 0 0 0 0 0 0 0
EGO_STATUS -5.250000 58.135947 4.800000 1.570796 2.344082 3.000000 -2.940000
DYNAMIC_OBS_INFO 0 -5.750000 44.368121 1.570796 19.009222 -5.750000 77.357734 6.953282 0.033519
DYNAMIC_OBS_INFO 1 -1.750000 7.211698 1.570796 15.866805 -1.750000 73.831054 19.625646 2.142820
DYNAMIC_OBS_INFO 2 1.750000 56.691621 -1.570796 61.772033 1.750000 -3.019043 16.741814 1.328192
Parent: -14.793821 4.644911 48.000000 0.000000 7.200000 0.000000 -10.000000 4.509442 10.000000 0.000000 0 0 0 0 0 0 0 0
EGO_STATUS -5.250000 58.355089 4.900000 1.570796 2.050082 3.000000 -2.940000
DYNAMIC_OBS_INFO 0 -5.750000 44.368121 1.570796 19.514641 -5.750000 78.053229 6.956634 0.033519
DYNAMIC_OBS_INFO 1 -1.750000 7.211698 1.570796 17.610644 -1.750000 75.804333 19.839928 2.142820
DYNAMIC_OBS_INFO 2 1.750000 56.691621 -1.570796 63.631064 1.750000 -4.699865 16.874633 1.328192
Parent: -10.962275 10.000000 102.000000 0.000000 15.300000 2.605210 0.000000 4.932515 20.000000 0.000000 0 0 0 0 0 0 0 0
Child: 2.605210 4.455005 46.000000 20.000000 6.900000 0.000000 0.000000 0.000000 0.000000 0.000000 0 0 1 0 0 0 0 0
EGO_STATUS -5.250000 58.544995 5.000000 1.570796 1.756082 3.000000 -2.940000
DYNAMIC_OBS_INFO 0 -5.750000 44.368121 1.570796 20.019687 -5.750000 78.749060 6.959985 0.033519
DYNAMIC_OBS_INFO 1 -1.750000 7.211698 1.570796 19.382055 -1.750000 77.799040 20.054210 2.142820
DYNAMIC_OBS_INFO 2 1.750000 56.691621 -1.570796 65.504681 1.750000 -6.393969 17.007453 1.328192
Parent: -21.089414 10.000000 102.000000 0.000000 15.300000 -7.421987 0.000000 4.832573 20.000000 0.000000 0 0 0 0 0 0 0 0
Child: -7.421987 4.264382 44.000000 20.000000 6.600000 0.000000 -10.000000 0.000000 0.000000 0.000000 0 0 1 0 0 0 0 0
EGO_STATUS -5.250000 58.735618 5.100000 1.570796 2.050082 0.000000 2.940000
DYNAMIC_OBS_INFO 0 -5.750000 44.368121 1.570796 20.495583 -5.750000 79.445227 6.963337 0.033519
DYNAMIC_OBS_INFO 1 -1.750000 7.211698 1.570796 21.151026 -1.750000 79.815175 20.268492 2.142820
DYNAMIC_OBS_INFO 2 1.750000 56.691621 -1.570796 67.421469 1.750000 -8.101356 17.140272 1.328192
Parent: -27.750638 10.000000 101.000000 20.000000 15.150000 4.067423 -10.000000 4.701742 30.000000 0.000000 0 0 1 0 0 0 0 0
Child: 4.067423 10.000000 102.000000 20.000000 15.300000 0.606639 0.000000 0.000000 0.000000 0.000000 0 0 1 0 0 0 0 0
Child: 0.606639 4.044257 42.000000 0.000000 6.300000 0.000000 0.000000 0.000000 0.000000 0.000000 0 0 0 0 0 0 0 0
EGO_STATUS -5.250000 58.955743 5.200000 1.570796 2.344082 0.000000 2.940000
DYNAMIC_OBS_INFO 0 -5.750000 44.368121 1.570796 20.957542 -5.750000 80.141728 6.966689 0.033519
DYNAMIC_OBS_INFO 1 -1.750000 7.211698 1.570796 22.931264 -1.750000 81.852739 20.482774 2.142820
DYNAMIC_OBS_INFO 2 1.750000 56.691621 -1.570796 69.366277 1.750000 -9.822024 17.273091 1.328192
Parent: -10.244915 10.000000 102.000000 0.000000 15.300000 2.476401 0.000000 4.778684 19.000000 0.000000 0 0 0 0 0 1 0 0
Child: 2.476401 3.809848 40.000000 20.000000 6.000000 0.000000 0.000000 0.000000 0.000000 0.000000 0 0 1 0 0 0 0 0
EGO_STATUS -5.250000 59.190152 5.300000 1.570796 2.344082 4.000000 0.000000
DYNAMIC_OBS_INFO 0 -5.750000 44.368121 1.570796 21.404617 -5.750000 80.838564 6.970041 0.033519
DYNAMIC_OBS_INFO 1 -1.750000 7.211698 1.570796 24.720962 -1.750000 83.911730 20.697056 2.142820
DYNAMIC_OBS_INFO 2 1.750000 56.691621 -1.570796 71.340018 1.750000 -11.555974 17.405910 1.328192
Parent: -20.362735 10.000000 102.000000 0.000000 15.300000 -7.541529 0.000000 4.678794 19.000000 0.000000 0 0 0 0 0 0 0 0
Child: -7.541529 3.560212 37.000000 20.000000 5.550000 0.000000 -10.000000 0.000000 0.000000 0.000000 0 0 1 0 0 0 0 0
EGO_STATUS -5.250000 59.439788 5.400000 1.570796 2.638082 0.000000 2.940000
DYNAMIC_OBS_INFO 0 -5.750000 44.368121 1.570796 21.822878 -5.750000 81.535736 6.973393 0.033519
DYNAMIC_OBS_INFO 1 -1.750000 7.211698 1.570796 26.505661 -1.750000 85.992150 20.911338 2.142820
DYNAMIC_OBS_INFO 2 1.750000 56.691621 -1.570796 73.356542 1.750000 -13.303206 17.538730 1.328192
Parent: -20.498691 10.000000 102.000000 0.000000 15.300000 -7.577545 0.000000 4.578854 19.000000 0.000000 0 0 0 0 0 1 0 0
Child: -7.577545 3.281413 34.000000 20.000000 5.100000 0.000000 -10.000000 0.000000 0.000000 0.000000 0 0 1 0 0 0 0 0
EGO_STATUS -5.250000 59.718587 5.500000 1.570796 2.932082 0.000000 2.940000
DYNAMIC_OBS_INFO 0 -5.750000 44.368121 1.570796 22.212274 -5.750000 82.233243 6.976745 0.033519
DYNAMIC_OBS_INFO 1 -1.750000 7.211698 1.570796 28.284783 -1.750000 88.093998 21.125620 2.142820
DYNAMIC_OBS_INFO 2 1.750000 56.691621 -1.570796 75.415885 1.750000 -15.063720 17.671549 1.328192
Parent: -19.656790 10.000000 102.000000 0.000000 15.300000 -7.635665 0.000000 4.478875 18.000000 0.000000 0 0 0 0 0 0 0 0
Child: -7.635665 2.973403 31.000000 20.000000 4.650000 0.000000 -10.000000 0.000000 0.000000 0.000000 0 0 1 0 0 0 0 0
EGO_STATUS -5.250000 60.026597 5.600000 1.570796 3.226082 0.000000 2.940000
DYNAMIC_OBS_INFO 0 -5.750000 44.368121 1.570796 22.572441 -5.750000 82.931085 6.980097 0.033519
DYNAMIC_OBS_INFO 1 -1.750000 7.211698 1.570796 30.057563 -1.750000 90.217274 21.339902 2.142820
DYNAMIC_OBS_INFO 2 1.750000 56.691621 -1.570796 77.518399 1.750000 -16.837515 17.804368 1.328192
Parent: -19.842967 10.000000 102.000000 0.000000 15.300000 -7.721900 0.000000 4.378933 18.000000 0.000000 0 0 0 0 0 0 0 0
Child: -7.721900 2.635818 28.000000 20.000000 4.200000 0.000000 -10.000000 0.000000 0.000000 0.000000 0 0 1 0 0 0 0 0
EGO_STATUS -5.250000 60.364182 5.700000 1.570796 3.520082 0.000000 2.940000
DYNAMIC_OBS_INFO 0 -5.750000 44.368121 1.570796 22.903605 -5.750000 83.629262 6.983449 0.033519
DYNAMIC_OBS_INFO 1 -1.750000 7.211698 1.570796 31.823913 -1.750000 92.361978 21.554184 2.142820
DYNAMIC_OBS_INFO 2 1.750000 56.691621 -1.570796 79.663847 1.750000 -18.624593 17.937187 1.328192
Parent: -19.989950 10.000000 102.000000 0.000000 15.300000 -7.768930 0.000000 4.278980 18.000000 0.000000 0 0 0 0 0 0 0 0
Child: -7.768930 2.268884 24.000000 20.000000 3.600000 0.000000 -10.000000 0.000000 0.000000 0.000000 0 0 1 0 0 0 0 0
EGO_STATUS -5.250000 60.731116 5.800000 1.570796 3.814082 0.000000 2.940000
DYNAMIC_OBS_INFO 0 -5.750000 44.368121 1.570796 23.205905 -5.750000 84.327775 6.986801 0.033519
DYNAMIC_OBS_INFO 1 -1.750000 7.211698 1.570796 33.583732 -1.750000 94.528111 21.768466 2.142820
DYNAMIC_OBS_INFO 2 1.750000 56.691621 -1.570796 81.852079 1.750000 -20.424953 18.070006 1.328192
Parent: -23.436153 30.000000 302.000000 20.000000 45.300000 2.153655 0.000000 4.923437 37.000000 0.000000 0 0 1 0 0 0 0 0
Child: 2.153655 1.872743 20.000000 20.000000 3.000000 0.000000 0.000000 0.000000 0.000000 0.000000 0 0 0 1 0 0 0 0
EGO_STATUS -5.250000 61.127257 5.900000 1.570796 4.108082 0.000000 2.940000
DYNAMIC_OBS_INFO 0 -5.750000 44.368121 1.570796 23.515212 -5.750000 85.026623 6.990153 0.033519
DYNAMIC_OBS_INFO 1 -1.750000 7.211698 1.570796 35.372527 -1.750000 96.715671 21.982748 2.142820
DYNAMIC_OBS_INFO 2 1.750000 56.691621 -1.570796 84.047332 1.750000 -22.238595 18.202826 1.328192
Parent: -49.678739 10.000000 101.000000 20.000000 15.150000 -10.982436 -10.000000 4.823499 37.000000 0.000000 0 0 1 0 0 0 0 0
Child: -10.982436 10.000000 101.000000 20.000000 15.150000 -4.462634 -10.000000 0.000000 0.000000 0.000000 0 0 1 0 0 0 0 0
Child: -4.462634 10.000000 102.000000 20.000000 15.300000 -7.923418 0.000000 0.000000 0.000000 0.000000 0 0 1 0 0 0 0 0
Child: -7.923418 1.483273 16.000000 20.000000 2.400000 0.000000 -10.000000 0.000000 0.000000 0.000000 0 0 0 1 0 0 0 0
EGO_STATUS -5.250000 61.516727 6.000000 1.570796 3.684203 6.000000 -4.238792
DYNAMIC_OBS_INFO 0 -5.750000 44.368121 1.570796 23.867585 -5.750000 85.725805 6.993504 0.033519
DYNAMIC_OBS_INFO 1 -1.750000 7.211698 1.570796 37.226102 -1.750000 98.924660 22.197030 2.142820
DYNAMIC_OBS_INFO 2 1.750000 56.691621 -1.570796 86.213624 1.750000 -24.065518 18.335645 1.328192
Parent: -49.936080 10.000000 101.000000 20.000000 15.150000 -11.140010 -10.000000 4.723732 37.000000 0.000000 0 0 1 0 0 0 0 0
Child: -11.140010 10.000000 101.000000 20.000000 15.150000 -4.620208 -10.000000 0.000000 0.000000 0.000000 0 0 1 0 0 0 0 0
Child: -4.620208 10.000000 102.000000 20.000000 15.300000 -8.080993 0.000000 0.000000 0.000000 0.000000 0 0 1 0 0 0 0 0
Child: -8.080993 1.136542 13.000000 20.000000 1.950000 0.000000 -10.000000 0.000000 0.000000 0.000000 0 0 0 1 0 0 0 0
EGO_STATUS -5.250000 61.863458 6.100000 1.570796 3.260365 6.000000 -4.238382
DYNAMIC_OBS_INFO 0 -5.750000 44.368121 1.570796 24.262289 -5.750000 86.425323 6.996856 0.033519
DYNAMIC_OBS_INFO 1 -1.750000 7.211698 1.570796 39.143679 -1.750000 101.155077 22.411312 2.142820
DYNAMIC_OBS_INFO 2 1.750000 56.691621 -1.570796 88.351648 1.750000 -25.905724 18.468464 1.328192
Parent: -49.166625 10.000000 101.000000 20.000000 15.150000 -11.270621 -10.000000 4.623797 36.000000 0.000000 0 0 1 0 0 0 0 0
Child: -11.270621 10.000000 101.000000 20.000000 15.150000 -4.750819 -10.000000 0.000000 0.000000 0.000000 0 0 1 0 0 0 0 0
Child: -4.750819 10.000000 102.000000 20.000000 15.300000 -8.211603 0.000000 0.000000 0.000000 0.000000 0 0 1 0 0 0 0 0
Child: -8.211603 0.831813 10.000000 20.000000 1.500000 0.000000 -10.000000 0.000000 0.000000 0.000000 0 0 0 1 0 0 0 0
EGO_STATUS -5.250000 62.168187 6.200000 1.570796 2.836712 6.000000 -4.236526
DYNAMIC_OBS_INFO 0 -5.750000 44.368121 1.570796 24.700404 -5.750000 87.125177 7.000208 0.033519
DYNAMIC_OBS_INFO 1 -1.750000 7.211698 1.570796 41.126291 -1.750000 103.406923 22.625594 2.142820
DYNAMIC_OBS_INFO 2 1.750000 56.691621 -1.570796 90.460288 1.750000 -27.759211 18.601283 1.328192
Parent: -49.339955 10.000000 101.000000 20.000000 15.150000 -11.344445 -10.000000 4.524293 36.000000 0.000000 0 0 1 0 0 0 0 0
Child: -11.344445 10.000000 101.000000 20.000000 15.150000 -4.824643 -10.000000 0.000000 0.000000 0.000000 0 0 1 0 0 0 0 0
Child: -4.824643 10.000000 102.000000 20.000000 15.300000 -8.285428 0.000000 0.000000 0.000000 0.000000 0 0 1 0 0 0 0 0
Child: -8.285428 0.570167 7.000000 20.000000 1.050000 0.000000 -10.000000 0.000000 0.000000 0.000000 0 0 0 1 0 0 0 0
EGO_STATUS -5.250000 62.429833 6.300000 1.570796 2.413123 6.000000 -4.235892
DYNAMIC_OBS_INFO 0 -5.750000 44.368121 1.570796 25.181222 -5.750000 87.825365 7.003560 0.033519
DYNAMIC_OBS_INFO 1 -1.750000 7.211698 1.570796 43.173193 -1.750000 105.680196 22.839876 2.142820
DYNAMIC_OBS_INFO 2 1.750000 56.691621 -1.570796 92.540217 1.750000 -29.625980 18.734103 1.328192
Parent: -49.697728 10.000000 101.000000 20.000000 15.150000 -11.602814 -10.000000 4.424888 36.000000 0.000000 0 0 1 0 0 0 0 0
Child: -11.602814 10.000000 101.000000 20.000000 15.150000 -5.083012 -10.000000 0.000000 0.000000 0.000000 0 0 1 0 0 0 0 0
Child: -5.083012 10.000000 102.000000 20.000000 15.300000 -8.543796 0.000000 0.000000 0.000000 0.000000 0 0 1 0 0 0 0 0
Child: -8.543796 0.350892 5.000000 20.000000 0.750000 0.000000 -10.000000 0.000000 0.000000 0.000000 0 0 0 1 0 0 0 0
EGO_STATUS -5.250000 62.649108 6.400000 1.570796 1.990162 6.000000 -4.229609
DYNAMIC_OBS_INFO 0 -5.750000 44.368121 1.570796 25.705138 -5.750000 88.525889 7.006912 0.033519
DYNAMIC_OBS_INFO 1 -1.750000 7.211698 1.570796 45.284742 -1.750000 107.974898 23.054158 2.142820
DYNAMIC_OBS_INFO 2 1.750000 56.691621 -1.570796 94.591011 1.750000 -31.506031 18.866922 1.328192
Parent: -50.064096 10.000000 101.000000 20.000000 15.150000 -11.870285 -10.000000 4.325990 36.000000 0.000000 0 0 1 0 0 0 0 0
Child: -11.870285 10.000000 101.000000 20.000000 15.150000 -5.350483 -10.000000 0.000000 0.000000 0.000000 0 0 1 0 0 0 0 0
Child: -5.350483 10.000000 102.000000 20.000000 15.300000 -8.811267 0.000000 0.000000 0.000000 0.000000 0 0 1 0 0 0 0 0
Child: -8.811267 0.174386 3.000000 20.000000 0.450000 0.000000 -10.000000 0.000000 0.000000 0.000000 0 0 0 1 0 0 0 0
EGO_STATUS -5.250000 62.825614 6.500000 1.570796 1.568274 6.000000 -4.218879
DYNAMIC_OBS_INFO 0 -5.750000 44.368121 1.570796 26.272207 -5.750000 89.226747 7.010264 0.033519
DYNAMIC_OBS_INFO 1 -1.750000 7.211698 1.570796 47.460958 -1.750000 110.291028 23.268440 2.142820
DYNAMIC_OBS_INFO 2 1.750000 56.691621 -1.570796 96.612587 1.750000 -33.399365 18.999741 1.328192
Parent: -51.019305 10.000000 101.000000 20.000000 15.150000 -12.645899 -10.000000 4.146397 36.000000 0.000000 0 0 1 0 0 0 0 0
Child: -12.645899 10.000000 101.000000 20.000000 15.150000 -6.126097 -10.000000 0.000000 0.000000 0.000000 0 0 1 0 0 0 0 0
Child: -6.126097 10.000000 102.000000 20.000000 15.300000 0.413118 -10.000000 0.000000 0.000000 0.000000 0 0 1 0 0 0 0 0
Child: 0.413118 0.040701 2.000000 20.000000 0.300000 0.000000 0.000000 0.000000 0.000000 0.000000 0 0 1 0 0 0 0 0
EGO_STATUS -5.250000 62.959299 6.600000 1.570796 1.149811 6.000000 -4.184632
DYNAMIC_OBS_INFO 0 -5.750000 44.368121 1.570796 26.842883 -5.750000 89.927941 7.013616 0.033519
DYNAMIC_OBS_INFO 1 -1.750000 7.211698 1.570796 49.662357 -1.750000 112.628586 23.482722 2.142820
DYNAMIC_OBS_INFO 2 1.750000 56.691621 -1.570796 98.644376 1.750000 -35.305980 19.132560 1.328192
Parent: -50.544287 10.000000 101.000000 20.000000 15.150000 -13.070827 -10.000000 4.046341 35.000000 0.000000 0 0 1 0 0 0 0 0
Child: -13.070827 10.000000 101.000000 20.000000 15.150000 -6.551025 -10.000000 0.000000 0.000000 0.000000 0 0 1 0 0 0 0 0
Child: -6.551025 9.910285 101.000000 20.000000 15.150000 0.000000 -10.000000 0.000000 0.000000 0.000000 0 0 1 0 0 0 0 0
EGO_STATUS -5.250000 63.089715 6.700000 1.570796 1.443811 0.000000 2.940000
DYNAMIC_OBS_INFO 0 -5.750000 44.368121 1.570796 27.384050 -5.750000 90.629471 7.016968 0.033519
DYNAMIC_OBS_INFO 1 -1.750000 7.211698 1.570796 51.855837 -1.750000 114.987572 23.697004 2.142820
DYNAMIC_OBS_INFO 2 1.750000 56.691621 -1.570796 100.719407 1.750000 -37.225877 19.265380 1.328192
Parent: -50.661150 10.000000 101.000000 20.000000 15.150000 -13.087600 -10.000000 3.946252 35.000000 0.000000 0 0 1 0 0 0 0 0
Child: -13.087600 10.000000 101.000000 20.000000 15.150000 -6.567798 -10.000000 0.000000 0.000000 0.000000 0 0 1 0 0 0 0 0
Child: -6.567798 9.750014 99.000000 20.000000 14.850000 0.000000 -10.000000 0.000000 0.000000 0.000000 0 0 1 0 0 0 0 0
EGO_STATUS -5.250000 63.249986 6.800000 1.570796 1.737811 0.000000 2.940000
DYNAMIC_OBS_INFO 0 -5.750000 44.368121 1.570796 27.896975 -5.750000 91.331335 7.020320 0.033519
DYNAMIC_OBS_INFO 1 -1.750000 7.211698 1.570796 54.042601 -1.750000 117.367987 23.911286 2.142820
DYNAMIC_OBS_INFO 2 1.750000 56.691621 -1.570796 102.836415 1.750000 -39.159056 19.398199 1.328192
Parent: -50.787833 10.000000 101.000000 20.000000 15.150000 -13.114255 -10.000000 3.846224 35.000000 0.000000 0 0 1 0 0 0 0 0
Child: -13.114255 10.000000 101.000000 20.000000 15.150000 -6.594453 -10.000000 0.000000 0.000000 0.000000 0 0 1 0 0 0 0 0
Child: -6.594453 9.561159 97.000000 20.000000 14.550000 0.000000 -10.000000 0.000000 0.000000 0.000000 0 0 1 0 0 0 0 0
EGO_STATUS -5.250000 63.438841 6.900000 1.570796 2.031811 0.000000 2.940000
DYNAMIC_OBS_INFO 0 -5.750000 44.368121 1.570796 28.380825 -5.750000 92.033535 7.023672 0.033519
DYNAMIC_OBS_INFO 1 -1.750000 7.211698 1.570796 56.221764 -1.750000 119.769829 24.125568 2.142820
DYNAMIC_OBS_INFO 2 1.750000 56.691621 -1.570796 104.996232 1.750000 -41.105516 19.531018 1.328192
Parent: -50.925053 10.000000 101.000000 20.000000 15.150000 -13.151446 -10.000000 3.746195 35.000000 0.000000 0 0 1 0 0 0 0 0
Child: -13.151446 10.000000 101.000000 20.000000 15.150000 -6.631644 -10.000000 0.000000 0.000000 0.000000 0 0 1 0 0 0 0 0
Child: -6.631644 9.342886 95.000000 20.000000 14.250000 0.000000 -10.000000 0.000000 0.000000 0.000000 0 0 1 0 0 0 0 0
EGO_STATUS -5.250000 63.657114 7.000000 1.570796 2.325811 0.000000 2.940000
DYNAMIC_OBS_INFO 0 -5.750000 44.368121 1.570796 28.835476 -5.750000 92.736069 7.027023 0.033519
DYNAMIC_OBS_INFO 1 -1.750000 7.211698 1.570796 58.393158 -1.750000 122.193100 24.339850 2.142820
DYNAMIC_OBS_INFO 2 1.750000 56.691621 -1.570796 107.198979 1.750000 -43.065259 19.663837 1.328192
Parent: -51.051999 10.000000 101.000000 20.000000 15.150000 -13.178352 -10.000000 3.646155 35.000000 0.000000 0 0 1 0 0 0 0 0
Child: -13.178352 10.000000 101.000000 20.000000 15.150000 -6.658550 -10.000000 0.000000 0.000000 0.000000 0 0 1 0 0 0 0 0
Child: -6.658550 9.095071 92.000000 20.000000 13.800000 0.000000 -10.000000 0.000000 0.000000 0.000000 0 0 1 0 0 0 0 0
EGO_STATUS -5.250000 63.904929 7.100000 1.570796 2.619811 0.000000 2.940000
DYNAMIC_OBS_INFO 0 -5.750000 44.368121 1.570796 29.261289 -5.750000 93.438939 7.030375 0.033519
DYNAMIC_OBS_INFO 1 -1.750000 7.211698 1.570796 60.557106 -1.750000 124.637799 24.554132 2.142820
DYNAMIC_OBS_INFO 2 1.750000 56.691621 -1.570796 109.444294 1.750000 -45.038284 19.796656 1.328192
Parent: -50.211188 10.000000 101.000000 20.000000 15.150000 -13.237518 -10.000000 3.546131 34.000000 0.000000 0 0 1 0 0 0 0 0
Child: -13.237518 10.000000 101.000000 20.000000 15.150000 -6.717716 -10.000000 0.000000 0.000000 0.000000 0 0 1 0 0 0 0 0
Child: -6.717716 8.818077 90.000000 20.000000 13.500000 0.000000 -10.000000 0.000000 0.000000 0.000000 0 0 1 0 0 0 0 0
EGO_STATUS -5.250000 64.181923 7.200000 1.570796 2.913811 0.000000 2.940000
DYNAMIC_OBS_INFO 0 -5.750000 44.368121 1.570796 29.658275 -5.750000 94.142144 7.033727 0.033519
DYNAMIC_OBS_INFO 1 -1.750000 7.211698 1.570796 62.713585 -1.750000 127.103927 24.768414 2.142820
DYNAMIC_OBS_INFO 2 1.750000 56.691621 -1.570796 111.732165 1.750000 -47.024590 19.929476 1.328192
Parent: -50.359929 10.000000 101.000000 20.000000 15.150000 -13.286252 -10.000000 3.446125 34.000000 0.000000 0 0 1 0 0 0 0 0
Child: -13.286252 10.000000 101.000000 20.000000 15.150000 -6.766450 -10.000000 0.000000 0.000000 0.000000 0 0 1 0 0 0 0 0
Child: -6.766450 8.511916 87.000000 20.000000 13.050000 0.000000 -10.000000 0.000000 0.000000 0.000000 0 0 1 0 0 0 0 0
EGO_STATUS -5.250000 64.488084 7.300000 1.570796 3.207811 0.000000 2.940000
DYNAMIC_OBS_INFO 0 -5.750000 44.368121 1.570796 30.026009 -5.750000 94.845685 7.037079 0.033519
DYNAMIC_OBS_INFO 1 -1.750000 7.211698 1.570796 64.862143 -1.750000 129.591482 24.982696 2.142820
DYNAMIC_OBS_INFO 2 1.750000 56.691621 -1.570796 114.063014 1.750000 -49.024179 20.062295 1.328192
TIMEOUT
