STATIC_OBS_INIT_INFO 0 -6.300000 65.106435
STATIC_OBS_INIT_INFO 1 -6.300000 62.806899
Parent: -28.687132 10.000000 101.000000 0.000000 15.150000 17.417186 -10.000000 2.395682 40.000000 0.000000 0 0 0 0 0 0 0 0
Child: 17.417186 24.330260 245.000000 9.534615 266.550000 0.000000 -10.000000 0.000000 0.000000 0.000000 0 0 0 0 0 0 0 0
EGO_STATUS -5.750000 13.678542 0.000000 1.570796 14.330059 4.000000 0.000000
DYNAMIC_OBS_INFO 0 -5.750000 54.831542 1.570796 39.719994 -5.750000 54.831542 15.011284 0.670204
DYNAMIC_OBS_INFO 1 -1.750000 53.376703 1.570796 38.473654 -1.750000 53.376703 4.364208 0.169954
STATIC_OBS_INFO 0 -6.300000 65.106435 49.997913 
STATIC_OBS_INFO 1 -6.300000 62.806899 47.698523 
Parent: 31.505935 10.000000 102.000000 0.000000 815.300000 6.581047 -10.000000 2.993515 48.000000 0.000000 0 0 0 0 0 0 0 0
Child: 6.581047 10.000000 101.000000 0.000000 15.150000 15.081047 -10.000000 0.000000 0.000000 0.000000 0 0 0 0 0 0 0 0
Child: 15.081047 22.897254 230.000000 9.535926 242.400000 0.000000 -10.000000 0.000000 0.000000 0.000000 0 0 0 0 0 0 0 0
EGO_STATUS -5.749993 15.111548 0.100000 1.570773 14.330059 4.000000 0.000000
DYNAMIC_OBS_INFO 0 -5.750000 54.831542 1.570796 39.791468 -5.750000 56.336021 15.078305 0.670204
DYNAMIC_OBS_INFO 1 -1.750000 53.376703 1.570796 37.048693 -1.750000 53.376703 4.364208 0.169954
STATIC_OBS_INFO 0 -6.300000 65.106435 48.564998 
STATIC_OBS_INFO 1 -6.300000 62.806899 46.265617 
Parent: 30.064634 10.000000 102.000000 0.000000 815.300000 4.239746 -10.000000 2.893515 47.000000 0.000000 0 0 0 0 0 0 0 0
Child: 4.239746 10.000000 101.000000 0.000000 15.150000 12.739746 -10.000000 0.000000 0.000000 0.000000 0 0 0 0 0 0 0 0
Child: 12.739746 21.464248 216.000000 9.535646 219.300000 0.000000 -10.000000 0.000000 0.000000 0.000000 0 0 0 0 0 0 0 0
EGO_STATUS -5.749805 16.544554 0.200000 1.570472 14.330059 4.000000 0.000000
DYNAMIC_OBS_INFO 0 -5.750000 54.831542 1.570796 39.869644 -5.750000 57.847203 15.145325 0.670204
DYNAMIC_OBS_INFO 1 -1.750000 53.376703 1.570796 35.624273 -1.750000 53.376703 4.364208 0.169954
STATIC_OBS_INFO 0 -6.300000 65.106435 47.132101 
STATIC_OBS_INFO 1 -6.300000 62.806899 44.832730 
Parent: 28.566889 10.000000 102.000000 0.000000 815.300000 1.842001 -10.000000 2.793515 46.000000 0.000000 0 0 0 0 0 0 0 0
Child: 1.842001 10.000000 101.000000 0.000000 15.150000 10.342001 -10.000000 0.000000 0.000000 0.000000 0 0 0 0 0 0 0 0
Child: 10.342001 20.031242 202.000000 9.533765 195.600000 0.000000 -10.000000 0.000000 0.000000 0.000000 0 0 0 0 0 0 0 0
EGO_STATUS -5.748679 17.977559 0.300000 1.569368 14.330059 4.000000 0.000000
DYNAMIC_OBS_INFO 0 -5.750000 54.831542 1.570796 39.954527 -5.750000 59.365086 15.212345 0.670204
DYNAMIC_OBS_INFO 1 -1.750000 53.376703 1.570796 34.200283 -1.750000 53.376703 4.364208 0.169954
STATIC_OBS_INFO 0 -6.300000 65.106435 45.699245 
STATIC_OBS_INFO 1 -6.300000 62.806899 43.399887 
Parent: 28.124919 10.000000 102.000000 0.000000 815.300000 -0.499969 -10.000000 2.693515 44.000000 0.000000 0 0 0 0 0 0 0 0
Child: -0.499969 10.000000 101.000000 0.000000 15.150000 8.000031 -10.000000 0.000000 0.000000 0.000000 0 0 0 0 0 0 0 0
Child: 8.000031 18.598236 187.000000 9.535218 171.450000 0.000000 -10.000000 0.000000 0.000000 0.000000 0 0 0 0 0 0 0 0
EGO_STATUS -5.745056 19.410560 0.400000 1.566907 14.330059 4.000000 0.000000
DYNAMIC_OBS_INFO 0 -5.750000 54.831542 1.570796 40.046134 -5.750000 60.889672 15.279366 0.670204
DYNAMIC_OBS_INFO 1 -1.750000 53.376703 1.570796 32.776522 -1.750000 53.376703 4.364208 0.169954
STATIC_OBS_INFO 0 -6.300000 65.106435 44.266479 
STATIC_OBS_INFO 1 -6.300000 62.806899 41.967139 
Parent: 26.690408 10.000000 102.000000 0.000000 815.300000 -2.834480 -10.000000 2.593515 43.000000 0.000000 0 0 0 0 0 0 0 0
Child: -2.834480 10.000000 101.000000 0.000000 15.150000 5.665520 -10.000000 0.000000 0.000000 0.000000 0 0 0 0 0 0 0 0
Child: 5.665520 17.165231 173.000000 9.535148 148.350000 0.000000 -10.000000 0.000000 0.000000 0.000000 0 0 0 0 0 0 0 0
EGO_STATUS -5.736692 20.843540 0.500000 1.562712 14.330059 4.000000 0.000000
DYNAMIC_OBS_INFO 0 -5.750000 54.831542 1.570796 40.144511 -5.750000 62.420959 15.346386 0.670204
DYNAMIC_OBS_INFO 1 -1.750000 53.376703 1.570796 31.352738 -1.750000 53.376703 4.364208 0.169954
STATIC_OBS_INFO 0 -6.300000 65.106435 42.833890 
STATIC_OBS_INFO 1 -6.300000 62.806899 40.534576 
Parent: 26.201650 10.000000 102.000000 0.000000 815.300000 -5.223238 -10.000000 2.493516 41.000000 0.000000 0 0 0 0 0 0 0 0
Child: -5.223238 10.000000 101.000000 0.000000 15.150000 3.276762 -10.000000 0.000000 0.000000 0.000000 0 0 0 0 0 0 0 0
Child: 3.276762 15.732225 159.000000 9.533511 124.650000 0.000000 -10.000000 0.000000 0.000000 0.000000 0 0 0 0 0 0 0 0
EGO_STATUS -5.721011 22.276458 0.600000 1.556718 14.330059 4.000000 0.000000
DYNAMIC_OBS_INFO 0 -5.750000 54.831542 1.570796 40.249750 -5.750000 63.958949 15.413407 0.670204
DYNAMIC_OBS_INFO 1 -1.750000 53.376703 1.570796 29.928691 -1.750000 53.376703 4.364208 0.169954
STATIC_OBS_INFO 0 -6.300000 65.106435 41.401610 
STATIC_OBS_INFO 1 -6.300000 62.806899 39.102334 
Parent: 24.810963 10.000000 102.000000 0.000000 815.300000 -7.513926 -10.000000 2.393516 40.000000 0.000000 0 0 0 0 0 0 0 0
Child: -7.513926 10.000000 101.000000 0.000000 15.150000 0.986074 -10.000000 0.000000 0.000000 0.000000 0 0 0 0 0 0 0 0
Child: 0.986074 14.299219 144.000000 9.535040 101.100000 0.000000 -10.000000 0.000000 0.000000 0.000000 0 0 0 0 0 0 0 0
EGO_STATUS -5.695624 23.709236 0.700000 1.549254 14.330059 4.000000 0.000000
DYNAMIC_OBS_INFO 0 -5.750000 54.831542 1.570796 40.361976 -5.750000 65.503641 15.480427 0.670204
DYNAMIC_OBS_INFO 1 -1.750000 53.376703 1.570796 28.504230 -1.750000 53.376703 4.364208 0.169954
STATIC_OBS_INFO 0 -6.300000 65.106435 39.969810 
STATIC_OBS_INFO 1 -6.300000 62.806899 37.670588 
Parent: 268.028426 30.290952 304.000000 14.354167 3032.100000 8.815473 0.000000 3.660331 48.000000 0.000000 0 0 0 0 0 0 0 0
Child: 8.815473 12.866214 130.000000 6.871387 82.200000 0.000000 0.000000 0.000000 0.000000 0.000000 0 0 0 0 0 0 0 0
EGO_STATUS -5.658902 25.141767 0.800000 1.541047 14.330059 4.000000 0.000000
DYNAMIC_OBS_INFO 0 -5.750000 54.831542 1.570796 40.496021 -5.750000 67.055034 15.547447 0.670204
DYNAMIC_OBS_INFO 1 -1.750000 53.376703 1.570796 27.093977 -1.750000 53.376703 4.364208 0.169954
STATIC_OBS_INFO 0 -6.300000 65.106435 38.553339 
STATIC_OBS_INFO 1 -6.300000 62.806899 36.254194 
Parent: 256.978898 30.290952 304.000000 14.354160 3032.100000 -3.134056 0.000000 3.560333 47.000000 0.000000 0 0 0 0 0 0 0 0
Child: -3.134056 11.447919 116.000000 6.871554 62.700000 0.000000 -10.000000 0.000000 0.000000 0.000000 0 0 0 0 0 0 0 0
EGO_STATUS -5.611073 26.559252 0.900000 1.533247 14.036059 3.000000 -2.940000
DYNAMIC_OBS_INFO 0 -5.750000 54.831542 1.570796 40.666608 -5.750000 68.613130 15.614468 0.670204
DYNAMIC_OBS_INFO 1 -1.750000 53.376703 1.570796 25.712720 -1.750000 53.376703 4.364208 0.169954
STATIC_OBS_INFO 0 -6.300000 65.106435 37.166921 
STATIC_OBS_INFO 1 -6.300000 62.806899 34.867878 
Parent: 256.335485 30.290952 304.000000 14.354155 3032.100000 -4.677469 0.000000 3.460334 46.000000 0.000000 0 0 0 0 0 0 0 0
Child: -4.677469 10.059021 102.000000 6.871276 47.100000 0.000000 -10.000000 0.000000 0.000000 0.000000 0 0 0 0 0 0 0 0
EGO_STATUS -5.554443 27.946993 1.000000 1.527135 13.742059 3.000000 -2.940000
DYNAMIC_OBS_INFO 0 -5.750000 54.831542 1.570796 40.873673 -5.750000 70.177928 15.681488 0.670204
DYNAMIC_OBS_INFO 1 -1.750000 53.376703 1.570796 24.360827 -1.750000 53.376703 4.364208 0.169954
STATIC_OBS_INFO 0 -6.300000 65.106435 35.810475 
STATIC_OBS_INFO 1 -6.300000 62.806899 33.511564 
Parent: 571.574082 30.290952 304.000000 3034.833024 3032.100000 6.121341 0.000000 4.935712 44.000000 0.000000 1 0 0 1 0 0 0 0
Child: 6.121341 8.699534 88.000000 28.920332 33.000000 0.000000 0.000000 0.000000 0.000000 0.000000 0 0 1 0 0 0 0 0
EGO_STATUS -5.492484 29.305066 1.100000 1.523806 13.448059 3.000000 -2.940000
DYNAMIC_OBS_INFO 0 -5.750000 54.831542 1.570796 41.097406 -5.750000 71.749428 15.748509 0.670204
DYNAMIC_OBS_INFO 1 -1.750000 53.376703 1.570796 23.019294 -1.750000 53.376703 4.364208 0.169954
STATIC_OBS_INFO 0 -6.300000 65.106435 34.464171 
STATIC_OBS_INFO 1 -6.300000 62.806899 32.165422 
Parent: 663.853011 10.000000 101.000000 20.000000 2055.350000 496.451594 0.000000 4.921220 43.000000 0.000000 0 0 1 0 0 0 0 0
Child: 496.451594 27.749925 279.000000 3018.714725 1972.650000 0.000000 0.000000 0.000000 0.000000 0.000000 1 0 0 0 0 0 0 0
EGO_STATUS -5.428829 30.653277 1.200000 1.524084 13.546059 2.000000 0.980000
DYNAMIC_OBS_INFO 0 -5.750000 54.831542 1.570796 41.337576 -5.750000 73.327630 15.815529 0.670204
DYNAMIC_OBS_INFO 1 -1.750000 53.376703 1.570796 22.120168 -1.750000 53.813974 4.381204 0.169954
STATIC_OBS_INFO 0 -6.300000 65.106435 33.127716 
STATIC_OBS_INFO 1 -6.300000 62.806899 30.829156 
Parent: 272.663078 30.290952 304.000000 33.751248 3032.100000 4.309288 0.000000 4.868419 42.000000 0.000000 0 0 0 1 0 0 0 0
Child: 4.309288 6.009978 62.000000 29.455380 15.000000 0.000000 0.000000 0.000000 0.000000 0.000000 0 0 1 0 0 0 0 0
EGO_STATUS -5.368715 31.991812 1.300000 1.528392 13.252059 3.000000 -2.940000
DYNAMIC_OBS_INFO 0 -5.750000 54.831542 1.570796 41.593868 -5.750000 74.912534 15.882549 0.670204
DYNAMIC_OBS_INFO 1 -1.750000 53.376703 1.570796 21.233790 -1.750000 54.252944 4.398199 0.169954
STATIC_OBS_INFO 0 -6.300000 65.106435 31.800710 
STATIC_OBS_INFO 1 -6.300000 62.806899 29.502359 
Parent: 264.002747 30.290952 304.000000 33.751247 3032.100000 -6.251043 0.000000 4.768419 40.000000 0.000000 0 0 0 1 0 0 0 0
Child: -6.251043 4.679866 48.000000 29.451947 9.000000 0.000000 -10.000000 0.000000 0.000000 0.000000 0 0 1 0 0 0 0 0
EGO_STATUS -5.317094 33.320918 1.400000 1.536103 13.350059 2.000000 0.980000
DYNAMIC_OBS_INFO 0 -5.750000 54.831542 1.570796 41.846550 -5.750000 76.504140 15.949570 0.670204
DYNAMIC_OBS_INFO 1 -1.750000 53.376703 1.570796 20.341636 -1.750000 54.693614 4.415194 0.169954
STATIC_OBS_INFO 0 -6.300000 65.106435 30.463333 
STATIC_OBS_INFO 1 -6.300000 62.806899 28.165197 
Parent: 43.227770 10.000000 102.000000 20.000000 815.300000 -3.208902 -10.000000 3.544515 29.000000 0.000000 0 0 0 1 0 0 0 0
Child: -3.208902 10.000000 101.000000 20.000000 15.150000 -6.689100 0.000000 0.000000 0.000000 0.000000 0 0 0 1 0 0 0 0
Child: -6.689100 3.339953 35.000000 29.445541 5.250000 0.000000 -10.000000 0.000000 0.000000 0.000000 0 0 1 0 0 0 0 0
EGO_STATUS -5.277965 34.660252 1.500000 1.547716 13.448059 2.000000 0.980000
DYNAMIC_OBS_INFO 0 -5.750000 54.831542 1.570796 42.095568 -5.750000 78.102448 16.016590 0.670204
DYNAMIC_OBS_INFO 1 -1.750000 53.376703 1.570796 19.444916 -1.750000 55.135983 4.432190 0.169954
STATIC_OBS_INFO 0 -6.300000 65.106435 29.115377 
STATIC_OBS_INFO 1 -6.300000 62.806899 26.817446 
Parent: 43.666248 10.000000 102.000000 0.000000 815.300000 -3.523796 -10.000000 4.258671 27.000000 0.000000 0 0 0 0 0 0 0 0
Child: -3.523796 10.000000 101.000000 20.000000 15.150000 2.996006 -10.000000 0.000000 0.000000 0.000000 0 0 0 1 0 0 0 0
Child: 2.996006 1.990241 21.000000 28.462320 3.150000 0.000000 0.000000 0.000000 0.000000 0.000000 0 0 0 1 0 0 0 0
EGO_STATUS -5.256139 36.009777 1.600000 1.561349 13.546059 2.000000 0.980000
DYNAMIC_OBS_INFO 0 -5.750000 54.831542 1.570796 42.375473 -5.750000 79.707458 16.083611 0.670204
DYNAMIC_OBS_INFO 1 -1.750000 53.376703 1.570796 18.577829 -1.750000 55.580052 4.449185 0.169954
STATIC_OBS_INFO 0 -6.300000 65.106435 27.791338 
STATIC_OBS_INFO 1 -6.300000 62.806899 25.493591 
Parent: 246.685514 30.956372 311.000000 27.856878 2764.150000 0.000000 0.000000 4.774249 36.000000 0.000000 0 0 0 1 0 0 0 0
EGO_STATUS -5.250191 37.334932 1.700000 1.569869 12.958059 7.000000 -5.880000
DYNAMIC_OBS_INFO 0 -5.750000 54.831542 1.570796 42.720804 -5.750000 81.319170 16.150631 0.670204
DYNAMIC_OBS_INFO 1 -1.750000 53.376703 1.570796 17.772507 -1.750000 56.025820 4.466181 0.169954
STATIC_OBS_INFO 0 -6.300000 65.106435 26.525941 
STATIC_OBS_INFO 1 -6.300000 62.806899 24.228380 
Parent: 236.507070 29.690017 298.000000 27.856885 2749.500000 0.000000 -10.000000 4.796426 35.000000 0.000000 0 0 0 1 0 0 0 0
EGO_STATUS -5.249705 38.601295 1.800000 1.569674 12.370059 1.000000 -5.880000
DYNAMIC_OBS_INFO 0 -5.750000 54.831542 1.570796 43.131667 -5.750000 82.937584 16.217651 0.670204
DYNAMIC_OBS_INFO 1 -1.750000 53.376703 1.570796 17.026951 -1.750000 56.473288 4.483176 0.169954
STATIC_OBS_INFO 0 -6.300000 65.106435 25.319554 
STATIC_OBS_INFO 1 -6.300000 62.806899 23.022215 
Parent: 237.275397 28.482435 286.000000 27.856766 2748.000000 0.000000 -10.000000 4.830782 34.000000 0.000000 0 0 0 1 0 0 0 0
EGO_STATUS -5.244906 39.808874 1.900000 1.563055 11.782059 1.000000 -5.880000
DYNAMIC_OBS_INFO 0 -5.750000 54.831542 1.570796 43.608279 -5.750000 84.562700 16.284672 0.670204
DYNAMIC_OBS_INFO 1 -1.750000 53.376703 1.570796 16.339839 -1.750000 56.922455 4.500171 0.169954
STATIC_OBS_INFO 0 -6.300000 65.106435 24.172603 
STATIC_OBS_INFO 1 -6.300000 62.806899 21.875557 
Parent: 239.182658 27.333694 275.000000 27.856069 2762.050000 0.000000 -10.000000 4.879248 33.000000 0.000000 0 0 0 1 0 0 0 0
EGO_STATUS -5.230118 40.957521 2.000000 1.552153 11.194059 1.000000 -5.880000
DYNAMIC_OBS_INFO 0 -5.750000 54.831542 1.570796 44.150764 -5.750000 86.194518 16.351692 0.670204
DYNAMIC_OBS_INFO 1 -1.750000 53.376703 1.570796 15.710259 -1.750000 57.373322 4.517167 0.169954
STATIC_OBS_INFO 0 -6.300000 65.106435 23.085384 
STATIC_OBS_INFO 1 -6.300000 62.806899 20.788735 
Parent: 240.999861 26.243718 264.000000 27.855762 2759.200000 0.000000 -10.000000 4.944154 31.000000 0.000000 0 0 0 1 0 0 0 0
EGO_STATUS -5.202626 42.047148 2.100000 1.538535 10.606059 1.000000 -5.880000
DYNAMIC_OBS_INFO 0 -5.750000 54.831542 1.570796 44.759437 -5.750000 87.833039 16.418713 0.670204
DYNAMIC_OBS_INFO 1 -1.750000 53.376703 1.570796 15.137886 -1.750000 57.825888 4.534162 0.169954
STATIC_OBS_INFO 0 -6.300000 65.106435 22.058357 
STATIC_OBS_INFO 1 -6.300000 62.806899 19.762242 
Parent: 617.272429 10.000000 101.000000 20.000000 2055.350000 437.672101 0.000000 4.120130 30.000000 0.000000 0 0 1 0 0 0 0 0
Child: 437.672101 15.449515 156.000000 3020.152200 1399.200000 0.000000 0.000000 0.000000 0.000000 0.000000 1 0 0 0 0 0 0 0
EGO_STATUS -5.161696 43.077468 2.200000 1.523356 10.018059 1.000000 -5.880000
DYNAMIC_OBS_INFO 0 -5.750000 54.831542 1.570796 45.419784 -5.750000 89.478261 16.485733 0.670204
DYNAMIC_OBS_INFO 1 -1.750000 53.376703 1.570796 14.608084 -1.750000 58.280154 4.551157 0.169954
STATIC_OBS_INFO 0 -6.300000 65.106435 21.077196 
STATIC_OBS_INFO 1 -6.300000 62.806899 18.781798 
Parent: 70.647567 14.012599 142.000000 28.688970 850.600000 0.000000 0.000000 2.879087 19.000000 0.000000 0 0 0 1 0 0 0 0
EGO_STATUS -5.107000 44.063028 2.300000 1.507045 9.724059 3.000000 -2.940000
DYNAMIC_OBS_INFO 0 -5.750000 54.831542 1.570796 46.132224 -5.750000 91.130185 16.552753 0.670204
DYNAMIC_OBS_INFO 1 -1.750000 53.376703 1.570796 14.120939 -1.750000 58.736120 4.568153 0.169954
STATIC_OBS_INFO 0 -6.300000 65.106435 20.142526 
STATIC_OBS_INFO 1 -6.300000 62.806899 17.848085 
Parent: 61.555724 13.069644 132.000000 28.624556 847.000000 0.000000 -10.000000 2.857984 18.000000 0.000000 0 0 0 1 0 0 0 0
EGO_STATUS -5.038557 45.003447 2.400000 1.488815 9.136059 1.000000 -5.880000
DYNAMIC_OBS_INFO 0 -5.750000 54.831542 1.570796 46.911579 -5.750000 92.788812 16.619774 0.670204
DYNAMIC_OBS_INFO 1 -1.750000 53.376703 1.570796 13.691033 -1.750000 59.193785 4.585148 0.169954
STATIC_OBS_INFO 0 -6.300000 65.106435 19.269300 
STATIC_OBS_INFO 1 -6.300000 62.806899 16.976102 
Parent: 60.915394 12.185475 123.000000 27.015813 841.750000 0.000000 -10.000000 2.847719 18.000000 0.000000 0 0 0 1 0 0 0 0
EGO_STATUS -4.958087 45.883917 2.500000 1.470733 8.548059 1.000000 -5.880000
DYNAMIC_OBS_INFO 0 -5.750000 54.831542 1.570796 47.757757 -5.750000 94.454140 16.686794 0.670204
DYNAMIC_OBS_INFO 1 -1.750000 53.376703 1.570796 13.319193 -1.750000 59.653150 4.602143 0.169954
STATIC_OBS_INFO 0 -6.300000 65.106435 18.457433 
STATIC_OBS_INFO 1 -6.300000 62.806899 16.165793 
Parent: 61.015128 11.360141 115.000000 26.979116 835.150000 0.000000 -10.000000 2.850704 17.000000 0.000000 0 0 0 1 0 0 0 0
EGO_STATUS -4.869815 46.704495 2.600000 1.457614 7.960059 1.000000 -5.880000
DYNAMIC_OBS_INFO 0 -5.750000 54.831542 1.570796 48.670002 -5.750000 96.126170 16.753815 0.670204
DYNAMIC_OBS_INFO 1 -1.750000 53.376703 1.570796 13.006494 -1.750000 60.114214 4.619139 0.169954
STATIC_OBS_INFO 0 -6.300000 65.106435 17.705898 
STATIC_OBS_INFO 1 -6.300000 62.806899 15.416103 
Parent: 61.305267 10.593641 107.000000 26.978849 825.850000 0.000000 -10.000000 2.870104 16.000000 0.000000 0 0 0 1 0 0 0 0
EGO_STATUS -4.780991 47.465816 2.700000 1.453279 7.372059 1.000000 -5.880000
DYNAMIC_OBS_INFO 0 -5.750000 54.831542 1.570796 49.647158 -5.750000 97.804903 16.820835 0.670204
DYNAMIC_OBS_INFO 1 -1.750000 53.376703 1.570796 12.753846 -1.750000 60.576977 4.636134 0.169954
STATIC_OBS_INFO 0 -6.300000 65.106435 17.013029 
STATIC_OBS_INFO 1 -6.300000 62.806899 14.725282 
Parent: 61.344750 9.885879 100.000000 26.977546 817.000000 0.000000 -10.000000 2.910154 15.000000 0.000000 0 0 0 1 0 0 0 0
EGO_STATUS -4.699448 48.168861 2.800000 1.459092 6.784059 1.000000 -5.880000
DYNAMIC_OBS_INFO 0 -5.750000 54.831542 1.570796 50.688576 -5.750000 99.490337 16.887855 0.670204
DYNAMIC_OBS_INFO 1 -1.750000 53.376703 1.570796 12.562282 -1.750000 61.041441 4.653130 0.169954
STATIC_OBS_INFO 0 -6.300000 65.106435 16.377542 
STATIC_OBS_INFO 1 -6.300000 62.806899 14.091918 
Parent: 59.820750 9.237049 94.000000 26.977723 805.900000 0.000000 -10.000000 2.976784 15.000000 0.000000 0 0 0 1 0 0 0 0
EGO_STATUS -4.631522 48.814103 2.900000 1.474213 6.196059 1.000000 -5.880000
DYNAMIC_OBS_INFO 0 -5.750000 54.831542 1.570796 51.793648 -5.750000 101.182474 16.954876 0.670204
DYNAMIC_OBS_INFO 1 -1.750000 53.376703 1.570796 12.432141 -1.750000 61.507603 4.670125 0.169954
STATIC_OBS_INFO 0 -6.300000 65.106435 15.798237 
STATIC_OBS_INFO 1 -6.300000 62.806899 13.514675 
Parent: 59.914851 8.646923 88.000000 26.976464 795.700000 0.000000 -10.000000 3.078260 14.000000 0.000000 0 0 0 1 0 0 0 0
EGO_STATUS -4.580748 49.402026 3.000000 1.496283 5.608059 1.000000 -5.880000
DYNAMIC_OBS_INFO 0 -5.750000 54.831542 1.570796 52.962806 -5.750000 102.881313 17.021896 0.670204
DYNAMIC_OBS_INFO 1 -1.750000 53.376703 1.570796 12.364061 -1.750000 61.975466 4.687120 0.169954
STATIC_OBS_INFO 0 -6.300000 65.106435 15.275098 
STATIC_OBS_INFO 1 -6.300000 62.806899 12.993416 
Parent: 58.670659 8.115760 83.000000 26.822498 785.650000 0.000000 -10.000000 3.226904 14.000000 0.000000 0 0 0 1 0 0 0 0
EGO_STATUS -4.547951 49.932149 3.100000 1.522414 5.020059 1.000000 -5.880000
DYNAMIC_OBS_INFO 0 -5.750000 54.831542 1.570796 54.196397 -5.750000 104.586853 17.088917 0.670204
DYNAMIC_OBS_INFO 1 -1.750000 53.376703 1.570796 12.357966 -1.750000 62.445027 4.704116 0.169954
STATIC_OBS_INFO 0 -6.300000 65.106435 14.808262 
STATIC_OBS_INFO 1 -6.300000 62.806899 12.528194 
Parent: 59.053269 7.643442 78.000000 26.020542 776.200000 0.000000 -10.000000 3.441396 13.000000 0.000000 0 0 0 1 0 0 0 0
EGO_STATUS -4.531497 50.404156 3.200000 1.549780 4.432059 1.000000 -5.880000
DYNAMIC_OBS_INFO 0 -5.750000 54.831542 1.570796 55.494852 -5.750000 106.299096 17.155937 0.670204
DYNAMIC_OBS_INFO 1 -1.750000 53.376703 1.570796 12.413481 -1.750000 62.916289 4.721111 0.169954
STATIC_OBS_INFO 0 -6.300000 65.106435 14.398170 
STATIC_OBS_INFO 1 -6.300000 62.806899 12.119415 
Parent: 58.222872 7.229874 74.000000 24.840207 768.100000 0.000000 -10.000000 3.751823 13.000000 0.000000 0 0 0 1 0 0 0 0
EGO_STATUS -4.528225 50.817694 3.300000 1.576082 3.844059 1.000000 -5.880000
DYNAMIC_OBS_INFO 0 -5.750000 54.831542 1.570796 56.859085 -5.750000 108.018041 17.222957 0.670204
DYNAMIC_OBS_INFO 1 -1.750000 53.376703 1.570796 12.530559 -1.750000 63.389250 4.738106 0.169954
STATIC_OBS_INFO 0 -6.300000 65.106435 14.045902 
STATIC_OBS_INFO 1 -6.300000 62.806899 11.768158 
Parent: 59.321235 6.875545 70.000000 23.567293 761.500000 0.000000 -10.000000 4.210300 12.000000 0.000000 0 0 0 1 0 0 0 0
EGO_STATUS -4.534342 51.171952 3.400000 1.599669 3.256059 1.000000 -5.880000
DYNAMIC_OBS_INFO 0 -5.750000 54.831542 1.570796 58.288344 -5.750000 109.743687 17.289978 0.670204
DYNAMIC_OBS_INFO 1 -1.750000 53.376703 1.570796 12.707509 -1.750000 63.863910 4.755102 0.169954
STATIC_OBS_INFO 0 -6.300000 65.106435 13.750995 
STATIC_OBS_INFO 1 -6.300000 62.806899 11.473996 
Parent: 59.318918 6.579485 67.000000 22.397943 755.650000 0.000000 -10.000000 4.913622 12.000000 0.000000 0 0 0 1 0 0 0 0
EGO_STATUS -4.545855 51.467783 3.500000 1.619637 2.668059 1.000000 -5.880000
DYNAMIC_OBS_INFO 0 -5.750000 54.831542 1.570796 59.784719 -5.750000 111.476036 17.356998 0.670204
DYNAMIC_OBS_INFO 1 -1.750000 53.376703 1.570796 12.945591 -1.750000 64.340270 4.772097 0.169954
STATIC_OBS_INFO 0 -6.300000 65.106435 13.515819 
STATIC_OBS_INFO 1 -6.300000 62.806899 11.239337 
Parent: 1954.589460 10.217552 104.000000 31.097699 19262.800000 76.397707 0.000000 4.649413 22.000000 0.000000 0 0 0 1 0 0 0 0
Child: 76.397707 6.343698 65.000000 31.950640 750.850000 0.000000 0.000000 0.000000 0.000000 0.000000 0 0 1 0 0 0 0 0
EGO_STATUS -4.559304 51.703176 3.600000 1.635424 2.080059 1.000000 -5.880000
DYNAMIC_OBS_INFO 0 -5.750000 54.831542 1.570796 61.300593 -5.750000 113.215087 17.424019 0.670204
DYNAMIC_OBS_INFO 1 -1.750000 53.376703 1.570796 13.198545 -1.750000 64.818329 4.789093 0.169954
STATIC_OBS_INFO 0 -6.300000 65.106435 13.293033 
STATIC_OBS_INFO 1 -6.300000 62.806899 11.016971 
Parent: 1943.733889 10.217552 104.000000 31.096619 19262.800000 65.642212 0.000000 4.549444 22.000000 0.000000 0 0 0 1 0 0 0 0
Child: 65.642212 6.120537 63.000000 31.951524 746.650000 0.000000 -10.000000 0.000000 0.000000 0.000000 0 0 1 0 0 0 0 0
EGO_STATUS -4.575410 51.925748 3.700000 1.650063 2.374059 0.000000 2.940000
DYNAMIC_OBS_INFO 0 -5.750000 54.831542 1.570796 62.794020 -5.750000 114.960840 17.491039 0.670204
DYNAMIC_OBS_INFO 1 -1.750000 53.376703 1.570796 13.426127 -1.750000 65.298088 4.806088 0.169954
STATIC_OBS_INFO 0 -6.300000 65.106435 13.040647 
STATIC_OBS_INFO 1 -6.300000 62.806899 10.764979 
Parent: 66.163590 5.867910 60.000000 2.197304 742.000000 0.000000 0.000000 4.382211 11.000000 0.000000 0 0 0 0 0 0 0 0
EGO_STATUS -4.597516 52.177397 3.800000 1.666041 2.668059 0.000000 2.940000
DYNAMIC_OBS_INFO 0 -5.750000 54.831542 1.570796 64.295653 -5.750000 116.713295 17.558059 0.670204
DYNAMIC_OBS_INFO 1 -1.750000 53.376703 1.570796 13.657718 -1.750000 65.779547 4.823083 0.169954
STATIC_OBS_INFO 0 -6.300000 65.106435 12.789294 
STATIC_OBS_INFO 1 -6.300000 62.806899 10.513926 
Parent: 55.285250 5.616450 58.000000 1.626636 737.500000 0.000000 -10.000000 4.711670 11.000000 0.000000 0 0 0 0 0 0 0 0
EGO_STATUS -4.623401 52.427513 3.900000 1.681062 2.374059 3.000000 -2.940000
DYNAMIC_OBS_INFO 0 -5.750000 54.831542 1.570796 65.833557 -5.750000 118.472452 17.625080 0.670204
DYNAMIC_OBS_INFO 1 -1.750000 53.376703 1.570796 13.919887 -1.750000 66.262705 4.840079 0.169954
STATIC_OBS_INFO 0 -6.300000 65.106435 12.567224 
STATIC_OBS_INFO 1 -6.300000 62.806899 10.292045 
Parent: 1697.524435 10.000000 102.000000 20.000000 2075.700000 1518.558275 0.000000 4.505376 31.000000 0.000000 0 0 0 1 0 0 0 0
Child: 1518.558275 16.141178 163.000000 3104.751720 12230.250000 0.000000 0.000000 0.000000 0.000000 0.000000 1 0 1 0 1 0 0 0
EGO_STATUS -4.649262 52.648097 4.000000 1.693389 2.080059 3.000000 -2.940000
DYNAMIC_OBS_INFO 0 -5.750000 54.831542 1.570796 67.377429 -5.750000 120.238311 17.692100 0.670204
DYNAMIC_OBS_INFO 1 -1.750000 53.376703 1.570796 14.183633 -1.750000 66.747563 4.857074 0.169954
STATIC_OBS_INFO 0 -6.300000 65.106435 12.344069 
STATIC_OBS_INFO 1 -6.300000 62.806899 10.069010 
Parent: 64.711336 5.171227 53.000000 1.354940 730.150000 0.000000 0.000000 4.338169 11.000000 0.000000 0 0 0 0 0 0 0 0
EGO_STATUS -4.677865 52.869412 4.100000 1.704695 2.374059 0.000000 2.940000
DYNAMIC_OBS_INFO 0 -5.750000 54.831542 1.570796 68.929377 -5.750000 122.010872 17.759121 0.670204
DYNAMIC_OBS_INFO 1 -1.750000 53.376703 1.570796 14.450880 -1.750000 67.234120 4.874069 0.169954
STATIC_OBS_INFO 0 -6.300000 65.106435 12.121979 
STATIC_OBS_INFO 1 -6.300000 62.806899 9.846972 
Parent: 55.271757 4.949126 51.000000 0.911755 725.950000 0.000000 -10.000000 4.735871 10.000000 0.000000 0 0 0 0 0 0 0 0
EGO_STATUS -4.708673 53.089361 4.200000 1.714705 2.080059 3.000000 -2.940000
DYNAMIC_OBS_INFO 0 -5.750000 54.831542 1.570796 70.517126 -5.750000 123.790135 17.826141 0.670204
DYNAMIC_OBS_INFO 1 -1.750000 53.376703 1.570796 14.747774 -1.750000 67.722377 4.891065 0.169954
STATIC_OBS_INFO 0 -6.300000 65.106435 11.928977 
STATIC_OBS_INFO 1 -6.300000 62.806899 9.653965 
Parent: 1660.894725 10.000000 102.000000 20.000000 2075.700000 1491.833117 -10.000000 3.600823 30.000000 0.000000 0 0 1 0 0 0 0 0
Child: 1491.833117 15.491197 156.000000 3099.010799 11924.100000 0.000000 0.000000 0.000000 0.000000 0.000000 1 0 1 0 1 0 0 0
EGO_STATUS -4.737105 53.280284 4.300000 1.722287 1.786059 3.000000 -2.940000
DYNAMIC_OBS_INFO 0 -5.750000 54.831542 1.570796 72.111308 -5.750000 125.576100 17.893161 0.670204
DYNAMIC_OBS_INFO 1 -1.750000 53.376703 1.570796 15.046407 -1.750000 68.212333 4.908060 0.169954
STATIC_OBS_INFO 0 -6.300000 65.106435 11.735507 
STATIC_OBS_INFO 1 -6.300000 62.806899 9.460447 
Parent: 64.465129 4.562590 47.000000 0.652970 721.450000 0.000000 0.000000 4.365991 10.000000 0.000000 0 0 0 0 0 0 0 0
EGO_STATUS -4.766951 53.471493 4.400000 1.728730 2.080059 0.000000 2.940000
DYNAMIC_OBS_INFO 0 -5.750000 54.831542 1.570796 73.712882 -5.750000 127.368767 17.960182 0.670204
DYNAMIC_OBS_INFO 1 -1.750000 53.376703 1.570796 15.347625 -1.750000 68.703989 4.925055 0.169954
STATIC_OBS_INFO 0 -6.300000 65.106435 11.542565 
STATIC_OBS_INFO 1 -6.300000 62.806899 9.267419 
Parent: 54.693704 4.369559 45.000000 0.375008 718.750000 0.000000 -10.000000 4.865718 10.000000 0.000000 0 0 0 0 0 0 0 0
EGO_STATUS -4.797827 53.662036 4.500000 1.733908 1.786059 3.000000 -2.940000
DYNAMIC_OBS_INFO 0 -5.750000 54.831542 1.570796 75.351584 -5.750000 129.168137 18.027202 0.670204
DYNAMIC_OBS_INFO 1 -1.750000 53.376703 1.570796 15.679492 -1.750000 69.197344 4.942051 0.169954
STATIC_OBS_INFO 0 -6.300000 65.106435 11.380257 
STATIC_OBS_INFO 1 -6.300000 62.806899 9.105014 
Parent: 1637.446668 10.000000 102.000000 20.000000 2075.700000 1468.343452 -10.000000 3.642432 30.000000 0.000000 0 0 1 0 0 0 0 0
Child: 1468.343452 14.937665 151.000000 3094.856264 11748.150000 0.000000 0.000000 0.000000 0.000000 0.000000 1 0 1 0 1 0 0 0
EGO_STATUS -4.824497 53.822236 4.600000 1.737205 1.492059 3.000000 -2.940000
DYNAMIC_OBS_INFO 0 -5.750000 54.831542 1.570796 76.994539 -5.750000 130.974208 18.094223 0.670204
DYNAMIC_OBS_INFO 1 -1.750000 53.376703 1.570796 16.010871 -1.750000 69.692399 4.959046 0.169954
STATIC_OBS_INFO 0 -6.300000 65.106435 11.215392 
STATIC_OBS_INFO 1 -6.300000 62.806899 8.940031 
Parent: 63.302547 4.042161 42.000000 0.179734 714.700000 0.000000 0.000000 4.501144 10.000000 0.000000 0 0 0 0 0 0 0 0
EGO_STATUS -4.852041 53.984905 4.700000 1.739544 1.786059 0.000000 2.940000
DYNAMIC_OBS_INFO 0 -5.750000 54.831542 1.570796 78.646816 -5.750000 132.786981 18.161243 0.670204
DYNAMIC_OBS_INFO 1 -1.750000 53.376703 1.570796 16.346521 -1.750000 70.189153 4.976042 0.169954
STATIC_OBS_INFO 0 -6.300000 65.106435 11.053118 
STATIC_OBS_INFO 1 -6.300000 62.806899 8.777630 
Parent: 1656.256049 10.000000 102.000000 20.000000 2075.700000 1474.981463 0.000000 4.813802 29.000000 0.000000 0 0 0 1 0 0 0 0
Child: 1474.981463 14.610130 148.000000 3093.499903 11848.000000 0.000000 0.000000 0.000000 0.000000 0.000000 1 0 1 0 1 0 0 0
EGO_STATUS -4.879436 54.144984 4.800000 1.740809 1.492059 3.000000 -2.940000
DYNAMIC_OBS_INFO 0 -5.750000 54.831542 1.570796 80.303293 -5.750000 134.606456 18.228264 0.670204
DYNAMIC_OBS_INFO 1 -1.750000 53.376703 1.570796 16.681552 -1.750000 70.687607 4.993037 0.169954
STATIC_OBS_INFO 0 -6.300000 65.106435 10.888276 
STATIC_OBS_INFO 1 -6.300000 62.806899 8.612650 
Parent: 62.921490 3.714753 39.000000 0.102224 711.550000 0.000000 0.000000 4.136559 9.000000 0.000000 0 0 0 0 0 0 0 0
EGO_STATUS -4.907379 54.307585 4.900000 1.741012 1.786059 0.000000 2.940000
DYNAMIC_OBS_INFO 0 -5.750000 54.831542 1.570796 81.969033 -5.750000 136.432634 18.295284 0.670204
DYNAMIC_OBS_INFO 1 -1.750000 53.376703 1.570796 17.020723 -1.750000 71.187760 5.010032 0.169954
STATIC_OBS_INFO 0 -6.300000 65.106435 10.726013 
STATIC_OBS_INFO 1 -6.300000 62.806899 8.450249 
Parent: 53.911322 3.552340 37.000000 0.104547 710.050000 0.000000 -10.000000 4.729960 9.000000 0.000000 0 0 0 0 0 0 0 0
EGO_STATUS -4.934821 54.467655 5.000000 1.740117 1.492059 3.000000 -2.940000
DYNAMIC_OBS_INFO 0 -5.750000 54.831542 1.570796 83.671393 -5.750000 138.265513 18.362304 0.670204
DYNAMIC_OBS_INFO 1 -1.750000 53.376703 1.570796 17.389999 -1.750000 71.689613 5.027028 0.169954
STATIC_OBS_INFO 0 -6.300000 65.106435 10.594031 
STATIC_OBS_INFO 1 -6.300000 62.806899 8.318158 
Parent: 1667.573848 10.000000 102.000000 20.000000 2075.700000 1486.219675 0.000000 4.893389 29.000000 0.000000 0 0 0 1 0 0 0 0
Child: 1486.219675 14.153069 143.000000 3092.439832 11924.050000 0.000000 0.000000 0.000000 0.000000 0.000000 1 0 1 0 1 0 0 0
EGO_STATUS -4.956971 54.597878 5.100000 1.738573 1.198059 3.000000 -2.940000
DYNAMIC_OBS_INFO 0 -5.750000 54.831542 1.570796 85.376601 -5.750000 140.105095 18.429325 0.670204
DYNAMIC_OBS_INFO 1 -1.750000 53.376703 1.570796 17.757337 -1.750000 72.193166 5.044023 0.169954
STATIC_OBS_INFO 0 -6.300000 65.106435 10.458165 
STATIC_OBS_INFO 1 -6.300000 62.806899 8.182187 
Parent: 63.793606 3.284249 34.000000 0.220394 708.100000 0.000000 0.000000 4.372996 9.000000 0.000000 0 0 0 0 0 0 0 0
EGO_STATUS -4.979503 54.731971 5.200000 1.736219 1.492059 0.000000 2.940000
DYNAMIC_OBS_INFO 0 -5.750000 54.831542 1.570796 87.092301 -5.750000 141.951378 18.496345 0.670204
DYNAMIC_OBS_INFO 1 -1.750000 53.376703 1.570796 18.129987 -1.750000 72.698418 5.061018 0.169954
STATIC_OBS_INFO 0 -6.300000 65.106435 10.326164 
STATIC_OBS_INFO 1 -6.300000 62.806899 8.050094 
Parent: 1688.542496 10.000000 102.000000 20.000000 2075.700000 1507.197049 0.000000 4.884663 29.000000 0.000000 0 0 0 1 0 0 0 0
Child: 1507.197049 13.887091 140.000000 3092.912750 12101.600000 0.000000 0.000000 0.000000 0.000000 0.000000 1 0 1 0 1 0 0 0
EGO_STATUS -5.001036 54.862297 5.300000 1.733194 1.198059 3.000000 -2.940000
DYNAMIC_OBS_INFO 0 -5.750000 54.831542 1.570796 88.810814 -5.750000 143.804364 18.563366 0.670204
DYNAMIC_OBS_INFO 1 -1.750000 53.376703 1.570796 18.500614 -1.750000 73.205370 5.078014 0.169954
STATIC_OBS_INFO 0 -6.300000 65.106435 10.190272 
STATIC_OBS_INFO 1 -6.300000 62.806899 7.914121 
Parent: 61.648931 3.016155 32.000000 0.344066 706.600000 0.000000 0.000000 4.016027 9.000000 0.000000 0 0 0 0 0 0 0 0
EGO_STATUS -5.022733 54.996528 5.400000 1.729323 1.492059 0.000000 2.940000
DYNAMIC_OBS_INFO 0 -5.750000 54.831542 1.570796 90.539793 -5.750000 145.664051 18.630386 0.670204
DYNAMIC_OBS_INFO 1 -1.750000 53.376703 1.570796 18.876501 -1.750000 73.714021 5.095009 0.169954
STATIC_OBS_INFO 0 -6.300000 65.106435 10.058240 
STATIC_OBS_INFO 1 -6.300000 62.806899 7.782030 
Parent: 54.642264 2.884054 30.000000 0.260162 705.700000 0.000000 -10.000000 4.774689 8.000000 0.000000 0 0 0 0 0 0 0 0
EGO_STATUS -5.043260 55.127016 5.500000 1.724842 1.198059 3.000000 -2.940000
DYNAMIC_OBS_INFO 0 -5.750000 54.831542 1.570796 92.303209 -5.750000 147.530441 18.697406 0.670204
DYNAMIC_OBS_INFO 1 -1.750000 53.376703 1.570796 19.280627 -1.750000 74.224371 5.112004 0.169954
STATIC_OBS_INFO 0 -6.300000 65.106435 9.954277 
STATIC_OBS_INFO 1 -6.300000 62.806899 7.678035 
Parent: 1728.235163 10.000000 102.000000 20.000000 2075.700000 1545.804378 0.000000 4.970000 28.000000 0.000000 0 0 0 1 0 0 0 0
Child: 1545.804378 13.521978 137.000000 3096.004486 12565.550000 0.000000 0.000000 0.000000 0.000000 0.000000 1 0 1 0 1 0 0 0
EGO_STATUS -5.059005 55.229818 5.600000 1.720851 0.904059 3.000000 -2.940000
DYNAMIC_OBS_INFO 0 -5.750000 54.831542 1.570796 94.071725 -5.750000 149.403533 18.764427 0.670204
DYNAMIC_OBS_INFO 1 -1.750000 53.376703 1.570796 19.684957 -1.750000 74.736422 5.129000 0.169954
STATIC_OBS_INFO 0 -6.300000 65.106435 9.848741 
STATIC_OBS_INFO 1 -6.300000 62.806899 7.572483 
Parent: 63.778546 2.674478 28.000000 0.318249 704.800000 0.000000 0.000000 4.427726 8.000000 0.000000 0 0 0 0 0 0 0 0
EGO_STATUS -5.074541 55.334232 5.700000 1.716370 1.198059 0.000000 2.940000
DYNAMIC_OBS_INFO 0 -5.750000 54.831542 1.570796 95.848432 -5.750000 151.283326 18.831447 0.670204
DYNAMIC_OBS_INFO 1 -1.750000 53.376703 1.570796 20.092446 -1.750000 75.250171 5.145995 0.169954
STATIC_OBS_INFO 0 -6.300000 65.106435 9.744757 
STATIC_OBS_INFO 1 -6.300000 62.806899 7.468502 
Parent: 1755.229805 10.000000 102.000000 20.000000 2075.700000 1572.805059 0.000000 4.963962 28.000000 0.000000 0 0 0 1 0 0 0 0
Child: 1572.805059 13.317846 135.000000 3098.419954 12844.750000 0.000000 0.000000 0.000000 0.000000 0.000000 1 0 1 0 1 0 0 0
EGO_STATUS -5.089371 55.437171 5.800000 1.711552 0.904059 3.000000 -2.940000
DYNAMIC_OBS_INFO 0 -5.750000 54.831542 1.570796 97.630229 -5.750000 153.169822 18.898468 0.670204
DYNAMIC_OBS_INFO 1 -1.750000 53.376703 1.570796 20.500105 -1.750000 75.765621 5.162991 0.169954
STATIC_OBS_INFO 0 -6.300000 65.106435 9.639204 
STATIC_OBS_INFO 1 -6.300000 62.806899 7.362972 
Parent: 62.848473 2.464902 26.000000 0.371670 703.900000 0.000000 0.000000 4.080763 8.000000 0.000000 0 0 0 0 0 0 0 0
EGO_STATUS -5.103891 55.541731 5.900000 1.706267 1.198059 0.000000 2.940000
DYNAMIC_OBS_INFO 0 -5.750000 54.831542 1.570796 99.420212 -5.750000 155.063020 18.965488 0.670204
DYNAMIC_OBS_INFO 1 -1.750000 53.376703 1.570796 20.910907 -1.750000 76.282770 5.179986 0.169954
STATIC_OBS_INFO 0 -6.300000 65.106435 9.535206 
STATIC_OBS_INFO 1 -6.300000 62.806899 7.259020 
Parent: 3532.836201 10.217552 104.000000 3045.816714 10237.300000 2250.832988 0.000000 4.994214 28.000000 0.000000 1 0 0 1 0 0 0 0
Child: 2250.832988 10.217552 104.000000 3050.755514 19262.800000 68.622275 -10.000000 0.000000 0.000000 0.000000 1 0 1 0 0 0 0 0
Child: 68.622275 2.360899 25.000000 22.903934 703.750000 0.000000 0.000000 0.000000 0.000000 0.000000 0 0 1 0 0 0 0 0
EGO_STATUS -5.117640 55.644818 6.000000 1.700697 0.904059 3.000000 -2.940000
DYNAMIC_OBS_INFO 0 -5.750000 54.831542 1.570796 101.215278 -5.750000 156.962920 19.032508 0.670204
DYNAMIC_OBS_INFO 1 -1.750000 53.376703 1.570796 21.321849 -1.750000 76.801618 5.196981 0.169954
STATIC_OBS_INFO 0 -6.300000 65.106435 9.429643 
STATIC_OBS_INFO 1 -6.300000 62.806899 7.153530 
Parent: 61.892041 2.255334 24.000000 0.418753 703.600000 0.000000 0.000000 3.733814 8.000000 0.000000 0 0 0 0 0 0 0 0
EGO_STATUS -5.130986 55.749535 6.100000 1.694694 1.198059 0.000000 2.940000
DYNAMIC_OBS_INFO 0 -5.750000 54.831542 1.570796 103.018528 -5.750000 158.869521 19.099529 0.670204
DYNAMIC_OBS_INFO 1 -1.750000 53.376703 1.570796 21.735925 -1.750000 77.322166 5.213977 0.169954
STATIC_OBS_INFO 0 -6.300000 65.106435 9.325643 
STATIC_OBS_INFO 1 -6.300000 62.806899 7.049629 
Parent: 52.528594 2.151332 23.000000 0.249841 703.450000 0.000000 -10.000000 4.707204 8.000000 0.000000 0 0 0 0 0 0 0 0
EGO_STATUS -5.143506 55.852779 6.200000 1.688473 0.904059 3.000000 -2.940000
DYNAMIC_OBS_INFO 0 -5.750000 54.831542 1.570796 104.863061 -5.750000 160.782825 19.166549 0.670204
DYNAMIC_OBS_INFO 1 -1.750000 53.376703 1.570796 22.185241 -1.750000 77.844413 5.230972 0.169954
STATIC_OBS_INFO 0 -6.300000 65.106435 9.256500 
STATIC_OBS_INFO 1 -6.300000 62.806899 6.980570 
Parent: 67979.479709 10.000000 101.000000 640020.000000 3630.250000 4295.247603 -10.000000 4.484582 38.000000 0.000000 0 0 1 0 0 0 0 64
Child: 4295.247603 10.000000 102.000000 20.000000 20935.500000 2250.786818 -10.000000 0.000000 0.000000 0.000000 0 0 1 0 0 0 0 0
Child: 2250.786818 10.217552 104.000000 3049.746194 19262.800000 68.675267 -10.000000 0.000000 0.000000 0.000000 1 0 1 0 0 0 0 0
Child: 68.675267 2.082179 22.000000 22.312822 703.300000 0.000000 0.000000 0.000000 0.000000 0.000000 0 0 1 0 0 0 0 0
EGO_STATUS -5.151410 55.921472 6.300000 1.684163 0.610059 3.000000 -2.940000
DYNAMIC_OBS_INFO 0 -5.750000 54.831542 1.570796 106.703974 -5.750000 162.702831 19.233570 0.670204
DYNAMIC_OBS_INFO 1 -1.750000 53.376703 1.570796 22.626331 -1.750000 78.368360 5.247967 0.169954
STATIC_OBS_INFO 0 -6.300000 65.106435 9.177012 
STATIC_OBS_INFO 1 -6.300000 62.806899 6.901196 
Parent: 61.427861 2.002678 22.000000 0.263165 703.300000 0.000000 0.000000 4.381942 7.000000 0.000000 0 0 0 0 0 0 0 0
EGO_STATUS -5.160151 56.000487 6.400000 1.679089 0.904059 0.000000 2.940000
DYNAMIC_OBS_INFO 0 -5.750000 54.831542 1.570796 108.561850 -5.750000 164.629539 19.300590 0.670204
DYNAMIC_OBS_INFO 1 -1.750000 53.376703 1.570796 23.079169 -1.750000 78.894007 5.264963 0.169954
STATIC_OBS_INFO 0 -6.300000 65.106435 9.107878 
STATIC_OBS_INFO 1 -6.300000 62.806899 6.832179 
Parent: 69058.536048 10.000000 101.000000 660020.000000 2055.350000 3549.031623 -10.000000 4.489574 37.000000 0.000000 0 0 1 0 0 0 0 66
Child: 3549.031623 10.217552 104.000000 3098.536374 10237.300000 2248.843144 -10.000000 0.000000 0.000000 0.000000 1 0 1 0 1 0 0 0
Child: 2248.843144 10.217552 104.000000 3049.322864 19262.800000 66.773183 -10.000000 0.000000 0.000000 0.000000 1 0 1 0 0 0 0 0
Child: 66.773183 1.933525 21.000000 22.072902 703.150000 0.000000 0.000000 0.000000 0.000000 0.000000 0 0 1 0 0 0 0 0
EGO_STATUS -5.167399 56.069253 6.500000 1.674573 0.610059 3.000000 -2.940000
DYNAMIC_OBS_INFO 0 -5.750000 54.831542 1.570796 110.416096 -5.750000 166.562949 19.367610 0.670204
DYNAMIC_OBS_INFO 1 -1.750000 53.376703 1.570796 23.523731 -1.750000 79.421353 5.281958 0.169954
STATIC_OBS_INFO 0 -6.300000 65.106435 9.028405 
STATIC_OBS_INFO 1 -6.300000 62.806899 6.752858 
Parent: 62.250939 1.854024 20.000000 0.272955 703.000000 0.000000 0.000000 4.056683 7.000000 0.000000 0 0 0 0 0 0 0 0
EGO_STATUS -5.175372 56.148348 6.600000 1.669295 0.904059 0.000000 2.940000
DYNAMIC_OBS_INFO 0 -5.750000 54.831542 1.570796 112.287316 -5.750000 168.503061 19.434631 0.670204
DYNAMIC_OBS_INFO 1 -1.750000 53.376703 1.570796 23.980070 -1.750000 79.950398 5.298953 0.169954
STATIC_OBS_INFO 0 -6.300000 65.106435 8.959290 
STATIC_OBS_INFO 1 -6.300000 62.806899 6.683893 
Parent: 69059.746516 10.000000 101.000000 660020.000000 2055.350000 3550.252867 -10.000000 4.478797 37.000000 0.000000 0 0 1 0 0 0 0 66
Child: 3550.252867 10.217552 104.000000 3098.110126 10237.300000 2250.106265 -10.000000 0.000000 0.000000 0.000000 1 0 1 0 1 0 0 0
Child: 2250.106265 10.217552 104.000000 3048.899536 19262.800000 68.077895 -10.000000 0.000000 0.000000 0.000000 1 0 1 0 0 0 0 0
Child: 68.077895 1.784873 19.000000 21.840394 702.850000 0.000000 0.000000 0.000000 0.000000 0.000000 0 0 1 0 0 0 0 0
EGO_STATUS -5.181940 56.217182 6.700000 1.664635 0.610059 3.000000 -2.940000
DYNAMIC_OBS_INFO 0 -5.750000 54.831542 1.570796 114.154899 -5.750000 170.449875 19.501651 0.670204
DYNAMIC_OBS_INFO 1 -1.750000 53.376703 1.570796 24.428090 -1.750000 80.481143 5.315949 0.169954
STATIC_OBS_INFO 0 -6.300000 65.106435 8.879841 
STATIC_OBS_INFO 1 -6.300000 62.806899 6.604639 
Parent: 59.841768 1.705372 19.000000 0.279006 702.850000 0.000000 0.000000 3.731425 7.000000 0.000000 0 0 0 0 0 0 0 0
EGO_STATUS -5.189120 56.296354 6.800000 1.659225 0.904059 0.000000 2.940000
DYNAMIC_OBS_INFO 0 -5.750000 54.831542 1.570796 116.039468 -5.750000 172.403391 19.568672 0.670204
DYNAMIC_OBS_INFO 1 -1.750000 53.376703 1.570796 24.887918 -1.750000 81.013588 5.332944 0.169954
STATIC_OBS_INFO 0 -6.300000 65.106435 8.810752 
STATIC_OBS_INFO 1 -6.300000 62.806899 6.535739 
Parent: 69057.415722 10.000000 101.000000 660020.000000 2055.350000 3547.932875 -10.000000 4.467995 37.000000 0.000000 0 0 1 0 0 0 0 66
Child: 3547.932875 10.217552 104.000000 3097.683881 10237.300000 2247.828150 -10.000000 0.000000 0.000000 0.000000 1 0 1 0 1 0 0 0
Child: 2247.828150 10.217552 104.000000 3048.476212 19262.800000 65.841369 -10.000000 0.000000 0.000000 0.000000 1 0 1 0 0 0 0 0
Child: 65.841369 1.636221 18.000000 21.618238 702.700000 0.000000 0.000000 0.000000 0.000000 0.000000 0 0 1 0 0 0 0 0
EGO_STATUS -5.194990 56.365251 6.900000 1.654483 0.610059 3.000000 -2.940000
DYNAMIC_OBS_INFO 0 -5.750000 54.831542 1.570796 117.920394 -5.750000 174.363610 19.635692 0.670204
DYNAMIC_OBS_INFO 1 -1.750000 53.376703 1.570796 25.339388 -1.750000 81.547732 5.349940 0.169954
STATIC_OBS_INFO 0 -6.300000 65.106435 8.731338 
STATIC_OBS_INFO 1 -6.300000 62.806899 6.456565 
Parent: 60.765698 1.556721 17.000000 0.281198 702.550000 0.000000 0.000000 3.406170 7.000000 0.000000 0 0 0 0 0 0 0 0
EGO_STATUS -5.201362 56.444492 7.000000 1.649015 0.904059 0.000000 2.940000
DYNAMIC_OBS_INFO 0 -5.750000 54.831542 1.570796 119.818317 -5.750000 176.330530 19.702712 0.670204
DYNAMIC_OBS_INFO 1 -1.750000 53.376703 1.570796 25.802697 -1.750000 82.083576 5.366935 0.169954
STATIC_OBS_INFO 0 -6.300000 65.106435 8.662284 
STATIC_OBS_INFO 1 -6.300000 62.806899 6.387742 
Parent: 53.114386 1.487570 16.000000 0.127885 702.400000 0.000000 -10.000000 4.798155 7.000000 0.000000 0 0 0 0 0 0 0 0
EGO_STATUS -5.206528 56.513445 7.100000 1.644259 0.610059 3.000000 -2.940000
DYNAMIC_OBS_INFO 0 -5.750000 54.831542 1.570796 121.760984 -5.750000 178.304152 19.769733 0.670204
DYNAMIC_OBS_INFO 1 -1.750000 53.376703 1.570796 26.305120 -1.750000 82.621119 5.383930 0.169954
STATIC_OBS_INFO 0 -6.300000 65.106435 8.631331 
STATIC_OBS_INFO 1 -6.300000 62.806899 6.356901 
Parent: 68067.287758 10.000000 101.000000 650020.000000 2055.350000 3547.856119 -10.000000 4.515797 37.000000 0.000000 0 0 1 0 0 0 0 65
Child: 3547.856119 10.217552 104.000000 3097.074917 10237.300000 2247.811222 -10.000000 0.000000 0.000000 0.000000 1 0 1 0 1 0 0 0
Child: 2247.811222 10.217552 104.000000 3047.871422 19262.800000 65.883859 -10.000000 0.000000 0.000000 0.000000 1 0 1 0 0 0 0 0
Child: 65.883859 1.456564 16.000000 21.318131 702.400000 0.000000 0.000000 0.000000 0.000000 0.000000 0 0 1 0 0 0 0 0
EGO_STATUS -5.208698 56.544372 7.200000 1.642134 0.424023 3.000000 -2.940000
DYNAMIC_OBS_INFO 0 -5.750000 54.831542 1.570796 123.676407 -5.750000 180.284476 19.836753 0.670204
DYNAMIC_OBS_INFO 1 -1.750000 53.376703 1.570796 26.776025 -1.750000 83.160362 5.400926 0.169954
STATIC_OBS_INFO 0 -6.300000 65.106435 8.566431 
STATIC_OBS_INFO 1 -6.300000 62.806899 6.292247 
Parent: 61.986738 1.391547 15.000000 0.175867 702.250000 0.000000 0.000000 3.822811 7.000000 0.000000 0 0 0 0 0 0 0 0
EGO_STATUS -5.213110 56.609235 7.300000 1.637691 0.718023 0.000000 2.940000
DYNAMIC_OBS_INFO 0 -5.750000 54.831542 1.570796 125.627078 -5.750000 182.271503 19.903774 0.670204
DYNAMIC_OBS_INFO 1 -1.750000 53.376703 1.570796 27.276773 -1.750000 83.701304 5.417921 0.169954
STATIC_OBS_INFO 0 -6.300000 65.106435 8.530105 
STATIC_OBS_INFO 1 -6.300000 62.806899 6.256068 
Parent: 68066.688391 10.000000 101.000000 650020.000000 2055.350000 3547.276100 -10.000000 4.496450 37.000000 0.000000 0 0 1 0 0 0 0 65
Child: 3547.276100 10.217552 104.000000 3096.799743 10237.300000 2247.258237 -10.000000 0.000000 0.000000 0.000000 1 0 1 0 1 0 0 0
Child: 2247.258237 10.217552 104.000000 3047.598134 19262.800000 65.357723 -10.000000 0.000000 0.000000 0.000000 1 0 1 0 0 0 0 0
Child: 65.357723 1.355143 15.000000 21.190906 702.250000 0.000000 0.000000 0.000000 0.000000 0.000000 0 0 1 0 0 0 0 0
EGO_STATUS -5.215420 56.645562 7.400000 1.635221 0.460295 3.000000 -2.940000
DYNAMIC_OBS_INFO 0 -5.750000 54.831542 1.570796 127.553166 -5.750000 184.265231 19.970794 0.670204
DYNAMIC_OBS_INFO 1 -1.750000 53.376703 1.570796 27.748541 -1.750000 84.243946 5.434916 0.169954
STATIC_OBS_INFO 0 -6.300000 65.106435 8.462523 
STATIC_OBS_INFO 1 -6.300000 62.806899 6.188774 
Parent: 60.949958 1.287408 14.000000 0.191220 702.100000 0.000000 0.000000 3.368878 7.000000 0.000000 0 0 0 0 0 0 0 0
EGO_STATUS -5.219553 56.713168 7.500000 1.630654 0.754295 0.000000 2.940000
DYNAMIC_OBS_INFO 0 -5.750000 54.831542 1.570796 129.515417 -5.750000 186.265662 20.037814 0.670204
DYNAMIC_OBS_INFO 1 -1.750000 53.376703 1.570796 28.251093 -1.750000 84.788288 5.451912 0.169954
STATIC_OBS_INFO 0 -6.300000 65.106435 8.424407 
STATIC_OBS_INFO 1 -6.300000 62.806899 6.150831 
NO_CANDIDATE
EGO_STATUS -5.221712 56.751321 7.600000 1.628109 0.469864 3.000000 -2.940000
DYNAMIC_OBS_INFO 0 -5.750000 54.831542 1.570796 131.446205 -5.750000 188.272794 20.104835 0.670204
DYNAMIC_OBS_INFO 1 -1.750000 53.376703 1.570796 28.717830 -1.750000 85.334329 5.468907 0.169954
STATIC_OBS_INFO 0 -6.300000 65.106435 8.348184 
STATIC_OBS_INFO 1 -6.300000 62.806899 6.074968 
NO_CANDIDATE
EGO_STATUS -5.225934 56.827634 7.700000 1.623043 0.010000 3.000000 -2.940000
DYNAMIC_OBS_INFO 0 -5.750000 54.831542 1.570796 133.383676 -5.750000 190.286628 20.171855 0.670204
DYNAMIC_OBS_INFO 1 -1.750000 53.376703 1.570796 29.186282 -1.750000 85.882069 5.485902 0.169954
STATIC_OBS_INFO 0 -6.300000 65.106435 8.271996 
STATIC_OBS_INFO 1 -6.300000 62.806899 5.999170 
NO_CANDIDATE
EGO_STATUS -5.229750 56.903967 7.800000 1.618075 0.010000 3.000000 -2.940000
DYNAMIC_OBS_INFO 0 -5.750000 54.831542 1.570796 135.327831 -5.750000 192.307165 20.238876 0.670204
DYNAMIC_OBS_INFO 1 -1.750000 53.376703 1.570796 29.656444 -1.750000 86.431509 5.502898 0.169954
STATIC_OBS_INFO 0 -6.300000 65.106435 8.195848 
STATIC_OBS_INFO 1 -6.300000 62.806899 5.923446 
NO_CANDIDATE
EGO_STATUS -5.233134 56.980321 7.900000 1.613243 0.010000 3.000000 -2.940000
DYNAMIC_OBS_INFO 0 -5.750000 54.831542 1.570796 137.278676 -5.750000 194.334404 20.305896 0.670204
DYNAMIC_OBS_INFO 1 -1.750000 53.376703 1.570796 30.128335 -1.750000 86.982649 5.519893 0.169954
STATIC_OBS_INFO 0 -6.300000 65.106435 8.119735 
STATIC_OBS_INFO 1 -6.300000 62.806899 5.847787 
NO_CANDIDATE
EGO_STATUS -5.236190 57.056689 8.000000 1.608537 0.010000 3.000000 -2.940000
DYNAMIC_OBS_INFO 0 -5.750000 54.831542 1.570796 139.236213 -5.750000 196.368344 20.372916 0.670204
DYNAMIC_OBS_INFO 1 -1.750000 53.376703 1.570796 30.601956 -1.750000 87.535488 5.536889 0.169954
STATIC_OBS_INFO 0 -6.300000 65.106435 8.043659 
STATIC_OBS_INFO 1 -6.300000 62.806899 5.772195 
NO_CANDIDATE
EGO_STATUS -5.238926 57.133069 8.100000 1.603966 0.010000 3.000000 -2.940000
DYNAMIC_OBS_INFO 0 -5.750000 54.831542 1.570796 141.200443 -5.750000 198.408987 20.439937 0.670204
DYNAMIC_OBS_INFO 1 -1.750000 53.376703 1.570796 31.077303 -1.750000 88.090026 5.553884 0.169954
STATIC_OBS_INFO 0 -6.300000 65.106435 7.967622 
STATIC_OBS_INFO 1 -6.300000 62.806899 5.696675 
NO_CANDIDATE
EGO_STATUS -5.241330 57.209460 8.200000 1.599553 0.010000 3.000000 -2.940000
DYNAMIC_OBS_INFO 0 -5.750000 54.831542 1.570796 143.171365 -5.750000 200.456332 20.506957 0.670204
DYNAMIC_OBS_INFO 1 -1.750000 53.376703 1.570796 31.554367 -1.750000 88.646265 5.570879 0.169954
STATIC_OBS_INFO 0 -6.300000 65.106435 7.891636 
STATIC_OBS_INFO 1 -6.300000 62.806899 5.621246 
NO_CANDIDATE
EGO_STATUS -5.243323 57.285863 8.300000 1.595369 0.010000 3.000000 -2.940000
DYNAMIC_OBS_INFO 0 -5.750000 54.831542 1.570796 145.225399 -5.750000 202.510378 20.573978 0.670204
DYNAMIC_OBS_INFO 1 -1.750000 53.376703 1.570796 32.108934 -1.750000 89.204202 5.587875 0.169954
STATIC_OBS_INFO 0 -6.300000 65.106435 7.891636 
STATIC_OBS_INFO 1 -6.300000 62.806899 5.621246 
NO_CANDIDATE
EGO_STATUS -5.243323 57.285863 8.400000 1.595369 0.010000 3.000000 -2.940000
DYNAMIC_OBS_INFO 0 -5.750000 54.831542 1.570796 147.286135 -5.750000 204.571127 20.640998 0.670204
DYNAMIC_OBS_INFO 1 -1.750000 53.376703 1.570796 32.665306 -1.750000 89.763839 5.604870 0.169954
STATIC_OBS_INFO 0 -6.300000 65.106435 7.891636 
STATIC_OBS_INFO 1 -6.300000 62.806899 5.621246 
NO_CANDIDATE
EGO_STATUS -5.243323 57.285863 8.500000 1.595369 0.010000 3.000000 -2.940000
DYNAMIC_OBS_INFO 0 -5.750000 54.831542 1.570796 149.353574 -5.750000 206.638578 20.708018 0.670204
DYNAMIC_OBS_INFO 1 -1.750000 53.376703 1.570796 33.223478 -1.750000 90.325176 5.621865 0.169954
STATIC_OBS_INFO 0 -6.300000 65.106435 7.891636 
STATIC_OBS_INFO 1 -6.300000 62.806899 5.621246 
NO_CANDIDATE
EGO_STATUS -5.243323 57.285863 8.600000 1.595369 0.010000 3.000000 -2.940000
DYNAMIC_OBS_INFO 0 -5.750000 54.831542 1.570796 151.427715 -5.750000 208.712731 20.775039 0.670204
DYNAMIC_OBS_INFO 1 -1.750000 53.376703 1.570796 33.783445 -1.750000 90.888213 5.638861 0.169954
STATIC_OBS_INFO 0 -6.300000 65.106435 7.891636 
STATIC_OBS_INFO 1 -6.300000 62.806899 5.621246 
NO_CANDIDATE
EGO_STATUS -5.243323 57.285863 8.700000 1.595369 0.010000 3.000000 -2.940000
DYNAMIC_OBS_INFO 0 -5.750000 54.831542 1.570796 153.508559 -5.750000 210.793586 20.842059 0.670204
DYNAMIC_OBS_INFO 1 -1.750000 53.376703 1.570796 34.345204 -1.750000 91.452948 5.655856 0.169954
STATIC_OBS_INFO 0 -6.300000 65.106435 7.891636 
STATIC_OBS_INFO 1 -6.300000 62.806899 5.621246 
NO_CANDIDATE
EGO_STATUS -5.243323 57.285863 8.800000 1.595369 0.010000 3.000000 -2.940000
DYNAMIC_OBS_INFO 0 -5.750000 54.831542 1.570796 155.596104 -5.750000 212.881143 20.909080 0.670204
DYNAMIC_OBS_INFO 1 -1.750000 53.376703 1.570796 34.908749 -1.750000 92.019384 5.672851 0.169954
STATIC_OBS_INFO 0 -6.300000 65.106435 7.891636 
STATIC_OBS_INFO 1 -6.300000 62.806899 5.621246 
NO_CANDIDATE
EGO_STATUS -5.243323 57.285863 8.900000 1.595369 0.010000 3.000000 -2.940000
DYNAMIC_OBS_INFO 0 -5.750000 54.831542 1.570796 157.690352 -5.750000 214.975401 20.976100 0.670204
DYNAMIC_OBS_INFO 1 -1.750000 53.376703 1.570796 35.474078 -1.750000 92.587519 5.689847 0.169954
STATIC_OBS_INFO 0 -6.300000 65.106435 7.891636 
STATIC_OBS_INFO 1 -6.300000 62.806899 5.621246 
NO_CANDIDATE
EGO_STATUS -5.243323 57.285863 9.000000 1.595369 0.010000 3.000000 -2.940000
DYNAMIC_OBS_INFO 0 -5.750000 54.831542 1.570796 159.791303 -5.750000 217.076362 21.043120 0.670204
DYNAMIC_OBS_INFO 1 -1.750000 53.376703 1.570796 36.041186 -1.750000 93.157353 5.706842 0.169954
STATIC_OBS_INFO 0 -6.300000 65.106435 7.891636 
STATIC_OBS_INFO 1 -6.300000 62.806899 5.621246 
NO_CANDIDATE
EGO_STATUS -5.243323 57.285863 9.100000 1.595369 0.010000 3.000000 -2.940000
DYNAMIC_OBS_INFO 0 -5.750000 54.831542 1.570796 161.898955 -5.750000 219.184026 21.110141 0.670204
DYNAMIC_OBS_INFO 1 -1.750000 53.376703 1.570796 36.610071 -1.750000 93.728887 5.723838 0.169954
STATIC_OBS_INFO 0 -6.300000 65.106435 7.891636 
STATIC_OBS_INFO 1 -6.300000 62.806899 5.621246 
NO_CANDIDATE
EGO_STATUS -5.243323 57.285863 9.200000 1.595369 0.010000 3.000000 -2.940000
DYNAMIC_OBS_INFO 0 -5.750000 54.831542 1.570796 164.013310 -5.750000 221.298391 21.177161 0.670204
DYNAMIC_OBS_INFO 1 -1.750000 53.376703 1.570796 37.180729 -1.750000 94.302121 5.740833 0.169954
STATIC_OBS_INFO 0 -6.300000 65.106435 7.891636 
STATIC_OBS_INFO 1 -6.300000 62.806899 5.621246 
NO_CANDIDATE
EGO_STATUS -5.243323 57.285863 9.300000 1.595369 0.010000 3.000000 -2.940000
DYNAMIC_OBS_INFO 0 -5.750000 54.831542 1.570796 166.134367 -5.750000 223.419458 21.244182 0.670204
DYNAMIC_OBS_INFO 1 -1.750000 53.376703 1.570796 37.753158 -1.750000 94.877054 5.757828 0.169954
STATIC_OBS_INFO 0 -6.300000 65.106435 7.891636 
STATIC_OBS_INFO 1 -6.300000 62.806899 5.621246 
NO_CANDIDATE
EGO_STATUS -5.243323 57.285863 9.400000 1.595369 0.010000 3.000000 -2.940000
DYNAMIC_OBS_INFO 0 -5.750000 54.831542 1.570796 168.262127 -5.750000 225.547227 21.311202 0.670204
DYNAMIC_OBS_INFO 1 -1.750000 53.376703 1.570796 38.327353 -1.750000 95.453686 5.774824 0.169954
STATIC_OBS_INFO 0 -6.300000 65.106435 7.891636 
STATIC_OBS_INFO 1 -6.300000 62.806899 5.621246 
NO_CANDIDATE
EGO_STATUS -5.243323 57.285863 9.500000 1.595369 0.010000 3.000000 -2.940000
DYNAMIC_OBS_INFO 0 -5.750000 54.831542 1.570796 170.396588 -5.750000 227.681698 21.378222 0.670204
DYNAMIC_OBS_INFO 1 -1.750000 53.376703 1.570796 38.903314 -1.750000 96.032018 5.791819 0.169954
STATIC_OBS_INFO 0 -6.300000 65.106435 7.891636 
STATIC_OBS_INFO 1 -6.300000 62.806899 5.621246 
NO_CANDIDATE
EGO_STATUS -5.243323 57.285863 9.600000 1.595369 0.010000 3.000000 -2.940000
DYNAMIC_OBS_INFO 0 -5.750000 54.831542 1.570796 172.537752 -5.750000 229.822871 21.445243 0.670204
DYNAMIC_OBS_INFO 1 -1.750000 53.376703 1.570796 39.481037 -1.750000 96.612050 5.808814 0.169954
STATIC_OBS_INFO 0 -6.300000 65.106435 7.891636 
STATIC_OBS_INFO 1 -6.300000 62.806899 5.621246 
NO_CANDIDATE
EGO_STATUS -5.243323 57.285863 9.700000 1.595369 0.010000 3.000000 -2.940000
DYNAMIC_OBS_INFO 0 -5.750000 54.831542 1.570796 174.685618 -5.750000 231.970747 21.512263 0.670204
DYNAMIC_OBS_INFO 1 -1.750000 53.376703 1.570796 40.060520 -1.750000 97.193781 5.825810 0.169954
STATIC_OBS_INFO 0 -6.300000 65.106435 7.891636 
STATIC_OBS_INFO 1 -6.300000 62.806899 5.621246 
NO_CANDIDATE
EGO_STATUS -5.243323 57.285863 9.800000 1.595369 0.010000 3.000000 -2.940000
DYNAMIC_OBS_INFO 0 -5.750000 54.831542 1.570796 176.840187 -5.750000 234.125324 21.579284 0.670204
DYNAMIC_OBS_INFO 1 -1.750000 53.376703 1.570796 40.641760 -1.750000 97.777212 5.842805 0.169954
STATIC_OBS_INFO 0 -6.300000 65.106435 7.891636 
STATIC_OBS_INFO 1 -6.300000 62.806899 5.621246 
NO_CANDIDATE
EGO_STATUS -5.243323 57.285863 9.900000 1.595369 0.010000 3.000000 -2.940000
DYNAMIC_OBS_INFO 0 -5.750000 54.831542 1.570796 179.001457 -5.750000 236.286603 21.646304 0.670204
DYNAMIC_OBS_INFO 1 -1.750000 53.376703 1.570796 41.224755 -1.750000 98.362342 5.859800 0.169954
STATIC_OBS_INFO 0 -6.300000 65.106435 7.891636 
STATIC_OBS_INFO 1 -6.300000 62.806899 5.621246 
NO_CANDIDATE
EGO_STATUS -5.243323 57.285863 10.000000 1.595369 0.010000 3.000000 -2.940000
DYNAMIC_OBS_INFO 0 -5.750000 54.831542 1.570796 181.169430 -5.750000 238.454585 21.713324 0.670204
DYNAMIC_OBS_INFO 1 -1.750000 53.376703 1.570796 41.809504 -1.750000 98.949172 5.876796 0.169954
STATIC_OBS_INFO 0 -6.300000 65.106435 7.891636 
STATIC_OBS_INFO 1 -6.300000 62.806899 5.621246 
NO_CANDIDATE
EGO_STATUS -5.243323 57.285863 10.100000 1.595369 0.010000 3.000000 -2.940000
DYNAMIC_OBS_INFO 0 -5.750000 54.831542 1.570796 183.344105 -5.750000 240.629268 21.780345 0.670204
DYNAMIC_OBS_INFO 1 -1.750000 53.376703 1.570796 42.396004 -1.750000 99.537702 5.893791 0.169954
STATIC_OBS_INFO 0 -6.300000 65.106435 7.891636 
STATIC_OBS_INFO 1 -6.300000 62.806899 5.621246 
NO_CANDIDATE
EGO_STATUS -5.243323 57.285863 10.200000 1.595369 0.010000 3.000000 -2.940000
DYNAMIC_OBS_INFO 0 -5.750000 54.831542 1.570796 185.525482 -5.750000 242.810654 21.847365 0.670204
DYNAMIC_OBS_INFO 1 -1.750000 53.376703 1.570796 42.984253 -1.750000 100.127930 5.910787 0.169954
STATIC_OBS_INFO 0 -6.300000 65.106435 7.891636 
STATIC_OBS_INFO 1 -6.300000 62.806899 5.621246 
NO_CANDIDATE
EGO_STATUS -5.243323 57.285863 10.300000 1.595369 0.010000 3.000000 -2.940000
DYNAMIC_OBS_INFO 0 -5.750000 54.831542 1.570796 187.713562 -5.750000 244.998741 21.914386 0.670204
DYNAMIC_OBS_INFO 1 -1.750000 53.376703 1.570796 43.574250 -1.750000 100.719859 5.927782 0.169954
STATIC_OBS_INFO 0 -6.300000 65.106435 7.891636 
STATIC_OBS_INFO 1 -6.300000 62.806899 5.621246 
Parent: 3709.736011 10.000000 101.000000 20.000000 2055.350000 3545.311814 -10.000000 4.943999 36.000000 0.000000 0 0 1 0 0 0 0 0
Child: 3545.311814 10.217552 104.000000 3059.213952 10237.300000 2238.986594 0.000000 0.000000 0.000000 0.000000 1 0 1 0 0 0 0 0
Child: 2238.986594 10.217552 104.000000 3045.678113 19262.800000 57.274714 -10.000000 0.000000 0.000000 0.000000 1 0 1 0 0 0 0 0
Child: 57.274714 0.714188 9.000000 20.410056 701.350000 0.000000 0.000000 0.000000 0.000000 0.000000 0 0 1 0 0 0 0 0
EGO_STATUS -5.243323 57.285863 10.400000 1.595369 0.010000 3.000000 -2.940000
DYNAMIC_OBS_INFO 0 -5.750000 54.831542 1.570796 189.869507 -5.750000 247.193531 21.981406 0.670204
DYNAMIC_OBS_INFO 1 -1.750000 53.376703 1.570796 44.127348 -1.750000 101.313487 5.944777 0.169954
STATIC_OBS_INFO 0 -6.300000 65.106435 7.853038 
STATIC_OBS_INFO 1 -6.300000 62.806899 5.582947 
Parent: 57.497446 0.675343 8.000000 0.024207 701.200000 0.000000 0.000000 4.301551 6.000000 0.000000 0 0 0 0 0 0 0 0
EGO_STATUS -5.244176 57.324697 10.500000 1.593349 0.304000 0.000000 2.940000
DYNAMIC_OBS_INFO 0 -5.750000 54.831542 1.570796 192.055293 -5.750000 249.395022 22.048426 0.670204
DYNAMIC_OBS_INFO 1 -1.750000 53.376703 1.570796 44.705207 -1.750000 101.908814 5.961773 0.169954
STATIC_OBS_INFO 0 -6.300000 65.106435 7.837441 
STATIC_OBS_INFO 1 -6.300000 62.806899 5.567475 
Parent: 46.744744 0.659643 8.000000 0.017209 701.200000 0.000000 -10.000000 4.925613 6.000000 0.000000 0 0 0 0 0 0 0 0
EGO_STATUS -5.244490 57.340394 10.600000 1.592556 0.257842 3.000000 -2.940000
DYNAMIC_OBS_INFO 0 -5.750000 54.831542 1.570796 194.250089 -5.750000 251.603216 22.115447 0.670204
DYNAMIC_OBS_INFO 1 -1.750000 53.376703 1.570796 45.287101 -1.750000 102.505841 5.978768 0.169954
STATIC_OBS_INFO 0 -6.300000 65.106435 7.824139 
STATIC_OBS_INFO 1 -6.300000 62.806899 5.554280 
Parent: 3703.797115 10.000000 101.000000 20.000000 2055.350000 3539.794457 -10.000000 4.522460 36.000000 0.000000 0 0 1 0 0 0 0 0
Child: 3539.794457 10.217552 104.000000 3094.688349 10237.300000 2239.984030 -10.000000 0.000000 0.000000 0.000000 1 0 1 0 1 0 0 0
Child: 2239.984030 10.217552 104.000000 3045.510841 19262.800000 58.288584 -10.000000 0.000000 0.000000 0.000000 1 0 1 0 0 0 0 0
Child: 58.288584 0.646251 8.000000 20.360137 701.200000 0.000000 0.000000 0.000000 0.000000 0.000000 0 0 1 0 0 0 0 0
EGO_STATUS -5.244749 57.353784 10.700000 1.591889 0.224651 3.000000 -2.940000
DYNAMIC_OBS_INFO 0 -5.750000 54.831542 1.570796 196.413800 -5.750000 253.818112 22.182467 0.670204
DYNAMIC_OBS_INFO 1 -1.750000 53.376703 1.570796 45.833112 -1.750000 103.104568 5.995763 0.169954
STATIC_OBS_INFO 0 -6.300000 65.106435 7.773305 
STATIC_OBS_INFO 1 -6.300000 62.806899 5.503862 
Parent: 55.852664 0.595065 7.000000 0.065958 701.050000 0.000000 0.000000 2.251261 6.000000 0.000000 0 0 0 0 0 0 0 0
EGO_STATUS -5.245702 57.404959 10.800000 1.589373 0.518651 0.000000 2.940000
DYNAMIC_OBS_INFO 0 -5.750000 54.831542 1.570796 198.608960 -5.750000 256.039710 22.249488 0.670204
DYNAMIC_OBS_INFO 1 -1.750000 53.376703 1.570796 46.405490 -1.750000 103.704994 6.012759 0.169954
STATIC_OBS_INFO 0 -6.300000 65.106435 7.747063 
STATIC_OBS_INFO 1 -6.300000 62.806899 5.477842 
Parent: 43.836384 0.568632 7.000000 0.035250 701.050000 0.000000 -10.000000 2.884984 6.000000 0.000000 0 0 0 0 0 0 0 0
EGO_STATUS -5.246132 57.431388 10.900000 1.588138 0.384201 3.000000 -2.940000
DYNAMIC_OBS_INFO 0 -5.750000 54.831542 1.570796 200.817545 -5.750000 258.268009 22.316508 0.670204
DYNAMIC_OBS_INFO 1 -1.750000 53.376703 1.570796 46.986295 -1.750000 104.307120 6.029754 0.169954
STATIC_OBS_INFO 0 -6.300000 65.106435 7.727498 
STATIC_OBS_INFO 1 -6.300000 62.806899 5.458446 
Parent: 42.402297 0.548922 7.000000 0.022523 701.050000 0.000000 -10.000000 3.425987 6.000000 0.000000 0 0 0 0 0 0 0 0
EGO_STATUS -5.246429 57.451096 11.000000 1.587246 0.310446 3.000000 -2.940000
DYNAMIC_OBS_INFO 0 -5.750000 54.831542 1.570796 203.036518 -5.750000 260.503011 22.383528 0.670204
DYNAMIC_OBS_INFO 1 -1.750000 53.376703 1.570796 47.572507 -1.750000 104.910945 6.046750 0.169954
STATIC_OBS_INFO 0 -6.300000 65.106435 7.711596 
STATIC_OBS_INFO 1 -6.300000 62.806899 5.442684 
Parent: 41.285040 0.532900 7.000000 0.015779 701.050000 0.000000 -10.000000 3.913951 6.000000 0.000000 0 0 0 0 0 0 0 0
EGO_STATUS -5.246657 57.467117 11.100000 1.586539 0.262308 3.000000 -2.940000
DYNAMIC_OBS_INFO 0 -5.750000 54.831542 1.570796 205.264601 -5.750000 262.744715 22.450549 0.670204
DYNAMIC_OBS_INFO 1 -1.750000 53.376703 1.570796 48.162850 -1.750000 105.516470 6.063745 0.169954
STATIC_OBS_INFO 0 -6.300000 65.106435 7.698084 
STATIC_OBS_INFO 1 -6.300000 62.806899 5.429292 
Parent: 40.371712 0.519284 7.000000 0.011716 701.050000 0.000000 -10.000000 4.364555 6.000000 0.000000 0 0 0 0 0 0 0 0
EGO_STATUS -5.246842 57.480731 11.200000 1.585951 0.227955 3.000000 -2.940000
DYNAMIC_OBS_INFO 0 -5.750000 54.831542 1.570796 207.501103 -5.750000 264.993121 22.517569 0.670204
DYNAMIC_OBS_INFO 1 -1.750000 53.376703 1.570796 48.756636 -1.750000 106.123694 6.080740 0.169954
STATIC_OBS_INFO 0 -6.300000 65.106435 7.686279 
STATIC_OBS_INFO 1 -6.300000 62.806899 5.417591 
Parent: 39.601505 0.507386 7.000000 0.009060 701.050000 0.000000 -10.000000 4.786135 6.000000 0.000000 0 0 0 0 0 0 0 0
EGO_STATUS -5.246997 57.492628 11.300000 1.585448 0.202023 3.000000 -2.940000
DYNAMIC_OBS_INFO 0 -5.750000 54.831542 1.570796 209.745604 -5.750000 267.248229 22.584590 0.670204
DYNAMIC_OBS_INFO 1 -1.750000 53.376703 1.570796 49.353447 -1.750000 106.732618 6.097736 0.169954
STATIC_OBS_INFO 0 -6.300000 65.106435 7.675760 
STATIC_OBS_INFO 1 -6.300000 62.806899 5.407168 
Parent: 3696.857365 10.000000 101.000000 20.000000 2055.350000 3532.851375 -10.000000 4.525792 36.000000 0.000000 0 0 1 0 0 0 0 0
Child: 3532.851375 10.217552 104.000000 3094.251252 10237.300000 2233.083891 -10.000000 0.000000 0.000000 0.000000 1 0 1 0 1 0 0 0
Child: 2233.083891 10.217552 104.000000 3045.081372 19262.800000 51.430638 -10.000000 0.000000 0.000000 0.000000 1 0 1 0 0 0 0 0
Child: 51.430638 0.496785 6.000000 20.262029 600.900000 0.000000 0.000000 0.000000 0.000000 0.000000 0 0 1 0 0 0 0 0
EGO_STATUS -5.247130 57.503228 11.400000 1.585008 0.181667 3.000000 -2.940000
DYNAMIC_OBS_INFO 0 -5.750000 54.831542 1.570796 211.958924 -5.750000 269.510039 22.651610 0.670204
DYNAMIC_OBS_INFO 1 -1.750000 53.376703 1.570796 49.914233 -1.750000 107.343241 6.114731 0.169954
STATIC_OBS_INFO 0 -6.300000 65.106435 7.627658 
STATIC_OBS_INFO 1 -6.300000 62.806899 5.359507 
Parent: 40.746739 0.448299 6.000000 0.046125 600.900000 0.000000 0.000000 1.846120 6.000000 0.000000 0 0 0 0 0 0 0 0
EGO_STATUS -5.247720 57.551709 11.500000 1.583030 0.475667 0.000000 2.940000
DYNAMIC_OBS_INFO 0 -5.750000 54.831542 1.570796 214.203148 -5.750000 271.778551 22.718630 0.670204
DYNAMIC_OBS_INFO 1 -1.750000 53.376703 1.570796 50.500863 -1.750000 107.955564 6.131726 0.169954
STATIC_OBS_INFO 0 -6.300000 65.106435 7.603574 
STATIC_OBS_INFO 1 -6.300000 62.806899 5.335650 
Parent: 28.743062 0.424016 6.000000 0.025739 600.900000 0.000000 -10.000000 2.276062 6.000000 0.000000 0 0 0 0 0 0 0 0
EGO_STATUS -5.247972 57.575991 11.600000 1.582119 0.362587 3.000000 -2.940000
DYNAMIC_OBS_INFO 0 -5.750000 54.831542 1.570796 216.459727 -5.750000 274.053765 22.785651 0.670204
DYNAMIC_OBS_INFO 1 -1.750000 53.376703 1.570796 51.094855 -1.750000 108.569586 6.148722 0.169954
STATIC_OBS_INFO 0 -6.300000 65.106435 7.585101 
STATIC_OBS_INFO 1 -6.300000 62.806899 5.317353 
Parent: 27.242359 0.405386 6.000000 0.016697 600.900000 0.000000 -10.000000 2.641792 6.000000 0.000000 0 0 0 0 0 0 0 0
EGO_STATUS -5.248150 57.594620 11.700000 1.581452 0.296902 3.000000 -2.940000
DYNAMIC_OBS_INFO 0 -5.750000 54.831542 1.570796 218.726292 -5.750000 276.335681 22.852671 0.670204
DYNAMIC_OBS_INFO 1 -1.750000 53.376703 1.570796 51.693850 -1.750000 109.185308 6.165717 0.169954
STATIC_OBS_INFO 0 -6.300000 65.106435 7.569886 
STATIC_OBS_INFO 1 -6.300000 62.806899 5.302286 
Parent: 26.031013 0.390041 5.000000 0.011771 500.750000 0.000000 -10.000000 2.967480 6.000000 0.000000 0 0 0 0 0 0 0 0
EGO_STATUS -5.248287 57.609964 11.800000 1.580923 0.252877 3.000000 -2.940000
DYNAMIC_OBS_INFO 0 -5.750000 54.831542 1.570796 221.001761 -5.750000 278.624299 22.919692 0.670204
DYNAMIC_OBS_INFO 1 -1.750000 53.376703 1.570796 52.296766 -1.750000 109.802730 6.182712 0.169954
STATIC_OBS_INFO 0 -6.300000 65.106435 7.556855 
STATIC_OBS_INFO 1 -6.300000 62.806899 5.289382 
Parent: 25.010746 0.376897 5.000000 0.008761 500.750000 0.000000 -10.000000 3.263835 6.000000 0.000000 0 0 0 0 0 0 0 0
EGO_STATUS -5.248398 57.623108 11.900000 1.580484 0.220954 3.000000 -2.940000
DYNAMIC_OBS_INFO 0 -5.750000 54.831542 1.570796 223.285527 -5.750000 280.919619 22.986712 0.670204
DYNAMIC_OBS_INFO 1 -1.750000 53.376703 1.570796 52.903000 -1.750000 110.421851 6.199708 0.169954
STATIC_OBS_INFO 0 -6.300000 65.106435 7.545407 
STATIC_OBS_INFO 1 -6.300000 62.806899 5.278047 
Parent: 24.127135 0.365349 5.000000 0.006777 500.750000 0.000000 -10.000000 3.536895 6.000000 0.000000 0 0 0 0 0 0 0 0
EGO_STATUS -5.248491 57.634655 12.000000 1.580110 0.196593 3.000000 -2.940000
DYNAMIC_OBS_INFO 0 -5.750000 54.831542 1.570796 225.577214 -5.750000 283.221641 23.053732 0.670204
DYNAMIC_OBS_INFO 1 -1.750000 53.376703 1.570796 53.512176 -1.750000 111.042671 6.216703 0.169954
STATIC_OBS_INFO 0 -6.300000 65.106435 7.535167 
STATIC_OBS_INFO 1 -6.300000 62.806899 5.267909 
Parent: 23.346146 0.355020 5.000000 0.005397 500.750000 0.000000 -10.000000 3.790539 6.000000 0.000000 0 0 0 0 0 0 0 0
EGO_STATUS -5.248571 57.644984 12.100000 1.579784 0.177319 3.000000 -2.940000
DYNAMIC_OBS_INFO 0 -5.750000 54.831542 1.570796 227.876567 -5.750000 285.530366 23.120753 0.670204
DYNAMIC_OBS_INFO 1 -1.750000 53.376703 1.570796 54.124038 -1.750000 111.665191 6.233699 0.169954
STATIC_OBS_INFO 0 -6.300000 65.106435 7.525884 
STATIC_OBS_INFO 1 -6.300000 62.806899 5.258718 
Parent: 22.644999 0.345654 5.000000 0.004397 500.750000 0.000000 -10.000000 4.027475 6.000000 0.000000 0 0 0 0 0 0 0 0
EGO_STATUS -5.248641 57.654350 12.200000 1.579495 0.161648 3.000000 -2.940000
DYNAMIC_OBS_INFO 0 -5.750000 54.831542 1.570796 230.183406 -5.750000 287.845792 23.187773 0.670204
DYNAMIC_OBS_INFO 1 -1.750000 53.376703 1.570796 54.738406 -1.750000 112.289411 6.250694 0.169954
STATIC_OBS_INFO 0 -6.300000 65.106435 7.517377 
STATIC_OBS_INFO 1 -6.300000 62.806899 5.250297 
Parent: 22.007639 0.337071 5.000000 0.003649 500.750000 0.000000 -10.000000 4.249703 6.000000 0.000000 0 0 0 0 0 0 0 0
EGO_STATUS -5.248702 57.662932 12.300000 1.579237 0.148633 3.000000 -2.940000
DYNAMIC_OBS_INFO 0 -5.750000 54.831542 1.570796 232.497597 -5.750000 290.167920 23.254794 0.670204
DYNAMIC_OBS_INFO 1 -1.750000 53.376703 1.570796 55.355148 -1.750000 112.915330 6.267689 0.169954
STATIC_OBS_INFO 0 -6.300000 65.106435 7.509516 
STATIC_OBS_INFO 1 -6.300000 62.806899 5.242516 
Parent: 21.422304 0.329140 5.000000 0.003075 500.750000 0.000000 -10.000000 4.458769 6.000000 0.000000 0 0 0 0 0 0 0 0
EGO_STATUS -5.248758 57.670864 12.400000 1.579003 0.137637 3.000000 -2.940000
DYNAMIC_OBS_INFO 0 -5.750000 54.831542 1.570796 234.819040 -5.750000 292.496751 23.321814 0.670204
DYNAMIC_OBS_INFO 1 -1.750000 53.376703 1.570796 55.974161 -1.750000 113.542949 6.284685 0.169954
STATIC_OBS_INFO 0 -6.300000 65.106435 7.502200 
STATIC_OBS_INFO 1 -6.300000 62.806899 5.235274 
Parent: 20.880107 0.321758 5.000000 0.002625 500.750000 0.000000 -10.000000 4.655901 6.000000 0.000000 0 0 0 0 0 0 0 0
EGO_STATUS -5.248807 57.678245 12.500000 1.578789 0.128215 3.000000 -2.940000
DYNAMIC_OBS_INFO 0 -5.750000 54.831542 1.570796 237.147657 -5.750000 294.832283 23.388834 0.670204
DYNAMIC_OBS_INFO 1 -1.750000 53.376703 1.570796 56.595368 -1.750000 114.172267 6.301680 0.169954
STATIC_OBS_INFO 0 -6.300000 65.106435 7.495351 
STATIC_OBS_INFO 1 -6.300000 62.806899 5.228495 
Parent: 20.374171 0.314847 5.000000 0.002265 500.750000 0.000000 -10.000000 4.842106 6.000000 0.000000 0 0 0 0 0 0 0 0
EGO_STATUS -5.248853 57.685156 12.600000 1.578593 0.120045 3.000000 -2.940000
DYNAMIC_OBS_INFO 0 -5.750000 54.831542 1.570796 239.483384 -5.750000 297.174518 23.455855 0.670204
DYNAMIC_OBS_INFO 1 -1.750000 53.376703 1.570796 57.218705 -1.750000 114.803285 6.318675 0.169954
STATIC_OBS_INFO 0 -6.300000 65.106435 7.488908 
STATIC_OBS_INFO 1 -6.300000 62.806899 5.222118 
Parent: 3678.685860 10.000000 101.000000 20.000000 2055.350000 3514.670726 -10.000000 4.534936 36.000000 0.000000 0 0 1 0 0 0 0 0
Child: 3514.670726 10.217552 104.000000 3093.701038 10237.300000 2214.957298 -10.000000 0.000000 0.000000 0.000000 1 0 1 0 1 0 0 0
Child: 2214.957298 10.217552 104.000000 3044.540759 19262.800000 33.357158 -10.000000 0.000000 0.000000 0.000000 1 0 1 0 0 0 0 0
Child: 33.357158 0.308345 5.000000 40.157014 500.750000 0.000000 0.000000 0.000000 0.000000 0.000000 0 0 1 0 1 0 0 0
EGO_STATUS -5.248895 57.691658 12.700000 1.578412 0.112890 3.000000 -2.940000
DYNAMIC_OBS_INFO 0 -5.750000 54.831542 1.570796 241.787917 -5.750000 299.523454 23.522875 0.670204
DYNAMIC_OBS_INFO 1 -1.750000 53.376703 1.570796 57.805952 -1.750000 115.436002 6.335671 0.169954
STATIC_OBS_INFO 0 -6.300000 65.106435 7.444913 
STATIC_OBS_INFO 1 -6.300000 62.806899 5.178580 
Parent: 21.701994 0.263946 4.000000 0.022981 400.600000 0.000000 0.000000 1.266263 6.000000 0.000000 0 0 0 0 0 0 0 0
EGO_STATUS -5.249172 57.736056 12.800000 1.577195 0.406890 0.000000 2.940000
DYNAMIC_OBS_INFO 0 -5.750000 54.831542 1.570796 244.122706 -5.750000 301.879093 23.589896 0.670204
DYNAMIC_OBS_INFO 1 -1.750000 53.376703 1.570796 58.418417 -1.750000 116.070419 6.352666 0.169954
STATIC_OBS_INFO 0 -6.300000 65.106435 7.424263 
STATIC_OBS_INFO 1 -6.300000 62.806899 5.158150 
Parent: 9.802474 0.243102 4.000000 0.013816 400.600000 0.000000 -10.000000 1.455000 6.000000 0.000000 0 0 0 0 0 0 0 0
EGO_STATUS -5.249279 57.756900 12.900000 1.576669 0.324160 3.000000 -2.940000
DYNAMIC_OBS_INFO 0 -5.750000 54.831542 1.570796 246.468334 -5.750000 304.241433 23.656916 0.670204
DYNAMIC_OBS_INFO 1 -1.750000 53.376703 1.570796 59.036730 -1.750000 116.706535 6.369661 0.169954
STATIC_OBS_INFO 0 -6.300000 65.106435 7.407713 
STATIC_OBS_INFO 1 -6.300000 62.806899 5.141777 
Parent: 8.281355 0.226394 4.000000 0.009265 400.600000 0.000000 -10.000000 1.607508 6.000000 0.000000 0 0 0 0 0 0 0 0
EGO_STATUS -5.249357 57.773608 13.000000 1.576278 0.271670 3.000000 -2.940000
DYNAMIC_OBS_INFO 0 -5.750000 54.831542 1.570796 248.823288 -5.750000 306.610476 23.723936 0.670204
DYNAMIC_OBS_INFO 1 -1.750000 53.376703 1.570796 59.659381 -1.750000 117.344351 6.386657 0.169954
STATIC_OBS_INFO 0 -6.300000 65.106435 7.393763 
STATIC_OBS_INFO 1 -6.300000 62.806899 5.127979 
Parent: 6.997643 0.212310 4.000000 0.006664 400.600000 0.000000 -10.000000 1.734433 6.000000 0.000000 0 0 0 0 0 0 0 0
EGO_STATUS -5.249419 57.787691 13.100000 1.575967 0.234818 3.000000 -2.940000
DYNAMIC_OBS_INFO 0 -5.750000 54.831542 1.570796 251.186787 -5.750000 308.986220 23.790957 0.670204
DYNAMIC_OBS_INFO 1 -1.750000 53.376703 1.570796 60.285590 -1.750000 117.983867 6.403652 0.169954
STATIC_OBS_INFO 0 -6.300000 65.106435 7.381640 
STATIC_OBS_INFO 1 -6.300000 62.806899 5.115988 
Parent: 5.878607 0.200069 4.000000 0.005042 400.600000 0.000000 -10.000000 1.841425 6.000000 0.000000 0 0 0 0 0 0 0 0
EGO_STATUS -5.249470 57.799932 13.200000 1.575710 0.207298 3.000000 -2.940000
DYNAMIC_OBS_INFO 0 -5.750000 54.831542 1.570796 253.558365 -5.750000 311.368667 23.857977 0.670204
DYNAMIC_OBS_INFO 1 -1.750000 53.376703 1.570796 60.914890 -1.750000 118.625082 6.420648 0.169954
STATIC_OBS_INFO 0 -6.300000 65.106435 7.370880 
STATIC_OBS_INFO 1 -6.300000 62.806899 5.105347 
Parent: 4.881074 0.189204 3.000000 0.003967 300.450000 0.000000 -10.000000 1.932017 6.000000 0.000000 0 0 0 0 0 0 0 0
EGO_STATUS -5.249512 57.810797 13.300000 1.575490 0.185862 3.000000 -2.940000
DYNAMIC_OBS_INFO 0 -5.750000 54.831542 1.570796 255.937716 -5.750000 313.757816 23.924998 0.670204
DYNAMIC_OBS_INFO 1 -1.750000 53.376703 1.570796 61.546979 -1.750000 119.267996 6.437643 0.169954
STATIC_OBS_INFO 0 -6.300000 65.106435 7.361181 
STATIC_OBS_INFO 1 -6.300000 62.806899 5.095756 
Parent: 3.976858 0.179411 3.000000 0.003224 300.450000 0.000000 -10.000000 2.008638 6.000000 0.000000 0 0 0 0 0 0 0 0
EGO_STATUS -5.249548 57.820590 13.400000 1.575299 0.168640 3.000000 -2.940000
DYNAMIC_OBS_INFO 0 -5.750000 54.831542 1.570796 258.324630 -5.750000 316.153667 23.992018 0.670204
DYNAMIC_OBS_INFO 1 -1.750000 53.376703 1.570796 62.181645 -1.750000 119.912610 6.454638 0.169954
STATIC_OBS_INFO 0 -6.300000 65.106435 7.352337 
STATIC_OBS_INFO 1 -6.300000 62.806899 5.087010 
Parent: 3.146715 0.170479 3.000000 0.002692 300.450000 0.000000 -10.000000 2.073074 6.000000 0.000000 0 0 0 0 0 0 0 0
EGO_STATUS -5.249580 57.829521 13.500000 1.575129 0.154470 3.000000 -2.940000
DYNAMIC_OBS_INFO 0 -5.750000 54.831542 1.570796 260.718955 -5.750000 318.556220 24.059038 0.670204
DYNAMIC_OBS_INFO 1 -1.750000 53.376703 1.570796 62.818736 -1.750000 120.558924 6.471634 0.169954
STATIC_OBS_INFO 0 -6.300000 65.106435 7.344194 
STATIC_OBS_INFO 1 -6.300000 62.806899 5.078958 
Parent: 2.376724 0.162256 3.000000 0.002303 300.450000 0.000000 -10.000000 2.126695 6.000000 0.000000 0 0 0 0 0 0 0 0
EGO_STATUS -5.249608 57.837745 13.600000 1.574976 0.142589 3.000000 -2.940000
DYNAMIC_OBS_INFO 0 -5.750000 54.831542 1.570796 263.120576 -5.750000 320.965474 24.126059 0.670204
DYNAMIC_OBS_INFO 1 -1.750000 53.376703 1.570796 63.458136 -1.750000 121.206937 6.488629 0.169954
STATIC_OBS_INFO 0 -6.300000 65.106435 7.336639 
STATIC_OBS_INFO 1 -6.300000 62.806899 5.071489 
Parent: 1.656510 0.154626 3.000000 0.002015 300.450000 0.000000 -10.000000 2.170594 6.000000 0.000000 0 0 0 0 0 0 0 0
EGO_STATUS -5.249633 57.845374 13.700000 1.574835 0.132474 3.000000 -2.940000
DYNAMIC_OBS_INFO 0 -5.750000 54.831542 1.570796 265.529405 -5.750000 323.381431 24.193079 0.670204
DYNAMIC_OBS_INFO 1 -1.750000 53.376703 1.570796 64.099758 -1.750000 121.856650 6.505624 0.169954
STATIC_OBS_INFO 0 -6.300000 65.106435 7.329586 
STATIC_OBS_INFO 1 -6.300000 62.806899 5.064515 
Parent: 0.978125 0.147502 3.000000 0.001801 300.450000 0.000000 -10.000000 2.205662 6.000000 0.000000 0 0 0 0 0 0 0 0
EGO_STATUS -5.249655 57.852498 13.800000 1.574705 0.123749 3.000000 -2.940000
DYNAMIC_OBS_INFO 0 -5.750000 54.831542 1.570796 267.945372 -5.750000 325.804090 24.260100 0.670204
DYNAMIC_OBS_INFO 1 -1.750000 53.376703 1.570796 64.743532 -1.750000 122.508062 6.522620 0.169954
STATIC_OBS_INFO 0 -6.300000 65.106435 7.322964 
STATIC_OBS_INFO 1 -6.300000 62.806899 5.057969 
Parent: 0.335345 0.140815 3.000000 0.001643 300.450000 0.000000 -10.000000 2.232642 6.000000 0.000000 0 0 0 0 0 0 0 0
EGO_STATUS -5.249675 57.859185 13.900000 1.574583 0.116142 3.000000 -2.940000
DYNAMIC_OBS_INFO 0 -5.750000 54.831542 1.570796 270.368422 -5.750000 328.233451 24.327120 0.670204
DYNAMIC_OBS_INFO 1 -1.750000 53.376703 1.570796 65.389401 -1.750000 123.161174 6.539615 0.169954
STATIC_OBS_INFO 0 -6.300000 65.106435 7.316720 
STATIC_OBS_INFO 1 -6.300000 62.806899 5.051796 
TIMEOUT
