STATIC_OBS_INIT_INFO 0 -6.300000 65.292556
STATIC_OBS_INIT_INFO 1 -6.300000 65.151266
Parent: -28.642410 10.000000 101.000000 0.000000 15.150000 17.672630 -10.000000 2.184960 40.000000 0.000000 0 0 0 0 0 0 0 0
Child: 17.672630 24.422411 246.000000 11.438537 267.300000 0.000000 -10.000000 0.000000 0.000000 0.000000 0 0 0 0 0 0 0 0
EGO_STATUS -5.750000 14.586358 0.000000 1.570796 15.754254 4.000000 0.000000
DYNAMIC_OBS_INFO 0 -5.750000 52.839864 1.570796 36.678080 -5.750000 52.839864 6.877925 0.668666
DYNAMIC_OBS_INFO 1 -1.750000 32.639055 1.570796 16.955837 -1.750000 32.639055 4.364899 0.171846
STATIC_OBS_INFO 0 -6.300000 65.292556 49.133851 
STATIC_OBS_INFO 1 -6.300000 65.151266 48.992570 
Parent: -47.184645 10.000000 101.000000 0.000000 15.150000 6.595646 -10.000000 2.719709 48.000000 0.000000 0 0 0 0 0 0 0 0
Child: 6.595646 10.000000 101.000000 0.000000 15.150000 15.095646 -10.000000 0.000000 0.000000 0.000000 0 0 0 0 0 0 0 0
Child: 15.095646 22.846985 230.000000 11.437207 241.200000 0.000000 -10.000000 0.000000 0.000000 0.000000 0 0 0 0 0 0 0 0
EGO_STATUS -5.749989 16.161783 0.100000 1.570764 15.754254 4.000000 0.000000
DYNAMIC_OBS_INFO 0 -5.750000 52.839864 1.570796 35.793791 -5.750000 53.531000 6.944792 0.668666
DYNAMIC_OBS_INFO 1 -1.750000 32.639055 1.570796 15.429278 -1.750000 32.639055 4.364899 0.171846
STATIC_OBS_INFO 0 -6.300000 65.292556 47.558531 
STATIC_OBS_INFO 1 -6.300000 65.151266 47.417251 
Parent: -48.832599 10.000000 101.000000 0.000000 15.150000 4.047693 -10.000000 2.619709 47.000000 0.000000 0 0 0 0 0 0 0 0
Child: 4.047693 10.000000 101.000000 0.000000 15.150000 12.547693 -10.000000 0.000000 0.000000 0.000000 0 0 0 0 0 0 0 0
Child: 12.547693 21.271560 214.000000 11.438383 215.400000 0.000000 -10.000000 0.000000 0.000000 0.000000 0 0 0 0 0 0 0 0
EGO_STATUS -5.749699 17.737209 0.200000 1.570344 15.754254 4.000000 0.000000
DYNAMIC_OBS_INFO 0 -5.750000 52.839864 1.570796 34.916189 -5.750000 54.228822 7.011659 0.668666
DYNAMIC_OBS_INFO 1 -1.750000 32.639055 1.570796 13.913211 -1.750000 32.639055 4.364899 0.171846
STATIC_OBS_INFO 0 -6.300000 65.292556 45.983236 
STATIC_OBS_INFO 1 -6.300000 65.151266 45.841957 
Parent: -49.511740 10.000000 101.000000 0.000000 15.150000 1.468551 -10.000000 2.519709 45.000000 0.000000 0 0 0 0 0 0 0 0
Child: 1.468551 10.000000 101.000000 0.000000 15.150000 9.968551 -10.000000 0.000000 0.000000 0.000000 0 0 0 0 0 0 0 0
Child: 9.968551 19.696135 198.000000 11.438531 189.300000 0.000000 -10.000000 0.000000 0.000000 0.000000 0 0 0 0 0 0 0 0
EGO_STATUS -5.747987 19.312633 0.300000 1.568833 15.754254 4.000000 0.000000
DYNAMIC_OBS_INFO 0 -5.750000 52.839864 1.570796 34.045284 -5.750000 54.933331 7.078525 0.668666
DYNAMIC_OBS_INFO 1 -1.750000 32.639055 1.570796 12.410753 -1.750000 32.639055 4.364899 0.171846
STATIC_OBS_INFO 0 -6.300000 65.292556 44.408006 
STATIC_OBS_INFO 1 -6.300000 65.151266 44.266728 
Parent: -51.272768 10.000000 101.000000 0.000000 15.150000 -1.192477 -10.000000 2.419709 44.000000 0.000000 0 0 0 0 0 0 0 0
Child: -1.192477 10.000000 101.000000 0.000000 15.150000 7.307523 -10.000000 0.000000 0.000000 0.000000 0 0 0 0 0 0 0 0
Child: 7.307523 18.120710 183.000000 11.437673 163.350000 0.000000 -10.000000 0.000000 0.000000 0.000000 0 0 0 0 0 0 0 0
EGO_STATUS -5.742570 20.888048 0.400000 1.565546 15.754254 4.000000 0.000000
DYNAMIC_OBS_INFO 0 -5.750000 52.839864 1.570796 33.181109 -5.750000 55.644527 7.145392 0.668666
DYNAMIC_OBS_INFO 1 -1.750000 32.639055 1.570796 10.926403 -1.750000 32.639055 4.364899 0.171846
STATIC_OBS_INFO 0 -6.300000 65.292556 42.832921 
STATIC_OBS_INFO 1 -6.300000 65.151266 42.691643 
Parent: -51.949403 10.000000 101.000000 0.000000 15.150000 -3.769112 -10.000000 2.319709 42.000000 0.000000 0 0 0 0 0 0 0 0
Child: -3.769112 10.000000 101.000000 0.000000 15.150000 4.730888 -10.000000 0.000000 0.000000 0.000000 0 0 0 0 0 0 0 0
Child: 4.730888 16.545285 167.000000 11.436371 137.250000 0.000000 -10.000000 0.000000 0.000000 0.000000 0 0 0 0 0 0 0 0
EGO_STATUS -5.730301 22.463424 0.500000 1.560113 15.754254 4.000000 0.000000
DYNAMIC_OBS_INFO 0 -5.750000 52.839864 1.570796 32.323752 -5.750000 56.362410 7.212259 0.668666
DYNAMIC_OBS_INFO 1 -1.750000 32.639055 1.570796 9.467354 -1.750000 32.639055 4.364899 0.171846
STATIC_OBS_INFO 0 -6.300000 65.292556 41.258120 
STATIC_OBS_INFO 1 -6.300000 65.151266 41.116845 
Parent: -52.597411 10.000000 101.000000 0.000000 15.150000 -6.317120 -10.000000 2.219709 40.000000 0.000000 0 0 0 0 0 0 0 0
Child: -6.317120 10.000000 101.000000 0.000000 15.150000 2.182880 -10.000000 0.000000 0.000000 0.000000 0 0 0 0 0 0 0 0
Child: 2.182880 14.969860 151.000000 11.437914 111.450000 0.000000 -10.000000 0.000000 0.000000 0.000000 0 0 0 0 0 0 0 0
EGO_STATUS -5.707831 24.038685 0.600000 1.552665 15.754254 4.000000 0.000000
DYNAMIC_OBS_INFO 0 -5.750000 52.839864 1.570796 31.473366 -5.750000 57.086979 7.279125 0.668666
DYNAMIC_OBS_INFO 1 -1.750000 32.639055 1.570796 8.046194 -1.750000 32.639055 4.364899 0.171846
STATIC_OBS_INFO 0 -6.300000 65.292556 39.683809 
STATIC_OBS_INFO 1 -6.300000 65.151266 39.542537 
Parent: 269.849430 30.290952 304.000000 10.035729 3032.100000 11.486293 0.000000 4.240811 49.000000 0.000000 0 0 0 0 0 0 0 0
Child: 11.486293 13.394434 135.000000 27.118195 88.650000 0.000000 0.000000 0.000000 0.000000 0.000000 0 0 0 1 0 0 0 0
EGO_STATUS -5.672467 25.613709 0.700000 1.543907 15.754254 4.000000 0.000000
DYNAMIC_OBS_INFO 0 -5.750000 52.839864 1.570796 30.659552 -5.750000 57.818235 7.345992 0.668666
DYNAMIC_OBS_INFO 1 -1.750000 32.639055 1.570796 6.711215 -1.750000 32.639055 4.364899 0.171846
STATIC_OBS_INFO 0 -6.300000 65.292556 38.139604 
STATIC_OBS_INFO 1 -6.300000 65.151266 37.998337 
Parent: 259.534891 30.290952 304.000000 10.035688 3032.100000 -0.728252 0.000000 4.140821 47.000000 0.000000 0 0 0 0 0 0 0 0
Child: -0.728252 11.848441 120.000000 26.103477 67.800000 0.000000 -10.000000 0.000000 0.000000 0.000000 0 0 0 1 0 0 0 0
EGO_STATUS -5.624114 27.158941 0.800000 1.535241 15.166254 1.000000 -5.880000
DYNAMIC_OBS_INFO 0 -5.750000 52.839864 1.570796 29.911740 -5.750000 58.556177 7.412859 0.668666
DYNAMIC_OBS_INFO 1 -1.750000 32.639055 1.570796 5.523843 -1.750000 32.639055 4.364899 0.171846
STATIC_OBS_INFO 0 -6.300000 65.292556 36.654905 
STATIC_OBS_INFO 1 -6.300000 65.151266 36.513644 
Parent: 258.683927 30.290952 304.000000 10.035668 3032.100000 -2.479219 0.000000 4.040825 46.000000 0.000000 0 0 0 0 0 0 0 0
Child: -2.479219 10.361231 105.000000 25.965079 50.250000 0.000000 -10.000000 0.000000 0.000000 0.000000 0 0 0 1 0 0 0 0
EGO_STATUS -5.565810 28.645005 0.900000 1.528279 14.578254 1.000000 -5.880000
DYNAMIC_OBS_INFO 0 -5.750000 52.839864 1.570796 29.229895 -5.750000 59.300807 7.479725 0.668666
DYNAMIC_OBS_INFO 1 -1.750000 32.639055 1.570796 4.546016 -1.750000 32.639055 4.364899 0.171846
STATIC_OBS_INFO 0 -6.300000 65.292556 35.229633 
STATIC_OBS_INFO 1 -6.300000 65.151266 35.088380 
Parent: 259.042757 30.290952 304.000000 10.035628 3032.100000 -4.020394 0.000000 3.940835 44.000000 0.000000 0 0 0 0 0 0 0 0
Child: -4.020394 8.932836 91.000000 25.965046 34.950000 0.000000 -10.000000 0.000000 0.000000 0.000000 0 0 0 1 0 0 0 0
EGO_STATUS -5.501841 30.071965 1.000000 1.524263 13.990254 1.000000 -5.880000
DYNAMIC_OBS_INFO 0 -5.750000 52.839864 1.570796 28.613785 -5.750000 60.052122 7.546592 0.668666
DYNAMIC_OBS_INFO 1 -1.750000 32.639055 1.570796 3.877530 -1.750000 32.639055 4.364899 0.171846
STATIC_OBS_INFO 0 -6.300000 65.292556 33.863498 
STATIC_OBS_INFO 1 -6.300000 65.151266 33.722254 
Parent: 272.701411 30.290952 304.000000 34.476444 3032.100000 5.249199 0.000000 4.894581 43.000000 0.000000 0 0 0 1 0 0 0 0
Child: 5.249199 7.563245 77.000000 28.691128 24.750000 0.000000 0.000000 0.000000 0.000000 0.000000 0 0 1 0 0 0 0 0
EGO_STATUS -5.437494 31.440044 1.100000 1.523983 13.402254 1.000000 -5.880000
DYNAMIC_OBS_INFO 0 -5.750000 52.839864 1.570796 28.028814 -5.750000 60.810125 7.613458 0.668666
DYNAMIC_OBS_INFO 1 -1.750000 32.639055 1.570796 3.629522 -1.750000 32.639055 4.364899 0.171846
STATIC_OBS_INFO 0 -6.300000 65.292556 32.521869 
STATIC_OBS_INFO 1 -6.300000 65.151266 32.380637 
Parent: 262.684419 30.290952 304.000000 34.476442 3032.100000 -5.667792 0.000000 4.794581 42.000000 0.000000 0 0 0 1 0 0 0 0
Child: -5.667792 6.218113 64.000000 28.689301 15.900000 0.000000 -10.000000 0.000000 0.000000 0.000000 0 0 1 0 0 0 0 0
EGO_STATUS -5.376635 32.783797 1.200000 1.527782 13.500254 2.000000 0.980000
DYNAMIC_OBS_INFO 0 -5.750000 52.839864 1.570796 27.440455 -5.750000 61.574814 7.680325 0.668666
DYNAMIC_OBS_INFO 1 -1.750000 32.639055 1.570796 3.727589 -1.750000 33.076404 4.382084 0.171846
STATIC_OBS_INFO 0 -6.300000 65.292556 31.170185 
STATIC_OBS_INFO 1 -6.300000 65.151266 31.028965 
Parent: 228.241248 35.236129 354.000000 13.888500 2632.500000 0.000000 0.000000 4.827444 40.000000 0.000000 0 0 0 0 0 0 0 0
EGO_STATUS -5.323321 34.137676 1.300000 1.535729 13.598254 2.000000 0.980000
DYNAMIC_OBS_INFO 0 -5.750000 52.839864 1.570796 26.866409 -5.750000 62.346190 7.747192 0.668666
DYNAMIC_OBS_INFO 1 -1.750000 32.639055 1.570796 4.044621 -1.750000 33.515472 4.399268 0.171846
STATIC_OBS_INFO 0 -6.300000 65.292556 29.826054 
STATIC_OBS_INFO 1 -6.300000 65.151266 29.684847 
Parent: 498.104506 40.490663 406.000000 12.701474 5503.700000 -6.796429 0.000000 3.746367 49.000000 0.000000 0 0 0 0 0 0 0 0
Child: -6.796429 3.516419 37.000000 28.158193 5.550000 0.000000 -10.000000 0.000000 0.000000 0.000000 0 0 0 1 0 0 0 0
EGO_STATUS -5.283343 35.483834 1.400000 1.546891 13.337282 6.000000 -2.609715
DYNAMIC_OBS_INFO 0 -5.750000 52.839864 1.570796 26.340870 -5.750000 63.124252 7.814058 0.668666
DYNAMIC_OBS_INFO 1 -1.750000 32.639055 1.570796 4.509870 -1.750000 33.956258 4.416453 0.171846
STATIC_OBS_INFO 0 -6.300000 65.292556 28.523581 
STATIC_OBS_INFO 1 -6.300000 65.151266 28.382386 
Parent: 251.975773 32.516868 327.000000 13.436000 2955.650000 0.000000 -10.000000 4.729973 38.000000 0.000000 0 0 0 0 0 0 0 0
EGO_STATUS -5.260058 36.787939 1.500000 1.558871 12.749282 6.000000 -5.880000
DYNAMIC_OBS_INFO 0 -5.750000 52.839864 1.570796 25.863424 -5.750000 63.909002 7.880925 0.668666
DYNAMIC_OBS_INFO 1 -1.750000 32.639055 1.570796 5.058805 -1.750000 34.398763 4.433637 0.171846
STATIC_OBS_INFO 0 -6.300000 65.292556 27.262353 
STATIC_OBS_INFO 1 -6.300000 65.151266 27.121168 
Parent: 253.639070 31.254389 314.000000 13.435115 2950.400000 0.000000 -10.000000 4.629978 36.000000 0.000000 0 0 0 0 0 0 0 0
EGO_STATUS -5.251015 38.050392 1.600000 1.567632 12.500882 6.000000 -2.484006
DYNAMIC_OBS_INFO 0 -5.750000 52.839864 1.570796 25.417322 -5.750000 64.700437 7.947792 0.668666
DYNAMIC_OBS_INFO 1 -1.750000 32.639055 1.570796 5.657420 -1.750000 34.842986 4.450822 0.171846
STATIC_OBS_INFO 0 -6.300000 65.292556 26.025718 
STATIC_OBS_INFO 1 -6.300000 65.151266 25.884544 
Parent: 249.362375 20.972423 211.000000 12.682094 2865.150000 -6.245347 0.000000 4.564531 35.000000 0.000000 0 0 0 0 0 0 0 0
Child: -6.245347 9.712186 99.000000 23.422601 14.850000 0.000000 -10.000000 0.000000 0.000000 0.000000 0 0 0 1 0 0 0 0
EGO_STATUS -5.249699 39.288039 1.700000 1.570801 12.252481 6.000000 -2.484004
DYNAMIC_OBS_INFO 0 -5.750000 52.839864 1.570796 25.019709 -5.750000 65.498560 8.014658 0.668666
DYNAMIC_OBS_INFO 1 -1.750000 32.639055 1.570796 6.263151 -1.750000 35.288927 4.468006 0.171846
STATIC_OBS_INFO 0 -6.300000 65.292556 24.830951 
STATIC_OBS_INFO 1 -6.300000 65.151266 24.689789 
Parent: 250.077998 20.972423 211.000000 12.682059 2865.150000 -6.429727 0.000000 4.464538 34.000000 0.000000 0 0 0 0 0 0 0 0
Child: -6.429727 8.516346 87.000000 23.422650 13.050000 0.000000 -10.000000 0.000000 0.000000 0.000000 0 0 0 1 0 0 0 0
EGO_STATUS -5.248505 40.483878 1.800000 1.567954 11.664481 6.000000 -5.880000
DYNAMIC_OBS_INFO 0 -5.750000 52.839864 1.570796 24.687735 -5.750000 66.303369 8.081525 0.668666
DYNAMIC_OBS_INFO 1 -1.750000 32.639055 1.570796 6.842631 -1.750000 35.736587 4.485191 0.171846
STATIC_OBS_INFO 0 -6.300000 65.292556 23.695316 
STATIC_OBS_INFO 1 -6.300000 65.151266 23.554168 
Parent: 250.819082 20.972423 211.000000 12.681828 2865.150000 -6.588662 0.000000 4.364579 33.000000 0.000000 0 0 0 0 0 0 0 0
Child: -6.588662 7.379354 75.000000 23.421106 11.250000 0.000000 -10.000000 0.000000 0.000000 0.000000 0 0 0 1 0 0 0 0
EGO_STATUS -5.242422 41.620853 1.900000 1.563064 11.076481 6.000000 -5.880000
DYNAMIC_OBS_INFO 0 -5.750000 52.839864 1.570796 24.421332 -5.750000 67.114865 8.148392 0.668666
DYNAMIC_OBS_INFO 1 -1.750000 32.639055 1.570796 7.385744 -1.750000 36.185965 4.502375 0.171846
STATIC_OBS_INFO 0 -6.300000 65.292556 22.618738 
STATIC_OBS_INFO 1 -6.300000 65.151266 22.477606 
Parent: 251.523094 20.972423 211.000000 12.681639 2865.150000 -6.784664 0.000000 4.264612 32.000000 0.000000 0 0 0 0 0 0 0 0
Child: -6.784664 6.301151 65.000000 23.418039 9.750000 0.000000 -10.000000 0.000000 0.000000 0.000000 0 0 0 1 0 0 0 0
EGO_STATUS -5.232735 42.699012 2.000000 1.561350 10.488481 6.000000 -5.880000
DYNAMIC_OBS_INFO 0 -5.750000 52.839864 1.570796 24.220373 -5.750000 67.933047 8.215258 0.668666
DYNAMIC_OBS_INFO 1 -1.750000 32.639055 1.570796 7.887741 -1.750000 36.637062 4.519560 0.171846
STATIC_OBS_INFO 0 -6.300000 65.292556 21.600974 
STATIC_OBS_INFO 1 -6.300000 65.151266 21.459861 
Parent: 252.290558 20.972423 211.000000 12.681444 2865.150000 -6.917215 0.000000 4.164647 31.000000 0.000000 0 0 0 0 0 0 0 0
Child: -6.917215 5.281750 54.000000 23.418034 8.100000 0.000000 -10.000000 0.000000 0.000000 0.000000 0 0 0 1 0 0 0 0
EGO_STATUS -5.224395 43.718378 2.100000 1.564688 9.900481 6.000000 -5.880000
DYNAMIC_OBS_INFO 0 -5.750000 52.839864 1.570796 24.084775 -5.750000 68.757917 8.282125 0.668666
DYNAMIC_OBS_INFO 1 -1.750000 32.639055 1.570796 8.345405 -1.750000 37.089877 4.536745 0.171846
STATIC_OBS_INFO 0 -6.300000 65.292556 20.641806 
STATIC_OBS_INFO 1 -6.300000 65.151266 20.500711 
Parent: 253.002970 20.972423 211.000000 12.681109 2865.150000 -7.104830 0.000000 4.064707 30.000000 0.000000 0 0 0 0 0 0 0 0
Child: -7.104830 4.321183 45.000000 23.399766 6.750000 0.000000 -10.000000 0.000000 0.000000 0.000000 0 0 0 1 0 0 0 0
EGO_STATUS -5.221587 44.678939 2.200000 1.571404 9.312481 6.000000 -5.880000
DYNAMIC_OBS_INFO 0 -5.750000 52.839864 1.570796 24.014435 -5.750000 69.589472 8.348991 0.668666
DYNAMIC_OBS_INFO 1 -1.750000 32.639055 1.570796 8.755596 -1.750000 37.544411 4.553929 0.171846
STATIC_OBS_INFO 0 -6.300000 65.292556 19.741062 
STATIC_OBS_INFO 1 -6.300000 65.151266 19.599984 
Parent: 573.899090 10.000000 101.000000 0.000000 2055.350000 414.910503 -10.000000 4.488587 39.000000 0.000000 0 0 0 0 0 0 0 0
Child: 414.910503 20.435104 206.000000 13.704999 4161.400000 0.742032 0.000000 0.000000 0.000000 0.000000 0 0 0 0 0 0 0 0
Child: 0.742032 3.419342 36.000000 2.412367 5.400000 0.000000 0.000000 0.000000 0.000000 0.000000 0 0 0 0 0 0 0 0
EGO_STATUS -5.225251 45.580771 2.300000 1.578089 8.724481 6.000000 -5.880000
DYNAMIC_OBS_INFO 0 -5.750000 52.839864 1.570796 23.994848 -5.750000 70.427715 8.415858 0.668666
DYNAMIC_OBS_INFO 1 -1.750000 32.639055 1.570796 9.128503 -1.750000 38.000663 4.571114 0.171846
STATIC_OBS_INFO 0 -6.300000 65.292556 18.884275 
STATIC_OBS_INFO 1 -6.300000 65.151266 18.743212 
Parent: 515.009357 10.000000 101.000000 20.000000 2600.750000 288.685743 0.000000 4.843416 38.000000 0.000000 0 0 1 0 0 0 0 0
Child: 288.685743 20.972423 211.000000 14.462170 2865.150000 2.465621 0.000000 0.000000 0.000000 0.000000 0 0 0 0 0 0 0 0
Child: 2.465621 2.561644 27.000000 21.937907 4.050000 0.000000 0.000000 0.000000 0.000000 0.000000 0 0 0 1 0 0 0 0
EGO_STATUS -5.233340 46.438430 2.400000 1.581682 8.430481 3.000000 -2.940000
DYNAMIC_OBS_INFO 0 -5.750000 52.839864 1.570796 24.026039 -5.750000 71.272644 8.482725 0.668666
DYNAMIC_OBS_INFO 1 -1.750000 32.639055 1.570796 9.461370 -1.750000 38.458634 4.588298 0.171846
STATIC_OBS_INFO 0 -6.300000 65.292556 18.071573 
STATIC_OBS_INFO 1 -6.300000 65.151266 17.930527 
Parent: 505.723772 10.000000 101.000000 20.000000 2600.750000 278.500116 0.000000 4.743458 37.000000 0.000000 0 0 1 0 0 0 0 0
Child: 278.500116 20.972423 211.000000 14.461935 2865.150000 -7.719983 0.000000 0.000000 0.000000 0.000000 0 0 0 0 0 0 0 0
Child: -7.719983 1.748052 19.000000 21.932053 2.850000 0.000000 -10.000000 0.000000 0.000000 0.000000 0 0 0 1 0 0 0 0
EGO_STATUS -5.242089 47.251975 2.500000 1.580647 7.842481 1.000000 -5.880000
DYNAMIC_OBS_INFO 0 -5.750000 52.839864 1.570796 24.122824 -5.750000 72.124260 8.549591 0.668666
DYNAMIC_OBS_INFO 1 -1.750000 32.639055 1.570796 9.738249 -1.750000 38.918323 4.605483 0.171846
STATIC_OBS_INFO 0 -6.300000 65.292556 17.317881 
STATIC_OBS_INFO 1 -6.300000 65.151266 17.176854 
Parent: 494.834674 10.000000 101.000000 0.000000 2600.750000 278.348885 -10.000000 4.985790 36.000000 0.000000 0 0 0 0 0 0 0 0
Child: 278.348885 20.972423 211.000000 14.461361 2865.150000 -7.871157 0.000000 0.000000 0.000000 0.000000 0 0 0 0 0 0 0 0
Child: -7.871157 0.993342 11.000000 21.924221 1.650000 0.000000 -10.000000 0.000000 0.000000 0.000000 0 0 0 1 0 0 0 0
EGO_STATUS -5.247942 48.006661 2.600000 1.576073 7.254481 1.000000 -5.880000
DYNAMIC_OBS_INFO 0 -5.750000 52.839864 1.570796 24.285031 -5.750000 72.982562 8.616458 0.668666
DYNAMIC_OBS_INFO 1 -1.750000 32.639055 1.570796 9.958257 -1.750000 39.379730 4.622667 0.171846
STATIC_OBS_INFO 0 -6.300000 65.292556 16.623075 
STATIC_OBS_INFO 1 -6.300000 65.151266 16.482070 
Parent: 494.210337 10.000000 101.000000 0.000000 2600.750000 277.824526 -10.000000 4.885811 36.000000 0.000000 0 0 0 0 0 0 0 0
Child: 277.824526 20.972423 211.000000 14.461257 2865.150000 -8.395506 0.000000 0.000000 0.000000 0.000000 0 0 0 0 0 0 0 0
Child: -8.395506 0.297319 4.000000 20.986146 0.600000 0.000000 -10.000000 0.000000 0.000000 0.000000 0 0 0 1 0 0 0 0
EGO_STATUS -5.249924 48.702681 2.700000 1.571540 6.666481 1.000000 -5.880000
DYNAMIC_OBS_INFO 0 -5.750000 52.839864 1.570796 24.504001 -5.750000 73.847551 8.683325 0.668666
DYNAMIC_OBS_INFO 1 -1.750000 32.639055 1.570796 10.129580 -1.750000 39.842856 4.639852 0.171846
STATIC_OBS_INFO 0 -6.300000 65.292556 15.978453 
STATIC_OBS_INFO 1 -6.300000 65.151266 15.837472 
Parent: 383.910313 10.000000 101.000000 0.000000 2055.350000 220.701218 -10.000000 4.709095 35.000000 0.000000 0 0 0 0 0 0 0 0
Child: 220.701218 20.132870 203.000000 13.113440 2313.050000 0.000000 -10.000000 0.000000 0.000000 0.000000 0 0 0 0 0 0 0 0
EGO_STATUS -5.249735 49.348657 2.800000 1.568700 6.398867 4.000000 0.000000
DYNAMIC_OBS_INFO 0 -5.750000 52.839864 1.570796 24.735871 -5.750000 74.719227 8.750191 0.668666
DYNAMIC_OBS_INFO 1 -1.750000 32.639055 1.570796 10.292272 -1.750000 40.307701 4.657037 0.171846
STATIC_OBS_INFO 0 -6.300000 65.292556 15.340382 
STATIC_OBS_INFO 1 -6.300000 65.151266 15.199430 
Parent: 382.848813 10.000000 101.000000 0.000000 2055.350000 219.739722 -10.000000 4.609090 35.000000 0.000000 0 0 0 0 0 0 0 0
Child: 219.739722 19.492956 196.000000 13.113197 2296.900000 0.000000 -10.000000 0.000000 0.000000 0.000000 0 0 0 0 0 0 0 0
EGO_STATUS -5.244658 49.988518 2.900000 1.555214 6.398867 4.000000 0.000000
DYNAMIC_OBS_INFO 0 -5.750000 52.839864 1.570796 24.974898 -5.750000 75.597590 8.817058 0.668666
DYNAMIC_OBS_INFO 1 -1.750000 32.639055 1.570796 10.449505 -1.750000 40.774263 4.674221 0.171846
STATIC_OBS_INFO 0 -6.300000 65.292556 14.703566 
STATIC_OBS_INFO 1 -6.300000 65.151266 14.562656 
Parent: 384.483638 10.000000 101.000000 0.000000 2055.350000 220.474552 -10.000000 4.509086 34.000000 0.000000 0 0 0 0 0 0 0 0
Child: 220.474552 18.853041 190.000000 13.110933 2309.600000 0.000000 -10.000000 0.000000 0.000000 0.000000 0 0 0 0 0 0 0 0
EGO_STATUS -5.227488 50.628158 3.000000 1.531366 6.398867 4.000000 0.000000
DYNAMIC_OBS_INFO 0 -5.750000 52.839864 1.570796 25.221749 -5.750000 76.482639 8.883924 0.668666
DYNAMIC_OBS_INFO 1 -1.750000 32.639055 1.570796 10.599107 -1.750000 41.242545 4.691406 0.171846
STATIC_OBS_INFO 0 -6.300000 65.292556 14.069166 
STATIC_OBS_INFO 1 -6.300000 65.151266 13.928319 
Parent: 385.088233 10.000000 101.000000 0.000000 2055.350000 220.179151 -10.000000 4.409082 33.000000 0.000000 0 0 0 0 0 0 0 0
Child: 220.179151 18.213127 184.000000 13.108693 2312.300000 0.000000 -10.000000 0.000000 0.000000 0.000000 0 0 0 0 0 0 0 0
EGO_STATUS -5.192425 51.267054 3.100000 1.499692 6.398867 4.000000 0.000000
DYNAMIC_OBS_INFO 0 -5.750000 52.839864 1.570796 25.477445 -5.750000 77.374374 8.950791 0.668666
DYNAMIC_OBS_INFO 1 -1.750000 32.639055 1.570796 10.739325 -1.750000 41.712545 4.708590 0.171846
STATIC_OBS_INFO 0 -6.300000 65.292556 13.438775 
STATIC_OBS_INFO 1 -6.300000 65.151266 13.298023 
Parent: 385.133122 10.000000 101.000000 0.000000 2055.350000 220.324044 -10.000000 4.309078 33.000000 0.000000 0 0 0 0 0 0 0 0
Child: 220.324044 17.573214 177.000000 13.107697 2306.750000 0.000000 -10.000000 0.000000 0.000000 0.000000 0 0 0 0 0 0 0 0
EGO_STATUS -5.135304 51.904346 3.200000 1.462659 6.398867 4.000000 0.000000
DYNAMIC_OBS_INFO 0 -5.750000 52.839864 1.570796 25.743278 -5.750000 78.272797 9.017658 0.668666
DYNAMIC_OBS_INFO 1 -1.750000 32.639055 1.570796 10.868892 -1.750000 42.184263 4.725775 0.171846
STATIC_OBS_INFO 0 -6.300000 65.292556 12.814379 
STATIC_OBS_INFO 1 -6.300000 65.151266 12.673767 
Parent: 385.492432 10.000000 101.000000 0.000000 2055.350000 219.783358 -10.000000 4.209074 32.000000 0.000000 0 0 0 0 0 0 0 0
Child: 219.783358 16.933303 171.000000 13.104221 2307.350000 0.000000 -10.000000 0.000000 0.000000 0.000000 0 0 0 0 0 0 0 0
EGO_STATUS -5.053550 52.538942 3.300000 1.422616 6.398867 4.000000 0.000000
DYNAMIC_OBS_INFO 0 -5.750000 52.839864 1.570796 26.020636 -5.750000 79.177906 9.084524 0.668666
DYNAMIC_OBS_INFO 1 -1.750000 32.639055 1.570796 10.987127 -1.750000 42.657700 4.742959 0.171846
STATIC_OBS_INFO 0 -6.300000 65.292556 12.198234 
STATIC_OBS_INFO 1 -6.300000 65.151266 12.057828 
Parent: 385.261997 10.000000 101.000000 0.000000 2055.350000 218.652926 -10.000000 4.109070 31.000000 0.000000 0 0 0 0 0 0 0 0
Child: 218.652926 16.293394 164.000000 12.989799 2288.500000 0.000000 -10.000000 0.000000 0.000000 0.000000 0 0 0 0 0 0 0 0
EGO_STATUS -4.946088 53.169691 3.400000 1.381749 6.398867 4.000000 0.000000
DYNAMIC_OBS_INFO 0 -5.750000 52.839864 1.570796 26.310800 -5.750000 80.089702 9.151391 0.668666
DYNAMIC_OBS_INFO 1 -1.750000 32.639055 1.570796 11.094012 -1.750000 43.132855 4.760144 0.171846
STATIC_OBS_INFO 0 -6.300000 65.292556 11.592708 
STATIC_OBS_INFO 1 -6.300000 65.151266 11.452599 
Parent: 385.210996 10.000000 101.000000 0.000000 2055.350000 218.701929 -10.000000 4.009067 31.000000 0.000000 0 0 0 0 0 0 0 0
Child: 218.701929 15.653487 158.000000 12.325257 2296.100000 0.000000 -10.000000 0.000000 0.000000 0.000000 0 0 0 0 0 0 0 0
EGO_STATUS -4.813218 53.795584 3.500000 1.342047 6.398867 4.000000 0.000000
DYNAMIC_OBS_INFO 0 -5.750000 52.839864 1.570796 26.614734 -5.750000 81.008184 9.218258 0.668666
DYNAMIC_OBS_INFO 1 -1.750000 32.639055 1.570796 11.190232 -1.750000 43.609728 4.777329 0.171846
STATIC_OBS_INFO 0 -6.300000 65.292556 11.000108 
STATIC_OBS_INFO 1 -6.300000 65.151266 10.860424 
Parent: 384.848312 10.000000 101.000000 0.000000 2055.350000 217.439248 -10.000000 3.909064 30.000000 0.000000 0 0 0 0 0 0 0 0
Child: 217.439248 15.013582 152.000000 11.332766 2291.300000 0.000000 -10.000000 0.000000 0.000000 0.000000 0 0 0 0 0 0 0 0
EGO_STATUS -4.656436 54.415927 3.600000 1.305264 6.398867 4.000000 0.000000
DYNAMIC_OBS_INFO 0 -5.750000 52.839864 1.570796 26.932927 -5.750000 81.933353 9.285124 0.668666
DYNAMIC_OBS_INFO 1 -1.750000 32.639055 1.570796 11.277141 -1.750000 44.088320 4.794513 0.171846
STATIC_OBS_INFO 0 -6.300000 65.292556 10.422535 
STATIC_OBS_INFO 1 -6.300000 65.151266 10.283450 
Parent: 511.292271 20.109224 203.000000 29.059969 3290.050000 216.636395 0.000000 4.864125 39.000000 0.000000 0 0 1 0 0 0 0 0
Child: 216.636395 14.373678 145.000000 11.331680 2274.950000 0.000000 -10.000000 0.000000 0.000000 0.000000 0 0 0 0 0 0 0 0
EGO_STATUS -4.478241 55.030469 3.700000 1.272895 6.398867 4.000000 0.000000
DYNAMIC_OBS_INFO 0 -5.750000 52.839864 1.570796 27.265288 -5.750000 82.865209 9.351991 0.668666
DYNAMIC_OBS_INFO 1 -1.750000 32.639055 1.570796 11.356679 -1.750000 44.568631 4.811698 0.171846
STATIC_OBS_INFO 0 -6.300000 65.292556 9.861777 
STATIC_OBS_INFO 1 -6.300000 65.151266 9.723521 
Parent: 509.175288 20.109224 203.000000 29.059969 3290.050000 214.619414 0.000000 4.764123 39.000000 0.000000 0 0 1 0 0 0 0 0
Child: 214.619414 13.733775 139.000000 11.330605 2262.050000 0.000000 -10.000000 0.000000 0.000000 0.000000 0 0 0 0 0 0 0 0
EGO_STATUS -4.281919 55.639473 3.800000 1.246160 6.398867 4.000000 0.000000
DYNAMIC_OBS_INFO 0 -5.750000 52.839864 1.570796 27.611122 -5.750000 83.803752 9.418858 0.668666
DYNAMIC_OBS_INFO 1 -1.750000 32.639055 1.570796 11.431224 -1.750000 45.050660 4.828882 0.171846
STATIC_OBS_INFO 0 -6.300000 65.292556 9.319261 
STATIC_OBS_INFO 1 -6.300000 65.151266 9.182133 
Parent: 507.548590 20.109224 203.000000 29.059969 3290.050000 212.092719 0.000000 4.664120 38.000000 0.000000 0 0 1 0 0 0 0 0
Child: 212.092719 13.093873 132.000000 11.328038 2227.600000 0.000000 -10.000000 0.000000 0.000000 0.000000 0 0 0 0 0 0 0 0
EGO_STATUS -4.071339 56.243705 3.900000 1.225987 6.398867 4.000000 0.000000
DYNAMIC_OBS_INFO 0 -5.750000 52.839864 1.570796 27.969173 -5.750000 84.748981 9.485724 0.668666
DYNAMIC_OBS_INFO 1 -1.750000 32.639055 1.570796 11.503406 -1.750000 45.534407 4.846067 0.171846
STATIC_OBS_INFO 0 -6.300000 65.292556 8.796061 
STATIC_OBS_INFO 1 -6.300000 65.151266 8.660449 
Parent: 505.625853 20.109224 203.000000 29.059969 3290.050000 210.269984 0.000000 4.564118 38.000000 0.000000 0 0 1 0 0 0 0 0
Child: 210.269984 12.453970 126.000000 11.327758 2217.200000 0.000000 -10.000000 0.000000 0.000000 0.000000 0 0 0 0 0 0 0 0
EGO_STATUS -3.850759 56.844366 4.000000 1.213006 6.398867 4.000000 0.000000
DYNAMIC_OBS_INFO 0 -5.750000 52.839864 1.570796 28.337737 -5.750000 85.700896 9.552591 0.668666
DYNAMIC_OBS_INFO 1 -1.750000 32.639055 1.570796 11.575903 -1.750000 46.019873 4.863251 0.171846
STATIC_OBS_INFO 0 -6.300000 65.292556 8.292975 
STATIC_OBS_INFO 1 -6.300000 65.151266 8.159366 
Parent: 491.535479 20.109224 203.000000 5.129453 3290.050000 207.125393 -10.000000 4.988898 37.000000 0.000000 0 0 0 0 0 0 0 0
Child: 207.125393 11.814067 120.000000 11.325701 2194.100000 0.000000 -10.000000 0.000000 0.000000 0.000000 0 0 0 0 0 0 0 0
EGO_STATUS -3.624654 57.442973 4.100000 1.207548 6.398867 4.000000 0.000000
DYNAMIC_OBS_INFO 0 -5.750000 52.839864 1.570796 28.714815 -5.750000 86.659499 9.619457 0.668666
DYNAMIC_OBS_INFO 1 -1.750000 32.639055 1.570796 11.651226 -1.750000 46.507058 4.880436 0.171846
STATIC_OBS_INFO 0 -6.300000 65.292556 7.810647 
STATIC_OBS_INFO 1 -6.300000 65.151266 7.679654 
Parent: 489.673492 20.109224 203.000000 5.129453 3290.050000 204.363408 -10.000000 4.888895 36.000000 0.000000 0 0 0 0 0 0 0 0
Child: 204.363408 11.174164 113.000000 11.324298 2156.450000 0.000000 -10.000000 0.000000 0.000000 0.000000 0 0 0 0 0 0 0 0
EGO_STATUS -3.397562 58.041207 4.200000 1.209647 6.398867 4.000000 0.000000
DYNAMIC_OBS_INFO 0 -5.750000 52.839864 1.570796 29.098293 -5.750000 87.624788 9.686324 0.668666
DYNAMIC_OBS_INFO 1 -1.750000 32.639055 1.570796 11.731526 -1.750000 46.995961 4.897621 0.171846
STATIC_OBS_INFO 0 -6.300000 65.292556 7.349745 
STATIC_OBS_INFO 1 -6.300000 65.151266 7.222122 
Parent: 479.444102 20.109224 203.000000 5.129453 3290.050000 194.234021 -10.000000 4.788892 36.000000 0.000000 0 0 0 0 0 0 0 0
Child: 194.234021 10.534261 107.000000 11.323104 2063.150000 0.000000 -10.000000 0.000000 0.000000 0.000000 0 0 0 0 0 0 0 0
EGO_STATUS -3.173949 58.640747 4.300000 1.219058 6.398867 4.000000 0.000000
DYNAMIC_OBS_INFO 0 -5.750000 52.839864 1.570796 29.486125 -5.750000 88.596764 9.753191 0.668666
DYNAMIC_OBS_INFO 1 -1.750000 32.639055 1.570796 11.818439 -1.750000 47.486582 4.914805 0.171846
STATIC_OBS_INFO 0 -6.300000 65.292556 6.911164 
STATIC_OBS_INFO 1 -6.300000 65.151266 6.787835 
Parent: 469.853517 20.109224 203.000000 5.129453 3290.050000 183.743438 -10.000000 4.688890 35.000000 0.000000 0 0 0 0 0 0 0 0
Child: 183.743438 9.894358 100.000000 11.320383 1946.800000 0.000000 -10.000000 0.000000 0.000000 0.000000 0 0 0 0 0 0 0 0
EGO_STATUS -2.958079 59.243114 4.400000 1.235267 6.398867 4.000000 0.000000
DYNAMIC_OBS_INFO 0 -5.750000 52.839864 1.570796 29.876504 -5.750000 89.575426 9.820057 0.668666
DYNAMIC_OBS_INFO 1 -1.750000 32.639055 1.570796 11.912983 -1.750000 47.978922 4.931990 0.171846
STATIC_OBS_INFO 0 -6.300000 65.292556 6.496263 
STATIC_OBS_INFO 1 -6.300000 65.151266 6.378347 
Parent: 458.836796 20.109224 203.000000 5.129453 3290.050000 172.826720 -10.000000 4.588888 35.000000 0.000000 0 0 0 0 0 0 0 0
Child: 172.826720 9.254456 94.000000 11.320141 1845.700000 0.000000 -10.000000 0.000000 0.000000 0.000000 0 0 0 0 0 0 0 0
EGO_STATUS -2.753887 59.849531 4.500000 1.257518 6.398867 4.000000 0.000000
DYNAMIC_OBS_INFO 0 -5.750000 52.839864 1.570796 30.267994 -5.750000 90.560775 9.886924 0.668666
DYNAMIC_OBS_INFO 1 -1.750000 32.639055 1.570796 12.015519 -1.750000 48.472980 4.949174 0.171846
STATIC_OBS_INFO 0 -6.300000 65.292556 6.107114 
STATIC_OBS_INFO 1 -6.300000 65.151266 5.995953 
Parent: 448.507944 20.109224 203.000000 5.129453 3290.050000 161.597869 -10.000000 4.488885 34.000000 0.000000 0 0 0 0 0 0 0 0
Child: 161.597869 8.614556 88.000000 11.318208 1741.600000 0.000000 -10.000000 0.000000 0.000000 0.000000 0 0 0 0 0 0 0 0
EGO_STATUS -2.564853 60.460836 4.600000 1.284844 6.398867 4.000000 0.000000
DYNAMIC_OBS_INFO 0 -5.750000 52.839864 1.570796 30.659625 -5.750000 91.552811 9.953791 0.668666
DYNAMIC_OBS_INFO 1 -1.750000 32.639055 1.570796 12.125778 -1.750000 48.968756 4.966359 0.171846
STATIC_OBS_INFO 0 -6.300000 65.292556 5.746750 
STATIC_OBS_INFO 1 -6.300000 65.151266 5.643933 
Parent: 437.782404 20.109224 203.000000 5.129453 3290.050000 149.972331 -10.000000 4.388884 33.000000 0.000000 0 0 0 0 0 0 0 0
Child: 149.972331 7.974658 81.000000 11.316962 1613.550000 0.000000 -10.000000 0.000000 0.000000 0.000000 0 0 0 0 0 0 0 0
EGO_STATUS -2.393874 61.077427 4.700000 1.316100 6.398867 4.000000 0.000000
DYNAMIC_OBS_INFO 0 -5.750000 52.839864 1.570796 31.050926 -5.750000 92.551533 10.020657 0.668666
DYNAMIC_OBS_INFO 1 -1.750000 32.639055 1.570796 12.242958 -1.750000 49.466252 4.983543 0.171846
STATIC_OBS_INFO 0 -6.300000 65.292556 5.419388 
STATIC_OBS_INFO 1 -6.300000 65.151266 5.326757 
Parent: 425.702698 20.109224 203.000000 5.129453 3290.050000 137.992627 -10.000000 4.288882 33.000000 0.000000 0 0 0 0 0 0 0 0
Child: 137.992627 7.334763 75.000000 11.316007 1501.950000 0.000000 -10.000000 0.000000 0.000000 0.000000 0 0 0 0 0 0 0 0
EGO_STATUS -2.243143 61.699273 4.800000 1.350005 6.398867 4.000000 0.000000
DYNAMIC_OBS_INFO 0 -5.750000 52.839864 1.570796 31.441913 -5.750000 93.556942 10.087524 0.668666
DYNAMIC_OBS_INFO 1 -1.750000 32.639055 1.570796 12.365862 -1.750000 49.965465 5.000728 0.171846
STATIC_OBS_INFO 0 -6.300000 65.292556 5.130574 
STATIC_OBS_INFO 1 -6.300000 65.151266 5.050194 
Parent: 414.458158 20.109224 203.000000 5.129453 3290.050000 125.848088 -10.000000 4.188881 32.000000 0.000000 0 0 0 0 0 0 0 0
Child: 125.848088 6.694869 68.000000 11.313314 1368.500000 0.000000 -10.000000 0.000000 0.000000 0.000000 0 0 0 0 0 0 0 0
EGO_STATUS -2.114054 62.325967 4.900000 1.385191 6.398867 4.000000 0.000000
DYNAMIC_OBS_INFO 0 -5.750000 52.839864 1.570796 31.833024 -5.750000 94.569038 10.154391 0.668666
DYNAMIC_OBS_INFO 1 -1.750000 32.639055 1.570796 12.493070 -1.750000 50.466397 5.017913 0.171846
STATIC_OBS_INFO 0 -6.300000 65.292556 4.887170 
STATIC_OBS_INFO 1 -6.300000 65.151266 4.821241 
Parent: 401.870857 20.109224 203.000000 5.129453 3290.050000 113.360788 -10.000000 4.088881 32.000000 0.000000 0 0 0 0 0 0 0 0
Child: 113.360788 6.054978 62.000000 11.053787 1252.100000 0.000000 -10.000000 0.000000 0.000000 0.000000 0 0 0 0 0 0 0 0
EGO_STATUS -2.007125 62.956820 5.000000 1.420258 6.398867 4.000000 0.000000
DYNAMIC_OBS_INFO 0 -5.750000 52.839864 1.570796 32.225012 -5.750000 95.587820 10.221257 0.668666
DYNAMIC_OBS_INFO 1 -1.750000 32.639055 1.570796 12.623107 -1.750000 50.969048 5.035097 0.171846
STATIC_OBS_INFO 0 -6.300000 65.292556 4.697070 
STATIC_OBS_INFO 1 -6.300000 65.151266 4.647753 
Parent: 390.116359 20.109224 203.000000 5.129453 3290.050000 100.706290 -10.000000 3.988880 31.000000 0.000000 0 0 0 0 0 0 0 0
Child: 100.706290 5.415089 56.000000 10.366150 1134.500000 0.000000 -10.000000 0.000000 0.000000 0.000000 0 0 0 0 0 0 0 0
EGO_STATUS -1.921973 63.590983 5.100000 1.453834 6.398867 4.000000 0.000000
DYNAMIC_OBS_INFO 0 -5.750000 52.839864 1.570796 32.618825 -5.750000 96.613289 10.288124 0.668666
DYNAMIC_OBS_INFO 1 -1.750000 32.639055 1.570796 12.754604 -1.750000 51.473417 5.052282 0.171846
STATIC_OBS_INFO 0 -6.300000 65.292556 4.568534 
STATIC_OBS_INFO 1 -6.300000 65.151266 4.537678 
Parent: 378.127783 20.109224 203.000000 5.129453 3290.050000 87.817714 -10.000000 3.888880 30.000000 0.000000 0 0 0 0 0 0 0 0
Child: 87.817714 4.775201 49.000000 9.291565 994.450000 0.000000 -10.000000 0.000000 0.000000 0.000000 0 0 0 0 0 0 0 0
EGO_STATUS -1.857332 64.227569 5.200000 1.484638 6.398867 4.000000 0.000000
DYNAMIC_OBS_INFO 0 -5.750000 52.839864 1.570796 33.015483 -5.750000 97.645445 10.354990 0.668666
DYNAMIC_OBS_INFO 1 -1.750000 32.639055 1.570796 12.886406 -1.750000 51.979504 5.069466 0.171846
STATIC_OBS_INFO 0 -6.300000 65.292556 4.509111 
STATIC_OBS_INFO 1 -6.300000 65.151266 4.497938 
Parent: 365.036454 20.109224 203.000000 5.129453 3290.050000 74.826385 -10.000000 3.788880 30.000000 0.000000 0 0 0 0 0 0 0 0
Child: 74.826385 4.135314 43.000000 7.895306 874.150000 0.000000 -10.000000 0.000000 0.000000 0.000000 0 0 0 0 0 0 0 0
EGO_STATUS -1.811132 64.865765 5.300000 1.511557 6.398867 4.000000 0.000000
DYNAMIC_OBS_INFO 0 -5.750000 52.839864 1.570796 33.415968 -5.750000 98.684288 10.421857 0.668666
DYNAMIC_OBS_INFO 1 -1.750000 32.639055 1.570796 13.017636 -1.750000 52.487310 5.086651 0.171846
STATIC_OBS_INFO 0 -6.300000 65.292556 4.524350 
STATIC_OBS_INFO 1 -6.300000 65.151266 4.533179 
Parent: 331.947030 30.290952 304.000000 29.773350 3030.900000 61.740610 0.000000 4.236981 39.000000 0.000000 0 0 1 0 0 0 0 0
Child: 61.740610 3.495428 36.000000 6.268644 732.600000 0.000000 -10.000000 0.000000 0.000000 0.000000 0 0 0 0 0 0 0 0
EGO_STATUS -1.780637 65.504910 5.400000 1.533724 6.398867 4.000000 0.000000
DYNAMIC_OBS_INFO 0 -5.750000 52.839864 1.570796 33.821151 -5.750000 99.729817 10.488724 0.668666
DYNAMIC_OBS_INFO 1 -1.750000 32.639055 1.570796 13.147707 -1.750000 52.996834 5.103835 0.171846
STATIC_OBS_INFO 0 -6.300000 65.292556 4.616665 
STATIC_OBS_INFO 1 -6.300000 65.151266 4.644816 
Parent: 319.647935 30.290952 304.000000 29.773350 3030.900000 48.541515 0.000000 4.136981 38.000000 0.000000 0 0 1 0 0 0 0 0
Child: 48.541515 2.855541 30.000000 4.530650 610.500000 0.000000 -10.000000 0.000000 0.000000 0.000000 0 0 0 0 0 0 0 0
EGO_STATUS -1.762629 66.144535 5.500000 1.550596 6.398867 4.000000 0.000000
DYNAMIC_OBS_INFO 0 -5.750000 52.839864 1.570796 34.231750 -5.750000 100.782032 10.555590 0.668666
DYNAMIC_OBS_INFO 1 -1.750000 32.639055 1.570796 13.276279 -1.750000 53.508077 5.121020 0.171846
STATIC_OBS_INFO 0 -6.300000 65.292556 4.784831 
STATIC_OBS_INFO 1 -6.300000 65.151266 4.830748 
Parent: 306.356241 30.290952 304.000000 29.773350 3030.900000 35.349822 0.000000 4.036981 38.000000 0.000000 0 0 1 0 0 0 0 0
Child: 35.349822 2.215655 24.000000 2.829814 488.400000 0.000000 -10.000000 0.000000 0.000000 0.000000 0 0 0 0 0 0 0 0
EGO_STATUS -1.753667 66.784355 5.600000 1.562051 6.398867 4.000000 0.000000
DYNAMIC_OBS_INFO 0 -5.750000 52.839864 1.570796 34.648324 -5.750000 101.840935 10.622457 0.668666
DYNAMIC_OBS_INFO 1 -1.750000 32.639055 1.570796 13.403194 -1.750000 54.021038 5.138204 0.171846
STATIC_OBS_INFO 0 -6.300000 65.292556 5.024248 
STATIC_OBS_INFO 1 -6.300000 65.151266 5.085804 
Parent: 282.625947 30.290952 304.000000 4.531618 3030.900000 22.191570 -10.000000 4.980057 37.000000 0.000000 0 0 0 0 0 0 0 0
Child: 22.191570 1.575768 17.000000 1.345167 345.950000 0.000000 -10.000000 0.000000 0.000000 0.000000 0 0 0 0 0 0 0 0
EGO_STATUS -1.750382 67.424232 5.700000 1.568480 6.398867 4.000000 0.000000
DYNAMIC_OBS_INFO 0 -5.750000 52.839864 1.570796 35.071277 -5.750000 102.906524 10.689324 0.668666
DYNAMIC_OBS_INFO 1 -1.750000 32.639055 1.570796 13.528401 -1.750000 54.535718 5.155389 0.171846
STATIC_OBS_INFO 0 -6.300000 65.292556 5.327802 
STATIC_OBS_INFO 1 -6.300000 65.151266 5.402650 
Parent: 270.403855 30.290952 304.000000 4.531618 3030.900000 9.069478 -10.000000 4.880057 36.000000 0.000000 0 0 0 0 0 0 0 0
Child: 9.069478 0.935882 11.000000 0.285469 223.850000 0.000000 -10.000000 0.000000 0.000000 0.000000 0 0 0 0 0 0 0 0
EGO_STATUS -1.749844 68.064118 5.800000 1.570879 6.398867 4.000000 0.000000
DYNAMIC_OBS_INFO 0 -5.750000 52.839864 1.570796 35.500863 -5.750000 103.978799 10.756190 0.668666
DYNAMIC_OBS_INFO 1 -1.750000 32.639055 1.570796 13.651889 -1.750000 55.052116 5.172574 0.171846
STATIC_OBS_INFO 0 -6.300000 65.292556 5.686884 
STATIC_OBS_INFO 1 -6.300000 65.151266 5.772748 
Parent: 257.267283 30.290952 304.000000 4.531618 3030.900000 -3.967094 -10.000000 4.780057 36.000000 0.000000 0 0 0 0 0 0 0 0
Child: -3.967094 0.295995 4.000000 0.127162 81.400000 0.000000 -10.000000 0.000000 0.000000 0.000000 0 0 0 0 0 0 0 0
EGO_STATUS -1.749982 68.704005 5.900000 1.570933 6.398867 4.000000 0.000000
DYNAMIC_OBS_INFO 0 -5.750000 52.839864 1.570796 35.937168 -5.750000 105.057762 10.823057 0.668666
DYNAMIC_OBS_INFO 1 -1.750000 32.639055 1.570796 13.773659 -1.750000 55.570232 5.189758 0.171846
STATIC_OBS_INFO 0 -6.300000 65.292556 6.092234 
STATIC_OBS_INFO 1 -6.300000 65.151266 6.187092 
Parent: 255.158479 29.946992 301.000000 4.531222 2965.350000 0.000000 -10.000000 4.680046 35.000000 0.000000 0 0 0 0 0 0 0 0
EGO_STATUS -1.750056 69.343892 6.000000 1.571244 6.398867 4.000000 0.000000
DYNAMIC_OBS_INFO 0 -5.750000 52.839864 1.570796 36.380073 -5.750000 106.143411 10.889924 0.668666
DYNAMIC_OBS_INFO 1 -1.750000 32.639055 1.570796 13.893710 -1.750000 56.090068 5.206943 0.171846
STATIC_OBS_INFO 0 -6.300000 65.292556 6.534479 
STATIC_OBS_INFO 1 -6.300000 65.151266 6.636643 
Parent: 241.115174 29.307106 295.000000 4.531383 2829.350000 0.000000 -10.000000 4.580046 35.000000 0.000000 0 0 0 0 0 0 0 0
EGO_STATUS -1.751169 69.983777 6.100000 1.574251 6.398867 4.000000 0.000000
DYNAMIC_OBS_INFO 0 -5.750000 52.839864 1.570796 36.829407 -5.750000 107.235746 10.956790 0.668666
DYNAMIC_OBS_INFO 1 -1.750000 32.639055 1.570796 14.012031 -1.750000 56.611621 5.224127 0.171846
STATIC_OBS_INFO 0 -6.300000 65.292556 7.005516 
STATIC_OBS_INFO 1 -6.300000 65.151266 7.113626 
Parent: 229.945075 28.667220 288.000000 4.531264 2702.600000 0.000000 -10.000000 4.480046 34.000000 0.000000 0 0 0 0 0 0 0 0
EGO_STATUS -1.755038 70.623651 6.200000 1.579781 6.398867 4.000000 0.000000
DYNAMIC_OBS_INFO 0 -5.750000 52.839864 1.570796 37.285051 -5.750000 108.334769 11.023657 0.668666
DYNAMIC_OBS_INFO 1 -1.750000 32.639055 1.570796 14.128598 -1.750000 57.134893 5.241312 0.171846
STATIC_OBS_INFO 0 -6.300000 65.292556 7.498994 
STATIC_OBS_INFO 1 -6.300000 65.151266 7.611973 
Parent: 217.912770 28.027334 282.000000 4.531286 2576.600000 0.000000 -10.000000 4.380046 33.000000 0.000000 0 0 0 0 0 0 0 0
EGO_STATUS -1.763159 71.263485 6.300000 1.587474 6.398867 4.000000 0.000000
DYNAMIC_OBS_INFO 0 -5.750000 52.839864 1.570796 37.746944 -5.750000 109.440478 11.090523 0.668666
DYNAMIC_OBS_INFO 1 -1.750000 32.639055 1.570796 14.243365 -1.750000 57.659883 5.258496 0.171846
STATIC_OBS_INFO 0 -6.300000 65.292556 8.010007 
STATIC_OBS_INFO 1 -6.300000 65.151266 8.127006 
Parent: 204.747609 27.387447 275.000000 4.531313 2440.150000 0.000000 -10.000000 4.280046 33.000000 0.000000 0 0 0 0 0 0 0 0
EGO_STATUS -1.776805 71.903223 6.400000 1.596985 6.398867 4.000000 0.000000
DYNAMIC_OBS_INFO 0 -5.750000 52.839864 1.570796 38.215084 -5.750000 110.552873 11.157390 0.668666
DYNAMIC_OBS_INFO 1 -1.750000 32.639055 1.570796 14.356271 -1.750000 58.186592 5.275681 0.171846
STATIC_OBS_INFO 0 -6.300000 65.292556 8.534786 
STATIC_OBS_INFO 1 -6.300000 65.151266 8.655132 
Parent: 192.734179 26.747560 269.000000 4.531114 2314.150000 0.000000 -10.000000 4.180046 32.000000 0.000000 0 0 0 0 0 0 0 0
EGO_STATUS -1.797031 72.542787 6.500000 1.607989 6.398867 4.000000 0.000000
DYNAMIC_OBS_INFO 0 -5.750000 52.839864 1.570796 38.689524 -5.750000 111.671956 11.224257 0.668666
DYNAMIC_OBS_INFO 1 -1.750000 32.639055 1.570796 14.467244 -1.750000 58.715020 5.292866 0.171846
STATIC_OBS_INFO 0 -6.300000 65.292556 9.070439 
STATIC_OBS_INFO 1 -6.300000 65.151266 9.193598 
Parent: 179.900918 26.107672 263.000000 4.531285 2179.650000 0.000000 -10.000000 4.080046 31.000000 0.000000 0 0 0 0 0 0 0 0
EGO_STATUS -1.824689 73.182071 6.600000 1.620175 6.398867 4.000000 0.000000
DYNAMIC_OBS_INFO 0 -5.750000 52.839864 1.570796 39.170364 -5.750000 112.797725 11.291123 0.668666
DYNAMIC_OBS_INFO 1 -1.750000 32.639055 1.570796 14.576206 -1.750000 59.245165 5.310050 0.171846
STATIC_OBS_INFO 0 -6.300000 65.292556 9.614744 
STATIC_OBS_INFO 1 -6.300000 65.151266 9.740288 
Parent: 167.869486 25.467785 256.000000 4.531174 2055.000000 0.000000 -10.000000 3.980046 31.000000 0.000000 0 0 0 0 0 0 0 0
EGO_STATUS -1.860436 73.820954 6.700000 1.633250 6.398867 4.000000 0.000000
DYNAMIC_OBS_INFO 0 -5.750000 52.839864 1.570796 39.657742 -5.750000 113.930180 11.357990 0.668666
DYNAMIC_OBS_INFO 1 -1.750000 32.639055 1.570796 14.683085 -1.750000 59.777030 5.327235 0.171846
STATIC_OBS_INFO 0 -6.300000 65.292556 10.165995 
STATIC_OBS_INFO 1 -6.300000 65.151266 10.293579 
Parent: 156.080858 24.827897 250.000000 4.531176 1930.800000 0.000000 -10.000000 3.880046 30.000000 0.000000 0 0 0 0 0 0 0 0
EGO_STATUS -1.904743 74.459299 6.800000 1.646937 6.398867 4.000000 0.000000
DYNAMIC_OBS_INFO 0 -5.750000 52.839864 1.570796 40.151826 -5.750000 115.069323 11.424857 0.668666
DYNAMIC_OBS_INFO 1 -1.750000 32.639055 1.570796 14.787817 -1.750000 60.310612 5.344419 0.171846
STATIC_OBS_INFO 0 -6.300000 65.292556 10.722884 
STATIC_OBS_INFO 1 -6.300000 65.151266 10.852223 
Parent: 140.362409 10.000000 102.000000 20.000000 15.300000 181.828947 -10.000000 4.072678 39.000000 0.000000 0 0 1 0 0 0 0 0
Child: 181.828947 24.188009 243.000000 28.458185 1798.250000 0.000000 0.000000 0.000000 0.000000 0.000000 0 0 1 0 0 0 0 0
EGO_STATUS -1.957908 75.096967 6.900000 1.660976 6.398867 4.000000 0.000000
DYNAMIC_OBS_INFO 0 -5.750000 52.839864 1.570796 40.647875 -5.750000 116.215152 11.491723 0.668666
DYNAMIC_OBS_INFO 1 -1.750000 32.639055 1.570796 14.895268 -1.750000 60.845914 5.361604 0.171846
STATIC_OBS_INFO 0 -6.300000 65.292556 11.288749 
STATIC_OBS_INFO 1 -6.300000 65.151266 11.419618 
Parent: 117.766426 10.000000 102.000000 20.000000 15.300000 159.332967 -10.000000 3.972675 39.000000 0.000000 0 0 1 0 0 0 0 0
Child: 159.332967 23.543192 237.000000 28.457967 1676.150000 0.000000 -10.000000 0.000000 0.000000 0.000000 0 0 1 0 0 0 0 0
EGO_STATUS -2.020582 75.738724 7.000000 1.675232 6.496867 2.000000 0.980000
DYNAMIC_OBS_INFO 0 -5.750000 52.839864 1.570796 41.141221 -5.750000 117.367667 11.558590 0.668666
DYNAMIC_OBS_INFO 1 -1.750000 32.639055 1.570796 15.010254 -1.750000 61.382933 5.378788 0.171846
STATIC_OBS_INFO 0 -6.300000 65.292556 11.867229 
STATIC_OBS_INFO 1 -6.300000 65.151266 11.999449 
Parent: 105.807542 10.000000 102.000000 20.000000 15.300000 146.474085 -10.000000 3.872672 38.000000 0.000000 0 0 1 0 0 0 0 0
Child: 146.474085 22.888576 230.000000 28.458160 1543.900000 0.000000 -10.000000 0.000000 0.000000 0.000000 0 0 1 0 0 0 0 0
EGO_STATUS -2.093530 76.389255 7.100000 1.689579 6.594867 2.000000 0.980000
DYNAMIC_OBS_INFO 0 -5.750000 52.839864 1.570796 41.632079 -5.750000 118.526870 11.625457 0.668666
DYNAMIC_OBS_INFO 1 -1.750000 32.639055 1.570796 15.132751 -1.750000 61.921671 5.395973 0.171846
STATIC_OBS_INFO 0 -6.300000 65.292556 12.457887 
STATIC_OBS_INFO 1 -6.300000 65.151266 12.591302 
Parent: 94.299386 10.000000 102.000000 20.000000 15.300000 134.065932 -10.000000 3.772670 37.000000 0.000000 0 0 1 0 0 0 0 0
Child: 134.065932 22.224163 224.000000 28.457766 1423.600000 0.000000 -10.000000 0.000000 0.000000 0.000000 0 0 1 0 0 0 0 0
EGO_STATUS -2.176997 77.048397 7.200000 1.703781 6.692867 2.000000 0.980000
DYNAMIC_OBS_INFO 0 -5.750000 52.839864 1.570796 42.120671 -5.750000 119.692759 11.692323 0.668666
DYNAMIC_OBS_INFO 1 -1.750000 32.639055 1.570796 15.262773 -1.750000 62.462128 5.413158 0.171846
STATIC_OBS_INFO 0 -6.300000 65.292556 13.060412 
STATIC_OBS_INFO 1 -6.300000 65.151266 13.194884 
Parent: 81.380427 10.000000 102.000000 20.000000 15.300000 121.246975 -10.000000 3.672668 37.000000 0.000000 0 0 1 0 0 0 0 0
Child: 121.246975 21.549955 217.000000 28.458008 1293.150000 0.000000 -10.000000 0.000000 0.000000 0.000000 0 0 1 0 0 0 0 0
EGO_STATUS -2.271065 77.716004 7.300000 1.717603 6.790867 2.000000 0.980000
DYNAMIC_OBS_INFO 0 -5.750000 52.839864 1.570796 42.607207 -5.750000 120.865334 11.759190 0.668666
DYNAMIC_OBS_INFO 1 -1.750000 32.639055 1.570796 15.400367 -1.750000 63.004303 5.430342 0.171846
STATIC_OBS_INFO 0 -6.300000 65.292556 13.674605 
STATIC_OBS_INFO 1 -6.300000 65.151266 13.810011 
Parent: 69.448549 10.000000 102.000000 20.000000 15.300000 108.415098 -10.000000 3.572666 36.000000 0.000000 0 0 1 0 0 0 0 0
Child: 108.415098 20.865955 210.000000 28.458110 1163.300000 0.000000 -10.000000 0.000000 0.000000 0.000000 0 0 1 0 0 0 0 0
EGO_STATUS -2.375649 78.391956 7.400000 1.730810 6.888867 2.000000 0.980000
DYNAMIC_OBS_INFO 0 -5.750000 52.839864 1.570796 43.091876 -5.750000 122.044597 11.826056 0.668666
DYNAMIC_OBS_INFO 1 -1.750000 32.639055 1.570796 15.545623 -1.750000 63.548196 5.447527 0.171846
STATIC_OBS_INFO 0 -6.300000 65.292556 14.300366 
STATIC_OBS_INFO 1 -6.300000 65.151266 14.436599 
Parent: 57.604591 10.000000 102.000000 20.000000 15.300000 95.671141 -10.000000 3.472666 35.000000 0.000000 0 0 1 0 0 0 0 0
Child: 95.671141 20.172162 203.000000 28.458128 1034.950000 0.000000 -10.000000 0.000000 0.000000 0.000000 0 0 1 0 0 0 0 0
EGO_STATUS -2.490491 79.076173 7.500000 1.743170 6.986867 2.000000 0.980000
DYNAMIC_OBS_INFO 0 -5.750000 52.839864 1.570796 43.574828 -5.750000 123.230546 11.892923 0.668666
DYNAMIC_OBS_INFO 1 -1.750000 32.639055 1.570796 15.698676 -1.750000 64.093808 5.464711 0.171846
STATIC_OBS_INFO 0 -6.300000 65.292556 14.937692 
STATIC_OBS_INFO 1 -6.300000 65.151266 15.074656 
Parent: 44.950653 10.000000 102.000000 20.000000 15.300000 83.117203 -10.000000 3.372665 35.000000 0.000000 0 0 1 0 0 0 0 0
Child: 83.117203 19.468573 196.000000 28.458120 909.000000 0.000000 -10.000000 0.000000 0.000000 0.000000 0 0 1 0 0 0 0 0
EGO_STATUS -2.615160 79.768626 7.600000 1.754458 7.084867 2.000000 0.980000
DYNAMIC_OBS_INFO 0 -5.750000 52.839864 1.570796 44.056163 -5.750000 124.423181 11.959790 0.668666
DYNAMIC_OBS_INFO 1 -1.750000 32.639055 1.570796 15.859704 -1.750000 64.641138 5.481896 0.171846
STATIC_OBS_INFO 0 -6.300000 65.292556 15.586666 
STATIC_OBS_INFO 1 -6.300000 65.151266 15.724274 
Parent: 33.530346 10.000000 102.000000 20.000000 15.300000 70.796897 -10.000000 3.272664 34.000000 0.000000 0 0 1 0 0 0 0 0
Child: 70.796897 18.755175 189.000000 28.458003 785.750000 0.000000 -10.000000 0.000000 0.000000 0.000000 0 0 1 0 0 0 0 0
EGO_STATUS -2.749048 80.469344 7.700000 1.764454 7.182867 2.000000 0.980000
DYNAMIC_OBS_INFO 0 -5.750000 52.839864 1.570796 44.535936 -5.750000 125.622504 12.026656 0.668666
DYNAMIC_OBS_INFO 1 -1.750000 32.639055 1.570796 16.028906 -1.750000 65.190187 5.499080 0.171846
STATIC_OBS_INFO 0 -6.300000 65.292556 16.247435 
STATIC_OBS_INFO 1 -6.300000 65.151266 16.385607 
Parent: 22.180461 10.000000 102.000000 20.000000 15.300000 58.547014 -10.000000 3.172663 33.000000 0.000000 0 0 1 0 0 0 0 0
Child: 58.547014 18.031971 182.000000 28.457626 663.400000 0.000000 -10.000000 0.000000 0.000000 0.000000 0 0 1 0 0 0 0 0
EGO_STATUS -2.891351 81.178407 7.800000 1.772953 7.280867 2.000000 0.980000
DYNAMIC_OBS_INFO 0 -5.750000 52.839864 1.570796 45.014142 -5.750000 126.828513 12.093523 0.668666
DYNAMIC_OBS_INFO 1 -1.750000 32.639055 1.570796 16.206509 -1.750000 65.740955 5.516265 0.171846
STATIC_OBS_INFO 0 -6.300000 65.292556 16.920205 
STATIC_OBS_INFO 1 -6.300000 65.151266 17.058871 
Parent: 9.502323 10.000000 102.000000 20.000000 15.300000 45.968878 -10.000000 3.072661 33.000000 0.000000 0 0 1 0 0 0 0 0
Child: 45.968878 17.298963 174.000000 28.457734 534.500000 0.000000 -10.000000 0.000000 0.000000 0.000000 0 0 1 0 0 0 0 0
EGO_STATUS -3.041090 81.895954 7.900000 1.779763 7.378867 2.000000 0.980000
DYNAMIC_OBS_INFO 0 -5.750000 52.839864 1.570796 45.490706 -5.750000 128.041208 12.160390 0.668666
DYNAMIC_OBS_INFO 1 -1.750000 32.639055 1.570796 16.392750 -1.750000 66.293440 5.533450 0.171846
STATIC_OBS_INFO 0 -6.300000 65.292556 17.605232 
STATIC_OBS_INFO 1 -6.300000 65.151266 17.744328 
Parent: -1.320236 10.000000 102.000000 20.000000 15.300000 34.246322 -10.000000 2.972658 32.000000 0.000000 0 0 1 0 0 0 0 0
Child: 34.246322 16.556152 167.000000 28.457544 417.850000 0.000000 -10.000000 0.000000 0.000000 0.000000 0 0 1 0 0 0 0 0
EGO_STATUS -3.197110 82.622192 8.000000 1.784713 7.476867 2.000000 0.980000
DYNAMIC_OBS_INFO 0 -5.750000 52.839864 1.570796 45.965486 -5.750000 129.260591 12.227256 0.668666
DYNAMIC_OBS_INFO 1 -1.750000 32.639055 1.570796 16.587868 -1.750000 66.847644 5.550634 0.171846
STATIC_OBS_INFO 0 -6.300000 65.292556 18.302806 
STATIC_OBS_INFO 1 -6.300000 65.151266 18.442273 
Parent: -12.737757 10.000000 102.000000 20.000000 15.300000 21.928803 -10.000000 2.872656 31.000000 0.000000 0 0 1 0 0 0 0 0
Child: 21.928803 15.803542 160.000000 28.457177 294.800000 0.000000 -10.000000 0.000000 0.000000 0.000000 0 0 1 0 0 0 0 0
EGO_STATUS -3.358092 83.357381 8.100000 1.787650 7.574867 2.000000 0.980000
DYNAMIC_OBS_INFO 0 -5.750000 52.839864 1.570796 46.438275 -5.750000 130.486659 12.294123 0.668666
DYNAMIC_OBS_INFO 1 -1.750000 32.639055 1.570796 16.792086 -1.750000 67.403567 5.567819 0.171846
STATIC_OBS_INFO 0 -6.300000 65.292556 19.013236 
STATIC_OBS_INFO 1 -6.300000 65.151266 19.153021 
Parent: -17.824881 10.000000 102.000000 20.000000 15.300000 15.941681 -10.000000 2.772654 30.000000 0.000000 0 0 1 0 0 0 0 0
Child: 15.941681 15.041134 152.000000 28.456801 233.700000 0.000000 -10.000000 0.000000 0.000000 0.000000 0 0 1 0 0 0 0 0
EGO_STATUS -3.522563 84.101835 8.200000 1.788450 7.672867 2.000000 0.980000
DYNAMIC_OBS_INFO 0 -5.750000 52.839864 1.570796 46.908809 -5.750000 131.719415 12.360989 0.668666
DYNAMIC_OBS_INFO 1 -1.750000 32.639055 1.570796 17.005595 -1.750000 67.961208 5.585003 0.171846
STATIC_OBS_INFO 0 -6.300000 65.292556 19.736833 
STATIC_OBS_INFO 1 -6.300000 65.151266 19.876889 
Parent: -21.605384 10.000000 102.000000 20.000000 15.300000 12.261179 -10.000000 2.672652 30.000000 0.000000 0 0 1 0 0 0 0 0
Child: 12.261179 14.268929 144.000000 28.456653 196.200000 0.000000 -10.000000 0.000000 0.000000 0.000000 0 0 1 0 0 0 0 0
EGO_STATUS -3.688908 84.855909 8.300000 1.787015 7.770867 2.000000 0.980000
DYNAMIC_OBS_INFO 0 -5.750000 52.839864 1.570796 47.376776 -5.750000 132.958857 12.427856 0.668666
DYNAMIC_OBS_INFO 1 -1.750000 32.639055 1.570796 17.228539 -1.750000 68.520568 5.602188 0.171846
STATIC_OBS_INFO 0 -6.300000 65.292556 20.473892 
STATIC_OBS_INFO 1 -6.300000 65.151266 20.614178 
Parent: -39.587492 10.000000 101.000000 20.000000 15.150000 2.437321 -10.000000 3.494989 39.000000 0.000000 0 0 1 0 0 0 0 0
Child: 2.437321 10.000000 102.000000 20.000000 15.300000 8.976537 -10.000000 0.000000 0.000000 0.000000 0 0 1 0 0 0 0 0
Child: 8.976537 13.486929 136.000000 28.456308 162.900000 0.000000 -10.000000 0.000000 0.000000 0.000000 0 0 1 0 0 0 0 0
EGO_STATUS -3.855391 85.619979 8.400000 1.783285 7.868867 2.000000 0.980000
DYNAMIC_OBS_INFO 0 -5.750000 52.839864 1.570796 47.841835 -5.750000 134.204986 12.494723 0.668666
DYNAMIC_OBS_INFO 1 -1.750000 32.639055 1.570796 17.460995 -1.750000 69.081646 5.619372 0.171846
STATIC_OBS_INFO 0 -6.300000 65.292556 21.224677 
STATIC_OBS_INFO 1 -6.300000 65.151266 21.365154 
Parent: -41.720123 10.000000 101.000000 20.000000 15.150000 -0.595310 -10.000000 3.394989 38.000000 0.000000 0 0 1 0 0 0 0 0
Child: -0.595310 10.000000 102.000000 20.000000 15.300000 5.943906 -10.000000 0.000000 0.000000 0.000000 0 0 1 0 0 0 0 0
Child: 5.943906 12.695136 128.000000 28.456045 132.300000 0.000000 -10.000000 0.000000 0.000000 0.000000 0 0 1 0 0 0 0 0
EGO_STATUS -4.020171 86.394434 8.500000 1.777234 7.966867 2.000000 0.980000
DYNAMIC_OBS_INFO 0 -5.750000 52.839864 1.570796 48.303629 -5.750000 135.457802 12.561589 0.668666
DYNAMIC_OBS_INFO 1 -1.750000 32.639055 1.570796 17.702964 -1.750000 69.644442 5.636557 0.171846
STATIC_OBS_INFO 0 -6.300000 65.292556 21.989399 
STATIC_OBS_INFO 1 -6.300000 65.151266 22.130035 
Parent: -43.447617 10.000000 101.000000 20.000000 15.150000 -3.222804 -10.000000 3.294989 37.000000 0.000000 0 0 1 0 0 0 0 0
Child: -3.222804 10.000000 102.000000 20.000000 15.300000 3.316412 -10.000000 0.000000 0.000000 0.000000 0 0 1 0 0 0 0 0
Child: 3.316412 11.893549 120.000000 28.455979 105.900000 0.000000 -10.000000 0.000000 0.000000 0.000000 0 0 1 0 0 0 0 0
EGO_STATUS -4.181337 87.179651 8.600000 1.768881 8.064867 2.000000 0.980000
DYNAMIC_OBS_INFO 0 -5.750000 52.839864 1.570796 48.761799 -5.750000 136.717304 12.628456 0.668666
DYNAMIC_OBS_INFO 1 -1.750000 32.639055 1.570796 17.954371 -1.750000 70.208957 5.653742 0.171846
STATIC_OBS_INFO 0 -6.300000 65.292556 22.768214 
STATIC_OBS_INFO 1 -6.300000 65.151266 22.908981 
Parent: -45.825839 10.000000 101.000000 20.000000 15.150000 -5.501025 -10.000000 3.194988 37.000000 0.000000 0 0 1 0 0 0 0 0
Child: -5.501025 10.000000 102.000000 20.000000 15.300000 1.038191 -10.000000 0.000000 0.000000 0.000000 0 0 1 0 0 0 0 0
Child: 1.038191 11.082154 112.000000 28.455692 83.100000 0.000000 -10.000000 0.000000 0.000000 0.000000 0 0 1 0 0 0 0 0
EGO_STATUS -4.336925 87.975984 8.700000 1.758289 8.162867 2.000000 0.980000
DYNAMIC_OBS_INFO 0 -5.750000 52.839864 1.570796 49.216032 -5.750000 137.983493 12.695323 0.668666
DYNAMIC_OBS_INFO 1 -1.750000 32.639055 1.570796 18.215028 -1.750000 70.775191 5.670926 0.171846
STATIC_OBS_INFO 0 -6.300000 65.292556 23.561179 
STATIC_OBS_INFO 1 -6.300000 65.151266 23.702052 
Parent: -46.911198 10.000000 101.000000 20.000000 15.150000 -7.486383 -10.000000 3.094987 36.000000 0.000000 0 0 1 0 0 0 0 0
Child: -7.486383 10.000000 102.000000 20.000000 15.300000 -0.947167 -10.000000 0.000000 0.000000 0.000000 0 0 1 0 0 0 0 0
Child: -0.947167 10.260954 104.000000 28.455073 63.300000 0.000000 -10.000000 0.000000 0.000000 0.000000 0 0 1 0 0 0 0 0
EGO_STATUS -4.484973 88.783721 8.800000 1.745578 8.260867 2.000000 0.980000
DYNAMIC_OBS_INFO 0 -5.750000 52.839864 1.570796 49.666069 -5.750000 139.256369 12.762189 0.668666
DYNAMIC_OBS_INFO 1 -1.750000 32.639055 1.570796 18.484658 -1.750000 71.343142 5.688111 0.171846
STATIC_OBS_INFO 0 -6.300000 65.292556 24.368253 
STATIC_OBS_INFO 1 -6.300000 65.151266 24.509210 
Parent: -47.701407 10.000000 101.000000 20.000000 15.150000 -9.176591 -10.000000 2.994985 35.000000 0.000000 0 0 1 0 0 0 0 0
Child: -9.176591 10.000000 102.000000 20.000000 15.300000 -2.637375 -10.000000 0.000000 0.000000 0.000000 0 0 1 0 0 0 0 0
Child: -2.637375 9.429950 96.000000 28.453949 46.500000 0.000000 -10.000000 0.000000 0.000000 0.000000 0 0 1 0 0 0 0 0
EGO_STATUS -4.623573 89.603075 8.900000 1.730929 8.358867 2.000000 0.980000
DYNAMIC_OBS_INFO 0 -5.750000 52.839864 1.570796 50.111723 -5.750000 140.535931 12.829056 0.668666
DYNAMIC_OBS_INFO 1 -1.750000 32.639055 1.570796 18.762893 -1.750000 71.912813 5.705295 0.171846
STATIC_OBS_INFO 0 -6.300000 65.292556 25.189290 
STATIC_OBS_INFO 1 -6.300000 65.151266 25.330314 
Parent: -48.022956 10.000000 101.000000 20.000000 15.150000 -10.398138 -10.000000 2.894983 34.000000 0.000000 0 0 1 0 0 0 0 0
Child: -10.398138 10.000000 102.000000 20.000000 15.300000 -3.858922 -10.000000 0.000000 0.000000 0.000000 0 0 1 0 0 0 0 0
Child: -3.858922 8.589145 87.000000 28.453372 33.750000 0.000000 -10.000000 0.000000 0.000000 0.000000 0 0 1 0 0 0 0 0
EGO_STATUS -4.750919 90.434169 9.000000 1.714585 8.456867 2.000000 0.980000
DYNAMIC_OBS_INFO 0 -5.750000 52.839864 1.570796 50.552897 -5.750000 141.822180 12.895923 0.668666
DYNAMIC_OBS_INFO 1 -1.750000 32.639055 1.570796 19.049299 -1.750000 72.484201 5.722480 0.171846
STATIC_OBS_INFO 0 -6.300000 65.292556 26.024041 
STATIC_OBS_INFO 1 -6.300000 65.151266 26.165117 
Parent: -48.170080 10.000000 101.000000 20.000000 15.150000 -11.445260 -10.000000 2.794982 33.000000 0.000000 0 0 1 0 0 0 0 0
Child: -11.445260 10.000000 102.000000 20.000000 15.300000 -4.906044 -10.000000 0.000000 0.000000 0.000000 0 0 1 0 0 0 0 0
Child: -4.906044 7.738540 79.000000 28.452383 23.550000 0.000000 -10.000000 0.000000 0.000000 0.000000 0 0 1 0 0 0 0 0
EGO_STATUS -4.865382 91.277024 9.100000 1.696861 8.554867 2.000000 0.980000
DYNAMIC_OBS_INFO 0 -5.750000 52.839864 1.570796 50.989591 -5.750000 143.115115 12.962789 0.668666
DYNAMIC_OBS_INFO 1 -1.750000 32.639055 1.570796 19.343396 -1.750000 73.057309 5.739664 0.171846
STATIC_OBS_INFO 0 -6.300000 65.292556 26.872155 
STATIC_OBS_INFO 1 -6.300000 65.151266 27.013272 
Parent: -47.976566 10.000000 101.000000 20.000000 15.150000 -12.151745 -10.000000 2.694980 32.000000 0.000000 0 0 1 0 0 0 0 0
Child: -12.151745 10.000000 102.000000 20.000000 15.300000 -5.612529 -10.000000 0.000000 0.000000 0.000000 0 0 1 0 0 0 0 0
Child: -5.612529 6.878136 70.000000 28.452066 16.200000 0.000000 -10.000000 0.000000 0.000000 0.000000 0 0 1 0 0 0 0 0
EGO_STATUS -4.965583 92.131558 9.200000 1.678151 8.652867 2.000000 0.980000
DYNAMIC_OBS_INFO 0 -5.750000 52.839864 1.570796 51.421903 -5.750000 144.414738 13.029656 0.668666
DYNAMIC_OBS_INFO 1 -1.750000 32.639055 1.570796 19.644698 -1.750000 73.632134 5.756849 0.171846
STATIC_OBS_INFO 0 -6.300000 65.292556 27.733200 
STATIC_OBS_INFO 1 -6.300000 65.151266 27.874347 
Parent: -48.602341 10.000000 101.000000 20.000000 15.150000 -12.677518 -10.000000 2.594979 32.000000 0.000000 0 0 1 0 0 0 0 0
Child: -12.677518 10.000000 102.000000 20.000000 15.300000 -6.138303 -10.000000 0.000000 0.000000 0.000000 0 0 1 0 0 0 0 0
Child: -6.138303 6.007935 62.000000 28.451502 11.400000 0.000000 -10.000000 0.000000 0.000000 0.000000 0 0 1 0 0 0 0 0
EGO_STATUS -5.050482 92.997593 9.300000 1.658930 8.750867 2.000000 0.980000
DYNAMIC_OBS_INFO 0 -5.750000 52.839864 1.570796 51.850014 -5.750000 145.721047 13.096522 0.668666
DYNAMIC_OBS_INFO 1 -1.750000 32.639055 1.570796 19.952753 -1.750000 74.208678 5.774034 0.171846
STATIC_OBS_INFO 0 -6.300000 65.292556 28.606680 
STATIC_OBS_INFO 1 -6.300000 65.151266 28.747850 
Parent: -48.049859 10.000000 101.000000 20.000000 15.150000 -13.025035 -10.000000 2.494978 31.000000 0.000000 0 0 1 0 0 0 0 0
Child: -13.025035 10.000000 102.000000 20.000000 15.300000 -6.485819 -10.000000 0.000000 0.000000 0.000000 0 0 1 0 0 0 0 0
Child: -6.485819 5.127938 53.000000 28.370949 7.950000 0.000000 -10.000000 0.000000 0.000000 0.000000 0 0 1 0 0 0 0 0
EGO_STATUS -5.119476 93.874867 9.400000 1.639768 8.848867 2.000000 0.980000
DYNAMIC_OBS_INFO 0 -5.750000 52.839864 1.570796 52.274168 -5.750000 147.034042 13.163389 0.668666
DYNAMIC_OBS_INFO 1 -1.750000 32.639055 1.570796 20.267192 -1.750000 74.786941 5.791218 0.171846
STATIC_OBS_INFO 0 -6.300000 65.292556 29.492068 
STATIC_OBS_INFO 1 -6.300000 65.151266 29.633255 
Parent: -47.333732 10.000000 101.000000 20.000000 15.150000 -13.208908 -10.000000 2.394978 30.000000 0.000000 0 0 1 0 0 0 0 0
Child: -13.208908 10.000000 102.000000 20.000000 15.300000 -6.669692 -10.000000 0.000000 0.000000 0.000000 0 0 1 0 0 0 0 0
Child: -6.669692 4.238146 44.000000 27.974915 6.600000 0.000000 -10.000000 0.000000 0.000000 0.000000 0 0 1 0 0 0 0 0
EGO_STATUS -5.172508 94.763064 9.500000 1.621331 8.946867 2.000000 0.980000
DYNAMIC_OBS_INFO 0 -5.750000 52.839864 1.570796 52.694639 -5.750000 148.353724 13.230256 0.668666
DYNAMIC_OBS_INFO 1 -1.750000 32.639055 1.570796 20.587788 -1.750000 75.366922 5.808403 0.171846
STATIC_OBS_INFO 0 -6.300000 65.292556 30.388843 
STATIC_OBS_INFO 1 -6.300000 65.151266 30.530042 
Parent: -62.354706 10.000000 102.000000 20.000000 15.300000 -19.964270 -10.000000 3.148780 39.000000 0.000000 0 0 1 0 0 0 0 0
Child: -19.964270 10.000000 101.000000 20.000000 15.150000 -13.444468 -10.000000 0.000000 0.000000 0.000000 0 0 1 0 0 0 0 0
Child: -13.444468 10.000000 102.000000 20.000000 15.300000 -6.905253 -10.000000 0.000000 0.000000 0.000000 0 0 1 0 0 0 0 0
Child: -6.905253 3.338559 35.000000 27.193982 5.250000 0.000000 -10.000000 0.000000 0.000000 0.000000 0 0 1 0 0 0 0 0
EGO_STATUS -5.210181 95.661851 9.600000 1.604390 9.044867 2.000000 0.980000
DYNAMIC_OBS_INFO 0 -5.750000 52.839864 1.570796 53.111676 -5.750000 149.680093 13.297122 0.668666
DYNAMIC_OBS_INFO 1 -1.750000 32.639055 1.570796 20.914512 -1.750000 75.948621 5.825587 0.171846
STATIC_OBS_INFO 0 -6.300000 65.292556 31.296534 
STATIC_OBS_INFO 1 -6.300000 65.151266 31.437742 
Parent: -61.759430 10.000000 102.000000 20.000000 15.300000 -20.268994 -10.000000 3.048780 38.000000 0.000000 0 0 1 0 0 0 0 0
Child: -20.268994 10.000000 101.000000 20.000000 15.150000 -13.749192 -10.000000 0.000000 0.000000 0.000000 0 0 1 0 0 0 0 0
Child: -13.749192 10.000000 102.000000 20.000000 15.300000 -7.209977 -10.000000 0.000000 0.000000 0.000000 0 0 1 0 0 0 0 0
Child: -7.209977 2.429168 26.000000 25.962328 3.900000 0.000000 -10.000000 0.000000 0.000000 0.000000 0 0 1 0 0 0 0 0
EGO_STATUS -5.233876 96.570926 9.700000 1.589833 9.142867 2.000000 0.980000
DYNAMIC_OBS_INFO 0 -5.750000 52.839864 1.570796 53.525485 -5.750000 151.013149 13.363989 0.668666
DYNAMIC_OBS_INFO 1 -1.750000 32.639055 1.570796 21.247569 -1.750000 76.532039 5.842772 0.171846
STATIC_OBS_INFO 0 -6.300000 65.292556 32.214731 
STATIC_OBS_INFO 1 -6.300000 65.151266 32.355945 
Parent: -61.272999 10.000000 102.000000 20.000000 15.300000 -20.682562 -10.000000 2.948779 37.000000 0.000000 0 0 1 0 0 0 0 0
Child: -20.682562 10.000000 101.000000 20.000000 15.150000 -14.162760 -10.000000 0.000000 0.000000 0.000000 0 0 1 0 0 0 0 0
Child: -14.162760 10.000000 102.000000 20.000000 15.300000 -7.623545 -10.000000 0.000000 0.000000 0.000000 0 0 1 0 0 0 0 0
Child: -7.623545 1.509972 17.000000 24.205285 2.550000 0.000000 -10.000000 0.000000 0.000000 0.000000 0 0 1 0 0 0 0 0
EGO_STATUS -5.245926 97.490037 9.800000 1.578669 9.240867 2.000000 0.980000
DYNAMIC_OBS_INFO 0 -5.750000 52.839864 1.570796 53.936185 -5.750000 152.352891 13.430856 0.668666
DYNAMIC_OBS_INFO 1 -1.750000 32.639055 1.570796 21.587429 -1.750000 77.117176 5.859956 0.171846
STATIC_OBS_INFO 0 -6.300000 65.292556 33.143114 
STATIC_OBS_INFO 1 -6.300000 65.151266 33.284333 
Parent: -60.850252 10.000000 102.000000 20.000000 15.300000 -21.159815 -10.000000 2.848778 36.000000 0.000000 0 0 1 0 0 0 0 0
Child: -21.159815 10.000000 101.000000 20.000000 15.150000 -14.640013 -10.000000 0.000000 0.000000 0.000000 0 0 1 0 0 0 0 0
Child: -14.640013 10.000000 102.000000 20.000000 15.300000 -8.100797 -10.000000 0.000000 0.000000 0.000000 0 0 1 0 0 0 0 0
Child: -8.100797 0.580974 7.000000 21.832976 1.050000 0.000000 -10.000000 0.000000 0.000000 0.000000 0 0 1 0 0 0 0 0
EGO_STATUS -5.249757 98.419026 9.900000 1.572050 9.338867 2.000000 0.980000
DYNAMIC_OBS_INFO 0 -5.750000 52.839864 1.570796 54.343794 -5.750000 153.699320 13.497722 0.668666
DYNAMIC_OBS_INFO 1 -1.750000 32.639055 1.570796 21.934832 -1.750000 77.704031 5.877141 0.171846
STATIC_OBS_INFO 0 -6.300000 65.292556 34.081448 
STATIC_OBS_INFO 1 -6.300000 65.151266 34.222671 
Parent: -51.896124 10.000000 102.000000 20.000000 15.300000 -13.105685 -10.000000 2.748777 35.000000 0.000000 0 0 1 0 0 0 0 0
Child: -13.105685 10.000000 101.000000 20.000000 15.150000 -6.585883 -10.000000 0.000000 0.000000 0.000000 0 0 1 0 0 0 0 0
Child: -6.585883 9.642174 98.000000 20.000000 14.700000 0.000000 -10.000000 0.000000 0.000000 0.000000 0 0 1 0 0 0 0 0
EGO_STATUS -5.250000 99.357826 10.000000 1.570796 9.436867 2.000000 0.980000
DYNAMIC_OBS_INFO 0 -5.750000 52.839864 1.570796 54.748293 -5.750000 155.052436 13.564589 0.668666
DYNAMIC_OBS_INFO 1 -1.750000 32.639055 1.570796 22.290320 -1.750000 78.292604 5.894325 0.171846
STATIC_OBS_INFO 0 -6.300000 65.292556 35.029610 
STATIC_OBS_INFO 1 -6.300000 65.151266 35.170837 
Parent: -51.130393 10.000000 102.000000 20.000000 15.300000 -13.239954 -10.000000 2.648776 34.000000 0.000000 0 0 1 0 0 0 0 0
Child: -13.239954 10.000000 101.000000 20.000000 15.150000 -6.720152 -10.000000 0.000000 0.000000 0.000000 0 0 1 0 0 0 0 0
Child: -6.720152 8.693574 88.000000 20.000000 13.200000 0.000000 -10.000000 0.000000 0.000000 0.000000 0 0 1 0 0 0 0 0
EGO_STATUS -5.250000 100.306426 10.100000 1.570796 9.534867 2.000000 0.980000
DYNAMIC_OBS_INFO 0 -5.750000 52.839864 1.570796 55.149679 -5.750000 156.412238 13.631456 0.668666
DYNAMIC_OBS_INFO 1 -1.750000 32.639055 1.570796 22.653935 -1.750000 78.882896 5.911510 0.171846
STATIC_OBS_INFO 0 -6.300000 65.292556 35.987591 
STATIC_OBS_INFO 1 -6.300000 65.151266 36.128820 
Parent: -50.391694 10.000000 102.000000 20.000000 15.300000 -13.401254 -10.000000 2.548775 33.000000 0.000000 0 0 1 0 0 0 0 0
Child: -13.401254 10.000000 101.000000 20.000000 15.150000 -6.881452 -10.000000 0.000000 0.000000 0.000000 0 0 1 0 0 0 0 0
Child: -6.881452 7.735175 79.000000 20.000000 11.850000 0.000000 -10.000000 0.000000 0.000000 0.000000 0 0 1 0 0 0 0 0
EGO_STATUS -5.250000 101.264825 10.200000 1.570796 9.632867 2.000000 0.980000
DYNAMIC_OBS_INFO 0 -5.750000 52.839864 1.570796 55.547954 -5.750000 157.778727 13.698322 0.668666
DYNAMIC_OBS_INFO 1 -1.750000 32.639055 1.570796 23.025679 -1.750000 79.474906 5.928695 0.171846
STATIC_OBS_INFO 0 -6.300000 65.292556 36.955387 
STATIC_OBS_INFO 1 -6.300000 65.151266 37.096620 
Parent: -49.633755 10.000000 102.000000 20.000000 15.300000 -13.543313 -10.000000 2.448774 32.000000 0.000000 0 0 1 0 0 0 0 0
Child: -13.543313 10.000000 101.000000 20.000000 15.150000 -7.023511 -10.000000 0.000000 0.000000 0.000000 0 0 1 0 0 0 0 0
Child: -7.023511 6.766977 69.000000 20.000000 10.350000 0.000000 -10.000000 0.000000 0.000000 0.000000 0 0 1 0 0 0 0 0
EGO_STATUS -5.250000 102.233023 10.300000 1.570796 9.730867 2.000000 0.980000
DYNAMIC_OBS_INFO 0 -5.750000 52.839864 1.570796 55.943118 -5.750000 159.151902 13.765189 0.668666
DYNAMIC_OBS_INFO 1 -1.750000 32.639055 1.570796 23.405554 -1.750000 80.068635 5.945879 0.171846
STATIC_OBS_INFO 0 -6.300000 65.292556 37.932998 
STATIC_OBS_INFO 1 -6.300000 65.151266 38.074234 
Parent: -48.879531 10.000000 102.000000 20.000000 15.300000 -13.689088 -10.000000 2.348773 31.000000 0.000000 0 0 1 0 0 0 0 0
Child: -13.689088 10.000000 101.000000 20.000000 15.150000 -7.169286 -10.000000 0.000000 0.000000 0.000000 0 0 1 0 0 0 0 0
Child: -7.169286 5.788981 59.000000 20.000000 8.850000 0.000000 -10.000000 0.000000 0.000000 0.000000 0 0 1 0 0 0 0 0
EGO_STATUS -5.250000 103.211019 10.400000 1.570796 9.828867 2.000000 0.980000
DYNAMIC_OBS_INFO 0 -5.750000 52.839864 1.570796 56.335173 -5.750000 160.531765 13.832055 0.668666
DYNAMIC_OBS_INFO 1 -1.750000 32.639055 1.570796 23.793559 -1.750000 80.664082 5.963064 0.171846
STATIC_OBS_INFO 0 -6.300000 65.292556 38.920421 
STATIC_OBS_INFO 1 -6.300000 65.151266 39.061660 
Parent: -48.169591 10.000000 102.000000 20.000000 15.300000 -13.879148 -10.000000 2.248773 30.000000 0.000000 0 0 1 0 0 0 0 0
Child: -13.879148 10.000000 101.000000 20.000000 15.150000 -7.359346 -10.000000 0.000000 0.000000 0.000000 0 0 1 0 0 0 0 0
Child: -7.359346 4.801189 50.000000 20.000000 7.500000 0.000000 -10.000000 0.000000 0.000000 0.000000 0 0 1 0 0 0 0 0
EGO_STATUS -5.250000 104.198811 10.500000 1.570796 9.926867 2.000000 0.980000
DYNAMIC_OBS_INFO 0 -5.750000 52.839864 1.570796 56.724118 -5.750000 161.918313 13.898922 0.668666
DYNAMIC_OBS_INFO 1 -1.750000 32.639055 1.570796 24.189697 -1.750000 81.261247 5.980248 0.171846
STATIC_OBS_INFO 0 -6.300000 65.292556 39.917655 
STATIC_OBS_INFO 1 -6.300000 65.151266 40.058896 
Parent: -63.159110 10.000000 101.000000 20.000000 15.150000 -20.586677 -10.000000 2.947369 39.000000 0.000000 0 0 1 0 0 0 0 0
Child: -20.586677 10.000000 102.000000 20.000000 15.300000 -14.047461 -10.000000 0.000000 0.000000 0.000000 0 0 1 0 0 0 0 0
Child: -14.047461 10.000000 101.000000 20.000000 15.150000 -7.527659 -10.000000 0.000000 0.000000 0.000000 0 0 1 0 0 0 0 0
Child: -7.527659 3.803601 40.000000 20.000000 6.000000 0.000000 -10.000000 0.000000 0.000000 0.000000 0 0 1 0 0 0 0 0
EGO_STATUS -5.250000 105.196399 10.600000 1.570796 10.024867 2.000000 0.980000
DYNAMIC_OBS_INFO 0 -5.750000 52.839864 1.570796 57.109949 -5.750000 163.311549 13.965789 0.668666
DYNAMIC_OBS_INFO 1 -1.750000 32.639055 1.570796 24.593976 -1.750000 81.860132 5.997433 0.171846
STATIC_OBS_INFO 0 -6.300000 65.292556 40.924705 
STATIC_OBS_INFO 1 -6.300000 65.151266 41.065948 
Parent: -62.383598 10.000000 101.000000 20.000000 15.150000 -20.711164 -10.000000 2.847369 38.000000 0.000000 0 0 1 0 0 0 0 0
Child: -20.711164 10.000000 102.000000 20.000000 15.300000 -14.171949 -10.000000 0.000000 0.000000 0.000000 0 0 1 0 0 0 0 0
Child: -14.171949 10.000000 101.000000 20.000000 15.150000 -7.652147 -10.000000 0.000000 0.000000 0.000000 0 0 1 0 0 0 0 0
Child: -7.652147 2.796211 29.000000 20.000000 4.350000 0.000000 -10.000000 0.000000 0.000000 0.000000 0 0 1 0 0 0 0 0
EGO_STATUS -5.250000 106.203789 10.700000 1.570796 10.122867 2.000000 0.980000
DYNAMIC_OBS_INFO 0 -5.750000 52.839864 1.570796 57.492663 -5.750000 164.711471 14.032655 0.668666
DYNAMIC_OBS_INFO 1 -1.750000 32.639055 1.570796 25.006397 -1.750000 82.460734 6.014617 0.171846
STATIC_OBS_INFO 0 -6.300000 65.292556 41.941571 
STATIC_OBS_INFO 1 -6.300000 65.151266 42.082817 
Parent: -61.691948 10.000000 101.000000 20.000000 15.150000 -20.919514 -10.000000 2.747368 37.000000 0.000000 0 0 1 0 0 0 0 0
Child: -20.919514 10.000000 102.000000 20.000000 15.300000 -14.380299 -10.000000 0.000000 0.000000 0.000000 0 0 1 0 0 0 0 0
Child: -14.380299 10.000000 101.000000 20.000000 15.150000 -7.860497 -10.000000 0.000000 0.000000 0.000000 0 0 1 0 0 0 0 0
Child: -7.860497 1.779018 19.000000 20.000000 2.850000 0.000000 -10.000000 0.000000 0.000000 0.000000 0 0 1 0 0 0 0 0
EGO_STATUS -5.250000 107.220982 10.800000 1.570796 10.220867 2.000000 0.980000
DYNAMIC_OBS_INFO 0 -5.750000 52.839864 1.570796 57.872262 -5.750000 166.118080 14.099522 0.668666
DYNAMIC_OBS_INFO 1 -1.750000 32.639055 1.570796 25.426961 -1.750000 83.063055 6.031802 0.171846
STATIC_OBS_INFO 0 -6.300000 65.292556 42.968253 
STATIC_OBS_INFO 1 -6.300000 65.151266 43.109501 
Parent: -61.147488 10.000000 101.000000 20.000000 15.150000 -21.275054 -10.000000 2.647367 36.000000 0.000000 0 0 1 0 0 0 0 0
Child: -21.275054 10.000000 102.000000 20.000000 15.300000 -14.735838 -10.000000 0.000000 0.000000 0.000000 0 0 1 0 0 0 0 0
Child: -14.735838 10.000000 101.000000 20.000000 15.150000 -8.216036 -10.000000 0.000000 0.000000 0.000000 0 0 1 0 0 0 0 0
Child: -8.216036 0.752022 9.000000 20.000000 1.350000 0.000000 -10.000000 0.000000 0.000000 0.000000 0 0 1 0 0 0 0 0
EGO_STATUS -5.250000 108.247978 10.900000 1.570796 10.318867 2.000000 0.980000
DYNAMIC_OBS_INFO 0 -5.750000 52.839864 1.570796 58.248751 -5.750000 167.531376 14.166389 0.668666
DYNAMIC_OBS_INFO 1 -1.750000 32.639055 1.570796 25.855663 -1.750000 83.667094 6.048987 0.171846
STATIC_OBS_INFO 0 -6.300000 65.292556 44.004743 
STATIC_OBS_INFO 1 -6.300000 65.151266 44.145993 
Parent: -52.091694 10.000000 101.000000 20.000000 15.150000 -13.119259 -10.000000 2.547367 35.000000 0.000000 0 0 1 0 0 0 0 0
Child: -13.119259 10.000000 102.000000 20.000000 15.300000 -6.580043 -10.000000 0.000000 0.000000 0.000000 0 0 1 0 0 0 0 0
Child: -6.580043 9.715230 99.000000 20.000000 14.850000 0.000000 -10.000000 0.000000 0.000000 0.000000 0 0 1 0 0 0 0 0
EGO_STATUS -5.250000 109.284770 11.000000 1.570796 10.416867 2.000000 0.980000
DYNAMIC_OBS_INFO 0 -5.750000 52.839864 1.570796 58.622122 -5.750000 168.951358 14.233255 0.668666
DYNAMIC_OBS_INFO 1 -1.750000 32.639055 1.570796 26.292513 -1.750000 84.272852 6.066171 0.171846
STATIC_OBS_INFO 0 -6.300000 65.292556 45.051050 
STATIC_OBS_INFO 1 -6.300000 65.151266 45.192301 
Parent: -51.341213 10.000000 101.000000 20.000000 15.150000 -13.268777 -10.000000 2.447366 34.000000 0.000000 0 0 1 0 0 0 0 0
Child: -13.268777 10.000000 102.000000 20.000000 15.300000 -6.729562 -10.000000 0.000000 0.000000 0.000000 0 0 1 0 0 0 0 0
Child: -6.729562 8.668632 88.000000 20.000000 13.200000 0.000000 -10.000000 0.000000 0.000000 0.000000 0 0 1 0 0 0 0 0
EGO_STATUS -5.250000 110.331368 11.100000 1.570796 10.514867 2.000000 0.980000
DYNAMIC_OBS_INFO 0 -5.750000 52.839864 1.570796 58.992380 -5.750000 170.378027 14.300122 0.668666
DYNAMIC_OBS_INFO 1 -1.750000 32.639055 1.570796 26.737505 -1.750000 84.880329 6.083356 0.171846
STATIC_OBS_INFO 0 -6.300000 65.292556 46.107167 
STATIC_OBS_INFO 1 -6.300000 65.151266 46.248420 
Parent: -50.617962 10.000000 101.000000 20.000000 15.150000 -13.445525 -10.000000 2.347365 33.000000 0.000000 0 0 1 0 0 0 0 0
Child: -13.445525 10.000000 102.000000 20.000000 15.300000 -6.906310 -10.000000 0.000000 0.000000 0.000000 0 0 1 0 0 0 0 0
Child: -6.906310 7.612235 78.000000 20.000000 11.700000 0.000000 -10.000000 0.000000 0.000000 0.000000 0 0 1 0 0 0 0 0
EGO_STATUS -5.250000 111.387765 11.200000 1.570796 10.612867 2.000000 0.980000
DYNAMIC_OBS_INFO 0 -5.750000 52.839864 1.570796 59.359526 -5.750000 171.811382 14.366989 0.668666
DYNAMIC_OBS_INFO 1 -1.750000 32.639055 1.570796 27.190640 -1.750000 85.489524 6.100540 0.171846
STATIC_OBS_INFO 0 -6.300000 65.292556 47.173093 
STATIC_OBS_INFO 1 -6.300000 65.151266 47.314348 
Parent: -49.875706 10.000000 101.000000 20.000000 15.150000 -13.603269 -10.000000 2.247364 32.000000 0.000000 0 0 1 0 0 0 0 0
Child: -13.603269 10.000000 102.000000 20.000000 15.300000 -7.064053 -10.000000 0.000000 0.000000 0.000000 0 0 1 0 0 0 0 0
Child: -7.064053 6.546038 67.000000 20.000000 10.050000 0.000000 -10.000000 0.000000 0.000000 0.000000 0 0 1 0 0 0 0 0
EGO_STATUS -5.250000 112.453962 11.300000 1.570796 10.710867 2.000000 0.980000
DYNAMIC_OBS_INFO 0 -5.750000 52.839864 1.570796 59.723561 -5.750000 173.251424 14.433855 0.668666
DYNAMIC_OBS_INFO 1 -1.750000 32.639055 1.570796 27.651917 -1.750000 86.100437 6.117725 0.171846
STATIC_OBS_INFO 0 -6.300000 65.292556 48.248826 
STATIC_OBS_INFO 1 -6.300000 65.151266 48.390083 
Parent: -49.137560 10.000000 101.000000 20.000000 15.150000 -13.765122 -10.000000 2.147364 31.000000 0.000000 0 0 1 0 0 0 0 0
Child: -13.765122 10.000000 102.000000 20.000000 15.300000 -7.225906 -10.000000 0.000000 0.000000 0.000000 0 0 1 0 0 0 0 0
Child: -7.225906 5.470044 56.000000 20.000000 8.400000 0.000000 -10.000000 0.000000 0.000000 0.000000 0 0 1 0 0 0 0 0
EGO_STATUS -5.250000 113.529956 11.400000 1.570796 10.808867 2.000000 0.980000
DYNAMIC_OBS_INFO 0 -5.750000 52.839864 1.570796 60.084486 -5.750000 174.698153 14.500722 0.668666
DYNAMIC_OBS_INFO 1 -1.750000 32.639055 1.570796 28.121335 -1.750000 86.713068 6.134909 0.171846
STATIC_OBS_INFO 0 -6.300000 65.292556 49.334367 
STATIC_OBS_INFO 1 -6.300000 65.151266 49.475625 
Parent: -48.405460 10.000000 101.000000 20.000000 15.150000 -13.933021 -10.000000 2.047363 30.000000 0.000000 0 0 1 0 0 0 0 0
Child: -13.933021 10.000000 102.000000 20.000000 15.300000 -7.393805 -10.000000 0.000000 0.000000 0.000000 0 0 1 0 0 0 0 0
Child: -7.393805 4.384252 45.000000 20.000000 6.750000 0.000000 -10.000000 0.000000 0.000000 0.000000 0 0 1 0 0 0 0 0
EGO_STATUS -5.250000 114.615748 11.500000 1.570796 10.906867 2.000000 0.980000
DYNAMIC_OBS_INFO 0 -5.750000 52.839864 1.570796 60.442301 -5.750000 176.151569 14.567588 0.668666
DYNAMIC_OBS_INFO 1 -1.750000 32.639055 1.570796 28.598894 -1.750000 87.327419 6.152094 0.171846
STATIC_OBS_INFO 0 -6.300000 65.292556 50.429712 
STATIC_OBS_INFO 1 -6.300000 65.151266 50.570972 
Parent: -63.470175 10.000000 102.000000 20.000000 15.300000 -20.631210 -10.000000 2.700251 39.000000 0.000000 0 0 1 0 0 0 0 0
Child: -20.631210 10.000000 101.000000 20.000000 15.150000 -14.111408 -10.000000 0.000000 0.000000 0.000000 0 0 1 0 0 0 0 0
Child: -14.111408 10.000000 102.000000 20.000000 15.300000 -7.572192 -10.000000 0.000000 0.000000 0.000000 0 0 1 0 0 0 0 0
Child: -7.572192 3.288664 34.000000 20.000000 5.100000 0.000000 -10.000000 0.000000 0.000000 0.000000 0 0 1 0 0 0 0 0
EGO_STATUS -5.250000 115.711336 11.600000 1.570796 11.004867 2.000000 0.980000
DYNAMIC_OBS_INFO 0 -5.750000 52.839864 1.570796 60.797002 -5.750000 177.611671 14.634455 0.668666
DYNAMIC_OBS_INFO 1 -1.750000 32.639055 1.570796 29.084598 -1.750000 87.943487 6.169279 0.171846
STATIC_OBS_INFO 0 -6.300000 65.292556 51.534866 
STATIC_OBS_INFO 1 -6.300000 65.151266 51.676127 
Parent: -62.771991 10.000000 102.000000 20.000000 15.300000 -20.833026 -10.000000 2.600251 38.000000 0.000000 0 0 1 0 0 0 0 0
Child: -20.833026 10.000000 101.000000 20.000000 15.150000 -14.313224 -10.000000 0.000000 0.000000 0.000000 0 0 1 0 0 0 0 0
Child: -14.313224 10.000000 102.000000 20.000000 15.300000 -7.774008 -10.000000 0.000000 0.000000 0.000000 0 0 1 0 0 0 0 0
Child: -7.774008 2.183275 23.000000 20.000000 3.450000 0.000000 -10.000000 0.000000 0.000000 0.000000 0 0 1 0 0 0 0 0
EGO_STATUS -5.250000 116.816725 11.700000 1.570796 11.102867 2.000000 0.980000
DYNAMIC_OBS_INFO 0 -5.750000 52.839864 1.570796 61.148588 -5.750000 179.078460 14.701322 0.668666
DYNAMIC_OBS_INFO 1 -1.750000 32.639055 1.570796 29.578448 -1.750000 88.561274 6.186463 0.171846
STATIC_OBS_INFO 0 -6.300000 65.292556 52.649832 
STATIC_OBS_INFO 1 -6.300000 65.151266 52.791093 
Parent: -62.157631 10.000000 102.000000 20.000000 15.300000 -21.118666 -10.000000 2.500250 37.000000 0.000000 0 0 1 0 0 0 0 0
Child: -21.118666 10.000000 101.000000 20.000000 15.150000 -14.598864 -10.000000 0.000000 0.000000 0.000000 0 0 1 0 0 0 0 0
Child: -14.598864 10.000000 102.000000 20.000000 15.300000 -8.059648 -10.000000 0.000000 0.000000 0.000000 0 0 1 0 0 0 0 0
Child: -8.059648 1.068084 12.000000 20.000000 1.800000 0.000000 -10.000000 0.000000 0.000000 0.000000 0 0 1 0 0 0 0 0
EGO_STATUS -5.250000 117.931916 11.800000 1.570796 11.200867 2.000000 0.980000
DYNAMIC_OBS_INFO 0 -5.750000 52.839864 1.570796 61.497055 -5.750000 180.551935 14.768188 0.668666
DYNAMIC_OBS_INFO 1 -1.750000 32.639055 1.570796 30.080447 -1.750000 89.180780 6.203648 0.171846
STATIC_OBS_INFO 0 -6.300000 65.292556 53.774609 
STATIC_OBS_INFO 1 -6.300000 65.151266 53.915872 
Parent: -52.198377 10.000000 102.000000 20.000000 15.300000 -13.059411 -10.000000 2.400250 35.000000 0.000000 0 0 1 0 0 0 0 0
Child: -13.059411 10.000000 101.000000 20.000000 15.150000 -6.539609 -10.000000 0.000000 0.000000 0.000000 0 0 1 0 0 0 0 0
Child: -6.539609 9.943088 101.000000 20.000000 15.150000 0.000000 -10.000000 0.000000 0.000000 0.000000 0 0 1 0 0 0 0 0
EGO_STATUS -5.250000 119.056912 11.900000 1.570796 11.298867 2.000000 0.980000
DONE
FINISHED
