STATIC_OBS_INIT_INFO 0 -6.300000 66.289814
STATIC_OBS_INIT_INFO 1 -6.300000 60.734080
Parent: -28.517101 10.000000 101.000000 0.000000 15.150000 17.632489 -10.000000 2.350409 40.000000 0.000000 0 0 0 0 0 0 0 0
Child: 17.632489 24.471714 246.000000 9.873445 267.900000 0.000000 -10.000000 0.000000 0.000000 0.000000 0 0 0 0 0 0 0 0
EGO_STATUS -5.750000 15.537037 0.000000 1.570796 14.666259 4.000000 0.000000
DYNAMIC_OBS_INFO 0 -5.750000 51.549857 1.570796 34.546194 -5.750000 51.549857 14.781150 1.190260
DYNAMIC_OBS_INFO 1 -1.750000 33.928573 1.570796 17.391163 -1.750000 33.928573 4.365243 0.206668
STATIC_OBS_INFO 0 -6.300000 66.289814 49.289220 
STATIC_OBS_INFO 1 -6.300000 60.734080 43.733875 
Parent: 277.210710 30.290952 304.000000 6.869635 3032.100000 17.404711 0.000000 4.999146 48.000000 0.000000 0 0 0 0 0 0 0 0
Child: 17.404711 13.012626 132.000000 34.653278 141.900000 0.000000 0.000000 0.000000 0.000000 0.000000 0 0 0 1 0 0 0 0
EGO_STATUS -5.749993 17.003663 0.100000 1.570772 14.666259 4.000000 0.000000
DYNAMIC_OBS_INFO 0 -5.750000 51.549857 1.570796 34.593069 -5.750000 53.033924 14.900176 1.190260
DYNAMIC_OBS_INFO 1 -1.750000 33.928573 1.570796 15.995837 -1.750000 33.928573 4.365243 0.206668
STATIC_OBS_INFO 0 -6.300000 66.289814 47.852125 
STATIC_OBS_INFO 1 -6.300000 60.734080 42.296806 
Parent: 265.843326 30.290952 304.000000 6.869592 3032.100000 5.137315 0.000000 4.899162 47.000000 0.000000 0 0 0 0 0 0 0 0
Child: 5.137315 11.575434 117.000000 34.652121 118.350000 0.000000 -10.000000 0.000000 0.000000 0.000000 0 0 0 1 0 0 0 0
EGO_STATUS -5.749669 18.440854 0.200000 1.570039 14.078259 1.000000 -5.880000
DYNAMIC_OBS_INFO 0 -5.750000 51.549857 1.570796 34.710647 -5.750000 54.529892 15.019202 1.190260
DYNAMIC_OBS_INFO 1 -1.750000 33.928573 1.570796 14.664215 -1.750000 33.928573 4.365243 0.206668
STATIC_OBS_INFO 0 -6.300000 66.289814 46.473874 
STATIC_OBS_INFO 1 -6.300000 60.734080 40.918588 
Parent: 264.495869 30.290952 304.000000 6.869556 3032.100000 2.889848 0.000000 4.799176 46.000000 0.000000 0 0 0 0 0 0 0 0
Child: 2.889848 10.197035 103.000000 34.650041 95.550000 0.000000 -10.000000 0.000000 0.000000 0.000000 0 0 0 1 0 0 0 0
EGO_STATUS -5.745754 19.819245 0.300000 1.564626 13.490259 1.000000 -5.880000
DYNAMIC_OBS_INFO 0 -5.750000 51.549857 1.570796 34.899039 -5.750000 56.037764 15.138228 1.190260
DYNAMIC_OBS_INFO 1 -1.750000 33.928573 1.570796 13.394621 -1.750000 33.928573 4.365243 0.206668
STATIC_OBS_INFO 0 -6.300000 66.289814 45.154688 
STATIC_OBS_INFO 1 -6.300000 60.734080 39.599459 
Parent: -36.909905 10.000000 101.000000 0.000000 15.150000 2.197125 -10.000000 3.392971 34.000000 0.000000 0 0 0 0 0 0 0 0
Child: 2.197125 10.000000 102.000000 0.000000 15.300000 0.697125 0.000000 0.000000 0.000000 0.000000 0 0 0 0 0 0 0 0
Child: 0.697125 8.877438 90.000000 34.648099 73.800000 0.000000 -10.000000 0.000000 0.000000 0.000000 0 0 0 1 0 0 0 0
EGO_STATUS -5.729425 21.138731 0.400000 1.550614 12.902259 1.000000 -5.880000
DYNAMIC_OBS_INFO 0 -5.750000 51.549857 1.570796 35.158687 -5.750000 57.557538 15.257254 1.190260
DYNAMIC_OBS_INFO 1 -1.750000 33.928573 1.570796 12.184620 -1.750000 33.928573 4.365243 0.206668
STATIC_OBS_INFO 0 -6.300000 66.289814 43.895138 
STATIC_OBS_INFO 1 -6.300000 60.734080 38.340016 
Parent: -38.109684 10.000000 101.000000 0.000000 15.150000 0.097328 -10.000000 3.292988 33.000000 0.000000 0 0 0 0 0 0 0 0
Child: 0.097328 10.000000 102.000000 0.000000 15.300000 -1.402672 0.000000 0.000000 0.000000 0.000000 0 0 0 0 0 0 0 0
Child: -1.402672 7.616658 78.000000 34.642762 53.400000 0.000000 -10.000000 0.000000 0.000000 0.000000 0 0 0 1 0 0 0 0
EGO_STATUS -5.691016 22.398901 0.500000 1.529016 12.314259 1.000000 -5.880000
DYNAMIC_OBS_INFO 0 -5.750000 51.549857 1.570796 35.490258 -5.750000 59.089215 15.376280 1.190260
DYNAMIC_OBS_INFO 1 -1.750000 33.928573 1.570796 11.032913 -1.750000 33.928573 4.365243 0.206668
STATIC_OBS_INFO 0 -6.300000 66.289814 42.695953 
STATIC_OBS_INFO 1 -6.300000 60.734080 37.141013 
Parent: -38.967434 10.000000 101.000000 0.000000 15.150000 -1.660423 -10.000000 3.192990 32.000000 0.000000 0 0 0 0 0 0 0 0
Child: -1.660423 10.000000 102.000000 0.000000 15.300000 -3.160423 0.000000 0.000000 0.000000 0.000000 0 0 0 0 0 0 0 0
Child: -3.160423 6.414637 66.000000 33.172186 37.200000 0.000000 -10.000000 0.000000 0.000000 0.000000 0 0 0 1 0 0 0 0
EGO_STATUS -5.626675 23.599171 0.600000 1.505615 11.726259 1.000000 -5.880000
DYNAMIC_OBS_INFO 0 -5.750000 51.549857 1.570796 35.894259 -5.750000 60.632794 15.495306 1.190260
DYNAMIC_OBS_INFO 1 -1.750000 33.928573 1.570796 9.940858 -1.750000 33.928573 4.365243 0.206668
STATIC_OBS_INFO 0 -6.300000 66.289814 41.557597 
STATIC_OBS_INFO 1 -6.300000 60.734080 36.002931 
Parent: -39.326074 10.000000 101.000000 0.000000 15.150000 -2.919084 -10.000000 3.093011 31.000000 0.000000 0 0 0 0 0 0 0 0
Child: -2.919084 10.000000 102.000000 0.000000 15.300000 -4.419084 0.000000 0.000000 0.000000 0.000000 0 0 0 0 0 0 0 0
Child: -4.419084 5.271469 54.000000 33.169920 24.000000 0.000000 -10.000000 0.000000 0.000000 0.000000 0 0 0 1 0 0 0 0
EGO_STATUS -5.541437 24.739141 0.700000 1.488213 11.138259 1.000000 -5.880000
DYNAMIC_OBS_INFO 0 -5.750000 51.549857 1.570796 36.370026 -5.750000 62.188276 15.614332 1.190260
DYNAMIC_OBS_INFO 1 -1.750000 33.928573 1.570796 8.912501 -1.750000 33.928573 4.365243 0.206668
STATIC_OBS_INFO 0 -6.300000 66.289814 40.479277 
STATIC_OBS_INFO 1 -6.300000 60.734080 34.924968 
Parent: -39.390146 10.000000 101.000000 0.000000 15.150000 -3.883169 -10.000000 2.993023 30.000000 0.000000 0 0 0 0 0 0 0 0
Child: -3.883169 10.000000 102.000000 0.000000 15.300000 -5.383169 0.000000 0.000000 0.000000 0.000000 0 0 0 0 0 0 0 0
Child: -5.383169 4.187076 43.000000 33.163447 14.250000 0.000000 -10.000000 0.000000 0.000000 0.000000 0 0 0 1 0 0 0 0
EGO_STATUS -5.448063 25.819504 0.800000 1.483356 10.550259 1.000000 -5.880000
DYNAMIC_OBS_INFO 0 -5.750000 51.549857 1.570796 36.916201 -5.750000 63.755661 15.733358 1.190260
DYNAMIC_OBS_INFO 1 -1.750000 33.928573 1.570796 7.954681 -1.750000 33.928573 4.365243 0.206668
STATIC_OBS_INFO 0 -6.300000 66.289814 39.459459 
STATIC_OBS_INFO 1 -6.300000 60.734080 33.905549 
Parent: 261.943250 30.290952 304.000000 6.869263 3032.100000 -6.062852 0.000000 4.199286 39.000000 0.000000 0 0 0 0 0 0 0 0
Child: -6.062852 3.161505 33.000000 33.146213 7.950000 0.000000 -10.000000 0.000000 0.000000 0.000000 0 0 0 1 0 0 0 0
EGO_STATUS -5.362513 26.841494 0.900000 1.493769 9.962259 1.000000 -5.880000
DYNAMIC_OBS_INFO 0 -5.750000 51.549857 1.570796 37.531567 -5.750000 65.334948 15.852384 1.190260
DYNAMIC_OBS_INFO 1 -1.750000 33.928573 1.570796 7.076450 -1.750000 33.928573 4.365243 0.206668
STATIC_OBS_INFO 0 -6.300000 66.289814 38.496748 
STATIC_OBS_INFO 1 -6.300000 60.734080 32.943211 
Parent: 177.229137 20.435104 206.000000 10.272325 2061.400000 5.129440 0.000000 4.590768 38.000000 0.000000 0 0 0 0 0 0 0 0
Child: 5.129440 10.000000 102.000000 0.000000 15.300000 3.629440 0.000000 0.000000 0.000000 0.000000 0 0 0 0 0 0 0 0
Child: 3.629440 2.194752 23.000000 34.584877 3.450000 0.000000 0.000000 0.000000 0.000000 0.000000 0 0 1 0 0 0 0 0
EGO_STATUS -5.298440 27.806097 1.000000 1.516968 9.374259 1.000000 -5.880000
DYNAMIC_OBS_INFO 0 -5.750000 51.549857 1.570796 38.171769 -5.750000 66.926137 15.971410 1.190260
DYNAMIC_OBS_INFO 1 -1.750000 33.928573 1.570796 6.250499 -1.750000 33.928573 4.365243 0.206668
STATIC_OBS_INFO 0 -6.300000 66.289814 37.546688 
STATIC_OBS_INFO 1 -6.300000 60.734080 31.993450 
Parent: 407.532546 10.000000 101.000000 0.000000 4715.150000 -15.545448 -10.000000 3.231459 37.000000 0.000000 0 0 0 0 0 0 0 0
Child: -15.545448 10.000000 101.000000 0.000000 15.150000 -7.045448 -10.000000 0.000000 0.000000 0.000000 0 0 0 0 0 0 0 0
Child: -7.045448 10.000000 102.000000 0.000000 15.300000 1.454552 -10.000000 0.000000 0.000000 0.000000 0 0 0 0 0 0 0 0
Child: 1.454552 1.242587 14.000000 14.288171 2.100000 0.000000 0.000000 0.000000 0.000000 0.000000 0 0 0 0 0 0 0 0
EGO_STATUS -5.261227 28.757498 1.100000 1.546586 9.668259 0.000000 2.940000
DYNAMIC_OBS_INFO 0 -5.750000 51.549857 1.570796 38.808210 -5.750000 68.529230 16.090436 1.190260
DYNAMIC_OBS_INFO 1 -1.750000 33.928573 1.570796 5.470607 -1.750000 33.928573 4.365243 0.206668
STATIC_OBS_INFO 0 -6.300000 66.289814 36.580644 
STATIC_OBS_INFO 1 -6.300000 60.734080 31.027607 
Parent: 397.391948 10.000000 101.000000 0.000000 4715.150000 -26.586046 -10.000000 3.131459 36.000000 0.000000 0 0 0 0 0 0 0 0
Child: -26.586046 10.000000 101.000000 0.000000 15.150000 -18.086046 -10.000000 0.000000 0.000000 0.000000 0 0 0 0 0 0 0 0
Child: -18.086046 10.000000 102.000000 0.000000 15.300000 -9.586046 -10.000000 0.000000 0.000000 0.000000 0 0 0 0 0 0 0 0
Child: -9.586046 0.275761 4.000000 5.404522 0.600000 0.000000 -10.000000 0.000000 0.000000 0.000000 0 0 0 0 0 0 0 0
EGO_STATUS -5.250158 29.724239 1.200000 1.569057 9.668259 4.000000 0.000000
DYNAMIC_OBS_INFO 0 -5.750000 51.549857 1.570796 39.456328 -5.750000 70.144225 16.209462 1.190260
DYNAMIC_OBS_INFO 1 -1.750000 33.928573 1.570796 5.075048 -1.750000 34.366131 4.385910 0.206668
STATIC_OBS_INFO 0 -6.300000 66.289814 35.614231 
STATIC_OBS_INFO 1 -6.300000 60.734080 30.061358 
Parent: 407.774334 10.000000 101.000000 0.000000 4715.150000 -17.103660 -10.000000 3.031459 35.000000 0.000000 0 0 0 0 0 0 0 0
Child: -17.103660 10.000000 101.000000 0.000000 15.150000 -8.603660 -10.000000 0.000000 0.000000 0.000000 0 0 0 0 0 0 0 0
Child: -8.603660 9.308936 95.000000 0.000000 14.250000 0.000000 -10.000000 0.000000 0.000000 0.000000 0 0 0 0 0 0 0 0
EGO_STATUS -5.250000 30.691064 1.300000 1.570796 9.668259 4.000000 0.000000
DYNAMIC_OBS_INFO 0 -5.750000 51.549857 1.570796 40.116348 -5.750000 71.771122 16.328488 1.190260
DYNAMIC_OBS_INFO 1 -1.750000 33.928573 1.570796 4.707341 -1.750000 34.805755 4.406577 0.206668
STATIC_OBS_INFO 0 -6.300000 66.289814 34.647838 
STATIC_OBS_INFO 1 -6.300000 60.734080 29.095142 
Parent: 408.529311 10.000000 101.000000 0.000000 4715.150000 -17.248684 -10.000000 2.931459 34.000000 0.000000 0 0 0 0 0 0 0 0
Child: -17.248684 10.000000 101.000000 0.000000 15.150000 -8.748684 -10.000000 0.000000 0.000000 0.000000 0 0 0 0 0 0 0 0
Child: -8.748684 8.342110 85.000000 0.000000 12.750000 0.000000 -10.000000 0.000000 0.000000 0.000000 0 0 0 0 0 0 0 0
EGO_STATUS -5.250000 31.657890 1.400000 1.570796 9.668259 4.000000 0.000000
DYNAMIC_OBS_INFO 0 -5.750000 51.549857 1.570796 40.788271 -5.750000 73.409922 16.447514 1.190260
DYNAMIC_OBS_INFO 1 -1.750000 33.928573 1.570796 4.373638 -1.750000 35.247446 4.427244 0.206668
STATIC_OBS_INFO 0 -6.300000 66.289814 33.681468 
STATIC_OBS_INFO 1 -6.300000 60.734080 28.128968 
Parent: 409.284287 10.000000 101.000000 0.000000 4715.150000 -17.393707 -10.000000 2.831459 33.000000 0.000000 0 0 0 0 0 0 0 0
Child: -17.393707 10.000000 101.000000 0.000000 15.150000 -8.893707 -10.000000 0.000000 0.000000 0.000000 0 0 0 0 0 0 0 0
Child: -8.893707 7.375284 75.000000 0.000000 11.250000 0.000000 -10.000000 0.000000 0.000000 0.000000 0 0 0 0 0 0 0 0
EGO_STATUS -5.250000 32.624716 1.500000 1.570796 9.668259 4.000000 0.000000
DYNAMIC_OBS_INFO 0 -5.750000 51.549857 1.570796 41.472097 -5.750000 75.060625 16.566540 1.190260
DYNAMIC_OBS_INFO 1 -1.750000 33.928573 1.570796 4.081492 -1.750000 35.691204 4.447910 0.206668
STATIC_OBS_INFO 0 -6.300000 66.289814 32.715126 
STATIC_OBS_INFO 1 -6.300000 60.734080 27.162839 
Parent: 410.039263 10.000000 101.000000 0.000000 4715.150000 -17.538731 -10.000000 2.731459 32.000000 0.000000 0 0 0 0 0 0 0 0
Child: -17.538731 10.000000 101.000000 0.000000 15.150000 -9.038731 -10.000000 0.000000 0.000000 0.000000 0 0 0 0 0 0 0 0
Child: -9.038731 6.408458 66.000000 0.000000 9.900000 0.000000 -10.000000 0.000000 0.000000 0.000000 0 0 0 0 0 0 0 0
EGO_STATUS -5.250000 33.591542 1.600000 1.570796 9.668259 4.000000 0.000000
DYNAMIC_OBS_INFO 0 -5.750000 51.549857 1.570796 42.167827 -5.750000 76.723230 16.685566 1.190260
DYNAMIC_OBS_INFO 1 -1.750000 33.928573 1.570796 3.839553 -1.750000 36.137029 4.468577 0.206668
STATIC_OBS_INFO 0 -6.300000 66.289814 31.748814 
STATIC_OBS_INFO 1 -6.300000 60.734080 26.196763 
Parent: 410.794239 10.000000 101.000000 0.000000 4715.150000 -17.683755 -10.000000 2.631459 31.000000 0.000000 0 0 0 0 0 0 0 0
Child: -17.683755 10.000000 101.000000 0.000000 15.150000 -9.183755 -10.000000 0.000000 0.000000 0.000000 0 0 0 0 0 0 0 0
Child: -9.183755 5.441632 56.000000 0.000000 8.400000 0.000000 -10.000000 0.000000 0.000000 0.000000 0 0 0 0 0 0 0 0
EGO_STATUS -5.250000 34.558368 1.700000 1.570796 9.668259 4.000000 0.000000
DYNAMIC_OBS_INFO 0 -5.750000 51.549857 1.570796 42.875460 -5.750000 78.397738 16.804593 1.190260
DYNAMIC_OBS_INFO 1 -1.750000 33.928573 1.570796 3.656914 -1.750000 36.584920 4.489244 0.206668
STATIC_OBS_INFO 0 -6.300000 66.289814 30.782533 
STATIC_OBS_INFO 1 -6.300000 60.734080 25.230744 
Parent: 411.549215 10.000000 101.000000 0.000000 4715.150000 -17.828779 -10.000000 2.531459 30.000000 0.000000 0 0 0 0 0 0 0 0
Child: -17.828779 10.000000 101.000000 0.000000 15.150000 -9.328779 -10.000000 0.000000 0.000000 0.000000 0 0 0 0 0 0 0 0
Child: -9.328779 4.474806 46.000000 0.000000 6.900000 0.000000 -10.000000 0.000000 0.000000 0.000000 0 0 0 0 0 0 0 0
EGO_STATUS -5.250000 35.525194 1.800000 1.570796 9.668259 4.000000 0.000000
DYNAMIC_OBS_INFO 0 -5.750000 51.549857 1.570796 43.594996 -5.750000 80.084149 16.923619 1.190260
DYNAMIC_OBS_INFO 1 -1.750000 33.928573 1.570796 3.541849 -1.750000 37.034877 4.509911 0.206668
STATIC_OBS_INFO 0 -6.300000 66.289814 29.816288 
STATIC_OBS_INFO 1 -6.300000 60.734080 24.264789 
Parent: 975.172867 20.972423 211.000000 3087.745714 7265.150000 -17.973803 0.000000 3.116751 39.000000 0.000000 1 0 1 0 0 0 0 0
Child: -17.973803 10.000000 101.000000 0.000000 15.150000 -9.473803 -10.000000 0.000000 0.000000 0.000000 0 0 0 0 0 0 0 0
Child: -9.473803 3.507980 37.000000 0.000000 5.550000 0.000000 -10.000000 0.000000 0.000000 0.000000 0 0 0 0 0 0 0 0
EGO_STATUS -5.250000 36.492020 1.900000 1.570796 9.668259 4.000000 0.000000
DYNAMIC_OBS_INFO 0 -5.750000 51.549857 1.570796 44.326436 -5.750000 81.782462 17.042645 1.190260
DYNAMIC_OBS_INFO 1 -1.750000 33.928573 1.570796 3.500112 -1.750000 37.486902 4.530578 0.206668
STATIC_OBS_INFO 0 -6.300000 66.289814 28.850082 
STATIC_OBS_INFO 1 -6.300000 60.734080 23.298906 
Parent: 960.937351 20.972423 211.000000 3033.013873 7265.150000 -18.118827 -10.000000 3.466351 38.000000 0.000000 1 0 0 0 0 0 0 0
Child: -18.118827 10.000000 101.000000 0.000000 15.150000 -9.618827 -10.000000 0.000000 0.000000 0.000000 0 0 0 0 0 0 0 0
Child: -9.618827 2.541154 27.000000 0.000000 4.050000 0.000000 -10.000000 0.000000 0.000000 0.000000 0 0 0 0 0 0 0 0
EGO_STATUS -5.250000 37.458846 2.000000 1.570796 9.668259 4.000000 0.000000
DYNAMIC_OBS_INFO 0 -5.750000 51.549857 1.570796 45.069780 -5.750000 83.492678 17.161671 1.190260
DYNAMIC_OBS_INFO 1 -1.750000 33.928573 1.570796 3.533400 -1.750000 37.940993 4.551244 0.206668
STATIC_OBS_INFO 0 -6.300000 66.289814 27.883919 
STATIC_OBS_INFO 1 -6.300000 60.734080 22.333105 
Parent: 977.093662 20.972423 211.000000 3071.444676 7265.150000 -6.283653 -10.000000 2.967643 37.000000 0.000000 1 0 1 0 0 0 0 0
Child: -6.283653 10.000000 101.000000 20.000000 15.150000 -9.763851 0.000000 0.000000 0.000000 0.000000 0 0 1 0 0 0 0 0
Child: -9.763851 1.574328 17.000000 0.000000 2.550000 0.000000 -10.000000 0.000000 0.000000 0.000000 0 0 0 0 0 0 0 0
EGO_STATUS -5.250000 38.425672 2.100000 1.570796 9.668259 4.000000 0.000000
DYNAMIC_OBS_INFO 0 -5.750000 51.549857 1.570796 45.825026 -5.750000 85.214796 17.280697 1.190260
DYNAMIC_OBS_INFO 1 -1.750000 33.928573 1.570796 3.638779 -1.750000 38.397151 4.571911 0.206668
STATIC_OBS_INFO 0 -6.300000 66.289814 26.917803 
STATIC_OBS_INFO 1 -6.300000 60.734080 21.367396 
Parent: 975.382680 20.972423 211.000000 3064.529274 7265.150000 -18.408875 0.000000 3.069243 36.000000 0.000000 1 0 1 0 0 0 0 0
Child: -18.408875 10.000000 101.000000 0.000000 15.150000 -9.908875 -10.000000 0.000000 0.000000 0.000000 0 0 0 0 0 0 0 0
Child: -9.908875 0.607502 8.000000 0.000000 1.200000 0.000000 -10.000000 0.000000 0.000000 0.000000 0 0 0 0 0 0 0 0
EGO_STATUS -5.250000 39.392498 2.200000 1.570796 9.668259 4.000000 0.000000
DYNAMIC_OBS_INFO 0 -5.750000 51.549857 1.570796 46.592176 -5.750000 86.948817 17.399723 1.190260
DYNAMIC_OBS_INFO 1 -1.750000 33.928573 1.570796 3.809444 -1.750000 38.855375 4.592578 0.206668
STATIC_OBS_INFO 0 -6.300000 66.289814 25.951741 
STATIC_OBS_INFO 1 -6.300000 60.734080 20.401794 
Parent: 934.015060 30.434898 306.000000 3099.530108 6619.800000 0.000000 0.000000 2.326093 35.000000 0.000000 1 0 1 0 0 0 0 0
EGO_STATUS -5.250000 40.359324 2.300000 1.570796 9.668259 4.000000 0.000000
DYNAMIC_OBS_INFO 0 -5.750000 51.549857 1.570796 47.356523 -5.750000 88.694741 17.518749 1.190260
DYNAMIC_OBS_INFO 1 -1.750000 33.928573 1.570796 4.043683 -1.750000 39.315666 4.613245 0.206668
STATIC_OBS_INFO 0 -6.300000 66.289814 24.971043 
STATIC_OBS_INFO 1 -6.300000 60.734080 19.421627 
Parent: 982.534633 20.972423 211.000000 3107.333919 7265.150000 -6.680568 -10.000000 2.238305 34.000000 0.000000 1 0 1 0 0 0 0 0
Child: -6.680568 8.659145 88.000000 20.534281 13.200000 0.000000 -10.000000 0.000000 0.000000 0.000000 0 0 1 0 0 0 0 0
EGO_STATUS -5.249996 41.340857 2.400000 1.570778 9.961959 5.000000 2.937003
DYNAMIC_OBS_INFO 0 -5.750000 51.549857 1.570796 48.103400 -5.750000 90.452567 17.637775 1.190260
DYNAMIC_OBS_INFO 1 -1.750000 33.928573 1.570796 4.344351 -1.750000 39.778024 4.633912 0.206668
STATIC_OBS_INFO 0 -6.300000 66.289814 23.961070 
STATIC_OBS_INFO 1 -6.300000 60.734080 18.412283 
Parent: 983.275855 20.972423 211.000000 3107.333914 7265.150000 -6.839344 -10.000000 2.138304 33.000000 0.000000 1 0 1 0 0 0 0 0
Child: -6.839344 7.648235 78.000000 20.533730 11.700000 0.000000 -10.000000 0.000000 0.000000 0.000000 0 0 1 0 0 0 0 0
EGO_STATUS -5.249890 42.351766 2.500000 1.570558 10.255959 5.000000 2.940000
DYNAMIC_OBS_INFO 0 -5.750000 51.549857 1.570796 48.832767 -5.750000 92.222296 17.756801 1.190260
DYNAMIC_OBS_INFO 1 -1.750000 33.928573 1.570796 4.708108 -1.750000 40.242449 4.654579 0.206668
STATIC_OBS_INFO 0 -6.300000 66.289814 22.921808 
STATIC_OBS_INFO 1 -6.300000 60.734080 17.373778 
Parent: 984.001775 20.972423 211.000000 3107.333901 7265.150000 -7.013421 -10.000000 2.038302 32.000000 0.000000 1 0 1 0 0 0 0 0
Child: -7.013421 6.607907 68.000000 20.533991 10.200000 0.000000 -10.000000 0.000000 0.000000 0.000000 0 0 1 0 0 0 0 0
EGO_STATUS -5.249431 43.392094 2.600000 1.570155 10.549959 5.000000 2.940000
DYNAMIC_OBS_INFO 0 -5.750000 51.549857 1.570796 49.544648 -5.750000 94.003927 17.875827 1.190260
DYNAMIC_OBS_INFO 1 -1.750000 33.928573 1.570796 5.130731 -1.750000 40.708940 4.675245 0.206668
STATIC_OBS_INFO 0 -6.300000 66.289814 21.853304 
STATIC_OBS_INFO 1 -6.300000 60.734080 16.306194 
Parent: 984.740886 20.972423 211.000000 3107.333890 7265.150000 -7.174307 -10.000000 1.938300 31.000000 0.000000 1 0 1 0 0 0 0 0
Child: -7.174307 5.538185 57.000000 20.532541 8.550000 0.000000 -10.000000 0.000000 0.000000 0.000000 0 0 1 0 0 0 0 0
EGO_STATUS -5.248617 44.461816 2.700000 1.569995 10.843959 5.000000 2.940000
DYNAMIC_OBS_INFO 0 -5.750000 51.549857 1.570796 50.239057 -5.750000 95.797461 17.994853 1.190260
DYNAMIC_OBS_INFO 1 -1.750000 33.928573 1.570796 5.608004 -1.750000 41.177498 4.695912 0.206668
STATIC_OBS_INFO 0 -6.300000 66.289814 20.755583 
STATIC_OBS_INFO 1 -6.300000 60.734080 15.209598 
Parent: 985.462477 20.972423 211.000000 3107.333889 7265.150000 -7.352716 -10.000000 1.838300 30.000000 0.000000 1 0 1 0 0 0 0 0
Child: -7.352716 4.439088 46.000000 20.532447 6.900000 0.000000 -10.000000 0.000000 0.000000 0.000000 0 0 1 0 0 0 0 0
EGO_STATUS -5.247911 45.560913 2.800000 1.570412 11.137959 5.000000 2.940000
DYNAMIC_OBS_INFO 0 -5.750000 51.549857 1.570796 50.915941 -5.750000 97.602898 18.113879 1.190260
DYNAMIC_OBS_INFO 1 -1.750000 33.928573 1.570796 6.135987 -1.750000 41.648122 4.716579 0.206668
STATIC_OBS_INFO 0 -6.300000 66.289814 19.628598 
STATIC_OBS_INFO 1 -6.300000 60.734080 14.083997 
Parent: 444.660317 10.000000 101.000000 20.000000 4715.150000 2.432736 -10.000000 2.400849 19.000000 0.000000 0 0 0 1 0 0 0 0
Child: 2.432736 3.310569 35.000000 20.469369 5.250000 0.000000 0.000000 0.000000 0.000000 0.000000 0 0 0 1 0 0 0 0
EGO_STATUS -5.247933 46.689432 2.900000 1.571236 11.431959 5.000000 2.940000
DYNAMIC_OBS_INFO 0 -5.750000 51.549857 1.570796 51.619473 -5.750000 99.420237 18.232905 1.190260
DYNAMIC_OBS_INFO 1 -1.750000 33.928573 1.570796 6.673149 -1.750000 42.120813 4.737246 0.206668
STATIC_OBS_INFO 0 -6.300000 66.289814 18.516481 
STATIC_OBS_INFO 1 -6.300000 60.734080 12.973542 
Parent: 435.402811 10.000000 101.000000 20.000000 4715.150000 -7.724778 -10.000000 2.300856 18.000000 0.000000 0 0 0 1 0 0 0 0
Child: -7.724778 2.196803 23.000000 20.371031 3.450000 0.000000 -10.000000 0.000000 0.000000 0.000000 0 0 0 1 0 0 0 0
EGO_STATUS -5.248775 47.803197 3.000000 1.571755 10.843959 7.000000 -5.880000
DYNAMIC_OBS_INFO 0 -5.750000 51.549857 1.570796 52.393743 -5.750000 101.249479 18.351931 1.190260
DYNAMIC_OBS_INFO 1 -1.750000 33.928573 1.570796 7.174079 -1.750000 42.595571 4.757913 0.206668
STATIC_OBS_INFO 0 -6.300000 66.289814 17.463304 
STATIC_OBS_INFO 1 -6.300000 60.734080 11.922310 
Parent: 435.988040 10.000000 101.000000 20.000000 4715.150000 -8.039566 -10.000000 2.200873 17.000000 0.000000 0 0 0 1 0 0 0 0
Child: -8.039566 1.141876 13.000000 20.369097 1.950000 0.000000 -10.000000 0.000000 0.000000 0.000000 0 0 0 1 0 0 0 0
EGO_STATUS -5.249693 48.858124 3.100000 1.571442 10.255959 7.000000 -5.880000
DYNAMIC_OBS_INFO 0 -5.750000 51.549857 1.570796 53.238663 -5.750000 103.090623 18.470957 1.190260
DYNAMIC_OBS_INFO 1 -1.750000 33.928573 1.570796 7.631797 -1.750000 43.072396 4.778579 0.206668
STATIC_OBS_INFO 0 -6.300000 66.289814 16.469012 
STATIC_OBS_INFO 1 -6.300000 60.734080 10.930322 
Parent: 435.927159 10.000000 101.000000 20.000000 4715.150000 -9.000449 -10.000000 2.100875 16.000000 0.000000 0 0 0 1 0 0 0 0
Child: -9.000449 0.145692 3.000000 20.132168 0.450000 0.000000 -10.000000 0.000000 0.000000 0.000000 0 0 0 1 0 0 0 0
EGO_STATUS -5.249999 49.854308 3.200000 1.570819 9.667959 7.000000 -5.880000
DYNAMIC_OBS_INFO 0 -5.750000 51.549857 1.570796 54.149631 -5.750000 104.943670 18.589983 1.190260
DYNAMIC_OBS_INFO 1 -1.750000 33.928573 1.570796 8.046173 -1.750000 43.551287 4.799246 0.206668
STATIC_OBS_INFO 0 -6.300000 66.289814 15.529005 
STATIC_OBS_INFO 1 -6.300000 60.734080 9.993049 
Parent: 440.522275 9.203653 94.000000 20.000000 4714.100000 0.000000 -10.000000 2.000877 15.000000 0.000000 0 0 0 1 0 0 0 0
EGO_STATUS -5.250000 50.796347 3.300000 1.570796 9.189617 7.000000 -4.587800
DYNAMIC_OBS_INFO 0 -5.750000 51.549857 1.570796 55.118529 -5.750000 106.808620 18.709009 1.190260
DYNAMIC_OBS_INFO 1 -1.750000 33.928573 1.570796 8.421837 -1.750000 44.032245 4.819913 0.206668
STATIC_OBS_INFO 0 -6.300000 66.289814 14.635170 
STATIC_OBS_INFO 1 -6.300000 60.734080 9.102484 
Parent: 440.465461 8.307641 85.000000 20.000000 4712.750000 0.000000 -10.000000 1.900880 14.000000 0.000000 0 0 0 1 0 0 0 0
EGO_STATUS -5.250000 51.692359 3.400000 1.570796 8.730837 7.000000 -4.587796
DYNAMIC_OBS_INFO 0 -5.750000 51.549857 1.570796 56.145279 -5.750000 108.685472 18.828035 1.190260
DYNAMIC_OBS_INFO 1 -1.750000 33.928573 1.570796 8.757005 -1.750000 44.515270 4.840580 0.206668
STATIC_OBS_INFO 0 -6.300000 66.289814 13.787435 
STATIC_OBS_INFO 1 -6.300000 60.734080 8.258680 
Parent: 443.074528 7.457580 76.000000 20.000000 4711.400000 0.000000 -10.000000 1.800900 13.000000 0.000000 0 0 0 1 0 0 0 0
EGO_STATUS -5.250000 52.542420 3.500000 1.570796 8.272058 7.000000 -4.587789
DYNAMIC_OBS_INFO 0 -5.750000 51.549857 1.570796 57.229739 -5.750000 110.574227 18.947061 1.190260
DYNAMIC_OBS_INFO 1 -1.750000 33.928573 1.570796 9.050464 -1.750000 45.000361 4.861247 0.206668
STATIC_OBS_INFO 0 -6.300000 66.289814 12.985663 
STATIC_OBS_INFO 1 -6.300000 60.734080 7.461656 
Parent: 442.518186 6.653329 68.000000 20.000000 4710.200000 0.000000 -10.000000 1.700904 12.000000 0.000000 0 0 0 1 0 0 0 0
EGO_STATUS -5.250000 53.346671 3.600000 1.570796 7.813284 7.000000 -4.587738
DYNAMIC_OBS_INFO 0 -5.750000 51.549857 1.570796 58.372067 -5.750000 112.474884 19.066087 1.190260
DYNAMIC_OBS_INFO 1 -1.750000 33.928573 1.570796 9.301089 -1.750000 45.487519 4.881913 0.206668
STATIC_OBS_INFO 0 -6.300000 66.289814 12.230013 
STATIC_OBS_INFO 1 -6.300000 60.734080 6.711762 
Parent: 445.228478 5.895042 60.000000 20.000000 4709.000000 0.000000 -10.000000 1.600932 11.000000 0.000000 0 0 0 1 0 0 0 0
EGO_STATUS -5.250000 54.104958 3.700000 1.570796 7.354512 7.000000 -4.587727
DYNAMIC_OBS_INFO 0 -5.750000 51.549857 1.570796 59.572124 -5.750000 114.387444 19.185113 1.190260
DYNAMIC_OBS_INFO 1 -1.750000 33.928573 1.570796 9.508287 -1.750000 45.976744 4.902580 0.206668
STATIC_OBS_INFO 0 -6.300000 66.289814 11.520346 
STATIC_OBS_INFO 1 -6.300000 60.734080 6.009109 
Parent: 442.821477 5.182582 53.000000 20.000000 4707.950000 0.000000 -10.000000 1.500948 11.000000 0.000000 0 0 0 1 0 0 0 0
EGO_STATUS -5.250000 54.817418 3.800000 1.570796 6.895747 7.000000 -4.587647
DYNAMIC_OBS_INFO 0 -5.750000 51.549857 1.570796 60.830030 -5.750000 116.311907 19.304139 1.190260
DYNAMIC_OBS_INFO 1 -1.750000 33.928573 1.570796 9.671421 -1.750000 46.468035 4.923247 0.206668
STATIC_OBS_INFO 0 -6.300000 66.289814 10.856776 
STATIC_OBS_INFO 1 -6.300000 60.734080 5.354115 
Parent: 435.606932 4.516068 47.000000 20.000000 4707.050000 0.000000 -10.000000 1.400986 10.000000 0.000000 0 0 0 1 0 0 0 0
EGO_STATUS -5.250000 55.483932 3.900000 1.570796 6.436987 7.000000 -4.587600
DYNAMIC_OBS_INFO 0 -5.750000 51.549857 1.570796 62.145696 -5.750000 118.248272 19.423165 1.190260
DYNAMIC_OBS_INFO 1 -1.750000 33.928573 1.570796 9.790199 -1.750000 46.961393 4.943914 0.206668
STATIC_OBS_INFO 0 -6.300000 66.289814 10.239206 
STATIC_OBS_INFO 1 -6.300000 60.734080 4.747073 
CRASH -5.250000 56.104587 3.900000
Parent: 374.374312 3.895413 40.000000 20.000000 4006.000000 0.000000 -10.000000 1.301021 9.000000 0.000000 0 0 0 1 0 0 0 0
EGO_STATUS -5.250000 56.104587 4.000000 1.570796 5.978239 7.000000 -4.587475
DYNAMIC_OBS_INFO 0 -5.750000 51.549857 1.570796 63.519174 -5.750000 120.196540 19.542191 1.190260
DYNAMIC_OBS_INFO 1 -1.750000 33.928573 1.570796 9.864319 -1.750000 47.456818 4.964581 0.206668
STATIC_OBS_INFO 0 -6.300000 66.289814 9.667670 
STATIC_OBS_INFO 1 -6.300000 60.734080 4.188492 
CRASH -5.250000 56.679333 4.000000
Parent: 316.663356 3.320667 35.000000 20.000000 3505.250000 0.000000 -10.000000 1.201072 9.000000 0.000000 0 0 0 1 0 0 0 0
EGO_STATUS -5.250000 56.679333 4.100000 1.570796 5.519504 7.000000 -4.587350
DYNAMIC_OBS_INFO 0 -5.750000 51.549857 1.570796 64.950472 -5.750000 122.156710 19.661217 1.190260
DYNAMIC_OBS_INFO 1 -1.750000 33.928573 1.570796 9.893624 -1.750000 47.954309 4.985248 0.206668
STATIC_OBS_INFO 0 -6.300000 66.289814 9.142149 
STATIC_OBS_INFO 1 -6.300000 60.734080 3.678939 
CRASH -5.250000 57.208163 4.100000
Parent: 264.629036 2.791837 29.000000 20.000000 2904.350000 0.000000 -10.000000 1.101145 8.000000 0.000000 0 0 0 1 0 0 0 0
EGO_STATUS -5.250000 57.208163 4.200000 1.570796 5.060789 7.000000 -4.587155
DYNAMIC_OBS_INFO 0 -5.750000 51.549857 1.570796 66.439508 -5.750000 124.128783 19.780244 1.190260
DYNAMIC_OBS_INFO 1 -1.750000 33.928573 1.570796 9.878133 -1.750000 48.453868 5.005914 0.206668
STATIC_OBS_INFO 0 -6.300000 66.289814 8.662529 
STATIC_OBS_INFO 1 -6.300000 60.734080 3.218987 
CRASH -5.250000 57.691157 4.200000
Parent: 216.078928 2.308843 25.000000 20.000000 2503.750000 0.000000 -10.000000 1.001210 8.000000 0.000000 0 0 0 1 0 0 0 0
EGO_STATUS -5.250000 57.691157 4.300000 1.570796 4.602104 7.000000 -4.586851
DYNAMIC_OBS_INFO 0 -5.750000 51.549857 1.570796 67.986477 -5.750000 126.112759 19.899270 1.190260
DYNAMIC_OBS_INFO 1 -1.750000 33.928573 1.570796 9.817694 -1.750000 48.955492 5.026581 0.206668
STATIC_OBS_INFO 0 -6.300000 66.289814 8.228957 
STATIC_OBS_INFO 1 -6.300000 60.734080 2.809541 
CRASH -5.250000 58.128121 4.300000
Parent: 173.241921 1.871879 20.000000 20.000000 2003.000000 0.000000 -10.000000 0.901361 7.000000 0.000000 0 0 0 1 0 0 0 0
EGO_STATUS -5.250000 58.128121 4.400000 1.570796 4.143448 7.000000 -4.586552
DYNAMIC_OBS_INFO 0 -5.750000 51.549857 1.570796 69.591027 -5.750000 128.108637 20.018296 1.190260
DYNAMIC_OBS_INFO 1 -1.750000 33.928573 1.570796 9.712756 -1.750000 49.459184 5.047248 0.206668
STATIC_OBS_INFO 0 -6.300000 66.289814 7.841029 
STATIC_OBS_INFO 1 -6.300000 60.734080 2.450975 
CRASH -5.250000 58.519406 4.400000
Parent: 133.933642 1.480594 16.000000 20.000000 1602.400000 0.000000 -10.000000 0.801432 7.000000 0.000000 0 0 0 1 0 0 0 0
EGO_STATUS -5.250000 58.519406 4.500000 1.570796 3.684870 7.000000 -4.585784
DYNAMIC_OBS_INFO 0 -5.750000 51.549857 1.570796 71.253754 -5.750000 130.116418 20.137322 1.190260
DYNAMIC_OBS_INFO 1 -1.750000 33.928573 1.570796 9.562985 -1.750000 49.964942 5.067915 0.206668
STATIC_OBS_INFO 0 -6.300000 66.289814 7.499266 
STATIC_OBS_INFO 1 -6.300000 60.734080 2.144326 
CRASH -5.250000 58.864419 4.500000
Parent: 99.177280 1.135581 13.000000 20.000000 1301.950000 0.000000 -10.000000 0.701771 7.000000 0.000000 0 0 0 1 0 0 0 0
EGO_STATUS -5.250000 58.864419 4.600000 1.570796 3.226332 7.000000 -4.585379
DYNAMIC_OBS_INFO 0 -5.750000 51.549857 1.570796 72.973687 -5.750000 132.136102 20.256348 1.190260
DYNAMIC_OBS_INFO 1 -1.750000 33.928573 1.570796 9.369619 -1.750000 50.472767 5.088582 0.206668
STATIC_OBS_INFO 0 -6.300000 66.289814 7.202632 
STATIC_OBS_INFO 1 -6.300000 60.734080 1.888716 
CRASH -5.250000 59.164128 4.600000
Parent: 69.986107 0.835872 10.000000 20.000000 1001.500000 0.000000 -10.000000 0.601776 6.000000 0.000000 0 0 0 1 0 0 0 0
EGO_STATUS -5.250000 59.164128 4.700000 1.570796 2.768015 7.000000 -4.583168
DYNAMIC_OBS_INFO 0 -5.750000 51.549857 1.570796 74.752411 -5.750000 134.167688 20.375374 1.190260
DYNAMIC_OBS_INFO 1 -1.750000 33.928573 1.570796 9.131662 -1.750000 50.982658 5.109248 0.206668
STATIC_OBS_INFO 0 -6.300000 66.289814 6.952610 
STATIC_OBS_INFO 1 -6.300000 60.734080 1.684439 
CRASH -5.250000 59.416949 4.700000
Parent: 44.561159 0.583051 7.000000 20.000000 701.050000 0.000000 -10.000000 0.502695 6.000000 0.000000 0 0 0 1 0 0 0 0
EGO_STATUS -5.250000 59.416949 4.800000 1.570796 2.309703 7.000000 -4.583123
DYNAMIC_OBS_INFO 0 -5.750000 51.549857 1.570796 76.588291 -5.750000 136.211176 20.494400 1.190260
DYNAMIC_OBS_INFO 1 -1.750000 33.928573 1.570796 8.851287 -1.750000 51.494616 5.129915 0.206668
STATIC_OBS_INFO 0 -6.300000 66.289814 6.747495 
STATIC_OBS_INFO 1 -6.300000 60.734080 1.527622 
CRASH -5.250000 59.624517 4.800000
Parent: 23.509815 0.375483 5.000000 20.000000 500.750000 0.000000 -10.000000 0.403262 6.000000 0.000000 0 0 0 1 0 0 0 0
EGO_STATUS -5.250000 59.624517 4.900000 1.570796 1.852228 7.000000 -4.574749
DYNAMIC_OBS_INFO 0 -5.750000 51.549857 1.570796 78.483963 -5.750000 138.266568 20.613426 1.190260
DYNAMIC_OBS_INFO 1 -1.750000 33.928573 1.570796 8.526973 -1.750000 52.008641 5.150582 0.206668
STATIC_OBS_INFO 0 -6.300000 66.289814 6.589807 
STATIC_OBS_INFO 1 -6.300000 60.734080 1.415902 
CRASH -5.250000 59.784197 4.900000
Parent: 6.998811 0.215803 4.000000 20.000000 400.600000 0.000000 -10.000000 0.307106 6.000000 0.000000 0 0 0 1 0 0 0 0
EGO_STATUS -5.250000 59.784197 5.000000 1.570796 1.395397 7.000000 -4.568315
DYNAMIC_OBS_INFO 0 -5.750000 51.549857 1.570796 80.439128 -5.750000 140.333861 20.732452 1.190260
DYNAMIC_OBS_INFO 1 -1.750000 33.928573 1.570796 8.160259 -1.750000 52.524733 5.171249 0.206668
STATIC_OBS_INFO 0 -6.300000 66.289814 6.479173 
STATIC_OBS_INFO 1 -6.300000 60.734080 1.343278 
CRASH -5.250000 59.896288 5.000000
Parent: -4.704434 0.103712 3.000000 20.000000 300.450000 0.000000 -10.000000 0.217362 6.000000 0.000000 0 0 0 1 0 0 0 0
EGO_STATUS -5.250000 59.896288 5.100000 1.570796 0.944284 7.000000 -4.511129
DYNAMIC_OBS_INFO 0 -5.750000 51.549857 1.570796 82.462126 -5.750000 142.413058 20.851478 1.190260
DYNAMIC_OBS_INFO 1 -1.750000 33.928573 1.570796 7.745449 -1.750000 53.042891 5.191916 0.206668
STATIC_OBS_INFO 0 -6.300000 66.289814 6.423761 
STATIC_OBS_INFO 1 -6.300000 60.734080 1.308987 
CRASH -5.250000 59.952448 5.100000
Parent: -11.056328 0.047552 2.000000 0.000000 200.300000 0.000000 -10.000000 0.181339 6.000000 0.000000 0 0 0 0 0 0 0 0
EGO_STATUS -5.250000 59.952448 5.200000 1.570796 0.514454 7.000000 -4.298293
DYNAMIC_OBS_INFO 0 -5.750000 51.549857 1.570796 84.526965 -5.750000 144.504157 20.970504 1.190260
DYNAMIC_OBS_INFO 1 -1.750000 33.928573 1.570796 7.308170 -1.750000 53.563116 5.212583 0.206668
STATIC_OBS_INFO 0 -6.300000 66.289814 6.397893 
STATIC_OBS_INFO 1 -6.300000 60.734080 1.293500 
CRASH -5.250000 59.978671 5.200000
Parent: -13.690655 0.021329 2.000000 0.000000 200.300000 0.000000 -10.000000 0.173218 6.000000 0.000000 0 0 0 0 0 0 0 0
EGO_STATUS -5.250000 59.978671 5.300000 1.570796 0.236271 7.000000 -2.781832
DYNAMIC_OBS_INFO 0 -5.750000 51.549857 1.570796 86.617618 -5.750000 146.607159 21.089530 1.190260
DYNAMIC_OBS_INFO 1 -1.750000 33.928573 1.570796 6.864826 -1.750000 54.085408 5.233249 0.206668
STATIC_OBS_INFO 0 -6.300000 66.289814 6.385746 
STATIC_OBS_INFO 1 -6.300000 60.734080 1.286348 
CRASH -5.250000 59.990984 5.300000
NO_CANDIDATE
EGO_STATUS -5.250000 59.990984 5.400000 1.570796 0.105643 7.000000 -1.306282
FAIL
DYNAMIC_OBS_INFO 0 -5.750000 51.549857 1.570796 88.721923 -5.750000 148.722063 21.208556 1.190260
DYNAMIC_OBS_INFO 1 -1.750000 33.928573 1.570796 6.428166 -1.750000 54.609766 5.253916 0.206668
STATIC_OBS_INFO 0 -6.300000 66.289814 6.375326 
STATIC_OBS_INFO 1 -6.300000 60.734080 1.280274 
CRASH -5.250000 60.001549 5.400000
NO_CANDIDATE
EGO_STATUS -5.250000 60.001549 5.500000 1.570796 0.105643 4.000000 0.000000
FAIL
DYNAMIC_OBS_INFO 0 -5.750000 51.549857 1.570796 90.838133 -5.750000 150.848870 21.327582 1.190260
DYNAMIC_OBS_INFO 1 -1.750000 33.928573 1.570796 6.002051 -1.750000 55.136191 5.274583 0.206668
STATIC_OBS_INFO 0 -6.300000 66.289814 6.364906 
STATIC_OBS_INFO 1 -6.300000 60.734080 1.274259 
CRASH -5.250000 60.012113 5.500000
NO_CANDIDATE
EGO_STATUS -5.250000 60.012113 5.600000 1.570796 0.105643 4.000000 0.000000
FAIL
DYNAMIC_OBS_INFO 0 -5.750000 51.549857 1.570796 92.966247 -5.750000 152.987579 21.446608 1.190260
DYNAMIC_OBS_INFO 1 -1.750000 33.928573 1.570796 5.589465 -1.750000 55.664682 5.295250 0.206668
STATIC_OBS_INFO 0 -6.300000 66.289814 6.354487 
STATIC_OBS_INFO 1 -6.300000 60.734080 1.268303 
CRASH -5.250000 60.022677 5.600000
NO_CANDIDATE
EGO_STATUS -5.250000 60.022677 5.700000 1.570796 0.105643 4.000000 0.000000
FAIL
DYNAMIC_OBS_INFO 0 -5.750000 51.549857 1.570796 95.106264 -5.750000 155.138191 21.565634 1.190260
DYNAMIC_OBS_INFO 1 -1.750000 33.928573 1.570796 5.194252 -1.750000 56.195241 5.315917 0.206668
STATIC_OBS_INFO 0 -6.300000 66.289814 6.344068 
STATIC_OBS_INFO 1 -6.300000 60.734080 1.262408 
CRASH -5.250000 60.033242 5.700000
NO_CANDIDATE
EGO_STATUS -5.250000 60.033242 5.800000 1.570796 0.105643 4.000000 0.000000
FAIL
DYNAMIC_OBS_INFO 0 -5.750000 51.549857 1.570796 97.258186 -5.750000 157.300706 21.684660 1.190260
DYNAMIC_OBS_INFO 1 -1.750000 33.928573 1.570796 4.821354 -1.750000 56.727866 5.336583 0.206668
STATIC_OBS_INFO 0 -6.300000 66.289814 6.333650 
STATIC_OBS_INFO 1 -6.300000 60.734080 1.256574 
CRASH -5.250000 60.043806 5.800000
NO_CANDIDATE
EGO_STATUS -5.250000 60.043806 5.900000 1.570796 0.105643 4.000000 0.000000
FAIL
DYNAMIC_OBS_INFO 0 -5.750000 51.549857 1.570796 99.422011 -5.750000 159.475124 21.803686 1.190260
DYNAMIC_OBS_INFO 1 -1.750000 33.928573 1.570796 4.477077 -1.750000 57.262557 5.357250 0.206668
STATIC_OBS_INFO 0 -6.300000 66.289814 6.323232 
STATIC_OBS_INFO 1 -6.300000 60.734080 1.250802 
CRASH -5.250000 60.054370 5.900000
NO_CANDIDATE
EGO_STATUS -5.250000 60.054370 6.000000 1.570796 0.105643 4.000000 0.000000
FAIL
DYNAMIC_OBS_INFO 0 -5.750000 51.549857 1.570796 101.597739 -5.750000 161.661443 21.922712 1.190260
DYNAMIC_OBS_INFO 1 -1.750000 33.928573 1.570796 4.169296 -1.750000 57.799316 5.377917 0.206668
STATIC_OBS_INFO 0 -6.300000 66.289814 6.312815 
STATIC_OBS_INFO 1 -6.300000 60.734080 1.245093 
CRASH -5.250000 60.064934 6.000000
NO_CANDIDATE
EGO_STATUS -5.250000 60.064934 6.100000 1.570796 0.105643 4.000000 0.000000
FAIL
DYNAMIC_OBS_INFO 0 -5.750000 51.549857 1.570796 103.785372 -5.750000 163.859666 22.041738 1.190260
DYNAMIC_OBS_INFO 1 -1.750000 33.928573 1.570796 3.907482 -1.750000 58.338141 5.398584 0.206668
STATIC_OBS_INFO 0 -6.300000 66.289814 6.302398 
STATIC_OBS_INFO 1 -6.300000 60.734080 1.239447 
CRASH -5.250000 60.075499 6.100000
NO_CANDIDATE
EGO_STATUS -5.250000 60.075499 6.200000 1.570796 0.105643 4.000000 0.000000
FAIL
DYNAMIC_OBS_INFO 0 -5.750000 51.549857 1.570796 105.984907 -5.750000 166.069791 22.160764 1.190260
DYNAMIC_OBS_INFO 1 -1.750000 33.928573 1.570796 3.702286 -1.750000 58.879033 5.419251 0.206668
STATIC_OBS_INFO 0 -6.300000 66.289814 6.291981 
STATIC_OBS_INFO 1 -6.300000 60.734080 1.233866 
CRASH -5.250000 60.086063 6.200000
NO_CANDIDATE
EGO_STATUS -5.250000 60.086063 6.300000 1.570796 0.105643 4.000000 0.000000
FAIL
DYNAMIC_OBS_INFO 0 -5.750000 51.549857 1.570796 108.196347 -5.750000 168.291819 22.279790 1.190260
DYNAMIC_OBS_INFO 1 -1.750000 33.928573 1.570796 3.564426 -1.750000 59.421991 5.439917 0.206668
STATIC_OBS_INFO 0 -6.300000 66.289814 6.281565 
STATIC_OBS_INFO 1 -6.300000 60.734080 1.228351 
CRASH -5.250000 60.096627 6.300000
NO_CANDIDATE
EGO_STATUS -5.250000 60.096627 6.400000 1.570796 0.105643 4.000000 0.000000
FAIL
DYNAMIC_OBS_INFO 0 -5.750000 51.549857 1.570796 110.419690 -5.750000 170.525749 22.398816 1.190260
DYNAMIC_OBS_INFO 1 -1.750000 33.928573 1.570796 3.502806 -1.750000 59.967016 5.460584 0.206668
STATIC_OBS_INFO 0 -6.300000 66.289814 6.271150 
STATIC_OBS_INFO 1 -6.300000 60.734080 1.222902 
CRASH -5.250000 60.107192 6.400000
NO_CANDIDATE
EGO_STATUS -5.250000 60.107192 6.500000 1.570796 0.105643 4.000000 0.000000
FAIL
DYNAMIC_OBS_INFO 0 -5.750000 51.549857 1.570796 112.654936 -5.750000 172.771582 22.517842 1.190260
DYNAMIC_OBS_INFO 1 -1.750000 33.928573 1.570796 3.522371 -1.750000 60.514108 5.481251 0.206668
STATIC_OBS_INFO 0 -6.300000 66.289814 6.260735 
STATIC_OBS_INFO 1 -6.300000 60.734080 1.217520 
CRASH -5.250000 60.117756 6.500000
NO_CANDIDATE
EGO_STATUS -5.250000 60.117756 6.600000 1.570796 0.105643 4.000000 0.000000
FAIL
DYNAMIC_OBS_INFO 0 -5.750000 51.549857 1.570796 114.902085 -5.750000 175.029318 22.636868 1.190260
DYNAMIC_OBS_INFO 1 -1.750000 33.928573 1.570796 3.622723 -1.750000 61.063266 5.501918 0.206668
STATIC_OBS_INFO 0 -6.300000 66.289814 6.250321 
STATIC_OBS_INFO 1 -6.300000 60.734080 1.212206 
CRASH -5.250000 60.128320 6.600000
NO_CANDIDATE
EGO_STATUS -5.250000 60.128320 6.700000 1.570796 0.105643 4.000000 0.000000
FAIL
DYNAMIC_OBS_INFO 0 -5.750000 51.549857 1.570796 117.161138 -5.750000 177.298956 22.755895 1.190260
DYNAMIC_OBS_INFO 1 -1.750000 33.928573 1.570796 3.798344 -1.750000 61.614491 5.522585 0.206668
STATIC_OBS_INFO 0 -6.300000 66.289814 6.239907 
STATIC_OBS_INFO 1 -6.300000 60.734080 1.206962 
CRASH -5.250000 60.138885 6.700000
NO_CANDIDATE
EGO_STATUS -5.250000 60.138885 6.800000 1.570796 0.105643 4.000000 0.000000
FAIL
DYNAMIC_OBS_INFO 0 -5.750000 51.549857 1.570796 119.432094 -5.750000 179.580497 22.874921 1.190260
DYNAMIC_OBS_INFO 1 -1.750000 33.928573 1.570796 4.040257 -1.750000 62.167783 5.543252 0.206668
STATIC_OBS_INFO 0 -6.300000 66.289814 6.229493 
STATIC_OBS_INFO 1 -6.300000 60.734080 1.201788 
CRASH -5.250000 60.149449 6.800000
NO_CANDIDATE
EGO_STATUS -5.250000 60.149449 6.900000 1.570796 0.105643 4.000000 0.000000
FAIL
DYNAMIC_OBS_INFO 0 -5.750000 51.549857 1.570796 121.714954 -5.750000 181.873940 22.993947 1.190260
DYNAMIC_OBS_INFO 1 -1.750000 33.928573 1.570796 4.338160 -1.750000 62.723142 5.563918 0.206668
STATIC_OBS_INFO 0 -6.300000 66.289814 6.219080 
STATIC_OBS_INFO 1 -6.300000 60.734080 1.196684 
CRASH -5.250000 60.160013 6.900000
NO_CANDIDATE
EGO_STATUS -5.250000 60.160013 7.000000 1.570796 0.105643 4.000000 0.000000
FAIL
DYNAMIC_OBS_INFO 0 -5.750000 51.549857 1.570796 124.009716 -5.750000 184.179286 23.112973 1.190260
DYNAMIC_OBS_INFO 1 -1.750000 33.928573 1.570796 4.682097 -1.750000 63.280567 5.584585 0.206668
STATIC_OBS_INFO 0 -6.300000 66.289814 6.208668 
STATIC_OBS_INFO 1 -6.300000 60.734080 1.191652 
CRASH -5.250000 60.170577 7.000000
NO_CANDIDATE
EGO_STATUS -5.250000 60.170577 7.100000 1.570796 0.105643 4.000000 0.000000
FAIL
DYNAMIC_OBS_INFO 0 -5.750000 51.549857 1.570796 126.316382 -5.750000 186.496534 23.231999 1.190260
DYNAMIC_OBS_INFO 1 -1.750000 33.928573 1.570796 5.063366 -1.750000 63.840059 5.605252 0.206668
STATIC_OBS_INFO 0 -6.300000 66.289814 6.198256 
STATIC_OBS_INFO 1 -6.300000 60.734080 1.186693 
CRASH -5.250000 60.181142 7.100000
NO_CANDIDATE
EGO_STATUS -5.250000 60.181142 7.200000 1.570796 0.105643 4.000000 0.000000
FAIL
DYNAMIC_OBS_INFO 0 -5.750000 51.549857 1.570796 128.634951 -5.750000 188.825686 23.351025 1.190260
DYNAMIC_OBS_INFO 1 -1.750000 33.928573 1.570796 5.474792 -1.750000 64.401617 5.625919 0.206668
STATIC_OBS_INFO 0 -6.300000 66.289814 6.187845 
STATIC_OBS_INFO 1 -6.300000 60.734080 1.181808 
CRASH -5.250000 60.191706 7.200000
NO_CANDIDATE
EGO_STATUS -5.250000 60.191706 7.300000 1.570796 0.105643 4.000000 0.000000
FAIL
DYNAMIC_OBS_INFO 0 -5.750000 51.549857 1.570796 130.965423 -5.750000 191.166739 23.470051 1.190260
DYNAMIC_OBS_INFO 1 -1.750000 33.928573 1.570796 5.910660 -1.750000 64.965243 5.646586 0.206668
STATIC_OBS_INFO 0 -6.300000 66.289814 6.177434 
STATIC_OBS_INFO 1 -6.300000 60.734080 1.176997 
CRASH -5.250000 60.202270 7.300000
NO_CANDIDATE
EGO_STATUS -5.250000 60.202270 7.400000 1.570796 0.105643 4.000000 0.000000
FAIL
DYNAMIC_OBS_INFO 0 -5.750000 51.549857 1.570796 133.307799 -5.750000 193.519696 23.589077 1.190260
DYNAMIC_OBS_INFO 1 -1.750000 33.928573 1.570796 6.366489 -1.750000 65.530934 5.667252 0.206668
STATIC_OBS_INFO 0 -6.300000 66.289814 6.167024 
STATIC_OBS_INFO 1 -6.300000 60.734080 1.172261 
CRASH -5.250000 60.212835 7.400000
NO_CANDIDATE
EGO_STATUS -5.250000 60.212835 7.500000 1.570796 0.105643 4.000000 0.000000
FAIL
DYNAMIC_OBS_INFO 0 -5.750000 51.549857 1.570796 135.662077 -5.750000 195.884555 23.708103 1.190260
DYNAMIC_OBS_INFO 1 -1.750000 33.928573 1.570796 6.838792 -1.750000 66.098693 5.687919 0.206668
STATIC_OBS_INFO 0 -6.300000 66.289814 6.156614 
STATIC_OBS_INFO 1 -6.300000 60.734080 1.167602 
CRASH -5.250000 60.223399 7.500000
NO_CANDIDATE
EGO_STATUS -5.250000 60.223399 7.600000 1.570796 0.105643 4.000000 0.000000
FAIL
DYNAMIC_OBS_INFO 0 -5.750000 51.549857 1.570796 138.028259 -5.750000 198.261316 23.827129 1.190260
DYNAMIC_OBS_INFO 1 -1.750000 33.928573 1.570796 7.324855 -1.750000 66.668518 5.708586 0.206668
STATIC_OBS_INFO 0 -6.300000 66.289814 6.146204 
STATIC_OBS_INFO 1 -6.300000 60.734080 1.163020 
CRASH -5.250000 60.233963 7.600000
NO_CANDIDATE
EGO_STATUS -5.250000 60.233963 7.700000 1.570796 0.105643 4.000000 0.000000
FAIL
DYNAMIC_OBS_INFO 0 -5.750000 51.549857 1.570796 140.406343 -5.750000 200.649981 23.946155 1.190260
DYNAMIC_OBS_INFO 1 -1.750000 33.928573 1.570796 7.822555 -1.750000 67.240410 5.729253 0.206668
STATIC_OBS_INFO 0 -6.300000 66.289814 6.135796 
STATIC_OBS_INFO 1 -6.300000 60.734080 1.158517 
CRASH -5.250000 60.244528 7.700000
NO_CANDIDATE
EGO_STATUS -5.250000 60.244528 7.800000 1.570796 0.105643 4.000000 0.000000
FAIL
DYNAMIC_OBS_INFO 0 -5.750000 51.549857 1.570796 142.796331 -5.750000 203.050547 24.065181 1.190260
DYNAMIC_OBS_INFO 1 -1.750000 33.928573 1.570796 8.330226 -1.750000 67.814369 5.749920 0.206668
STATIC_OBS_INFO 0 -6.300000 66.289814 6.125388 
STATIC_OBS_INFO 1 -6.300000 60.734080 1.154092 
CRASH -5.250000 60.255092 7.800000
NO_CANDIDATE
EGO_STATUS -5.250000 60.255092 7.900000 1.570796 0.105643 4.000000 0.000000
FAIL
DYNAMIC_OBS_INFO 0 -5.750000 51.549857 1.570796 145.198221 -5.750000 205.463017 24.184207 1.190260
DYNAMIC_OBS_INFO 1 -1.750000 33.928573 1.570796 8.846545 -1.750000 68.390394 5.770587 0.206668
STATIC_OBS_INFO 0 -6.300000 66.289814 6.114980 
STATIC_OBS_INFO 1 -6.300000 60.734080 1.149748 
CRASH -5.250000 60.265656 7.900000
NO_CANDIDATE
EGO_STATUS -5.250000 60.265656 8.000000 1.570796 0.105643 4.000000 0.000000
FAIL
DYNAMIC_OBS_INFO 0 -5.750000 51.549857 1.570796 147.612015 -5.750000 207.887389 24.303233 1.190260
DYNAMIC_OBS_INFO 1 -1.750000 33.928573 1.570796 9.370458 -1.750000 68.968486 5.791253 0.206668
STATIC_OBS_INFO 0 -6.300000 66.289814 6.104573 
STATIC_OBS_INFO 1 -6.300000 60.734080 1.145485 
CRASH -5.250000 60.276221 8.000000
NO_CANDIDATE
EGO_STATUS -5.250000 60.276221 8.100000 1.570796 0.105643 4.000000 0.000000
FAIL
DYNAMIC_OBS_INFO 0 -5.750000 51.549857 1.570796 150.037712 -5.750000 210.323663 24.422259 1.190260
DYNAMIC_OBS_INFO 1 -1.750000 33.928573 1.570796 9.901114 -1.750000 69.548645 5.811920 0.206668
STATIC_OBS_INFO 0 -6.300000 66.289814 6.094166 
STATIC_OBS_INFO 1 -6.300000 60.734080 1.141303 
CRASH -5.250000 60.286785 8.100000
NO_CANDIDATE
EGO_STATUS -5.250000 60.286785 8.200000 1.570796 0.105643 4.000000 0.000000
FAIL
DYNAMIC_OBS_INFO 0 -5.750000 51.549857 1.570796 152.475311 -5.750000 212.771841 24.541285 1.190260
DYNAMIC_OBS_INFO 1 -1.750000 33.928573 1.570796 10.437822 -1.750000 70.130870 5.832587 0.206668
STATIC_OBS_INFO 0 -6.300000 66.289814 6.083760 
STATIC_OBS_INFO 1 -6.300000 60.734080 1.137204 
CRASH -5.250000 60.297349 8.200000
NO_CANDIDATE
EGO_STATUS -5.250000 60.297349 8.300000 1.570796 0.105643 4.000000 0.000000
FAIL
DYNAMIC_OBS_INFO 0 -5.750000 51.549857 1.570796 154.924814 -5.750000 215.231920 24.660311 1.190260
DYNAMIC_OBS_INFO 1 -1.750000 33.928573 1.570796 10.980019 -1.750000 70.715162 5.853254 0.206668
STATIC_OBS_INFO 0 -6.300000 66.289814 6.073355 
STATIC_OBS_INFO 1 -6.300000 60.734080 1.133189 
CRASH -5.250000 60.307913 8.300000
NO_CANDIDATE
EGO_STATUS -5.250000 60.307913 8.400000 1.570796 0.105643 4.000000 0.000000
FAIL
DYNAMIC_OBS_INFO 0 -5.750000 51.549857 1.570796 157.386219 -5.750000 217.703903 24.779337 1.190260
DYNAMIC_OBS_INFO 1 -1.750000 33.928573 1.570796 11.527239 -1.750000 71.301521 5.873921 0.206668
STATIC_OBS_INFO 0 -6.300000 66.289814 6.062950 
STATIC_OBS_INFO 1 -6.300000 60.734080 1.129259 
CRASH -5.250000 60.318478 8.400000
NO_CANDIDATE
EGO_STATUS -5.250000 60.318478 8.500000 1.570796 0.105643 4.000000 0.000000
FAIL
DYNAMIC_OBS_INFO 0 -5.750000 51.549857 1.570796 159.859528 -5.750000 220.187788 24.898363 1.190260
DYNAMIC_OBS_INFO 1 -1.750000 33.928573 1.570796 12.079094 -1.750000 71.889946 5.894587 0.206668
STATIC_OBS_INFO 0 -6.300000 66.289814 6.052545 
STATIC_OBS_INFO 1 -6.300000 60.734080 1.125413 
CRASH -5.250000 60.329042 8.500000
NO_CANDIDATE
EGO_STATUS -5.250000 60.329042 8.600000 1.570796 0.105643 4.000000 0.000000
FAIL
DYNAMIC_OBS_INFO 0 -5.750000 51.549857 1.570796 162.344739 -5.750000 222.683575 25.017389 1.190260
DYNAMIC_OBS_INFO 1 -1.750000 33.928573 1.570796 12.635260 -1.750000 72.480438 5.915254 0.206668
STATIC_OBS_INFO 0 -6.300000 66.289814 6.042141 
STATIC_OBS_INFO 1 -6.300000 60.734080 1.121655 
CRASH -5.250000 60.339606 8.600000
NO_CANDIDATE
EGO_STATUS -5.250000 60.339606 8.700000 1.570796 0.105643 4.000000 0.000000
FAIL
DYNAMIC_OBS_INFO 0 -5.750000 51.549857 1.570796 164.841853 -5.750000 225.191266 25.136415 1.190260
DYNAMIC_OBS_INFO 1 -1.750000 33.928573 1.570796 13.195466 -1.750000 73.072997 5.935921 0.206668
STATIC_OBS_INFO 0 -6.300000 66.289814 6.031738 
STATIC_OBS_INFO 1 -6.300000 60.734080 1.117983 
CRASH -5.250000 60.350171 8.700000
NO_CANDIDATE
EGO_STATUS -5.250000 60.350171 8.800000 1.570796 0.105643 4.000000 0.000000
FAIL
DYNAMIC_OBS_INFO 0 -5.750000 51.549857 1.570796 167.350870 -5.750000 227.710858 25.255441 1.190260
DYNAMIC_OBS_INFO 1 -1.750000 33.928573 1.570796 13.759479 -1.750000 73.667623 5.956588 0.206668
STATIC_OBS_INFO 0 -6.300000 66.289814 6.021335 
STATIC_OBS_INFO 1 -6.300000 60.734080 1.114400 
CRASH -5.250000 60.360735 8.800000
NO_CANDIDATE
EGO_STATUS -5.250000 60.360735 8.900000 1.570796 0.105643 4.000000 0.000000
FAIL
DYNAMIC_OBS_INFO 0 -5.750000 51.549857 1.570796 169.871790 -5.750000 230.242354 25.374467 1.190260
DYNAMIC_OBS_INFO 1 -1.750000 33.928573 1.570796 14.327103 -1.750000 74.264315 5.977255 0.206668
STATIC_OBS_INFO 0 -6.300000 66.289814 6.010933 
STATIC_OBS_INFO 1 -6.300000 60.734080 1.110905 
CRASH -5.250000 60.371299 8.900000
NO_CANDIDATE
EGO_STATUS -5.250000 60.371299 9.000000 1.570796 0.105643 4.000000 0.000000
FAIL
DYNAMIC_OBS_INFO 0 -5.750000 51.549857 1.570796 172.404613 -5.750000 232.785752 25.493493 1.190260
DYNAMIC_OBS_INFO 1 -1.750000 33.928573 1.570796 14.898169 -1.750000 74.863074 5.997921 0.206668
STATIC_OBS_INFO 0 -6.300000 66.289814 6.000532 
STATIC_OBS_INFO 1 -6.300000 60.734080 1.107500 
CRASH -5.250000 60.381864 9.000000
NO_CANDIDATE
EGO_STATUS -5.250000 60.381864 9.100000 1.570796 0.105643 4.000000 0.000000
FAIL
DYNAMIC_OBS_INFO 0 -5.750000 51.549857 1.570796 174.949339 -5.750000 235.341053 25.612519 1.190260
DYNAMIC_OBS_INFO 1 -1.750000 33.928573 1.570796 15.472532 -1.750000 75.463899 6.018588 0.206668
STATIC_OBS_INFO 0 -6.300000 66.289814 5.990131 
STATIC_OBS_INFO 1 -6.300000 60.734080 1.104186 
CRASH -5.250000 60.392428 9.100000
NO_CANDIDATE
EGO_STATUS -5.250000 60.392428 9.200000 1.570796 0.105643 4.000000 0.000000
FAIL
DYNAMIC_OBS_INFO 0 -5.750000 51.549857 1.570796 177.505968 -5.750000 237.908256 25.731546 1.190260
DYNAMIC_OBS_INFO 1 -1.750000 33.928573 1.570796 16.050065 -1.750000 76.066791 6.039255 0.206668
STATIC_OBS_INFO 0 -6.300000 66.289814 5.979730 
STATIC_OBS_INFO 1 -6.300000 60.734080 1.100963 
CRASH -5.250000 60.402992 9.200000
NO_CANDIDATE
EGO_STATUS -5.250000 60.402992 9.300000 1.570796 0.105643 4.000000 0.000000
FAIL
DYNAMIC_OBS_INFO 0 -5.750000 51.549857 1.570796 180.074499 -5.750000 240.487362 25.850572 1.190260
DYNAMIC_OBS_INFO 1 -1.750000 33.928573 1.570796 16.630660 -1.750000 76.671750 6.059922 0.206668
STATIC_OBS_INFO 0 -6.300000 66.289814 5.969330 
STATIC_OBS_INFO 1 -6.300000 60.734080 1.097832 
CRASH -5.250000 60.413557 9.300000
NO_CANDIDATE
EGO_STATUS -5.250000 60.413557 9.400000 1.570796 0.105643 4.000000 0.000000
FAIL
DYNAMIC_OBS_INFO 0 -5.750000 51.549857 1.570796 182.654934 -5.750000 243.078370 25.969598 1.190260
DYNAMIC_OBS_INFO 1 -1.750000 33.928573 1.570796 17.214221 -1.750000 77.278776 6.080589 0.206668
STATIC_OBS_INFO 0 -6.300000 66.289814 5.958931 
STATIC_OBS_INFO 1 -6.300000 60.734080 1.094794 
CRASH -5.250000 60.424121 9.400000
NO_CANDIDATE
EGO_STATUS -5.250000 60.424121 9.500000 1.570796 0.105643 4.000000 0.000000
FAIL
DYNAMIC_OBS_INFO 0 -5.750000 51.549857 1.570796 185.247271 -5.750000 245.681281 26.088624 1.190260
DYNAMIC_OBS_INFO 1 -1.750000 33.928573 1.570796 17.800663 -1.750000 77.887868 6.101256 0.206668
STATIC_OBS_INFO 0 -6.300000 66.289814 5.948532 
STATIC_OBS_INFO 1 -6.300000 60.734080 1.091850 
CRASH -5.250000 60.434685 9.500000
NO_CANDIDATE
EGO_STATUS -5.250000 60.434685 9.600000 1.570796 0.105643 4.000000 0.000000
FAIL
DYNAMIC_OBS_INFO 0 -5.750000 51.549857 1.570796 187.851511 -5.750000 248.296095 26.207650 1.190260
DYNAMIC_OBS_INFO 1 -1.750000 33.928573 1.570796 18.389912 -1.750000 78.499027 6.121922 0.206668
STATIC_OBS_INFO 0 -6.300000 66.289814 5.938134 
STATIC_OBS_INFO 1 -6.300000 60.734080 1.089001 
CRASH -5.250000 60.445249 9.600000
NO_CANDIDATE
EGO_STATUS -5.250000 60.445249 9.700000 1.570796 0.105643 4.000000 0.000000
FAIL
DYNAMIC_OBS_INFO 0 -5.750000 51.549857 1.570796 190.467654 -5.750000 250.922811 26.326676 1.190260
DYNAMIC_OBS_INFO 1 -1.750000 33.928573 1.570796 18.981905 -1.750000 79.112252 6.142589 0.206668
STATIC_OBS_INFO 0 -6.300000 66.289814 5.927737 
STATIC_OBS_INFO 1 -6.300000 60.734080 1.086247 
CRASH -5.250000 60.455814 9.700000
NO_CANDIDATE
EGO_STATUS -5.250000 60.455814 9.800000 1.570796 0.105643 4.000000 0.000000
FAIL
DYNAMIC_OBS_INFO 0 -5.750000 51.549857 1.570796 193.095699 -5.750000 253.561430 26.445702 1.190260
DYNAMIC_OBS_INFO 1 -1.750000 33.928573 1.570796 19.576581 -1.750000 79.727545 6.163256 0.206668
STATIC_OBS_INFO 0 -6.300000 66.289814 5.917340 
STATIC_OBS_INFO 1 -6.300000 60.734080 1.083589 
CRASH -5.250000 60.466378 9.800000
NO_CANDIDATE
EGO_STATUS -5.250000 60.466378 9.900000 1.570796 0.105643 4.000000 0.000000
FAIL
DYNAMIC_OBS_INFO 0 -5.750000 51.549857 1.570796 195.735648 -5.750000 256.211951 26.564728 1.190260
DYNAMIC_OBS_INFO 1 -1.750000 33.928573 1.570796 20.173891 -1.750000 80.344904 6.183923 0.206668
STATIC_OBS_INFO 0 -6.300000 66.289814 5.906943 
STATIC_OBS_INFO 1 -6.300000 60.734080 1.081027 
CRASH -5.250000 60.476942 9.900000
NO_CANDIDATE
EGO_STATUS -5.250000 60.476942 10.000000 1.570796 0.105643 4.000000 0.000000
FAIL
DYNAMIC_OBS_INFO 0 -5.750000 51.549857 1.570796 198.387499 -5.750000 258.874376 26.683754 1.190260
DYNAMIC_OBS_INFO 1 -1.750000 33.928573 1.570796 20.773788 -1.750000 80.964329 6.204590 0.206668
STATIC_OBS_INFO 0 -6.300000 66.289814 5.896547 
STATIC_OBS_INFO 1 -6.300000 60.734080 1.078563 
CRASH -5.250000 60.487507 10.000000
NO_CANDIDATE
EGO_STATUS -5.250000 60.487507 10.100000 1.570796 0.105643 4.000000 0.000000
FAIL
DYNAMIC_OBS_INFO 0 -5.750000 51.549857 1.570796 201.051253 -5.750000 261.548702 26.802780 1.190260
DYNAMIC_OBS_INFO 1 -1.750000 33.928573 1.570796 21.376230 -1.750000 81.585821 6.225256 0.206668
STATIC_OBS_INFO 0 -6.300000 66.289814 5.886152 
STATIC_OBS_INFO 1 -6.300000 60.734080 1.076197 
CRASH -5.250000 60.498071 10.100000
NO_CANDIDATE
EGO_STATUS -5.250000 60.498071 10.200000 1.570796 0.105643 4.000000 0.000000
FAIL
DYNAMIC_OBS_INFO 0 -5.750000 51.549857 1.570796 203.726910 -5.750000 264.234932 26.921806 1.190260
DYNAMIC_OBS_INFO 1 -1.750000 33.928573 1.570796 21.981181 -1.750000 82.209380 6.245923 0.206668
STATIC_OBS_INFO 0 -6.300000 66.289814 5.875758 
STATIC_OBS_INFO 1 -6.300000 60.734080 1.073930 
CRASH -5.250000 60.508635 10.200000
NO_CANDIDATE
EGO_STATUS -5.250000 60.508635 10.300000 1.570796 0.105643 4.000000 0.000000
FAIL
DYNAMIC_OBS_INFO 0 -5.750000 51.549857 1.570796 206.414469 -5.750000 266.933063 27.040832 1.190260
DYNAMIC_OBS_INFO 1 -1.750000 33.928573 1.570796 22.588608 -1.750000 82.835006 6.266590 0.206668
STATIC_OBS_INFO 0 -6.300000 66.289814 5.865364 
STATIC_OBS_INFO 1 -6.300000 60.734080 1.071762 
CRASH -5.250000 60.519200 10.300000
NO_CANDIDATE
EGO_STATUS -5.250000 60.519200 10.400000 1.570796 0.105643 4.000000 0.000000
FAIL
DYNAMIC_OBS_INFO 0 -5.750000 51.549857 1.570796 209.113932 -5.750000 269.643098 27.159858 1.190260
DYNAMIC_OBS_INFO 1 -1.750000 33.928573 1.570796 23.198480 -1.750000 83.462698 6.287257 0.206668
STATIC_OBS_INFO 0 -6.300000 66.289814 5.854970 
STATIC_OBS_INFO 1 -6.300000 60.734080 1.069694 
CRASH -5.250000 60.529764 10.400000
NO_CANDIDATE
EGO_STATUS -5.250000 60.529764 10.500000 1.570796 0.105643 4.000000 0.000000
FAIL
DYNAMIC_OBS_INFO 0 -5.750000 51.549857 1.570796 211.825297 -5.750000 272.365035 27.278884 1.190260
DYNAMIC_OBS_INFO 1 -1.750000 33.928573 1.570796 23.810771 -1.750000 84.092457 6.307924 0.206668
STATIC_OBS_INFO 0 -6.300000 66.289814 5.844578 
STATIC_OBS_INFO 1 -6.300000 60.734080 1.067726 
CRASH -5.250000 60.540328 10.500000
NO_CANDIDATE
EGO_STATUS -5.250000 60.540328 10.600000 1.570796 0.105643 4.000000 0.000000
FAIL
DYNAMIC_OBS_INFO 0 -5.750000 51.549857 1.570796 214.548565 -5.750000 275.098875 27.397910 1.190260
DYNAMIC_OBS_INFO 1 -1.750000 33.928573 1.570796 24.425454 -1.750000 84.724283 6.328591 0.206668
STATIC_OBS_INFO 0 -6.300000 66.289814 5.834186 
STATIC_OBS_INFO 1 -6.300000 60.734080 1.065860 
CRASH -5.250000 60.550893 10.600000
NO_CANDIDATE
EGO_STATUS -5.250000 60.550893 10.700000 1.570796 0.105643 4.000000 0.000000
FAIL
DYNAMIC_OBS_INFO 0 -5.750000 51.549857 1.570796 217.283735 -5.750000 277.844617 27.516936 1.190260
DYNAMIC_OBS_INFO 1 -1.750000 33.928573 1.570796 25.042509 -1.750000 85.358176 6.349257 0.206668
STATIC_OBS_INFO 0 -6.300000 66.289814 5.823794 
STATIC_OBS_INFO 1 -6.300000 60.734080 1.064095 
CRASH -5.250000 60.561457 10.700000
NO_CANDIDATE
EGO_STATUS -5.250000 60.561457 10.800000 1.570796 0.105643 4.000000 0.000000
FAIL
DYNAMIC_OBS_INFO 0 -5.750000 51.549857 1.570796 220.030809 -5.750000 280.602262 27.635962 1.190260
DYNAMIC_OBS_INFO 1 -1.750000 33.928573 1.570796 25.661915 -1.750000 85.994135 6.369924 0.206668
STATIC_OBS_INFO 0 -6.300000 66.289814 5.813403 
STATIC_OBS_INFO 1 -6.300000 60.734080 1.062433 
CRASH -5.250000 60.572021 10.800000
NO_CANDIDATE
EGO_STATUS -5.250000 60.572021 10.900000 1.570796 0.105643 4.000000 0.000000
FAIL
DYNAMIC_OBS_INFO 0 -5.750000 51.549857 1.570796 222.789785 -5.750000 283.371809 27.754988 1.190260
DYNAMIC_OBS_INFO 1 -1.750000 33.928573 1.570796 26.283652 -1.750000 86.632160 6.390591 0.206668
STATIC_OBS_INFO 0 -6.300000 66.289814 5.803013 
STATIC_OBS_INFO 1 -6.300000 60.734080 1.060873 
CRASH -5.250000 60.582585 10.900000
NO_CANDIDATE
EGO_STATUS -5.250000 60.582585 11.000000 1.570796 0.105643 4.000000 0.000000
FAIL
DYNAMIC_OBS_INFO 0 -5.750000 51.549857 1.570796 225.560664 -5.750000 286.153260 27.874014 1.190260
DYNAMIC_OBS_INFO 1 -1.750000 33.928573 1.570796 26.907704 -1.750000 87.272253 6.411258 0.206668
STATIC_OBS_INFO 0 -6.300000 66.289814 5.792623 
STATIC_OBS_INFO 1 -6.300000 60.734080 1.059416 
CRASH -5.250000 60.593150 11.000000
NO_CANDIDATE
EGO_STATUS -5.250000 60.593150 11.100000 1.570796 0.105643 4.000000 0.000000
FAIL
DYNAMIC_OBS_INFO 0 -5.750000 51.549857 1.570796 228.343446 -5.750000 288.946612 27.993040 1.190260
DYNAMIC_OBS_INFO 1 -1.750000 33.928573 1.570796 27.534056 -1.750000 87.914412 6.431925 0.206668
STATIC_OBS_INFO 0 -6.300000 66.289814 5.782234 
STATIC_OBS_INFO 1 -6.300000 60.734080 1.058062 
CRASH -5.250000 60.603714 11.100000
NO_CANDIDATE
EGO_STATUS -5.250000 60.603714 11.200000 1.570796 0.105643 4.000000 0.000000
FAIL
DYNAMIC_OBS_INFO 0 -5.750000 51.549857 1.570796 231.138130 -5.750000 291.751868 28.112066 1.190260
DYNAMIC_OBS_INFO 1 -1.750000 33.928573 1.570796 28.162692 -1.750000 88.558638 6.452591 0.206668
STATIC_OBS_INFO 0 -6.300000 66.289814 5.771846 
STATIC_OBS_INFO 1 -6.300000 60.734080 1.056812 
CRASH -5.250000 60.614278 11.200000
NO_CANDIDATE
EGO_STATUS -5.250000 60.614278 11.300000 1.570796 0.105643 4.000000 0.000000
FAIL
DYNAMIC_OBS_INFO 0 -5.750000 51.549857 1.570796 233.944717 -5.750000 294.569026 28.231092 1.190260
DYNAMIC_OBS_INFO 1 -1.750000 33.928573 1.570796 28.793600 -1.750000 89.204930 6.473258 0.206668
STATIC_OBS_INFO 0 -6.300000 66.289814 5.761458 
STATIC_OBS_INFO 1 -6.300000 60.734080 1.055667 
CRASH -5.250000 60.624843 11.300000
NO_CANDIDATE
EGO_STATUS -5.250000 60.624843 11.400000 1.570796 0.105643 4.000000 0.000000
FAIL
DYNAMIC_OBS_INFO 0 -5.750000 51.549857 1.570796 236.763207 -5.750000 297.398086 28.350118 1.190260
DYNAMIC_OBS_INFO 1 -1.750000 33.928573 1.570796 29.426768 -1.750000 89.853289 6.493925 0.206668
STATIC_OBS_INFO 0 -6.300000 66.289814 5.751071 
STATIC_OBS_INFO 1 -6.300000 60.734080 1.054626 
CRASH -5.250000 60.635407 11.400000
NO_CANDIDATE
EGO_STATUS -5.250000 60.635407 11.500000 1.570796 0.105643 4.000000 0.000000
FAIL
DYNAMIC_OBS_INFO 0 -5.750000 51.549857 1.570796 239.593600 -5.750000 300.239049 28.469144 1.190260
DYNAMIC_OBS_INFO 1 -1.750000 33.928573 1.570796 30.062183 -1.750000 90.503715 6.514592 0.206668
STATIC_OBS_INFO 0 -6.300000 66.289814 5.740685 
STATIC_OBS_INFO 1 -6.300000 60.734080 1.053690 
CRASH -5.250000 60.645971 11.500000
NO_CANDIDATE
EGO_STATUS -5.250000 60.645971 11.600000 1.570796 0.105643 4.000000 0.000000
FAIL
DYNAMIC_OBS_INFO 0 -5.750000 51.549857 1.570796 242.435895 -5.750000 303.091915 28.588170 1.190260
DYNAMIC_OBS_INFO 1 -1.750000 33.928573 1.570796 30.699837 -1.750000 91.156208 6.535259 0.206668
STATIC_OBS_INFO 0 -6.300000 66.289814 5.730299 
STATIC_OBS_INFO 1 -6.300000 60.734080 1.052859 
CRASH -5.250000 60.656536 11.600000
NO_CANDIDATE
EGO_STATUS -5.250000 60.656536 11.700000 1.570796 0.105643 4.000000 0.000000
FAIL
DYNAMIC_OBS_INFO 0 -5.750000 51.549857 1.570796 245.290093 -5.750000 305.956683 28.707197 1.190260
DYNAMIC_OBS_INFO 1 -1.750000 33.928573 1.570796 31.339719 -1.750000 91.810767 6.555925 0.206668
STATIC_OBS_INFO 0 -6.300000 66.289814 5.719914 
STATIC_OBS_INFO 1 -6.300000 60.734080 1.052134 
CRASH -5.250000 60.667100 11.700000
NO_CANDIDATE
EGO_STATUS -5.250000 60.667100 11.800000 1.570796 0.105643 4.000000 0.000000
FAIL
DYNAMIC_OBS_INFO 0 -5.750000 51.549857 1.570796 248.156194 -5.750000 308.833354 28.826223 1.190260
DYNAMIC_OBS_INFO 1 -1.750000 33.928573 1.570796 31.981821 -1.750000 92.467393 6.576592 0.206668
STATIC_OBS_INFO 0 -6.300000 66.289814 5.709530 
STATIC_OBS_INFO 1 -6.300000 60.734080 1.051514 
CRASH -5.250000 60.677664 11.800000
NO_CANDIDATE
EGO_STATUS -5.250000 60.677664 11.900000 1.570796 0.105643 4.000000 0.000000
FAIL
DYNAMIC_OBS_INFO 0 -5.750000 51.549857 1.570796 251.034197 -5.750000 311.721928 28.945249 1.190260
DYNAMIC_OBS_INFO 1 -1.750000 33.928573 1.570796 32.626133 -1.750000 93.126085 6.597259 0.206668
STATIC_OBS_INFO 0 -6.300000 66.289814 5.699146 
STATIC_OBS_INFO 1 -6.300000 60.734080 1.051001 
CRASH -5.250000 60.688229 11.900000
NO_CANDIDATE
EGO_STATUS -5.250000 60.688229 12.000000 1.570796 0.105643 4.000000 0.000000
FAIL
DYNAMIC_OBS_INFO 0 -5.750000 51.549857 1.570796 253.924103 -5.750000 314.622404 29.064275 1.190260
DYNAMIC_OBS_INFO 1 -1.750000 33.928573 1.570796 33.272649 -1.750000 93.786845 6.617926 0.206668
STATIC_OBS_INFO 0 -6.300000 66.289814 5.688763 
STATIC_OBS_INFO 1 -6.300000 60.734080 1.050593 
CRASH -5.250000 60.698793 12.000000
NO_CANDIDATE
EGO_STATUS -5.250000 60.698793 12.100000 1.570796 0.105643 4.000000 0.000000
FAIL
DYNAMIC_OBS_INFO 0 -5.750000 51.549857 1.570796 256.825912 -5.750000 317.534783 29.183301 1.190260
DYNAMIC_OBS_INFO 1 -1.750000 33.928573 1.570796 33.921361 -1.750000 94.449671 6.638593 0.206668
STATIC_OBS_INFO 0 -6.300000 66.289814 5.678380 
STATIC_OBS_INFO 1 -6.300000 60.734080 1.050291 
CRASH -5.250000 60.709357 12.100000
NO_CANDIDATE
EGO_STATUS -5.250000 60.709357 12.200000 1.570796 0.105643 4.000000 0.000000
FAIL
DYNAMIC_OBS_INFO 0 -5.750000 51.549857 1.570796 259.739624 -5.750000 320.459064 29.302327 1.190260
DYNAMIC_OBS_INFO 1 -1.750000 33.928573 1.570796 34.572263 -1.750000 95.114563 6.659260 0.206668
STATIC_OBS_INFO 0 -6.300000 66.289814 5.667998 
STATIC_OBS_INFO 1 -6.300000 60.734080 1.050095 
CRASH -5.250000 60.719921 12.200000
NO_CANDIDATE
EGO_STATUS -5.250000 60.719921 12.300000 1.570796 0.105643 4.000000 0.000000
FAIL
DYNAMIC_OBS_INFO 0 -5.750000 51.549857 1.570796 262.665238 -5.750000 323.395248 29.421353 1.190260
DYNAMIC_OBS_INFO 1 -1.750000 33.928573 1.570796 35.225349 -1.750000 95.781523 6.679926 0.206668
STATIC_OBS_INFO 0 -6.300000 66.289814 5.657617 
STATIC_OBS_INFO 1 -6.300000 60.734080 1.050006 
CRASH -5.250000 60.730486 12.300000
NO_CANDIDATE
EGO_STATUS -5.250000 60.730486 12.400000 1.570796 0.105643 4.000000 0.000000
FAIL
DYNAMIC_OBS_INFO 0 -5.750000 51.549857 1.570796 265.602755 -5.750000 326.343335 29.540379 1.190260
DYNAMIC_OBS_INFO 1 -1.750000 33.928573 1.570796 35.880611 -1.750000 96.450549 6.700593 0.206668
STATIC_OBS_INFO 0 -6.300000 66.289814 5.647237 
STATIC_OBS_INFO 1 -6.300000 60.734080 1.050023 
CRASH -5.250000 60.741050 12.400000
NO_CANDIDATE
EGO_STATUS -5.250000 60.741050 12.500000 1.570796 0.105643 4.000000 0.000000
FAIL
DYNAMIC_OBS_INFO 0 -5.750000 51.549857 1.570796 268.552175 -5.750000 329.303324 29.659405 1.190260
DYNAMIC_OBS_INFO 1 -1.750000 33.928573 1.570796 36.538047 -1.750000 97.121641 6.721260 0.206668
STATIC_OBS_INFO 0 -6.300000 66.289814 5.636857 
STATIC_OBS_INFO 1 -6.300000 60.734080 1.050146 
CRASH -5.250000 60.751614 12.500000
NO_CANDIDATE
EGO_STATUS -5.250000 60.751614 12.600000 1.570796 0.105643 4.000000 0.000000
FAIL
DYNAMIC_OBS_INFO 0 -5.750000 51.549857 1.570796 271.513497 -5.750000 332.275216 29.778431 1.190260
DYNAMIC_OBS_INFO 1 -1.750000 33.928573 1.570796 37.197649 -1.750000 97.794801 6.741927 0.206668
STATIC_OBS_INFO 0 -6.300000 66.289814 5.626478 
STATIC_OBS_INFO 1 -6.300000 60.734080 1.050376 
CRASH -5.250000 60.762179 12.600000
NO_CANDIDATE
EGO_STATUS -5.250000 60.762179 12.700000 1.570796 0.105643 4.000000 0.000000
FAIL
DYNAMIC_OBS_INFO 0 -5.750000 51.549857 1.570796 274.486722 -5.750000 335.259010 29.897457 1.190260
DYNAMIC_OBS_INFO 1 -1.750000 33.928573 1.570796 37.859413 -1.750000 98.470027 6.762594 0.206668
STATIC_OBS_INFO 0 -6.300000 66.289814 5.616100 
STATIC_OBS_INFO 1 -6.300000 60.734080 1.050712 
CRASH -5.250000 60.772743 12.700000
NO_CANDIDATE
EGO_STATUS -5.250000 60.772743 12.800000 1.570796 0.105643 4.000000 0.000000
FAIL
DYNAMIC_OBS_INFO 0 -5.750000 51.549857 1.570796 277.471850 -5.750000 338.254707 30.016483 1.190260
DYNAMIC_OBS_INFO 1 -1.750000 33.928573 1.570796 38.523336 -1.750000 99.147319 6.783260 0.206668
STATIC_OBS_INFO 0 -6.300000 66.289814 5.605722 
STATIC_OBS_INFO 1 -6.300000 60.734080 1.051153 
CRASH -5.250000 60.783307 12.800000
NO_CANDIDATE
EGO_STATUS -5.250000 60.783307 12.900000 1.570796 0.105643 4.000000 0.000000
FAIL
DYNAMIC_OBS_INFO 0 -5.750000 51.549857 1.570796 280.468881 -5.750000 341.262307 30.135509 1.190260
DYNAMIC_OBS_INFO 1 -1.750000 33.928573 1.570796 39.189412 -1.750000 99.826679 6.803927 0.206668
STATIC_OBS_INFO 0 -6.300000 66.289814 5.595345 
STATIC_OBS_INFO 1 -6.300000 60.734080 1.051701 
CRASH -5.250000 60.793872 12.900000
NO_CANDIDATE
EGO_STATUS -5.250000 60.793872 13.000000 1.570796 0.105643 4.000000 0.000000
FAIL
DYNAMIC_OBS_INFO 0 -5.750000 51.549857 1.570796 283.477814 -5.750000 344.281809 30.254535 1.190260
DYNAMIC_OBS_INFO 1 -1.750000 33.928573 1.570796 39.857638 -1.750000 100.508105 6.824594 0.206668
STATIC_OBS_INFO 0 -6.300000 66.289814 5.584969 
STATIC_OBS_INFO 1 -6.300000 60.734080 1.052354 
CRASH -5.250000 60.804436 13.000000
NO_CANDIDATE
EGO_STATUS -5.250000 60.804436 13.100000 1.570796 0.105643 4.000000 0.000000
FAIL
DYNAMIC_OBS_INFO 0 -5.750000 51.549857 1.570796 286.498650 -5.750000 347.313214 30.373561 1.190260
DYNAMIC_OBS_INFO 1 -1.750000 33.928573 1.570796 40.528010 -1.750000 101.191597 6.845261 0.206668
STATIC_OBS_INFO 0 -6.300000 66.289814 5.574593 
STATIC_OBS_INFO 1 -6.300000 60.734080 1.053114 
CRASH -5.250000 60.815000 13.100000
NO_CANDIDATE
EGO_STATUS -5.250000 60.815000 13.200000 1.570796 0.105643 4.000000 0.000000
FAIL
DYNAMIC_OBS_INFO 0 -5.750000 51.549857 1.570796 289.531388 -5.750000 350.356521 30.492587 1.190260
DYNAMIC_OBS_INFO 1 -1.750000 33.928573 1.570796 41.200525 -1.750000 101.877157 6.865928 0.206668
STATIC_OBS_INFO 0 -6.300000 66.289814 5.564218 
STATIC_OBS_INFO 1 -6.300000 60.734080 1.053978 
CRASH -5.250000 60.825565 13.200000
NO_CANDIDATE
EGO_STATUS -5.250000 60.825565 13.300000 1.570796 0.105643 4.000000 0.000000
FAIL
DYNAMIC_OBS_INFO 0 -5.750000 51.549857 1.570796 292.576030 -5.750000 353.411731 30.611613 1.190260
DYNAMIC_OBS_INFO 1 -1.750000 33.928573 1.570796 41.875179 -1.750000 102.564783 6.886595 0.206668
STATIC_OBS_INFO 0 -6.300000 66.289814 5.553844 
STATIC_OBS_INFO 1 -6.300000 60.734080 1.054947 
CRASH -5.250000 60.836129 13.300000
NO_CANDIDATE
EGO_STATUS -5.250000 60.836129 13.400000 1.570796 0.105643 4.000000 0.000000
FAIL
DYNAMIC_OBS_INFO 0 -5.750000 51.549857 1.570796 295.632573 -5.750000 356.478844 30.730639 1.190260
DYNAMIC_OBS_INFO 1 -1.750000 33.928573 1.570796 42.551969 -1.750000 103.254476 6.907261 0.206668
STATIC_OBS_INFO 0 -6.300000 66.289814 5.543471 
STATIC_OBS_INFO 1 -6.300000 60.734080 1.056022 
CRASH -5.250000 60.846693 13.400000
NO_CANDIDATE
EGO_STATUS -5.250000 60.846693 13.500000 1.570796 0.105643 4.000000 0.000000
FAIL
DYNAMIC_OBS_INFO 0 -5.750000 51.549857 1.570796 298.701020 -5.750000 359.557859 30.849665 1.190260
DYNAMIC_OBS_INFO 1 -1.750000 33.928573 1.570796 43.230892 -1.750000 103.946235 6.927928 0.206668
STATIC_OBS_INFO 0 -6.300000 66.289814 5.533098 
STATIC_OBS_INFO 1 -6.300000 60.734080 1.057200 
CRASH -5.250000 60.857257 13.500000
NO_CANDIDATE
EGO_STATUS -5.250000 60.857257 13.600000 1.570796 0.105643 4.000000 0.000000
FAIL
DYNAMIC_OBS_INFO 0 -5.750000 51.549857 1.570796 301.781369 -5.750000 362.648777 30.968691 1.190260
DYNAMIC_OBS_INFO 1 -1.750000 33.928573 1.570796 43.911946 -1.750000 104.640061 6.948595 0.206668
STATIC_OBS_INFO 0 -6.300000 66.289814 5.522726 
STATIC_OBS_INFO 1 -6.300000 60.734080 1.058483 
CRASH -5.250000 60.867822 13.600000
NO_CANDIDATE
EGO_STATUS -5.250000 60.867822 13.700000 1.570796 0.105643 4.000000 0.000000
FAIL
DYNAMIC_OBS_INFO 0 -5.750000 51.549857 1.570796 304.873621 -5.750000 365.751597 31.087717 1.190260
DYNAMIC_OBS_INFO 1 -1.750000 33.928573 1.570796 44.595127 -1.750000 105.335954 6.969262 0.206668
STATIC_OBS_INFO 0 -6.300000 66.289814 5.512355 
STATIC_OBS_INFO 1 -6.300000 60.734080 1.059870 
CRASH -5.250000 60.878386 13.700000
NO_CANDIDATE
EGO_STATUS -5.250000 60.878386 13.800000 1.570796 0.105643 4.000000 0.000000
FAIL
DYNAMIC_OBS_INFO 0 -5.750000 51.549857 1.570796 307.977776 -5.750000 368.866320 31.206743 1.190260
DYNAMIC_OBS_INFO 1 -1.750000 33.928573 1.570796 45.280434 -1.750000 106.033914 6.989929 0.206668
STATIC_OBS_INFO 0 -6.300000 66.289814 5.501984 
STATIC_OBS_INFO 1 -6.300000 60.734080 1.061360 
CRASH -5.250000 60.888950 13.800000
NO_CANDIDATE
EGO_STATUS -5.250000 60.888950 13.900000 1.570796 0.105643 4.000000 0.000000
FAIL
DYNAMIC_OBS_INFO 0 -5.750000 51.549857 1.570796 311.093833 -5.750000 371.992946 31.325769 1.190260
DYNAMIC_OBS_INFO 1 -1.750000 33.928573 1.570796 45.967864 -1.750000 106.733940 7.010595 0.206668
STATIC_OBS_INFO 0 -6.300000 66.289814 5.491614 
STATIC_OBS_INFO 1 -6.300000 60.734080 1.062953 
CRASH -5.250000 60.899515 13.900000
NO_CANDIDATE
EGO_STATUS -5.250000 60.899515 14.000000 1.570796 0.105643 4.000000 0.000000
FAIL
DYNAMIC_OBS_INFO 0 -5.750000 51.549857 1.570796 314.221793 -5.750000 375.131474 31.444795 1.190260
DYNAMIC_OBS_INFO 1 -1.750000 33.928573 1.570796 46.657415 -1.750000 107.436033 7.031262 0.206668
STATIC_OBS_INFO 0 -6.300000 66.289814 5.481245 
STATIC_OBS_INFO 1 -6.300000 60.734080 1.064648 
CRASH -5.250000 60.910079 14.000000
NO_CANDIDATE
EGO_STATUS -5.250000 60.910079 14.100000 1.570796 0.105643 4.000000 0.000000
FAIL
DYNAMIC_OBS_INFO 0 -5.750000 51.549857 1.570796 317.361656 -5.750000 378.281905 31.563821 1.190260
DYNAMIC_OBS_INFO 1 -1.750000 33.928573 1.570796 47.349085 -1.750000 108.140192 7.051929 0.206668
STATIC_OBS_INFO 0 -6.300000 66.289814 5.470877 
STATIC_OBS_INFO 1 -6.300000 60.734080 1.066445 
CRASH -5.250000 60.920643 14.100000
NO_CANDIDATE
EGO_STATUS -5.250000 60.920643 14.200000 1.570796 0.105643 4.000000 0.000000
FAIL
DYNAMIC_OBS_INFO 0 -5.750000 51.549857 1.570796 320.513421 -5.750000 381.444238 31.682848 1.190260
DYNAMIC_OBS_INFO 1 -1.750000 33.928573 1.570796 48.042871 -1.750000 108.846419 7.072596 0.206668
STATIC_OBS_INFO 0 -6.300000 66.289814 5.460510 
STATIC_OBS_INFO 1 -6.300000 60.734080 1.068344 
CRASH -5.250000 60.931208 14.200000
NO_CANDIDATE
EGO_STATUS -5.250000 60.931208 14.300000 1.570796 0.105643 4.000000 0.000000
FAIL
DYNAMIC_OBS_INFO 0 -5.750000 51.549857 1.570796 323.677089 -5.750000 384.618474 31.801874 1.190260
DYNAMIC_OBS_INFO 1 -1.750000 33.928573 1.570796 48.738772 -1.750000 109.554712 7.093263 0.206668
STATIC_OBS_INFO 0 -6.300000 66.289814 5.450143 
STATIC_OBS_INFO 1 -6.300000 60.734080 1.070344 
CRASH -5.250000 60.941772 14.300000
NO_CANDIDATE
EGO_STATUS -5.250000 60.941772 14.400000 1.570796 0.105643 4.000000 0.000000
FAIL
DYNAMIC_OBS_INFO 0 -5.750000 51.549857 1.570796 326.852659 -5.750000 387.804613 31.920900 1.190260
DYNAMIC_OBS_INFO 1 -1.750000 33.928573 1.570796 49.436786 -1.750000 110.265071 7.113929 0.206668
STATIC_OBS_INFO 0 -6.300000 66.289814 5.439777 
STATIC_OBS_INFO 1 -6.300000 60.734080 1.072444 
CRASH -5.250000 60.952336 14.400000
NO_CANDIDATE
EGO_STATUS -5.250000 60.952336 14.500000 1.570796 0.105643 4.000000 0.000000
FAIL
DYNAMIC_OBS_INFO 0 -5.750000 51.549857 1.570796 330.040133 -5.750000 391.002654 32.039926 1.190260
DYNAMIC_OBS_INFO 1 -1.750000 33.928573 1.570796 50.136912 -1.750000 110.977497 7.134596 0.206668
STATIC_OBS_INFO 0 -6.300000 66.289814 5.429412 
STATIC_OBS_INFO 1 -6.300000 60.734080 1.074644 
CRASH -5.250000 60.962900 14.500000
NO_CANDIDATE
EGO_STATUS -5.250000 60.962900 14.600000 1.570796 0.105643 4.000000 0.000000
FAIL
DYNAMIC_OBS_INFO 0 -5.750000 51.549857 1.570796 333.239509 -5.750000 394.212598 32.158952 1.190260
DYNAMIC_OBS_INFO 1 -1.750000 33.928573 1.570796 50.839147 -1.750000 111.691990 7.155263 0.206668
STATIC_OBS_INFO 0 -6.300000 66.289814 5.419047 
STATIC_OBS_INFO 1 -6.300000 60.734080 1.076943 
CRASH -5.250000 60.973465 14.600000
NO_CANDIDATE
EGO_STATUS -5.250000 60.973465 14.700000 1.570796 0.105643 4.000000 0.000000
FAIL
DYNAMIC_OBS_INFO 0 -5.750000 51.549857 1.570796 336.450787 -5.750000 397.434445 32.277978 1.190260
DYNAMIC_OBS_INFO 1 -1.750000 33.928573 1.570796 51.543490 -1.750000 112.408550 7.175930 0.206668
STATIC_OBS_INFO 0 -6.300000 66.289814 5.408683 
STATIC_OBS_INFO 1 -6.300000 60.734080 1.079340 
CRASH -5.250000 60.984029 14.700000
NO_CANDIDATE
EGO_STATUS -5.250000 60.984029 14.800000 1.570796 0.105643 4.000000 0.000000
FAIL
DYNAMIC_OBS_INFO 0 -5.750000 51.549857 1.570796 339.673968 -5.750000 400.668194 32.397004 1.190260
DYNAMIC_OBS_INFO 1 -1.750000 33.928573 1.570796 52.249940 -1.750000 113.127176 7.196597 0.206668
STATIC_OBS_INFO 0 -6.300000 66.289814 5.398320 
STATIC_OBS_INFO 1 -6.300000 60.734080 1.081835 
CRASH -5.250000 60.994593 14.800000
NO_CANDIDATE
EGO_STATUS -5.250000 60.994593 14.900000 1.570796 0.105643 4.000000 0.000000
FAIL
DYNAMIC_OBS_INFO 0 -5.750000 51.549857 1.570796 342.909052 -5.750000 403.913845 32.516030 1.190260
DYNAMIC_OBS_INFO 1 -1.750000 33.928573 1.570796 52.958495 -1.750000 113.847869 7.217264 0.206668
STATIC_OBS_INFO 0 -6.300000 66.289814 5.387958 
STATIC_OBS_INFO 1 -6.300000 60.734080 1.084428 
CRASH -5.250000 61.005158 14.900000
NO_CANDIDATE
EGO_STATUS -5.250000 61.005158 15.000000 1.570796 0.105643 4.000000 0.000000
FAIL
DYNAMIC_OBS_INFO 0 -5.750000 51.549857 1.570796 346.156039 -5.750000 407.171400 32.635056 1.190260
DYNAMIC_OBS_INFO 1 -1.750000 33.928573 1.570796 53.669154 -1.750000 114.570629 7.237930 0.206668
STATIC_OBS_INFO 0 -6.300000 66.289814 5.377597 
STATIC_OBS_INFO 1 -6.300000 60.734080 1.087117 
CRASH -5.250000 61.015722 15.000000
NO_CANDIDATE
EGO_STATUS -5.250000 61.015722 15.100000 1.570796 0.105643 4.000000 0.000000
FAIL
DYNAMIC_OBS_INFO 0 -5.750000 51.549857 1.570796 349.414928 -5.750000 410.440857 32.754082 1.190260
DYNAMIC_OBS_INFO 1 -1.750000 33.928573 1.570796 54.381915 -1.750000 115.295455 7.258597 0.206668
STATIC_OBS_INFO 0 -6.300000 66.289814 5.367236 
STATIC_OBS_INFO 1 -6.300000 60.734080 1.089901 
CRASH -5.250000 61.026286 15.100000
NO_CANDIDATE
EGO_STATUS -5.250000 61.026286 15.200000 1.570796 0.105643 4.000000 0.000000
FAIL
DYNAMIC_OBS_INFO 0 -5.750000 51.549857 1.570796 352.685720 -5.750000 413.722216 32.873108 1.190260
DYNAMIC_OBS_INFO 1 -1.750000 33.928573 1.570796 55.096778 -1.750000 116.022349 7.279264 0.206668
STATIC_OBS_INFO 0 -6.300000 66.289814 5.356877 
STATIC_OBS_INFO 1 -6.300000 60.734080 1.092781 
CRASH -5.250000 61.036851 15.200000
NO_CANDIDATE
EGO_STATUS -5.250000 61.036851 15.300000 1.570796 0.105643 4.000000 0.000000
FAIL
DYNAMIC_OBS_INFO 0 -5.750000 51.549857 1.570796 355.968414 -5.750000 417.015478 32.992134 1.190260
DYNAMIC_OBS_INFO 1 -1.750000 33.928573 1.570796 55.813741 -1.750000 116.751308 7.299931 0.206668
STATIC_OBS_INFO 0 -6.300000 66.289814 5.346518 
STATIC_OBS_INFO 1 -6.300000 60.734080 1.095755 
CRASH -5.250000 61.047415 15.300000
NO_CANDIDATE
EGO_STATUS -5.250000 61.047415 15.400000 1.570796 0.105643 4.000000 0.000000
FAIL
DYNAMIC_OBS_INFO 0 -5.750000 51.549857 1.570796 359.263012 -5.750000 420.320643 33.111160 1.190260
DYNAMIC_OBS_INFO 1 -1.750000 33.928573 1.570796 56.532804 -1.750000 117.482335 7.320598 0.206668
STATIC_OBS_INFO 0 -6.300000 66.289814 5.336159 
STATIC_OBS_INFO 1 -6.300000 60.734080 1.098822 
CRASH -5.250000 61.057979 15.400000
NO_CANDIDATE
EGO_STATUS -5.250000 61.057979 15.500000 1.570796 0.105643 4.000000 0.000000
FAIL
DYNAMIC_OBS_INFO 0 -5.750000 51.549857 1.570796 362.569511 -5.750000 423.637710 33.230186 1.190260
DYNAMIC_OBS_INFO 1 -1.750000 33.928573 1.570796 57.253964 -1.750000 118.215428 7.341264 0.206668
STATIC_OBS_INFO 0 -6.300000 66.289814 5.325802 
STATIC_OBS_INFO 1 -6.300000 60.734080 1.101983 
CRASH -5.250000 61.068544 15.500000
NO_CANDIDATE
EGO_STATUS -5.250000 61.068544 15.600000 1.570796 0.105643 4.000000 0.000000
FAIL
DYNAMIC_OBS_INFO 0 -5.750000 51.549857 1.570796 365.887914 -5.750000 426.966680 33.349212 1.190260
DYNAMIC_OBS_INFO 1 -1.750000 33.928573 1.570796 57.977221 -1.750000 118.950588 7.361931 0.206668
STATIC_OBS_INFO 0 -6.300000 66.289814 5.315445 
STATIC_OBS_INFO 1 -6.300000 60.734080 1.105235 
CRASH -5.250000 61.079108 15.600000
NO_CANDIDATE
EGO_STATUS -5.250000 61.079108 15.700000 1.570796 0.105643 4.000000 0.000000
FAIL
DYNAMIC_OBS_INFO 0 -5.750000 51.549857 1.570796 369.218219 -5.750000 430.307553 33.468238 1.190260
DYNAMIC_OBS_INFO 1 -1.750000 33.928573 1.570796 58.702574 -1.750000 119.687814 7.382598 0.206668
STATIC_OBS_INFO 0 -6.300000 66.289814 5.305090 
STATIC_OBS_INFO 1 -6.300000 60.734080 1.108578 
CRASH -5.250000 61.089672 15.700000
NO_CANDIDATE
EGO_STATUS -5.250000 61.089672 15.800000 1.570796 0.105643 4.000000 0.000000
FAIL
DYNAMIC_OBS_INFO 0 -5.750000 51.549857 1.570796 372.560427 -5.750000 433.660328 33.587264 1.190260
DYNAMIC_OBS_INFO 1 -1.750000 33.928573 1.570796 59.430023 -1.750000 120.427107 7.403265 0.206668
STATIC_OBS_INFO 0 -6.300000 66.289814 5.294735 
STATIC_OBS_INFO 1 -6.300000 60.734080 1.112012 
CRASH -5.250000 61.100236 15.800000
NO_CANDIDATE
EGO_STATUS -5.250000 61.100236 15.900000 1.570796 0.105643 4.000000 0.000000
FAIL
DYNAMIC_OBS_INFO 0 -5.750000 51.549857 1.570796 375.914537 -5.750000 437.025005 33.706290 1.190260
DYNAMIC_OBS_INFO 1 -1.750000 33.928573 1.570796 60.159565 -1.750000 121.168467 7.423932 0.206668
STATIC_OBS_INFO 0 -6.300000 66.289814 5.284381 
STATIC_OBS_INFO 1 -6.300000 60.734080 1.115535 
CRASH -5.250000 61.110801 15.900000
NO_CANDIDATE
EGO_STATUS -5.250000 61.110801 16.000000 1.570796 0.105643 4.000000 0.000000
FAIL
DYNAMIC_OBS_INFO 0 -5.750000 51.549857 1.570796 379.280550 -5.750000 440.401586 33.825316 1.190260
DYNAMIC_OBS_INFO 1 -1.750000 33.928573 1.570796 60.891201 -1.750000 121.911894 7.444598 0.206668
STATIC_OBS_INFO 0 -6.300000 66.289814 5.274027 
STATIC_OBS_INFO 1 -6.300000 60.734080 1.119147 
CRASH -5.250000 61.121365 16.000000
NO_CANDIDATE
EGO_STATUS -5.250000 61.121365 16.100000 1.570796 0.105643 4.000000 0.000000
FAIL
DYNAMIC_OBS_INFO 0 -5.750000 51.549857 1.570796 382.658466 -5.750000 443.790069 33.944342 1.190260
DYNAMIC_OBS_INFO 1 -1.750000 33.928573 1.570796 61.624929 -1.750000 122.657387 7.465265 0.206668
STATIC_OBS_INFO 0 -6.300000 66.289814 5.263675 
STATIC_OBS_INFO 1 -6.300000 60.734080 1.122847 
CRASH -5.250000 61.131929 16.100000
NO_CANDIDATE
EGO_STATUS -5.250000 61.131929 16.200000 1.570796 0.105643 4.000000 0.000000
FAIL
DYNAMIC_OBS_INFO 0 -5.750000 51.549857 1.570796 386.048284 -5.750000 447.190454 34.063368 1.190260
DYNAMIC_OBS_INFO 1 -1.750000 33.928573 1.570796 62.360749 -1.750000 123.404947 7.485932 0.206668
STATIC_OBS_INFO 0 -6.300000 66.289814 5.253324 
STATIC_OBS_INFO 1 -6.300000 60.734080 1.126633 
CRASH -5.250000 61.142494 16.200000
NO_CANDIDATE
EGO_STATUS -5.250000 61.142494 16.300000 1.570796 0.105643 4.000000 0.000000
FAIL
DYNAMIC_OBS_INFO 0 -5.750000 51.549857 1.570796 389.450005 -5.750000 450.602742 34.182394 1.190260
DYNAMIC_OBS_INFO 1 -1.750000 33.928573 1.570796 63.098660 -1.750000 124.154573 7.506599 0.206668
STATIC_OBS_INFO 0 -6.300000 66.289814 5.242973 
STATIC_OBS_INFO 1 -6.300000 60.734080 1.130506 
CRASH -5.250000 61.153058 16.300000
NO_CANDIDATE
EGO_STATUS -5.250000 61.153058 16.400000 1.570796 0.105643 4.000000 0.000000
FAIL
DYNAMIC_OBS_INFO 0 -5.750000 51.549857 1.570796 392.863629 -5.750000 454.026933 34.301420 1.190260
DYNAMIC_OBS_INFO 1 -1.750000 33.928573 1.570796 63.838661 -1.750000 124.906266 7.527266 0.206668
STATIC_OBS_INFO 0 -6.300000 66.289814 5.232623 
STATIC_OBS_INFO 1 -6.300000 60.734080 1.134463 
CRASH -5.250000 61.163622 16.400000
NO_CANDIDATE
EGO_STATUS -5.250000 61.163622 16.500000 1.570796 0.105643 4.000000 0.000000
FAIL
DYNAMIC_OBS_INFO 0 -5.750000 51.549857 1.570796 396.289155 -5.750000 457.463026 34.420446 1.190260
DYNAMIC_OBS_INFO 1 -1.750000 33.928573 1.570796 64.580752 -1.750000 125.660026 7.547933 0.206668
STATIC_OBS_INFO 0 -6.300000 66.289814 5.222274 
STATIC_OBS_INFO 1 -6.300000 60.734080 1.138505 
CRASH -5.250000 61.174187 16.500000
NO_CANDIDATE
EGO_STATUS -5.250000 61.174187 16.600000 1.570796 0.105643 4.000000 0.000000
FAIL
DYNAMIC_OBS_INFO 0 -5.750000 51.549857 1.570796 399.726584 -5.750000 460.911022 34.539472 1.190260
DYNAMIC_OBS_INFO 1 -1.750000 33.928573 1.570796 65.324931 -1.750000 126.415853 7.568599 0.206668
STATIC_OBS_INFO 0 -6.300000 66.289814 5.211926 
STATIC_OBS_INFO 1 -6.300000 60.734080 1.142631 
CRASH -5.250000 61.184751 16.600000
NO_CANDIDATE
EGO_STATUS -5.250000 61.184751 16.700000 1.570796 0.105643 4.000000 0.000000
FAIL
DYNAMIC_OBS_INFO 0 -5.750000 51.549857 1.570796 403.175916 -5.750000 464.370921 34.658499 1.190260
DYNAMIC_OBS_INFO 1 -1.750000 33.928573 1.570796 66.071199 -1.750000 127.173746 7.589266 0.206668
STATIC_OBS_INFO 0 -6.300000 66.289814 5.201579 
STATIC_OBS_INFO 1 -6.300000 60.734080 1.146838 
CRASH -5.250000 61.195315 16.700000
NO_CANDIDATE
EGO_STATUS -5.250000 61.195315 16.800000 1.570796 0.105643 4.000000 0.000000
FAIL
DYNAMIC_OBS_INFO 0 -5.750000 51.549857 1.570796 406.637150 -5.750000 467.842722 34.777525 1.190260
DYNAMIC_OBS_INFO 1 -1.750000 33.928573 1.570796 66.819554 -1.750000 127.933706 7.609933 0.206668
STATIC_OBS_INFO 0 -6.300000 66.289814 5.191232 
STATIC_OBS_INFO 1 -6.300000 60.734080 1.151128 
CRASH -5.250000 61.205880 16.800000
NO_CANDIDATE
EGO_STATUS -5.250000 61.205880 16.900000 1.570796 0.105643 4.000000 0.000000
FAIL
DYNAMIC_OBS_INFO 0 -5.750000 51.549857 1.570796 410.110287 -5.750000 471.326426 34.896551 1.190260
DYNAMIC_OBS_INFO 1 -1.750000 33.928573 1.570796 67.569997 -1.750000 128.695733 7.630600 0.206668
STATIC_OBS_INFO 0 -6.300000 66.289814 5.180887 
STATIC_OBS_INFO 1 -6.300000 60.734080 1.155498 
CRASH -5.250000 61.216444 16.900000
NO_CANDIDATE
EGO_STATUS -5.250000 61.216444 17.000000 1.570796 0.105643 4.000000 0.000000
FAIL
DYNAMIC_OBS_INFO 0 -5.750000 51.549857 1.570796 413.595326 -5.750000 474.822032 35.015577 1.190260
DYNAMIC_OBS_INFO 1 -1.750000 33.928573 1.570796 68.322525 -1.750000 129.459826 7.651267 0.206668
STATIC_OBS_INFO 0 -6.300000 66.289814 5.170542 
STATIC_OBS_INFO 1 -6.300000 60.734080 1.159948 
CRASH -5.250000 61.227008 17.000000
NO_CANDIDATE
EGO_STATUS -5.250000 61.227008 17.100000 1.570796 0.105643 4.000000 0.000000
FAIL
DYNAMIC_OBS_INFO 0 -5.750000 51.549857 1.570796 417.092268 -5.750000 478.329541 35.134603 1.190260
DYNAMIC_OBS_INFO 1 -1.750000 33.928573 1.570796 69.077140 -1.750000 130.225986 7.671933 0.206668
STATIC_OBS_INFO 0 -6.300000 66.289814 5.160198 
STATIC_OBS_INFO 1 -6.300000 60.734080 1.164476 
CRASH -5.250000 61.237572 17.100000
NO_CANDIDATE
EGO_STATUS -5.250000 61.237572 17.200000 1.570796 0.105643 4.000000 0.000000
FAIL
DYNAMIC_OBS_INFO 0 -5.750000 51.549857 1.570796 420.601113 -5.750000 481.848953 35.253629 1.190260
DYNAMIC_OBS_INFO 1 -1.750000 33.928573 1.570796 69.833839 -1.750000 130.994213 7.692600 0.206668
STATIC_OBS_INFO 0 -6.300000 66.289814 5.149855 
STATIC_OBS_INFO 1 -6.300000 60.734080 1.169083 
CRASH -5.250000 61.248137 17.200000
NO_CANDIDATE
EGO_STATUS -5.250000 61.248137 17.300000 1.570796 0.105643 4.000000 0.000000
FAIL
DYNAMIC_OBS_INFO 0 -5.750000 51.549857 1.570796 424.121861 -5.750000 485.380267 35.372655 1.190260
DYNAMIC_OBS_INFO 1 -1.750000 33.928573 1.570796 70.592624 -1.750000 131.764506 7.713267 0.206668
STATIC_OBS_INFO 0 -6.300000 66.289814 5.139514 
STATIC_OBS_INFO 1 -6.300000 60.734080 1.173766 
CRASH -5.250000 61.258701 17.300000
NO_CANDIDATE
EGO_STATUS -5.250000 61.258701 17.400000 1.570796 0.105643 4.000000 0.000000
FAIL
DYNAMIC_OBS_INFO 0 -5.750000 51.549857 1.570796 427.654511 -5.750000 488.923484 35.491681 1.190260
DYNAMIC_OBS_INFO 1 -1.750000 33.928573 1.570796 71.353493 -1.750000 132.536866 7.733934 0.206668
STATIC_OBS_INFO 0 -6.300000 66.289814 5.129172 
STATIC_OBS_INFO 1 -6.300000 60.734080 1.178526 
CRASH -5.250000 61.269265 17.400000
TIMEOUT
