STATIC_OBS_INIT_INFO 0 -6.300000 66.292208
STATIC_OBS_INIT_INFO 1 -6.300000 65.543980
Parent: -28.616953 10.000000 101.000000 0.000000 15.150000 17.469256 -10.000000 2.413791 40.000000 0.000000 0 0 0 0 0 0 0 0
Child: 17.469256 24.423988 246.000000 9.372142 267.300000 0.000000 -10.000000 0.000000 0.000000 0.000000 0 0 0 0 0 0 0 0
EGO_STATUS -5.750000 14.584780 0.000000 1.570796 14.261379 4.000000 0.000000
DYNAMIC_OBS_INFO 0 -5.750000 53.597602 1.570796 37.586684 -5.750000 53.597602 14.760827 1.160846
DYNAMIC_OBS_INFO 1 -1.750000 39.180519 1.570796 23.512345 -1.750000 39.180519 4.370967 0.204886
STATIC_OBS_INFO 0 -6.300000 66.292208 50.284298 
STATIC_OBS_INFO 1 -6.300000 65.543980 49.536115 
Parent: -46.784689 10.000000 101.000000 0.000000 15.150000 6.700325 -10.000000 3.014985 48.000000 0.000000 0 0 0 0 0 0 0 0
Child: 6.700325 10.000000 101.000000 0.000000 15.150000 15.200325 -10.000000 0.000000 0.000000 0.000000 0 0 0 0 0 0 0 0
Child: 15.200325 22.997850 231.000000 9.372584 243.750000 0.000000 -10.000000 0.000000 0.000000 0.000000 0 0 0 0 0 0 0 0
EGO_STATUS -5.749993 16.010918 0.100000 1.570774 14.261379 4.000000 0.000000
DYNAMIC_OBS_INFO 0 -5.750000 53.597602 1.570796 37.642433 -5.750000 55.079489 14.876911 1.160846
DYNAMIC_OBS_INFO 1 -1.750000 39.180519 1.570796 22.108295 -1.750000 39.180519 4.370967 0.204886
STATIC_OBS_INFO 0 -6.300000 66.292208 48.858250 
STATIC_OBS_INFO 1 -6.300000 65.543980 48.110070 
Parent: -48.248618 10.000000 101.000000 0.000000 15.150000 4.336396 -10.000000 2.914985 47.000000 0.000000 0 0 0 0 0 0 0 0
Child: 4.336396 10.000000 101.000000 0.000000 15.150000 12.836396 -10.000000 0.000000 0.000000 0.000000 0 0 0 0 0 0 0 0
Child: 12.836396 21.571712 217.000000 9.372058 220.350000 0.000000 -10.000000 0.000000 0.000000 0.000000 0 0 0 0 0 0 0 0
EGO_STATUS -5.749813 17.437056 0.200000 1.570484 14.261379 4.000000 0.000000
DYNAMIC_OBS_INFO 0 -5.750000 53.597602 1.570796 37.709791 -5.750000 56.572984 14.992996 1.160846
DYNAMIC_OBS_INFO 1 -1.750000 39.180519 1.570796 20.707090 -1.750000 39.180519 4.370967 0.204886
STATIC_OBS_INFO 0 -6.300000 66.292208 47.432218 
STATIC_OBS_INFO 1 -6.300000 65.543980 46.684041 
Parent: -49.739682 10.000000 101.000000 0.000000 15.150000 1.945333 -10.000000 2.814985 46.000000 0.000000 0 0 0 0 0 0 0 0
Child: 1.945333 10.000000 101.000000 0.000000 15.150000 10.445333 -10.000000 0.000000 0.000000 0.000000 0 0 0 0 0 0 0 0
Child: 10.445333 20.145574 203.000000 9.370565 196.650000 0.000000 -10.000000 0.000000 0.000000 0.000000 0 0 0 0 0 0 0 0
EGO_STATUS -5.748731 18.863194 0.300000 1.569417 14.261379 4.000000 0.000000
DYNAMIC_OBS_INFO 0 -5.750000 53.597602 1.570796 37.788761 -5.750000 58.078088 15.109080 1.160846
DYNAMIC_OBS_INFO 1 -1.750000 39.180519 1.570796 19.309043 -1.750000 39.180519 4.370967 0.204886
STATIC_OBS_INFO 0 -6.300000 66.292208 46.006226 
STATIC_OBS_INFO 1 -6.300000 65.543980 45.258053 
Parent: -50.197336 10.000000 101.000000 0.000000 15.150000 -0.412321 -10.000000 2.714985 44.000000 0.000000 0 0 0 0 0 0 0 0
Child: -0.412321 10.000000 101.000000 0.000000 15.150000 8.087679 -10.000000 0.000000 0.000000 0.000000 0 0 0 0 0 0 0 0
Child: 8.087679 18.719436 189.000000 9.371487 173.250000 0.000000 -10.000000 0.000000 0.000000 0.000000 0 0 0 0 0 0 0 0
EGO_STATUS -5.745247 20.289327 0.400000 1.567035 14.261379 4.000000 0.000000
DYNAMIC_OBS_INFO 0 -5.750000 53.597602 1.570796 37.879362 -5.750000 59.594800 15.225165 1.160846
DYNAMIC_OBS_INFO 1 -1.750000 39.180519 1.570796 17.914425 -1.750000 39.180519 4.370967 0.204886
STATIC_OBS_INFO 0 -6.300000 66.292208 44.580320 
STATIC_OBS_INFO 1 -6.300000 65.543980 43.832152 
Parent: -51.605185 10.000000 101.000000 0.000000 15.150000 -2.720170 -10.000000 2.614985 43.000000 0.000000 0 0 0 0 0 0 0 0
Child: -2.720170 10.000000 101.000000 0.000000 15.150000 5.779830 -10.000000 0.000000 0.000000 0.000000 0 0 0 0 0 0 0 0
Child: 5.779830 17.293299 174.000000 9.371929 149.400000 0.000000 -10.000000 0.000000 0.000000 0.000000 0 0 0 0 0 0 0 0
EGO_STATUS -5.737187 21.715441 0.500000 1.562961 14.261379 4.000000 0.000000
DYNAMIC_OBS_INFO 0 -5.750000 53.597602 1.570796 37.981635 -5.750000 61.123121 15.341250 1.160846
DYNAMIC_OBS_INFO 1 -1.750000 39.180519 1.570796 16.523541 -1.750000 39.180519 4.370967 0.204886
STATIC_OBS_INFO 0 -6.300000 66.292208 43.154582 
STATIC_OBS_INFO 1 -6.300000 65.543980 42.406422 
Parent: -52.030511 10.000000 101.000000 0.000000 15.150000 -5.045496 -10.000000 2.514986 41.000000 0.000000 0 0 0 0 0 0 0 0
Child: -5.045496 10.000000 101.000000 0.000000 15.150000 3.454504 -10.000000 0.000000 0.000000 0.000000 0 0 0 0 0 0 0 0
Child: 3.454504 15.867161 160.000000 9.371438 126.300000 0.000000 -10.000000 0.000000 0.000000 0.000000 0 0 0 0 0 0 0 0
EGO_STATUS -5.722045 23.141496 0.600000 1.557122 14.261379 4.000000 0.000000
DYNAMIC_OBS_INFO 0 -5.750000 53.597602 1.570796 38.095667 -5.750000 62.663050 15.457334 1.160846
DYNAMIC_OBS_INFO 1 -1.750000 39.180519 1.570796 15.136883 -1.750000 39.180519 4.370967 0.204886
STATIC_OBS_INFO 0 -6.300000 66.292208 41.729139 
STATIC_OBS_INFO 1 -6.300000 65.543980 40.980990 
Parent: -53.509918 10.000000 101.000000 0.000000 15.150000 -7.424904 -10.000000 2.414986 40.000000 0.000000 0 0 0 0 0 0 0 0
Child: -7.424904 10.000000 101.000000 0.000000 15.150000 1.075096 -10.000000 0.000000 0.000000 0.000000 0 0 0 0 0 0 0 0
Child: 1.075096 14.441024 146.000000 9.370182 102.600000 0.000000 -10.000000 0.000000 0.000000 0.000000 0 0 0 0 0 0 0 0
EGO_STATUS -5.697470 24.567419 0.700000 1.549815 14.261379 4.000000 0.000000
DYNAMIC_OBS_INFO 0 -5.750000 53.597602 1.570796 38.221582 -5.750000 64.214588 15.573419 1.160846
DYNAMIC_OBS_INFO 1 -1.750000 39.180519 1.570796 13.755368 -1.750000 39.180519 4.370967 0.204886
STATIC_OBS_INFO 0 -6.300000 66.292208 40.304154 
STATIC_OBS_INFO 1 -6.300000 65.543980 39.556021 
Parent: 267.142868 30.290952 304.000000 14.040088 3032.100000 8.912373 0.000000 3.709169 49.000000 0.000000 0 0 0 0 0 0 0 0
Child: 8.912373 13.014886 132.000000 6.691359 83.700000 0.000000 0.000000 0.000000 0.000000 0.000000 0 0 0 0 0 0 0 0
EGO_STATUS -5.661817 25.993107 0.800000 1.541728 14.261379 4.000000 0.000000
DYNAMIC_OBS_INFO 0 -5.750000 53.597602 1.570796 38.374206 -5.750000 65.777734 15.689503 1.160846
DYNAMIC_OBS_INFO 1 -1.750000 39.180519 1.570796 12.394832 -1.750000 39.180519 4.370967 0.204886
STATIC_OBS_INFO 0 -6.300000 66.292208 38.894472 
STATIC_OBS_INFO 1 -6.300000 65.543980 38.146362 
Parent: 581.531400 20.435104 206.000000 3372.119946 2761.400000 27.686717 -10.000000 2.402361 47.000000 0.000000 1 1 1 0 0 0 0 0
Child: 27.686717 10.000000 101.000000 270.000000 15.150000 9.454044 -10.000000 0.000000 0.000000 0.000000 0 1 1 0 0 0 0 0
Child: 9.454044 11.603456 118.000000 31.341805 64.800000 0.000000 0.000000 0.000000 0.000000 0.000000 0 0 1 0 0 0 0 0
EGO_STATUS -5.615217 27.403765 0.900000 1.533959 13.967379 3.000000 -2.940000
DYNAMIC_OBS_INFO 0 -5.750000 53.597602 1.570796 38.538895 -5.750000 67.352489 15.805588 1.160846
DYNAMIC_OBS_INFO 1 -1.750000 39.180519 1.570796 11.043922 -1.750000 39.180519 4.370967 0.204886
STATIC_OBS_INFO 0 -6.300000 66.292208 37.485473 
STATIC_OBS_INFO 1 -6.300000 65.543980 36.737394 
Parent: -31.625305 10.000000 101.000000 20.000000 15.150000 -2.998053 0.000000 3.892550 36.000000 0.000000 0 0 0 1 0 0 0 0
Child: -2.998053 10.000000 101.000000 0.000000 15.150000 5.501947 -10.000000 0.000000 0.000000 0.000000 0 0 0 0 0 0 0 0
Child: 5.501947 10.192011 103.000000 7.452428 48.150000 0.000000 0.000000 0.000000 0.000000 0.000000 0 0 0 0 0 0 0 0
EGO_STATUS -5.558531 28.814069 1.000000 1.527640 14.261379 0.000000 2.940000
DYNAMIC_OBS_INFO 0 -5.750000 53.597602 1.570796 38.715639 -5.750000 68.938852 15.921672 1.160846
DYNAMIC_OBS_INFO 1 -1.750000 39.180519 1.570796 10.113413 -1.750000 39.618641 4.391456 0.204886
STATIC_OBS_INFO 0 -6.300000 66.292208 36.077142 
STATIC_OBS_INFO 1 -6.300000 65.543980 35.329104 
Parent: -41.162366 10.000000 101.000000 20.000000 15.150000 -14.435115 0.000000 3.792551 34.000000 0.000000 0 0 0 1 0 0 0 0
Child: -14.435115 10.000000 101.000000 0.000000 15.150000 -5.935115 -10.000000 0.000000 0.000000 0.000000 0 0 0 0 0 0 0 0
Child: -5.935115 8.780580 89.000000 7.451695 33.750000 0.000000 -10.000000 0.000000 0.000000 0.000000 0 0 0 0 0 0 0 0
EGO_STATUS -5.494712 30.224055 1.100000 1.524043 13.967379 3.000000 -2.940000
DYNAMIC_OBS_INFO 0 -5.750000 53.597602 1.570796 38.933585 -5.750000 70.536823 16.037757 1.160846
DYNAMIC_OBS_INFO 1 -1.750000 39.180519 1.570796 9.220370 -1.750000 40.058811 4.411944 0.204886
STATIC_OBS_INFO 0 -6.300000 66.292208 34.698568 
STATIC_OBS_INFO 1 -6.300000 65.543980 33.950580 
Parent: -41.298660 10.000000 101.000000 20.000000 15.150000 -15.471412 0.000000 3.692553 33.000000 0.000000 0 0 0 1 0 0 0 0
Child: -15.471412 10.000000 101.000000 0.000000 15.150000 -6.971412 -10.000000 0.000000 0.000000 0.000000 0 0 0 0 0 0 0 0
Child: -6.971412 7.398554 75.000000 7.451153 23.250000 0.000000 -10.000000 0.000000 0.000000 0.000000 0 0 0 0 0 0 0 0
EGO_STATUS -5.429779 31.604555 1.200000 1.524225 13.673379 3.000000 -2.940000
DYNAMIC_OBS_INFO 0 -5.750000 53.597602 1.570796 39.192435 -5.750000 72.146403 16.153842 1.160846
DYNAMIC_OBS_INFO 1 -1.750000 39.180519 1.570796 8.368356 -1.750000 40.501029 4.432433 0.204886
STATIC_OBS_INFO 0 -6.300000 66.292208 33.349381 
STATIC_OBS_INFO 1 -6.300000 65.543980 32.601451 
Parent: -41.208904 10.000000 101.000000 20.000000 15.150000 -16.281659 0.000000 3.592557 32.000000 0.000000 0 0 0 1 0 0 0 0
Child: -16.281659 10.000000 101.000000 0.000000 15.150000 -7.781659 -10.000000 0.000000 0.000000 0.000000 0 0 0 0 0 0 0 0
Child: -7.781659 6.045936 62.000000 7.448691 15.300000 0.000000 -10.000000 0.000000 0.000000 0.000000 0 0 0 0 0 0 0 0
EGO_STATUS -5.369276 32.955817 1.300000 1.528573 13.379379 3.000000 -2.940000
DYNAMIC_OBS_INFO 0 -5.750000 53.597602 1.570796 39.491890 -5.750000 73.767591 16.269926 1.160846
DYNAMIC_OBS_INFO 1 -1.750000 39.180519 1.570796 7.562135 -1.750000 40.945297 4.452922 0.204886
STATIC_OBS_INFO 0 -6.300000 66.292208 32.029193 
STATIC_OBS_INFO 1 -6.300000 65.543980 31.281324 
Parent: -39.927650 10.000000 101.000000 20.000000 15.150000 -16.900408 0.000000 3.492560 30.000000 0.000000 0 0 0 1 0 0 0 0
Child: -16.900408 10.000000 101.000000 0.000000 15.150000 -8.400408 -10.000000 0.000000 0.000000 0.000000 0 0 0 0 0 0 0 0
Child: -8.400408 4.722713 49.000000 7.446395 9.150000 0.000000 -10.000000 0.000000 0.000000 0.000000 0 0 0 0 0 0 0 0
EGO_STATUS -5.318449 34.278059 1.400000 1.536769 13.085379 3.000000 -2.940000
DYNAMIC_OBS_INFO 0 -5.750000 53.597602 1.570796 39.831796 -5.750000 75.400388 16.386011 1.160846
DYNAMIC_OBS_INFO 1 -1.750000 39.180519 1.570796 6.807730 -1.750000 41.391614 4.473410 0.204886
STATIC_OBS_INFO 0 -6.300000 66.292208 30.737745 
STATIC_OBS_INFO 1 -6.300000 65.543980 29.989937 
Parent: -39.403690 10.000000 101.000000 20.000000 15.150000 -17.276449 0.000000 3.392561 29.000000 0.000000 0 0 0 1 0 0 0 0
Child: -17.276449 10.000000 101.000000 0.000000 15.150000 -8.776449 -10.000000 0.000000 0.000000 0.000000 0 0 0 0 0 0 0 0
Child: -8.776449 3.428881 36.000000 7.446126 5.400000 0.000000 -10.000000 0.000000 0.000000 0.000000 0 0 0 0 0 0 0 0
EGO_STATUS -5.281250 35.571351 1.500000 1.547653 12.791379 3.000000 -2.940000
DYNAMIC_OBS_INFO 0 -5.750000 53.597602 1.570796 40.212218 -5.750000 77.044794 16.502095 1.160846
DYNAMIC_OBS_INFO 1 -1.750000 39.180519 1.570796 6.112229 -1.750000 41.839979 4.493899 0.204886
STATIC_OBS_INFO 0 -6.300000 66.292208 29.475017 
STATIC_OBS_INFO 1 -6.300000 65.543980 28.727267 
Parent: -38.765865 10.000000 101.000000 20.000000 15.150000 -17.538628 0.000000 3.292565 28.000000 0.000000 0 0 0 1 0 0 0 0
Child: -17.538628 10.000000 101.000000 0.000000 15.150000 -9.038628 -10.000000 0.000000 0.000000 0.000000 0 0 0 0 0 0 0 0
Child: -9.038628 2.164464 23.000000 6.765717 3.450000 0.000000 -10.000000 0.000000 0.000000 0.000000 0 0 0 0 0 0 0 0
EGO_STATUS -5.259306 36.835569 1.600000 1.559128 12.497379 3.000000 -2.940000
DYNAMIC_OBS_INFO 0 -5.750000 53.597602 1.570796 40.633321 -5.750000 78.700807 16.618180 1.160846
DYNAMIC_OBS_INFO 1 -1.750000 39.180519 1.570796 5.482989 -1.750000 42.290394 4.514388 0.204886
STATIC_OBS_INFO 0 -6.300000 66.292208 28.241150 
STATIC_OBS_INFO 1 -6.300000 65.543980 27.493452 
Parent: -37.354917 10.000000 101.000000 20.000000 15.150000 -18.027684 0.000000 3.192569 26.000000 0.000000 0 0 0 1 0 0 0 0
Child: -18.027684 10.000000 101.000000 0.000000 15.150000 -9.527684 -10.000000 0.000000 0.000000 0.000000 0 0 0 0 0 0 0 0
Child: -9.527684 0.929449 11.000000 3.939847 1.650000 0.000000 -10.000000 0.000000 0.000000 0.000000 0 0 0 0 0 0 0 0
EGO_STATUS -5.250871 38.070552 1.700000 1.568106 12.203379 3.000000 -2.940000
DYNAMIC_OBS_INFO 0 -5.750000 53.597602 1.570796 41.095301 -5.750000 80.368430 16.734265 1.160846
DYNAMIC_OBS_INFO 1 -1.750000 39.180519 1.570796 4.926248 -1.750000 42.742857 4.534876 0.204886
STATIC_OBS_INFO 0 -6.300000 66.292208 27.036435 
STATIC_OBS_INFO 1 -6.300000 65.543980 26.288787 
Parent: -26.968655 10.000000 101.000000 20.000000 15.150000 -8.541426 0.000000 3.092572 25.000000 0.000000 0 0 0 1 0 0 0 0
Child: -8.541426 9.723830 99.000000 0.000000 14.850000 0.000000 -10.000000 0.000000 0.000000 0.000000 0 0 0 0 0 0 0 0
EGO_STATUS -5.250000 39.276170 1.800000 1.570796 11.909379 3.000000 -2.940000
DYNAMIC_OBS_INFO 0 -5.750000 53.597602 1.570796 41.598277 -5.750000 82.047660 16.850349 1.160846
DYNAMIC_OBS_INFO 1 -1.750000 39.180519 1.570796 4.448024 -1.750000 43.197369 4.555365 0.204886
STATIC_OBS_INFO 0 -6.300000 66.292208 25.861145 
STATIC_OBS_INFO 1 -6.300000 65.543980 25.113551 
Parent: -26.245084 10.000000 101.000000 20.000000 15.150000 -8.717858 0.000000 2.992576 24.000000 0.000000 0 0 0 1 0 0 0 0
Child: -8.717858 8.547612 87.000000 0.000000 13.050000 0.000000 -10.000000 0.000000 0.000000 0.000000 0 0 0 0 0 0 0 0
EGO_STATUS -5.250000 40.452388 1.900000 1.570796 11.615379 3.000000 -2.940000
DYNAMIC_OBS_INFO 0 -5.750000 53.597602 1.570796 42.142268 -5.750000 83.738499 16.966434 1.160846
DYNAMIC_OBS_INFO 1 -1.750000 39.180519 1.570796 4.058562 -1.750000 43.653930 4.575854 0.204886
STATIC_OBS_INFO 0 -6.300000 66.292208 24.715325 
STATIC_OBS_INFO 1 -6.300000 65.543980 23.967793 
Parent: -25.517100 10.000000 101.000000 20.000000 15.150000 -8.889880 0.000000 2.892581 23.000000 0.000000 0 0 0 1 0 0 0 0
Child: -8.889880 7.400803 76.000000 0.000000 11.400000 0.000000 -10.000000 0.000000 0.000000 0.000000 0 0 0 0 0 0 0 0
EGO_STATUS -5.250000 41.599197 2.000000 1.570796 11.321379 3.000000 -2.940000
DYNAMIC_OBS_INFO 0 -5.750000 53.597602 1.570796 42.727255 -5.750000 85.440947 17.082518 1.160846
DYNAMIC_OBS_INFO 1 -1.750000 39.180519 1.570796 3.768103 -1.750000 44.112540 4.596342 0.204886
STATIC_OBS_INFO 0 -6.300000 66.292208 23.598961 
STATIC_OBS_INFO 1 -6.300000 65.543980 22.851498 
Parent: -24.784710 10.000000 101.000000 20.000000 15.150000 -9.057493 0.000000 2.792584 22.000000 0.000000 0 0 0 1 0 0 0 0
Child: -9.057493 6.283382 64.000000 0.000000 9.600000 0.000000 -10.000000 0.000000 0.000000 0.000000 0 0 0 0 0 0 0 0
EGO_STATUS -5.250000 42.716618 2.100000 1.570796 11.027379 3.000000 -2.940000
DYNAMIC_OBS_INFO 0 -5.750000 53.597602 1.570796 43.353244 -5.750000 87.155003 17.198603 1.160846
DYNAMIC_OBS_INFO 1 -1.750000 39.180519 1.570796 3.583389 -1.750000 44.573198 4.616831 0.204886
STATIC_OBS_INFO 0 -6.300000 66.292208 22.512066 
STATIC_OBS_INFO 1 -6.300000 65.543980 21.764680 
Parent: -24.047911 10.000000 101.000000 20.000000 15.150000 -9.220696 0.000000 2.692587 21.000000 0.000000 0 0 0 1 0 0 0 0
Child: -9.220696 5.195358 53.000000 0.000000 7.950000 0.000000 -10.000000 0.000000 0.000000 0.000000 0 0 0 0 0 0 0 0
EGO_STATUS -5.250000 43.804642 2.200000 1.570796 10.733379 3.000000 -2.940000
DYNAMIC_OBS_INFO 0 -5.750000 53.597602 1.570796 44.020260 -5.750000 88.880668 17.314688 1.160846
DYNAMIC_OBS_INFO 1 -1.750000 39.180519 1.570796 3.504256 -1.750000 45.035906 4.637319 0.204886
STATIC_OBS_INFO 0 -6.300000 66.292208 21.454670 
STATIC_OBS_INFO 1 -6.300000 65.543980 20.707370 
Parent: -23.306696 10.000000 101.000000 20.000000 15.150000 -9.379487 0.000000 2.592593 20.000000 0.000000 0 0 0 1 0 0 0 0
Child: -9.379487 4.136752 43.000000 0.000000 6.450000 0.000000 -10.000000 0.000000 0.000000 0.000000 0 0 0 0 0 0 0 0
EGO_STATUS -5.250000 44.863248 2.300000 1.570796 10.439379 3.000000 -2.940000
DYNAMIC_OBS_INFO 0 -5.750000 53.597602 1.570796 44.728279 -5.750000 90.617941 17.430772 1.160846
DYNAMIC_OBS_INFO 1 -1.750000 39.180519 1.570796 3.521861 -1.750000 45.500662 4.657808 0.204886
STATIC_OBS_INFO 0 -6.300000 66.292208 20.426757 
STATIC_OBS_INFO 1 -6.300000 65.543980 19.679555 
Parent: -22.561072 10.000000 101.000000 20.000000 15.150000 -9.533868 0.000000 2.492598 19.000000 0.000000 0 0 0 1 0 0 0 0
Child: -9.533868 3.107544 33.000000 0.000000 4.950000 0.000000 -10.000000 0.000000 0.000000 0.000000 0 0 0 0 0 0 0 0
EGO_STATUS -5.250000 45.892456 2.400000 1.570796 10.145379 3.000000 -2.940000
DYNAMIC_OBS_INFO 0 -5.750000 53.597602 1.570796 45.477277 -5.750000 92.366822 17.546857 1.160846
DYNAMIC_OBS_INFO 1 -1.750000 39.180519 1.570796 3.620125 -1.750000 45.967467 4.678297 0.204886
STATIC_OBS_INFO 0 -6.300000 66.292208 19.428309 
STATIC_OBS_INFO 1 -6.300000 65.543980 18.681218 
Parent: -21.811048 10.000000 101.000000 20.000000 15.150000 -9.683844 0.000000 2.392598 18.000000 0.000000 0 0 0 1 0 0 0 0
Child: -9.683844 2.107706 23.000000 0.000000 3.450000 0.000000 -10.000000 0.000000 0.000000 0.000000 0 0 0 0 0 0 0 0
EGO_STATUS -5.250000 46.892294 2.500000 1.570796 9.851379 3.000000 -2.940000
DYNAMIC_OBS_INFO 0 -5.750000 53.597602 1.570796 46.267316 -5.750000 94.127312 17.662941 1.160846
DYNAMIC_OBS_INFO 1 -1.750000 39.180519 1.570796 3.779491 -1.750000 46.436321 4.698785 0.204886
STATIC_OBS_INFO 0 -6.300000 66.292208 18.459397 
STATIC_OBS_INFO 1 -6.300000 65.543980 17.712431 
Parent: -21.056602 10.000000 101.000000 20.000000 15.150000 -9.829405 0.000000 2.292605 17.000000 0.000000 0 0 0 1 0 0 0 0
Child: -9.829405 1.137302 13.000000 0.000000 1.950000 0.000000 -10.000000 0.000000 0.000000 0.000000 0 0 0 0 0 0 0 0
EGO_STATUS -5.250000 47.862698 2.600000 1.570796 9.557379 3.000000 -2.940000
DYNAMIC_OBS_INFO 0 -5.750000 53.597602 1.570796 47.098370 -5.750000 95.899410 17.779026 1.160846
DYNAMIC_OBS_INFO 1 -1.750000 39.180519 1.570796 3.980779 -1.750000 46.907224 4.719274 0.204886
STATIC_OBS_INFO 0 -6.300000 66.292208 17.520006 
STATIC_OBS_INFO 1 -6.300000 65.543980 16.773182 
Parent: -20.297744 10.000000 101.000000 20.000000 15.150000 -9.970554 0.000000 2.192612 16.000000 0.000000 0 0 0 1 0 0 0 0
Child: -9.970554 0.196306 3.000000 0.000000 0.450000 0.000000 -10.000000 0.000000 0.000000 0.000000 0 0 0 0 0 0 0 0
EGO_STATUS -5.250000 48.803694 2.700000 1.570796 9.263379 3.000000 -2.940000
DYNAMIC_OBS_INFO 0 -5.750000 53.597602 1.570796 47.974425 -5.750000 97.683117 17.895111 1.160846
DYNAMIC_OBS_INFO 1 -1.750000 39.180519 1.570796 4.205250 -1.750000 47.380176 4.739763 0.204886
STATIC_OBS_INFO 0 -6.300000 66.292208 16.614123 
STATIC_OBS_INFO 1 -6.300000 65.543980 15.867461 
Parent: -19.537757 9.288702 94.000000 20.000000 14.100000 0.000000 -10.000000 2.092618 15.000000 0.000000 0 0 0 1 0 0 0 0
EGO_STATUS -5.250000 49.711298 2.800000 1.570796 8.867589 7.000000 -4.232791
DYNAMIC_OBS_INFO 0 -5.750000 53.597602 1.570796 48.904163 -5.750000 99.478432 18.011195 1.160846
DYNAMIC_OBS_INFO 1 -1.750000 39.180519 1.570796 4.433664 -1.750000 47.855177 4.760251 0.204886
STATIC_OBS_INFO 0 -6.300000 66.292208 15.750420 
STATIC_OBS_INFO 1 -6.300000 65.543980 15.003939 
Parent: -18.785012 8.423174 86.000000 20.000000 12.900000 0.000000 -10.000000 1.992634 14.000000 0.000000 0 0 0 1 0 0 0 0
EGO_STATUS -5.250000 50.576826 2.900000 1.570796 8.444311 7.000000 -4.232778
DYNAMIC_OBS_INFO 0 -5.750000 53.597602 1.570796 49.887827 -5.750000 101.285356 18.127280 1.160846
DYNAMIC_OBS_INFO 1 -1.750000 39.180519 1.570796 4.654186 -1.750000 48.332226 4.780740 0.204886
STATIC_OBS_INFO 0 -6.300000 66.292208 14.929144 
STATIC_OBS_INFO 1 -6.300000 65.543980 14.182866 
Parent: -17.993339 7.599966 77.000000 20.000000 11.550000 0.000000 -10.000000 1.892649 13.000000 0.000000 0 0 0 1 0 0 0 0
EGO_STATUS -5.250000 51.400034 3.000000 1.570796 8.021037 7.000000 -4.232745
DYNAMIC_OBS_INFO 0 -5.750000 53.597602 1.570796 50.925425 -5.750000 103.103888 18.243364 1.160846
DYNAMIC_OBS_INFO 1 -1.750000 39.180519 1.570796 4.858411 -1.750000 48.811325 4.801229 0.204886
STATIC_OBS_INFO 0 -6.300000 66.292208 14.150301 
STATIC_OBS_INFO 1 -6.300000 65.543980 13.404250 
Parent: -17.236165 6.819082 70.000000 20.000000 10.500000 0.000000 -10.000000 1.792664 12.000000 0.000000 0 0 0 1 0 0 0 0
EGO_STATUS -5.250000 52.180918 3.100000 1.570796 7.597765 7.000000 -4.232712
DYNAMIC_OBS_INFO 0 -5.750000 53.597602 1.570796 52.016998 -5.750000 104.934029 18.359449 1.160846
DYNAMIC_OBS_INFO 1 -1.750000 39.180519 1.570796 5.040322 -1.750000 49.292472 4.821717 0.204886
STATIC_OBS_INFO 0 -6.300000 66.292208 13.413933 
STATIC_OBS_INFO 1 -6.300000 65.543980 12.668136 
Parent: -17.433751 6.080566 62.000000 20.000000 9.300000 0.000000 -10.000000 1.692691 12.000000 0.000000 0 0 0 1 0 0 0 0
EGO_STATUS -5.250000 52.919434 3.200000 1.570796 7.174498 7.000000 -4.232677
DYNAMIC_OBS_INFO 0 -5.750000 53.597602 1.570796 53.162425 -5.750000 106.775778 18.475533 1.160846
DYNAMIC_OBS_INFO 1 -1.750000 39.180519 1.570796 5.195755 -1.750000 49.775668 4.842206 0.204886
STATIC_OBS_INFO 0 -6.300000 66.292208 12.719916 
STATIC_OBS_INFO 1 -6.300000 65.543980 11.974400 
Parent: -16.641734 5.384296 55.000000 20.000000 8.250000 0.000000 -10.000000 1.592696 11.000000 0.000000 0 0 0 1 0 0 0 0
EGO_STATUS -5.250000 53.615704 3.300000 1.570796 6.751237 7.000000 -4.232609
DYNAMIC_OBS_INFO 0 -5.750000 53.597602 1.570796 54.361902 -5.750000 108.629136 18.591618 1.160846
DYNAMIC_OBS_INFO 1 -1.750000 39.180519 1.570796 5.321563 -1.750000 50.260913 4.862694 0.204886
STATIC_OBS_INFO 0 -6.300000 66.292208 12.068439 
STATIC_OBS_INFO 1 -6.300000 65.543980 11.323234 
Parent: -15.866890 4.730467 49.000000 20.000000 7.350000 0.000000 -10.000000 1.492737 10.000000 0.000000 0 0 0 1 0 0 0 0
EGO_STATUS -5.250000 54.269533 3.400000 1.570796 6.327977 7.000000 -4.232596
DYNAMIC_OBS_INFO 0 -5.750000 53.597602 1.570796 55.615243 -5.750000 110.494102 18.707703 1.160846
DYNAMIC_OBS_INFO 1 -1.750000 39.180519 1.570796 5.415797 -1.750000 50.748207 4.883183 0.204886
STATIC_OBS_INFO 0 -6.300000 66.292208 11.459309 
STATIC_OBS_INFO 1 -6.300000 65.543980 10.714447 
Parent: -16.073643 4.118894 43.000000 20.000000 6.450000 0.000000 -10.000000 1.392758 10.000000 0.000000 0 0 0 1 0 0 0 0
EGO_STATUS -5.250000 54.881106 3.500000 1.570796 5.904729 7.000000 -4.232478
DYNAMIC_OBS_INFO 0 -5.750000 53.597602 1.570796 56.922605 -5.750000 112.370676 18.823787 1.160846
DYNAMIC_OBS_INFO 1 -1.750000 39.180519 1.570796 5.476951 -1.750000 51.237550 4.903672 0.204886
STATIC_OBS_INFO 0 -6.300000 66.292208 10.892666 
STATIC_OBS_INFO 1 -6.300000 65.543980 10.148178 
Parent: -15.255953 3.549733 37.000000 20.000000 5.550000 0.000000 -10.000000 1.292813 9.000000 0.000000 0 0 0 1 0 0 0 0
EGO_STATUS -5.250000 55.450267 3.600000 1.570796 5.481488 7.000000 -4.232414
DYNAMIC_OBS_INFO 0 -5.750000 53.597602 1.570796 58.283912 -5.750000 114.258859 18.939872 1.160846
DYNAMIC_OBS_INFO 1 -1.750000 39.180519 1.570796 5.504251 -1.750000 51.728942 4.924160 0.204886
STATIC_OBS_INFO 0 -6.300000 66.292208 10.368420 
STATIC_OBS_INFO 1 -6.300000 65.543980 9.624336 
Parent: -15.464369 3.022909 32.000000 20.000000 4.800000 0.000000 -10.000000 1.192877 9.000000 0.000000 0 0 0 1 0 0 0 0
EGO_STATUS -5.250000 55.977091 3.700000 1.570796 5.058264 7.000000 -4.232236
DYNAMIC_OBS_INFO 0 -5.750000 53.597602 1.570796 59.699114 -5.750000 116.158651 19.055956 1.160846
DYNAMIC_OBS_INFO 1 -1.750000 39.180519 1.570796 5.497384 -1.750000 52.222382 4.944649 0.204886
STATIC_OBS_INFO 0 -6.300000 66.292208 9.886493 
STATIC_OBS_INFO 1 -6.300000 65.543980 9.142842 
Parent: -14.646039 2.538369 27.000000 20.000000 4.050000 0.000000 -10.000000 1.092932 8.000000 0.000000 0 0 0 1 0 0 0 0
EGO_STATUS -5.250000 56.461631 3.800000 1.570796 4.635064 7.000000 -4.232007
DYNAMIC_OBS_INFO 0 -5.750000 53.597602 1.570796 61.168407 -5.750000 118.070050 19.172041 1.160846
DYNAMIC_OBS_INFO 1 -1.750000 39.180519 1.570796 5.456285 -1.750000 52.717871 4.965138 0.204886
STATIC_OBS_INFO 0 -6.300000 66.292208 9.447055 
STATIC_OBS_INFO 1 -6.300000 65.543980 8.703859 
Parent: -14.786743 2.096313 22.000000 20.000000 3.300000 0.000000 -10.000000 0.993070 8.000000 0.000000 0 0 0 1 0 0 0 0
EGO_STATUS -5.250000 56.903687 3.900000 1.570796 4.211884 7.000000 -4.231795
DYNAMIC_OBS_INFO 0 -5.750000 53.597602 1.570796 62.691334 -5.750000 119.993059 19.288126 1.160846
DYNAMIC_OBS_INFO 1 -1.750000 39.180519 1.570796 5.381846 -1.750000 53.215410 4.985626 0.204886
STATIC_OBS_INFO 0 -6.300000 66.292208 9.049610 
STATIC_OBS_INFO 1 -6.300000 65.543980 8.306889 
Parent: -13.967730 1.696282 18.000000 20.000000 2.700000 0.000000 -10.000000 0.893070 7.000000 0.000000 0 0 0 1 0 0 0 0
EGO_STATUS -5.250000 57.303718 4.000000 1.570796 3.788764 7.000000 -4.231206
DYNAMIC_OBS_INFO 0 -5.750000 53.597602 1.570796 64.268636 -5.750000 121.927676 19.404210 1.160846
DYNAMIC_OBS_INFO 1 -1.750000 39.180519 1.570796 5.274544 -1.750000 53.714997 5.006115 0.204886
STATIC_OBS_INFO 0 -6.300000 66.292208 8.694856 
STATIC_OBS_INFO 1 -6.300000 65.543980 7.952617 
Parent: -14.220454 1.339016 15.000000 20.000000 2.250000 0.000000 -10.000000 0.793340 7.000000 0.000000 0 0 0 1 0 0 0 0
EGO_STATUS -5.250000 57.660984 4.100000 1.570796 3.365643 7.000000 -4.231205
DYNAMIC_OBS_INFO 0 -5.750000 53.597602 1.570796 65.899722 -5.750000 123.873901 19.520295 1.160846
DYNAMIC_OBS_INFO 1 -1.750000 39.180519 1.570796 5.136479 -1.750000 54.216633 5.026604 0.204886
STATIC_OBS_INFO 0 -6.300000 66.292208 8.382157 
STATIC_OBS_INFO 1 -6.300000 65.543980 7.640397 
Parent: -14.446311 1.023924 12.000000 20.000000 1.800000 0.000000 -10.000000 0.693559 7.000000 0.000000 0 0 0 1 0 0 0 0
EGO_STATUS -5.250000 57.976076 4.200000 1.570796 2.942666 7.000000 -4.229768
DYNAMIC_OBS_INFO 0 -5.750000 53.597602 1.570796 67.585029 -5.750000 125.831734 19.636379 1.160846
DYNAMIC_OBS_INFO 1 -1.750000 39.180519 1.570796 4.969755 -1.750000 54.720317 5.047092 0.204886
STATIC_OBS_INFO 0 -6.300000 66.292208 8.111896 
STATIC_OBS_INFO 1 -6.300000 65.543980 7.370598 
Parent: -13.623336 0.751445 9.000000 20.000000 1.350000 0.000000 -10.000000 0.594069 6.000000 0.000000 0 0 0 1 0 0 0 0
EGO_STATUS -5.250000 58.248555 4.300000 1.570796 2.519823 7.000000 -4.228430
DYNAMIC_OBS_INFO 0 -5.750000 53.597602 1.570796 69.324612 -5.750000 127.801177 19.752464 1.160846
DYNAMIC_OBS_INFO 1 -1.750000 39.180519 1.570796 4.777820 -1.750000 55.226051 5.067581 0.204886
STATIC_OBS_INFO 0 -6.300000 66.292208 7.884073 
STATIC_OBS_INFO 1 -6.300000 65.543980 7.143205 
Parent: -13.936315 0.521632 7.000000 20.000000 1.050000 0.000000 -10.000000 0.495062 6.000000 0.000000 0 0 0 1 0 0 0 0
EGO_STATUS -5.250000 58.478368 4.400000 1.570796 2.097343 7.000000 -4.224800
DYNAMIC_OBS_INFO 0 -5.750000 53.597602 1.570796 71.117682 -5.750000 129.782227 19.868549 1.160846
DYNAMIC_OBS_INFO 1 -1.750000 39.180519 1.570796 4.566112 -1.750000 55.733833 5.088069 0.204886
STATIC_OBS_INFO 0 -6.300000 66.292208 7.697852 
STATIC_OBS_INFO 1 -6.300000 65.543980 6.957365 
Parent: -14.219247 0.333697 5.000000 20.000000 0.750000 0.000000 -10.000000 0.395912 6.000000 0.000000 0 0 0 1 0 0 0 0
EGO_STATUS -5.250000 58.666303 4.500000 1.570796 1.675710 7.000000 -4.216330
DYNAMIC_OBS_INFO 0 -5.750000 53.597602 1.570796 72.967164 -5.750000 131.774886 19.984633 1.160846
DYNAMIC_OBS_INFO 1 -1.750000 39.180519 1.570796 4.339721 -1.750000 56.243665 5.108558 0.204886
STATIC_OBS_INFO 0 -6.300000 66.292208 7.556082 
STATIC_OBS_INFO 1 -6.300000 65.543980 6.815906 
Parent: -14.399696 0.190564 3.000000 20.000000 0.450000 0.000000 -10.000000 0.301291 6.000000 0.000000 0 0 0 1 0 0 0 0
EGO_STATUS -5.250000 58.809436 4.600000 1.570796 1.254983 7.000000 -4.207272
DYNAMIC_OBS_INFO 0 -5.750000 53.597602 1.570796 74.868907 -5.750000 133.779154 20.100718 1.160846
DYNAMIC_OBS_INFO 1 -1.750000 39.180519 1.570796 4.110953 -1.750000 56.755545 5.129047 0.204886
STATIC_OBS_INFO 0 -6.300000 66.292208 7.454610 
STATIC_OBS_INFO 1 -6.300000 65.543980 6.714668 
Parent: -14.899123 0.088084 2.000000 20.000000 0.300000 0.000000 -10.000000 0.206826 6.000000 0.000000 0 0 0 1 0 0 0 0
EGO_STATUS -5.250000 58.911916 4.700000 1.570796 0.841767 7.000000 -4.132159
DYNAMIC_OBS_INFO 0 -5.750000 53.597602 1.570796 76.842152 -5.750000 135.795030 20.216802 1.160846
DYNAMIC_OBS_INFO 1 -1.750000 39.180519 1.570796 3.884498 -1.750000 57.269474 5.149535 0.204886
STATIC_OBS_INFO 0 -6.300000 66.292208 7.412449 
STATIC_OBS_INFO 1 -6.300000 65.543980 6.672607 
Parent: -15.790798 0.045496 2.000000 0.000000 0.300000 0.000000 -10.000000 0.202378 6.000000 0.000000 0 0 0 0 0 0 0 0
EGO_STATUS -5.250000 58.954504 4.800000 1.570796 0.439610 7.000000 -4.021577
DYNAMIC_OBS_INFO 0 -5.750000 53.597602 1.570796 78.847115 -5.750000 137.822514 20.332887 1.160846
DYNAMIC_OBS_INFO 1 -1.750000 39.180519 1.570796 3.697263 -1.750000 57.785452 5.170024 0.204886
STATIC_OBS_INFO 0 -6.300000 66.292208 7.390196 
STATIC_OBS_INFO 1 -6.300000 65.543980 6.650407 
Parent: -15.802597 0.023015 2.000000 0.000000 0.300000 0.000000 -10.000000 0.193951 6.000000 0.000000 0 0 0 0 0 0 0 0
EGO_STATUS -5.250000 58.976985 4.900000 1.570796 0.227329 7.000000 -2.122809
DYNAMIC_OBS_INFO 0 -5.750000 53.597602 1.570796 80.874301 -5.750000 139.861607 20.448971 1.160846
DYNAMIC_OBS_INFO 1 -1.750000 39.180519 1.570796 3.566474 -1.750000 58.303479 5.190513 0.204886
STATIC_OBS_INFO 0 -6.300000 66.292208 7.378450 
STATIC_OBS_INFO 1 -6.300000 65.543980 6.638690 
Parent: -15.820342 0.011149 2.000000 0.000000 0.300000 0.000000 -10.000000 0.177986 6.000000 0.000000 0 0 0 0 0 0 0 0
EGO_STATUS -5.250000 58.988851 5.000000 1.570796 0.115275 7.000000 -1.120535
DYNAMIC_OBS_INFO 0 -5.750000 53.597602 1.570796 82.918701 -5.750000 141.912309 20.565056 1.160846
DYNAMIC_OBS_INFO 1 -1.750000 39.180519 1.570796 3.504202 -1.750000 58.823555 5.211001 0.204886
STATIC_OBS_INFO 0 -6.300000 66.292208 7.372250 
STATIC_OBS_INFO 1 -6.300000 65.543980 6.632505 
NO_CANDIDATE
EGO_STATUS -5.250000 58.995115 5.100000 1.570796 0.056127 7.000000 -0.591480
FAIL
DYNAMIC_OBS_INFO 0 -5.750000 53.597602 1.570796 84.975362 -5.750000 143.974618 20.681141 1.160846
DYNAMIC_OBS_INFO 1 -1.750000 39.180519 1.570796 3.516958 -1.750000 59.345679 5.231490 0.204886
STATIC_OBS_INFO 0 -6.300000 66.292208 7.366694 
STATIC_OBS_INFO 1 -6.300000 65.543980 6.626963 
NO_CANDIDATE
EGO_STATUS -5.250000 59.000728 5.200000 1.570796 0.056127 4.000000 0.000000
FAIL
DYNAMIC_OBS_INFO 0 -5.750000 53.597602 1.570796 87.043632 -5.750000 146.048537 20.797225 1.160846
DYNAMIC_OBS_INFO 1 -1.750000 39.180519 1.570796 3.604948 -1.750000 59.869853 5.251979 0.204886
STATIC_OBS_INFO 0 -6.300000 66.292208 7.361139 
STATIC_OBS_INFO 1 -6.300000 65.543980 6.621422 
NO_CANDIDATE
EGO_STATUS -5.250000 59.006341 5.300000 1.570796 0.056127 4.000000 0.000000
FAIL
DYNAMIC_OBS_INFO 0 -5.750000 53.597602 1.570796 89.123513 -5.750000 148.134063 20.913310 1.160846
DYNAMIC_OBS_INFO 1 -1.750000 39.180519 1.570796 3.763747 -1.750000 60.396075 5.272467 0.204886
STATIC_OBS_INFO 0 -6.300000 66.292208 7.355584 
STATIC_OBS_INFO 1 -6.300000 65.543980 6.615880 
NO_CANDIDATE
EGO_STATUS -5.250000 59.011953 5.400000 1.570796 0.056127 4.000000 0.000000
FAIL
DYNAMIC_OBS_INFO 0 -5.750000 53.597602 1.570796 91.215003 -5.750000 150.231199 21.029394 1.160846
DYNAMIC_OBS_INFO 1 -1.750000 39.180519 1.570796 3.985701 -1.750000 60.924346 5.292956 0.204886
STATIC_OBS_INFO 0 -6.300000 66.292208 7.350029 
STATIC_OBS_INFO 1 -6.300000 65.543980 6.610339 
NO_CANDIDATE
EGO_STATUS -5.250000 59.017566 5.500000 1.570796 0.056127 4.000000 0.000000
FAIL
DYNAMIC_OBS_INFO 0 -5.750000 53.597602 1.570796 93.318103 -5.750000 152.339942 21.145479 1.160846
DYNAMIC_OBS_INFO 1 -1.750000 39.180519 1.570796 4.261705 -1.750000 61.454666 5.313444 0.204886
STATIC_OBS_INFO 0 -6.300000 66.292208 7.344473 
STATIC_OBS_INFO 1 -6.300000 65.543980 6.604797 
NO_CANDIDATE
EGO_STATUS -5.250000 59.023179 5.600000 1.570796 0.056127 4.000000 0.000000
FAIL
DYNAMIC_OBS_INFO 0 -5.750000 53.597602 1.570796 95.432813 -5.750000 154.460295 21.261564 1.160846
DYNAMIC_OBS_INFO 1 -1.750000 39.180519 1.570796 4.582707 -1.750000 61.987035 5.333933 0.204886
STATIC_OBS_INFO 0 -6.300000 66.292208 7.338918 
STATIC_OBS_INFO 1 -6.300000 65.543980 6.599256 
NO_CANDIDATE
EGO_STATUS -5.250000 59.028791 5.700000 1.570796 0.056127 4.000000 0.000000
FAIL
DYNAMIC_OBS_INFO 0 -5.750000 53.597602 1.570796 97.559132 -5.750000 156.592255 21.377648 1.160846
DYNAMIC_OBS_INFO 1 -1.750000 39.180519 1.570796 4.940598 -1.750000 62.521453 5.354422 0.204886
STATIC_OBS_INFO 0 -6.300000 66.292208 7.333364 
STATIC_OBS_INFO 1 -6.300000 65.543980 6.593715 
NO_CANDIDATE
EGO_STATUS -5.250000 59.034404 5.800000 1.570796 0.056127 4.000000 0.000000
FAIL
DYNAMIC_OBS_INFO 0 -5.750000 53.597602 1.570796 99.697061 -5.750000 158.735824 21.493733 1.160846
DYNAMIC_OBS_INFO 1 -1.750000 39.180519 1.570796 5.328559 -1.750000 63.057919 5.374910 0.204886
STATIC_OBS_INFO 0 -6.300000 66.292208 7.327809 
STATIC_OBS_INFO 1 -6.300000 65.543980 6.588174 
NO_CANDIDATE
EGO_STATUS -5.250000 59.040017 5.900000 1.570796 0.056127 4.000000 0.000000
FAIL
DYNAMIC_OBS_INFO 0 -5.750000 53.597602 1.570796 101.846599 -5.750000 160.891002 21.609817 1.160846
DYNAMIC_OBS_INFO 1 -1.750000 39.180519 1.570796 5.741065 -1.750000 63.596435 5.395399 0.204886
STATIC_OBS_INFO 0 -6.300000 66.292208 7.322254 
STATIC_OBS_INFO 1 -6.300000 65.543980 6.582633 
NO_CANDIDATE
EGO_STATUS -5.250000 59.045630 6.000000 1.570796 0.056127 4.000000 0.000000
FAIL
DYNAMIC_OBS_INFO 0 -5.750000 53.597602 1.570796 104.007747 -5.750000 163.057788 21.725902 1.160846
DYNAMIC_OBS_INFO 1 -1.750000 39.180519 1.570796 6.173729 -1.750000 64.136999 5.415888 0.204886
STATIC_OBS_INFO 0 -6.300000 66.292208 7.316699 
STATIC_OBS_INFO 1 -6.300000 65.543980 6.577092 
NO_CANDIDATE
EGO_STATUS -5.250000 59.051242 6.100000 1.570796 0.056127 4.000000 0.000000
FAIL
DYNAMIC_OBS_INFO 0 -5.750000 53.597602 1.570796 106.180504 -5.750000 165.236182 21.841987 1.160846
DYNAMIC_OBS_INFO 1 -1.750000 39.180519 1.570796 6.623096 -1.750000 64.679612 5.436376 0.204886
STATIC_OBS_INFO 0 -6.300000 66.292208 7.311145 
STATIC_OBS_INFO 1 -6.300000 65.543980 6.571551 
NO_CANDIDATE
EGO_STATUS -5.250000 59.056855 6.200000 1.570796 0.056127 4.000000 0.000000
FAIL
DYNAMIC_OBS_INFO 0 -5.750000 53.597602 1.570796 108.364871 -5.750000 167.426185 21.958071 1.160846
DYNAMIC_OBS_INFO 1 -1.750000 39.180519 1.570796 7.086456 -1.750000 65.224274 5.456865 0.204886
STATIC_OBS_INFO 0 -6.300000 66.292208 7.305590 
STATIC_OBS_INFO 1 -6.300000 65.543980 6.566011 
NO_CANDIDATE
EGO_STATUS -5.250000 59.062468 6.300000 1.570796 0.056127 4.000000 0.000000
FAIL
DYNAMIC_OBS_INFO 0 -5.750000 53.597602 1.570796 110.560847 -5.750000 169.627796 22.074156 1.160846
DYNAMIC_OBS_INFO 1 -1.750000 39.180519 1.570796 7.561675 -1.750000 65.770985 5.477354 0.204886
STATIC_OBS_INFO 0 -6.300000 66.292208 7.300036 
STATIC_OBS_INFO 1 -6.300000 65.543980 6.560470 
NO_CANDIDATE
EGO_STATUS -5.250000 59.068080 6.400000 1.570796 0.056127 4.000000 0.000000
FAIL
DYNAMIC_OBS_INFO 0 -5.750000 53.597602 1.570796 112.768431 -5.750000 171.841016 22.190240 1.160846
DYNAMIC_OBS_INFO 1 -1.750000 39.180519 1.570796 8.047066 -1.750000 66.319745 5.497842 0.204886
STATIC_OBS_INFO 0 -6.300000 66.292208 7.294482 
STATIC_OBS_INFO 1 -6.300000 65.543980 6.554930 
NO_CANDIDATE
EGO_STATUS -5.250000 59.073693 6.500000 1.570796 0.056127 4.000000 0.000000
FAIL
DYNAMIC_OBS_INFO 0 -5.750000 53.597602 1.570796 114.987626 -5.750000 174.065844 22.306325 1.160846
DYNAMIC_OBS_INFO 1 -1.750000 39.180519 1.570796 8.541285 -1.750000 66.870554 5.518331 0.204886
STATIC_OBS_INFO 0 -6.300000 66.292208 7.288927 
STATIC_OBS_INFO 1 -6.300000 65.543980 6.549390 
NO_CANDIDATE
EGO_STATUS -5.250000 59.079306 6.600000 1.570796 0.056127 4.000000 0.000000
FAIL
DYNAMIC_OBS_INFO 0 -5.750000 53.597602 1.570796 117.218429 -5.750000 176.302281 22.422409 1.160846
DYNAMIC_OBS_INFO 1 -1.750000 39.180519 1.570796 9.043255 -1.750000 67.423411 5.538819 0.204886
STATIC_OBS_INFO 0 -6.300000 66.292208 7.283373 
STATIC_OBS_INFO 1 -6.300000 65.543980 6.543850 
NO_CANDIDATE
EGO_STATUS -5.250000 59.084918 6.700000 1.570796 0.056127 4.000000 0.000000
FAIL
DYNAMIC_OBS_INFO 0 -5.750000 53.597602 1.570796 119.460841 -5.750000 178.550326 22.538494 1.160846
DYNAMIC_OBS_INFO 1 -1.750000 39.180519 1.570796 9.552107 -1.750000 67.978318 5.559308 0.204886
STATIC_OBS_INFO 0 -6.300000 66.292208 7.277819 
STATIC_OBS_INFO 1 -6.300000 65.543980 6.538310 
NO_CANDIDATE
EGO_STATUS -5.250000 59.090531 6.800000 1.570796 0.056127 4.000000 0.000000
FAIL
DYNAMIC_OBS_INFO 0 -5.750000 53.597602 1.570796 121.714863 -5.750000 180.809980 22.654579 1.160846
DYNAMIC_OBS_INFO 1 -1.750000 39.180519 1.570796 10.067133 -1.750000 68.535273 5.579797 0.204886
STATIC_OBS_INFO 0 -6.300000 66.292208 7.272265 
STATIC_OBS_INFO 1 -6.300000 65.543980 6.532770 
NO_CANDIDATE
EGO_STATUS -5.250000 59.096144 6.900000 1.570796 0.056127 4.000000 0.000000
FAIL
DYNAMIC_OBS_INFO 0 -5.750000 53.597602 1.570796 123.980494 -5.750000 183.081242 22.770663 1.160846
DYNAMIC_OBS_INFO 1 -1.750000 39.180519 1.570796 10.587751 -1.750000 69.094277 5.600285 0.204886
STATIC_OBS_INFO 0 -6.300000 66.292208 7.266711 
STATIC_OBS_INFO 1 -6.300000 65.543980 6.527230 
NO_CANDIDATE
EGO_STATUS -5.250000 59.101757 7.000000 1.570796 0.056127 4.000000 0.000000
FAIL
DYNAMIC_OBS_INFO 0 -5.750000 53.597602 1.570796 126.257733 -5.750000 185.364112 22.886748 1.160846
DYNAMIC_OBS_INFO 1 -1.750000 39.180519 1.570796 11.113482 -1.750000 69.655330 5.620774 0.204886
STATIC_OBS_INFO 0 -6.300000 66.292208 7.261158 
STATIC_OBS_INFO 1 -6.300000 65.543980 6.521691 
NO_CANDIDATE
EGO_STATUS -5.250000 59.107369 7.100000 1.570796 0.056127 4.000000 0.000000
FAIL
DYNAMIC_OBS_INFO 0 -5.750000 53.597602 1.570796 128.546582 -5.750000 187.658592 23.002832 1.160846
DYNAMIC_OBS_INFO 1 -1.750000 39.180519 1.570796 11.643926 -1.750000 70.218432 5.641263 0.204886
STATIC_OBS_INFO 0 -6.300000 66.292208 7.255604 
STATIC_OBS_INFO 1 -6.300000 65.543980 6.516152 
NO_CANDIDATE
EGO_STATUS -5.250000 59.112982 7.200000 1.570796 0.056127 4.000000 0.000000
FAIL
DYNAMIC_OBS_INFO 0 -5.750000 53.597602 1.570796 130.847040 -5.750000 189.964679 23.118917 1.160846
DYNAMIC_OBS_INFO 1 -1.750000 39.180519 1.570796 12.178750 -1.750000 70.783583 5.661751 0.204886
STATIC_OBS_INFO 0 -6.300000 66.292208 7.250050 
STATIC_OBS_INFO 1 -6.300000 65.543980 6.510612 
NO_CANDIDATE
EGO_STATUS -5.250000 59.118595 7.300000 1.570796 0.056127 4.000000 0.000000
FAIL
DYNAMIC_OBS_INFO 0 -5.750000 53.597602 1.570796 133.159106 -5.750000 192.282375 23.235002 1.160846
DYNAMIC_OBS_INFO 1 -1.750000 39.180519 1.570796 12.717670 -1.750000 71.350782 5.682240 0.204886
STATIC_OBS_INFO 0 -6.300000 66.292208 7.244497 
STATIC_OBS_INFO 1 -6.300000 65.543980 6.505073 
NO_CANDIDATE
EGO_STATUS -5.250000 59.124207 7.400000 1.570796 0.056127 4.000000 0.000000
FAIL
DYNAMIC_OBS_INFO 0 -5.750000 53.597602 1.570796 135.482782 -5.750000 194.611679 23.351086 1.160846
DYNAMIC_OBS_INFO 1 -1.750000 39.180519 1.570796 13.260448 -1.750000 71.920031 5.702729 0.204886
STATIC_OBS_INFO 0 -6.300000 66.292208 7.238944 
STATIC_OBS_INFO 1 -6.300000 65.543980 6.499534 
NO_CANDIDATE
EGO_STATUS -5.250000 59.129820 7.500000 1.570796 0.056127 4.000000 0.000000
FAIL
DYNAMIC_OBS_INFO 0 -5.750000 53.597602 1.570796 137.818066 -5.750000 196.952592 23.467171 1.160846
DYNAMIC_OBS_INFO 1 -1.750000 39.180519 1.570796 13.806880 -1.750000 72.491328 5.723217 0.204886
STATIC_OBS_INFO 0 -6.300000 66.292208 7.233390 
STATIC_OBS_INFO 1 -6.300000 65.543980 6.493995 
NO_CANDIDATE
EGO_STATUS -5.250000 59.135433 7.600000 1.570796 0.056127 4.000000 0.000000
FAIL
DYNAMIC_OBS_INFO 0 -5.750000 53.597602 1.570796 140.164960 -5.750000 199.305113 23.583255 1.160846
DYNAMIC_OBS_INFO 1 -1.750000 39.180519 1.570796 14.356790 -1.750000 73.064674 5.743706 0.204886
STATIC_OBS_INFO 0 -6.300000 66.292208 7.227837 
STATIC_OBS_INFO 1 -6.300000 65.543980 6.488456 
NO_CANDIDATE
EGO_STATUS -5.250000 59.141046 7.700000 1.570796 0.056127 4.000000 0.000000
FAIL
DYNAMIC_OBS_INFO 0 -5.750000 53.597602 1.570796 142.523462 -5.750000 201.669243 23.699340 1.160846
DYNAMIC_OBS_INFO 1 -1.750000 39.180519 1.570796 14.910029 -1.750000 73.640069 5.764195 0.204886
STATIC_OBS_INFO 0 -6.300000 66.292208 7.222284 
STATIC_OBS_INFO 1 -6.300000 65.543980 6.482918 
NO_CANDIDATE
EGO_STATUS -5.250000 59.146658 7.800000 1.570796 0.056127 4.000000 0.000000
FAIL
DYNAMIC_OBS_INFO 0 -5.750000 53.597602 1.570796 144.893573 -5.750000 204.044981 23.815425 1.160846
DYNAMIC_OBS_INFO 1 -1.750000 39.180519 1.570796 15.466464 -1.750000 74.217513 5.784683 0.204886
STATIC_OBS_INFO 0 -6.300000 66.292208 7.216731 
STATIC_OBS_INFO 1 -6.300000 65.543980 6.477379 
NO_CANDIDATE
EGO_STATUS -5.250000 59.152271 7.900000 1.570796 0.056127 4.000000 0.000000
FAIL
DYNAMIC_OBS_INFO 0 -5.750000 53.597602 1.570796 147.275293 -5.750000 206.432328 23.931509 1.160846
DYNAMIC_OBS_INFO 1 -1.750000 39.180519 1.570796 16.025983 -1.750000 74.797006 5.805172 0.204886
STATIC_OBS_INFO 0 -6.300000 66.292208 7.211178 
STATIC_OBS_INFO 1 -6.300000 65.543980 6.471841 
NO_CANDIDATE
EGO_STATUS -5.250000 59.157884 8.000000 1.570796 0.056127 4.000000 0.000000
FAIL
DYNAMIC_OBS_INFO 0 -5.750000 53.597602 1.570796 149.668622 -5.750000 208.831283 24.047594 1.160846
DYNAMIC_OBS_INFO 1 -1.750000 39.180519 1.570796 16.588486 -1.750000 75.378547 5.825660 0.204886
STATIC_OBS_INFO 0 -6.300000 66.292208 7.205625 
STATIC_OBS_INFO 1 -6.300000 65.543980 6.466302 
NO_CANDIDATE
EGO_STATUS -5.250000 59.163496 8.100000 1.570796 0.056127 4.000000 0.000000
FAIL
DYNAMIC_OBS_INFO 0 -5.750000 53.597602 1.570796 152.073560 -5.750000 211.241847 24.163678 1.160846
DYNAMIC_OBS_INFO 1 -1.750000 39.180519 1.570796 17.153886 -1.750000 75.962138 5.846149 0.204886
STATIC_OBS_INFO 0 -6.300000 66.292208 7.200072 
STATIC_OBS_INFO 1 -6.300000 65.543980 6.460764 
NO_CANDIDATE
EGO_STATUS -5.250000 59.169109 8.200000 1.570796 0.056127 4.000000 0.000000
FAIL
DYNAMIC_OBS_INFO 0 -5.750000 53.597602 1.570796 154.490106 -5.750000 213.664019 24.279763 1.160846
DYNAMIC_OBS_INFO 1 -1.750000 39.180519 1.570796 17.722106 -1.750000 76.547777 5.866638 0.204886
STATIC_OBS_INFO 0 -6.300000 66.292208 7.194520 
STATIC_OBS_INFO 1 -6.300000 65.543980 6.455226 
NO_CANDIDATE
EGO_STATUS -5.250000 59.174722 8.300000 1.570796 0.056127 4.000000 0.000000
FAIL
DYNAMIC_OBS_INFO 0 -5.750000 53.597602 1.570796 156.918262 -5.750000 216.097799 24.395847 1.160846
DYNAMIC_OBS_INFO 1 -1.750000 39.180519 1.570796 18.293079 -1.750000 77.135465 5.887126 0.204886
STATIC_OBS_INFO 0 -6.300000 66.292208 7.188967 
STATIC_OBS_INFO 1 -6.300000 65.543980 6.449688 
NO_CANDIDATE
EGO_STATUS -5.250000 59.180334 8.400000 1.570796 0.056127 4.000000 0.000000
FAIL
DYNAMIC_OBS_INFO 0 -5.750000 53.597602 1.570796 159.358026 -5.750000 218.543188 24.511932 1.160846
DYNAMIC_OBS_INFO 1 -1.750000 39.180519 1.570796 18.866743 -1.750000 77.725202 5.907615 0.204886
STATIC_OBS_INFO 0 -6.300000 66.292208 7.183415 
STATIC_OBS_INFO 1 -6.300000 65.543980 6.444151 
NO_CANDIDATE
EGO_STATUS -5.250000 59.185947 8.500000 1.570796 0.056127 4.000000 0.000000
FAIL
DYNAMIC_OBS_INFO 0 -5.750000 53.597602 1.570796 161.809398 -5.750000 221.000186 24.628017 1.160846
DYNAMIC_OBS_INFO 1 -1.750000 39.180519 1.570796 19.443045 -1.750000 78.316988 5.928104 0.204886
STATIC_OBS_INFO 0 -6.300000 66.292208 7.177862 
STATIC_OBS_INFO 1 -6.300000 65.543980 6.438613 
NO_CANDIDATE
EGO_STATUS -5.250000 59.191560 8.600000 1.570796 0.056127 4.000000 0.000000
FAIL
DYNAMIC_OBS_INFO 0 -5.750000 53.597602 1.570796 164.272380 -5.750000 223.468792 24.744101 1.160846
DYNAMIC_OBS_INFO 1 -1.750000 39.180519 1.570796 20.021938 -1.750000 78.910823 5.948592 0.204886
STATIC_OBS_INFO 0 -6.300000 66.292208 7.172310 
STATIC_OBS_INFO 1 -6.300000 65.543980 6.433075 
NO_CANDIDATE
EGO_STATUS -5.250000 59.197173 8.700000 1.570796 0.056127 4.000000 0.000000
FAIL
DYNAMIC_OBS_INFO 0 -5.750000 53.597602 1.570796 166.746970 -5.750000 225.949006 24.860186 1.160846
DYNAMIC_OBS_INFO 1 -1.750000 39.180519 1.570796 20.603379 -1.750000 79.506707 5.969081 0.204886
STATIC_OBS_INFO 0 -6.300000 66.292208 7.166758 
STATIC_OBS_INFO 1 -6.300000 65.543980 6.427538 
NO_CANDIDATE
EGO_STATUS -5.250000 59.202785 8.800000 1.570796 0.056127 4.000000 0.000000
FAIL
DYNAMIC_OBS_INFO 0 -5.750000 53.597602 1.570796 169.233170 -5.750000 228.440829 24.976270 1.160846
DYNAMIC_OBS_INFO 1 -1.750000 39.180519 1.570796 21.187329 -1.750000 80.104639 5.989570 0.204886
STATIC_OBS_INFO 0 -6.300000 66.292208 7.161206 
STATIC_OBS_INFO 1 -6.300000 65.543980 6.422001 
NO_CANDIDATE
EGO_STATUS -5.250000 59.208398 8.900000 1.570796 0.056127 4.000000 0.000000
FAIL
DYNAMIC_OBS_INFO 0 -5.750000 53.597602 1.570796 171.730977 -5.750000 230.944260 25.092355 1.160846
DYNAMIC_OBS_INFO 1 -1.750000 39.180519 1.570796 21.773753 -1.750000 80.704621 6.010058 0.204886
STATIC_OBS_INFO 0 -6.300000 66.292208 7.155654 
STATIC_OBS_INFO 1 -6.300000 65.543980 6.416464 
NO_CANDIDATE
EGO_STATUS -5.250000 59.214011 9.000000 1.570796 0.056127 4.000000 0.000000
FAIL
DYNAMIC_OBS_INFO 0 -5.750000 53.597602 1.570796 174.240394 -5.750000 233.459300 25.208440 1.160846
DYNAMIC_OBS_INFO 1 -1.750000 39.180519 1.570796 22.362620 -1.750000 81.306651 6.030547 0.204886
STATIC_OBS_INFO 0 -6.300000 66.292208 7.150102 
STATIC_OBS_INFO 1 -6.300000 65.543980 6.410927 
NO_CANDIDATE
EGO_STATUS -5.250000 59.219623 9.100000 1.570796 0.056127 4.000000 0.000000
FAIL
DYNAMIC_OBS_INFO 0 -5.750000 53.597602 1.570796 176.761419 -5.750000 235.985948 25.324524 1.160846
DYNAMIC_OBS_INFO 1 -1.750000 39.180519 1.570796 22.953902 -1.750000 81.910730 6.051035 0.204886
STATIC_OBS_INFO 0 -6.300000 66.292208 7.144550 
STATIC_OBS_INFO 1 -6.300000 65.543980 6.405390 
NO_CANDIDATE
EGO_STATUS -5.250000 59.225236 9.200000 1.570796 0.056127 4.000000 0.000000
FAIL
DYNAMIC_OBS_INFO 0 -5.750000 53.597602 1.570796 179.294053 -5.750000 238.524205 25.440609 1.160846
DYNAMIC_OBS_INFO 1 -1.750000 39.180519 1.570796 23.547574 -1.750000 82.516858 6.071524 0.204886
STATIC_OBS_INFO 0 -6.300000 66.292208 7.138998 
STATIC_OBS_INFO 1 -6.300000 65.543980 6.399853 
NO_CANDIDATE
EGO_STATUS -5.250000 59.230849 9.300000 1.570796 0.056127 4.000000 0.000000
FAIL
DYNAMIC_OBS_INFO 0 -5.750000 53.597602 1.570796 181.838296 -5.750000 241.074070 25.556693 1.160846
DYNAMIC_OBS_INFO 1 -1.750000 39.180519 1.570796 24.143611 -1.750000 83.125035 6.092013 0.204886
STATIC_OBS_INFO 0 -6.300000 66.292208 7.133447 
STATIC_OBS_INFO 1 -6.300000 65.543980 6.394317 
NO_CANDIDATE
EGO_STATUS -5.250000 59.236462 9.400000 1.570796 0.056127 4.000000 0.000000
FAIL
DYNAMIC_OBS_INFO 0 -5.750000 53.597602 1.570796 184.394147 -5.750000 243.635543 25.672778 1.160846
DYNAMIC_OBS_INFO 1 -1.750000 39.180519 1.570796 24.741992 -1.750000 83.735261 6.112501 0.204886
STATIC_OBS_INFO 0 -6.300000 66.292208 7.127895 
STATIC_OBS_INFO 1 -6.300000 65.543980 6.388780 
NO_CANDIDATE
EGO_STATUS -5.250000 59.242074 9.500000 1.570796 0.056127 4.000000 0.000000
FAIL
DYNAMIC_OBS_INFO 0 -5.750000 53.597602 1.570796 186.961607 -5.750000 246.208625 25.788863 1.160846
DYNAMIC_OBS_INFO 1 -1.750000 39.180519 1.570796 25.342699 -1.750000 84.347535 6.132990 0.204886
STATIC_OBS_INFO 0 -6.300000 66.292208 7.122344 
STATIC_OBS_INFO 1 -6.300000 65.543980 6.383244 
NO_CANDIDATE
EGO_STATUS -5.250000 59.247687 9.600000 1.570796 0.056127 4.000000 0.000000
FAIL
DYNAMIC_OBS_INFO 0 -5.750000 53.597602 1.570796 189.540676 -5.750000 248.793316 25.904947 1.160846
DYNAMIC_OBS_INFO 1 -1.750000 39.180519 1.570796 25.945712 -1.750000 84.961858 6.153479 0.204886
STATIC_OBS_INFO 0 -6.300000 66.292208 7.116792 
STATIC_OBS_INFO 1 -6.300000 65.543980 6.377708 
NO_CANDIDATE
EGO_STATUS -5.250000 59.253300 9.700000 1.570796 0.056127 4.000000 0.000000
FAIL
DYNAMIC_OBS_INFO 0 -5.750000 53.597602 1.570796 192.131353 -5.750000 251.389615 26.021032 1.160846
DYNAMIC_OBS_INFO 1 -1.750000 39.180519 1.570796 26.551017 -1.750000 85.578231 6.173967 0.204886
STATIC_OBS_INFO 0 -6.300000 66.292208 7.111241 
STATIC_OBS_INFO 1 -6.300000 65.543980 6.372172 
NO_CANDIDATE
EGO_STATUS -5.250000 59.258912 9.800000 1.570796 0.056127 4.000000 0.000000
FAIL
DYNAMIC_OBS_INFO 0 -5.750000 53.597602 1.570796 194.733639 -5.750000 253.997522 26.137116 1.160846
DYNAMIC_OBS_INFO 1 -1.750000 39.180519 1.570796 27.158598 -1.750000 86.196652 6.194456 0.204886
STATIC_OBS_INFO 0 -6.300000 66.292208 7.105690 
STATIC_OBS_INFO 1 -6.300000 65.543980 6.366636 
NO_CANDIDATE
EGO_STATUS -5.250000 59.264525 9.900000 1.570796 0.056127 4.000000 0.000000
FAIL
DYNAMIC_OBS_INFO 0 -5.750000 53.597602 1.570796 197.347534 -5.750000 256.617038 26.253201 1.160846
DYNAMIC_OBS_INFO 1 -1.750000 39.180519 1.570796 27.768441 -1.750000 86.817122 6.214945 0.204886
STATIC_OBS_INFO 0 -6.300000 66.292208 7.100139 
STATIC_OBS_INFO 1 -6.300000 65.543980 6.361100 
NO_CANDIDATE
EGO_STATUS -5.250000 59.270138 10.000000 1.570796 0.056127 4.000000 0.000000
FAIL
DYNAMIC_OBS_INFO 0 -5.750000 53.597602 1.570796 199.973037 -5.750000 259.248162 26.369285 1.160846
DYNAMIC_OBS_INFO 1 -1.750000 39.180519 1.570796 28.380534 -1.750000 87.439641 6.235433 0.204886
STATIC_OBS_INFO 0 -6.300000 66.292208 7.094588 
STATIC_OBS_INFO 1 -6.300000 65.543980 6.355564 
NO_CANDIDATE
EGO_STATUS -5.250000 59.275750 10.100000 1.570796 0.056127 4.000000 0.000000
FAIL
DYNAMIC_OBS_INFO 0 -5.750000 53.597602 1.570796 202.610149 -5.750000 261.890895 26.485370 1.160846
DYNAMIC_OBS_INFO 1 -1.750000 39.180519 1.570796 28.994865 -1.750000 88.064209 6.255922 0.204886
STATIC_OBS_INFO 0 -6.300000 66.292208 7.089037 
STATIC_OBS_INFO 1 -6.300000 65.543980 6.350029 
NO_CANDIDATE
EGO_STATUS -5.250000 59.281363 10.200000 1.570796 0.056127 4.000000 0.000000
FAIL
DYNAMIC_OBS_INFO 0 -5.750000 53.597602 1.570796 205.258870 -5.750000 264.545236 26.601455 1.160846
DYNAMIC_OBS_INFO 1 -1.750000 39.180519 1.570796 29.611423 -1.750000 88.690825 6.276410 0.204886
STATIC_OBS_INFO 0 -6.300000 66.292208 7.083486 
STATIC_OBS_INFO 1 -6.300000 65.543980 6.344493 
NO_CANDIDATE
EGO_STATUS -5.250000 59.286976 10.300000 1.570796 0.056127 4.000000 0.000000
FAIL
DYNAMIC_OBS_INFO 0 -5.750000 53.597602 1.570796 207.919199 -5.750000 267.211186 26.717539 1.160846
DYNAMIC_OBS_INFO 1 -1.750000 39.180519 1.570796 30.230198 -1.750000 89.319491 6.296899 0.204886
STATIC_OBS_INFO 0 -6.300000 66.292208 7.077936 
STATIC_OBS_INFO 1 -6.300000 65.543980 6.338958 
NO_CANDIDATE
EGO_STATUS -5.250000 59.292589 10.400000 1.570796 0.056127 4.000000 0.000000
FAIL
DYNAMIC_OBS_INFO 0 -5.750000 53.597602 1.570796 210.591137 -5.750000 269.888744 26.833624 1.160846
DYNAMIC_OBS_INFO 1 -1.750000 39.180519 1.570796 30.851180 -1.750000 89.950205 6.317388 0.204886
STATIC_OBS_INFO 0 -6.300000 66.292208 7.072385 
STATIC_OBS_INFO 1 -6.300000 65.543980 6.333423 
NO_CANDIDATE
EGO_STATUS -5.250000 59.298201 10.500000 1.570796 0.056127 4.000000 0.000000
FAIL
DYNAMIC_OBS_INFO 0 -5.750000 53.597602 1.570796 213.274683 -5.750000 272.577911 26.949708 1.160846
DYNAMIC_OBS_INFO 1 -1.750000 39.180519 1.570796 31.474362 -1.750000 90.582968 6.337876 0.204886
STATIC_OBS_INFO 0 -6.300000 66.292208 7.066835 
STATIC_OBS_INFO 1 -6.300000 65.543980 6.327888 
NO_CANDIDATE
EGO_STATUS -5.250000 59.303814 10.600000 1.570796 0.056127 4.000000 0.000000
FAIL
DYNAMIC_OBS_INFO 0 -5.750000 53.597602 1.570796 215.969838 -5.750000 275.278686 27.065793 1.160846
DYNAMIC_OBS_INFO 1 -1.750000 39.180519 1.570796 32.099736 -1.750000 91.217780 6.358365 0.204886
STATIC_OBS_INFO 0 -6.300000 66.292208 7.061284 
STATIC_OBS_INFO 1 -6.300000 65.543980 6.322353 
NO_CANDIDATE
EGO_STATUS -5.250000 59.309427 10.700000 1.570796 0.056127 4.000000 0.000000
FAIL
DYNAMIC_OBS_INFO 0 -5.750000 53.597602 1.570796 218.676602 -5.750000 277.991070 27.181878 1.160846
DYNAMIC_OBS_INFO 1 -1.750000 39.180519 1.570796 32.727293 -1.750000 91.854641 6.378854 0.204886
STATIC_OBS_INFO 0 -6.300000 66.292208 7.055734 
STATIC_OBS_INFO 1 -6.300000 65.543980 6.316818 
NO_CANDIDATE
EGO_STATUS -5.250000 59.315039 10.800000 1.570796 0.056127 4.000000 0.000000
FAIL
DYNAMIC_OBS_INFO 0 -5.750000 53.597602 1.570796 221.394974 -5.750000 280.715062 27.297962 1.160846
DYNAMIC_OBS_INFO 1 -1.750000 39.180519 1.570796 33.357027 -1.750000 92.493551 6.399342 0.204886
STATIC_OBS_INFO 0 -6.300000 66.292208 7.050184 
STATIC_OBS_INFO 1 -6.300000 65.543980 6.311284 
NO_CANDIDATE
EGO_STATUS -5.250000 59.320652 10.900000 1.570796 0.056127 4.000000 0.000000
FAIL
DYNAMIC_OBS_INFO 0 -5.750000 53.597602 1.570796 224.124955 -5.750000 283.450662 27.414047 1.160846
DYNAMIC_OBS_INFO 1 -1.750000 39.180519 1.570796 33.988931 -1.750000 93.134510 6.419831 0.204886
STATIC_OBS_INFO 0 -6.300000 66.292208 7.044634 
STATIC_OBS_INFO 1 -6.300000 65.543980 6.305750 
NO_CANDIDATE
EGO_STATUS -5.250000 59.326265 11.000000 1.570796 0.056127 4.000000 0.000000
FAIL
DYNAMIC_OBS_INFO 0 -5.750000 53.597602 1.570796 226.866544 -5.750000 286.197871 27.530131 1.160846
DYNAMIC_OBS_INFO 1 -1.750000 39.180519 1.570796 34.622999 -1.750000 93.777517 6.440320 0.204886
STATIC_OBS_INFO 0 -6.300000 66.292208 7.039084 
STATIC_OBS_INFO 1 -6.300000 65.543980 6.300215 
NO_CANDIDATE
EGO_STATUS -5.250000 59.331878 11.100000 1.570796 0.056127 4.000000 0.000000
FAIL
DYNAMIC_OBS_INFO 0 -5.750000 53.597602 1.570796 229.619742 -5.750000 288.956688 27.646216 1.160846
DYNAMIC_OBS_INFO 1 -1.750000 39.180519 1.570796 35.259227 -1.750000 94.422574 6.460808 0.204886
STATIC_OBS_INFO 0 -6.300000 66.292208 7.033534 
STATIC_OBS_INFO 1 -6.300000 65.543980 6.294681 
NO_CANDIDATE
EGO_STATUS -5.250000 59.337490 11.200000 1.570796 0.056127 4.000000 0.000000
FAIL
DYNAMIC_OBS_INFO 0 -5.750000 53.597602 1.570796 232.384549 -5.750000 291.727114 27.762301 1.160846
DYNAMIC_OBS_INFO 1 -1.750000 39.180519 1.570796 35.897607 -1.750000 95.069679 6.481297 0.204886
STATIC_OBS_INFO 0 -6.300000 66.292208 7.027984 
STATIC_OBS_INFO 1 -6.300000 65.543980 6.289147 
NO_CANDIDATE
EGO_STATUS -5.250000 59.343103 11.300000 1.570796 0.056127 4.000000 0.000000
FAIL
DYNAMIC_OBS_INFO 0 -5.750000 53.597602 1.570796 235.160964 -5.750000 294.509148 27.878385 1.160846
DYNAMIC_OBS_INFO 1 -1.750000 39.180519 1.570796 36.538137 -1.750000 95.718833 6.501785 0.204886
STATIC_OBS_INFO 0 -6.300000 66.292208 7.022435 
STATIC_OBS_INFO 1 -6.300000 65.543980 6.283613 
NO_CANDIDATE
EGO_STATUS -5.250000 59.348716 11.400000 1.570796 0.056127 4.000000 0.000000
FAIL
DYNAMIC_OBS_INFO 0 -5.750000 53.597602 1.570796 237.948988 -5.750000 297.302791 27.994470 1.160846
DYNAMIC_OBS_INFO 1 -1.750000 39.180519 1.570796 37.180810 -1.750000 96.370036 6.522274 0.204886
STATIC_OBS_INFO 0 -6.300000 66.292208 7.016885 
STATIC_OBS_INFO 1 -6.300000 65.543980 6.278080 
NO_CANDIDATE
EGO_STATUS -5.250000 59.354328 11.500000 1.570796 0.056127 4.000000 0.000000
FAIL
DYNAMIC_OBS_INFO 0 -5.750000 53.597602 1.570796 240.748620 -5.750000 300.108042 28.110554 1.160846
DYNAMIC_OBS_INFO 1 -1.750000 39.180519 1.570796 37.825622 -1.750000 97.023288 6.542763 0.204886
STATIC_OBS_INFO 0 -6.300000 66.292208 7.011336 
STATIC_OBS_INFO 1 -6.300000 65.543980 6.272546 
NO_CANDIDATE
EGO_STATUS -5.250000 59.359941 11.600000 1.570796 0.056127 4.000000 0.000000
FAIL
DYNAMIC_OBS_INFO 0 -5.750000 53.597602 1.570796 243.559861 -5.750000 302.924902 28.226639 1.160846
DYNAMIC_OBS_INFO 1 -1.750000 39.180519 1.570796 38.472570 -1.750000 97.678588 6.563251 0.204886
STATIC_OBS_INFO 0 -6.300000 66.292208 7.005786 
STATIC_OBS_INFO 1 -6.300000 65.543980 6.267013 
NO_CANDIDATE
EGO_STATUS -5.250000 59.365554 11.700000 1.570796 0.056127 4.000000 0.000000
FAIL
DYNAMIC_OBS_INFO 0 -5.750000 53.597602 1.570796 246.382711 -5.750000 305.753370 28.342724 1.160846
DYNAMIC_OBS_INFO 1 -1.750000 39.180519 1.570796 39.121649 -1.750000 98.335938 6.583740 0.204886
STATIC_OBS_INFO 0 -6.300000 66.292208 7.000237 
STATIC_OBS_INFO 1 -6.300000 65.543980 6.261479 
NO_CANDIDATE
EGO_STATUS -5.250000 59.371167 11.800000 1.570796 0.056127 4.000000 0.000000
FAIL
DYNAMIC_OBS_INFO 0 -5.750000 53.597602 1.570796 249.217169 -5.750000 308.593447 28.458808 1.160846
DYNAMIC_OBS_INFO 1 -1.750000 39.180519 1.570796 39.772856 -1.750000 98.995336 6.604229 0.204886
STATIC_OBS_INFO 0 -6.300000 66.292208 6.994688 
STATIC_OBS_INFO 1 -6.300000 65.543980 6.255946 
NO_CANDIDATE
EGO_STATUS -5.250000 59.376779 11.900000 1.570796 0.056127 4.000000 0.000000
FAIL
DYNAMIC_OBS_INFO 0 -5.750000 53.597602 1.570796 252.063236 -5.750000 311.445132 28.574893 1.160846
DYNAMIC_OBS_INFO 1 -1.750000 39.180519 1.570796 40.426188 -1.750000 99.656784 6.624717 0.204886
STATIC_OBS_INFO 0 -6.300000 66.292208 6.989139 
STATIC_OBS_INFO 1 -6.300000 65.543980 6.250413 
NO_CANDIDATE
EGO_STATUS -5.250000 59.382392 12.000000 1.570796 0.056127 4.000000 0.000000
FAIL
DYNAMIC_OBS_INFO 0 -5.750000 53.597602 1.570796 254.920911 -5.750000 314.308425 28.690977 1.160846
DYNAMIC_OBS_INFO 1 -1.750000 39.180519 1.570796 41.081640 -1.750000 100.320280 6.645206 0.204886
STATIC_OBS_INFO 0 -6.300000 66.292208 6.983590 
STATIC_OBS_INFO 1 -6.300000 65.543980 6.244880 
NO_CANDIDATE
EGO_STATUS -5.250000 59.388005 12.100000 1.570796 0.056127 4.000000 0.000000
FAIL
DYNAMIC_OBS_INFO 0 -5.750000 53.597602 1.570796 257.790195 -5.750000 317.183327 28.807062 1.160846
DYNAMIC_OBS_INFO 1 -1.750000 39.180519 1.570796 41.739211 -1.750000 100.985825 6.665695 0.204886
STATIC_OBS_INFO 0 -6.300000 66.292208 6.978041 
STATIC_OBS_INFO 1 -6.300000 65.543980 6.239347 
NO_CANDIDATE
EGO_STATUS -5.250000 59.393617 12.200000 1.570796 0.056127 4.000000 0.000000
FAIL
DYNAMIC_OBS_INFO 0 -5.750000 53.597602 1.570796 260.671087 -5.750000 320.069838 28.923146 1.160846
DYNAMIC_OBS_INFO 1 -1.750000 39.180519 1.570796 42.398897 -1.750000 101.653419 6.686183 0.204886
STATIC_OBS_INFO 0 -6.300000 66.292208 6.972492 
STATIC_OBS_INFO 1 -6.300000 65.543980 6.233815 
NO_CANDIDATE
EGO_STATUS -5.250000 59.399230 12.300000 1.570796 0.056127 4.000000 0.000000
FAIL
DYNAMIC_OBS_INFO 0 -5.750000 53.597602 1.570796 263.563588 -5.750000 322.967956 29.039231 1.160846
DYNAMIC_OBS_INFO 1 -1.750000 39.180519 1.570796 43.060696 -1.750000 102.323062 6.706672 0.204886
STATIC_OBS_INFO 0 -6.300000 66.292208 6.966944 
STATIC_OBS_INFO 1 -6.300000 65.543980 6.228282 
NO_CANDIDATE
EGO_STATUS -5.250000 59.404843 12.400000 1.570796 0.056127 4.000000 0.000000
FAIL
DYNAMIC_OBS_INFO 0 -5.750000 53.597602 1.570796 266.467697 -5.750000 325.877684 29.155316 1.160846
DYNAMIC_OBS_INFO 1 -1.750000 39.180519 1.570796 43.724604 -1.750000 102.994753 6.727160 0.204886
STATIC_OBS_INFO 0 -6.300000 66.292208 6.961395 
STATIC_OBS_INFO 1 -6.300000 65.543980 6.222750 
NO_CANDIDATE
EGO_STATUS -5.250000 59.410455 12.500000 1.570796 0.056127 4.000000 0.000000
FAIL
DYNAMIC_OBS_INFO 0 -5.750000 53.597602 1.570796 269.383415 -5.750000 328.799020 29.271400 1.160846
DYNAMIC_OBS_INFO 1 -1.750000 39.180519 1.570796 44.390620 -1.750000 103.668494 6.747649 0.204886
STATIC_OBS_INFO 0 -6.300000 66.292208 6.955847 
STATIC_OBS_INFO 1 -6.300000 65.543980 6.217218 
NO_CANDIDATE
EGO_STATUS -5.250000 59.416068 12.600000 1.570796 0.056127 4.000000 0.000000
FAIL
DYNAMIC_OBS_INFO 0 -5.750000 53.597602 1.570796 272.310742 -5.750000 331.731964 29.387485 1.160846
DYNAMIC_OBS_INFO 1 -1.750000 39.180519 1.570796 45.058742 -1.750000 104.344283 6.768138 0.204886
STATIC_OBS_INFO 0 -6.300000 66.292208 6.950298 
STATIC_OBS_INFO 1 -6.300000 65.543980 6.211686 
NO_CANDIDATE
EGO_STATUS -5.250000 59.421681 12.700000 1.570796 0.056127 4.000000 0.000000
FAIL
DYNAMIC_OBS_INFO 0 -5.750000 53.597602 1.570796 275.249677 -5.750000 334.676517 29.503569 1.160846
DYNAMIC_OBS_INFO 1 -1.750000 39.180519 1.570796 45.728966 -1.750000 105.022121 6.788626 0.204886
STATIC_OBS_INFO 0 -6.300000 66.292208 6.944750 
STATIC_OBS_INFO 1 -6.300000 65.543980 6.206154 
NO_CANDIDATE
EGO_STATUS -5.250000 59.427294 12.800000 1.570796 0.056127 4.000000 0.000000
FAIL
DYNAMIC_OBS_INFO 0 -5.750000 53.597602 1.570796 278.200221 -5.750000 337.632678 29.619654 1.160846
DYNAMIC_OBS_INFO 1 -1.750000 39.180519 1.570796 46.401291 -1.750000 105.702008 6.809115 0.204886
STATIC_OBS_INFO 0 -6.300000 66.292208 6.939202 
STATIC_OBS_INFO 1 -6.300000 65.543980 6.200622 
NO_CANDIDATE
EGO_STATUS -5.250000 59.432906 12.900000 1.570796 0.056127 4.000000 0.000000
FAIL
DYNAMIC_OBS_INFO 0 -5.750000 53.597602 1.570796 281.162373 -5.750000 340.600447 29.735739 1.160846
DYNAMIC_OBS_INFO 1 -1.750000 39.180519 1.570796 47.075715 -1.750000 106.383944 6.829604 0.204886
STATIC_OBS_INFO 0 -6.300000 66.292208 6.933654 
STATIC_OBS_INFO 1 -6.300000 65.543980 6.195091 
NO_CANDIDATE
EGO_STATUS -5.250000 59.438519 13.000000 1.570796 0.056127 4.000000 0.000000
FAIL
DYNAMIC_OBS_INFO 0 -5.750000 53.597602 1.570796 284.136134 -5.750000 343.579825 29.851823 1.160846
DYNAMIC_OBS_INFO 1 -1.750000 39.180519 1.570796 47.752236 -1.750000 107.067929 6.850092 0.204886
STATIC_OBS_INFO 0 -6.300000 66.292208 6.928106 
STATIC_OBS_INFO 1 -6.300000 65.543980 6.189559 
NO_CANDIDATE
EGO_STATUS -5.250000 59.444132 13.100000 1.570796 0.056127 4.000000 0.000000
FAIL
DYNAMIC_OBS_INFO 0 -5.750000 53.597602 1.570796 287.121503 -5.750000 346.570812 29.967908 1.160846
DYNAMIC_OBS_INFO 1 -1.750000 39.180519 1.570796 48.430853 -1.750000 107.753963 6.870581 0.204886
STATIC_OBS_INFO 0 -6.300000 66.292208 6.922558 
STATIC_OBS_INFO 1 -6.300000 65.543980 6.184028 
NO_CANDIDATE
EGO_STATUS -5.250000 59.449744 13.200000 1.570796 0.056127 4.000000 0.000000
FAIL
DYNAMIC_OBS_INFO 0 -5.750000 53.597602 1.570796 290.118481 -5.750000 349.573407 30.083992 1.160846
DYNAMIC_OBS_INFO 1 -1.750000 39.180519 1.570796 49.111563 -1.750000 108.442045 6.891070 0.204886
STATIC_OBS_INFO 0 -6.300000 66.292208 6.917010 
STATIC_OBS_INFO 1 -6.300000 65.543980 6.178497 
NO_CANDIDATE
EGO_STATUS -5.250000 59.455357 13.300000 1.570796 0.056127 4.000000 0.000000
FAIL
DYNAMIC_OBS_INFO 0 -5.750000 53.597602 1.570796 293.127067 -5.750000 352.587610 30.200077 1.160846
DYNAMIC_OBS_INFO 1 -1.750000 39.180519 1.570796 49.794365 -1.750000 109.132177 6.911558 0.204886
STATIC_OBS_INFO 0 -6.300000 66.292208 6.911463 
STATIC_OBS_INFO 1 -6.300000 65.543980 6.172966 
NO_CANDIDATE
EGO_STATUS -5.250000 59.460970 13.400000 1.570796 0.056127 4.000000 0.000000
FAIL
DYNAMIC_OBS_INFO 0 -5.750000 53.597602 1.570796 296.147262 -5.750000 355.613422 30.316162 1.160846
DYNAMIC_OBS_INFO 1 -1.750000 39.180519 1.570796 50.479258 -1.750000 109.824357 6.932047 0.204886
STATIC_OBS_INFO 0 -6.300000 66.292208 6.905915 
STATIC_OBS_INFO 1 -6.300000 65.543980 6.167435 
NO_CANDIDATE
EGO_STATUS -5.250000 59.466583 13.500000 1.570796 0.056127 4.000000 0.000000
FAIL
DYNAMIC_OBS_INFO 0 -5.750000 53.597602 1.570796 299.179065 -5.750000 358.650843 30.432246 1.160846
DYNAMIC_OBS_INFO 1 -1.750000 39.180519 1.570796 51.166239 -1.750000 110.518586 6.952535 0.204886
STATIC_OBS_INFO 0 -6.300000 66.292208 6.900368 
STATIC_OBS_INFO 1 -6.300000 65.543980 6.161904 
NO_CANDIDATE
EGO_STATUS -5.250000 59.472195 13.600000 1.570796 0.056127 4.000000 0.000000
FAIL
DYNAMIC_OBS_INFO 0 -5.750000 53.597602 1.570796 302.222477 -5.750000 361.699872 30.548331 1.160846
DYNAMIC_OBS_INFO 1 -1.750000 39.180519 1.570796 51.855308 -1.750000 111.214864 6.973024 0.204886
STATIC_OBS_INFO 0 -6.300000 66.292208 6.894821 
STATIC_OBS_INFO 1 -6.300000 65.543980 6.156374 
NO_CANDIDATE
EGO_STATUS -5.250000 59.477808 13.700000 1.570796 0.056127 4.000000 0.000000
FAIL
DYNAMIC_OBS_INFO 0 -5.750000 53.597602 1.570796 305.277498 -5.750000 364.760509 30.664415 1.160846
DYNAMIC_OBS_INFO 1 -1.750000 39.180519 1.570796 52.546463 -1.750000 111.913191 6.993513 0.204886
STATIC_OBS_INFO 0 -6.300000 66.292208 6.889273 
STATIC_OBS_INFO 1 -6.300000 65.543980 6.150843 
NO_CANDIDATE
EGO_STATUS -5.250000 59.483421 13.800000 1.570796 0.056127 4.000000 0.000000
FAIL
DYNAMIC_OBS_INFO 0 -5.750000 53.597602 1.570796 308.344127 -5.750000 367.832755 30.780500 1.160846
DYNAMIC_OBS_INFO 1 -1.750000 39.180519 1.570796 53.239703 -1.750000 112.613567 7.014001 0.204886
STATIC_OBS_INFO 0 -6.300000 66.292208 6.883726 
STATIC_OBS_INFO 1 -6.300000 65.543980 6.145313 
NO_CANDIDATE
EGO_STATUS -5.250000 59.489033 13.900000 1.570796 0.056127 4.000000 0.000000
FAIL
DYNAMIC_OBS_INFO 0 -5.750000 53.597602 1.570796 311.422364 -5.750000 370.916609 30.896584 1.160846
DYNAMIC_OBS_INFO 1 -1.750000 39.180519 1.570796 53.935027 -1.750000 113.315991 7.034490 0.204886
STATIC_OBS_INFO 0 -6.300000 66.292208 6.878179 
STATIC_OBS_INFO 1 -6.300000 65.543980 6.139783 
NO_CANDIDATE
EGO_STATUS -5.250000 59.494646 14.000000 1.570796 0.056127 4.000000 0.000000
FAIL
DYNAMIC_OBS_INFO 0 -5.750000 53.597602 1.570796 314.512210 -5.750000 374.012072 31.012669 1.160846
DYNAMIC_OBS_INFO 1 -1.750000 39.180519 1.570796 54.632434 -1.750000 114.020465 7.054979 0.204886
STATIC_OBS_INFO 0 -6.300000 66.292208 6.872632 
STATIC_OBS_INFO 1 -6.300000 65.543980 6.134253 
NO_CANDIDATE
EGO_STATUS -5.250000 59.500259 14.100000 1.570796 0.056127 4.000000 0.000000
FAIL
DYNAMIC_OBS_INFO 0 -5.750000 53.597602 1.570796 317.613665 -5.750000 377.119143 31.128754 1.160846
DYNAMIC_OBS_INFO 1 -1.750000 39.180519 1.570796 55.331922 -1.750000 114.726987 7.075467 0.204886
STATIC_OBS_INFO 0 -6.300000 66.292208 6.867086 
STATIC_OBS_INFO 1 -6.300000 65.543980 6.128723 
NO_CANDIDATE
EGO_STATUS -5.250000 59.505871 14.200000 1.570796 0.056127 4.000000 0.000000
FAIL
DYNAMIC_OBS_INFO 0 -5.750000 53.597602 1.570796 320.726728 -5.750000 380.237822 31.244838 1.160846
DYNAMIC_OBS_INFO 1 -1.750000 39.180519 1.570796 56.033490 -1.750000 115.435558 7.095956 0.204886
STATIC_OBS_INFO 0 -6.300000 66.292208 6.861539 
STATIC_OBS_INFO 1 -6.300000 65.543980 6.123194 
NO_CANDIDATE
EGO_STATUS -5.250000 59.511484 14.300000 1.570796 0.056127 4.000000 0.000000
FAIL
DYNAMIC_OBS_INFO 0 -5.750000 53.597602 1.570796 323.851399 -5.750000 383.368110 31.360923 1.160846
DYNAMIC_OBS_INFO 1 -1.750000 39.180519 1.570796 56.737138 -1.750000 116.146178 7.116445 0.204886
STATIC_OBS_INFO 0 -6.300000 66.292208 6.855993 
STATIC_OBS_INFO 1 -6.300000 65.543980 6.117664 
TIMEOUT
