STATIC_OBS_INIT_INFO 0 -6.300000 65.289636
STATIC_OBS_INIT_INFO 1 -6.300000 65.207506
Parent: -28.624036 10.000000 101.000000 0.000000 15.150000 17.477011 -10.000000 2.398954 40.000000 0.000000 0 0 0 0 0 0 0 0
Child: 17.477011 24.420537 246.000000 9.489347 267.300000 0.000000 -10.000000 0.000000 0.000000 0.000000 0 0 0 0 0 0 0 0
EGO_STATUS -5.750000 14.588232 0.000000 1.570796 14.348147 4.000000 0.000000
DYNAMIC_OBS_INFO 0 -5.750000 53.797704 1.570796 37.774657 -5.750000 53.797704 5.581070 1.302499
DYNAMIC_OBS_INFO 1 -1.750000 52.703407 1.570796 36.897815 -1.750000 52.703407 4.364590 0.206623
STATIC_OBS_INFO 0 -6.300000 65.289636 49.269659 
STATIC_OBS_INFO 1 -6.300000 65.207506 49.187534 
Parent: -46.835262 10.000000 101.000000 0.000000 15.150000 6.668830 -10.000000 2.995908 48.000000 0.000000 0 0 0 0 0 0 0 0
Child: 6.668830 10.000000 101.000000 0.000000 15.150000 15.168830 -10.000000 0.000000 0.000000 0.000000 0 0 0 0 0 0 0 0
Child: 15.168830 22.985722 231.000000 9.489613 243.450000 0.000000 -10.000000 0.000000 0.000000 0.000000 0 0 0 0 0 0 0 0
EGO_STATUS -5.749993 16.023047 0.100000 1.570773 14.348147 4.000000 0.000000
DYNAMIC_OBS_INFO 0 -5.750000 53.797704 1.570796 36.904462 -5.750000 54.362323 5.711320 1.302499
DYNAMIC_OBS_INFO 1 -1.750000 52.703407 1.570796 35.471777 -1.750000 52.703407 4.364590 0.206623
STATIC_OBS_INFO 0 -6.300000 65.289636 47.834939 
STATIC_OBS_INFO 1 -6.300000 65.207506 47.752814 
Parent: -48.307988 10.000000 101.000000 0.000000 15.150000 4.296104 -10.000000 2.895908 47.000000 0.000000 0 0 0 0 0 0 0 0
Child: 4.296104 10.000000 101.000000 0.000000 15.150000 12.796104 -10.000000 0.000000 0.000000 0.000000 0 0 0 0 0 0 0 0
Child: 12.796104 21.550908 217.000000 9.488112 220.050000 0.000000 -10.000000 0.000000 0.000000 0.000000 0 0 0 0 0 0 0 0
EGO_STATUS -5.749807 17.457861 0.200000 1.570476 14.348147 4.000000 0.000000
DYNAMIC_OBS_INFO 0 -5.750000 53.797704 1.570796 36.047292 -5.750000 54.939968 5.841570 1.302499
DYNAMIC_OBS_INFO 1 -1.750000 52.703407 1.570796 34.046367 -1.750000 52.703407 4.364590 0.206623
STATIC_OBS_INFO 0 -6.300000 65.289636 46.400235 
STATIC_OBS_INFO 1 -6.300000 65.207506 46.318111 
Parent: -49.806701 10.000000 101.000000 0.000000 15.150000 1.897391 -10.000000 2.795908 46.000000 0.000000 0 0 0 0 0 0 0 0
Child: 1.897391 10.000000 101.000000 0.000000 15.150000 10.397391 -10.000000 0.000000 0.000000 0.000000 0 0 0 0 0 0 0 0
Child: 10.397391 20.116093 203.000000 9.488697 196.350000 0.000000 -10.000000 0.000000 0.000000 0.000000 0 0 0 0 0 0 0 0
EGO_STATUS -5.748693 18.892676 0.300000 1.569386 14.348147 4.000000 0.000000
DYNAMIC_OBS_INFO 0 -5.750000 53.797704 1.570796 35.203152 -5.750000 55.530637 5.971820 1.302499
DYNAMIC_OBS_INFO 1 -1.750000 52.703407 1.570796 32.621484 -1.750000 52.703407 4.364590 0.206623
STATIC_OBS_INFO 0 -6.300000 65.289636 44.965574 
STATIC_OBS_INFO 1 -6.300000 65.207506 44.883450 
Parent: -50.220131 10.000000 101.000000 0.000000 15.150000 -0.416039 -10.000000 2.695908 44.000000 0.000000 0 0 0 0 0 0 0 0
Child: -0.416039 10.000000 101.000000 0.000000 15.150000 8.083961 -10.000000 0.000000 0.000000 0.000000 0 0 0 0 0 0 0 0
Child: 8.083961 18.681279 188.000000 9.488863 172.500000 0.000000 -10.000000 0.000000 0.000000 0.000000 0 0 0 0 0 0 0 0
EGO_STATUS -5.745110 20.327485 0.400000 1.566954 14.348147 4.000000 0.000000
DYNAMIC_OBS_INFO 0 -5.750000 53.797704 1.570796 34.372059 -5.750000 56.134332 6.102070 1.302499
DYNAMIC_OBS_INFO 1 -1.750000 52.703407 1.570796 31.196930 -1.750000 52.703407 4.364590 0.206623
STATIC_OBS_INFO 0 -6.300000 65.289636 43.531004 
STATIC_OBS_INFO 1 -6.300000 65.207506 43.448880 
Parent: -51.715034 10.000000 101.000000 0.000000 15.150000 -2.810941 -10.000000 2.595908 43.000000 0.000000 0 0 0 0 0 0 0 0
Child: -2.810941 10.000000 101.000000 0.000000 15.150000 5.689059 -10.000000 0.000000 0.000000 0.000000 0 0 0 0 0 0 0 0
Child: 5.689059 17.246464 174.000000 9.487295 148.800000 0.000000 -10.000000 0.000000 0.000000 0.000000 0 0 0 0 0 0 0 0
EGO_STATUS -5.736833 21.762275 0.500000 1.562804 14.348147 4.000000 0.000000
DYNAMIC_OBS_INFO 0 -5.750000 53.797704 1.570796 33.554060 -5.750000 56.751051 6.232320 1.302499
DYNAMIC_OBS_INFO 1 -1.750000 52.703407 1.570796 29.772455 -1.750000 52.703407 4.364590 0.206623
STATIC_OBS_INFO 0 -6.300000 65.289636 42.096610 
STATIC_OBS_INFO 1 -6.300000 65.207506 42.014488 
Parent: -52.174032 10.000000 101.000000 0.000000 15.150000 -5.169940 -10.000000 2.495908 41.000000 0.000000 0 0 0 0 0 0 0 0
Child: -5.169940 10.000000 101.000000 0.000000 15.150000 3.330060 -10.000000 0.000000 0.000000 0.000000 0 0 0 0 0 0 0 0
Child: 3.330060 15.811650 160.000000 9.488490 125.400000 0.000000 -10.000000 0.000000 0.000000 0.000000 0 0 0 0 0 0 0 0
EGO_STATUS -5.721305 23.197004 0.600000 1.556869 14.348147 4.000000 0.000000
DYNAMIC_OBS_INFO 0 -5.750000 53.797704 1.570796 32.749246 -5.750000 57.380796 6.362570 1.302499
DYNAMIC_OBS_INFO 1 -1.750000 52.703407 1.570796 28.347817 -1.750000 52.703407 4.364590 0.206623
STATIC_OBS_INFO 0 -6.300000 65.289636 40.662525 
STATIC_OBS_INFO 1 -6.300000 65.207506 40.580404 
Parent: -53.564801 10.000000 101.000000 0.000000 15.150000 -7.460709 -10.000000 2.395908 40.000000 0.000000 0 0 0 0 0 0 0 0
Child: -7.460709 10.000000 101.000000 0.000000 15.150000 1.039291 -10.000000 0.000000 0.000000 0.000000 0 0 0 0 0 0 0 0
Child: 1.039291 14.376835 145.000000 9.488632 101.850000 0.000000 -10.000000 0.000000 0.000000 0.000000 0 0 0 0 0 0 0 0
EGO_STATUS -5.696149 24.631594 0.700000 1.549469 14.348147 4.000000 0.000000
DYNAMIC_OBS_INFO 0 -5.750000 53.797704 1.570796 31.957750 -5.750000 58.023565 6.492820 1.302499
DYNAMIC_OBS_INFO 1 -1.750000 52.703407 1.570796 26.922862 -1.750000 52.703407 4.364590 0.206623
STATIC_OBS_INFO 0 -6.300000 65.289636 39.228918 
STATIC_OBS_INFO 1 -6.300000 65.207506 39.146799 
Parent: 268.057906 30.290952 304.000000 14.362243 3032.100000 8.839834 0.000000 3.664646 48.000000 0.000000 0 0 0 0 0 0 0 0
Child: 8.839834 12.942021 131.000000 6.827390 82.650000 0.000000 0.000000 0.000000 0.000000 0.000000 0 0 0 0 0 0 0 0
EGO_STATUS -5.659730 26.065943 0.800000 1.541317 14.348147 4.000000 0.000000
DYNAMIC_OBS_INFO 0 -5.750000 53.797704 1.570796 31.194416 -5.750000 58.679360 6.623070 1.302499
DYNAMIC_OBS_INFO 1 -1.750000 52.703407 1.570796 25.512203 -1.750000 52.703407 4.364590 0.206623
STATIC_OBS_INFO 0 -6.300000 65.289636 37.810643 
STATIC_OBS_INFO 1 -6.300000 65.207506 37.728527 
Parent: 257.038790 30.290952 304.000000 14.362235 3032.100000 -3.079283 0.000000 3.564648 47.000000 0.000000 0 0 0 0 0 0 0 0
Child: -3.079283 11.521918 117.000000 6.826834 63.450000 0.000000 -10.000000 0.000000 0.000000 0.000000 0 0 0 0 0 0 0 0
EGO_STATUS -5.612248 27.485248 0.900000 1.533546 14.054147 3.000000 -2.940000
DYNAMIC_OBS_INFO 0 -5.750000 53.797704 1.570796 30.473983 -5.750000 59.348179 6.753319 1.302499
DYNAMIC_OBS_INFO 1 -1.750000 52.703407 1.570796 24.130627 -1.750000 52.703407 4.364590 0.206623
STATIC_OBS_INFO 0 -6.300000 65.289636 36.422422 
STATIC_OBS_INFO 1 -6.300000 65.207506 36.340309 
Parent: 256.366663 30.290952 304.000000 14.362231 3032.100000 -4.651411 0.000000 3.464649 46.000000 0.000000 0 0 0 0 0 0 0 0
Child: -4.651411 10.131210 103.000000 6.826986 47.550000 0.000000 -10.000000 0.000000 0.000000 0.000000 0 0 0 0 0 0 0 0
EGO_STATUS -5.555956 28.874814 1.000000 1.527421 13.760147 3.000000 -2.940000
DYNAMIC_OBS_INFO 0 -5.750000 53.797704 1.570796 29.796411 -5.750000 60.030024 6.883569 1.302499
DYNAMIC_OBS_INFO 1 -1.750000 52.703407 1.570796 22.778539 -1.750000 52.703407 4.364590 0.206623
STATIC_OBS_INFO 0 -6.300000 65.289636 35.064184 
STATIC_OBS_INFO 1 -6.300000 65.207506 34.982076 
Parent: -40.935338 10.000000 101.000000 20.000000 15.150000 -14.501676 0.000000 4.086140 34.000000 0.000000 0 0 0 1 0 0 0 0
Child: -14.501676 10.000000 101.000000 0.000000 15.150000 -6.001676 -10.000000 0.000000 0.000000 0.000000 0 0 0 0 0 0 0 0
Child: -6.001676 8.769915 89.000000 6.826320 33.750000 0.000000 -10.000000 0.000000 0.000000 0.000000 0 0 0 0 0 0 0 0
EGO_STATUS -5.494265 30.234710 1.100000 1.524027 13.466147 3.000000 -2.940000
DYNAMIC_OBS_INFO 0 -5.750000 53.797704 1.570796 29.161496 -5.750000 60.724893 7.013819 1.302499
DYNAMIC_OBS_INFO 1 -1.750000 52.703407 1.570796 21.456496 -1.750000 52.703407 4.364590 0.206623
STATIC_OBS_INFO 0 -6.300000 65.289636 33.735678 
STATIC_OBS_INFO 1 -6.300000 65.207506 33.653575 
Parent: -41.075593 10.000000 101.000000 20.000000 15.150000 -15.541935 0.000000 3.986144 33.000000 0.000000 0 0 0 1 0 0 0 0
Child: -15.541935 10.000000 101.000000 0.000000 15.150000 -7.041935 -10.000000 0.000000 0.000000 0.000000 0 0 0 0 0 0 0 0
Child: -7.041935 7.438018 76.000000 6.824840 23.400000 0.000000 -10.000000 0.000000 0.000000 0.000000 0 0 0 0 0 0 0 0
EGO_STATUS -5.431665 31.565135 1.200000 1.524158 13.172147 3.000000 -2.940000
DYNAMIC_OBS_INFO 0 -5.750000 53.797704 1.570796 28.568944 -5.750000 61.432787 7.144069 1.302499
DYNAMIC_OBS_INFO 1 -1.750000 52.703407 1.570796 20.595754 -1.750000 53.140899 4.385252 0.206623
STATIC_OBS_INFO 0 -6.300000 65.289636 32.436552 
STATIC_OBS_INFO 1 -6.300000 65.207506 32.354456 
Parent: -53.636990 10.000000 101.000000 0.000000 15.150000 -16.330735 -10.000000 3.193745 32.000000 0.000000 0 0 0 0 0 0 0 0
Child: -16.330735 10.000000 101.000000 0.000000 15.150000 -7.830735 -10.000000 0.000000 0.000000 0.000000 0 0 0 0 0 0 0 0
Child: -7.830735 6.135506 63.000000 6.824238 15.450000 0.000000 -10.000000 0.000000 0.000000 0.000000 0 0 0 0 0 0 0 0
EGO_STATUS -5.373110 32.866329 1.300000 1.528145 12.878147 3.000000 -2.940000
DYNAMIC_OBS_INFO 0 -5.750000 53.797704 1.570796 28.018509 -5.750000 62.153707 7.274319 1.302499
DYNAMIC_OBS_INFO 1 -1.750000 52.703407 1.570796 19.767655 -1.750000 53.580457 4.405915 0.206623
STATIC_OBS_INFO 0 -6.300000 65.289636 31.166496 
STATIC_OBS_INFO 1 -6.300000 65.207506 31.084406 
Parent: -52.280066 10.000000 101.000000 0.000000 15.150000 -16.873816 -10.000000 3.093750 30.000000 0.000000 0 0 0 0 0 0 0 0
Child: -16.873816 10.000000 101.000000 0.000000 15.150000 -8.373816 -10.000000 0.000000 0.000000 0.000000 0 0 0 0 0 0 0 0
Child: -8.373816 4.862409 50.000000 6.821996 9.900000 0.000000 -10.000000 0.000000 0.000000 0.000000 0 0 0 0 0 0 0 0
EGO_STATUS -5.323296 34.138448 1.400000 1.535729 12.584147 3.000000 -2.940000
DYNAMIC_OBS_INFO 0 -5.750000 53.797704 1.570796 27.509999 -5.750000 62.887651 7.404569 1.302499
DYNAMIC_OBS_INFO 1 -1.750000 52.703407 1.570796 18.972897 -1.750000 54.022082 4.426577 0.206623
STATIC_OBS_INFO 0 -6.300000 65.289636 29.925258 
STATIC_OBS_INFO 1 -6.300000 65.207506 29.843175 
Parent: 274.357465 30.290952 304.000000 32.216824 3032.100000 3.128797 0.000000 4.896189 39.000000 0.000000 0 0 0 1 0 0 0 0
Child: 3.128797 3.618718 38.000000 27.155358 5.700000 0.000000 0.000000 0.000000 0.000000 0.000000 0 0 1 0 0 0 0 0
EGO_STATUS -5.285825 35.381568 1.500000 1.545933 12.290147 3.000000 -2.940000
DYNAMIC_OBS_INFO 0 -5.750000 53.797704 1.570796 27.013959 -5.750000 63.634621 7.534819 1.302499
DYNAMIC_OBS_INFO 1 -1.750000 52.703407 1.570796 18.183085 -1.750000 54.465773 4.447239 0.206623
STATIC_OBS_INFO 0 -6.300000 65.289636 28.683355 
STATIC_OBS_INFO 1 -6.300000 65.207506 28.601279 
Parent: 265.055294 30.290952 304.000000 32.216811 3032.100000 -7.073372 0.000000 4.796189 38.000000 0.000000 0 0 0 1 0 0 0 0
Child: -7.073372 2.374981 25.000000 27.056859 3.750000 0.000000 -10.000000 0.000000 0.000000 0.000000 0 0 1 0 0 0 0 0
EGO_STATUS -5.261967 36.625070 1.600000 1.557271 12.584147 0.000000 2.940000
DYNAMIC_OBS_INFO 0 -5.750000 53.797704 1.570796 26.501152 -5.750000 64.394615 7.665069 1.302499
DYNAMIC_OBS_INFO 1 -1.750000 52.703407 1.570796 17.369943 -1.750000 54.911530 4.467902 0.206623
STATIC_OBS_INFO 0 -6.300000 65.289636 27.411546 
STATIC_OBS_INFO 1 -6.300000 65.207506 27.329476 
Parent: 249.493201 20.972423 211.000000 12.463452 2865.150000 -4.238584 0.000000 4.710325 37.000000 0.000000 0 0 0 0 0 0 0 0
Child: -4.238584 10.000000 101.000000 20.000000 15.150000 2.281218 -10.000000 0.000000 0.000000 0.000000 0 0 0 1 0 0 0 0
Child: 2.281218 1.101848 13.000000 24.964625 1.950000 0.000000 0.000000 0.000000 0.000000 0.000000 0 0 0 1 0 0 0 0
EGO_STATUS -5.251420 37.898153 1.700000 1.567128 12.878147 0.000000 2.940000
DYNAMIC_OBS_INFO 0 -5.750000 53.797704 1.570796 26.015921 -5.750000 65.167634 7.795319 1.302499
DYNAMIC_OBS_INFO 1 -1.750000 52.703407 1.570796 16.576545 -1.750000 55.359353 4.488564 0.206623
STATIC_OBS_INFO 0 -6.300000 65.289636 26.154203 
STATIC_OBS_INFO 1 -6.300000 65.207506 26.072139 
Parent: 249.077019 20.972423 211.000000 12.463253 2865.150000 -6.554781 0.000000 4.610362 35.000000 0.000000 0 0 0 0 0 0 0 0
Child: -6.554781 9.843482 100.000000 20.000000 15.000000 0.000000 -10.000000 0.000000 0.000000 0.000000 0 0 0 1 0 0 0 0
EGO_STATUS -5.250000 39.156518 1.800000 1.570796 12.290147 1.000000 -5.880000
DYNAMIC_OBS_INFO 0 -5.750000 53.797704 1.570796 25.602429 -5.750000 65.953679 7.925569 1.302499
DYNAMIC_OBS_INFO 1 -1.750000 52.703407 1.570796 15.844514 -1.750000 55.809243 4.509226 0.206623
STATIC_OBS_INFO 0 -6.300000 65.289636 24.955603 
STATIC_OBS_INFO 1 -6.300000 65.207506 24.873545 
Parent: 249.792897 20.972423 211.000000 12.463250 2865.150000 -6.738904 0.000000 4.510362 34.000000 0.000000 0 0 0 0 0 0 0 0
Child: -6.738904 8.643868 88.000000 20.000000 13.200000 0.000000 -10.000000 0.000000 0.000000 0.000000 0 0 0 1 0 0 0 0
EGO_STATUS -5.250000 40.356132 1.900000 1.570796 11.702147 1.000000 -5.880000
DYNAMIC_OBS_INFO 0 -5.750000 53.797704 1.570796 25.260808 -5.750000 66.752748 8.055818 1.302499
DYNAMIC_OBS_INFO 1 -1.750000 52.703407 1.570796 15.173491 -1.750000 56.261198 4.529889 0.206623
STATIC_OBS_INFO 0 -6.300000 65.289636 23.815904 
STATIC_OBS_INFO 1 -6.300000 65.207506 23.733854 
Parent: 250.506147 20.972423 211.000000 12.463011 2865.150000 -6.925674 0.000000 4.410406 33.000000 0.000000 0 0 0 0 0 0 0 0
Child: -6.925674 7.503111 77.000000 20.000000 11.550000 0.000000 -10.000000 0.000000 0.000000 0.000000 0 0 0 1 0 0 0 0
EGO_STATUS -5.250000 41.496889 2.000000 1.570796 11.114147 1.000000 -5.880000
DYNAMIC_OBS_INFO 0 -5.750000 53.797704 1.570796 24.990980 -5.750000 67.564842 8.186068 1.302499
DYNAMIC_OBS_INFO 1 -1.750000 52.703407 1.570796 14.563191 -1.750000 56.715220 4.550551 0.206623
STATIC_OBS_INFO 0 -6.300000 65.289636 22.735030 
STATIC_OBS_INFO 1 -6.300000 65.207506 22.652988 
Parent: 251.240803 20.972423 211.000000 12.462848 2865.150000 -7.091031 0.000000 4.310435 32.000000 0.000000 0 0 0 0 0 0 0 0
Child: -7.091031 6.421135 66.000000 20.000000 9.900000 0.000000 -10.000000 0.000000 0.000000 0.000000 0 0 0 1 0 0 0 0
EGO_STATUS -5.250000 42.578865 2.100000 1.570796 10.526147 1.000000 -5.880000
DYNAMIC_OBS_INFO 0 -5.750000 53.797704 1.570796 24.792978 -5.750000 68.389962 8.316318 1.302499
DYNAMIC_OBS_INFO 1 -1.750000 52.703407 1.570796 14.013401 -1.750000 57.171309 4.571213 0.206623
STATIC_OBS_INFO 0 -6.300000 65.289636 21.713012 
STATIC_OBS_INFO 1 -6.300000 65.207506 21.630979 
Parent: 252.004448 20.972423 211.000000 12.462628 2865.150000 -7.227405 0.000000 4.210475 31.000000 0.000000 0 0 0 0 0 0 0 0
Child: -7.227405 5.397974 55.000000 20.000000 8.250000 0.000000 -10.000000 0.000000 0.000000 0.000000 0 0 0 1 0 0 0 0
EGO_STATUS -5.250000 43.602026 2.200000 1.570796 9.938147 1.000000 -5.880000
DYNAMIC_OBS_INFO 0 -5.750000 53.797704 1.570796 24.666810 -5.750000 69.228106 8.446568 1.302499
DYNAMIC_OBS_INFO 1 -1.750000 52.703407 1.570796 13.523851 -1.750000 57.629463 4.591876 0.206623
STATIC_OBS_INFO 0 -6.300000 65.289636 20.749855 
STATIC_OBS_INFO 1 -6.300000 65.207506 20.667831 
Parent: 252.724592 20.972423 211.000000 12.462308 2865.150000 -7.407287 0.000000 4.110534 30.000000 0.000000 0 0 0 0 0 0 0 0
Child: -7.407287 4.433636 46.000000 20.000000 6.900000 0.000000 -10.000000 0.000000 0.000000 0.000000 0 0 0 1 0 0 0 0
EGO_STATUS -5.250000 44.566364 2.300000 1.570796 9.350147 1.000000 -5.880000
DYNAMIC_OBS_INFO 0 -5.750000 53.797704 1.570796 24.612396 -5.750000 70.079275 8.576818 1.302499
DYNAMIC_OBS_INFO 1 -1.750000 52.703407 1.570796 13.094159 -1.750000 58.089684 4.612538 0.206623
STATIC_OBS_INFO 0 -6.300000 65.289636 19.845474 
STATIC_OBS_INFO 1 -6.300000 65.207506 19.763459 
Parent: -29.242359 10.000000 101.000000 20.000000 15.150000 -7.563744 -10.000000 3.841187 19.000000 0.000000 0 0 0 1 0 0 0 0
Child: -7.563744 3.528042 37.000000 20.000000 5.550000 0.000000 -10.000000 0.000000 0.000000 0.000000 0 0 0 1 0 0 0 0
EGO_STATUS -5.250000 45.471958 2.400000 1.570796 8.762147 1.000000 -5.880000
DYNAMIC_OBS_INFO 0 -5.750000 53.797704 1.570796 24.629882 -5.750000 70.943470 8.707068 1.302499
DYNAMIC_OBS_INFO 1 -1.750000 52.703407 1.570796 12.724142 -1.750000 58.551971 4.633200 0.206623
STATIC_OBS_INFO 0 -6.300000 65.289636 19.000007 
STATIC_OBS_INFO 1 -6.300000 65.207506 18.918004 
Parent: -28.461094 10.000000 101.000000 20.000000 15.150000 -7.682559 -10.000000 3.741267 18.000000 0.000000 0 0 0 1 0 0 0 0
Child: -7.682559 2.681336 28.000000 20.000000 4.200000 0.000000 -10.000000 0.000000 0.000000 0.000000 0 0 0 1 0 0 0 0
EGO_STATUS -5.250000 46.318664 2.500000 1.570796 8.174147 1.000000 -5.880000
DYNAMIC_OBS_INFO 0 -5.750000 53.797704 1.570796 24.719122 -5.750000 71.820689 8.837318 1.302499
DYNAMIC_OBS_INFO 1 -1.750000 52.703407 1.570796 12.413337 -1.750000 59.016324 4.653863 0.206623
STATIC_OBS_INFO 0 -6.300000 65.289636 18.213303 
STATIC_OBS_INFO 1 -6.300000 65.207506 18.131310 
Parent: -27.701114 10.000000 101.000000 20.000000 15.150000 -7.822618 -10.000000 3.641306 17.000000 0.000000 0 0 0 1 0 0 0 0
Child: -7.822618 1.893375 20.000000 20.000000 3.000000 0.000000 -10.000000 0.000000 0.000000 0.000000 0 0 0 1 0 0 0 0
EGO_STATUS -5.250000 47.106625 2.600000 1.570796 7.586147 1.000000 -5.880000
DYNAMIC_OBS_INFO 0 -5.750000 53.797704 1.570796 24.880243 -5.750000 72.710933 8.967568 1.302499
DYNAMIC_OBS_INFO 1 -1.750000 52.703407 1.570796 12.161549 -1.750000 59.482743 4.674525 0.206623
STATIC_OBS_INFO 0 -6.300000 65.289636 17.485476 
STATIC_OBS_INFO 1 -6.300000 65.207506 17.403494 
Parent: -28.012555 10.000000 101.000000 20.000000 15.150000 -8.034149 -10.000000 3.541397 17.000000 0.000000 0 0 0 1 0 0 0 0
Child: -8.034149 1.164285 13.000000 20.000000 1.950000 0.000000 -10.000000 0.000000 0.000000 0.000000 0 0 0 1 0 0 0 0
EGO_STATUS -5.250000 47.835715 2.700000 1.570796 6.998147 1.000000 -5.880000
DYNAMIC_OBS_INFO 0 -5.750000 53.797704 1.570796 25.113200 -5.750000 73.614203 9.097818 1.302499
DYNAMIC_OBS_INFO 1 -1.750000 52.703407 1.570796 11.968446 -1.750000 59.951229 4.695187 0.206623
STATIC_OBS_INFO 0 -6.300000 65.289636 16.816467 
STATIC_OBS_INFO 1 -6.300000 65.207506 16.734498 
Parent: -27.357464 10.000000 101.000000 20.000000 15.150000 -8.279166 -10.000000 3.441505 16.000000 0.000000 0 0 0 1 0 0 0 0
Child: -8.279166 0.494019 6.000000 20.000000 0.900000 0.000000 -10.000000 0.000000 0.000000 0.000000 0 0 0 1 0 0 0 0
EGO_STATUS -5.250000 48.505981 2.800000 1.570796 6.410147 1.000000 -5.880000
DYNAMIC_OBS_INFO 0 -5.750000 53.797704 1.570796 25.417946 -5.750000 74.530497 9.228068 1.302499
DYNAMIC_OBS_INFO 1 -1.750000 52.703407 1.570796 11.833742 -1.750000 60.421781 4.715850 0.206623
STATIC_OBS_INFO 0 -6.300000 65.289636 16.206217 
STATIC_OBS_INFO 1 -6.300000 65.207506 16.124261 
Parent: -18.152128 9.882531 100.000000 20.000000 15.000000 0.000000 -10.000000 3.388986 15.000000 0.000000 0 0 0 1 0 0 0 0
EGO_STATUS -5.250000 49.117469 2.900000 1.570796 5.822147 1.000000 -5.880000
DYNAMIC_OBS_INFO 0 -5.750000 53.797704 1.570796 25.794646 -5.750000 75.459816 9.358318 1.302499
DYNAMIC_OBS_INFO 1 -1.750000 52.703407 1.570796 11.757413 -1.750000 60.894399 4.736512 0.206623
STATIC_OBS_INFO 0 -6.300000 65.289636 15.654872 
STATIC_OBS_INFO 1 -6.300000 65.207506 15.572928 
Parent: -18.078049 9.329984 95.000000 20.000000 14.250000 0.000000 -10.000000 3.558247 15.000000 0.000000 0 0 0 1 0 0 0 0
EGO_STATUS -5.250000 49.670016 3.000000 1.570796 5.234147 1.000000 -5.880000
DYNAMIC_OBS_INFO 0 -5.750000 53.797704 1.570796 26.242969 -5.750000 76.402160 9.488567 1.302499
DYNAMIC_OBS_INFO 1 -1.750000 52.703407 1.570796 11.739033 -1.750000 61.369083 4.757174 0.206623
STATIC_OBS_INFO 0 -6.300000 65.289636 15.162081 
STATIC_OBS_INFO 1 -6.300000 65.207506 15.080149 
Parent: -16.915596 8.836045 90.000000 20.000000 13.500000 0.000000 -10.000000 3.795432 14.000000 0.000000 0 0 0 1 0 0 0 0
EGO_STATUS -5.250000 50.163955 3.100000 1.570796 4.646147 1.000000 -5.880000
DYNAMIC_OBS_INFO 0 -5.750000 53.797704 1.570796 26.763440 -5.750000 77.357530 9.618817 1.302499
DYNAMIC_OBS_INFO 1 -1.750000 52.703407 1.570796 11.779077 -1.750000 61.845833 4.777837 0.206623
STATIC_OBS_INFO 0 -6.300000 65.289636 14.728351 
STATIC_OBS_INFO 1 -6.300000 65.207506 14.646431 
Parent: -16.655783 8.401240 86.000000 20.000000 12.900000 0.000000 -10.000000 4.130254 14.000000 0.000000 0 0 0 1 0 0 0 0
EGO_STATUS -5.250000 50.598760 3.200000 1.570796 4.058147 1.000000 -5.880000
DYNAMIC_OBS_INFO 0 -5.750000 53.797704 1.570796 27.355753 -5.750000 78.325924 9.749067 1.302499
DYNAMIC_OBS_INFO 1 -1.750000 52.703407 1.570796 11.877308 -1.750000 62.324650 4.798499 0.206623
STATIC_OBS_INFO 0 -6.300000 65.289636 14.353352 
STATIC_OBS_INFO 1 -6.300000 65.207506 14.271444 
Parent: -16.226807 8.025260 82.000000 20.000000 12.300000 0.000000 -10.000000 4.612024 14.000000 0.000000 0 0 0 1 0 0 0 0
EGO_STATUS -5.250000 50.974740 3.300000 1.570796 3.470147 1.000000 -5.880000
DYNAMIC_OBS_INFO 0 -5.750000 53.797704 1.570796 28.019976 -5.750000 79.307343 9.879317 1.302499
DYNAMIC_OBS_INFO 1 -1.750000 52.703407 1.570796 12.033927 -1.750000 62.805533 4.819161 0.206623
STATIC_OBS_INFO 0 -6.300000 65.289636 14.037133 
STATIC_OBS_INFO 1 -6.300000 65.207506 13.955234 
Parent: 2163.826240 10.217552 104.000000 3020.578329 19162.800000 3.107661 0.000000 4.297214 23.000000 0.000000 1 0 0 0 0 0 0 0
Child: 3.107661 7.708171 79.000000 20.000000 11.850000 0.000000 0.000000 0.000000 0.000000 0.000000 0 0 1 0 0 0 0 0
EGO_STATUS -5.250000 51.291829 3.400000 1.570796 2.882147 1.000000 -5.880000
DYNAMIC_OBS_INFO 0 -5.750000 53.797704 1.570796 28.711357 -5.750000 80.301787 10.009567 1.302499
DYNAMIC_OBS_INFO 1 -1.750000 52.703407 1.570796 12.206252 -1.750000 63.288482 4.839824 0.206623
STATIC_OBS_INFO 0 -6.300000 65.289636 13.735045 
STATIC_OBS_INFO 1 -6.300000 65.207506 13.653157 
Parent: -7.240834 7.405216 76.000000 0.000000 11.400000 0.000000 0.000000 4.648383 13.000000 0.000000 0 0 0 0 0 0 0 0
EGO_STATUS -5.250000 51.594784 3.500000 1.570796 3.176147 0.000000 2.940000
DYNAMIC_OBS_INFO 0 -5.750000 53.797704 1.570796 29.415858 -5.750000 81.309257 10.139817 1.302499
DYNAMIC_OBS_INFO 1 -1.750000 52.703407 1.570796 12.380865 -1.750000 63.773498 4.860486 0.206623
STATIC_OBS_INFO 0 -6.300000 65.289636 13.433087 
STATIC_OBS_INFO 1 -6.300000 65.207506 13.351210 
Parent: -17.023173 7.102352 73.000000 0.000000 10.950000 0.000000 -10.000000 4.911474 13.000000 0.000000 0 0 0 0 0 0 0 0
EGO_STATUS -5.250000 51.897648 3.600000 1.570796 2.882147 3.000000 -2.940000
DYNAMIC_OBS_INFO 0 -5.750000 53.797704 1.570796 30.163156 -5.750000 82.329751 10.270067 1.302499
DYNAMIC_OBS_INFO 1 -1.750000 52.703407 1.570796 12.586272 -1.750000 64.260580 4.881148 0.206623
STATIC_OBS_INFO 0 -6.300000 65.289636 13.160849 
STATIC_OBS_INFO 1 -6.300000 65.207506 13.078982 
Parent: 1871.337778 10.217552 104.000000 33.290613 19162.800000 2.975606 0.000000 4.428957 22.000000 0.000000 0 0 0 1 0 0 0 0
Child: 2.975606 6.829260 70.000000 20.000000 10.500000 0.000000 0.000000 0.000000 0.000000 0.000000 0 0 1 0 0 0 0 0
EGO_STATUS -5.250000 52.170740 3.700000 1.570796 2.588147 3.000000 -2.940000
DYNAMIC_OBS_INFO 0 -5.750000 53.797704 1.570796 30.922711 -5.750000 83.363270 10.400317 1.302499
DYNAMIC_OBS_INFO 1 -1.750000 52.703407 1.570796 12.793206 -1.750000 64.749728 4.901811 0.206623
STATIC_OBS_INFO 0 -6.300000 65.289636 12.887878 
STATIC_OBS_INFO 1 -6.300000 65.207506 12.806023 
Parent: -6.483450 6.555398 67.000000 0.000000 10.050000 0.000000 0.000000 4.533240 12.000000 0.000000 0 0 0 0 0 0 0 0
EGO_STATUS -5.250000 52.444602 3.800000 1.570796 2.882147 0.000000 2.940000
DYNAMIC_OBS_INFO 0 -5.750000 53.797704 1.570796 31.696065 -5.750000 84.409814 10.530567 1.302499
DYNAMIC_OBS_INFO 1 -1.750000 52.703407 1.570796 13.003144 -1.750000 65.240942 4.922473 0.206623
STATIC_OBS_INFO 0 -6.300000 65.289636 12.615714 
STATIC_OBS_INFO 1 -6.300000 65.207506 12.533871 
Parent: -16.221663 6.282307 64.000000 0.000000 9.600000 0.000000 -10.000000 4.835991 12.000000 0.000000 0 0 0 0 0 0 0 0
EGO_STATUS -5.250000 52.717693 3.900000 1.570796 2.588147 3.000000 -2.940000
DYNAMIC_OBS_INFO 0 -5.750000 53.797704 1.570796 32.512111 -5.750000 85.469383 10.660817 1.302499
DYNAMIC_OBS_INFO 1 -1.750000 52.703407 1.570796 13.243950 -1.750000 65.734222 4.943135 0.206623
STATIC_OBS_INFO 0 -6.300000 65.289636 12.373152 
STATIC_OBS_INFO 1 -6.300000 65.207506 12.291320 
Parent: 1593.555251 10.000000 101.000000 20.000000 2055.350000 1415.431747 0.000000 4.643306 32.000000 0.000000 0 0 0 1 0 0 0 0
Child: 1415.431747 16.690349 168.000000 3105.107354 11142.200000 0.000000 0.000000 0.000000 0.000000 0.000000 1 0 1 0 1 0 0 0
EGO_STATUS -5.250000 52.961117 4.000000 1.570796 2.294147 3.000000 -2.940000
DYNAMIC_OBS_INFO 0 -5.750000 53.797704 1.570796 33.339956 -5.750000 86.541977 10.791067 1.302499
DYNAMIC_OBS_INFO 1 -1.750000 52.703407 1.570796 13.485893 -1.750000 66.229569 4.963798 0.206623
STATIC_OBS_INFO 0 -6.300000 65.289636 12.129397 
STATIC_OBS_INFO 1 -6.300000 65.207506 12.047578 
Parent: -5.670154 5.794229 59.000000 0.004410 8.850000 0.000000 0.000000 4.460279 11.000000 0.000000 0 0 0 0 0 0 0 0
EGO_STATUS -5.250000 53.205771 4.100000 1.570795 2.588147 0.000000 2.940000
DYNAMIC_OBS_INFO 0 -5.750000 53.797704 1.570796 34.182059 -5.750000 87.627597 10.921316 1.302499
DYNAMIC_OBS_INFO 1 -1.750000 52.703407 1.570796 13.731337 -1.750000 66.726982 4.984460 0.206623
STATIC_OBS_INFO 0 -6.300000 65.289636 11.886907 
STATIC_OBS_INFO 1 -6.300000 65.207506 11.805100 
Parent: -15.348850 5.550806 57.000000 0.004396 8.550000 0.000000 -10.000000 4.818101 11.000000 0.000000 0 0 0 0 0 0 0 0
EGO_STATUS -5.249998 53.449195 4.200000 1.570781 2.294147 3.000000 -2.940000
DYNAMIC_OBS_INFO 0 -5.750000 53.797704 1.570796 35.066370 -5.750000 88.726241 11.051566 1.302499
DYNAMIC_OBS_INFO 1 -1.750000 52.703407 1.570796 14.007341 -1.750000 67.226461 5.005122 0.206623
STATIC_OBS_INFO 0 -6.300000 65.289636 11.673519 
STATIC_OBS_INFO 1 -6.300000 65.207506 11.591725 
Parent: 1621.879460 10.000000 101.000000 0.000000 2055.350000 1445.453869 0.000000 3.925590 31.000000 0.000000 0 0 0 0 0 0 0 0
Child: 1445.453869 16.013441 162.000000 3106.636265 11516.300000 0.000000 0.000000 0.000000 0.000000 0.000000 1 0 1 0 1 0 0 0
EGO_STATUS -5.249991 53.663435 4.300000 1.570747 2.000147 3.000000 -2.940000
DYNAMIC_OBS_INFO 0 -5.750000 53.797704 1.570796 35.962892 -5.750000 89.837910 11.181816 1.302499
DYNAMIC_OBS_INFO 1 -1.750000 52.703407 1.570796 14.284915 -1.750000 67.728006 5.025784 0.206623
STATIC_OBS_INFO 0 -6.300000 65.289636 11.459350 
STATIC_OBS_INFO 1 -6.300000 65.207506 11.377568 
Parent: -5.785358 5.121507 53.000000 0.009792 7.950000 0.000000 0.000000 4.445470 11.000000 0.000000 0 0 0 0 0 0 0 0
EGO_STATUS -5.249975 53.878494 4.400000 1.570689 2.294147 0.000000 2.940000
DYNAMIC_OBS_INFO 0 -5.750000 53.797704 1.570796 36.873260 -5.750000 90.962604 11.312066 1.302499
DYNAMIC_OBS_INFO 1 -1.750000 52.703407 1.570796 14.565631 -1.750000 68.231618 5.046447 0.206623
STATIC_OBS_INFO 0 -6.300000 65.289636 11.246031 
STATIC_OBS_INFO 1 -6.300000 65.207506 11.164262 
Parent: -14.380470 4.907267 51.000000 0.009809 7.650000 0.000000 -10.000000 4.882496 10.000000 0.000000 0 0 0 0 0 0 0 0
EGO_STATUS -5.249943 54.092735 4.500000 1.570602 2.000147 3.000000 -2.940000
DYNAMIC_OBS_INFO 0 -5.750000 53.797704 1.570796 37.826192 -5.750000 92.100323 11.442316 1.302499
DYNAMIC_OBS_INFO 1 -1.750000 52.703407 1.570796 14.877392 -1.750000 68.737295 5.067109 0.206623
STATIC_OBS_INFO 0 -6.300000 65.289636 11.062153 
STATIC_OBS_INFO 1 -6.300000 65.207506 10.980397 
Parent: 1650.736591 10.000000 101.000000 20.000000 2055.350000 1481.637281 -10.000000 3.619112 30.000000 0.000000 0 0 1 0 0 0 0 0
Child: 1481.637281 15.428755 156.000000 3109.121217 11871.700000 0.000000 0.000000 0.000000 0.000000 0.000000 1 0 1 0 1 0 0 0
EGO_STATUS -5.249897 54.277437 4.600000 1.570498 1.706147 3.000000 -2.940000
DYNAMIC_OBS_INFO 0 -5.750000 53.797704 1.570796 38.791067 -5.750000 93.251067 11.572566 1.302499
DYNAMIC_OBS_INFO 1 -1.750000 52.703407 1.570796 15.190485 -1.750000 69.245039 5.087771 0.206623
STATIC_OBS_INFO 0 -6.300000 65.289636 10.877225 
STATIC_OBS_INFO 1 -6.300000 65.207506 10.795482 
Parent: -4.804170 4.536777 47.000000 0.014878 7.050000 0.000000 0.000000 4.513877 10.000000 0.000000 0 0 0 0 0 0 0 0
EGO_STATUS -5.249830 54.463225 4.700000 1.570370 2.000147 0.000000 2.940000
DYNAMIC_OBS_INFO 0 -5.750000 53.797704 1.570796 39.770055 -5.750000 94.414836 11.702816 1.302499
DYNAMIC_OBS_INFO 1 -1.750000 52.703407 1.570796 15.507007 -1.750000 69.754850 5.108434 0.206623
STATIC_OBS_INFO 0 -6.300000 65.289636 10.693409 
STATIC_OBS_INFO 1 -6.300000 65.207506 10.611680 
Parent: 2334.829984 20.972423 211.000000 3064.977830 20765.150000 2.614909 -10.000000 3.610659 30.000000 0.000000 1 0 1 0 0 0 0 0
Child: 2.614909 4.352075 45.000000 20.287885 6.750000 0.000000 0.000000 0.000000 0.000000 0.000000 0 0 1 0 0 0 0 0
EGO_STATUS -5.249737 54.647928 4.800000 1.570221 1.706147 3.000000 -2.940000
DYNAMIC_OBS_INFO 0 -5.750000 53.797704 1.570796 40.760986 -5.750000 95.591630 11.833066 1.302499
DYNAMIC_OBS_INFO 1 -1.750000 52.703407 1.570796 15.824826 -1.750000 70.266726 5.129096 0.206623
STATIC_OBS_INFO 0 -6.300000 65.289636 10.508548 
STATIC_OBS_INFO 1 -6.300000 65.207506 10.426832 
Parent: -5.227984 4.166287 43.000000 0.018743 6.450000 0.000000 0.000000 4.145257 10.000000 0.000000 0 0 0 0 0 0 0 0
EGO_STATUS -5.249614 54.833715 4.900000 1.570052 2.000147 0.000000 2.940000
DYNAMIC_OBS_INFO 0 -5.750000 53.797704 1.570796 41.766031 -5.750000 96.781449 11.963316 1.302499
DYNAMIC_OBS_INFO 1 -1.750000 52.703407 1.570796 16.146045 -1.750000 70.780669 5.149758 0.206623
STATIC_OBS_INFO 0 -6.300000 65.289636 10.324803 
STATIC_OBS_INFO 1 -6.300000 65.207506 10.243102 
Parent: -13.761310 3.981584 41.000000 0.013468 6.150000 0.000000 -10.000000 4.640145 9.000000 0.000000 0 0 0 0 0 0 0 0
EGO_STATUS -5.249460 55.018418 5.000000 1.569879 1.706147 3.000000 -2.940000
DYNAMIC_OBS_INFO 0 -5.750000 53.797704 1.570796 42.814697 -5.750000 97.984293 12.093566 1.302499
DYNAMIC_OBS_INFO 1 -1.750000 52.703407 1.570796 16.499500 -1.750000 71.296678 5.170421 0.206623
STATIC_OBS_INFO 0 -6.300000 65.289636 10.171524 
STATIC_OBS_INFO 1 -6.300000 65.207506 10.089837 
Parent: 2586.245013 10.000000 101.000000 20.000000 2600.750000 2360.976935 0.000000 4.787879 39.000000 0.000000 0 0 0 1 0 0 0 0
Child: 2360.976935 20.972423 211.000000 3063.583209 20765.150000 2.511138 -10.000000 0.000000 0.000000 0.000000 1 0 1 0 0 0 0 0
Child: 2.511138 3.827478 40.000000 20.243265 6.000000 0.000000 0.000000 0.000000 0.000000 0.000000 0 0 1 0 0 0 0 0
EGO_STATUS -5.249307 55.172524 5.100000 1.569743 1.412147 3.000000 -2.940000
DYNAMIC_OBS_INFO 0 -5.750000 53.797704 1.570796 43.873328 -5.750000 99.200163 12.223816 1.302499
DYNAMIC_OBS_INFO 1 -1.750000 52.703407 1.570796 16.852333 -1.750000 71.814753 5.191083 0.206623
STATIC_OBS_INFO 0 -6.300000 65.289636 10.015227 
STATIC_OBS_INFO 1 -6.300000 65.207506 9.933554 
Parent: -4.171152 3.670309 38.000000 0.009507 5.700000 0.000000 0.000000 4.277384 9.000000 0.000000 0 0 0 0 0 0 0 0
EGO_STATUS -5.249131 55.329693 5.200000 1.569627 1.706147 0.000000 2.940000
DYNAMIC_OBS_INFO 0 -5.750000 53.797704 1.570796 44.948050 -5.750000 100.429057 12.354065 1.302499
DYNAMIC_OBS_INFO 1 -1.750000 52.703407 1.570796 17.210521 -1.750000 72.334895 5.211745 0.206623
STATIC_OBS_INFO 0 -6.300000 65.289636 9.862005 
STATIC_OBS_INFO 1 -6.300000 65.207506 9.780347 
Parent: -13.527263 3.516203 37.000000 0.004039 5.550000 0.000000 -10.000000 4.944923 9.000000 0.000000 0 0 0 0 0 0 0 0
EGO_STATUS -5.248944 55.483799 5.300000 1.569547 1.412147 3.000000 -2.940000
DYNAMIC_OBS_INFO 0 -5.750000 53.797704 1.570796 46.065847 -5.750000 101.670976 12.484315 1.302499
DYNAMIC_OBS_INFO 1 -1.750000 52.703407 1.570796 17.600512 -1.750000 72.857102 5.232408 0.206623
STATIC_OBS_INFO 0 -6.300000 65.289636 9.738682 
STATIC_OBS_INFO 1 -6.300000 65.207506 9.657036 
Parent: 2575.768261 10.000000 101.000000 20.000000 2600.750000 2360.818446 -10.000000 4.469616 39.000000 0.000000 0 0 1 0 0 0 0 0
Child: 2360.818446 20.972423 211.000000 3062.431777 20765.150000 2.467096 -10.000000 0.000000 0.000000 0.000000 1 0 1 0 0 0 0 0
Child: 2.467096 3.392147 35.000000 20.205376 5.250000 0.000000 0.000000 0.000000 0.000000 0.000000 0 0 1 0 0 0 0 0
EGO_STATUS -5.248786 55.607855 5.400000 1.569513 1.118147 3.000000 -2.940000
DYNAMIC_OBS_INFO 0 -5.750000 53.797704 1.570796 47.192819 -5.750000 102.925920 12.614565 1.302499
DYNAMIC_OBS_INFO 1 -1.750000 52.703407 1.570796 17.989108 -1.750000 73.381376 5.253070 0.206623
STATIC_OBS_INFO 0 -6.300000 65.289636 9.611549 
STATIC_OBS_INFO 1 -6.300000 65.207506 9.529916 
Parent: -3.919539 3.264238 34.000000 0.002568 5.100000 0.000000 0.000000 4.590579 9.000000 0.000000 0 0 0 0 0 0 0 0
EGO_STATUS -5.248622 55.735764 5.500000 1.569513 1.412147 0.000000 2.940000
DYNAMIC_OBS_INFO 0 -5.750000 53.797704 1.570796 48.336671 -5.750000 104.193889 12.744815 1.302499
DYNAMIC_OBS_INFO 1 -1.750000 52.703407 1.570796 18.383847 -1.750000 73.907716 5.273732 0.206623
STATIC_OBS_INFO 0 -6.300000 65.289636 9.488264 
STATIC_OBS_INFO 1 -6.300000 65.207506 9.406644 
Parent: 2575.624244 10.000000 101.000000 20.000000 2600.750000 2360.692133 -10.000000 4.451913 39.000000 0.000000 0 0 1 0 0 0 0 0
Child: 2360.692133 20.972423 211.000000 3061.915408 20765.150000 2.392107 -10.000000 0.000000 0.000000 0.000000 1 0 1 0 0 0 0 0
Child: 2.392107 3.140182 33.000000 20.188526 4.950000 0.000000 0.000000 0.000000 0.000000 0.000000 0 0 1 0 0 0 0 0
EGO_STATUS -5.248465 55.859820 5.600000 1.569549 1.118147 3.000000 -2.940000
DYNAMIC_OBS_INFO 0 -5.750000 53.797704 1.570796 49.489698 -5.750000 105.474883 12.875065 1.302499
DYNAMIC_OBS_INFO 1 -1.750000 52.703407 1.570796 18.777152 -1.750000 74.436123 5.294395 0.206623
STATIC_OBS_INFO 0 -6.300000 65.289636 9.361172 
STATIC_OBS_INFO 1 -6.300000 65.207506 9.279566 
Parent: -4.311226 3.012274 32.000000 0.007419 4.800000 0.000000 0.000000 4.236235 9.000000 0.000000 0 0 0 0 0 0 0 0
EGO_STATUS -5.248311 55.987728 5.700000 1.569626 1.412147 0.000000 2.940000
DYNAMIC_OBS_INFO 0 -5.750000 53.797704 1.570796 50.659603 -5.750000 106.768902 13.005315 1.302499
DYNAMIC_OBS_INFO 1 -1.750000 52.703407 1.570796 19.176577 -1.750000 74.966595 5.315057 0.206623
STATIC_OBS_INFO 0 -6.300000 65.289636 9.237927 
STATIC_OBS_INFO 1 -6.300000 65.207506 9.156336 
Parent: 2576.538336 10.000000 101.000000 20.000000 2600.750000 2360.623992 -10.000000 4.434145 38.000000 0.000000 0 0 1 0 0 0 0 0
Child: 2360.623992 20.972423 211.000000 3061.399039 20765.150000 2.375292 -10.000000 0.000000 0.000000 0.000000 1 0 1 0 0 0 0 0
Child: 2.375292 2.888217 30.000000 20.172227 4.500000 0.000000 0.000000 0.000000 0.000000 0.000000 0 0 1 0 0 0 0 0
EGO_STATUS -5.248173 56.111784 5.800000 1.569740 1.118147 3.000000 -2.940000
DYNAMIC_OBS_INFO 0 -5.750000 53.797704 1.570796 51.838683 -5.750000 108.075946 13.135565 1.302499
DYNAMIC_OBS_INFO 1 -1.750000 52.703407 1.570796 19.574535 -1.750000 75.499134 5.335719 0.206623
STATIC_OBS_INFO 0 -6.300000 65.289636 9.110877 
STATIC_OBS_INFO 1 -6.300000 65.207506 9.029301 
Parent: -3.702780 2.760309 29.000000 0.013484 4.350000 0.000000 0.000000 3.881891 8.000000 0.000000 0 0 0 0 0 0 0 0
EGO_STATUS -5.248049 56.239692 5.900000 1.569896 1.412147 0.000000 2.940000
DYNAMIC_OBS_INFO 0 -5.750000 53.797704 1.570796 53.034642 -5.750000 109.396015 13.265815 1.302499
DYNAMIC_OBS_INFO 1 -1.750000 52.703407 1.570796 19.978593 -1.750000 76.033739 5.356382 0.206623
STATIC_OBS_INFO 0 -6.300000 65.289636 8.987673 
STATIC_OBS_INFO 1 -6.300000 65.207506 8.906113 
Parent: -12.930012 2.636253 28.000000 0.010104 4.200000 0.000000 -10.000000 4.673599 8.000000 0.000000 0 0 0 0 0 0 0 0
EGO_STATUS -5.247951 56.363749 6.000000 1.570083 1.118147 3.000000 -2.940000
DYNAMIC_OBS_INFO 0 -5.750000 53.797704 1.570796 54.271086 -5.750000 110.729109 13.396065 1.302499
DYNAMIC_OBS_INFO 1 -1.750000 52.703407 1.570796 20.412005 -1.750000 76.570410 5.377044 0.206623
STATIC_OBS_INFO 0 -6.300000 65.289636 8.891755 
STATIC_OBS_INFO 1 -6.300000 65.207506 8.810207 
Parent: 2576.416273 10.000000 101.000000 20.000000 2600.750000 2360.433520 -10.000000 4.502555 38.000000 0.000000 0 0 1 0 0 0 0 0
Child: 2360.433520 20.972423 211.000000 3060.485683 20765.150000 2.275603 -10.000000 0.000000 0.000000 0.000000 1 0 1 0 0 0 0 0
Child: 2.275603 2.539656 27.000000 20.142755 4.050000 0.000000 0.000000 0.000000 0.000000 0.000000 0 0 1 0 0 0 0 0
EGO_STATUS -5.247890 56.460345 6.100000 1.570248 0.824147 3.000000 -2.940000
DYNAMIC_OBS_INFO 0 -5.750000 53.797704 1.570796 55.519660 -5.750000 112.075228 13.526315 1.302499
DYNAMIC_OBS_INFO 1 -1.750000 52.703407 1.570796 20.846852 -1.750000 77.109148 5.397706 0.206623
STATIC_OBS_INFO 0 -6.300000 65.289636 8.794960 
STATIC_OBS_INFO 1 -6.300000 65.207506 8.713425 
Parent: -3.303017 2.442163 26.000000 0.012190 3.900000 0.000000 0.000000 4.329514 8.000000 0.000000 0 0 0 0 0 0 0 0
EGO_STATUS -5.247846 56.557838 6.200000 1.570431 1.118147 0.000000 2.940000
DYNAMIC_OBS_INFO 0 -5.750000 53.797704 1.570796 56.782157 -5.750000 113.434372 13.656564 1.302499
DYNAMIC_OBS_INFO 1 -1.750000 52.703407 1.570796 21.284888 -1.750000 77.649952 5.418369 0.206623
STATIC_OBS_INFO 0 -6.300000 65.289636 8.699068 
STATIC_OBS_INFO 1 -6.300000 65.207506 8.617546 
Parent: 2576.327792 10.000000 101.000000 20.000000 2600.750000 2360.358862 -10.000000 4.488732 38.000000 0.000000 0 0 1 0 0 0 0 0
Child: 2360.358862 20.972423 211.000000 3060.087922 20765.150000 2.240480 -10.000000 0.000000 0.000000 0.000000 1 0 1 0 0 0 0 0
Child: 2.240480 2.345567 25.000000 20.129946 3.750000 0.000000 0.000000 0.000000 0.000000 0.000000 0 0 1 0 0 0 0 0
EGO_STATUS -5.247820 56.654435 6.300000 1.570626 0.824147 3.000000 -2.940000
DYNAMIC_OBS_INFO 0 -5.750000 53.797704 1.570796 58.056785 -5.750000 114.806540 13.786814 1.302499
DYNAMIC_OBS_INFO 1 -1.750000 52.703407 1.570796 21.724333 -1.750000 78.192822 5.439031 0.206623
STATIC_OBS_INFO 0 -6.300000 65.289636 8.602299 
STATIC_OBS_INFO 1 -6.300000 65.207506 8.520792 
Parent: -3.676104 2.248074 24.000000 0.013422 3.600000 0.000000 0.000000 3.985428 8.000000 0.000000 0 0 0 0 0 0 0 0
EGO_STATUS -5.247814 56.751928 6.400000 1.570832 1.118147 0.000000 2.940000
DYNAMIC_OBS_INFO 0 -5.750000 53.797704 1.570796 59.345335 -5.750000 116.191734 13.917064 1.302499
DYNAMIC_OBS_INFO 1 -1.750000 52.703407 1.570796 22.166942 -1.750000 78.737758 5.459693 0.206623
STATIC_OBS_INFO 0 -6.300000 65.289636 8.506434 
STATIC_OBS_INFO 1 -6.300000 65.207506 8.424941 
Parent: 2576.238548 10.000000 101.000000 20.000000 2600.750000 2360.283481 -10.000000 4.474869 38.000000 0.000000 0 0 1 0 0 0 0 0
Child: 2360.283481 20.972423 211.000000 3059.690160 20765.150000 2.204635 -10.000000 0.000000 0.000000 0.000000 1 0 1 0 0 0 0 0
Child: 2.204635 2.151477 23.000000 20.118272 3.450000 0.000000 0.000000 0.000000 0.000000 0.000000 0 0 1 0 0 0 0 0
EGO_STATUS -5.247828 56.848524 6.500000 1.571041 0.824147 3.000000 -2.940000
DYNAMIC_OBS_INFO 0 -5.750000 53.797704 1.570796 60.646015 -5.750000 117.589953 14.047314 1.302499
DYNAMIC_OBS_INFO 1 -1.750000 52.703407 1.570796 22.610937 -1.750000 79.284760 5.480356 0.206623
STATIC_OBS_INFO 0 -6.300000 65.289636 8.409695 
STATIC_OBS_INFO 1 -6.300000 65.207506 8.328216 
Parent: -4.049291 2.053984 22.000000 0.013587 3.300000 0.000000 0.000000 3.641342 8.000000 0.000000 0 0 0 0 0 0 0 0
EGO_STATUS -5.247862 56.946017 6.600000 1.571254 1.118147 0.000000 2.940000
DYNAMIC_OBS_INFO 0 -5.750000 53.797704 1.570796 61.960618 -5.750000 119.001197 14.177564 1.302499
DYNAMIC_OBS_INFO 1 -1.750000 52.703407 1.570796 23.058077 -1.750000 79.833829 5.501018 0.206623
STATIC_OBS_INFO 0 -6.300000 65.289636 8.313859 
STATIC_OBS_INFO 1 -6.300000 65.207506 8.232396 
Parent: -12.012573 1.957388 21.000000 0.007184 3.150000 0.000000 -10.000000 4.693149 7.000000 0.000000 0 0 0 0 0 0 0 0
EGO_STATUS -5.247917 57.042614 6.700000 1.571461 0.824147 3.000000 -2.940000
DYNAMIC_OBS_INFO 0 -5.750000 53.797704 1.570796 63.328534 -5.750000 120.425466 14.307814 1.302499
DYNAMIC_OBS_INFO 1 -1.750000 52.703407 1.570796 23.547303 -1.750000 80.384964 5.521680 0.206623
STATIC_OBS_INFO 0 -6.300000 65.289636 8.258001 
STATIC_OBS_INFO 1 -6.300000 65.207506 8.176546 
Parent: 2577.150950 10.000000 101.000000 20.000000 2600.750000 2360.118691 -10.000000 4.552060 37.000000 0.000000 0 0 1 0 0 0 0 0
Child: 2360.118691 20.972423 211.000000 3059.038229 20765.150000 2.104644 -10.000000 0.000000 0.000000 0.000000 1 0 1 0 0 0 0 0
Child: 2.104644 1.901079 21.000000 20.098654 3.150000 0.000000 0.000000 0.000000 0.000000 0.000000 0 0 1 0 0 0 0 0
EGO_STATUS -5.247960 57.098922 6.800000 1.571578 0.530147 3.000000 -2.940000
DYNAMIC_OBS_INFO 0 -5.750000 53.797704 1.570796 64.692666 -5.750000 121.862760 14.438064 1.302499
DYNAMIC_OBS_INFO 1 -1.750000 52.703407 1.570796 24.022173 -1.750000 80.938165 5.542343 0.206623
STATIC_OBS_INFO 0 -6.300000 65.289636 8.185475 
STATIC_OBS_INFO 1 -6.300000 65.207506 8.104032 
Parent: -2.342374 1.827960 20.000000 0.006621 3.000000 0.000000 0.000000 4.382826 7.000000 0.000000 0 0 0 0 0 0 0 0
EGO_STATUS -5.248024 57.172041 6.900000 1.571723 0.824147 0.000000 2.940000
DYNAMIC_OBS_INFO 0 -5.750000 53.797704 1.570796 66.086635 -5.750000 123.313079 14.568314 1.302499
DYNAMIC_OBS_INFO 1 -1.750000 52.703407 1.570796 24.515930 -1.750000 81.493432 5.563005 0.206623
STATIC_OBS_INFO 0 -6.300000 65.289636 8.129629 
STATIC_OBS_INFO 1 -6.300000 65.207506 8.048196 
Parent: 2577.149758 10.000000 101.000000 20.000000 2600.750000 2360.126811 -10.000000 4.542749 37.000000 0.000000 0 0 1 0 0 0 0 0
Child: 2360.126811 20.972423 211.000000 3058.772984 20765.150000 2.139128 -10.000000 0.000000 0.000000 0.000000 1 0 1 0 0 0 0 0
Child: 2.139128 1.771652 19.000000 20.090986 2.850000 0.000000 0.000000 0.000000 0.000000 0.000000 0 0 1 0 0 0 0 0
EGO_STATUS -5.248082 57.228350 7.000000 1.571828 0.530147 3.000000 -2.940000
DYNAMIC_OBS_INFO 0 -5.750000 53.797704 1.570796 67.476820 -5.750000 124.776423 14.698564 1.302499
DYNAMIC_OBS_INFO 1 -1.750000 52.703407 1.570796 24.995297 -1.750000 82.050766 5.583667 0.206623
STATIC_OBS_INFO 0 -6.300000 65.289636 8.057120 
STATIC_OBS_INFO 1 -6.300000 65.207506 7.975700 
Parent: -2.672173 1.698533 18.000000 0.005762 2.700000 0.000000 0.000000 4.072504 7.000000 0.000000 0 0 0 0 0 0 0 0
EGO_STATUS -5.248164 57.301469 7.100000 1.571956 0.824147 0.000000 2.940000
DYNAMIC_OBS_INFO 0 -5.750000 53.797704 1.570796 68.896842 -5.750000 126.252792 14.828814 1.302499
DYNAMIC_OBS_INFO 1 -1.750000 52.703407 1.570796 25.493544 -1.750000 82.610166 5.604330 0.206623
STATIC_OBS_INFO 0 -6.300000 65.289636 8.001287 
STATIC_OBS_INFO 1 -6.300000 65.207506 7.919877 
Parent: 2577.053542 10.000000 101.000000 20.000000 2600.750000 2360.039925 -10.000000 4.533419 37.000000 0.000000 0 0 1 0 0 0 0 0
Child: 2360.039925 20.972423 211.000000 3058.507739 20765.150000 2.078606 -10.000000 0.000000 0.000000 0.000000 1 0 1 0 0 0 0 0
Child: 2.078606 1.642224 18.000000 20.083073 2.700000 0.000000 0.000000 0.000000 0.000000 0.000000 0 0 1 0 0 0 0 0
EGO_STATUS -5.248233 57.357777 7.200000 1.572045 0.530147 3.000000 -2.940000
DYNAMIC_OBS_INFO 0 -5.750000 53.797704 1.570796 70.313079 -5.750000 127.742186 14.959064 1.302499
DYNAMIC_OBS_INFO 1 -1.750000 52.703407 1.570796 25.977371 -1.750000 83.171632 5.624992 0.206623
STATIC_OBS_INFO 0 -6.300000 65.289636 7.928796 
STATIC_OBS_INFO 1 -6.300000 65.207506 7.847399 
Parent: -3.002026 1.569105 17.000000 0.004629 2.550000 0.000000 0.000000 3.762181 7.000000 0.000000 0 0 0 0 0 0 0 0
EGO_STATUS -5.248330 57.430896 7.300000 1.572149 0.824147 0.000000 2.940000
DYNAMIC_OBS_INFO 0 -5.750000 53.797704 1.570796 71.759153 -5.750000 129.244604 15.089313 1.302499
DYNAMIC_OBS_INFO 1 -1.750000 52.703407 1.570796 26.480073 -1.750000 83.735164 5.645654 0.206623
STATIC_OBS_INFO 0 -6.300000 65.289636 7.872978 
STATIC_OBS_INFO 1 -6.300000 65.207506 7.791591 
Parent: 2576.952653 10.000000 101.000000 20.000000 2600.750000 2359.948385 -10.000000 4.524070 37.000000 0.000000 0 0 1 0 0 0 0 0
Child: 2359.948385 20.972423 211.000000 3058.243235 20765.150000 2.013356 -10.000000 0.000000 0.000000 0.000000 1 0 1 0 0 0 0 0
Child: 2.013356 1.512797 17.000000 20.075019 2.550000 0.000000 0.000000 0.000000 0.000000 0.000000 0 0 1 0 0 0 0 0
EGO_STATUS -5.248409 57.487204 7.400000 1.572218 0.530147 3.000000 -2.940000
DYNAMIC_OBS_INFO 0 -5.750000 53.797704 1.570796 73.201443 -5.750000 130.760048 15.219563 1.302499
DYNAMIC_OBS_INFO 1 -1.750000 52.703407 1.570796 26.968328 -1.750000 84.300763 5.666317 0.206623
STATIC_OBS_INFO 0 -6.300000 65.289636 7.800506 
STATIC_OBS_INFO 1 -6.300000 65.207506 7.719133 
Parent: -3.331897 1.439678 16.000000 0.003263 2.400000 0.000000 0.000000 3.451858 7.000000 0.000000 0 0 0 0 0 0 0 0
EGO_STATUS -5.248517 57.560323 7.500000 1.572294 0.824147 0.000000 2.940000
DYNAMIC_OBS_INFO 0 -5.750000 53.797704 1.570796 74.673569 -5.750000 132.288517 15.349813 1.302499
DYNAMIC_OBS_INFO 1 -1.750000 52.703407 1.570796 27.475455 -1.750000 84.868428 5.686979 0.206623
STATIC_OBS_INFO 0 -6.300000 65.289636 7.744703 
STATIC_OBS_INFO 1 -6.300000 65.207506 7.663342 
Parent: 2576.961876 10.000000 101.000000 20.000000 2600.750000 2359.966975 -10.000000 4.514703 37.000000 0.000000 0 0 1 0 0 0 0 0
Child: 2359.966975 20.972423 211.000000 3057.979399 20765.150000 2.058171 -10.000000 0.000000 0.000000 0.000000 1 0 1 0 0 0 0 0
Child: 2.058171 1.383369 15.000000 20.066933 2.250000 0.000000 0.000000 0.000000 0.000000 0.000000 0 0 1 0 0 0 0 0
EGO_STATUS -5.248604 57.616631 7.600000 1.572338 0.530147 3.000000 -2.940000
DYNAMIC_OBS_INFO 0 -5.750000 53.797704 1.570796 76.141911 -5.750000 133.830011 15.480063 1.302499
DYNAMIC_OBS_INFO 1 -1.750000 52.703407 1.570796 27.968110 -1.750000 85.438159 5.707641 0.206623
STATIC_OBS_INFO 0 -6.300000 65.289636 7.672252 
STATIC_OBS_INFO 1 -6.300000 65.207506 7.590905 
Parent: -3.661777 1.310251 15.000000 0.001720 2.250000 0.000000 0.000000 3.141535 7.000000 0.000000 0 0 0 0 0 0 0 0
EGO_STATUS -5.248719 57.689750 7.700000 1.572381 0.824147 0.000000 2.940000
DYNAMIC_OBS_INFO 0 -5.750000 53.797704 1.570796 77.640089 -5.750000 135.384530 15.610313 1.302499
DYNAMIC_OBS_INFO 1 -1.750000 52.703407 1.570796 28.479634 -1.750000 86.009956 5.728304 0.206623
STATIC_OBS_INFO 0 -6.300000 65.289636 7.616466 
STATIC_OBS_INFO 1 -6.300000 65.207506 7.535131 
Parent: -12.168903 1.253942 14.000000 0.000418 2.100000 0.000000 -10.000000 4.642968 7.000000 0.000000 0 0 0 0 0 0 0 0
EGO_STATUS -5.248809 57.746059 7.800000 1.572399 0.530147 3.000000 -2.940000
DYNAMIC_OBS_INFO 0 -5.750000 53.797704 1.570796 79.180593 -5.750000 136.952074 15.740563 1.302499
DYNAMIC_OBS_INFO 1 -1.750000 52.703407 1.570796 29.022431 -1.750000 86.583819 5.748966 0.206623
STATIC_OBS_INFO 0 -6.300000 65.289636 7.589712 
STATIC_OBS_INFO 1 -6.300000 65.207506 7.508382 
Parent: 2576.844195 10.000000 101.000000 20.000000 2600.750000 2359.814455 -10.000000 4.549542 37.000000 0.000000 0 0 1 0 0 0 0 0
Child: 2359.814455 20.972423 211.000000 3057.615712 20765.150000 1.941800 -10.000000 0.000000 0.000000 0.000000 1 0 1 0 0 0 0 0
Child: 1.941800 1.226935 14.000000 20.057003 2.100000 0.000000 0.000000 0.000000 0.000000 0.000000 0 0 1 0 0 0 0 0
EGO_STATUS -5.248852 57.773066 7.900000 1.572402 0.389669 3.000000 -2.940000
DYNAMIC_OBS_INFO 0 -5.750000 53.797704 1.570796 80.698641 -5.750000 138.532642 15.870813 1.302499
DYNAMIC_OBS_INFO 1 -1.750000 52.703407 1.570796 29.532202 -1.750000 87.159749 5.769628 0.206623
STATIC_OBS_INFO 0 -6.300000 65.289636 7.527815 
STATIC_OBS_INFO 1 -6.300000 65.207506 7.446498 
Parent: -3.467976 1.164444 13.000000 0.000096 1.950000 0.000000 0.000000 3.357349 7.000000 0.000000 0 0 0 0 0 0 0 0
EGO_STATUS -5.248953 57.835556 8.000000 1.572403 0.683669 0.000000 2.940000
DYNAMIC_OBS_INFO 0 -5.750000 53.797704 1.570796 82.257522 -5.750000 140.126236 16.001063 1.302499
DYNAMIC_OBS_INFO 1 -1.750000 52.703407 1.570796 30.071763 -1.750000 87.737745 5.790291 0.206623
STATIC_OBS_INFO 0 -6.300000 65.289636 7.493465 
STATIC_OBS_INFO 1 -6.300000 65.207506 7.412156 
Parent: -11.918702 1.129761 13.000000 0.000174 1.950000 0.000000 -10.000000 4.911818 7.000000 0.000000 0 0 0 0 0 0 0 0
EGO_STATUS -5.249008 57.870240 8.100000 1.572395 0.450017 3.000000 -2.940000
DYNAMIC_OBS_INFO 0 -5.750000 53.797704 1.570796 83.841111 -5.750000 141.732855 16.131313 1.302499
DYNAMIC_OBS_INFO 1 -1.750000 52.703407 1.570796 30.625113 -1.750000 88.317807 5.810953 0.206623
STATIC_OBS_INFO 0 -6.300000 65.289636 7.470687 
STATIC_OBS_INFO 1 -6.300000 65.207506 7.389383 
Parent: 2576.754767 10.000000 101.000000 20.000000 2600.750000 2359.720242 -10.000000 4.554327 37.000000 0.000000 0 0 1 0 0 0 0 0
Child: 2359.720242 20.972423 211.000000 3057.360277 20765.150000 1.872975 -10.000000 0.000000 0.000000 0.000000 1 0 1 0 0 0 0 0
Child: 1.872975 1.106760 13.000000 20.049963 1.950000 0.000000 0.000000 0.000000 0.000000 0.000000 0 0 1 0 0 0 0 0
EGO_STATUS -5.249044 57.893241 8.200000 1.572387 0.348810 3.000000 -2.940000
DYNAMIC_OBS_INFO 0 -5.750000 53.797704 1.570796 85.401165 -5.750000 143.352499 16.261563 1.302499
DYNAMIC_OBS_INFO 1 -1.750000 52.703407 1.570796 31.144326 -1.750000 88.899936 5.831615 0.206623
STATIC_OBS_INFO 0 -6.300000 65.289636 7.411710 
STATIC_OBS_INFO 1 -6.300000 65.207506 7.330419 
Parent: -3.634552 1.047199 12.000000 0.000990 1.800000 0.000000 0.000000 3.208282 7.000000 0.000000 0 0 0 0 0 0 0 0
EGO_STATUS -5.249138 57.952802 8.300000 1.572360 0.642810 0.000000 2.940000
DYNAMIC_OBS_INFO 0 -5.750000 53.797704 1.570796 87.001166 -5.750000 144.985167 16.391813 1.302499
DYNAMIC_OBS_INFO 1 -1.750000 52.703407 1.570796 31.692454 -1.750000 89.484130 5.852278 0.206623
STATIC_OBS_INFO 0 -6.300000 65.289636 7.379393 
STATIC_OBS_INFO 1 -6.300000 65.207506 7.298110 
Parent: -12.300806 1.014558 12.000000 0.000568 1.800000 0.000000 -10.000000 4.546963 7.000000 0.000000 0 0 0 0 0 0 0 0
EGO_STATUS -5.249188 57.985442 8.400000 1.572339 0.436257 3.000000 -2.940000
DYNAMIC_OBS_INFO 0 -5.750000 53.797704 1.570796 88.624521 -5.750000 146.630861 16.522062 1.302499
DYNAMIC_OBS_INFO 1 -1.750000 52.703407 1.570796 32.253018 -1.750000 90.070391 5.872940 0.206623
STATIC_OBS_INFO 0 -6.300000 65.289636 7.357304 
STATIC_OBS_INFO 1 -6.300000 65.207506 7.276025 
Parent: 2577.809447 10.000000 101.000000 20.000000 2600.750000 2359.780724 -10.000000 4.548525 36.000000 0.000000 0 0 1 0 0 0 0 0
Child: 2359.780724 20.972423 211.000000 3057.125007 20765.150000 1.956842 -10.000000 0.000000 0.000000 0.000000 1 0 1 0 0 0 0 0
Child: 1.956842 0.992245 11.000000 20.043492 1.650000 0.000000 0.000000 0.000000 0.000000 0.000000 0 0 1 0 0 0 0 0
EGO_STATUS -5.249221 58.007755 8.500000 1.572321 0.341147 3.000000 -2.940000
DYNAMIC_OBS_INFO 0 -5.750000 53.797704 1.570796 90.224193 -5.750000 148.289580 16.652312 1.302499
DYNAMIC_OBS_INFO 1 -1.750000 52.703407 1.570796 32.779259 -1.750000 90.658718 5.893602 0.206623
STATIC_OBS_INFO 0 -6.300000 65.289636 7.298880 
STATIC_OBS_INFO 1 -6.300000 65.207506 7.217615 
Parent: -2.966808 0.933224 11.000000 0.001769 1.650000 0.000000 0.000000 2.893058 6.000000 0.000000 0 0 0 0 0 0 0 0
EGO_STATUS -5.249309 58.066776 8.600000 1.572271 0.635147 0.000000 2.940000
DYNAMIC_OBS_INFO 0 -5.750000 53.797704 1.570796 91.863654 -5.750000 149.961324 16.782562 1.302499
DYNAMIC_OBS_INFO 1 -1.750000 52.703407 1.570796 33.334264 -1.750000 91.249112 5.914265 0.206623
STATIC_OBS_INFO 0 -6.300000 65.289636 7.266954 
STATIC_OBS_INFO 1 -6.300000 65.207506 7.185696 
Parent: -11.801715 0.900967 11.000000 0.000921 1.650000 0.000000 -10.000000 4.063065 6.000000 0.000000 0 0 0 0 0 0 0 0
EGO_STATUS -5.249355 58.099034 8.700000 1.572238 0.433491 3.000000 -2.940000
DYNAMIC_OBS_INFO 0 -5.750000 53.797704 1.570796 93.526224 -5.750000 151.646092 16.912812 1.302499
DYNAMIC_OBS_INFO 1 -1.750000 52.703407 1.570796 33.901454 -1.750000 91.841571 5.934927 0.206623
STATIC_OBS_INFO 0 -6.300000 65.289636 7.245008 
STATIC_OBS_INFO 1 -6.300000 65.207506 7.163756 
Parent: 2577.714552 10.000000 101.000000 20.000000 2600.750000 2359.693590 -10.000000 4.540764 36.000000 0.000000 0 0 1 0 0 0 0 0
Child: 2359.693590 20.972423 211.000000 3056.893366 20765.150000 1.892732 -10.000000 0.000000 0.000000 0.000000 1 0 1 0 0 0 0 0
Child: 1.892732 0.878792 10.000000 20.037883 1.500000 0.000000 0.000000 0.000000 0.000000 0.000000 0 0 1 0 0 0 0 0
EGO_STATUS -5.249385 58.121208 8.800000 1.572212 0.339584 3.000000 -2.940000
DYNAMIC_OBS_INFO 0 -5.750000 53.797704 1.570796 95.165083 -5.750000 153.343886 17.043062 1.302499
DYNAMIC_OBS_INFO 1 -1.750000 52.703407 1.570796 34.434260 -1.750000 92.436097 5.955589 0.206623
STATIC_OBS_INFO 0 -6.300000 65.289636 7.186713 
STATIC_OBS_INFO 1 -6.300000 65.207506 7.105476 
Parent: -3.328956 0.819881 10.000000 0.002449 1.500000 0.000000 0.000000 2.547861 6.000000 0.000000 0 0 0 0 0 0 0 0
EGO_STATUS -5.249465 58.180119 8.900000 1.572142 0.633584 0.000000 2.940000
DYNAMIC_OBS_INFO 0 -5.750000 53.797704 1.570796 96.843700 -5.750000 155.054705 17.173312 1.302499
DYNAMIC_OBS_INFO 1 -1.750000 52.703407 1.570796 34.995802 -1.750000 93.032689 5.976252 0.206623
STATIC_OBS_INFO 0 -6.300000 65.289636 7.154875 
STATIC_OBS_INFO 1 -6.300000 65.207506 7.073646 
Parent: -12.324877 0.787702 9.000000 0.001222 1.350000 0.000000 -10.000000 3.556861 6.000000 0.000000 0 0 0 0 0 0 0 0
EGO_STATUS -5.249506 58.212298 9.000000 1.572098 0.432920 3.000000 -2.940000
DYNAMIC_OBS_INFO 0 -5.750000 53.797704 1.570796 98.545375 -5.750000 156.778548 17.303562 1.302499
DYNAMIC_OBS_INFO 1 -1.750000 52.703407 1.570796 35.569474 -1.750000 93.631347 5.996914 0.206623
STATIC_OBS_INFO 0 -6.300000 65.289636 7.132966 
STATIC_OBS_INFO 1 -6.300000 65.207506 7.051742 
Parent: -11.501226 0.765556 9.000000 0.000781 1.350000 0.000000 -10.000000 4.383874 6.000000 0.000000 0 0 0 0 0 0 0 0
EGO_STATUS -5.249534 58.234444 9.100000 1.572067 0.339260 3.000000 -2.940000
DYNAMIC_OBS_INFO 0 -5.750000 53.797704 1.570796 100.264759 -5.750000 158.515417 17.433812 1.302499
DYNAMIC_OBS_INFO 1 -1.750000 52.703407 1.570796 36.149953 -1.750000 94.232072 6.017576 0.206623
STATIC_OBS_INFO 0 -6.300000 65.289636 7.115691 
STATIC_OBS_INFO 1 -6.300000 65.207506 7.034471 
Parent: 2577.581035 10.000000 101.000000 20.000000 2600.750000 2359.550410 -10.000000 4.550427 36.000000 0.000000 0 0 1 0 0 0 0 0
Child: 2359.550410 20.972423 211.000000 3056.614481 20765.150000 1.777273 -10.000000 0.000000 0.000000 0.000000 1 0 1 0 0 0 0 0
Child: 1.777273 0.748093 9.000000 20.031643 1.350000 0.000000 0.000000 0.000000 0.000000 0.000000 0 0 1 0 0 0 0 0
EGO_STATUS -5.249554 58.251907 9.200000 1.572041 0.281761 3.000000 -2.940000
DYNAMIC_OBS_INFO 0 -5.750000 53.797704 1.570796 101.959696 -5.750000 160.265311 17.564062 1.302499
DYNAMIC_OBS_INFO 1 -1.750000 52.703407 1.570796 36.695280 -1.750000 94.834862 6.038239 0.206623
STATIC_OBS_INFO 0 -6.300000 65.289636 7.061353 
STATIC_OBS_INFO 1 -6.300000 65.207506 6.980147 
Parent: -3.529119 0.693158 8.000000 0.002508 1.200000 0.000000 0.000000 2.366690 6.000000 0.000000 0 0 0 0 0 0 0 0
EGO_STATUS -5.249619 58.306842 9.300000 1.571958 0.575761 0.000000 2.940000
DYNAMIC_OBS_INFO 0 -5.750000 53.797704 1.570796 103.693306 -5.750000 162.028229 17.694312 1.302499
DYNAMIC_OBS_INFO 1 -1.750000 52.703407 1.570796 37.268269 -1.750000 95.439719 6.058901 0.206623
STATIC_OBS_INFO 0 -6.300000 65.289636 7.032387 
STATIC_OBS_INFO 1 -6.300000 65.207506 6.951189 
Parent: -12.739483 0.663870 8.000000 0.001315 1.200000 0.000000 -10.000000 3.160827 6.000000 0.000000 0 0 0 0 0 0 0 0
EGO_STATUS -5.249650 58.336130 9.400000 1.571911 0.410061 3.000000 -2.940000
DYNAMIC_OBS_INFO 0 -5.750000 53.797704 1.570796 105.448227 -5.750000 163.804173 17.824562 1.302499
DYNAMIC_OBS_INFO 1 -1.750000 52.703407 1.570796 37.851642 -1.750000 96.046643 6.079563 0.206623
STATIC_OBS_INFO 0 -6.300000 65.289636 7.011617 
STATIC_OBS_INFO 1 -6.300000 65.207506 6.930425 
Parent: -12.077322 0.642867 8.000000 0.000848 1.200000 0.000000 -10.000000 3.826179 6.000000 0.000000 0 0 0 0 0 0 0 0
EGO_STATUS -5.249672 58.357133 9.500000 1.571876 0.326036 3.000000 -2.940000
DYNAMIC_OBS_INFO 0 -5.750000 53.797704 1.570796 107.220374 -5.750000 165.593142 17.954811 1.302499
DYNAMIC_OBS_INFO 1 -1.750000 52.703407 1.570796 38.441334 -1.750000 96.655632 6.100226 0.206623
STATIC_OBS_INFO 0 -6.300000 65.289636 6.995003 
STATIC_OBS_INFO 1 -6.300000 65.207506 6.913815 
Parent: -11.480558 0.626065 8.000000 0.000602 1.200000 0.000000 -10.000000 4.425485 6.000000 0.000000 0 0 0 0 0 0 0 0
EGO_STATUS -5.249689 58.373935 9.600000 1.571848 0.272936 3.000000 -2.940000
DYNAMIC_OBS_INFO 0 -5.750000 53.797704 1.570796 109.008201 -5.750000 167.395135 18.085061 1.302499
DYNAMIC_OBS_INFO 1 -1.750000 52.703407 1.570796 39.035803 -1.750000 97.266688 6.120888 0.206623
STATIC_OBS_INFO 0 -6.300000 65.289636 6.981015 
STATIC_OBS_INFO 1 -6.300000 65.207506 6.899831 
Parent: -10.927951 0.611918 8.000000 0.000454 1.200000 0.000000 -10.000000 4.980226 6.000000 0.000000 0 0 0 0 0 0 0 0
EGO_STATUS -5.249702 58.388082 9.700000 1.571825 0.235739 3.000000 -2.940000
DYNAMIC_OBS_INFO 0 -5.750000 53.797704 1.570796 110.810914 -5.750000 169.210154 18.215311 1.302499
DYNAMIC_OBS_INFO 1 -1.750000 52.703407 1.570796 39.634256 -1.750000 97.879810 6.141550 0.206623
STATIC_OBS_INFO 0 -6.300000 65.289636 6.968866 
STATIC_OBS_INFO 1 -6.300000 65.207506 6.887685 
Parent: 2577.591507 10.000000 101.000000 20.000000 2600.750000 2359.547126 -10.000000 4.564183 36.000000 0.000000 0 0 1 0 0 0 0 0
Child: 2359.547126 20.972423 211.000000 3056.299321 20765.150000 1.805314 -10.000000 0.000000 0.000000 0.000000 1 0 1 0 0 0 0 0
Child: 1.805314 0.599631 7.000000 20.024952 1.050000 0.000000 0.000000 0.000000 0.000000 0.000000 0 0 1 0 0 0 0 0
EGO_STATUS -5.249714 58.400369 9.800000 1.571804 0.208003 3.000000 -2.940000
DYNAMIC_OBS_INFO 0 -5.750000 53.797704 1.570796 112.588814 -5.750000 171.038198 18.345561 1.302499
DYNAMIC_OBS_INFO 1 -1.750000 52.703407 1.570796 40.197146 -1.750000 98.494998 6.162212 0.206623
STATIC_OBS_INFO 0 -6.300000 65.289636 6.919310 
STATIC_OBS_INFO 1 -6.300000 65.207506 6.838143 
Parent: -3.770914 0.549505 7.000000 0.002134 1.050000 0.000000 0.000000 2.146493 6.000000 0.000000 0 0 0 0 0 0 0 0
EGO_STATUS -5.249760 58.450495 9.900000 1.571718 0.502003 0.000000 2.940000
DYNAMIC_OBS_INFO 0 -5.750000 53.797704 1.570796 114.404265 -5.750000 172.879266 18.475811 1.302499
DYNAMIC_OBS_INFO 1 -1.750000 52.703407 1.570796 40.786587 -1.750000 99.112252 6.182875 0.206623
STATIC_OBS_INFO 0 -6.300000 65.289636 6.894004 
STATIC_OBS_INFO 1 -6.300000 65.207506 6.812844 
Parent: -13.207138 0.523905 7.000000 0.001206 1.050000 0.000000 -10.000000 2.714186 6.000000 0.000000 0 0 0 0 0 0 0 0
EGO_STATUS -5.249782 58.476095 10.000000 1.571674 0.376049 3.000000 -2.940000
DYNAMIC_OBS_INFO 0 -5.750000 53.797704 1.570796 116.239038 -5.750000 174.733360 18.606061 1.302499
DYNAMIC_OBS_INFO 1 -1.750000 52.703407 1.570796 41.384426 -1.750000 99.731573 6.203537 0.206623
STATIC_OBS_INFO 0 -6.300000 65.289636 6.874925 
STATIC_OBS_INFO 1 -6.300000 65.207506 6.793771 
Parent: -12.724418 0.504602 7.000000 0.000798 1.050000 0.000000 -10.000000 3.199834 6.000000 0.000000 0 0 0 0 0 0 0 0
EGO_STATUS -5.249797 58.495398 10.100000 1.571641 0.305393 3.000000 -2.940000
DYNAMIC_OBS_INFO 0 -5.750000 53.797704 1.570796 118.090370 -5.750000 176.600478 18.736311 1.302499
DYNAMIC_OBS_INFO 1 -1.750000 52.703407 1.570796 41.987906 -1.750000 100.352960 6.224199 0.206623
STATIC_OBS_INFO 0 -6.300000 65.289636 6.859339 
STATIC_OBS_INFO 1 -6.300000 65.207506 6.778189 
Parent: -12.289621 0.488833 6.000000 0.000574 0.900000 0.000000 -10.000000 3.637007 6.000000 0.000000 0 0 0 0 0 0 0 0
EGO_STATUS -5.249809 58.511167 10.200000 1.571614 0.258810 3.000000 -2.940000
DYNAMIC_OBS_INFO 0 -5.750000 53.797704 1.570796 119.957057 -5.750000 178.480622 18.866561 1.302499
DYNAMIC_OBS_INFO 1 -1.750000 52.703407 1.570796 42.595827 -1.750000 100.976413 6.244862 0.206623
STATIC_OBS_INFO 0 -6.300000 65.289636 6.846056 
STATIC_OBS_INFO 1 -6.300000 65.207506 6.764910 
Parent: -11.889109 0.475392 6.000000 0.000435 0.900000 0.000000 -10.000000 4.039548 6.000000 0.000000 0 0 0 0 0 0 0 0
EGO_STATUS -5.249819 58.524608 10.300000 1.571591 0.225369 3.000000 -2.940000
DYNAMIC_OBS_INFO 0 -5.750000 53.797704 1.570796 121.838441 -5.750000 180.373791 18.996811 1.302499
DYNAMIC_OBS_INFO 1 -1.750000 52.703407 1.570796 43.207533 -1.750000 101.601932 6.265524 0.206623
STATIC_OBS_INFO 0 -6.300000 65.289636 6.834426 
STATIC_OBS_INFO 1 -6.300000 65.207506 6.753283 
Parent: -11.515458 0.463624 6.000000 0.000342 0.900000 0.000000 -10.000000 4.414972 6.000000 0.000000 0 0 0 0 0 0 0 0
EGO_STATUS -5.249827 58.536376 10.400000 1.571570 0.200023 3.000000 -2.940000
DYNAMIC_OBS_INFO 0 -5.750000 53.797704 1.570796 123.734118 -5.750000 182.279984 19.127061 1.302499
DYNAMIC_OBS_INFO 1 -1.750000 52.703407 1.570796 43.822618 -1.750000 102.229517 6.286186 0.206623
STATIC_OBS_INFO 0 -6.300000 65.289636 6.824048 
STATIC_OBS_INFO 1 -6.300000 65.207506 6.742909 
Parent: -11.164024 0.453123 6.000000 0.000277 0.900000 0.000000 -10.000000 4.767987 6.000000 0.000000 0 0 0 0 0 0 0 0
EGO_STATUS -5.249834 58.546877 10.500000 1.571553 0.180069 3.000000 -2.940000
DYNAMIC_OBS_INFO 0 -5.750000 53.797704 1.570796 125.643817 -5.750000 184.199203 19.257310 1.302499
DYNAMIC_OBS_INFO 1 -1.750000 52.703407 1.570796 44.440814 -1.750000 102.859169 6.306849 0.206623
STATIC_OBS_INFO 0 -6.300000 65.289636 6.814657 
STATIC_OBS_INFO 1 -6.300000 65.207506 6.733520 
Parent: 39250.634279 10.000000 101.000000 350020.000000 4230.250000 4217.840462 -10.000000 4.511639 36.000000 0.000000 0 0 1 0 0 0 0 35
Child: 4217.840462 10.000000 101.000000 20.000000 20730.250000 2173.360264 -10.000000 0.000000 0.000000 0.000000 0 0 1 0 0 0 0 0
Child: 2173.360264 10.217552 104.000000 3044.928643 19162.800000 1.546585 -10.000000 0.000000 0.000000 0.000000 1 0 1 0 0 0 0 0
Child: 1.546585 0.443619 6.000000 20.017748 0.900000 0.000000 0.000000 0.000000 0.000000 0.000000 0 0 1 0 0 0 0 0
EGO_STATUS -5.249841 58.556381 10.600000 1.571536 0.163906 3.000000 -2.940000
DYNAMIC_OBS_INFO 0 -5.750000 53.797704 1.570796 127.528644 -5.750000 186.131446 19.387560 1.302499
DYNAMIC_OBS_INFO 1 -1.750000 52.703407 1.570796 45.023341 -1.750000 103.490887 6.327511 0.206623
STATIC_OBS_INFO 0 -6.300000 65.289636 6.767821 
STATIC_OBS_INFO 1 -6.300000 65.207506 6.686698 
Parent: -4.246853 0.396217 5.000000 0.001765 0.750000 0.000000 0.000000 1.693574 6.000000 0.000000 0 0 0 0 0 0 0 0
EGO_STATUS -5.249872 58.603783 10.700000 1.571456 0.457906 0.000000 2.940000
DYNAMIC_OBS_INFO 0 -5.750000 53.797704 1.570796 129.450503 -5.750000 188.076715 19.517810 1.302499
DYNAMIC_OBS_INFO 1 -1.750000 52.703407 1.570796 45.631909 -1.750000 104.124671 6.348173 0.206623
STATIC_OBS_INFO 0 -6.300000 65.289636 6.744708 
STATIC_OBS_INFO 1 -6.300000 65.207506 6.663591 
Parent: -13.890548 0.372822 5.000000 0.001039 0.750000 0.000000 -10.000000 2.053451 6.000000 0.000000 0 0 0 0 0 0 0 0
EGO_STATUS -5.249885 58.627178 10.800000 1.571418 0.353117 3.000000 -2.940000
DYNAMIC_OBS_INFO 0 -5.750000 53.797704 1.570796 131.390626 -5.750000 190.035008 19.648060 1.302499
DYNAMIC_OBS_INFO 1 -1.750000 52.703407 1.570796 46.247809 -1.750000 104.760522 6.368836 0.206623
STATIC_OBS_INFO 0 -6.300000 65.289636 6.726772 
STATIC_OBS_INFO 1 -6.300000 65.207506 6.645661 
Parent: -13.588767 0.354666 5.000000 0.000698 0.750000 0.000000 -10.000000 2.357984 6.000000 0.000000 0 0 0 0 0 0 0 0
EGO_STATUS -5.249895 58.645334 10.900000 1.571388 0.290821 3.000000 -2.940000
DYNAMIC_OBS_INFO 0 -5.750000 53.797704 1.570796 133.346889 -5.750000 192.006327 19.778310 1.302499
DYNAMIC_OBS_INFO 1 -1.750000 52.703407 1.570796 46.868922 -1.750000 105.398439 6.389498 0.206623
STATIC_OBS_INFO 0 -6.300000 65.289636 6.711915 
STATIC_OBS_INFO 1 -6.300000 65.207506 6.630809 
Parent: -13.322205 0.339625 5.000000 0.000505 0.750000 0.000000 -10.000000 2.626817 6.000000 0.000000 0 0 0 0 0 0 0 0
EGO_STATUS -5.249903 58.660375 11.000000 1.571364 0.248583 3.000000 -2.940000
DYNAMIC_OBS_INFO 0 -5.750000 53.797704 1.570796 135.318290 -5.750000 193.990670 19.908560 1.302499
DYNAMIC_OBS_INFO 1 -1.750000 52.703407 1.570796 47.494249 -1.750000 106.038422 6.410160 0.206623
STATIC_OBS_INFO 0 -6.300000 65.289636 6.699144 
STATIC_OBS_INFO 1 -6.300000 65.207506 6.618042 
Parent: -13.081898 0.326696 5.000000 0.000384 0.750000 0.000000 -10.000000 2.869073 6.000000 0.000000 0 0 0 0 0 0 0 0
EGO_STATUS -5.249909 58.673304 11.100000 1.571343 0.217736 3.000000 -2.940000
DYNAMIC_OBS_INFO 0 -5.750000 53.797704 1.570796 137.304258 -5.750000 195.988039 20.038810 1.302499
DYNAMIC_OBS_INFO 1 -1.750000 52.703407 1.570796 48.123220 -1.750000 106.680471 6.430823 0.206623
STATIC_OBS_INFO 0 -6.300000 65.289636 6.687898 
STATIC_OBS_INFO 1 -6.300000 65.207506 6.606799 
Parent: -12.862657 0.315309 5.000000 0.000302 0.750000 0.000000 -10.000000 3.090028 6.000000 0.000000 0 0 0 0 0 0 0 0
EGO_STATUS -5.249914 58.684691 11.200000 1.571326 0.194082 3.000000 -2.940000
DYNAMIC_OBS_INFO 0 -5.750000 53.797704 1.570796 139.304435 -5.750000 197.998432 20.169060 1.302499
DYNAMIC_OBS_INFO 1 -1.750000 52.703407 1.570796 48.755474 -1.750000 107.324586 6.451485 0.206623
STATIC_OBS_INFO 0 -6.300000 65.289636 6.677819 
STATIC_OBS_INFO 1 -6.300000 65.207506 6.596724 
Parent: -12.661089 0.305105 5.000000 0.000244 0.750000 0.000000 -10.000000 3.293130 6.000000 0.000000 0 0 0 0 0 0 0 0
EGO_STATUS -5.249919 58.694895 11.300000 1.571310 0.175298 3.000000 -2.940000
DYNAMIC_OBS_INFO 0 -5.750000 53.797704 1.570796 141.318576 -5.750000 200.021851 20.299310 1.302499
DYNAMIC_OBS_INFO 1 -1.750000 52.703407 1.570796 49.390769 -1.750000 107.970768 6.472147 0.206623
STATIC_OBS_INFO 0 -6.300000 65.289636 6.668669 
STATIC_OBS_INFO 1 -6.300000 65.207506 6.587577 
Parent: -12.474793 0.295840 4.000000 0.000202 0.600000 0.000000 -10.000000 3.480816 6.000000 0.000000 0 0 0 0 0 0 0 0
EGO_STATUS -5.249923 58.704160 11.400000 1.571296 0.159983 3.000000 -2.940000
DYNAMIC_OBS_INFO 0 -5.750000 53.797704 1.570796 143.346507 -5.750000 202.058294 20.429560 1.302499
DYNAMIC_OBS_INFO 1 -1.750000 52.703407 1.570796 50.028931 -1.750000 108.619016 6.492810 0.206623
STATIC_OBS_INFO 0 -6.300000 65.289636 6.660276 
STATIC_OBS_INFO 1 -6.300000 65.207506 6.579186 
Parent: -12.301984 0.287341 4.000000 0.000169 0.600000 0.000000 -10.000000 3.654903 6.000000 0.000000 0 0 0 0 0 0 0 0
EGO_STATUS -5.249927 58.712659 11.500000 1.571283 0.147236 3.000000 -2.940000
DYNAMIC_OBS_INFO 0 -5.750000 53.797704 1.570796 145.388102 -5.750000 204.107763 20.559810 1.302499
DYNAMIC_OBS_INFO 1 -1.750000 52.703407 1.570796 50.669829 -1.750000 109.269330 6.513472 0.206623
STATIC_OBS_INFO 0 -6.300000 65.289636 6.652512 
STATIC_OBS_INFO 1 -6.300000 65.207506 6.571424 
Parent: -12.141264 0.279479 4.000000 0.000144 0.600000 0.000000 -10.000000 3.816804 6.000000 0.000000 0 0 0 0 0 0 0 0
EGO_STATUS -5.249930 58.720521 11.600000 1.571271 0.136447 3.000000 -2.940000
DYNAMIC_OBS_INFO 0 -5.750000 53.797704 1.570796 147.443261 -5.750000 206.170256 20.690059 1.302499
DYNAMIC_OBS_INFO 1 -1.750000 52.703407 1.570796 51.313366 -1.750000 109.921710 6.534134 0.206623
STATIC_OBS_INFO 0 -6.300000 65.289636 6.645281 
STATIC_OBS_INFO 1 -6.300000 65.207506 6.564196 
Parent: -11.991516 0.272157 4.000000 0.000124 0.600000 0.000000 -10.000000 3.967652 6.000000 0.000000 0 0 0 0 0 0 0 0
EGO_STATUS -5.249933 58.727843 11.700000 1.571260 0.127188 3.000000 -2.940000
DYNAMIC_OBS_INFO 0 -5.750000 53.797704 1.570796 149.511908 -5.750000 208.245775 20.820309 1.302499
DYNAMIC_OBS_INFO 1 -1.750000 52.703407 1.570796 51.959464 -1.750000 110.576157 6.554797 0.206623
STATIC_OBS_INFO 0 -6.300000 65.289636 6.638508 
STATIC_OBS_INFO 1 -6.300000 65.207506 6.557424 
Parent: -11.851821 0.265297 4.000000 0.000108 0.600000 0.000000 -10.000000 4.108378 6.000000 0.000000 0 0 0 0 0 0 0 0
EGO_STATUS -5.249936 58.734703 11.800000 1.571250 0.119149 3.000000 -2.940000
DYNAMIC_OBS_INFO 0 -5.750000 53.797704 1.570796 151.593983 -5.750000 210.334318 20.950559 1.302499
DYNAMIC_OBS_INFO 1 -1.750000 52.703407 1.570796 52.608061 -1.750000 111.232669 6.575459 0.206623
STATIC_OBS_INFO 0 -6.300000 65.289636 6.632131 
STATIC_OBS_INFO 1 -6.300000 65.207506 6.551050 
Parent: -11.721406 0.258840 4.000000 0.000095 0.600000 0.000000 -10.000000 4.239761 6.000000 0.000000 0 0 0 0 0 0 0 0
EGO_STATUS -5.249938 58.741160 11.900000 1.571241 0.112101 3.000000 -2.940000
DYNAMIC_OBS_INFO 0 -5.750000 53.797704 1.570796 153.689435 -5.750000 212.435886 21.080809 1.302499
DYNAMIC_OBS_INFO 1 -1.750000 52.703407 1.570796 53.259107 -1.750000 111.891248 6.596121 0.206623
STATIC_OBS_INFO 0 -6.300000 65.289636 6.626103 
STATIC_OBS_INFO 1 -6.300000 65.207506 6.545023 
Parent: -11.599617 0.252735 4.000000 0.000084 0.600000 0.000000 -10.000000 4.362468 6.000000 0.000000 0 0 0 0 0 0 0 0
EGO_STATUS -5.249940 58.747265 12.000000 1.571232 0.105868 3.000000 -2.940000
DYNAMIC_OBS_INFO 0 -5.750000 53.797704 1.570796 155.798224 -5.750000 214.550480 21.211059 1.302499
DYNAMIC_OBS_INFO 1 -1.750000 52.703407 1.570796 53.912561 -1.750000 112.551894 6.616784 0.206623
STATIC_OBS_INFO 0 -6.300000 65.289636 6.620382 
STATIC_OBS_INFO 1 -6.300000 65.207506 6.539305 
Parent: -11.485883 0.246941 4.000000 0.000075 0.600000 0.000000 -10.000000 4.477071 6.000000 0.000000 0 0 0 0 0 0 0 0
EGO_STATUS -5.249942 58.753059 12.100000 1.571224 0.100314 3.000000 -2.940000
DYNAMIC_OBS_INFO 0 -5.750000 53.797704 1.570796 157.920316 -5.750000 216.678098 21.341309 1.302499
DYNAMIC_OBS_INFO 1 -1.750000 52.703407 1.570796 54.568387 -1.750000 113.214605 6.637446 0.206623
STATIC_OBS_INFO 0 -6.300000 65.289636 6.614936 
STATIC_OBS_INFO 1 -6.300000 65.207506 6.533860 
Parent: -11.379708 0.241426 4.000000 0.000067 0.600000 0.000000 -10.000000 4.584074 6.000000 0.000000 0 0 0 0 0 0 0 0
EGO_STATUS -5.249944 58.758574 12.200000 1.571216 0.095332 3.000000 -2.940000
DYNAMIC_OBS_INFO 0 -5.750000 53.797704 1.570796 160.055682 -5.750000 218.818742 21.471559 1.302499
DYNAMIC_OBS_INFO 1 -1.750000 52.703407 1.570796 55.226557 -1.750000 113.879383 6.658108 0.206623
STATIC_OBS_INFO 0 -6.300000 65.289636 6.609736 
STATIC_OBS_INFO 1 -6.300000 65.207506 6.528662 
Parent: -11.280654 0.236159 4.000000 0.000061 0.600000 0.000000 -10.000000 4.683919 6.000000 0.000000 0 0 0 0 0 0 0 0
EGO_STATUS -5.249946 58.763841 12.300000 1.571209 0.090838 3.000000 -2.940000
DYNAMIC_OBS_INFO 0 -5.750000 53.797704 1.570796 162.204298 -5.750000 220.972410 21.601809 1.302499
DYNAMIC_OBS_INFO 1 -1.750000 52.703407 1.570796 55.887044 -1.750000 114.546227 6.678771 0.206623
STATIC_OBS_INFO 0 -6.300000 65.289636 6.604758 
STATIC_OBS_INFO 1 -6.300000 65.207506 6.523686 
Parent: -11.188328 0.231117 4.000000 0.000055 0.600000 0.000000 -10.000000 4.777001 6.000000 0.000000 0 0 0 0 0 0 0 0
EGO_STATUS -5.249948 58.768883 12.400000 1.571202 0.086762 3.000000 -2.940000
DYNAMIC_OBS_INFO 0 -5.750000 53.797704 1.570796 164.366143 -5.750000 223.139103 21.732059 1.302499
DYNAMIC_OBS_INFO 1 -1.750000 52.703407 1.570796 56.549828 -1.750000 115.215137 6.699433 0.206623
STATIC_OBS_INFO 0 -6.300000 65.289636 6.599981 
STATIC_OBS_INFO 1 -6.300000 65.207506 6.518910 
Parent: -11.102380 0.226279 4.000000 0.000050 0.600000 0.000000 -10.000000 4.863675 6.000000 0.000000 0 0 0 0 0 0 0 0
EGO_STATUS -5.249950 58.773721 12.500000 1.571196 0.083049 3.000000 -2.940000
DYNAMIC_OBS_INFO 0 -5.750000 53.797704 1.570796 166.541199 -5.750000 225.318822 21.862309 1.302499
DYNAMIC_OBS_INFO 1 -1.750000 52.703407 1.570796 57.214890 -1.750000 115.886113 6.720095 0.206623
STATIC_OBS_INFO 0 -6.300000 65.289636 6.595388 
STATIC_OBS_INFO 1 -6.300000 65.207506 6.514318 
Parent: -11.022493 0.221627 4.000000 0.000046 0.600000 0.000000 -10.000000 4.944260 6.000000 0.000000 0 0 0 0 0 0 0 0
EGO_STATUS -5.249951 58.778373 12.600000 1.571189 0.079650 3.000000 -2.940000
DYNAMIC_OBS_INFO 0 -5.750000 53.797704 1.570796 168.729450 -5.750000 227.511565 21.992559 1.302499
DYNAMIC_OBS_INFO 1 -1.750000 52.703407 1.570796 57.882212 -1.750000 116.559156 6.740758 0.206623
STATIC_OBS_INFO 0 -6.300000 65.289636 6.590962 
STATIC_OBS_INFO 1 -6.300000 65.207506 6.509894 
Parent: -3.129978 0.217144 4.000000 0.000068 0.600000 0.000000 0.000000 2.837447 6.000000 0.000000 0 0 0 0 0 1 0 0
EGO_STATUS -5.249953 58.782856 12.700000 1.571183 0.076528 3.000000 -2.940000
DYNAMIC_OBS_INFO 0 -5.750000 53.797704 1.570796 170.927556 -5.750000 229.717334 22.122808 1.302499
DYNAMIC_OBS_INFO 1 -1.750000 52.703407 1.570796 58.548461 -1.750000 117.234265 6.761420 0.206623
STATIC_OBS_INFO 0 -6.300000 65.289636 6.583407 
STATIC_OBS_INFO 1 -6.300000 65.207506 6.502341 
Parent: -13.231127 0.209491 4.000000 0.000049 0.600000 0.000000 -10.000000 2.737447 6.000000 0.000000 0 0 0 0 0 1 0 0
EGO_STATUS -5.249955 58.790509 12.800000 1.571173 0.076528 4.000000 0.000000
DYNAMIC_OBS_INFO 0 -5.750000 53.797704 1.570796 173.138687 -5.750000 231.936127 22.253058 1.302499
DYNAMIC_OBS_INFO 1 -1.750000 52.703407 1.570796 59.216800 -1.750000 117.911440 6.782082 0.206623
STATIC_OBS_INFO 0 -6.300000 65.289636 6.575852 
STATIC_OBS_INFO 1 -6.300000 65.207506 6.494789 
Parent: -13.332275 0.201839 4.000000 0.000041 0.600000 0.000000 -10.000000 2.637447 6.000000 0.000000 0 0 0 0 0 1 0 0
EGO_STATUS -5.249957 58.798162 12.900000 1.571163 0.076528 4.000000 0.000000
DYNAMIC_OBS_INFO 0 -5.750000 53.797704 1.570796 175.362844 -5.750000 234.167945 22.383308 1.302499
DYNAMIC_OBS_INFO 1 -1.750000 52.703407 1.570796 59.887228 -1.750000 118.590681 6.802745 0.206623
STATIC_OBS_INFO 0 -6.300000 65.289636 6.568297 
STATIC_OBS_INFO 1 -6.300000 65.207506 6.487236 
Parent: -13.433422 0.194186 3.000000 0.000044 0.450000 0.000000 -10.000000 2.537447 6.000000 0.000000 0 0 0 0 0 1 0 0
EGO_STATUS -5.249960 58.805814 13.000000 1.571153 0.076528 4.000000 0.000000
DYNAMIC_OBS_INFO 0 -5.750000 53.797704 1.570796 177.600025 -5.750000 236.412789 22.513558 1.302499
DYNAMIC_OBS_INFO 1 -1.750000 52.703407 1.570796 60.559744 -1.750000 119.271989 6.823407 0.206623
STATIC_OBS_INFO 0 -6.300000 65.289636 6.560742 
STATIC_OBS_INFO 1 -6.300000 65.207506 6.479684 
Parent: -13.534570 0.186533 3.000000 0.000044 0.450000 0.000000 -10.000000 2.437447 6.000000 0.000000 0 0 0 0 0 1 0 0
EGO_STATUS -5.249962 58.813467 13.100000 1.571143 0.076528 4.000000 0.000000
DYNAMIC_OBS_INFO 0 -5.750000 53.797704 1.570796 179.850232 -5.750000 238.670657 22.643808 1.302499
DYNAMIC_OBS_INFO 1 -1.750000 52.703407 1.570796 61.234348 -1.750000 119.955363 6.844069 0.206623
STATIC_OBS_INFO 0 -6.300000 65.289636 6.553188 
STATIC_OBS_INFO 1 -6.300000 65.207506 6.472132 
Parent: -13.635718 0.178880 3.000000 0.000044 0.450000 0.000000 -10.000000 2.337447 6.000000 0.000000 0 0 0 0 0 1 0 0
EGO_STATUS -5.249964 58.821120 13.200000 1.571134 0.076528 4.000000 0.000000
DYNAMIC_OBS_INFO 0 -5.750000 53.797704 1.570796 182.113464 -5.750000 240.941550 22.774058 1.302499
DYNAMIC_OBS_INFO 1 -1.750000 52.703407 1.570796 61.911040 -1.750000 120.640803 6.864732 0.206623
STATIC_OBS_INFO 0 -6.300000 65.289636 6.545634 
STATIC_OBS_INFO 1 -6.300000 65.207506 6.464581 
Parent: -13.736866 0.171227 3.000000 0.000047 0.450000 0.000000 -10.000000 2.237447 6.000000 0.000000 0 0 0 0 0 1 0 0
EGO_STATUS -5.249966 58.828773 13.300000 1.571124 0.076528 4.000000 0.000000
DYNAMIC_OBS_INFO 0 -5.750000 53.797704 1.570796 184.389721 -5.750000 243.225468 22.904308 1.302499
DYNAMIC_OBS_INFO 1 -1.750000 52.703407 1.570796 62.589818 -1.750000 121.328309 6.885394 0.206623
STATIC_OBS_INFO 0 -6.300000 65.289636 6.538080 
STATIC_OBS_INFO 1 -6.300000 65.207506 6.457029 
Parent: -13.838013 0.163575 3.000000 0.000062 0.450000 0.000000 -10.000000 2.137447 6.000000 0.000000 0 0 0 0 0 1 0 0
EGO_STATUS -5.249968 58.836425 13.400000 1.571115 0.076528 4.000000 0.000000
DYNAMIC_OBS_INFO 0 -5.750000 53.797704 1.570796 186.679003 -5.750000 245.522412 23.034558 1.302499
DYNAMIC_OBS_INFO 1 -1.750000 52.703407 1.570796 63.270682 -1.750000 122.017882 6.906056 0.206623
STATIC_OBS_INFO 0 -6.300000 65.289636 6.530526 
STATIC_OBS_INFO 1 -6.300000 65.207506 6.449478 
Parent: -13.939161 0.155922 3.000000 0.000068 0.450000 0.000000 -10.000000 2.037447 6.000000 0.000000 0 0 0 0 0 1 0 0
EGO_STATUS -5.249970 58.844078 13.500000 1.571106 0.076528 4.000000 0.000000
DYNAMIC_OBS_INFO 0 -5.750000 53.797704 1.570796 188.981310 -5.750000 247.832380 23.164808 1.302499
DYNAMIC_OBS_INFO 1 -1.750000 52.703407 1.570796 63.953632 -1.750000 122.709520 6.926719 0.206623
STATIC_OBS_INFO 0 -6.300000 65.289636 6.522973 
STATIC_OBS_INFO 1 -6.300000 65.207506 6.441927 
Parent: -14.040309 0.148269 3.000000 0.000079 0.450000 0.000000 -10.000000 1.937447 6.000000 0.000000 0 0 0 0 0 0 0 0
EGO_STATUS -5.249972 58.851731 13.600000 1.571096 0.076528 4.000000 0.000000
DYNAMIC_OBS_INFO 0 -5.750000 53.797704 1.570796 191.296643 -5.750000 250.155373 23.295058 1.302499
DYNAMIC_OBS_INFO 1 -1.750000 52.703407 1.570796 64.638667 -1.750000 123.403225 6.947381 0.206623
STATIC_OBS_INFO 0 -6.300000 65.289636 6.515420 
STATIC_OBS_INFO 1 -6.300000 65.207506 6.434377 
Parent: -14.141456 0.140616 3.000000 0.000098 0.450000 0.000000 -10.000000 1.837447 6.000000 0.000000 0 0 0 0 0 0 0 0
EGO_STATUS -5.249974 58.859384 13.700000 1.571087 0.076528 4.000000 0.000000
DYNAMIC_OBS_INFO 0 -5.750000 53.797704 1.570796 193.625000 -5.750000 252.491391 23.425308 1.302499
DYNAMIC_OBS_INFO 1 -1.750000 52.703407 1.570796 65.325787 -1.750000 124.098997 6.968043 0.206623
STATIC_OBS_INFO 0 -6.300000 65.289636 6.507867 
STATIC_OBS_INFO 1 -6.300000 65.207506 6.426826 
Parent: -14.242603 0.132963 3.000000 0.000129 0.450000 0.000000 -10.000000 1.737447 6.000000 0.000000 0 0 0 0 0 0 0 0
EGO_STATUS -5.249976 58.867037 13.800000 1.571078 0.076528 4.000000 0.000000
DYNAMIC_OBS_INFO 0 -5.750000 53.797704 1.570796 195.966383 -5.750000 254.840435 23.555557 1.302499
DYNAMIC_OBS_INFO 1 -1.750000 52.703407 1.570796 66.014991 -1.750000 124.796834 6.988706 0.206623
STATIC_OBS_INFO 0 -6.300000 65.289636 6.500314 
STATIC_OBS_INFO 1 -6.300000 65.207506 6.419276 
Parent: -14.343749 0.125311 3.000000 0.000174 0.450000 0.000000 -10.000000 1.637447 6.000000 0.000000 0 0 0 0 0 0 0 0
EGO_STATUS -5.249977 58.874689 13.900000 1.571068 0.076528 4.000000 0.000000
DYNAMIC_OBS_INFO 0 -5.750000 53.797704 1.570796 198.320791 -5.750000 257.202503 23.685807 1.302499
DYNAMIC_OBS_INFO 1 -1.750000 52.703407 1.570796 66.706278 -1.750000 125.496738 7.009368 0.206623
STATIC_OBS_INFO 0 -6.300000 65.289636 6.492762 
STATIC_OBS_INFO 1 -6.300000 65.207506 6.411726 
Parent: -14.444896 0.117658 3.000000 0.000206 0.450000 0.000000 -10.000000 1.537447 6.000000 0.000000 0 0 0 0 0 0 0 0
EGO_STATUS -5.249979 58.882342 14.000000 1.571057 0.076528 4.000000 0.000000
DYNAMIC_OBS_INFO 0 -5.750000 53.797704 1.570796 200.688224 -5.750000 259.577596 23.816057 1.302499
DYNAMIC_OBS_INFO 1 -1.750000 52.703407 1.570796 67.399649 -1.750000 126.198708 7.030030 0.206623
STATIC_OBS_INFO 0 -6.300000 65.289636 6.485209 
STATIC_OBS_INFO 1 -6.300000 65.207506 6.404177 
Parent: -14.546044 0.110005 3.000000 0.000228 0.450000 0.000000 -10.000000 1.437447 6.000000 0.000000 0 0 0 0 0 0 0 0
EGO_STATUS -5.249980 58.889995 14.100000 1.571044 0.076528 4.000000 0.000000
DYNAMIC_OBS_INFO 0 -5.750000 53.797704 1.570796 203.068682 -5.750000 261.965714 23.946307 1.302499
DYNAMIC_OBS_INFO 1 -1.750000 52.703407 1.570796 68.095102 -1.750000 126.902744 7.050693 0.206623
STATIC_OBS_INFO 0 -6.300000 65.289636 6.477658 
STATIC_OBS_INFO 1 -6.300000 65.207506 6.396628 
Parent: -14.647196 0.102352 3.000000 0.000111 0.450000 0.000000 -10.000000 1.337447 6.000000 0.000000 0 0 0 0 0 0 0 0
EGO_STATUS -5.249981 58.897648 14.200000 1.571029 0.076528 4.000000 0.000000
DYNAMIC_OBS_INFO 0 -5.750000 53.797704 1.570796 205.462165 -5.750000 264.366858 24.076557 1.302499
DYNAMIC_OBS_INFO 1 -1.750000 52.703407 1.570796 68.792638 -1.750000 127.608846 7.071355 0.206623
STATIC_OBS_INFO 0 -6.300000 65.289636 6.470106 
STATIC_OBS_INFO 1 -6.300000 65.207506 6.389079 
Parent: -14.748344 0.094699 2.000000 0.000090 0.300000 0.000000 -10.000000 1.237447 6.000000 0.000000 0 0 0 0 0 0 0 0
EGO_STATUS -5.249982 58.905301 14.300000 1.571012 0.076528 4.000000 0.000000
DYNAMIC_OBS_INFO 0 -5.750000 53.797704 1.570796 207.868674 -5.750000 266.781026 24.206807 1.302499
DYNAMIC_OBS_INFO 1 -1.750000 52.703407 1.570796 69.492256 -1.750000 128.317015 7.092017 0.206623
STATIC_OBS_INFO 0 -6.300000 65.289636 6.462555 
STATIC_OBS_INFO 1 -6.300000 65.207506 6.381530 
Parent: -14.849492 0.087047 2.000000 0.000083 0.300000 0.000000 -10.000000 1.137447 6.000000 0.000000 0 0 0 0 0 0 0 0
EGO_STATUS -5.249983 58.912953 14.400000 1.570994 0.076528 4.000000 0.000000
DYNAMIC_OBS_INFO 0 -5.750000 53.797704 1.570796 210.288207 -5.750000 269.208219 24.337057 1.302499
DYNAMIC_OBS_INFO 1 -1.750000 52.703407 1.570796 70.193955 -1.750000 129.027250 7.112680 0.206623
STATIC_OBS_INFO 0 -6.300000 65.289636 6.455003 
STATIC_OBS_INFO 1 -6.300000 65.207506 6.373981 
Parent: -14.950641 0.079394 2.000000 0.000076 0.300000 0.000000 -10.000000 1.037447 6.000000 0.000000 0 0 0 0 0 0 0 0
EGO_STATUS -5.249984 58.920606 14.500000 1.570977 0.076528 4.000000 0.000000
DYNAMIC_OBS_INFO 0 -5.750000 53.797704 1.570796 212.720766 -5.750000 271.648437 24.467307 1.302499
DYNAMIC_OBS_INFO 1 -1.750000 52.703407 1.570796 70.897736 -1.750000 129.739551 7.133342 0.206623
STATIC_OBS_INFO 0 -6.300000 65.289636 6.447453 
STATIC_OBS_INFO 1 -6.300000 65.207506 6.366433 
Parent: -15.051789 0.071741 2.000000 0.000069 0.300000 0.000000 -10.000000 0.937447 6.000000 0.000000 0 0 0 0 0 0 0 0
EGO_STATUS -5.249985 58.928259 14.600000 1.570959 0.076528 4.000000 0.000000
DYNAMIC_OBS_INFO 0 -5.750000 53.797704 1.570796 215.166349 -5.750000 274.101680 24.597557 1.302499
DYNAMIC_OBS_INFO 1 -1.750000 52.703407 1.570796 71.603597 -1.750000 130.453918 7.154004 0.206623
STATIC_OBS_INFO 0 -6.300000 65.289636 6.439902 
STATIC_OBS_INFO 1 -6.300000 65.207506 6.358885 
Parent: -15.152938 0.064088 2.000000 0.000061 0.300000 0.000000 -10.000000 0.837447 6.000000 0.000000 0 0 0 0 0 0 0 0
EGO_STATUS -5.249985 58.935912 14.700000 1.570942 0.076528 4.000000 0.000000
DYNAMIC_OBS_INFO 0 -5.750000 53.797704 1.570796 217.624958 -5.750000 276.567949 24.727807 1.302499
DYNAMIC_OBS_INFO 1 -1.750000 52.703407 1.570796 72.311539 -1.750000 131.170351 7.174667 0.206623
STATIC_OBS_INFO 0 -6.300000 65.289636 6.432352 
STATIC_OBS_INFO 1 -6.300000 65.207506 6.351337 
Parent: -15.254086 0.056435 2.000000 0.000054 0.300000 0.000000 -10.000000 0.737447 6.000000 0.000000 0 0 0 0 0 0 0 0
EGO_STATUS -5.249986 58.943565 14.800000 1.570925 0.076528 4.000000 0.000000
DYNAMIC_OBS_INFO 0 -5.750000 53.797704 1.570796 220.096592 -5.750000 279.047242 24.858056 1.302499
DYNAMIC_OBS_INFO 1 -1.750000 52.703407 1.570796 73.021561 -1.750000 131.888851 7.195329 0.206623
STATIC_OBS_INFO 0 -6.300000 65.289636 6.424802 
STATIC_OBS_INFO 1 -6.300000 65.207506 6.343790 
Parent: -14.867409 0.048783 2.000000 20.000047 0.300000 0.000000 -10.000000 0.637447 6.000000 0.000000 0 0 0 0 1 0 0 0
EGO_STATUS -5.249986 58.951217 14.900000 1.570907 0.076528 4.000000 0.000000
DYNAMIC_OBS_INFO 0 -5.750000 53.797704 1.570796 222.581251 -5.750000 281.539560 24.988306 1.302499
DYNAMIC_OBS_INFO 1 -1.750000 52.703407 1.570796 73.733662 -1.750000 132.609417 7.215991 0.206623
STATIC_OBS_INFO 0 -6.300000 65.289636 6.417252 
STATIC_OBS_INFO 1 -6.300000 65.207506 6.336243 
Parent: -15.045085 0.041130 2.000000 20.000039 0.300000 0.000000 -10.000000 0.537447 6.000000 0.000000 0 0 0 0 1 0 0 0
EGO_STATUS -5.249987 58.958870 15.000000 1.570890 0.076528 4.000000 0.000000
DYNAMIC_OBS_INFO 0 -5.750000 53.797704 1.570796 225.078935 -5.750000 284.044903 25.118556 1.302499
DYNAMIC_OBS_INFO 1 -1.750000 52.703407 1.570796 74.447844 -1.750000 133.332049 7.236654 0.206623
STATIC_OBS_INFO 0 -6.300000 65.289636 6.409702 
STATIC_OBS_INFO 1 -6.300000 65.207506 6.328696 
Parent: -15.222762 0.033477 2.000000 20.000032 0.300000 0.000000 -10.000000 0.437447 6.000000 0.000000 0 0 0 0 1 0 0 0
EGO_STATUS -5.249987 58.966523 15.100000 1.570872 0.076528 4.000000 0.000000
DYNAMIC_OBS_INFO 0 -5.750000 53.797704 1.570796 227.589644 -5.750000 286.563271 25.248806 1.302499
DYNAMIC_OBS_INFO 1 -1.750000 52.703407 1.570796 75.164104 -1.750000 134.056748 7.257316 0.206623
STATIC_OBS_INFO 0 -6.300000 65.289636 6.402153 
STATIC_OBS_INFO 1 -6.300000 65.207506 6.321149 
Parent: -15.400438 0.025824 2.000000 20.000025 0.300000 0.000000 -10.000000 0.337447 6.000000 0.000000 0 0 0 0 1 0 0 0
EGO_STATUS -5.249987 58.974176 15.200000 1.570855 0.076528 4.000000 0.000000
DYNAMIC_OBS_INFO 0 -5.750000 53.797704 1.570796 230.113379 -5.750000 289.094664 25.379056 1.302499
DYNAMIC_OBS_INFO 1 -1.750000 52.703407 1.570796 75.882443 -1.750000 134.783513 7.277978 0.206623
STATIC_OBS_INFO 0 -6.300000 65.289636 6.394604 
STATIC_OBS_INFO 1 -6.300000 65.207506 6.313603 
Parent: -15.578114 0.018171 2.000000 20.000017 0.300000 0.000000 -10.000000 0.237447 6.000000 0.000000 0 0 0 0 1 0 0 0
EGO_STATUS -5.249988 58.981829 15.300000 1.570838 0.076528 4.000000 0.000000
DYNAMIC_OBS_INFO 0 -5.750000 53.797704 1.570796 232.650138 -5.750000 291.639082 25.509306 1.302499
DYNAMIC_OBS_INFO 1 -1.750000 52.703407 1.570796 76.602861 -1.750000 135.512344 7.298641 0.206623
STATIC_OBS_INFO 0 -6.300000 65.289636 6.387055 
STATIC_OBS_INFO 1 -6.300000 65.207506 6.306057 
Parent: -15.755790 0.010519 2.000000 20.000010 0.300000 0.000000 -10.000000 0.137447 6.000000 0.000000 0 0 0 0 1 0 0 0
EGO_STATUS -5.249988 58.989481 15.400000 1.570820 0.076528 4.000000 0.000000
DYNAMIC_OBS_INFO 0 -5.750000 53.797704 1.570796 235.199923 -5.750000 294.196525 25.639556 1.302499
DYNAMIC_OBS_INFO 1 -1.750000 52.703407 1.570796 77.325357 -1.750000 136.243241 7.319303 0.206623
STATIC_OBS_INFO 0 -6.300000 65.289636 6.379506 
STATIC_OBS_INFO 1 -6.300000 65.207506 6.298511 
TIMEOUT
