STATIC_OBS_INIT_INFO 0 -6.300000 65.067740
STATIC_OBS_INIT_INFO 1 -6.300000 65.538498
Parent: -28.632881 10.000000 101.000000 0.000000 15.150000 17.454209 -10.000000 2.412910 40.000000 0.000000 0 0 0 0 0 0 0 0
Child: 17.454209 24.409682 246.000000 9.382644 267.300000 0.000000 -10.000000 0.000000 0.000000 0.000000 0 0 0 0 0 0 0 0
EGO_STATUS -5.750000 14.599092 0.000000 1.570796 14.260654 4.000000 0.000000
DYNAMIC_OBS_INFO 0 -5.750000 53.550097 1.570796 37.524940 -5.750000 53.550097 6.390917 1.270915
DYNAMIC_OBS_INFO 1 -1.750000 43.355545 1.570796 27.621550 -1.750000 43.355545 4.370890 0.202087
STATIC_OBS_INFO 0 -6.300000 65.067740 49.045667 
STATIC_OBS_INFO 1 -6.300000 65.538498 49.516395 
Parent: -46.829982 10.000000 101.000000 0.000000 15.150000 6.655877 -10.000000 3.014141 48.000000 0.000000 0 0 0 0 0 0 0 0
Child: 6.655877 10.000000 101.000000 0.000000 15.150000 15.155877 -10.000000 0.000000 0.000000 0.000000 0 0 0 0 0 0 0 0
Child: 15.155877 22.983616 231.000000 9.382609 243.450000 0.000000 -10.000000 0.000000 0.000000 0.000000 0 0 0 0 0 0 0 0
EGO_STATUS -5.749993 16.025157 0.100000 1.570774 14.260654 4.000000 0.000000
DYNAMIC_OBS_INFO 0 -5.750000 53.550097 1.570796 36.744321 -5.750000 54.195543 6.518009 1.270915
DYNAMIC_OBS_INFO 1 -1.750000 43.355545 1.570796 26.211303 -1.750000 43.355545 4.370890 0.202087
STATIC_OBS_INFO 0 -6.300000 65.067740 47.619696 
STATIC_OBS_INFO 1 -6.300000 65.538498 48.090423 
Parent: -48.263506 10.000000 101.000000 0.000000 15.150000 4.322353 -10.000000 2.914141 47.000000 0.000000 0 0 0 0 0 0 0 0
Child: 4.322353 10.000000 101.000000 0.000000 15.150000 12.822353 -10.000000 0.000000 0.000000 0.000000 0 0 0 0 0 0 0 0
Child: 12.822353 21.557550 217.000000 9.381606 220.350000 0.000000 -10.000000 0.000000 0.000000 0.000000 0 0 0 0 0 0 0 0
EGO_STATUS -5.749812 17.451223 0.200000 1.570483 14.260654 4.000000 0.000000
DYNAMIC_OBS_INFO 0 -5.750000 53.550097 1.570796 35.976411 -5.750000 54.853699 6.645100 1.270915
DYNAMIC_OBS_INFO 1 -1.750000 43.355545 1.570796 24.802720 -1.750000 43.355545 4.370890 0.202087
STATIC_OBS_INFO 0 -6.300000 65.067740 46.193742 
STATIC_OBS_INFO 1 -6.300000 65.538498 46.664467 
Parent: -49.783542 10.000000 101.000000 0.000000 15.150000 1.902317 -10.000000 2.814141 46.000000 0.000000 0 0 0 0 0 0 0 0
Child: 1.902317 10.000000 101.000000 0.000000 15.150000 10.402317 -10.000000 0.000000 0.000000 0.000000 0 0 0 0 0 0 0 0
Child: 10.402317 20.131485 203.000000 9.380991 196.350000 0.000000 -10.000000 0.000000 0.000000 0.000000 0 0 0 0 0 0 0 0
EGO_STATUS -5.748728 18.877287 0.300000 1.569414 14.260654 4.000000 0.000000
DYNAMIC_OBS_INFO 0 -5.750000 53.550097 1.570796 35.221215 -5.750000 55.524563 6.772192 1.270915
DYNAMIC_OBS_INFO 1 -1.750000 43.355545 1.570796 23.395847 -1.750000 43.355545 4.370890 0.202087
STATIC_OBS_INFO 0 -6.300000 65.067740 44.767829 
STATIC_OBS_INFO 1 -6.300000 65.538498 45.238551 
Parent: -50.210693 10.000000 101.000000 0.000000 15.150000 -0.424834 -10.000000 2.714141 44.000000 0.000000 0 0 0 0 0 0 0 0
Child: -0.424834 10.000000 101.000000 0.000000 15.150000 8.075166 -10.000000 0.000000 0.000000 0.000000 0 0 0 0 0 0 0 0
Child: 8.075166 18.705420 189.000000 9.381900 173.250000 0.000000 -10.000000 0.000000 0.000000 0.000000 0 0 0 0 0 0 0 0
EGO_STATUS -5.745235 20.303348 0.400000 1.567026 14.260654 4.000000 0.000000
DYNAMIC_OBS_INFO 0 -5.750000 53.550097 1.570796 34.478750 -5.750000 56.208137 6.899283 1.270915
DYNAMIC_OBS_INFO 1 -1.750000 43.355545 1.570796 21.990634 -1.750000 43.355545 4.370890 0.202087
STATIC_OBS_INFO 0 -6.300000 65.067740 43.342005 
STATIC_OBS_INFO 1 -6.300000 65.538498 43.812723 
Parent: -51.617765 10.000000 101.000000 0.000000 15.150000 -2.731906 -10.000000 2.614141 43.000000 0.000000 0 0 0 0 0 0 0 0
Child: -2.731906 10.000000 101.000000 0.000000 15.150000 5.768094 -10.000000 0.000000 0.000000 0.000000 0 0 0 0 0 0 0 0
Child: 5.768094 17.279355 174.000000 9.381877 149.400000 0.000000 -10.000000 0.000000 0.000000 0.000000 0 0 0 0 0 0 0 0
EGO_STATUS -5.737157 21.729390 0.500000 1.562943 14.260654 4.000000 0.000000
DYNAMIC_OBS_INFO 0 -5.750000 53.550097 1.570796 33.749059 -5.750000 56.904420 7.026375 1.270915
DYNAMIC_OBS_INFO 1 -1.750000 43.355545 1.570796 20.586977 -1.750000 43.355545 4.370890 0.202087
STATIC_OBS_INFO 0 -6.300000 65.067740 41.916353 
STATIC_OBS_INFO 1 -6.300000 65.538498 42.387067 
Parent: -52.071903 10.000000 101.000000 0.000000 15.150000 -5.086044 -10.000000 2.514141 41.000000 0.000000 0 0 0 0 0 0 0 0
Child: -5.086044 10.000000 101.000000 0.000000 15.150000 3.413956 -10.000000 0.000000 0.000000 0.000000 0 0 0 0 0 0 0 0
Child: 3.413956 15.853290 160.000000 9.380920 126.000000 0.000000 -10.000000 0.000000 0.000000 0.000000 0 0 0 0 0 0 0 0
EGO_STATUS -5.721982 23.155372 0.600000 1.557092 14.260654 4.000000 0.000000
DYNAMIC_OBS_INFO 0 -5.750000 53.550097 1.570796 33.032232 -5.750000 57.613412 7.153466 1.270915
DYNAMIC_OBS_INFO 1 -1.750000 43.355545 1.570796 19.184807 -1.750000 43.355545 4.370890 0.202087
STATIC_OBS_INFO 0 -6.300000 65.067740 40.491003 
STATIC_OBS_INFO 1 -6.300000 65.538498 40.961709 
Parent: -53.520280 10.000000 101.000000 0.000000 15.150000 -7.434421 -10.000000 2.414141 40.000000 0.000000 0 0 0 0 0 0 0 0
Child: -7.434421 10.000000 101.000000 0.000000 15.150000 1.065579 -10.000000 0.000000 0.000000 0.000000 0 0 0 0 0 0 0 0
Child: 1.065579 14.427225 146.000000 9.380968 102.600000 0.000000 -10.000000 0.000000 0.000000 0.000000 0 0 0 0 0 0 0 0
EGO_STATUS -5.697358 24.581222 0.700000 1.549773 14.260654 4.000000 0.000000
DYNAMIC_OBS_INFO 0 -5.750000 53.550097 1.570796 32.328398 -5.750000 58.335113 7.280558 1.270915
DYNAMIC_OBS_INFO 1 -1.750000 43.355545 1.570796 17.784224 -1.750000 43.355545 4.370890 0.202087
STATIC_OBS_INFO 0 -6.300000 65.067740 39.066119 
STATIC_OBS_INFO 1 -6.300000 65.538498 39.536815 
Parent: -37.952404 10.000000 101.000000 20.000000 15.150000 2.648175 -10.000000 3.919223 38.000000 0.000000 0 0 0 1 0 0 0 0
Child: 2.648175 10.000000 101.000000 20.000000 15.150000 -0.832023 0.000000 0.000000 0.000000 0.000000 0 0 0 1 0 0 0 0
Child: -0.832023 13.001159 132.000000 9.381922 83.700000 0.000000 -10.000000 0.000000 0.000000 0.000000 0 0 0 0 0 0 0 0
EGO_STATUS -5.661640 26.006836 0.800000 1.541676 14.260654 4.000000 0.000000
DYNAMIC_OBS_INFO 0 -5.750000 53.550097 1.570796 31.637698 -5.750000 59.069523 7.407649 1.270915
DYNAMIC_OBS_INFO 1 -1.750000 43.355545 1.570796 16.385644 -1.750000 43.355545 4.370890 0.202087
STATIC_OBS_INFO 0 -6.300000 65.067740 37.641868 
STATIC_OBS_INFO 1 -6.300000 65.538498 38.112549 
Parent: -38.955588 10.000000 101.000000 20.000000 15.150000 0.744991 -10.000000 3.819223 37.000000 0.000000 0 0 0 1 0 0 0 0
Child: 0.744991 10.000000 101.000000 20.000000 15.150000 -2.735207 0.000000 0.000000 0.000000 0.000000 0 0 0 1 0 0 0 0
Child: -2.735207 11.575094 117.000000 9.381867 64.050000 0.000000 -10.000000 0.000000 0.000000 0.000000 0 0 0 0 0 0 0 0
EGO_STATUS -5.614418 27.432116 0.900000 1.533827 14.260654 4.000000 0.000000
DYNAMIC_OBS_INFO 0 -5.750000 53.550097 1.570796 30.960226 -5.750000 59.816643 7.534741 1.270915
DYNAMIC_OBS_INFO 1 -1.750000 43.355545 1.570796 15.414132 -1.750000 43.793644 4.391098 0.202087
STATIC_OBS_INFO 0 -6.300000 65.067740 36.218344 
STATIC_OBS_INFO 1 -6.300000 65.538498 36.689004 
Parent: -39.651639 10.000000 101.000000 20.000000 15.150000 -0.851060 -10.000000 3.719223 36.000000 0.000000 0 0 0 1 0 0 0 0
Child: -0.851060 10.000000 101.000000 20.000000 15.150000 -4.331258 0.000000 0.000000 0.000000 0.000000 0 0 0 1 0 0 0 0
Child: -4.331258 10.149029 103.000000 9.380667 48.150000 0.000000 -10.000000 0.000000 0.000000 0.000000 0 0 0 0 0 0 0 0
EGO_STATUS -5.556928 28.857019 1.000000 1.527482 14.260654 4.000000 0.000000
DYNAMIC_OBS_INFO 0 -5.750000 53.550097 1.570796 30.295951 -5.750000 60.576472 7.661832 1.270915
DYNAMIC_OBS_INFO 1 -1.750000 43.355545 1.570796 14.445307 -1.750000 44.233764 4.411307 0.202087
STATIC_OBS_INFO 0 -6.300000 65.067740 34.795500 
STATIC_OBS_INFO 1 -6.300000 65.538498 35.266132 
Parent: -39.251950 10.000000 101.000000 20.000000 15.150000 -2.351371 -10.000000 3.619223 34.000000 0.000000 0 0 0 1 0 0 0 0
Child: -2.351371 10.000000 101.000000 20.000000 15.150000 -5.831569 0.000000 0.000000 0.000000 0.000000 0 0 0 1 0 0 0 0
Child: -5.831569 8.722963 89.000000 9.380315 33.150000 0.000000 -10.000000 0.000000 0.000000 0.000000 0 0 0 0 0 0 0 0
EGO_STATUS -5.492255 30.281617 1.100000 1.523952 14.260654 4.000000 0.000000
DYNAMIC_OBS_INFO 0 -5.750000 53.550097 1.570796 29.644681 -5.750000 61.349009 7.788924 1.270915
DYNAMIC_OBS_INFO 1 -1.750000 43.355545 1.570796 13.480474 -1.750000 44.675906 4.431516 0.202087
STATIC_OBS_INFO 0 -6.300000 65.067740 33.373098 
STATIC_OBS_INFO 1 -6.300000 65.538498 33.843697 
Parent: -39.376844 10.000000 101.000000 20.000000 15.150000 -3.376266 -10.000000 3.519223 33.000000 0.000000 0 0 0 1 0 0 0 0
Child: -3.376266 10.000000 101.000000 20.000000 15.150000 -6.856464 0.000000 0.000000 0.000000 0.000000 0 0 0 1 0 0 0 0
Child: -6.856464 7.296897 74.000000 9.379534 22.500000 0.000000 -10.000000 0.000000 0.000000 0.000000 0 0 0 0 0 0 0 0
EGO_STATUS -5.425257 31.706108 1.200000 1.524372 14.260654 4.000000 0.000000
DYNAMIC_OBS_INFO 0 -5.750000 53.550097 1.570796 29.006078 -5.750000 62.134256 7.916016 1.270915
DYNAMIC_OBS_INFO 1 -1.750000 43.355545 1.570796 12.521602 -1.750000 45.120068 4.451725 0.202087
STATIC_OBS_INFO 0 -6.300000 65.067740 31.950736 
STATIC_OBS_INFO 1 -6.300000 65.538498 32.421294 
Parent: -38.293926 10.000000 101.000000 20.000000 15.150000 -4.193347 -10.000000 3.419223 31.000000 0.000000 0 0 0 1 0 0 0 0
Child: -4.193347 10.000000 101.000000 20.000000 15.150000 -7.673545 0.000000 0.000000 0.000000 0.000000 0 0 0 1 0 0 0 0
Child: -7.673545 5.870832 60.000000 9.376405 14.400000 0.000000 -10.000000 0.000000 0.000000 0.000000 0 0 0 0 0 0 0 0
EGO_STATUS -5.362107 33.130773 1.300000 1.529403 14.260654 4.000000 0.000000
DYNAMIC_OBS_INFO 0 -5.750000 53.550097 1.570796 28.379776 -5.750000 62.932213 8.043107 1.270915
DYNAMIC_OBS_INFO 1 -1.750000 43.355545 1.570796 11.571427 -1.750000 45.566251 4.471933 0.202087
STATIC_OBS_INFO 0 -6.300000 65.067740 30.527959 
STATIC_OBS_INFO 1 -6.300000 65.538498 30.998473 
Parent: -38.032175 10.000000 101.000000 20.000000 15.150000 -4.831597 -10.000000 3.319223 30.000000 0.000000 0 0 0 1 0 0 0 0
Child: -4.831597 10.000000 101.000000 20.000000 15.150000 -8.311795 0.000000 0.000000 0.000000 0.000000 0 0 0 1 0 0 0 0
Child: -8.311795 4.444766 46.000000 9.371660 8.100000 0.000000 -10.000000 0.000000 0.000000 0.000000 0 0 0 0 0 0 0 0
EGO_STATUS -5.309378 34.555857 1.400000 1.538877 14.260654 4.000000 0.000000
DYNAMIC_OBS_INFO 0 -5.750000 53.550097 1.570796 27.765545 -5.750000 63.742878 8.170199 1.270915
DYNAMIC_OBS_INFO 1 -1.750000 43.355545 1.570796 10.633434 -1.750000 46.014454 4.492142 0.202087
STATIC_OBS_INFO 0 -6.300000 65.067740 29.104442 
STATIC_OBS_INFO 1 -6.300000 65.538498 29.574911 
Parent: -37.483571 10.000000 101.000000 20.000000 15.150000 -5.182992 -10.000000 3.219223 29.000000 0.000000 0 0 0 1 0 0 0 0
Child: -5.182992 10.000000 101.000000 20.000000 15.150000 -8.663190 0.000000 0.000000 0.000000 0.000000 0 0 0 1 0 0 0 0
Child: -8.663190 3.018701 32.000000 9.370970 4.800000 0.000000 -10.000000 0.000000 0.000000 0.000000 0 0 0 0 0 0 0 0
EGO_STATUS -5.272572 35.981438 1.500000 1.551381 14.260654 4.000000 0.000000
DYNAMIC_OBS_INFO 0 -5.750000 53.550097 1.570796 27.163408 -5.750000 64.566252 8.297290 1.270915
DYNAMIC_OBS_INFO 1 -1.750000 43.355545 1.570796 9.711481 -1.750000 46.464679 4.512351 0.202087
STATIC_OBS_INFO 0 -6.300000 65.067740 27.680137 
STATIC_OBS_INFO 1 -6.300000 65.538498 28.150564 
Parent: -35.962051 10.000000 101.000000 20.000000 15.150000 -5.561473 -10.000000 3.119223 27.000000 0.000000 0 0 0 1 0 0 0 0
Child: -5.561473 10.000000 101.000000 20.000000 15.150000 -9.041671 0.000000 0.000000 0.000000 0.000000 0 0 0 1 0 0 0 0
Child: -9.041671 1.592635 17.000000 7.679334 2.550000 0.000000 -10.000000 0.000000 0.000000 0.000000 0 0 0 0 0 0 0 0
EGO_STATUS -5.254009 37.407373 1.600000 1.563779 14.260654 4.000000 0.000000
DYNAMIC_OBS_INFO 0 -5.750000 53.550097 1.570796 26.573610 -5.750000 65.402336 8.424382 1.270915
DYNAMIC_OBS_INFO 1 -1.750000 43.355545 1.570796 8.808683 -1.750000 46.916924 4.532559 0.202087
STATIC_OBS_INFO 0 -6.300000 65.067740 26.255314 
STATIC_OBS_INFO 1 -6.300000 65.538498 26.725702 
Parent: -34.816010 10.000000 101.000000 20.000000 15.150000 -5.315431 -10.000000 3.019223 26.000000 0.000000 0 0 0 1 0 0 0 0
Child: -5.315431 10.000000 101.000000 20.000000 15.150000 -8.795629 0.000000 0.000000 0.000000 0.000000 0 0 0 1 0 0 0 0
Child: -8.795629 0.166570 3.000000 21.241267 0.450000 0.000000 -10.000000 0.000000 0.000000 0.000000 0 0 0 0 1 0 0 0
EGO_STATUS -5.250001 38.833430 1.700000 1.570690 14.260654 4.000000 0.000000
DYNAMIC_OBS_INFO 0 -5.750000 53.550097 1.570796 26.019407 -5.750000 66.251129 8.551473 1.270915
DYNAMIC_OBS_INFO 1 -1.750000 43.355545 1.570796 7.946914 -1.750000 47.371191 4.552768 0.202087
STATIC_OBS_INFO 0 -6.300000 65.067740 24.853403 
STATIC_OBS_INFO 1 -6.300000 65.538498 25.323749 
Parent: -34.316729 10.000000 101.000000 20.000000 15.150000 -6.716159 -10.000000 2.919232 24.000000 0.000000 0 0 0 1 0 0 0 0
Child: -6.716159 8.763474 89.000000 20.000000 13.350000 0.000000 -10.000000 0.000000 0.000000 0.000000 0 0 0 1 0 0 0 0
EGO_STATUS -5.250000 40.236526 1.800000 1.570796 13.741335 1.000000 -5.880000
DYNAMIC_OBS_INFO 0 -5.750000 53.550097 1.570796 25.536308 -5.750000 67.112630 8.678565 1.270915
DYNAMIC_OBS_INFO 1 -1.750000 43.355545 1.570796 7.160012 -1.750000 47.827478 4.572977 0.202087
STATIC_OBS_INFO 0 -6.300000 65.067740 23.509981 
STATIC_OBS_INFO 1 -6.300000 65.538498 23.980279 
Parent: -33.635430 10.000000 101.000000 20.000000 15.150000 -6.934872 -10.000000 2.819243 23.000000 0.000000 0 0 0 1 0 0 0 0
Child: -6.934872 7.418782 76.000000 20.000000 11.400000 0.000000 -10.000000 0.000000 0.000000 0.000000 0 0 0 1 0 0 0 0
EGO_STATUS -5.250000 41.581218 1.900000 1.570796 13.153335 1.000000 -5.880000
DYNAMIC_OBS_INFO 0 -5.750000 53.550097 1.570796 25.124688 -5.750000 67.986842 8.805656 1.270915
DYNAMIC_OBS_INFO 1 -1.750000 43.355545 1.570796 6.450725 -1.750000 48.285786 4.593186 0.202087
STATIC_OBS_INFO 0 -6.300000 65.067740 22.225427 
STATIC_OBS_INFO 1 -6.300000 65.538498 22.695671 
Parent: -32.933679 10.000000 101.000000 20.000000 15.150000 -7.133126 -10.000000 2.719249 22.000000 0.000000 0 0 0 1 0 0 0 0
Child: -7.133126 6.132871 63.000000 20.000000 9.450000 0.000000 -10.000000 0.000000 0.000000 0.000000 0 0 0 1 0 0 0 0
EGO_STATUS -5.250000 42.867129 2.000000 1.570796 12.565335 1.000000 -5.880000
DYNAMIC_OBS_INFO 0 -5.750000 53.550097 1.570796 24.784584 -5.750000 68.873762 8.932748 1.270915
DYNAMIC_OBS_INFO 1 -1.750000 43.355545 1.570796 5.821521 -1.750000 48.746115 4.613394 0.202087
STATIC_OBS_INFO 0 -6.300000 65.067740 20.999785 
STATIC_OBS_INFO 1 -6.300000 65.538498 21.469967 
Parent: -31.240841 10.000000 101.000000 20.000000 15.150000 -7.340299 -10.000000 2.619259 20.000000 0.000000 0 0 0 1 0 0 0 0
Child: -7.340299 4.905778 51.000000 20.000000 7.650000 0.000000 -10.000000 0.000000 0.000000 0.000000 0 0 0 1 0 0 0 0
EGO_STATUS -5.250000 44.094222 2.100000 1.570796 11.977335 1.000000 -5.880000
DYNAMIC_OBS_INFO 0 -5.750000 53.550097 1.570796 24.515984 -5.750000 69.773391 9.059839 1.270915
DYNAMIC_OBS_INFO 1 -1.750000 43.355545 1.570796 5.274523 -1.750000 49.208465 4.633603 0.202087
STATIC_OBS_INFO 0 -6.300000 65.067740 19.833047 
STATIC_OBS_INFO 1 -6.300000 65.538498 20.303161 
Parent: -30.523243 10.000000 101.000000 20.000000 15.150000 -7.522712 -10.000000 2.519272 19.000000 0.000000 0 0 0 1 0 0 0 0
Child: -7.522712 3.737494 39.000000 20.000000 5.850000 0.000000 -10.000000 0.000000 0.000000 0.000000 0 0 0 1 0 0 0 0
EGO_STATUS -5.250000 45.262506 2.200000 1.570796 11.389335 1.000000 -5.880000
DYNAMIC_OBS_INFO 0 -5.750000 53.550097 1.570796 24.318852 -5.750000 70.685730 9.186931 1.270915
DYNAMIC_OBS_INFO 1 -1.750000 43.355545 1.570796 4.810966 -1.750000 49.672836 4.653812 0.202087
STATIC_OBS_INFO 0 -6.300000 65.067740 18.725184 
STATIC_OBS_INFO 1 -6.300000 65.538498 19.195219 
Parent: -29.829197 10.000000 101.000000 20.000000 15.150000 -7.728673 -10.000000 2.419277 18.000000 0.000000 0 0 0 1 0 0 0 0
Child: -7.728673 2.627982 28.000000 20.000000 4.200000 0.000000 -10.000000 0.000000 0.000000 0.000000 0 0 0 1 0 0 0 0
EGO_STATUS -5.250000 46.372018 2.300000 1.570796 10.801335 1.000000 -5.880000
DYNAMIC_OBS_INFO 0 -5.750000 53.550097 1.570796 24.193263 -5.750000 71.610777 9.314022 1.270915
DYNAMIC_OBS_INFO 1 -1.750000 43.355545 1.570796 4.430533 -1.750000 50.139227 4.674021 0.202087
STATIC_OBS_INFO 0 -6.300000 65.067740 17.676272 
STATIC_OBS_INFO 1 -6.300000 65.538498 18.146220 
Parent: -29.108239 10.000000 101.000000 20.000000 15.150000 -7.907733 -10.000000 2.319295 17.000000 0.000000 0 0 0 1 0 0 0 0
Child: -7.907733 1.577319 17.000000 20.000000 2.550000 0.000000 -10.000000 0.000000 0.000000 0.000000 0 0 0 1 0 0 0 0
EGO_STATUS -5.250000 47.422681 2.400000 1.570796 10.213335 1.000000 -5.880000
DYNAMIC_OBS_INFO 0 -5.750000 53.550097 1.570796 24.139122 -5.750000 72.548534 9.441114 1.270915
DYNAMIC_OBS_INFO 1 -1.750000 43.355545 1.570796 4.130310 -1.750000 50.607640 4.694229 0.202087
STATIC_OBS_INFO 0 -6.300000 65.067740 16.686218 
STATIC_OBS_INFO 1 -6.300000 65.538498 17.156068 
Parent: -28.540092 10.000000 101.000000 20.000000 15.150000 -8.239592 -10.000000 2.219301 16.000000 0.000000 0 0 0 1 0 0 0 0
Child: -8.239592 0.585409 7.000000 20.000000 1.050000 0.000000 -10.000000 0.000000 0.000000 0.000000 0 0 0 1 0 0 0 0
EGO_STATUS -5.250000 48.414591 2.500000 1.570796 9.625335 1.000000 -5.880000
DYNAMIC_OBS_INFO 0 -5.750000 53.550097 1.570796 24.156540 -5.750000 73.499000 9.568205 1.270915
DYNAMIC_OBS_INFO 1 -1.750000 43.355545 1.570796 3.904410 -1.750000 51.078073 4.714438 0.202087
STATIC_OBS_INFO 0 -6.300000 65.067740 15.755132 
STATIC_OBS_INFO 1 -6.300000 65.538498 16.224874 
Parent: -19.448527 9.652365 98.000000 20.000000 14.700000 0.000000 -10.000000 2.133748 15.000000 0.000000 0 0 0 1 0 0 0 0
EGO_STATUS -5.250000 49.347635 2.600000 1.570796 9.037335 1.000000 -5.880000
DYNAMIC_OBS_INFO 0 -5.750000 53.550097 1.570796 24.245441 -5.750000 74.462175 9.695297 1.270915
DYNAMIC_OBS_INFO 1 -1.750000 43.355545 1.570796 3.743698 -1.750000 51.550528 4.734647 0.202087
STATIC_OBS_INFO 0 -6.300000 65.067740 14.882935 
STATIC_OBS_INFO 1 -6.300000 65.538498 15.352556 
Parent: -18.635308 8.778110 89.000000 20.000000 13.350000 0.000000 -10.000000 2.075366 14.000000 0.000000 0 0 0 1 0 0 0 0
EGO_STATUS -5.250000 50.221890 2.700000 1.570796 8.449335 1.000000 -5.880000
DYNAMIC_OBS_INFO 0 -5.750000 53.550097 1.570796 24.405821 -5.750000 75.438059 9.822389 1.270915
DYNAMIC_OBS_INFO 1 -1.750000 43.355545 1.570796 3.636679 -1.750000 52.025003 4.754855 0.202087
STATIC_OBS_INFO 0 -6.300000 65.067740 14.069614 
STATIC_OBS_INFO 1 -6.300000 65.538498 14.539102 
Parent: -17.816321 7.962639 81.000000 20.000000 12.150000 0.000000 -10.000000 2.023199 13.000000 0.000000 0 0 0 1 0 0 0 0
EGO_STATUS -5.250000 51.037361 2.800000 1.570796 7.861335 1.000000 -5.880000
DYNAMIC_OBS_INFO 0 -5.750000 53.550097 1.570796 24.637769 -5.750000 76.426653 9.949480 1.270915
DYNAMIC_OBS_INFO 1 -1.750000 43.355545 1.570796 3.570800 -1.750000 52.501499 4.775064 0.202087
STATIC_OBS_INFO 0 -6.300000 65.067740 13.315246 
STATIC_OBS_INFO 1 -6.300000 65.538498 13.784588 
Parent: -17.992739 7.206042 74.000000 20.000000 11.100000 0.000000 -10.000000 1.978775 13.000000 0.000000 0 0 0 1 0 0 0 0
EGO_STATUS -5.250000 51.793958 2.900000 1.570796 7.273335 1.000000 -5.880000
DYNAMIC_OBS_INFO 0 -5.750000 53.550097 1.570796 24.941090 -5.750000 77.427955 10.076572 1.270915
DYNAMIC_OBS_INFO 1 -1.750000 43.355545 1.570796 3.533876 -1.750000 52.980015 4.795273 0.202087
STATIC_OBS_INFO 0 -6.300000 65.067740 12.619619 
STATIC_OBS_INFO 1 -6.300000 65.538498 13.088804 
Parent: -17.136982 6.508122 67.000000 20.000000 10.050000 0.000000 -10.000000 1.944077 12.000000 0.000000 0 0 0 1 0 0 0 0
EGO_STATUS -5.250000 52.491878 3.000000 1.570796 6.685335 1.000000 -5.880000
DYNAMIC_OBS_INFO 0 -5.750000 53.550097 1.570796 25.316082 -5.750000 78.441967 10.203663 1.270915
DYNAMIC_OBS_INFO 1 -1.750000 43.355545 1.570796 3.515497 -1.750000 53.460553 4.815482 0.202087
STATIC_OBS_INFO 0 -6.300000 65.067740 11.983008 
STATIC_OBS_INFO 1 -6.300000 65.538498 12.452024 
Parent: -16.241222 5.869177 60.000000 20.000000 9.000000 0.000000 -10.000000 1.922009 11.000000 0.000000 0 0 0 1 0 0 0 0
EGO_STATUS -5.250000 53.130823 3.100000 1.570796 6.097335 1.000000 -5.880000
DYNAMIC_OBS_INFO 0 -5.750000 53.550097 1.570796 25.762536 -5.750000 79.468688 10.330755 1.270915
DYNAMIC_OBS_INFO 1 -1.750000 43.355545 1.570796 3.507688 -1.750000 53.943112 4.835690 0.202087
STATIC_OBS_INFO 0 -6.300000 65.067740 11.405172 
STATIC_OBS_INFO 1 -6.300000 65.538498 11.874009 
Parent: -16.331230 5.288996 54.000000 20.000000 8.100000 0.000000 -10.000000 1.916534 11.000000 0.000000 0 0 0 1 0 0 0 0
EGO_STATUS -5.250000 53.711004 3.200000 1.570796 5.509335 1.000000 -5.880000
DYNAMIC_OBS_INFO 0 -5.750000 53.550097 1.570796 26.280544 -5.750000 80.508118 10.457846 1.270915
DYNAMIC_OBS_INFO 1 -1.750000 43.355545 1.570796 3.505448 -1.750000 54.427691 4.855899 0.202087
STATIC_OBS_INFO 0 -6.300000 65.067740 10.886164 
STATIC_OBS_INFO 1 -6.300000 65.538498 11.354818 
Parent: -15.405241 4.767669 49.000000 20.000000 7.350000 0.000000 -10.000000 1.933622 10.000000 0.000000 0 0 0 1 0 0 0 0
EGO_STATUS -5.250000 54.232331 3.300000 1.570796 4.921335 1.000000 -5.880000
DYNAMIC_OBS_INFO 0 -5.750000 53.550097 1.570796 26.870210 -5.750000 81.560257 10.584938 1.270915
DYNAMIC_OBS_INFO 1 -1.750000 43.355545 1.570796 3.506882 -1.750000 54.914292 4.876108 0.202087
STATIC_OBS_INFO 0 -6.300000 65.067740 10.426047 
STATIC_OBS_INFO 1 -6.300000 65.538498 10.894514 
Parent: -15.458253 4.305300 45.000000 20.000000 6.750000 0.000000 -10.000000 1.982486 10.000000 0.000000 0 0 0 1 0 0 0 0
EGO_STATUS -5.250000 54.694700 3.400000 1.570796 4.333335 1.000000 -5.880000
DYNAMIC_OBS_INFO 0 -5.750000 53.550097 1.570796 27.531094 -5.750000 82.625106 10.712029 1.270915
DYNAMIC_OBS_INFO 1 -1.750000 43.355545 1.570796 3.513209 -1.750000 55.402913 4.896316 0.202087
STATIC_OBS_INFO 0 -6.300000 65.067740 10.024330 
STATIC_OBS_INFO 1 -6.300000 65.538498 10.492614 
Parent: -14.433822 3.901447 41.000000 20.000000 6.150000 0.000000 -10.000000 2.077816 9.000000 0.000000 0 0 0 1 0 0 0 0
EGO_STATUS -5.250000 55.098553 3.500000 1.570796 3.745335 1.000000 -5.880000
DYNAMIC_OBS_INFO 0 -5.750000 53.550097 1.570796 28.264133 -5.750000 83.702663 10.839121 1.270915
DYNAMIC_OBS_INFO 1 -1.750000 43.355545 1.570796 3.528887 -1.750000 55.893555 4.916525 0.202087
STATIC_OBS_INFO 0 -6.300000 65.067740 9.681891 
STATIC_OBS_INFO 1 -6.300000 65.538498 10.150001 
Parent: -14.297633 3.557047 37.000000 20.000000 5.550000 0.000000 -10.000000 2.246082 9.000000 0.000000 0 0 0 1 0 0 0 0
EGO_STATUS -5.250000 55.442953 3.600000 1.570796 3.157335 1.000000 -5.880000
DYNAMIC_OBS_INFO 0 -5.750000 53.550097 1.570796 29.068453 -5.750000 84.792930 10.966212 1.270915
DYNAMIC_OBS_INFO 1 -1.750000 43.355545 1.570796 3.561212 -1.750000 56.386218 4.936734 0.202087
STATIC_OBS_INFO 0 -6.300000 65.067740 9.397804 
STATIC_OBS_INFO 1 -6.300000 65.538498 9.865755 
Parent: -14.048582 3.271223 34.000000 20.000000 5.100000 0.000000 -10.000000 2.536486 9.000000 0.000000 0 0 0 1 0 0 0 0
EGO_STATUS -5.250000 55.728777 3.700000 1.570796 2.569335 1.000000 -5.880000
DYNAMIC_OBS_INFO 0 -5.750000 53.550097 1.570796 29.945324 -5.750000 85.895906 11.093304 1.270915
DYNAMIC_OBS_INFO 1 -1.750000 43.355545 1.570796 3.620462 -1.750000 56.880902 4.956943 0.202087
STATIC_OBS_INFO 0 -6.300000 65.067740 9.173274 
STATIC_OBS_INFO 1 -6.300000 65.538498 9.641089 
Parent: -13.581442 3.045244 32.000000 20.000000 4.800000 0.000000 -10.000000 3.058495 9.000000 0.000000 0 0 0 1 0 0 0 0
EGO_STATUS -5.250000 55.954756 3.800000 1.570796 1.981335 1.000000 -5.880000
DYNAMIC_OBS_INFO 0 -5.750000 53.550097 1.570796 30.895275 -5.750000 87.011591 11.220395 1.270915
DYNAMIC_OBS_INFO 1 -1.750000 43.355545 1.570796 3.718960 -1.750000 57.377606 4.977151 0.202087
STATIC_OBS_INFO 0 -6.300000 65.067740 9.008777 
STATIC_OBS_INFO 1 -6.300000 65.538498 9.476486 
Parent: -11.544303 2.879638 30.000000 20.000000 4.500000 0.000000 -10.000000 4.103992 8.000000 0.000000 0 0 0 1 0 0 0 0
EGO_STATUS -5.250000 56.120362 3.900000 1.570796 1.393335 1.000000 -5.880000
DYNAMIC_OBS_INFO 0 -5.750000 53.550097 1.570796 31.917533 -5.750000 88.139985 11.347487 1.270915
DYNAMIC_OBS_INFO 1 -1.750000 43.355545 1.570796 3.869416 -1.750000 57.876332 4.997360 0.202087
STATIC_OBS_INFO 0 -6.300000 65.067740 8.903502 
STATIC_OBS_INFO 1 -6.300000 65.538498 9.371139 
NO_CANDIDATE
EGO_STATUS -5.250000 56.226368 4.000000 1.570796 0.822914 1.000000 -5.880000
DYNAMIC_OBS_INFO 0 -5.750000 53.550097 1.570796 32.954019 -5.750000 89.281088 11.474578 1.270915
DYNAMIC_OBS_INFO 1 -1.750000 43.355545 1.570796 4.054257 -1.750000 58.377078 5.017569 0.202087
STATIC_OBS_INFO 0 -6.300000 65.067740 8.799746 
STATIC_OBS_INFO 1 -6.300000 65.538498 9.267311 
Parent: 134315.071008 10.000000 101.000000 20.000000 205166.350000 114042.616088 -10.000000 4.974722 38.000000 0.000000 0 0 1 0 0 0 0 0
Child: 114042.616088 23.759958 239.000000 893095.010505 254130.250000 2.306898 -10.000000 0.000000 0.000000 0.000000 1 0 1 0 0 0 0 89
Child: 2.306898 2.669138 28.000000 20.000000 4.200000 0.000000 0.000000 0.000000 0.000000 0.000000 0 0 1 0 0 0 0 0
EGO_STATUS -5.250000 56.330862 4.100000 1.570796 0.010000 1.000000 -5.880000
DYNAMIC_OBS_INFO 0 -5.750000 53.550097 1.570796 34.068863 -5.750000 90.434900 11.601670 1.270915
DYNAMIC_OBS_INFO 1 -1.750000 43.355545 1.570796 4.307064 -1.750000 58.879846 5.037777 0.202087
STATIC_OBS_INFO 0 -6.300000 65.067740 8.761181 
STATIC_OBS_INFO 1 -6.300000 65.538498 9.228718 
Parent: 132782.062917 10.000000 101.000000 20.000000 205711.750000 112455.622773 -10.000000 4.959946 38.000000 0.000000 0 0 1 0 0 0 0 0
Child: 112455.622773 25.041095 252.000000 843104.611979 288766.200000 -7.726675 -10.000000 0.000000 0.000000 0.000000 1 0 1 0 0 0 0 84
Child: -7.726675 2.630294 28.000000 20.000000 4.200000 0.000000 -10.000000 0.000000 0.000000 0.000000 0 0 1 0 0 0 0 0
EGO_STATUS -5.250000 56.369706 4.200000 1.570796 0.304000 0.000000 2.940000
DYNAMIC_OBS_INFO 0 -5.750000 53.550097 1.570796 35.178826 -5.750000 91.601422 11.728762 1.270915
DYNAMIC_OBS_INFO 1 -1.750000 43.355545 1.570796 4.582862 -1.750000 59.384634 5.057986 0.202087
STATIC_OBS_INFO 0 -6.300000 65.067740 8.705146 
STATIC_OBS_INFO 1 -6.300000 65.538498 9.172643 
Parent: 132781.977342 10.000000 101.000000 20.000000 205711.750000 112455.637960 -10.000000 4.859184 38.000000 0.000000 0 0 1 0 0 0 0 0
Child: 112455.637960 25.041095 252.000000 843104.570511 288766.200000 -7.707367 -10.000000 0.000000 0.000000 0.000000 1 0 1 0 0 0 0 84
Child: -7.707367 2.573850 27.000000 20.000000 4.050000 0.000000 -10.000000 0.000000 0.000000 0.000000 0 0 1 0 0 0 0 0
EGO_STATUS -5.250000 56.426150 4.300000 1.570796 0.598000 0.000000 2.940000
DYNAMIC_OBS_INFO 0 -5.750000 53.550097 1.570796 36.279427 -5.750000 92.780653 11.855853 1.270915
DYNAMIC_OBS_INFO 1 -1.750000 43.355545 1.570796 4.870341 -1.750000 59.891443 5.078195 0.202087
STATIC_OBS_INFO 0 -6.300000 65.067740 8.627204 
STATIC_OBS_INFO 1 -6.300000 65.538498 9.094643 
Parent: 134304.742250 10.000000 101.000000 20.000000 205166.350000 114032.589962 -10.000000 4.672090 38.000000 0.000000 0 0 1 0 0 0 0 0
Child: 114032.589962 23.759958 239.000000 893094.879619 254130.250000 -7.706217 -10.000000 0.000000 0.000000 0.000000 1 0 1 0 0 0 0 89
Child: -7.706217 2.495329 26.000000 20.000000 3.900000 0.000000 -10.000000 0.000000 0.000000 0.000000 0 0 1 0 0 0 0 0
EGO_STATUS -5.250000 56.504671 4.400000 1.570796 0.892000 0.000000 2.940000
DYNAMIC_OBS_INFO 0 -5.750000 53.550097 1.570796 37.367007 -5.750000 93.972593 11.982945 1.270915
DYNAMIC_OBS_INFO 1 -1.750000 43.355545 1.570796 5.159871 -1.750000 60.400273 5.098404 0.202087
STATIC_OBS_INFO 0 -6.300000 65.067740 8.523728 
STATIC_OBS_INFO 1 -6.300000 65.538498 8.991088 
Parent: -3.642897 2.391069 25.000000 0.000000 3.750000 0.000000 0.000000 3.998443 8.000000 0.000000 0 0 0 0 0 0 0 0
EGO_STATUS -5.250000 56.608931 4.500000 1.570796 1.186000 0.000000 2.940000
DYNAMIC_OBS_INFO 0 -5.750000 53.550097 1.570796 38.468554 -5.750000 95.177242 12.110036 1.270915
DYNAMIC_OBS_INFO 1 -1.750000 43.355545 1.570796 5.466550 -1.750000 60.911124 5.118612 0.202087
STATIC_OBS_INFO 0 -6.300000 65.067740 8.421516 
STATIC_OBS_INFO 1 -6.300000 65.538498 8.888795 
Parent: 134314.614171 10.000000 101.000000 20.000000 205166.350000 114042.476072 -10.000000 4.657900 38.000000 0.000000 0 0 1 0 0 0 0 0
Child: 114042.476072 23.759958 239.000000 893094.175145 254130.250000 2.249928 -10.000000 0.000000 0.000000 0.000000 1 0 1 0 0 0 0 89
Child: 2.249928 2.288063 24.000000 20.000000 3.600000 0.000000 0.000000 0.000000 0.000000 0.000000 0 0 1 0 0 0 0 0
EGO_STATUS -5.250000 56.711937 4.600000 1.570796 0.892000 3.000000 -2.940000
DYNAMIC_OBS_INFO 0 -5.750000 53.550097 1.570796 39.581561 -5.750000 96.394600 12.237128 1.270915
DYNAMIC_OBS_INFO 1 -1.750000 43.355545 1.570796 5.786346 -1.750000 61.423995 5.138821 0.202087
STATIC_OBS_INFO 0 -6.300000 65.067740 8.318080 
STATIC_OBS_INFO 1 -6.300000 65.538498 8.785273 
Parent: -4.020586 2.183803 23.000000 0.000000 3.450000 0.000000 0.000000 3.651844 8.000000 0.000000 0 0 0 0 0 0 0 0
EGO_STATUS -5.250000 56.816197 4.700000 1.570796 1.186000 0.000000 2.940000
DYNAMIC_OBS_INFO 0 -5.750000 53.550097 1.570796 40.708534 -5.750000 97.624667 12.364219 1.270915
DYNAMIC_OBS_INFO 1 -1.750000 43.355545 1.570796 6.119414 -1.750000 61.938888 5.159030 0.202087
STATIC_OBS_INFO 0 -6.300000 65.067740 8.215908 
STATIC_OBS_INFO 1 -6.300000 65.538498 8.683014 
Parent: -13.074141 2.080796 22.000000 0.000000 3.300000 0.000000 -10.000000 4.613739 8.000000 0.000000 0 0 0 0 0 0 0 0
EGO_STATUS -5.250000 56.919204 4.800000 1.570796 0.892000 3.000000 -2.940000
DYNAMIC_OBS_INFO 0 -5.750000 53.550097 1.570796 41.883840 -5.750000 98.867444 12.491311 1.270915
DYNAMIC_OBS_INFO 1 -1.750000 43.355545 1.570796 6.493249 -1.750000 62.455801 5.179238 0.202087
STATIC_OBS_INFO 0 -6.300000 65.067740 8.149080 
STATIC_OBS_INFO 1 -6.300000 65.538498 8.616127 
Parent: 44178.607763 10.000000 101.000000 20.000000 204651.250000 23957.470992 -10.000000 4.656573 38.000000 0.000000 0 0 1 0 0 0 0 0
Child: 23957.470992 22.646218 228.000000 23082.586661 218198.200000 2.132386 -10.000000 0.000000 0.000000 0.000000 1 0 1 0 0 0 0 2
Child: 2.132386 2.013411 22.000000 20.000000 3.300000 0.000000 0.000000 0.000000 0.000000 0.000000 0 0 1 0 0 0 0 0
EGO_STATUS -5.250000 56.986589 4.900000 1.570796 0.598000 3.000000 -2.940000
DYNAMIC_OBS_INFO 0 -5.750000 53.550097 1.570796 43.060723 -5.750000 100.122929 12.618402 1.270915
DYNAMIC_OBS_INFO 1 -1.750000 43.355545 1.570796 6.868310 -1.750000 62.974735 5.199447 0.202087
STATIC_OBS_INFO 0 -6.300000 65.067740 8.071220 
STATIC_OBS_INFO 1 -6.300000 65.538498 8.538197 
Parent: -2.419544 1.934890 21.000000 0.000000 3.150000 0.000000 0.000000 4.290222 7.000000 0.000000 0 0 0 0 0 0 0 0
EGO_STATUS -5.250000 57.065110 5.000000 1.570796 0.892000 0.000000 2.940000
DYNAMIC_OBS_INFO 0 -5.750000 53.550097 1.570796 44.261454 -5.750000 101.391124 12.745494 1.270915
DYNAMIC_OBS_INFO 1 -1.750000 43.355545 1.570796 7.262249 -1.750000 63.495691 5.219656 0.202087
STATIC_OBS_INFO 0 -6.300000 65.067740 8.004412 
STATIC_OBS_INFO 1 -6.300000 65.538498 8.471327 
Parent: 42193.058383 10.000000 101.000000 20.000000 204651.250000 21970.931835 -10.000000 4.646351 37.000000 0.000000 0 0 1 0 0 0 0 0
Child: 21970.931835 22.646218 228.000000 3082.142816 218198.200000 2.147631 -10.000000 0.000000 0.000000 0.000000 1 0 1 0 0 0 0 0
Child: 2.147631 1.867505 20.000000 20.000000 3.000000 0.000000 0.000000 0.000000 0.000000 0.000000 0 0 1 0 0 0 0 0
EGO_STATUS -5.250000 57.132495 5.100000 1.570796 0.598000 3.000000 -2.940000
DYNAMIC_OBS_INFO 0 -5.750000 53.550097 1.570796 45.463762 -5.750000 102.672028 12.872585 1.270915
DYNAMIC_OBS_INFO 1 -1.750000 43.355545 1.570796 7.654679 -1.750000 64.018667 5.239865 0.202087
STATIC_OBS_INFO 0 -6.300000 65.067740 7.926576 
STATIC_OBS_INFO 1 -6.300000 65.538498 8.393417 
Parent: -2.764947 1.788984 19.000000 0.000000 2.850000 0.000000 0.000000 3.966705 7.000000 0.000000 0 0 0 0 0 0 0 0
EGO_STATUS -5.250000 57.211016 5.200000 1.570796 0.892000 0.000000 2.940000
DYNAMIC_OBS_INFO 0 -5.750000 53.550097 1.570796 46.689918 -5.750000 103.965641 12.999677 1.270915
DYNAMIC_OBS_INFO 1 -1.750000 43.355545 1.570796 8.064369 -1.750000 64.543663 5.260073 0.202087
STATIC_OBS_INFO 0 -6.300000 65.067740 7.859790 
STATIC_OBS_INFO 1 -6.300000 65.538498 8.326566 
Parent: 37577.323136 10.000000 101.000000 20.000000 204105.850000 17409.272873 -10.000000 4.570065 37.000000 0.000000 0 0 1 0 0 0 0 0
Child: 17409.272873 21.712979 219.000000 3070.572976 172601.650000 2.070449 -10.000000 0.000000 0.000000 0.000000 1 0 1 0 0 0 0 0
Child: 2.070449 1.721599 19.000000 20.000000 2.850000 0.000000 0.000000 0.000000 0.000000 0.000000 0 0 1 0 0 0 0 0
EGO_STATUS -5.250000 57.278401 5.300000 1.570796 0.598000 3.000000 -2.940000
DYNAMIC_OBS_INFO 0 -5.750000 53.550097 1.570796 47.917650 -5.750000 105.271963 13.126768 1.270915
DYNAMIC_OBS_INFO 1 -1.750000 43.355545 1.570796 8.470660 -1.750000 65.070681 5.280282 0.202087
STATIC_OBS_INFO 0 -6.300000 65.067740 7.781980 
STATIC_OBS_INFO 1 -6.300000 65.538498 8.248677 
Parent: -3.110350 1.643078 18.000000 0.000000 2.700000 0.000000 0.000000 3.643188 7.000000 0.000000 0 0 0 0 0 0 0 0
EGO_STATUS -5.250000 57.356922 5.400000 1.570796 0.892000 0.000000 2.940000
DYNAMIC_OBS_INFO 0 -5.750000 53.550097 1.570796 49.169230 -5.750000 106.590995 13.253860 1.270915
DYNAMIC_OBS_INFO 1 -1.750000 43.355545 1.570796 8.893108 -1.750000 65.599720 5.300491 0.202087
STATIC_OBS_INFO 0 -6.300000 65.067740 7.715216 
STATIC_OBS_INFO 1 -6.300000 65.538498 8.181845 
Parent: 25326.088400 20.109224 203.000000 210032.652945 24205.950000 2154.585556 0.000000 4.776206 37.000000 0.000000 0 0 1 0 0 0 0 21
Child: 2154.585556 10.217552 104.000000 3048.296787 18962.800000 2.090110 -10.000000 0.000000 0.000000 0.000000 1 0 1 0 0 0 0 0
Child: 2.090110 1.575693 17.000000 20.000000 2.550000 0.000000 0.000000 0.000000 0.000000 0.000000 0 0 1 0 0 0 0 0
EGO_STATUS -5.250000 57.424307 5.500000 1.570796 0.598000 3.000000 -2.940000
DYNAMIC_OBS_INFO 0 -5.750000 53.550097 1.570796 50.422386 -5.750000 107.922735 13.380951 1.270915
DYNAMIC_OBS_INFO 1 -1.750000 43.355545 1.570796 9.310829 -1.750000 66.130779 5.320699 0.202087
STATIC_OBS_INFO 0 -6.300000 65.067740 7.637433 
STATIC_OBS_INFO 1 -6.300000 65.538498 8.103979 
Parent: -3.455753 1.497172 16.000000 0.000000 2.400000 0.000000 0.000000 3.319671 7.000000 0.000000 0 0 0 0 0 0 0 0
EGO_STATUS -5.250000 57.502828 5.600000 1.570796 0.892000 0.000000 2.940000
DYNAMIC_OBS_INFO 0 -5.750000 53.550097 1.570796 51.699390 -5.750000 109.267185 13.508043 1.270915
DYNAMIC_OBS_INFO 1 -1.750000 43.355545 1.570796 9.743942 -1.750000 66.663860 5.340908 0.202087
STATIC_OBS_INFO 0 -6.300000 65.067740 7.570694 
STATIC_OBS_INFO 1 -6.300000 65.538498 8.037167 
Parent: -12.082286 1.429787 16.000000 0.000000 2.400000 0.000000 -10.000000 4.703246 7.000000 0.000000 0 0 0 0 0 0 0 0
EGO_STATUS -5.250000 57.570213 5.700000 1.570796 0.598000 3.000000 -2.940000
DYNAMIC_OBS_INFO 0 -5.750000 53.550097 1.570796 53.026088 -5.750000 110.624344 13.635135 1.270915
DYNAMIC_OBS_INFO 1 -1.750000 43.355545 1.570796 10.216569 -1.750000 67.198961 5.361117 0.202087
STATIC_OBS_INFO 0 -6.300000 65.067740 7.540589 
STATIC_OBS_INFO 1 -6.300000 65.538498 8.007029 
Parent: 4523.406573 20.109224 203.000000 32.500682 24205.950000 2154.513223 0.000000 4.827185 37.000000 0.000000 0 0 1 0 0 0 0 0
Child: 2154.513223 10.217552 104.000000 3047.706645 18962.800000 2.075757 -10.000000 0.000000 0.000000 0.000000 1 0 1 0 0 0 0 0
Child: 2.075757 1.399387 15.000000 20.000000 2.250000 0.000000 0.000000 0.000000 0.000000 0.000000 0 0 1 0 0 0 0 0
EGO_STATUS -5.250000 57.600613 5.800000 1.570796 0.419248 3.000000 -2.940000
DYNAMIC_OBS_INFO 0 -5.750000 53.550097 1.570796 54.331240 -5.750000 111.994212 13.762226 1.270915
DYNAMIC_OBS_INFO 1 -1.750000 43.355545 1.570796 10.661671 -1.750000 67.736083 5.381326 0.202087
STATIC_OBS_INFO 0 -6.300000 65.067740 7.476565 
STATIC_OBS_INFO 1 -6.300000 65.538498 7.942932 
Parent: -3.108865 1.334727 15.000000 0.000000 2.250000 0.000000 0.000000 3.690926 7.000000 0.000000 0 0 0 0 0 0 0 0
EGO_STATUS -5.250000 57.665273 5.900000 1.570796 0.713248 0.000000 2.940000
DYNAMIC_OBS_INFO 0 -5.750000 53.550097 1.570796 55.677599 -5.750000 113.376789 13.889318 1.270915
DYNAMIC_OBS_INFO 1 -1.750000 43.355545 1.570796 11.138001 -1.750000 68.275226 5.401534 0.202087
STATIC_OBS_INFO 0 -6.300000 65.067740 7.440762 
STATIC_OBS_INFO 1 -6.300000 65.538498 7.907089 
Parent: 4523.329276 20.109224 203.000000 32.430958 24205.950000 2154.460795 0.000000 4.809224 37.000000 0.000000 0 0 1 0 0 0 0 0
Child: 2154.460795 10.217552 104.000000 3047.436409 18962.800000 2.049878 -10.000000 0.000000 0.000000 0.000000 1 0 1 0 0 0 0 0
Child: 2.049878 1.298565 14.000000 20.000000 2.100000 0.000000 0.000000 0.000000 0.000000 0.000000 0 0 1 0 0 0 0 0
EGO_STATUS -5.250000 57.701435 6.000000 1.570796 0.458937 3.000000 -2.940000
DYNAMIC_OBS_INFO 0 -5.750000 53.550097 1.570796 57.005204 -5.750000 114.772076 14.016409 1.270915
DYNAMIC_OBS_INFO 1 -1.750000 43.355545 1.570796 11.588503 -1.750000 68.816390 5.421743 0.202087
STATIC_OBS_INFO 0 -6.300000 65.067740 7.373816 
STATIC_OBS_INFO 1 -6.300000 65.538498 7.840063 
Parent: -3.588525 1.230935 14.000000 0.000000 2.100000 0.000000 0.000000 3.226835 7.000000 0.000000 0 0 0 0 0 0 0 0
EGO_STATUS -5.250000 57.769065 6.100000 1.570796 0.752937 0.000000 2.940000
DYNAMIC_OBS_INFO 0 -5.750000 53.550097 1.570796 58.375001 -5.750000 116.180071 14.143501 1.270915
DYNAMIC_OBS_INFO 1 -1.750000 43.355545 1.570796 12.070919 -1.750000 69.359575 5.441952 0.202087
STATIC_OBS_INFO 0 -6.300000 65.067740 7.336059 
STATIC_OBS_INFO 1 -6.300000 65.538498 7.802262 
Parent: -11.846257 1.192788 13.000000 0.000000 1.950000 0.000000 -10.000000 4.974825 7.000000 0.000000 0 0 0 0 0 0 0 0
EGO_STATUS -5.250000 57.807212 6.200000 1.570796 0.469530 3.000000 -2.940000
DYNAMIC_OBS_INFO 0 -5.750000 53.550097 1.570796 59.771679 -5.750000 117.600776 14.270592 1.270915
DYNAMIC_OBS_INFO 1 -1.750000 43.355545 1.570796 12.570666 -1.750000 69.904780 5.462160 0.202087
STATIC_OBS_INFO 0 -6.300000 65.067740 7.312331 
STATIC_OBS_INFO 1 -6.300000 65.538498 7.778504 
Parent: 2565.091182 10.000000 101.000000 0.000000 2600.750000 2339.954516 0.000000 4.636666 37.000000 0.000000 0 0 0 0 0 0 0 0
Child: 2339.954516 20.972423 211.000000 3057.489357 20565.150000 1.973494 -10.000000 0.000000 0.000000 0.000000 1 0 1 0 0 0 0 0
Child: 1.973494 1.168812 13.000000 20.000000 1.950000 0.000000 0.000000 0.000000 0.000000 0.000000 0 0 1 0 0 0 0 0
EGO_STATUS -5.250000 57.831188 6.300000 1.570796 0.359351 3.000000 -2.940000
DYNAMIC_OBS_INFO 0 -5.750000 53.550097 1.570796 61.144736 -5.750000 119.034190 14.397684 1.270915
DYNAMIC_OBS_INFO 1 -1.750000 43.355545 1.570796 13.039034 -1.750000 70.452007 5.482369 0.202087
STATIC_OBS_INFO 0 -6.300000 65.067740 7.252651 
STATIC_OBS_INFO 1 -6.300000 65.538498 7.718751 
Parent: -3.491593 1.108503 13.000000 0.000000 1.950000 0.000000 0.000000 3.342131 7.000000 0.000000 0 0 0 0 0 0 0 0
EGO_STATUS -5.250000 57.891497 6.400000 1.570796 0.653351 0.000000 2.940000
DYNAMIC_OBS_INFO 0 -5.750000 53.550097 1.570796 62.557646 -5.750000 120.480312 14.524775 1.270915
DYNAMIC_OBS_INFO 1 -1.750000 43.355545 1.570796 13.536882 -1.750000 71.001254 5.502578 0.202087
STATIC_OBS_INFO 0 -6.300000 65.067740 7.219835 
STATIC_OBS_INFO 1 -6.300000 65.538498 7.685893 
Parent: -12.059084 1.075335 12.000000 0.000000 1.800000 0.000000 -10.000000 4.779616 7.000000 0.000000 0 0 0 0 0 0 0 0
EGO_STATUS -5.250000 57.924665 6.500000 1.570796 0.439967 3.000000 -2.940000
DYNAMIC_OBS_INFO 0 -5.750000 53.550097 1.570796 63.993935 -5.750000 121.939145 14.651867 1.270915
DYNAMIC_OBS_INFO 1 -1.750000 43.355545 1.570796 14.048338 -1.750000 71.552522 5.522787 0.202087
STATIC_OBS_INFO 0 -6.300000 65.067740 7.197576 
STATIC_OBS_INFO 1 -6.300000 65.538498 7.663606 
Parent: 2556.902235 10.000000 101.000000 20.000000 2600.750000 2339.869786 -10.000000 4.552250 37.000000 0.000000 0 0 1 0 0 0 0 0
Child: 2339.869786 20.972423 211.000000 3057.249017 20565.150000 1.912653 -10.000000 0.000000 0.000000 0.000000 1 0 1 0 0 0 0 0
Child: 1.912653 1.052837 12.000000 20.000000 1.800000 0.000000 0.000000 0.000000 0.000000 0.000000 0 0 1 0 0 0 0 0
EGO_STATUS -5.250000 57.947163 6.600000 1.570796 0.343232 3.000000 -2.940000
DYNAMIC_OBS_INFO 0 -5.750000 53.550097 1.570796 65.406266 -5.750000 123.410686 14.778958 1.270915
DYNAMIC_OBS_INFO 1 -1.750000 43.355545 1.570796 14.527400 -1.750000 72.105812 5.542995 0.202087
STATIC_OBS_INFO 0 -6.300000 65.067740 7.139047 
STATIC_OBS_INFO 1 -6.300000 65.538498 7.605001 
Parent: -2.780429 0.993669 11.000000 0.000000 1.650000 0.000000 0.000000 3.070520 6.000000 0.000000 0 0 0 0 0 0 0 0
EGO_STATUS -5.250000 58.006331 6.700000 1.570796 0.637232 0.000000 2.940000
DYNAMIC_OBS_INFO 0 -5.750000 53.550097 1.570796 66.858113 -5.750000 124.894936 14.906050 1.270915
DYNAMIC_OBS_INFO 1 -1.750000 43.355545 1.570796 15.035472 -1.750000 72.661122 5.563204 0.202087
STATIC_OBS_INFO 0 -6.300000 65.067740 7.107039 
STATIC_OBS_INFO 1 -6.300000 65.538498 7.572950 
Parent: -11.528023 0.961307 11.000000 0.000000 1.650000 0.000000 -10.000000 4.327781 6.000000 0.000000 0 0 0 0 0 0 0 0
EGO_STATUS -5.250000 58.038693 6.800000 1.570796 0.434250 3.000000 -2.940000
DYNAMIC_OBS_INFO 0 -5.750000 53.550097 1.570796 68.332820 -5.750000 126.391896 15.033141 1.270915
DYNAMIC_OBS_INFO 1 -1.750000 43.355545 1.570796 15.556389 -1.750000 73.218452 5.583413 0.202087
STATIC_OBS_INFO 0 -6.300000 65.067740 7.085071 
STATIC_OBS_INFO 1 -6.300000 65.538498 7.550953 
Parent: 2557.807543 10.000000 101.000000 20.000000 2600.750000 2339.782321 -10.000000 4.545024 36.000000 0.000000 0 0 1 0 0 0 0 0
Child: 2339.782321 20.972423 211.000000 3057.016393 20565.150000 1.848309 -10.000000 0.000000 0.000000 0.000000 1 0 1 0 0 0 0 0
Child: 1.848309 0.939095 11.000000 20.000000 1.650000 0.000000 0.000000 0.000000 0.000000 0.000000 0 0 1 0 0 0 0 0
EGO_STATUS -5.250000 58.060905 6.900000 1.570796 0.340013 3.000000 -2.940000
DYNAMIC_OBS_INFO 0 -5.750000 53.550097 1.570796 69.783509 -5.750000 127.901565 15.160233 1.270915
DYNAMIC_OBS_INFO 1 -1.750000 43.355545 1.570796 16.044365 -1.750000 73.777804 5.603621 0.202087
STATIC_OBS_INFO 0 -6.300000 65.067740 7.026786 
STATIC_OBS_INFO 1 -6.300000 65.538498 7.492589 
Parent: -3.134637 0.880153 10.000000 0.000000 1.500000 0.000000 0.000000 2.733340 6.000000 0.000000 0 0 0 0 0 0 0 0
EGO_STATUS -5.250000 58.119847 7.000000 1.570796 0.634013 0.000000 2.940000
DYNAMIC_OBS_INFO 0 -5.750000 53.550097 1.570796 71.273649 -5.750000 129.423942 15.287325 1.270915
DYNAMIC_OBS_INFO 1 -1.750000 43.355545 1.570796 16.561194 -1.750000 74.339177 5.623830 0.202087
STATIC_OBS_INFO 0 -6.300000 65.067740 6.994948 
STATIC_OBS_INFO 1 -6.300000 65.538498 7.460707 
Parent: -12.045242 0.847953 10.000000 0.000000 1.500000 0.000000 -10.000000 3.827566 6.000000 0.000000 0 0 0 0 0 0 0 0
EGO_STATUS -5.250000 58.152047 7.100000 1.570796 0.433077 3.000000 -2.940000
DYNAMIC_OBS_INFO 0 -5.750000 53.550097 1.570796 72.786546 -5.750000 130.959029 15.414416 1.270915
DYNAMIC_OBS_INFO 1 -1.750000 43.355545 1.570796 17.090592 -1.750000 74.902570 5.644039 0.202087
STATIC_OBS_INFO 0 -6.300000 65.067740 6.973046 
STATIC_OBS_INFO 1 -6.300000 65.538498 7.438774 
Parent: -11.148486 0.825799 10.000000 0.000000 1.500000 0.000000 -10.000000 4.727644 6.000000 0.000000 0 0 0 0 0 0 0 0
EGO_STATUS -5.250000 58.174201 7.200000 1.570796 0.339349 3.000000 -2.940000
DYNAMIC_OBS_INFO 0 -5.750000 53.550097 1.570796 74.316839 -5.750000 132.506826 15.541508 1.270915
DYNAMIC_OBS_INFO 1 -1.750000 43.355545 1.570796 17.627283 -1.750000 75.467984 5.664248 0.202087
STATIC_OBS_INFO 0 -6.300000 65.067740 6.955779 
STATIC_OBS_INFO 1 -6.300000 65.538498 7.421482 
Parent: 2557.679195 10.000000 101.000000 20.000000 2600.750000 2339.644183 -10.000000 4.554815 36.000000 0.000000 0 0 1 0 0 0 0 0
Child: 2339.644183 20.972423 211.000000 3056.737289 20565.150000 1.737913 -10.000000 0.000000 0.000000 0.000000 1 0 1 0 0 0 0 0
Child: 1.737913 0.808332 10.000000 20.000000 1.500000 0.000000 0.000000 0.000000 0.000000 0.000000 0 0 1 0 0 0 0 0
EGO_STATUS -5.250000 58.191668 7.300000 1.570796 0.281820 3.000000 -2.940000
DYNAMIC_OBS_INFO 0 -5.750000 53.550097 1.570796 75.822372 -5.750000 134.067331 15.668599 1.270915
DYNAMIC_OBS_INFO 1 -1.750000 43.355545 1.570796 18.129860 -1.750000 76.035420 5.684456 0.202087
STATIC_OBS_INFO 0 -6.300000 65.067740 6.901474 
STATIC_OBS_INFO 1 -6.300000 65.538498 7.367100 
Parent: -3.314896 0.753393 9.000000 0.000000 1.350000 0.000000 0.000000 2.572095 6.000000 0.000000 0 0 0 0 0 0 0 0
EGO_STATUS -5.250000 58.246607 7.400000 1.570796 0.575820 0.000000 2.940000
DYNAMIC_OBS_INFO 0 -5.750000 53.550097 1.570796 77.366263 -5.750000 135.640545 15.795691 1.270915
DYNAMIC_OBS_INFO 1 -1.750000 43.355545 1.570796 18.660156 -1.750000 76.604876 5.704665 0.202087
STATIC_OBS_INFO 0 -6.300000 65.067740 6.872525 
STATIC_OBS_INFO 1 -6.300000 65.538498 7.338109 
Parent: -12.443986 0.724102 9.000000 0.000000 1.350000 0.000000 -10.000000 3.447399 6.000000 0.000000 0 0 0 0 0 0 0 0
EGO_STATUS -5.250000 58.275898 7.500000 1.570796 0.410086 3.000000 -2.940000
DYNAMIC_OBS_INFO 0 -5.750000 53.550097 1.570796 78.931150 -5.750000 137.226469 15.922782 1.270915
DYNAMIC_OBS_INFO 1 -1.750000 43.355545 1.570796 19.201136 -1.750000 77.176353 5.724874 0.202087
STATIC_OBS_INFO 0 -6.300000 65.067740 6.851769 
STATIC_OBS_INFO 1 -6.300000 65.538498 7.317322 
Parent: -11.710063 0.703097 9.000000 0.000000 1.350000 0.000000 -10.000000 4.184473 6.000000 0.000000 0 0 0 0 0 0 0 0
EGO_STATUS -5.250000 58.296903 7.600000 1.570796 0.326051 3.000000 -2.940000
DYNAMIC_OBS_INFO 0 -5.750000 53.550097 1.570796 80.512949 -5.750000 138.825102 16.049874 1.270915
DYNAMIC_OBS_INFO 1 -1.750000 43.355545 1.570796 19.748766 -1.750000 77.749850 5.745083 0.202087
STATIC_OBS_INFO 0 -6.300000 65.067740 6.835165 
STATIC_OBS_INFO 1 -6.300000 65.538498 7.300693 
Parent: -11.045992 0.686295 8.000000 0.000000 1.200000 0.000000 -10.000000 4.851063 6.000000 0.000000 0 0 0 0 0 0 0 0
EGO_STATUS -5.250000 58.313705 7.700000 1.570796 0.272946 3.000000 -2.940000
DYNAMIC_OBS_INFO 0 -5.750000 53.550097 1.570796 82.110114 -5.750000 140.436444 16.176965 1.270915
DYNAMIC_OBS_INFO 1 -1.750000 43.355545 1.570796 20.301494 -1.750000 78.325369 5.765291 0.202087
STATIC_OBS_INFO 0 -6.300000 65.067740 6.821186 
STATIC_OBS_INFO 1 -6.300000 65.538498 7.286694 
Parent: 2557.699462 10.000000 101.000000 20.000000 2600.750000 2339.659046 -10.000000 4.560218 36.000000 0.000000 0 0 1 0 0 0 0 0
Child: 2339.659046 20.972423 211.000000 3056.451412 20565.150000 1.781191 -10.000000 0.000000 0.000000 0.000000 1 0 1 0 0 0 0 0
Child: 1.781191 0.672147 8.000000 20.000000 1.200000 0.000000 0.000000 0.000000 0.000000 0.000000 0 0 1 0 0 0 0 0
EGO_STATUS -5.250000 58.327853 7.800000 1.570796 0.235746 3.000000 -2.940000
DYNAMIC_OBS_INFO 0 -5.750000 53.550097 1.570796 83.682237 -5.750000 142.060495 16.304057 1.270915
DYNAMIC_OBS_INFO 1 -1.750000 43.355545 1.570796 20.819462 -1.750000 78.902909 5.785500 0.202087
STATIC_OBS_INFO 0 -6.300000 65.067740 6.769910 
STATIC_OBS_INFO 1 -6.300000 65.538498 7.235340 
Parent: -3.608666 0.620248 8.000000 0.000000 1.200000 0.000000 0.000000 2.298296 6.000000 0.000000 0 0 0 0 0 0 0 0
EGO_STATUS -5.250000 58.379752 7.900000 1.570796 0.529746 0.000000 2.940000
DYNAMIC_OBS_INFO 0 -5.750000 53.550097 1.570796 85.291982 -5.750000 143.697255 16.431148 1.270915
DYNAMIC_OBS_INFO 1 -1.750000 43.355545 1.570796 21.364372 -1.750000 79.482469 5.805709 0.202087
STATIC_OBS_INFO 0 -6.300000 65.067740 6.743251 
STATIC_OBS_INFO 1 -6.300000 65.538498 7.208640 
Parent: -12.940849 0.593261 7.000000 0.000000 1.050000 0.000000 -10.000000 2.970162 6.000000 0.000000 0 0 0 0 0 0 0 0
EGO_STATUS -5.250000 58.406739 8.000000 1.570796 0.389481 3.000000 -2.940000
DYNAMIC_OBS_INFO 0 -5.750000 53.550097 1.570796 86.921450 -5.750000 145.346725 16.558240 1.270915
DYNAMIC_OBS_INFO 1 -1.750000 43.355545 1.570796 21.918585 -1.750000 80.064050 5.825917 0.202087
STATIC_OBS_INFO 0 -6.300000 65.067740 6.723521 
STATIC_OBS_INFO 1 -6.300000 65.538498 7.188879 
Parent: -12.371733 0.573287 7.000000 0.000000 1.050000 0.000000 -10.000000 3.542274 6.000000 0.000000 0 0 0 0 0 0 0 0
EGO_STATUS -5.250000 58.426713 8.100000 1.570796 0.313683 3.000000 -2.940000
DYNAMIC_OBS_INFO 0 -5.750000 53.550097 1.570796 88.567418 -5.750000 147.008903 16.685331 1.270915
DYNAMIC_OBS_INFO 1 -1.750000 43.355545 1.570796 22.478905 -1.750000 80.647653 5.846126 0.202087
STATIC_OBS_INFO 0 -6.300000 65.067740 6.707536 
STATIC_OBS_INFO 1 -6.300000 65.538498 7.172869 
Parent: -11.857907 0.557103 7.000000 0.000000 1.050000 0.000000 -10.000000 4.058527 6.000000 0.000000 0 0 0 0 0 0 0 0
EGO_STATUS -5.250000 58.442897 8.200000 1.570796 0.264535 3.000000 -2.940000
DYNAMIC_OBS_INFO 0 -5.750000 53.550097 1.570796 90.228553 -5.750000 148.683791 16.812423 1.270915
DYNAMIC_OBS_INFO 1 -1.750000 43.355545 1.570796 23.043999 -1.750000 81.233276 5.866335 0.202087
STATIC_OBS_INFO 0 -6.300000 65.067740 6.693979 
STATIC_OBS_INFO 1 -6.300000 65.538498 7.159290 
Parent: -11.382710 0.543376 7.000000 0.000000 1.050000 0.000000 -10.000000 4.535784 6.000000 0.000000 0 0 0 0 0 0 0 0
EGO_STATUS -5.250000 58.456624 8.300000 1.570796 0.229595 3.000000 -2.940000
DYNAMIC_OBS_INFO 0 -5.750000 53.550097 1.570796 91.904144 -5.750000 150.371388 16.939514 1.270915
DYNAMIC_OBS_INFO 1 -1.750000 43.355545 1.570796 23.613146 -1.750000 81.820920 5.886544 0.202087
STATIC_OBS_INFO 0 -6.300000 65.067740 6.682148 
STATIC_OBS_INFO 1 -6.300000 65.538498 7.147440 
Parent: -10.937396 0.531396 7.000000 0.000000 1.050000 0.000000 -10.000000 4.982894 6.000000 0.000000 0 0 0 0 0 0 0 0
EGO_STATUS -5.250000 58.468604 8.400000 1.570796 0.203288 3.000000 -2.940000
DYNAMIC_OBS_INFO 0 -5.750000 53.550097 1.570796 93.593761 -5.750000 152.071694 17.066606 1.270915
DYNAMIC_OBS_INFO 1 -1.750000 43.355545 1.570796 24.185903 -1.750000 82.410584 5.906752 0.202087
STATIC_OBS_INFO 0 -6.300000 65.067740 6.671616 
STATIC_OBS_INFO 1 -6.300000 65.538498 7.136892 
Parent: 2557.459405 10.000000 101.000000 20.000000 2600.750000 2339.412326 -10.000000 4.566880 36.000000 0.000000 0 0 1 0 0 0 0 0
Child: 2339.412326 20.972423 211.000000 3056.135055 20565.150000 1.565916 -10.000000 0.000000 0.000000 0.000000 1 0 1 0 0 0 0 0
Child: 1.565916 0.520732 7.000000 20.000000 1.050000 0.000000 0.000000 0.000000 0.000000 0.000000 0 0 1 0 0 0 0 0
EGO_STATUS -5.250000 58.479268 8.500000 1.570796 0.182675 3.000000 -2.940000
DYNAMIC_OBS_INFO 0 -5.750000 53.550097 1.570796 95.258206 -5.750000 153.784709 17.193698 1.270915
DYNAMIC_OBS_INFO 1 -1.750000 43.355545 1.570796 24.723449 -1.750000 83.002270 5.926961 0.202087
STATIC_OBS_INFO 0 -6.300000 65.067740 6.623678 
STATIC_OBS_INFO 1 -6.300000 65.538498 7.088876 
Parent: -3.988721 0.472185 6.000000 0.000000 0.900000 0.000000 0.000000 1.940451 6.000000 0.000000 0 0 0 0 0 0 0 0
EGO_STATUS -5.250000 58.527815 8.600000 1.570796 0.476675 0.000000 2.940000
DYNAMIC_OBS_INFO 0 -5.750000 53.550097 1.570796 96.959574 -5.750000 155.510433 17.320789 1.270915
DYNAMIC_OBS_INFO 1 -1.750000 43.355545 1.570796 25.287216 -1.750000 83.595977 5.947170 0.202087
STATIC_OBS_INFO 0 -6.300000 65.067740 6.599653 
STATIC_OBS_INFO 1 -6.300000 65.538498 7.064812 
Parent: -13.532220 0.447851 6.000000 0.000000 0.900000 0.000000 -10.000000 2.400602 6.000000 0.000000 0 0 0 0 0 0 0 0
EGO_STATUS -5.250000 58.552149 8.700000 1.570796 0.363116 3.000000 -2.940000
DYNAMIC_OBS_INFO 0 -5.750000 53.550097 1.570796 98.679329 -5.750000 157.248867 17.447881 1.270915
DYNAMIC_OBS_INFO 1 -1.750000 43.355545 1.570796 25.858857 -1.750000 84.191704 5.967378 0.202087
STATIC_OBS_INFO 0 -6.300000 65.067740 6.581236 
STATIC_OBS_INFO 1 -6.300000 65.538498 7.046364 
Parent: -13.141737 0.429195 6.000000 0.000000 0.900000 0.000000 -10.000000 2.793884 6.000000 0.000000 0 0 0 0 0 0 0 0
EGO_STATUS -5.250000 58.570805 8.800000 1.570796 0.297239 3.000000 -2.940000
DYNAMIC_OBS_INFO 0 -5.750000 53.550097 1.570796 100.415088 -5.750000 159.000009 17.574972 1.270915
DYNAMIC_OBS_INFO 1 -1.750000 43.355545 1.570796 26.436001 -1.750000 84.789452 5.987587 0.202087
STATIC_OBS_INFO 0 -6.300000 65.067740 6.566071 
STATIC_OBS_INFO 1 -6.300000 65.538498 7.031174 
Parent: -12.792262 0.413833 6.000000 0.000000 0.900000 0.000000 -10.000000 3.145663 6.000000 0.000000 0 0 0 0 0 0 0 0
EGO_STATUS -5.250000 58.586167 8.900000 1.570796 0.253114 3.000000 -2.940000
DYNAMIC_OBS_INFO 0 -5.750000 53.550097 1.570796 102.165762 -5.750000 160.763861 17.702064 1.270915
DYNAMIC_OBS_INFO 1 -1.750000 43.355545 1.570796 27.017563 -1.750000 85.389221 6.007796 0.202087
STATIC_OBS_INFO 0 -6.300000 65.067740 6.553085 
STATIC_OBS_INFO 1 -6.300000 65.538498 7.018166 
Parent: -12.472784 0.400678 6.000000 0.000000 0.900000 0.000000 -10.000000 3.467114 6.000000 0.000000 0 0 0 0 0 0 0 0
EGO_STATUS -5.250000 58.599322 9.000000 1.570796 0.221130 3.000000 -2.940000
DYNAMIC_OBS_INFO 0 -5.750000 53.550097 1.570796 103.930746 -5.750000 162.540422 17.829155 1.270915
DYNAMIC_OBS_INFO 1 -1.750000 43.355545 1.570796 27.602928 -1.750000 85.991011 6.028005 0.202087
STATIC_OBS_INFO 0 -6.300000 65.067740 6.541678 
STATIC_OBS_INFO 1 -6.300000 65.538498 7.006740 
Parent: -12.177116 0.389121 5.000000 0.000000 0.750000 0.000000 -10.000000 3.764516 6.000000 0.000000 0 0 0 0 0 0 0 0
EGO_STATUS -5.250000 58.610879 9.100000 1.570796 0.196731 3.000000 -2.940000
DYNAMIC_OBS_INFO 0 -5.750000 53.550097 1.570796 105.709659 -5.750000 164.329692 17.956247 1.270915
DYNAMIC_OBS_INFO 1 -1.750000 43.355545 1.570796 28.191713 -1.750000 86.594822 6.048213 0.202087
STATIC_OBS_INFO 0 -6.300000 65.067740 6.531476 
STATIC_OBS_INFO 1 -6.300000 65.538498 6.996520 
Parent: -11.901293 0.378785 5.000000 0.000000 0.750000 0.000000 -10.000000 4.041889 6.000000 0.000000 0 0 0 0 0 0 0 0
EGO_STATUS -5.250000 58.621215 9.200000 1.570796 0.177429 3.000000 -2.940000
DYNAMIC_OBS_INFO 0 -5.750000 53.550097 1.570796 107.502247 -5.750000 166.131671 18.083338 1.270915
DYNAMIC_OBS_INFO 1 -1.750000 43.355545 1.570796 28.783654 -1.750000 87.200654 6.068422 0.202087
STATIC_OBS_INFO 0 -6.300000 65.067740 6.522226 
STATIC_OBS_INFO 1 -6.300000 65.538498 6.987255 
Parent: -11.642556 0.369413 5.000000 0.000000 0.750000 0.000000 -10.000000 4.302032 6.000000 0.000000 0 0 0 0 0 0 0 0
EGO_STATUS -5.250000 58.630587 9.300000 1.570796 0.161739 3.000000 -2.940000
DYNAMIC_OBS_INFO 0 -5.750000 53.550097 1.570796 109.308330 -5.750000 167.946360 18.210430 1.270915
DYNAMIC_OBS_INFO 1 -1.750000 43.355545 1.570796 29.378563 -1.750000 87.808507 6.088631 0.202087
STATIC_OBS_INFO 0 -6.300000 65.067740 6.513751 
STATIC_OBS_INFO 1 -6.300000 65.538498 6.978766 
Parent: -11.398865 0.360826 5.000000 0.000000 0.750000 0.000000 -10.000000 4.547012 6.000000 0.000000 0 0 0 0 0 0 0 0
EGO_STATUS -5.250000 58.639174 9.400000 1.570796 0.148709 3.000000 -2.940000
DYNAMIC_OBS_INFO 0 -5.750000 53.550097 1.570796 111.127773 -5.750000 169.773757 18.337521 1.270915
DYNAMIC_OBS_INFO 1 -1.750000 43.355545 1.570796 29.976300 -1.750000 88.418380 6.108839 0.202087
STATIC_OBS_INFO 0 -6.300000 65.067740 6.505920 
STATIC_OBS_INFO 1 -6.300000 65.538498 6.970921 
Parent: -11.168650 0.352891 5.000000 0.000000 0.750000 0.000000 -10.000000 4.778417 6.000000 0.000000 0 0 0 0 0 0 0 0
EGO_STATUS -5.250000 58.647109 9.500000 1.570796 0.137702 3.000000 -2.940000
DYNAMIC_OBS_INFO 0 -5.750000 53.550097 1.570796 112.960476 -5.750000 171.613864 18.464613 1.270915
DYNAMIC_OBS_INFO 1 -1.750000 43.355545 1.570796 30.576756 -1.750000 89.030275 6.129048 0.202087
STATIC_OBS_INFO 0 -6.300000 65.067740 6.498632 
STATIC_OBS_INFO 1 -6.300000 65.538498 6.963620 
Parent: -10.950662 0.345506 5.000000 0.000000 0.750000 0.000000 -10.000000 4.997513 6.000000 0.000000 0 0 0 0 0 0 0 0
EGO_STATUS -5.250000 58.654494 9.600000 1.570796 0.128271 3.000000 -2.940000
DYNAMIC_OBS_INFO 0 -5.750000 53.550097 1.570796 114.806361 -5.750000 173.466680 18.591704 1.270915
DYNAMIC_OBS_INFO 1 -1.750000 43.355545 1.570796 31.179846 -1.750000 89.644190 6.149257 0.202087
STATIC_OBS_INFO 0 -6.300000 65.067740 6.491809 
STATIC_OBS_INFO 1 -6.300000 65.538498 6.956785 
Parent: 2557.268734 10.000000 101.000000 20.000000 2600.750000 2339.214010 -10.000000 4.574526 36.000000 0.000000 0 0 1 0 0 0 0 0
Child: 2339.214010 20.972423 211.000000 3055.757196 20565.150000 1.405157 -10.000000 0.000000 0.000000 0.000000 1 0 1 0 0 0 0 0
Child: 1.405157 0.338592 5.000000 20.000000 0.750000 0.000000 0.000000 0.000000 0.000000 0.000000 0 0 1 0 0 0 0 0
EGO_STATUS -5.250000 58.661408 9.700000 1.570796 0.120094 3.000000 -2.940000
DYNAMIC_OBS_INFO 0 -5.750000 53.550097 1.570796 116.627056 -5.750000 175.332205 18.718796 1.270915
DYNAMIC_OBS_INFO 1 -1.750000 43.355545 1.570796 31.747424 -1.750000 90.260126 6.169466 0.202087
STATIC_OBS_INFO 0 -6.300000 65.067740 6.447591 
STATIC_OBS_INFO 1 -6.300000 65.538498 6.912489 
Parent: -4.570489 0.293779 4.000000 0.000000 0.600000 0.000000 0.000000 1.385444 6.000000 0.000000 0 0 0 0 0 0 0 0
EGO_STATUS -5.250000 58.706221 9.800000 1.570796 0.414094 0.000000 2.940000
DYNAMIC_OBS_INFO 0 -5.750000 53.550097 1.570796 118.484069 -5.750000 177.210439 18.845887 1.270915
DYNAMIC_OBS_INFO 1 -1.750000 43.355545 1.570796 32.340606 -1.750000 90.878083 6.189674 0.202087
STATIC_OBS_INFO 0 -6.300000 65.067740 6.426670 
STATIC_OBS_INFO 1 -6.300000 65.538498 6.891532 
Parent: -14.348187 0.272575 4.000000 0.000000 0.600000 0.000000 -10.000000 1.610927 6.000000 0.000000 0 0 0 0 0 0 0 0
EGO_STATUS -5.250000 58.727425 9.900000 1.570796 0.328407 3.000000 -2.940000
DYNAMIC_OBS_INFO 0 -5.750000 53.550097 1.570796 120.358075 -5.750000 179.101383 18.972979 1.270915
DYNAMIC_OBS_INFO 1 -1.750000 43.355545 1.570796 32.940186 -1.750000 91.498061 6.209883 0.202087
STATIC_OBS_INFO 0 -6.300000 65.067740 6.409977 
STATIC_OBS_INFO 1 -6.300000 65.538498 6.874809 
Parent: -14.164633 0.255654 4.000000 0.000000 0.600000 0.000000 -10.000000 1.797019 6.000000 0.000000 0 0 0 0 0 0 0 0
EGO_STATUS -5.250000 58.744346 10.000000 1.570796 0.274532 3.000000 -2.940000
DYNAMIC_OBS_INFO 0 -5.750000 53.550097 1.570796 122.247485 -5.750000 181.005035 19.100071 1.270915
DYNAMIC_OBS_INFO 1 -1.750000 43.355545 1.570796 33.544580 -1.750000 92.120060 6.230092 0.202087
STATIC_OBS_INFO 0 -6.300000 65.067740 6.395943 
STATIC_OBS_INFO 1 -6.300000 65.538498 6.860750 
Parent: -14.008096 0.241428 4.000000 0.000000 0.600000 0.000000 -10.000000 1.955690 6.000000 0.000000 0 0 0 0 0 0 0 0
EGO_STATUS -5.250000 58.758572 10.100000 1.570796 0.236898 3.000000 -2.940000
DYNAMIC_OBS_INFO 0 -5.750000 53.550097 1.570796 124.151486 -5.750000 182.921397 19.227162 1.270915
DYNAMIC_OBS_INFO 1 -1.750000 43.355545 1.570796 34.152976 -1.750000 92.744079 6.250300 0.202087
STATIC_OBS_INFO 0 -6.300000 65.067740 6.383766 
STATIC_OBS_INFO 1 -6.300000 65.538498 6.848551 
Parent: -13.872482 0.229083 4.000000 0.000000 0.600000 0.000000 -10.000000 2.093156 6.000000 0.000000 0 0 0 0 0 0 0 0
EGO_STATUS -5.250000 58.770917 10.200000 1.570796 0.208888 3.000000 -2.940000
DYNAMIC_OBS_INFO 0 -5.750000 53.550097 1.570796 126.069597 -5.750000 184.850467 19.354254 1.270915
DYNAMIC_OBS_INFO 1 -1.750000 43.355545 1.570796 34.764890 -1.750000 93.370120 6.270509 0.202087
STATIC_OBS_INFO 0 -6.300000 65.067740 6.372971 
STATIC_OBS_INFO 1 -6.300000 65.538498 6.837736 
Parent: -13.754030 0.218138 4.000000 0.000000 0.600000 0.000000 -10.000000 2.213250 6.000000 0.000000 0 0 0 0 0 0 0 0
EGO_STATUS -5.250000 58.781862 10.300000 1.570796 0.187121 3.000000 -2.940000
DYNAMIC_OBS_INFO 0 -5.750000 53.550097 1.570796 128.001506 -5.750000 186.792247 19.481345 1.270915
DYNAMIC_OBS_INFO 1 -1.750000 43.355545 1.570796 35.380009 -1.750000 93.998181 6.290718 0.202087
STATIC_OBS_INFO 0 -6.300000 65.067740 6.363250 
STATIC_OBS_INFO 1 -6.300000 65.538498 6.827997 
Parent: -13.650174 0.208282 4.000000 0.000000 0.600000 0.000000 -10.000000 2.318584 6.000000 0.000000 0 0 0 0 0 0 0 0
EGO_STATUS -5.250000 58.791718 10.400000 1.570796 0.169663 3.000000 -2.940000
DYNAMIC_OBS_INFO 0 -5.750000 53.550097 1.570796 129.946998 -5.750000 188.746736 19.608437 1.270915
DYNAMIC_OBS_INFO 1 -1.750000 43.355545 1.570796 35.998114 -1.750000 94.628263 6.310927 0.202087
STATIC_OBS_INFO 0 -6.300000 65.067740 6.354390 
STATIC_OBS_INFO 1 -6.300000 65.538498 6.819121 
Parent: -13.559042 0.199299 3.000000 0.000000 0.450000 0.000000 -10.000000 2.411063 6.000000 0.000000 0 0 0 0 0 0 0 0
EGO_STATUS -5.250000 58.800701 10.500000 1.570796 0.155321 3.000000 -2.940000
DYNAMIC_OBS_INFO 0 -5.750000 53.550097 1.570796 131.905916 -5.750000 190.713935 19.735528 1.270915
DYNAMIC_OBS_INFO 1 -1.750000 43.355545 1.570796 36.619046 -1.750000 95.260366 6.331135 0.202087
STATIC_OBS_INFO 0 -6.300000 65.067740 6.346238 
STATIC_OBS_INFO 1 -6.300000 65.538498 6.810953 
Parent: -13.479202 0.191033 3.000000 0.000000 0.450000 0.000000 -10.000000 2.492143 6.000000 0.000000 0 0 0 0 0 0 0 0
EGO_STATUS -5.250000 58.808967 10.600000 1.570796 0.143308 3.000000 -2.940000
DYNAMIC_OBS_INFO 0 -5.750000 53.550097 1.570796 133.878144 -5.750000 192.693842 19.862620 1.270915
DYNAMIC_OBS_INFO 1 -1.750000 43.355545 1.570796 37.242685 -1.750000 95.894490 6.351344 0.202087
STATIC_OBS_INFO 0 -6.300000 65.067740 6.338678 
STATIC_OBS_INFO 1 -6.300000 65.538498 6.803380 
Parent: -13.409518 0.183368 3.000000 0.000000 0.450000 0.000000 -10.000000 2.562976 6.000000 0.000000 0 0 0 0 0 0 0 0
EGO_STATUS -5.250000 58.816632 10.700000 1.570796 0.133090 3.000000 -2.940000
DYNAMIC_OBS_INFO 0 -5.750000 53.550097 1.570796 135.863592 -5.750000 194.686459 19.989711 1.270915
DYNAMIC_OBS_INFO 1 -1.750000 43.355545 1.570796 37.868937 -1.750000 96.530635 6.371553 0.202087
STATIC_OBS_INFO 0 -6.300000 65.067740 6.331623 
STATIC_OBS_INFO 1 -6.300000 65.538498 6.796311 
Parent: -13.349067 0.176213 3.000000 0.000000 0.450000 0.000000 -10.000000 2.624501 6.000000 0.000000 0 0 0 0 0 0 0 0
EGO_STATUS -5.250000 58.823787 10.800000 1.570796 0.124283 3.000000 -2.940000
DYNAMIC_OBS_INFO 0 -5.750000 53.550097 1.570796 137.862190 -5.750000 196.691784 20.116803 1.270915
DYNAMIC_OBS_INFO 1 -1.750000 43.355545 1.570796 38.497730 -1.750000 97.168801 6.391761 0.202087
STATIC_OBS_INFO 0 -6.300000 65.067740 6.325002 
STATIC_OBS_INFO 1 -6.300000 65.538498 6.789678 
Parent: -13.297078 0.169499 3.000000 0.000000 0.450000 0.000000 -10.000000 2.677498 6.000000 0.000000 0 0 0 0 0 0 0 0
EGO_STATUS -5.250000 58.830501 10.900000 1.570796 0.116610 3.000000 -2.940000
DYNAMIC_OBS_INFO 0 -5.750000 53.550097 1.570796 139.873882 -5.750000 198.709819 20.243894 1.270915
DYNAMIC_OBS_INFO 1 -1.750000 43.355545 1.570796 39.129004 -1.750000 97.808987 6.411970 0.202087
STATIC_OBS_INFO 0 -6.300000 65.067740 6.318759 
STATIC_OBS_INFO 1 -6.300000 65.538498 6.783423 
Parent: -13.252897 0.163169 3.000000 0.000000 0.450000 0.000000 -10.000000 2.722627 6.000000 0.000000 0 0 0 0 0 0 0 0
EGO_STATUS -5.250000 58.836831 11.000000 1.570796 0.109861 3.000000 -2.940000
DYNAMIC_OBS_INFO 0 -5.750000 53.550097 1.570796 141.898620 -5.750000 200.740563 20.370986 1.270915
DYNAMIC_OBS_INFO 1 -1.750000 43.355545 1.570796 39.762709 -1.750000 98.451195 6.432179 0.202087
STATIC_OBS_INFO 0 -6.300000 65.067740 6.312850 
STATIC_OBS_INFO 1 -6.300000 65.538498 6.777503 
Parent: -13.215965 0.157176 3.000000 0.000000 0.450000 0.000000 -10.000000 2.760459 6.000000 0.000000 0 0 0 0 0 0 0 0
EGO_STATUS -5.250000 58.842824 11.100000 1.570796 0.103876 3.000000 -2.940000
DYNAMIC_OBS_INFO 0 -5.750000 53.550097 1.570796 143.936367 -5.750000 202.784016 20.498077 1.270915
DYNAMIC_OBS_INFO 1 -1.750000 43.355545 1.570796 40.398804 -1.750000 99.095423 6.452388 0.202087
STATIC_OBS_INFO 0 -6.300000 65.067740 6.307235 
STATIC_OBS_INFO 1 -6.300000 65.538498 6.771878 
Parent: -13.185792 0.151482 3.000000 0.000000 0.450000 0.000000 -10.000000 2.791486 6.000000 0.000000 0 0 0 0 0 0 0 0
EGO_STATUS -5.250000 58.848518 11.200000 1.570796 0.098531 3.000000 -2.940000
DYNAMIC_OBS_INFO 0 -5.750000 53.550097 1.570796 145.987090 -5.750000 204.840179 20.625169 1.270915
DYNAMIC_OBS_INFO 1 -1.750000 43.355545 1.570796 41.037255 -1.750000 99.741672 6.472596 0.202087
STATIC_OBS_INFO 0 -6.300000 65.067740 6.301884 
STATIC_OBS_INFO 1 -6.300000 65.538498 6.766517 
Parent: -13.161947 0.146055 3.000000 0.000000 0.450000 0.000000 -10.000000 2.816144 6.000000 0.000000 0 0 0 0 0 0 0 0
EGO_STATUS -5.250000 58.853945 11.300000 1.570796 0.093727 3.000000 -2.940000
DYNAMIC_OBS_INFO 0 -5.750000 53.550097 1.570796 148.050763 -5.750000 206.909050 20.752260 1.270915
DYNAMIC_OBS_INFO 1 -1.750000 43.355545 1.570796 41.678031 -1.750000 100.389942 6.492805 0.202087
STATIC_OBS_INFO 0 -6.300000 65.067740 6.296771 
STATIC_OBS_INFO 1 -6.300000 65.538498 6.761393 
Parent: -13.144050 0.140869 3.000000 0.000000 0.450000 0.000000 -10.000000 2.834820 6.000000 0.000000 0 0 0 0 0 0 0 0
EGO_STATUS -5.250000 58.859131 11.400000 1.570796 0.089385 3.000000 -2.940000
DYNAMIC_OBS_INFO 0 -5.750000 53.550097 1.570796 150.127363 -5.750000 208.990631 20.879352 1.270915
DYNAMIC_OBS_INFO 1 -1.750000 43.355545 1.570796 42.321108 -1.750000 101.040233 6.513014 0.202087
STATIC_OBS_INFO 0 -6.300000 65.067740 6.291871 
STATIC_OBS_INFO 1 -6.300000 65.538498 6.756484 
Parent: -13.131757 0.135900 3.000000 0.000000 0.450000 0.000000 -10.000000 2.847858 6.000000 0.000000 0 0 0 0 0 0 0 0
EGO_STATUS -5.250000 58.864100 11.500000 1.570796 0.085440 3.000000 -2.940000
DYNAMIC_OBS_INFO 0 -5.750000 53.550097 1.570796 152.216869 -5.750000 211.084921 21.006444 1.270915
DYNAMIC_OBS_INFO 1 -1.750000 43.355545 1.570796 42.966463 -1.750000 101.692545 6.533222 0.202087
STATIC_OBS_INFO 0 -6.300000 65.067740 6.287166 
STATIC_OBS_INFO 1 -6.300000 65.538498 6.751770 
Parent: -13.124761 0.131128 3.000000 0.000000 0.450000 0.000000 -10.000000 2.855570 6.000000 0.000000 0 0 0 0 0 0 0 0
EGO_STATUS -5.250000 58.868872 11.600000 1.570796 0.081840 3.000000 -2.940000
DYNAMIC_OBS_INFO 0 -5.750000 53.550097 1.570796 154.319265 -5.750000 213.191920 21.133535 1.270915
DYNAMIC_OBS_INFO 1 -1.750000 43.355545 1.570796 43.614077 -1.750000 102.346878 6.553431 0.202087
STATIC_OBS_INFO 0 -6.300000 65.067740 6.282638 
STATIC_OBS_INFO 1 -6.300000 65.538498 6.747234 
Parent: -13.122782 0.126536 3.000000 0.000000 0.450000 0.000000 -10.000000 2.858238 6.000000 0.000000 0 0 0 0 0 0 0 0
EGO_STATUS -5.250000 58.873464 11.700000 1.570796 0.078541 3.000000 -2.940000
DYNAMIC_OBS_INFO 0 -5.750000 53.550097 1.570796 156.434535 -5.750000 215.311628 21.260627 1.270915
DYNAMIC_OBS_INFO 1 -1.750000 43.355545 1.570796 44.263931 -1.750000 103.003231 6.573640 0.202087
STATIC_OBS_INFO 0 -6.300000 65.067740 6.278274 
STATIC_OBS_INFO 1 -6.300000 65.538498 6.742861 
Parent: -13.125565 0.122109 3.000000 0.000000 0.450000 0.000000 -10.000000 2.856118 6.000000 0.000000 0 0 0 0 0 0 0 0
EGO_STATUS -5.250000 58.877891 11.800000 1.570796 0.075507 3.000000 -2.940000
DYNAMIC_OBS_INFO 0 -5.750000 53.550097 1.570796 158.562666 -5.750000 217.444045 21.387718 1.270915
DYNAMIC_OBS_INFO 1 -1.750000 43.355545 1.570796 44.916012 -1.750000 103.661606 6.593849 0.202087
STATIC_OBS_INFO 0 -6.300000 65.067740 6.274059 
STATIC_OBS_INFO 1 -6.300000 65.538498 6.738638 
Parent: -13.132878 0.117833 3.000000 0.000000 0.450000 0.000000 -10.000000 2.849447 6.000000 0.000000 0 0 0 0 0 0 0 0
EGO_STATUS -5.250000 58.882167 11.900000 1.570796 0.072706 3.000000 -2.940000
DYNAMIC_OBS_INFO 0 -5.750000 53.550097 1.570796 160.703647 -5.750000 219.589171 21.514810 1.270915
DYNAMIC_OBS_INFO 1 -1.750000 43.355545 1.570796 45.570306 -1.750000 104.322001 6.614057 0.202087
STATIC_OBS_INFO 0 -6.300000 65.067740 6.269982 
STATIC_OBS_INFO 1 -6.300000 65.538498 6.734553 
Parent: -13.144504 0.113698 3.000000 0.000000 0.450000 0.000000 -10.000000 2.838441 6.000000 0.000000 0 0 0 0 0 0 0 0
EGO_STATUS -5.250000 58.886302 12.000000 1.570796 0.070113 3.000000 -2.940000
DYNAMIC_OBS_INFO 0 -5.750000 53.550097 1.570796 162.857467 -5.750000 221.747007 21.641901 1.270915
DYNAMIC_OBS_INFO 1 -1.750000 43.355545 1.570796 46.226799 -1.750000 104.984417 6.634266 0.202087
STATIC_OBS_INFO 0 -6.300000 65.067740 6.266033 
STATIC_OBS_INFO 1 -6.300000 65.538498 6.730597 
Parent: -13.160247 0.109692 3.000000 0.000000 0.450000 0.000000 -10.000000 2.823299 6.000000 0.000000 0 0 0 0 0 0 0 0
EGO_STATUS -5.250000 58.890308 12.100000 1.570796 0.067705 3.000000 -2.940000
DYNAMIC_OBS_INFO 0 -5.750000 53.550097 1.570796 165.024116 -5.750000 223.917551 21.768993 1.270915
DYNAMIC_OBS_INFO 1 -1.750000 43.355545 1.570796 46.885481 -1.750000 105.648854 6.654475 0.202087
STATIC_OBS_INFO 0 -6.300000 65.067740 6.262202 
STATIC_OBS_INFO 1 -6.300000 65.538498 6.726759 
Parent: -13.179921 0.105807 3.000000 0.000000 0.450000 0.000000 -10.000000 2.804208 6.000000 0.000000 0 0 0 0 0 0 0 0
EGO_STATUS -5.250000 58.894193 12.200000 1.570796 0.065463 3.000000 -2.940000
DYNAMIC_OBS_INFO 0 -5.750000 53.550097 1.570796 167.203587 -5.750000 226.100805 21.896084 1.270915
DYNAMIC_OBS_INFO 1 -1.750000 43.355545 1.570796 47.546343 -1.750000 106.315312 6.674683 0.202087
STATIC_OBS_INFO 0 -6.300000 65.067740 6.258483 
STATIC_OBS_INFO 1 -6.300000 65.538498 6.723032 
Parent: -13.203356 0.102034 3.000000 0.000000 0.450000 0.000000 -10.000000 2.781339 6.000000 0.000000 0 0 0 0 0 0 0 0
EGO_STATUS -5.250000 58.897966 12.300000 1.570796 0.063370 3.000000 -2.940000
DYNAMIC_OBS_INFO 0 -5.750000 53.550097 1.570796 169.395872 -5.750000 228.296768 22.023176 1.270915
DYNAMIC_OBS_INFO 1 -1.750000 43.355545 1.570796 48.209374 -1.750000 106.983791 6.694892 0.202087
STATIC_OBS_INFO 0 -6.300000 65.067740 6.254866 
STATIC_OBS_INFO 1 -6.300000 65.538498 6.719409 
Parent: -13.230393 0.098365 2.000000 0.000000 0.300000 0.000000 -10.000000 2.754852 6.000000 0.000000 0 0 0 0 0 0 0 0
EGO_STATUS -5.250000 58.901635 12.400000 1.570796 0.061412 3.000000 -2.940000
DYNAMIC_OBS_INFO 0 -5.750000 53.550097 1.570796 171.600964 -5.750000 230.505440 22.150267 1.270915
DYNAMIC_OBS_INFO 1 -1.750000 43.355545 1.570796 48.874567 -1.750000 107.654291 6.715101 0.202087
STATIC_OBS_INFO 0 -6.300000 65.067740 6.251346 
STATIC_OBS_INFO 1 -6.300000 65.538498 6.715882 
Parent: -13.259686 0.094795 2.000000 0.000000 0.300000 0.000000 -10.000000 2.726095 6.000000 0.000000 0 0 0 0 0 0 0 0
EGO_STATUS -5.250000 58.905205 12.500000 1.570796 0.059546 3.000000 -2.940000
DYNAMIC_OBS_INFO 0 -5.750000 53.550097 1.570796 173.818858 -5.750000 232.726822 22.277359 1.270915
DYNAMIC_OBS_INFO 1 -1.750000 43.355545 1.570796 49.541916 -1.750000 108.326811 6.735310 0.202087
STATIC_OBS_INFO 0 -6.300000 65.067740 6.247918 
STATIC_OBS_INFO 1 -6.300000 65.538498 6.712447 
Parent: -13.289737 0.091317 2.000000 0.000000 0.300000 0.000000 -10.000000 2.696565 6.000000 0.000000 0 0 0 0 0 0 0 0
EGO_STATUS -5.250000 58.908683 12.600000 1.570796 0.057729 3.000000 -2.940000
DYNAMIC_OBS_INFO 0 -5.750000 53.550097 1.570796 176.049553 -5.750000 234.960912 22.404450 1.270915
DYNAMIC_OBS_INFO 1 -1.750000 43.355545 1.570796 50.211416 -1.750000 109.001353 6.755518 0.202087
STATIC_OBS_INFO 0 -6.300000 65.067740 6.244580 
STATIC_OBS_INFO 1 -6.300000 65.538498 6.709103 
Parent: -13.320567 0.087931 2.000000 0.000000 0.300000 0.000000 -10.000000 2.666243 6.000000 0.000000 0 0 0 0 0 0 0 0
EGO_STATUS -5.250000 58.912069 12.700000 1.570796 0.055959 3.000000 -2.940000
DYNAMIC_OBS_INFO 0 -5.750000 53.550097 1.570796 178.293046 -5.750000 237.207712 22.531542 1.270915
DYNAMIC_OBS_INFO 1 -1.750000 43.355545 1.570796 50.883065 -1.750000 109.677915 6.775727 0.202087
STATIC_OBS_INFO 0 -6.300000 65.067740 6.241329 
STATIC_OBS_INFO 1 -6.300000 65.538498 6.705845 
Parent: -13.352198 0.084633 2.000000 0.000000 0.300000 0.000000 -10.000000 2.635107 6.000000 0.000000 0 0 0 0 0 0 0 0
EGO_STATUS -5.250000 58.915367 12.800000 1.570796 0.054235 3.000000 -2.940000
DYNAMIC_OBS_INFO 0 -5.750000 53.550097 1.570796 180.549334 -5.750000 239.467221 22.658634 1.270915
DYNAMIC_OBS_INFO 1 -1.750000 43.355545 1.570796 51.556857 -1.750000 110.356498 6.795936 0.202087
STATIC_OBS_INFO 0 -6.300000 65.067740 6.238163 
STATIC_OBS_INFO 1 -6.300000 65.538498 6.702673 
Parent: -13.384651 0.081421 2.000000 0.000000 0.300000 0.000000 -10.000000 2.603136 6.000000 0.000000 0 0 0 0 0 0 0 0
EGO_STATUS -5.250000 58.918579 12.900000 1.570796 0.052556 3.000000 -2.940000
DYNAMIC_OBS_INFO 0 -5.750000 53.550097 1.570796 182.818416 -5.750000 241.739439 22.785725 1.270915
DYNAMIC_OBS_INFO 1 -1.750000 43.355545 1.570796 52.232791 -1.750000 111.037102 6.816145 0.202087
STATIC_OBS_INFO 0 -6.300000 65.067740 6.235080 
STATIC_OBS_INFO 1 -6.300000 65.538498 6.699584 
Parent: -13.417949 0.078293 2.000000 0.000000 0.300000 0.000000 -10.000000 2.570307 6.000000 0.000000 0 0 0 0 0 0 0 0
EGO_STATUS -5.250000 58.921707 13.000000 1.570796 0.050922 3.000000 -2.940000
DYNAMIC_OBS_INFO 0 -5.750000 53.550097 1.570796 185.100288 -5.750000 244.024366 22.912817 1.270915
DYNAMIC_OBS_INFO 1 -1.750000 43.355545 1.570796 52.910862 -1.750000 111.719727 6.836353 0.202087
STATIC_OBS_INFO 0 -6.300000 65.067740 6.232078 
STATIC_OBS_INFO 1 -6.300000 65.538498 6.696576 
Parent: -13.452116 0.075247 2.000000 0.000000 0.300000 0.000000 -10.000000 2.536597 6.000000 0.000000 0 0 0 0 0 0 0 0
EGO_STATUS -5.250000 58.924753 13.100000 1.570796 0.049329 3.000000 -2.940000
DYNAMIC_OBS_INFO 0 -5.750000 53.550097 1.570796 187.394950 -5.750000 246.322002 23.039908 1.270915
DYNAMIC_OBS_INFO 1 -1.750000 43.355545 1.570796 53.591067 -1.750000 112.404373 6.856562 0.202087
STATIC_OBS_INFO 0 -6.300000 65.067740 6.229153 
STATIC_OBS_INFO 1 -6.300000 65.538498 6.693646 
Parent: -13.487176 0.072281 2.000000 0.000000 0.300000 0.000000 -10.000000 2.501982 6.000000 0.000000 0 0 0 0 0 0 0 0
EGO_STATUS -5.250000 58.927719 13.200000 1.570796 0.047779 3.000000 -2.940000
DYNAMIC_OBS_INFO 0 -5.750000 53.550097 1.570796 189.702398 -5.750000 248.632347 23.167000 1.270915
DYNAMIC_OBS_INFO 1 -1.750000 43.355545 1.570796 54.273403 -1.750000 113.091039 6.876771 0.202087
STATIC_OBS_INFO 0 -6.300000 65.067740 6.226306 
STATIC_OBS_INFO 1 -6.300000 65.538498 6.690793 
Parent: -13.523153 0.069392 2.000000 0.000000 0.300000 0.000000 -10.000000 2.466439 6.000000 0.000000 0 0 0 0 0 0 0 0
EGO_STATUS -5.250000 58.930608 13.300000 1.570796 0.046269 3.000000 -2.940000
DYNAMIC_OBS_INFO 0 -5.750000 53.550097 1.570796 192.022631 -5.750000 250.955402 23.294091 1.270915
DYNAMIC_OBS_INFO 1 -1.750000 43.355545 1.570796 54.957868 -1.750000 113.779727 6.896979 0.202087
STATIC_OBS_INFO 0 -6.300000 65.067740 6.223533 
STATIC_OBS_INFO 1 -6.300000 65.538498 6.688014 
Parent: -13.560072 0.066579 2.000000 0.000000 0.300000 0.000000 -10.000000 2.429941 6.000000 0.000000 0 0 0 0 0 0 0 0
EGO_STATUS -5.250000 58.933421 13.400000 1.570796 0.044798 3.000000 -2.940000
DYNAMIC_OBS_INFO 0 -5.750000 53.550097 1.570796 194.355647 -5.750000 253.291166 23.421183 1.270915
DYNAMIC_OBS_INFO 1 -1.750000 43.355545 1.570796 55.644457 -1.750000 114.470435 6.917188 0.202087
STATIC_OBS_INFO 0 -6.300000 65.067740 6.220832 
STATIC_OBS_INFO 1 -6.300000 65.538498 6.685308 
Parent: -13.597960 0.063839 2.000000 0.000000 0.300000 0.000000 -10.000000 2.392465 6.000000 0.000000 0 0 0 0 0 0 0 0
EGO_STATUS -5.250000 58.936161 13.500000 1.570796 0.043366 3.000000 -2.940000
DYNAMIC_OBS_INFO 0 -5.750000 53.550097 1.570796 196.701444 -5.750000 255.639638 23.548274 1.270915
DYNAMIC_OBS_INFO 1 -1.750000 43.355545 1.570796 56.333168 -1.750000 115.163164 6.937397 0.202087
STATIC_OBS_INFO 0 -6.300000 65.067740 6.218202 
STATIC_OBS_INFO 1 -6.300000 65.538498 6.682673 
Parent: -13.636842 0.061170 2.000000 0.000000 0.300000 0.000000 -10.000000 2.353982 6.000000 0.000000 0 0 0 0 0 0 0 0
EGO_STATUS -5.250000 58.938830 13.600000 1.570796 0.041972 3.000000 -2.940000
DYNAMIC_OBS_INFO 0 -5.750000 53.550097 1.570796 199.060020 -5.750000 258.000820 23.675366 1.270915
DYNAMIC_OBS_INFO 1 -1.750000 43.355545 1.570796 57.023999 -1.750000 115.857915 6.957606 0.202087
STATIC_OBS_INFO 0 -6.300000 65.067740 6.215641 
STATIC_OBS_INFO 1 -6.300000 65.538498 6.680107 
Parent: -13.676747 0.058572 2.000000 0.000000 0.300000 0.000000 -10.000000 2.314467 6.000000 0.000000 0 0 0 0 0 0 0 0
EGO_STATUS -5.250000 58.941428 13.700000 1.570796 0.040614 3.000000 -2.940000
DYNAMIC_OBS_INFO 0 -5.750000 53.550097 1.570796 201.431373 -5.750000 260.374712 23.802457 1.270915
DYNAMIC_OBS_INFO 1 -1.750000 43.355545 1.570796 57.716946 -1.750000 116.554686 6.977814 0.202087
STATIC_OBS_INFO 0 -6.300000 65.067740 6.213147 
STATIC_OBS_INFO 1 -6.300000 65.538498 6.677607 
Parent: -13.717702 0.056041 2.000000 0.000000 0.300000 0.000000 -10.000000 2.273892 6.000000 0.000000 0 0 0 0 0 0 0 0
EGO_STATUS -5.250000 58.943959 13.800000 1.570796 0.039291 3.000000 -2.940000
DYNAMIC_OBS_INFO 0 -5.750000 53.550097 1.570796 203.815502 -5.750000 262.761312 23.929549 1.270915
DYNAMIC_OBS_INFO 1 -1.750000 43.355545 1.570796 58.412007 -1.750000 117.253477 6.998023 0.202087
STATIC_OBS_INFO 0 -6.300000 65.067740 6.210717 
STATIC_OBS_INFO 1 -6.300000 65.538498 6.675174 
Parent: -13.759736 0.053576 2.000000 0.000000 0.300000 0.000000 -10.000000 2.232227 6.000000 0.000000 0 0 0 0 0 0 0 0
EGO_STATUS -5.250000 58.946424 13.900000 1.570796 0.038003 3.000000 -2.940000
DYNAMIC_OBS_INFO 0 -5.750000 53.550097 1.570796 206.212404 -5.750000 265.160621 24.056640 1.270915
DYNAMIC_OBS_INFO 1 -1.750000 43.355545 1.570796 59.109179 -1.750000 117.954290 7.018232 0.202087
STATIC_OBS_INFO 0 -6.300000 65.067740 6.208352 
STATIC_OBS_INFO 1 -6.300000 65.538498 6.672803 
Parent: -13.802879 0.051176 2.000000 0.000000 0.300000 0.000000 -10.000000 2.189445 6.000000 0.000000 0 0 0 0 0 0 0 0
EGO_STATUS -5.250000 58.948824 14.000000 1.570796 0.036748 3.000000 -2.940000
DYNAMIC_OBS_INFO 0 -5.750000 53.550097 1.570796 208.622078 -5.750000 267.572640 24.183732 1.270915
DYNAMIC_OBS_INFO 1 -1.750000 43.355545 1.570796 59.808461 -1.750000 118.657124 7.038440 0.202087
STATIC_OBS_INFO 0 -6.300000 65.067740 6.206048 
STATIC_OBS_INFO 1 -6.300000 65.538498 6.670495 
Parent: -13.847160 0.048839 2.000000 0.000000 0.300000 0.000000 -10.000000 2.145515 6.000000 0.000000 0 0 0 0 0 0 0 0
EGO_STATUS -5.250000 58.951161 14.100000 1.570796 0.035527 3.000000 -2.940000
DYNAMIC_OBS_INFO 0 -5.750000 53.550097 1.570796 211.044523 -5.750000 269.997368 24.310823 1.270915
DYNAMIC_OBS_INFO 1 -1.750000 43.355545 1.570796 60.509849 -1.750000 119.361978 7.058649 0.202087
STATIC_OBS_INFO 0 -6.300000 65.067740 6.203805 
STATIC_OBS_INFO 1 -6.300000 65.538498 6.668247 
Parent: -13.892610 0.046563 2.000000 0.000000 0.300000 0.000000 -10.000000 2.100405 6.000000 0.000000 0 0 0 0 0 0 0 0
EGO_STATUS -5.250000 58.953437 14.200000 1.570796 0.034337 3.000000 -2.940000
DYNAMIC_OBS_INFO 0 -5.750000 53.550097 1.570796 213.479736 -5.750000 272.434805 24.437915 1.270915
DYNAMIC_OBS_INFO 1 -1.750000 43.355545 1.570796 61.213341 -1.750000 120.068854 7.078858 0.202087
STATIC_OBS_INFO 0 -6.300000 65.067740 6.201620 
STATIC_OBS_INFO 1 -6.300000 65.538498 6.666058 
Parent: -13.939263 0.044346 2.000000 0.000000 0.300000 0.000000 -10.000000 2.054086 6.000000 0.000000 0 0 0 0 0 0 0 0
EGO_STATUS -5.250000 58.955654 14.300000 1.570796 0.033178 3.000000 -2.940000
DYNAMIC_OBS_INFO 0 -5.750000 53.550097 1.570796 215.927716 -5.750000 274.884951 24.565007 1.270915
DYNAMIC_OBS_INFO 1 -1.750000 43.355545 1.570796 61.918936 -1.750000 120.777750 7.099067 0.202087
STATIC_OBS_INFO 0 -6.300000 65.067740 6.199492 
STATIC_OBS_INFO 1 -6.300000 65.538498 6.663926 
Parent: -13.987149 0.042187 2.000000 0.000000 0.300000 0.000000 -10.000000 2.006523 6.000000 0.000000 0 0 0 0 0 0 0 0
EGO_STATUS -5.250000 58.957813 14.400000 1.570796 0.032050 3.000000 -2.940000
DYNAMIC_OBS_INFO 0 -5.750000 53.550097 1.570796 218.388463 -5.750000 277.347806 24.692098 1.270915
DYNAMIC_OBS_INFO 1 -1.750000 43.355545 1.570796 62.626630 -1.750000 121.488667 7.119275 0.202087
STATIC_OBS_INFO 0 -6.300000 65.067740 6.197420 
STATIC_OBS_INFO 1 -6.300000 65.538498 6.661850 
Parent: -14.036304 0.040084 2.000000 0.000000 0.300000 0.000000 -10.000000 1.957684 6.000000 0.000000 0 0 0 0 0 0 0 0
EGO_STATUS -5.250000 58.959916 14.500000 1.570796 0.030951 3.000000 -2.940000
DYNAMIC_OBS_INFO 0 -5.750000 53.550097 1.570796 220.861973 -5.750000 279.823370 24.819190 1.270915
DYNAMIC_OBS_INFO 1 -1.750000 43.355545 1.570796 63.336421 -1.750000 122.201605 7.139484 0.202087
STATIC_OBS_INFO 0 -6.300000 65.067740 6.195402 
STATIC_OBS_INFO 1 -6.300000 65.538498 6.659828 
Parent: -14.086760 0.038037 2.000000 0.000000 0.300000 0.000000 -10.000000 1.907534 6.000000 0.000000 0 0 0 0 0 0 0 0
EGO_STATUS -5.250000 58.961963 14.600000 1.570796 0.029881 3.000000 -2.940000
DYNAMIC_OBS_INFO 0 -5.750000 53.550097 1.570796 223.348246 -5.750000 282.311644 24.946281 1.270915
DYNAMIC_OBS_INFO 1 -1.750000 43.355545 1.570796 64.048309 -1.750000 122.916564 7.159693 0.202087
STATIC_OBS_INFO 0 -6.300000 65.067740 6.193437 
STATIC_OBS_INFO 1 -6.300000 65.538498 6.657859 
Parent: -14.138555 0.036043 2.000000 0.000000 0.300000 0.000000 -10.000000 1.856039 6.000000 0.000000 0 0 0 0 0 0 0 0
EGO_STATUS -5.250000 58.963957 14.700000 1.570796 0.028838 3.000000 -2.940000
DYNAMIC_OBS_INFO 0 -5.750000 53.550097 1.570796 225.847281 -5.750000 284.812627 25.073373 1.270915
DYNAMIC_OBS_INFO 1 -1.750000 43.355545 1.570796 64.762290 -1.750000 123.633543 7.179901 0.202087
STATIC_OBS_INFO 0 -6.300000 65.067740 6.191523 
STATIC_OBS_INFO 1 -6.300000 65.538498 6.655941 
TIMEOUT
