STATIC_OBS_INIT_INFO 0 -6.300000 66.196164
STATIC_OBS_INIT_INFO 1 -6.300000 64.884012
Parent: -28.348129 10.000000 101.000000 0.000000 15.150000 17.722242 -10.000000 2.429629 40.000000 0.000000 0 0 0 0 0 0 0 0
Child: 17.722242 24.650740 248.000000 9.200998 269.700000 0.000000 -10.000000 0.000000 0.000000 0.000000 0 0 0 0 0 0 0 0
EGO_STATUS -5.750000 15.357948 0.000000 1.570796 14.261739 4.000000 0.000000
DYNAMIC_OBS_INFO 0 -5.750000 53.606342 1.570796 36.822220 -5.750000 53.606342 15.654187 0.645575
DYNAMIC_OBS_INFO 1 -1.750000 54.271017 1.570796 37.699699 -1.750000 54.271017 4.363800 0.203981
STATIC_OBS_INFO 0 -6.300000 66.196164 49.415103 
STATIC_OBS_INFO 1 -6.300000 64.884012 48.103034 
Parent: 11.825106 10.000000 101.000000 0.000000 615.150000 6.888359 -10.000000 3.030806 49.000000 0.000000 0 0 0 0 0 0 0 0
Child: 6.888359 10.000000 101.000000 0.000000 15.150000 15.388359 -10.000000 0.000000 0.000000 0.000000 0 0 0 0 0 0 0 0
Child: 15.388359 23.224565 234.000000 9.201386 246.600000 0.000000 -10.000000 0.000000 0.000000 0.000000 0 0 0 0 0 0 0 0
EGO_STATUS -5.749994 16.784122 0.100000 1.570775 14.261739 4.000000 0.000000
DYNAMIC_OBS_INFO 0 -5.750000 53.606342 1.570796 36.964693 -5.750000 55.174989 15.718745 0.645575
DYNAMIC_OBS_INFO 1 -1.750000 54.271017 1.570796 36.281872 -1.750000 54.271017 4.363800 0.203981
STATIC_OBS_INFO 0 -6.300000 66.196164 47.989022 
STATIC_OBS_INFO 1 -6.300000 64.884012 46.676959 
Parent: 11.424213 10.000000 101.000000 0.000000 615.150000 4.587466 -10.000000 2.930806 47.000000 0.000000 0 0 0 0 0 0 0 0
Child: 4.587466 10.000000 101.000000 0.000000 15.150000 13.087466 -10.000000 0.000000 0.000000 0.000000 0 0 0 0 0 0 0 0
Child: 13.087466 21.798391 219.000000 9.200839 222.750000 0.000000 -10.000000 0.000000 0.000000 0.000000 0 0 0 0 0 0 0 0
EGO_STATUS -5.749821 18.210296 0.200000 1.570497 14.261739 4.000000 0.000000
DYNAMIC_OBS_INFO 0 -5.750000 53.606342 1.570796 37.113622 -5.750000 56.750091 15.783302 0.645575
DYNAMIC_OBS_INFO 1 -1.750000 54.271017 1.570796 34.864627 -1.750000 54.271017 4.363800 0.203981
STATIC_OBS_INFO 0 -6.300000 66.196164 46.562958 
STATIC_OBS_INFO 1 -6.300000 64.884012 45.250900 
Parent: 9.902061 10.000000 101.000000 0.000000 615.150000 2.165315 -10.000000 2.830806 46.000000 0.000000 0 0 0 0 0 0 0 0
Child: 2.165315 10.000000 101.000000 0.000000 15.150000 10.665315 -10.000000 0.000000 0.000000 0.000000 0 0 0 0 0 0 0 0
Child: 10.665315 20.372218 205.000000 9.199355 198.750000 0.000000 -10.000000 0.000000 0.000000 0.000000 0 0 0 0 0 0 0 0
EGO_STATUS -5.748785 19.636469 0.300000 1.569474 14.261739 4.000000 0.000000
DYNAMIC_OBS_INFO 0 -5.750000 53.606342 1.570796 37.269011 -5.750000 58.331649 15.847860 0.645575
DYNAMIC_OBS_INFO 1 -1.750000 54.271017 1.570796 33.447869 -1.750000 54.271017 4.363800 0.203981
STATIC_OBS_INFO 0 -6.300000 66.196164 45.136932 
STATIC_OBS_INFO 1 -6.300000 64.884012 43.824882 
Parent: 9.472784 10.000000 101.000000 0.000000 615.150000 -0.163963 -10.000000 2.730806 44.000000 0.000000 0 0 0 0 0 0 0 0
Child: -0.163963 10.000000 101.000000 0.000000 15.150000 8.336037 -10.000000 0.000000 0.000000 0.000000 0 0 0 0 0 0 0 0
Child: 8.336037 18.946044 191.000000 9.200363 175.650000 0.000000 -10.000000 0.000000 0.000000 0.000000 0 0 0 0 0 0 0 0
EGO_STATUS -5.745441 21.062639 0.400000 1.567184 14.261739 4.000000 0.000000
DYNAMIC_OBS_INFO 0 -5.750000 53.606342 1.570796 37.430874 -5.750000 59.919663 15.912417 0.645575
DYNAMIC_OBS_INFO 1 -1.750000 54.271017 1.570796 32.031416 -1.750000 54.271017 4.363800 0.203981
STATIC_OBS_INFO 0 -6.300000 66.196164 43.710990 
STATIC_OBS_INFO 1 -6.300000 64.884012 42.398950 
Parent: 8.047210 10.000000 101.000000 0.000000 615.150000 -2.489536 -10.000000 2.630806 43.000000 0.000000 0 0 0 0 0 0 0 0
Child: -2.489536 10.000000 101.000000 0.000000 15.150000 6.010464 -10.000000 0.000000 0.000000 0.000000 0 0 0 0 0 0 0 0
Child: 6.010464 17.519870 177.000000 9.200744 152.550000 0.000000 -10.000000 0.000000 0.000000 0.000000 0 0 0 0 0 0 0 0
EGO_STATUS -5.737692 22.488791 0.500000 1.563257 14.261739 4.000000 0.000000
DYNAMIC_OBS_INFO 0 -5.750000 53.606342 1.570796 37.599254 -5.750000 61.514133 15.976975 0.645575
DYNAMIC_OBS_INFO 1 -1.750000 54.271017 1.570796 30.615031 -1.750000 54.271017 4.363800 0.203981
STATIC_OBS_INFO 0 -6.300000 66.196164 42.285211 
STATIC_OBS_INFO 1 -6.300000 64.884012 40.973185 
Parent: 6.606477 10.000000 101.000000 0.000000 615.150000 -4.830270 -10.000000 2.530806 42.000000 0.000000 0 0 0 0 0 0 0 0
Child: -4.830270 10.000000 101.000000 0.000000 15.150000 3.669730 -10.000000 0.000000 0.000000 0.000000 0 0 0 0 0 0 0 0
Child: 3.669730 16.093697 162.000000 9.200223 128.400000 0.000000 -10.000000 0.000000 0.000000 0.000000 0 0 0 0 0 0 0 0
EGO_STATUS -5.723105 23.914888 0.600000 1.557608 14.261739 4.000000 0.000000
DYNAMIC_OBS_INFO 0 -5.750000 53.606342 1.570796 37.774230 -5.750000 63.115058 16.041533 0.645575
DYNAMIC_OBS_INFO 1 -1.750000 54.271017 1.570796 29.198483 -1.750000 54.271017 4.363800 0.203981
STATIC_OBS_INFO 0 -6.300000 66.196164 40.859717 
STATIC_OBS_INFO 1 -6.300000 64.884012 39.547711 
Parent: 6.124708 10.000000 101.000000 0.000000 615.150000 -7.212039 -10.000000 2.430806 40.000000 0.000000 0 0 0 0 0 0 0 0
Child: -7.212039 10.000000 101.000000 0.000000 15.150000 1.287961 -10.000000 0.000000 0.000000 0.000000 0 0 0 0 0 0 0 0
Child: 1.287961 14.667523 148.000000 9.199143 104.700000 0.000000 -10.000000 0.000000 0.000000 0.000000 0 0 0 0 0 0 0 0
EGO_STATUS -5.699369 25.340862 0.700000 1.550505 14.261739 4.000000 0.000000
DYNAMIC_OBS_INFO 0 -5.750000 53.606342 1.570796 37.955921 -5.750000 64.722439 16.106090 0.645575
DYNAMIC_OBS_INFO 1 -1.750000 54.271017 1.570796 27.781615 -1.750000 54.271017 4.363800 0.203981
STATIC_OBS_INFO 0 -6.300000 66.196164 39.434666 
STATIC_OBS_INFO 1 -6.300000 64.884012 38.122690 
Parent: 267.372623 30.290952 304.000000 13.893852 3032.100000 9.122457 0.000000 3.743412 49.000000 0.000000 0 0 0 0 0 0 0 0
Child: 9.122457 13.241349 134.000000 6.517574 85.800000 0.000000 0.000000 0.000000 0.000000 0.000000 0 0 0 0 0 0 0 0
EGO_STATUS -5.664829 26.766614 0.800000 1.542589 14.261739 4.000000 0.000000
DYNAMIC_OBS_INFO 0 -5.750000 53.606342 1.570796 38.159151 -5.750000 66.336276 16.170648 0.645575
DYNAMIC_OBS_INFO 1 -1.750000 54.271017 1.570796 26.379020 -1.750000 54.271017 4.363800 0.203981
STATIC_OBS_INFO 0 -6.300000 66.196164 38.024905 
STATIC_OBS_INFO 1 -6.300000 64.884012 36.712970 
Parent: 257.387881 30.290952 304.000000 13.893847 3032.100000 -2.762286 0.000000 3.643413 47.000000 0.000000 0 0 0 0 0 0 0 0
Child: -2.762286 11.829883 120.000000 6.517943 66.900000 0.000000 -10.000000 0.000000 0.000000 0.000000 0 0 0 0 0 0 0 0
EGO_STATUS -5.619514 28.177349 0.900000 1.534902 13.967739 3.000000 -2.940000
DYNAMIC_OBS_INFO 0 -5.750000 53.606342 1.570796 38.398665 -5.750000 67.956569 16.235205 0.645575
DYNAMIC_OBS_INFO 1 -1.750000 54.271017 1.570796 25.005462 -1.750000 54.271017 4.363800 0.203981
STATIC_OBS_INFO 0 -6.300000 66.196164 36.645181 
STATIC_OBS_INFO 1 -6.300000 64.884012 35.333302 
Parent: 256.660168 30.290952 304.000000 13.893839 3032.100000 -4.390000 0.000000 3.543415 46.000000 0.000000 0 0 0 0 0 0 0 0
Child: -4.390000 10.447821 106.000000 6.517135 50.400000 0.000000 -10.000000 0.000000 0.000000 0.000000 0 0 0 0 0 0 0 0
EGO_STATUS -5.565374 29.558348 1.000000 1.528634 13.673739 3.000000 -2.940000
DYNAMIC_OBS_INFO 0 -5.750000 53.606342 1.570796 38.674417 -5.750000 69.583317 16.299763 0.645575
DYNAMIC_OBS_INFO 1 -1.750000 54.271017 1.570796 23.661275 -1.750000 54.271017 4.363800 0.203981
STATIC_OBS_INFO 0 -6.300000 66.196164 35.295435 
STATIC_OBS_INFO 1 -6.300000 64.884012 33.983628 
Parent: -22.268904 10.000000 101.000000 20.000000 15.150000 6.065794 -10.000000 3.185104 25.000000 0.000000 0 0 0 1 0 0 0 0
Child: 6.065794 9.095167 92.000000 25.057097 36.300000 0.000000 0.000000 0.000000 0.000000 0.000000 0 0 0 1 0 0 0 0
EGO_STATUS -5.505464 30.909673 1.100000 1.524824 13.379739 3.000000 -2.940000
DYNAMIC_OBS_INFO 0 -5.750000 53.606342 1.570796 39.000901 -5.750000 71.216521 16.364320 0.645575
DYNAMIC_OBS_INFO 1 -1.750000 54.271017 1.570796 22.361523 -1.750000 54.271017 4.363800 0.203981
STATIC_OBS_INFO 0 -6.300000 66.196164 33.990114 
STATIC_OBS_INFO 1 -6.300000 64.884012 32.678394 
Parent: 14.865330 10.000000 101.000000 0.000000 615.150000 -5.212841 -10.000000 2.172231 33.000000 0.000000 0 0 0 0 0 0 0 0
Child: -5.212841 10.000000 101.000000 0.000000 15.150000 3.287159 -10.000000 0.000000 0.000000 0.000000 0 0 0 0 0 0 0 0
Child: 3.287159 7.786607 79.000000 7.400285 25.950000 0.000000 0.000000 0.000000 0.000000 0.000000 0 0 0 0 0 0 0 0
EGO_STATUS -5.444581 32.216816 1.200000 1.524251 12.791739 7.000000 -5.880000
DYNAMIC_OBS_INFO 0 -5.750000 53.606342 1.570796 39.363185 -5.750000 72.856181 16.428878 0.645575
DYNAMIC_OBS_INFO 1 -1.750000 54.271017 1.570796 21.523189 -1.750000 54.708417 4.384198 0.203981
STATIC_OBS_INFO 0 -6.300000 66.196164 32.714244 
STATIC_OBS_INFO 1 -6.300000 64.884012 31.402625 
Parent: 4.872242 10.000000 101.000000 0.000000 615.150000 -16.105929 -10.000000 2.072231 32.000000 0.000000 0 0 0 0 0 0 0 0
Child: -16.105929 10.000000 101.000000 0.000000 15.150000 -7.605929 -10.000000 0.000000 0.000000 0.000000 0 0 0 0 0 0 0 0
Child: -7.605929 6.507433 67.000000 7.399161 17.250000 0.000000 -10.000000 0.000000 0.000000 0.000000 0 0 0 0 0 0 0 0
EGO_STATUS -5.386588 33.494674 1.300000 1.527244 12.791739 4.000000 0.000000
DYNAMIC_OBS_INFO 0 -5.750000 53.606342 1.570796 39.731671 -5.750000 74.502297 16.493435 0.645575
DYNAMIC_OBS_INFO 1 -1.750000 54.271017 1.570796 20.688008 -1.750000 55.147857 4.404596 0.203981
STATIC_OBS_INFO 0 -6.300000 66.196164 31.438190 
STATIC_OBS_INFO 1 -6.300000 64.884012 30.126683 
Parent: 5.198064 10.000000 101.000000 0.000000 615.150000 -16.680107 -10.000000 1.972231 31.000000 0.000000 0 0 0 0 0 0 0 0
Child: -16.680107 10.000000 101.000000 0.000000 15.150000 -8.180107 -10.000000 0.000000 0.000000 0.000000 0 0 0 0 0 0 0 0
Child: -8.180107 5.228259 54.000000 7.396743 11.400000 0.000000 -10.000000 0.000000 0.000000 0.000000 0 0 0 0 0 0 0 0
EGO_STATUS -5.334764 34.772795 1.400000 1.533874 12.791739 4.000000 0.000000
DYNAMIC_OBS_INFO 0 -5.750000 53.606342 1.570796 40.106168 -5.750000 76.154868 16.557993 0.645575
DYNAMIC_OBS_INFO 1 -1.750000 54.271017 1.570796 19.856770 -1.750000 55.589336 4.424994 0.203981
STATIC_OBS_INFO 0 -6.300000 66.196164 30.161664 
STATIC_OBS_INFO 1 -6.300000 64.884012 28.850276 
Parent: 274.491551 30.290952 304.000000 32.119868 3032.100000 3.239285 0.000000 4.929448 39.000000 0.000000 0 0 0 1 0 0 0 0
Child: 3.239285 3.949085 41.000000 27.480746 6.150000 0.000000 0.000000 0.000000 0.000000 0.000000 0 0 1 0 0 0 0 0
EGO_STATUS -5.293497 36.051298 1.500000 1.543601 12.791739 4.000000 0.000000
DYNAMIC_OBS_INFO 0 -5.750000 53.606342 1.570796 40.481719 -5.750000 77.813895 16.622550 0.645575
DYNAMIC_OBS_INFO 1 -1.750000 54.271017 1.570796 19.025467 -1.750000 56.032856 4.445392 0.203981
STATIC_OBS_INFO 0 -6.300000 66.196164 28.879614 
STATIC_OBS_INFO 1 -6.300000 64.884012 27.568343 
Parent: 265.163047 30.290952 304.000000 32.119868 3032.100000 -6.989219 0.000000 4.829448 38.000000 0.000000 0 0 0 1 0 0 0 0
Child: -6.989219 2.665007 28.000000 27.432884 4.200000 0.000000 -10.000000 0.000000 0.000000 0.000000 0 0 1 0 0 0 0 0
EGO_STATUS -5.265859 37.335071 1.600000 1.555027 12.889739 2.000000 0.980000
DYNAMIC_OBS_INFO 0 -5.750000 53.606342 1.570796 40.853534 -5.750000 79.479378 16.687108 0.645575
DYNAMIC_OBS_INFO 1 -1.750000 54.271017 1.570796 18.189944 -1.750000 56.478415 4.465790 0.203981
STATIC_OBS_INFO 0 -6.300000 66.196164 27.587184 
STATIC_OBS_INFO 1 -6.300000 64.884012 26.276025 
Parent: 249.794608 20.972423 211.000000 12.346174 2865.150000 -3.965650 0.000000 4.750456 37.000000 0.000000 0 0 0 0 0 0 0 0
Child: -3.965650 10.000000 101.000000 20.000000 15.150000 2.554152 -10.000000 0.000000 0.000000 0.000000 0 0 0 1 0 0 0 0
Child: 2.554152 1.371132 15.000000 25.692086 2.250000 0.000000 0.000000 0.000000 0.000000 0.000000 0 0 0 1 0 0 0 0
EGO_STATUS -5.252557 38.628873 1.700000 1.565533 12.987739 2.000000 0.980000
DYNAMIC_OBS_INFO 0 -5.750000 53.606342 1.570796 41.256145 -5.750000 81.151317 16.751665 0.645575
DYNAMIC_OBS_INFO 1 -1.750000 54.271017 1.570796 17.383796 -1.750000 56.926014 4.486189 0.203981
STATIC_OBS_INFO 0 -6.300000 66.196164 26.318916 
STATIC_OBS_INFO 1 -6.300000 64.884012 25.007863 
Parent: 239.551548 20.972423 211.000000 12.346005 2865.150000 -15.108724 0.000000 4.650487 36.000000 0.000000 0 0 0 0 0 0 0 0
Child: -15.108724 10.000000 101.000000 20.000000 15.150000 -8.588922 -10.000000 0.000000 0.000000 0.000000 0 0 0 1 0 0 0 0
Child: -8.588922 0.101798 3.000000 41.134529 0.450000 0.000000 -10.000000 0.000000 0.000000 0.000000 0 0 0 1 1 0 0 0
EGO_STATUS -5.249997 39.898202 1.800000 1.570753 12.399739 1.000000 -5.880000
DYNAMIC_OBS_INFO 0 -5.750000 53.606342 1.570796 41.723949 -5.750000 82.829711 16.816223 0.645575
DYNAMIC_OBS_INFO 1 -1.750000 54.271017 1.570796 16.639166 -1.750000 57.375653 4.506587 0.203981
STATIC_OBS_INFO 0 -6.300000 66.196164 25.109369 
STATIC_OBS_INFO 1 -6.300000 64.884012 23.798428 
Parent: 249.869796 20.972423 211.000000 12.345935 2865.150000 -6.690482 0.000000 4.550500 34.000000 0.000000 0 0 0 0 0 0 0 0
Child: -6.690482 8.891241 90.000000 20.000000 13.500000 0.000000 -10.000000 0.000000 0.000000 0.000000 0 0 0 1 0 0 0 0
EGO_STATUS -5.250000 41.108759 1.900000 1.570796 11.811739 1.000000 -5.880000
DYNAMIC_OBS_INFO 0 -5.750000 53.606342 1.570796 42.257045 -5.750000 84.514561 16.880780 0.645575
DYNAMIC_OBS_INFO 1 -1.750000 54.271017 1.570796 15.955470 -1.750000 57.827331 4.526985 0.203981
STATIC_OBS_INFO 0 -6.300000 66.196164 23.958709 
STATIC_OBS_INFO 1 -6.300000 64.884012 22.647890 
Parent: 250.580602 20.972423 211.000000 12.345693 2865.150000 -6.879698 0.000000 4.450545 33.000000 0.000000 0 0 0 0 0 0 0 0
Child: -6.879698 7.739526 79.000000 20.000000 11.850000 0.000000 -10.000000 0.000000 0.000000 0.000000 0 0 0 1 0 0 0 0
EGO_STATUS -5.250000 42.260474 2.000000 1.570796 11.223739 1.000000 -5.880000
DYNAMIC_OBS_INFO 0 -5.750000 53.606342 1.570796 42.855353 -5.750000 86.205867 16.945338 0.645575
DYNAMIC_OBS_INFO 1 -1.750000 54.271017 1.570796 15.332442 -1.750000 58.281050 4.547383 0.203981
STATIC_OBS_INFO 0 -6.300000 66.196164 22.866852 
STATIC_OBS_INFO 1 -6.300000 64.884012 21.556168 
Parent: 251.312164 20.972423 211.000000 12.345623 2865.150000 -7.048142 0.000000 4.350558 32.000000 0.000000 0 0 0 0 0 0 0 0
Child: -7.048142 6.646569 68.000000 20.000000 10.200000 0.000000 -10.000000 0.000000 0.000000 0.000000 0 0 0 1 0 0 0 0
EGO_STATUS -5.250000 43.353431 2.100000 1.570796 10.635739 1.000000 -5.880000
DYNAMIC_OBS_INFO 0 -5.750000 53.606342 1.570796 43.518962 -5.750000 87.903629 17.009895 0.645575
DYNAMIC_OBS_INFO 1 -1.750000 54.271017 1.570796 14.769952 -1.750000 58.736808 4.567781 0.203981
STATIC_OBS_INFO 0 -6.300000 66.196164 21.833887 
STATIC_OBS_INFO 1 -6.300000 64.884012 20.523349 
Parent: 252.037529 20.972423 211.000000 12.345350 2865.150000 -7.222800 0.000000 4.250608 31.000000 0.000000 0 0 0 0 0 0 0 0
Child: -7.222800 5.612460 58.000000 20.000000 8.700000 0.000000 -10.000000 0.000000 0.000000 0.000000 0 0 0 1 0 0 0 0
EGO_STATUS -5.250000 44.387540 2.200000 1.570796 10.047739 1.000000 -5.880000
DYNAMIC_OBS_INFO 0 -5.750000 53.606342 1.570796 44.247819 -5.750000 89.607846 17.074453 0.645575
DYNAMIC_OBS_INFO 1 -1.750000 54.271017 1.570796 14.267704 -1.750000 59.194606 4.588179 0.203981
STATIC_OBS_INFO 0 -6.300000 66.196164 20.859755 
STATIC_OBS_INFO 1 -6.300000 64.884012 19.549377 
Parent: 252.788067 20.972423 211.000000 12.345098 2865.150000 -7.372283 0.000000 4.150655 30.000000 0.000000 0 0 0 0 0 0 0 0
Child: -7.372283 4.637147 48.000000 20.000000 7.200000 0.000000 -10.000000 0.000000 0.000000 0.000000 0 0 0 1 0 0 0 0
EGO_STATUS -5.250000 45.362853 2.300000 1.570796 9.459739 1.000000 -5.880000
DYNAMIC_OBS_INFO 0 -5.750000 53.606342 1.570796 45.041920 -5.750000 91.318520 17.139010 0.645575
DYNAMIC_OBS_INFO 1 -1.750000 54.271017 1.570796 13.825428 -1.750000 59.654444 4.608577 0.203981
STATIC_OBS_INFO 0 -6.300000 66.196164 19.944448 
STATIC_OBS_INFO 1 -6.300000 64.884012 18.634243 
Parent: 30.232748 10.000000 101.000000 20.000000 615.150000 -7.533893 -10.000000 3.880503 19.000000 0.000000 0 0 0 1 0 0 0 0
Child: -7.533893 3.720625 39.000000 20.000000 5.850000 0.000000 -10.000000 0.000000 0.000000 0.000000 0 0 0 1 0 0 0 0
EGO_STATUS -5.250000 46.279375 2.400000 1.570796 8.871739 1.000000 -5.880000
DYNAMIC_OBS_INFO 0 -5.750000 53.606342 1.570796 45.901327 -5.750000 93.035648 17.203568 0.645575
DYNAMIC_OBS_INFO 1 -1.750000 54.271017 1.570796 13.442902 -1.750000 60.116321 4.628975 0.203981
STATIC_OBS_INFO 0 -6.300000 66.196164 19.088021 
STATIC_OBS_INFO 1 -6.300000 64.884012 17.778002 
Parent: 31.004799 10.000000 101.000000 20.000000 615.150000 -7.661920 -10.000000 3.780580 18.000000 0.000000 0 0 0 1 0 0 0 0
Child: -7.661920 2.862956 30.000000 20.000000 4.500000 0.000000 -10.000000 0.000000 0.000000 0.000000 0 0 0 1 0 0 0 0
EGO_STATUS -5.250000 47.137044 2.500000 1.570796 8.283739 1.000000 -5.880000
DYNAMIC_OBS_INFO 0 -5.750000 53.606342 1.570796 46.825889 -5.750000 94.759233 17.268125 0.645575
DYNAMIC_OBS_INFO 1 -1.750000 54.271017 1.570796 13.119696 -1.750000 60.580239 4.649373 0.203981
STATIC_OBS_INFO 0 -6.300000 66.196164 18.290315 
STATIC_OBS_INFO 1 -6.300000 64.884012 16.980493 
Parent: 30.752671 10.000000 101.000000 20.000000 615.150000 -7.814051 -10.000000 3.680583 18.000000 0.000000 0 0 0 1 0 0 0 0
Child: -7.814051 2.063987 22.000000 20.000000 3.300000 0.000000 -10.000000 0.000000 0.000000 0.000000 0 0 0 1 0 0 0 0
EGO_STATUS -5.250000 47.936013 2.600000 1.570796 7.695739 1.000000 -5.880000
DYNAMIC_OBS_INFO 0 -5.750000 53.606342 1.570796 47.815840 -5.750000 96.489274 17.332683 0.645575
DYNAMIC_OBS_INFO 1 -1.750000 54.271017 1.570796 12.855760 -1.750000 61.046196 4.669771 0.203981
STATIC_OBS_INFO 0 -6.300000 66.196164 17.551553 
STATIC_OBS_INFO 1 -6.300000 64.884012 16.241940 
Parent: 31.430688 10.000000 101.000000 20.000000 615.150000 -8.036137 -10.000000 3.580686 17.000000 0.000000 0 0 0 1 0 0 0 0
Child: -8.036137 1.323953 15.000000 20.000000 2.250000 0.000000 -10.000000 0.000000 0.000000 0.000000 0 0 0 1 0 0 0 0
EGO_STATUS -5.250000 48.676047 2.700000 1.570796 7.107739 1.000000 -5.880000
DYNAMIC_OBS_INFO 0 -5.750000 53.606342 1.570796 48.871011 -5.750000 98.225770 17.397240 0.645575
DYNAMIC_OBS_INFO 1 -1.750000 54.271017 1.570796 12.650677 -1.750000 61.514193 4.690169 0.203981
STATIC_OBS_INFO 0 -6.300000 66.196164 16.871552 
STATIC_OBS_INFO 1 -6.300000 64.884012 15.562158 
Parent: 32.070012 10.000000 101.000000 20.000000 615.150000 -8.296890 -10.000000 3.480763 16.000000 0.000000 0 0 0 1 0 0 0 0
Child: -8.296890 0.642683 8.000000 20.000000 1.200000 0.000000 -10.000000 0.000000 0.000000 0.000000 0 0 0 1 0 0 0 0
EGO_STATUS -5.250000 49.357317 2.800000 1.570796 6.519739 1.000000 -5.880000
DYNAMIC_OBS_INFO 0 -5.750000 53.606342 1.570796 49.991369 -5.750000 99.968722 17.461798 0.645575
DYNAMIC_OBS_INFO 1 -1.750000 54.271017 1.570796 12.504202 -1.750000 61.984230 4.710567 0.203981
STATIC_OBS_INFO 0 -6.300000 66.196164 16.250269 
STATIC_OBS_INFO 1 -6.300000 64.884012 14.941099 
Parent: 30.471423 10.000000 101.000000 20.000000 615.150000 -9.795507 -10.000000 3.380791 16.000000 0.000000 0 0 0 1 0 0 0 0
Child: -9.795507 0.020147 2.000000 20.000000 0.300000 0.000000 -10.000000 0.000000 0.000000 0.000000 0 0 0 1 0 0 0 0
EGO_STATUS -5.250000 49.979853 2.900000 1.570796 5.931739 1.000000 -5.880000
DYNAMIC_OBS_INFO 0 -5.750000 53.606342 1.570796 51.177199 -5.750000 101.718129 17.526355 0.645575
DYNAMIC_OBS_INFO 1 -1.750000 54.271017 1.570796 12.416440 -1.750000 62.456306 4.730965 0.203981
STATIC_OBS_INFO 0 -6.300000 66.196164 15.687969 
STATIC_OBS_INFO 1 -6.300000 64.884012 14.379027 
Parent: 41.025260 9.456627 96.000000 20.000000 614.400000 0.000000 -10.000000 3.532718 15.000000 0.000000 0 0 0 1 0 0 0 0
EGO_STATUS -5.250000 50.543373 3.000000 1.570796 5.343739 1.000000 -5.880000
DYNAMIC_OBS_INFO 0 -5.750000 53.606342 1.570796 52.428092 -5.750000 103.473993 17.590913 0.645575
DYNAMIC_OBS_INFO 1 -1.750000 54.271017 1.570796 12.386896 -1.750000 62.930423 4.751363 0.203981
STATIC_OBS_INFO 0 -6.300000 66.196164 15.184227 
STATIC_OBS_INFO 1 -6.300000 64.884012 13.875512 
Parent: 42.089159 8.951715 91.000000 20.000000 613.650000 0.000000 -10.000000 3.756695 14.000000 0.000000 0 0 0 1 0 0 0 0
EGO_STATUS -5.250000 51.048285 3.100000 1.570796 4.755739 1.000000 -5.880000
DYNAMIC_OBS_INFO 0 -5.750000 53.606342 1.570796 53.744600 -5.750000 105.236312 17.655470 0.645575
DYNAMIC_OBS_INFO 1 -1.750000 54.271017 1.570796 12.416064 -1.750000 63.406579 4.771762 0.203981
STATIC_OBS_INFO 0 -6.300000 66.196164 14.739574 
STATIC_OBS_INFO 1 -6.300000 64.884012 13.431080 
Parent: 41.965138 8.505962 87.000000 20.000000 613.050000 0.000000 -10.000000 4.072041 14.000000 0.000000 0 0 0 1 0 0 0 0
EGO_STATUS -5.250000 51.494038 3.200000 1.570796 4.167739 1.000000 -5.880000
DYNAMIC_OBS_INFO 0 -5.750000 53.606342 1.570796 55.126192 -5.750000 107.005087 17.720028 0.645575
DYNAMIC_OBS_INFO 1 -1.750000 54.271017 1.570796 12.503468 -1.750000 63.884775 4.792160 0.203981
STATIC_OBS_INFO 0 -6.300000 66.196164 14.353459 
STATIC_OBS_INFO 1 -6.300000 64.884012 13.045175 
Parent: 42.387920 8.118837 83.000000 20.000000 612.450000 0.000000 -10.000000 4.523358 14.000000 0.000000 0 0 0 1 0 0 0 0
EGO_STATUS -5.250000 51.881163 3.300000 1.570796 3.579739 1.000000 -5.880000
DYNAMIC_OBS_INFO 0 -5.750000 53.606342 1.570796 56.573471 -5.750000 108.780317 17.784585 0.645575
DYNAMIC_OBS_INFO 1 -1.750000 54.271017 1.570796 12.649792 -1.750000 64.365011 4.812558 0.203981
STATIC_OBS_INFO 0 -6.300000 66.196164 14.026464 
STATIC_OBS_INFO 1 -6.300000 64.884012 12.718373 
Parent: 1619.051695 10.000000 101.000000 20.000000 2055.350000 1441.597343 0.000000 4.974154 33.000000 0.000000 0 0 1 0 0 0 0 0
Child: 1441.597343 18.378684 185.000000 3043.681827 11467.450000 0.000000 0.000000 0.000000 0.000000 0.000000 1 0 1 0 0 0 0 0
EGO_STATUS -5.250000 52.209056 3.400000 1.570796 2.991739 1.000000 -5.880000
DYNAMIC_OBS_INFO 0 -5.750000 53.606342 1.570796 58.051007 -5.750000 110.562004 17.849143 0.645575
DYNAMIC_OBS_INFO 1 -1.750000 54.271017 1.570796 12.821113 -1.750000 64.847287 4.832956 0.203981
STATIC_OBS_INFO 0 -6.300000 66.196164 13.723242 
STATIC_OBS_INFO 1 -6.300000 64.884012 12.415342 
Parent: 52.061220 7.486851 76.000000 0.008495 611.400000 0.000000 0.000000 4.830633 13.000000 0.000000 0 0 0 0 0 0 0 0
EGO_STATUS -5.250000 52.513150 3.500000 1.570795 3.089739 2.000000 0.980000
DYNAMIC_OBS_INFO 0 -5.750000 53.606342 1.570796 59.544921 -5.750000 112.350146 17.913701 0.645575
DYNAMIC_OBS_INFO 1 -1.750000 54.271017 1.570796 13.004135 -1.750000 65.331602 4.853354 0.203981
STATIC_OBS_INFO 0 -6.300000 66.196164 13.429950 
STATIC_OBS_INFO 1 -6.300000 64.884012 12.122248 
Parent: 2027.843723 10.217552 104.000000 34.688313 20162.800000 62.187942 0.000000 4.339556 23.000000 0.000000 0 0 0 1 0 0 0 0
Child: 62.187942 7.192677 73.000000 20.208537 610.950000 0.000000 0.000000 0.000000 0.000000 0.000000 0 0 1 0 0 0 0 0
EGO_STATUS -5.249997 52.807324 3.600000 1.570777 2.795739 3.000000 -2.940000
DYNAMIC_OBS_INFO 0 -5.750000 53.606342 1.570796 61.045110 -5.750000 114.144744 17.978258 0.645575
DYNAMIC_OBS_INFO 1 -1.750000 54.271017 1.570796 13.189145 -1.750000 65.817957 4.873752 0.203981
STATIC_OBS_INFO 0 -6.300000 66.196164 13.136514 
STATIC_OBS_INFO 1 -6.300000 64.884012 11.829025 
Parent: 52.615605 6.898319 70.000000 0.015259 610.500000 0.000000 0.000000 4.450903 12.000000 0.000000 0 0 0 0 0 0 0 0
EGO_STATUS -5.249984 53.101682 3.700000 1.570722 3.089739 0.000000 2.940000
DYNAMIC_OBS_INFO 0 -5.750000 53.606342 1.570796 62.551940 -5.750000 115.945798 18.042816 0.645575
DYNAMIC_OBS_INFO 1 -1.750000 54.271017 1.570796 13.376493 -1.750000 66.306352 4.894150 0.203981
STATIC_OBS_INFO 0 -6.300000 66.196164 12.843305 
STATIC_OBS_INFO 1 -6.300000 64.884012 11.536045 
Parent: 41.971569 6.604145 68.000000 0.015253 610.200000 0.000000 -10.000000 4.707597 12.000000 0.000000 0 0 0 0 0 0 0 0
EGO_STATUS -5.249950 53.395856 3.800000 1.570628 2.795739 3.000000 -2.940000
DYNAMIC_OBS_INFO 0 -5.750000 53.606342 1.570796 64.095060 -5.750000 117.753307 18.107373 0.645575
DYNAMIC_OBS_INFO 1 -1.750000 54.271017 1.570796 13.594822 -1.750000 66.796787 4.914548 0.203981
STATIC_OBS_INFO 0 -6.300000 66.196164 12.579872 
STATIC_OBS_INFO 1 -6.300000 64.884012 11.272831 
Parent: 2027.967837 10.217552 104.000000 31.893699 20162.800000 61.440436 0.000000 4.485735 22.000000 0.000000 0 0 0 1 0 0 0 0
Child: 61.440436 6.339803 65.000000 20.179409 609.750000 0.000000 0.000000 0.000000 0.000000 0.000000 0 0 1 0 0 0 0 0
EGO_STATUS -5.249890 53.660198 3.900000 1.570514 2.501739 3.000000 -2.940000
DYNAMIC_OBS_INFO 0 -5.750000 53.606342 1.570796 65.643675 -5.750000 119.567272 18.171931 0.645575
DYNAMIC_OBS_INFO 1 -1.750000 54.271017 1.570796 13.814435 -1.750000 67.289262 4.934946 0.203981
STATIC_OBS_INFO 0 -6.300000 66.196164 12.315520 
STATIC_OBS_INFO 1 -6.300000 64.884012 11.008716 
Parent: 52.028638 6.074498 62.000000 0.019888 609.300000 0.000000 0.000000 4.330051 12.000000 0.000000 0 0 0 0 0 0 0 0
EGO_STATUS -5.249797 53.925503 4.000000 1.570382 2.795739 0.000000 2.940000
DYNAMIC_OBS_INFO 0 -5.750000 53.606342 1.570796 67.199710 -5.750000 121.387693 18.236488 0.645575
DYNAMIC_OBS_INFO 1 -1.750000 54.271017 1.570796 14.037188 -1.750000 67.783777 4.955344 0.203981
STATIC_OBS_INFO 0 -6.300000 66.196164 12.052173 
STATIC_OBS_INFO 1 -6.300000 64.884012 10.745622 
Parent: 42.600977 5.810156 60.000000 0.015451 609.000000 0.000000 -10.000000 4.626400 11.000000 0.000000 0 0 0 0 0 0 0 0
EGO_STATUS -5.249669 54.189846 4.100000 1.570249 2.501739 3.000000 -2.940000
DYNAMIC_OBS_INFO 0 -5.750000 53.606342 1.570796 68.791768 -5.750000 123.214570 18.301046 0.645575
DYNAMIC_OBS_INFO 1 -1.750000 54.271017 1.570796 14.290813 -1.750000 68.280331 4.975742 0.203981
STATIC_OBS_INFO 0 -6.300000 66.196164 11.818320 
STATIC_OBS_INFO 1 -6.300000 64.884012 10.512008 
Parent: 1763.961468 10.000000 101.000000 0.000000 2055.350000 1587.589769 0.000000 3.871699 31.000000 0.000000 0 0 0 0 0 0 0 0
Child: 1587.589769 16.248810 164.000000 3107.617685 12916.000000 0.000000 0.000000 0.000000 0.000000 0.000000 1 0 1 0 1 0 0 0
EGO_STATUS -5.249527 54.424623 4.200000 1.570139 2.207739 3.000000 -2.940000
DYNAMIC_OBS_INFO 0 -5.750000 53.606342 1.570796 70.389052 -5.750000 125.047902 18.365603 0.645575
DYNAMIC_OBS_INFO 1 -1.750000 54.271017 1.570796 14.545506 -1.750000 68.778925 4.996140 0.203981
STATIC_OBS_INFO 0 -6.300000 66.196164 11.583280 
STATIC_OBS_INFO 1 -6.300000 64.884012 10.277226 
Parent: 52.301205 5.339372 55.000000 0.011079 608.250000 0.000000 0.000000 4.251533 11.000000 0.000000 0 0 0 0 0 0 0 0
EGO_STATUS -5.249360 54.660631 4.300000 1.570047 2.501739 0.000000 2.940000
DYNAMIC_OBS_INFO 0 -5.750000 53.606342 1.570796 71.994025 -5.750000 126.887691 18.430161 0.645575
DYNAMIC_OBS_INFO 1 -1.750000 54.271017 1.570796 14.803649 -1.750000 69.279559 5.016538 0.203981
STATIC_OBS_INFO 0 -6.300000 66.196164 11.349508 
STATIC_OBS_INFO 1 -6.300000 64.884012 10.043727 
Parent: 42.157708 5.104595 53.000000 0.007605 607.950000 0.000000 -10.000000 4.603422 11.000000 0.000000 0 0 0 0 0 0 0 0
EGO_STATUS -5.249175 54.895408 4.400000 1.569970 2.207739 3.000000 -2.940000
DYNAMIC_OBS_INFO 0 -5.750000 53.606342 1.570796 73.634395 -5.750000 128.733934 18.494718 0.645575
DYNAMIC_OBS_INFO 1 -1.750000 54.271017 1.570796 15.092198 -1.750000 69.782233 5.036936 0.203981
STATIC_OBS_INFO 0 -6.300000 66.196164 11.144589 
STATIC_OBS_INFO 1 -6.300000 64.884012 9.839063 
Parent: 1795.262380 10.000000 101.000000 20.000000 2055.350000 1626.209530 -10.000000 3.572651 30.000000 0.000000 0 0 1 0 0 0 0 0
Child: 1626.209530 15.599965 157.000000 3109.325754 13257.050000 0.000000 0.000000 0.000000 0.000000 0.000000 1 0 1 0 1 0 0 0
EGO_STATUS -5.248998 55.101244 4.500000 1.569908 1.913739 3.000000 -2.940000
DYNAMIC_OBS_INFO 0 -5.750000 53.606342 1.570796 75.280817 -5.750000 130.586634 18.559276 0.645575
DYNAMIC_OBS_INFO 1 -1.750000 54.271017 1.570796 15.382650 -1.750000 70.286946 5.057334 0.203981
STATIC_OBS_INFO 0 -6.300000 66.196164 10.939302 
STATIC_OBS_INFO 1 -6.300000 64.884012 9.634047 
Parent: 53.592738 4.692518 48.000000 0.005978 607.200000 0.000000 0.000000 4.231803 10.000000 0.000000 0 0 0 0 0 0 0 0
EGO_STATUS -5.248809 55.307485 4.600000 1.569855 2.207739 0.000000 2.940000
DYNAMIC_OBS_INFO 0 -5.750000 53.606342 1.570796 76.934102 -5.750000 132.445790 18.623833 0.645575
DYNAMIC_OBS_INFO 1 -1.750000 54.271017 1.570796 15.675785 -1.750000 70.793699 5.077733 0.203981
STATIC_OBS_INFO 0 -6.300000 66.196164 10.734456 
STATIC_OBS_INFO 1 -6.300000 64.884012 9.429489 
Parent: 43.859914 4.486682 46.000000 0.004460 606.900000 0.000000 -10.000000 4.664542 10.000000 0.000000 0 0 0 0 0 0 0 0
EGO_STATUS -5.248610 55.513321 4.700000 1.569805 1.913739 3.000000 -2.940000
DYNAMIC_OBS_INFO 0 -5.750000 53.606342 1.570796 78.623981 -5.750000 134.311401 18.688391 0.645575
DYNAMIC_OBS_INFO 1 -1.750000 54.271017 1.570796 16.000611 -1.750000 71.302493 5.098131 0.203981
STATIC_OBS_INFO 0 -6.300000 66.196164 10.559634 
STATIC_OBS_INFO 1 -6.300000 64.884012 9.254927 
Parent: 3321.757839 10.217552 104.000000 3041.478333 10237.300000 2042.322484 0.000000 4.852583 30.000000 0.000000 1 0 1 0 0 0 0 0
Child: 2042.322484 10.217552 104.000000 13.684968 20162.800000 60.069747 0.000000 0.000000 0.000000 0.000000 0 0 0 0 0 0 0 0
Child: 60.069747 4.310983 45.000000 20.285315 606.750000 0.000000 0.000000 0.000000 0.000000 0.000000 0 0 1 0 0 0 0 0
EGO_STATUS -5.248432 55.689020 4.800000 1.569762 1.619739 3.000000 -2.940000
DYNAMIC_OBS_INFO 0 -5.750000 53.606342 1.570796 80.318607 -5.750000 136.183468 18.752948 0.645575
DYNAMIC_OBS_INFO 1 -1.750000 54.271017 1.570796 16.326091 -1.750000 71.813326 5.118529 0.203981
STATIC_OBS_INFO 0 -6.300000 66.196164 10.383142 
STATIC_OBS_INFO 1 -6.300000 64.884012 9.078711 
Parent: 52.595579 4.133575 43.000000 0.003352 606.450000 0.000000 0.000000 4.297437 10.000000 0.000000 0 0 0 0 0 0 0 0
EGO_STATUS -5.248245 55.866428 4.900000 1.569725 1.913739 0.000000 2.940000
DYNAMIC_OBS_INFO 0 -5.750000 53.606342 1.570796 82.021400 -5.750000 138.061990 18.817506 0.645575
DYNAMIC_OBS_INFO 1 -1.750000 54.271017 1.570796 16.655551 -1.750000 72.326198 5.138927 0.203981
STATIC_OBS_INFO 0 -6.300000 66.196164 10.208382 
STATIC_OBS_INFO 1 -6.300000 64.884012 8.904242 
Parent: 44.370985 3.957876 41.000000 0.001061 606.150000 0.000000 -10.000000 4.857066 9.000000 0.000000 0 0 0 0 0 0 0 0
EGO_STATUS -5.248054 56.042127 5.000000 1.569702 1.619739 3.000000 -2.940000
DYNAMIC_OBS_INFO 0 -5.750000 53.606342 1.570796 83.761179 -5.750000 139.946969 18.882063 0.645575
DYNAMIC_OBS_INFO 1 -1.750000 54.271017 1.570796 17.017193 -1.750000 72.841111 5.159325 0.203981
STATIC_OBS_INFO 0 -6.300000 66.196164 10.064014 
STATIC_OBS_INFO 1 -6.300000 64.884012 8.760126 
Parent: 3612.113845 10.217552 104.000000 3050.246145 10237.300000 2330.774623 0.000000 4.895051 29.000000 0.000000 1 0 0 1 0 0 0 0
Child: 2330.774623 10.217552 104.000000 3055.345295 20162.800000 59.691861 -10.000000 0.000000 0.000000 0.000000 1 0 1 0 0 0 0 0
Child: 59.691861 3.812708 40.000000 20.241168 606.000000 0.000000 0.000000 0.000000 0.000000 0.000000 0 0 1 0 0 0 0 0
EGO_STATUS -5.247895 56.187295 5.100000 1.569701 1.325739 3.000000 -2.940000
DYNAMIC_OBS_INFO 0 -5.750000 53.606342 1.570796 85.503914 -5.750000 141.838403 18.946621 0.645575
DYNAMIC_OBS_INFO 1 -1.750000 54.271017 1.570796 17.377744 -1.750000 73.358063 5.179723 0.203981
STATIC_OBS_INFO 0 -6.300000 66.196164 9.916189 
STATIC_OBS_INFO 1 -6.300000 64.884012 8.612571 
Parent: 53.899685 3.664038 38.000000 0.003911 605.700000 0.000000 0.000000 4.496471 9.000000 0.000000 0 0 0 0 0 0 0 0
EGO_STATUS -5.247734 56.335964 5.200000 1.569725 1.619739 0.000000 2.940000
DYNAMIC_OBS_INFO 0 -5.750000 53.606342 1.570796 87.256607 -5.750000 143.736293 19.011178 0.645575
DYNAMIC_OBS_INFO 1 -1.750000 54.271017 1.570796 17.744047 -1.750000 73.877056 5.200121 0.203981
STATIC_OBS_INFO 0 -6.300000 66.196164 9.771869 
STATIC_OBS_INFO 1 -6.300000 64.884012 8.468528 
Parent: 3611.764608 10.217552 104.000000 3049.432958 10237.300000 2330.514322 0.000000 4.886006 29.000000 0.000000 1 0 0 1 0 0 0 0
Child: 2330.514322 10.217552 104.000000 3054.508515 20162.800000 59.513770 -10.000000 0.000000 0.000000 0.000000 1 0 1 0 0 0 0 0
Child: 59.513770 3.518870 37.000000 20.221833 605.550000 0.000000 0.000000 0.000000 0.000000 0.000000 0 0 1 0 0 0 0 0
EGO_STATUS -5.247583 56.481133 5.300000 1.569777 1.325739 3.000000 -2.940000
DYNAMIC_OBS_INFO 0 -5.750000 53.606342 1.570796 89.012255 -5.750000 145.640639 19.075736 0.645575
DYNAMIC_OBS_INFO 1 -1.750000 54.271017 1.570796 18.109225 -1.750000 74.398088 5.220519 0.203981
STATIC_OBS_INFO 0 -6.300000 66.196164 9.624093 
STATIC_OBS_INFO 1 -6.300000 64.884012 8.321049 
Parent: 53.417145 3.370200 35.000000 0.009140 605.250000 0.000000 0.000000 4.135876 9.000000 0.000000 0 0 0 0 0 0 0 0
EGO_STATUS -5.247438 56.629802 5.400000 1.569864 1.619739 0.000000 2.940000
DYNAMIC_OBS_INFO 0 -5.750000 53.606342 1.570796 90.777862 -5.750000 147.551440 19.140293 0.645575
DYNAMIC_OBS_INFO 1 -1.750000 54.271017 1.570796 18.480134 -1.750000 74.921159 5.240917 0.203981
STATIC_OBS_INFO 0 -6.300000 66.196164 9.479823 
STATIC_OBS_INFO 1 -6.300000 64.884012 8.177084 
Parent: 43.225702 3.225032 34.000000 0.008320 605.100000 0.000000 -10.000000 4.828834 9.000000 0.000000 0 0 0 0 0 0 0 0
EGO_STATUS -5.247312 56.774971 5.500000 1.569986 1.325739 3.000000 -2.940000
DYNAMIC_OBS_INFO 0 -5.750000 53.606342 1.570796 92.579495 -5.750000 149.468697 19.204851 0.645575
DYNAMIC_OBS_INFO 1 -1.750000 54.271017 1.570796 18.882391 -1.750000 75.446271 5.261315 0.203981
STATIC_OBS_INFO 0 -6.300000 66.196164 9.364959 
STATIC_OBS_INFO 1 -6.300000 64.884012 8.062473 
Parent: 3610.948381 10.217552 104.000000 3047.973644 10237.300000 2329.756678 0.000000 4.970794 29.000000 0.000000 1 0 0 1 0 0 0 0
Child: 2329.756678 10.217552 104.000000 3053.006865 20162.800000 58.903657 -10.000000 0.000000 0.000000 0.000000 1 0 1 0 0 0 0 0
Child: 58.903657 3.109434 33.000000 20.186486 604.950000 0.000000 0.000000 0.000000 0.000000 0.000000 0 0 1 0 0 0 0 0
EGO_STATUS -5.247226 56.890568 5.600000 1.570108 1.031739 3.000000 -2.940000
DYNAMIC_OBS_INFO 0 -5.750000 53.606342 1.570796 94.384137 -5.750000 151.392410 19.269408 0.645575
DYNAMIC_OBS_INFO 1 -1.750000 54.271017 1.570796 19.283572 -1.750000 75.973422 5.281713 0.203981
STATIC_OBS_INFO 0 -6.300000 66.196164 9.246686 
STATIC_OBS_INFO 1 -6.300000 64.884012 7.944472 
Parent: 54.805700 2.990389 31.000000 0.011820 604.650000 0.000000 0.000000 4.477504 8.000000 0.000000 0 0 0 0 0 0 0 0
EGO_STATUS -5.247154 57.009613 5.700000 1.570257 1.325739 0.000000 2.940000
DYNAMIC_OBS_INFO 0 -5.750000 53.606342 1.570796 96.198683 -5.750000 153.322579 19.333966 0.645575
DYNAMIC_OBS_INFO 1 -1.750000 54.271017 1.570796 19.690441 -1.750000 76.502614 5.302111 0.203981
STATIC_OBS_INFO 0 -6.300000 66.196164 9.131856 
STATIC_OBS_INFO 1 -6.300000 64.884012 7.829916 
Parent: 3612.768996 10.217552 104.000000 3047.324701 10237.300000 2330.647360 0.000000 4.964483 28.000000 0.000000 1 0 0 1 0 0 0 0
Child: 2330.647360 10.217552 104.000000 3052.338659 20162.800000 59.859987 -10.000000 0.000000 0.000000 0.000000 1 0 1 0 0 0 0 0
Child: 59.859987 2.874791 30.000000 20.171279 604.500000 0.000000 0.000000 0.000000 0.000000 0.000000 0 0 1 0 0 0 0 0
EGO_STATUS -5.247103 57.125211 5.800000 1.570424 1.031739 3.000000 -2.940000
DYNAMIC_OBS_INFO 0 -5.750000 53.606342 1.570796 98.016238 -5.750000 155.259204 19.398523 0.645575
DYNAMIC_OBS_INFO 1 -1.750000 54.271017 1.570796 20.096202 -1.750000 77.033845 5.322509 0.203981
STATIC_OBS_INFO 0 -6.300000 66.196164 9.013619 
STATIC_OBS_INFO 1 -6.300000 64.884012 7.711973 
Parent: 53.556384 2.755746 29.000000 0.014802 604.350000 0.000000 0.000000 4.126174 8.000000 0.000000 0 0 0 0 0 0 0 0
EGO_STATUS -5.247071 57.244256 5.900000 1.570617 1.325739 0.000000 2.940000
DYNAMIC_OBS_INFO 0 -5.750000 53.606342 1.570796 99.843697 -5.750000 157.202284 19.463081 0.645575
DYNAMIC_OBS_INFO 1 -1.750000 54.271017 1.570796 20.507630 -1.750000 77.567115 5.342907 0.203981
STATIC_OBS_INFO 0 -6.300000 66.196164 8.898824 
STATIC_OBS_INFO 1 -6.300000 64.884012 7.597476 
Parent: 3611.646021 10.217552 104.000000 3046.688217 10237.300000 2329.592922 0.000000 4.958478 28.000000 0.000000 1 0 0 1 0 0 0 0
Child: 2329.592922 10.217552 104.000000 3051.670453 20162.800000 58.871197 -10.000000 0.000000 0.000000 0.000000 1 0 1 0 0 0 0 0
Child: 58.871197 2.640149 28.000000 20.156318 604.200000 0.000000 0.000000 0.000000 0.000000 0.000000 0 0 1 0 0 0 0 0
EGO_STATUS -5.247063 57.359853 6.000000 1.570820 1.031739 3.000000 -2.940000
DYNAMIC_OBS_INFO 0 -5.750000 53.606342 1.570796 101.674165 -5.750000 159.151820 19.527638 0.645575
DYNAMIC_OBS_INFO 1 -1.750000 54.271017 1.570796 20.917922 -1.750000 78.102426 5.363305 0.203981
STATIC_OBS_INFO 0 -6.300000 66.196164 8.780624 
STATIC_OBS_INFO 1 -6.300000 64.884012 7.479595 
Parent: 52.179099 2.521104 27.000000 0.016743 604.050000 0.000000 0.000000 3.774844 8.000000 0.000000 0 0 0 0 0 0 0 0
EGO_STATUS -5.247080 57.478898 6.100000 1.571042 1.325739 0.000000 2.940000
DYNAMIC_OBS_INFO 0 -5.750000 53.606342 1.570796 103.514537 -5.750000 161.107812 19.592196 0.645575
DYNAMIC_OBS_INFO 1 -1.750000 54.271017 1.570796 21.333863 -1.750000 78.639777 5.383704 0.203981
STATIC_OBS_INFO 0 -6.300000 66.196164 8.665867 
STATIC_OBS_INFO 1 -6.300000 64.884012 7.365160 
Parent: 42.491715 2.405506 26.000000 0.010402 603.900000 0.000000 -10.000000 4.618249 8.000000 0.000000 0 0 0 0 0 0 0 0
EGO_STATUS -5.247123 57.594496 6.200000 1.571266 1.031739 3.000000 -2.940000
DYNAMIC_OBS_INFO 0 -5.750000 53.606342 1.570796 105.390861 -5.750000 163.070259 19.656754 0.645575
DYNAMIC_OBS_INFO 1 -1.750000 54.271017 1.570796 21.781155 -1.750000 79.179167 5.404102 0.203981
STATIC_OBS_INFO 0 -6.300000 66.196164 8.580404 
STATIC_OBS_INFO 1 -6.300000 64.884012 7.279947 
Parent: 3790.750149 10.000000 101.000000 20.000000 2055.350000 3628.793839 -10.000000 4.476112 38.000000 0.000000 0 0 1 0 0 0 0 0
Child: 3628.793839 10.217552 104.000000 3099.726769 10237.300000 2328.488408 -10.000000 0.000000 0.000000 0.000000 1 0 1 0 1 0 0 0
Child: 2328.488408 10.217552 104.000000 3050.505100 20162.800000 57.881175 -10.000000 0.000000 0.000000 0.000000 1 0 1 0 0 0 0 0
Child: 57.881175 2.319405 25.000000 20.129537 603.750000 0.000000 0.000000 0.000000 0.000000 0.000000 0 0 1 0 0 0 0 0
EGO_STATUS -5.247172 57.680597 6.300000 1.571435 0.737739 3.000000 -2.940000
DYNAMIC_OBS_INFO 0 -5.750000 53.606342 1.570796 107.269653 -5.750000 165.039162 19.721311 0.645575
DYNAMIC_OBS_INFO 1 -1.750000 54.271017 1.570796 22.226767 -1.750000 79.720597 5.424500 0.203981
STATIC_OBS_INFO 0 -6.300000 66.196164 8.490993 
STATIC_OBS_INFO 1 -6.300000 64.884012 7.190806 
Parent: 52.348197 2.229314 24.000000 0.010314 603.600000 0.000000 0.000000 4.279985 8.000000 0.000000 0 0 0 0 0 0 0 0
EGO_STATUS -5.247238 57.770688 6.400000 1.571610 1.031739 0.000000 2.940000
DYNAMIC_OBS_INFO 0 -5.750000 53.606342 1.570796 109.158890 -5.750000 167.014521 19.785869 0.645575
DYNAMIC_OBS_INFO 1 -1.750000 54.271017 1.570796 22.678565 -1.750000 80.264067 5.444898 0.203981
STATIC_OBS_INFO 0 -6.300000 66.196164 8.405553 
STATIC_OBS_INFO 1 -6.300000 64.884012 7.105632 
Parent: 3790.863385 10.000000 101.000000 20.000000 2055.350000 3628.919770 -10.000000 4.463417 38.000000 0.000000 0 0 1 0 0 0 0 0
Child: 3628.919770 10.217552 104.000000 3099.221555 10237.300000 2328.663975 -10.000000 0.000000 0.000000 0.000000 1 0 1 0 1 0 0 0
Child: 2328.663975 10.217552 104.000000 3050.003348 20162.800000 58.106036 -10.000000 0.000000 0.000000 0.000000 1 0 1 0 0 0 0 0
Child: 58.106036 2.143213 23.000000 20.117807 603.450000 0.000000 0.000000 0.000000 0.000000 0.000000 0 0 1 0 0 0 0 0
EGO_STATUS -5.247316 57.856789 6.500000 1.571775 0.737739 3.000000 -2.940000
DYNAMIC_OBS_INFO 0 -5.750000 53.606342 1.570796 111.050594 -5.750000 168.996336 19.850426 0.645575
DYNAMIC_OBS_INFO 1 -1.750000 54.271017 1.570796 23.128658 -1.750000 80.809576 5.465296 0.203981
STATIC_OBS_INFO 0 -6.300000 66.196164 8.316167 
STATIC_OBS_INFO 1 -6.300000 64.884012 7.016534 
Parent: 52.244833 2.053123 22.000000 0.009582 603.300000 0.000000 0.000000 3.941720 8.000000 0.000000 0 0 0 0 0 0 0 0
EGO_STATUS -5.247413 57.946880 6.600000 1.571941 1.031739 0.000000 2.940000
DYNAMIC_OBS_INFO 0 -5.750000 53.606342 1.570796 112.952744 -5.750000 170.984606 19.914984 0.645575
DYNAMIC_OBS_INFO 1 -1.750000 54.271017 1.570796 23.584919 -1.750000 81.357126 5.485694 0.203981
STATIC_OBS_INFO 0 -6.300000 66.196164 8.230753 
STATIC_OBS_INFO 1 -6.300000 64.884012 6.931403 
Parent: 3792.024649 10.000000 101.000000 20.000000 2055.350000 3629.093763 -10.000000 4.450688 37.000000 0.000000 0 0 1 0 0 0 0 0
Child: 3629.093763 10.217552 104.000000 3098.716341 10237.300000 2328.887603 -10.000000 0.000000 0.000000 0.000000 1 0 1 0 1 0 0 0
Child: 2328.887603 10.217552 104.000000 3049.501597 20162.800000 58.378959 -10.000000 0.000000 0.000000 0.000000 1 0 1 0 0 0 0 0
Child: 58.378959 1.967022 21.000000 20.106076 603.150000 0.000000 0.000000 0.000000 0.000000 0.000000 0 0 1 0 0 0 0 0
EGO_STATUS -5.247519 58.032980 6.700000 1.572090 0.737739 3.000000 -2.940000
DYNAMIC_OBS_INFO 0 -5.750000 53.606342 1.570796 114.857360 -5.750000 172.979333 19.979541 0.645575
DYNAMIC_OBS_INFO 1 -1.750000 54.271017 1.570796 24.039452 -1.750000 81.906715 5.506092 0.203981
STATIC_OBS_INFO 0 -6.300000 66.196164 8.141394 
STATIC_OBS_INFO 1 -6.300000 64.884012 6.842352 
Parent: 53.193685 1.876931 20.000000 0.008176 603.000000 0.000000 0.000000 3.603456 7.000000 0.000000 0 0 0 0 0 0 0 0
EGO_STATUS -5.247643 58.123071 6.800000 1.572235 1.031739 0.000000 2.940000
DYNAMIC_OBS_INFO 0 -5.750000 53.606342 1.570796 116.772423 -5.750000 174.980515 20.044099 0.645575
DYNAMIC_OBS_INFO 1 -1.750000 54.271017 1.570796 24.500138 -1.750000 82.458344 5.526490 0.203981
STATIC_OBS_INFO 0 -6.300000 66.196164 8.056006 
STATIC_OBS_INFO 1 -6.300000 64.884012 6.757268 
Parent: 44.611478 1.790830 19.000000 0.003704 602.850000 0.000000 -10.000000 4.789984 7.000000 0.000000 0 0 0 0 0 0 0 0
EGO_STATUS -5.247773 58.209172 6.900000 1.572359 0.737739 3.000000 -2.940000
DYNAMIC_OBS_INFO 0 -5.750000 53.606342 1.570796 118.742655 -5.750000 176.988152 20.108656 0.645575
DYNAMIC_OBS_INFO 1 -1.750000 54.271017 1.570796 25.011249 -1.750000 83.012013 5.546888 0.203981
STATIC_OBS_INFO 0 -6.300000 66.196164 8.018933 
STATIC_OBS_INFO 1 -6.300000 64.884012 6.720330 
Parent: 3791.056381 10.000000 101.000000 20.000000 2055.350000 3628.052471 -10.000000 4.523712 37.000000 0.000000 0 0 1 0 0 0 0 0
Child: 3628.052471 10.217552 104.000000 3097.944255 10237.300000 2327.922165 -10.000000 0.000000 0.000000 0.000000 1 0 1 0 1 0 0 0
Child: 2327.922165 10.217552 104.000000 3048.734802 20162.800000 57.488855 -10.000000 0.000000 0.000000 0.000000 1 0 1 0 0 0 0 0
Child: 57.488855 1.753443 19.000000 20.089188 602.850000 0.000000 0.000000 0.000000 0.000000 0.000000 0 0 1 0 0 0 0 0
EGO_STATUS -5.247834 58.246559 7.000000 1.572406 0.465660 3.000000 -2.940000
DYNAMIC_OBS_INFO 0 -5.750000 53.606342 1.570796 120.688592 -5.750000 179.002246 20.173214 0.645575
DYNAMIC_OBS_INFO 1 -1.750000 54.271017 1.570796 25.494133 -1.750000 83.567722 5.567286 0.203981
STATIC_OBS_INFO 0 -6.300000 66.196164 7.951372 
STATIC_OBS_INFO 1 -6.300000 64.884012 6.653022 
Parent: 53.809222 1.685303 18.000000 0.003183 602.700000 0.000000 0.000000 4.379347 7.000000 0.000000 0 0 0 0 0 0 0 0
EGO_STATUS -5.247947 58.314698 7.100000 1.572484 0.759660 0.000000 2.940000
DYNAMIC_OBS_INFO 0 -5.750000 53.606342 1.570796 122.670641 -5.750000 181.022795 20.237771 0.645575
DYNAMIC_OBS_INFO 1 -1.750000 54.271017 1.570796 26.008595 -1.750000 84.125470 5.587684 0.203981
STATIC_OBS_INFO 0 -6.300000 66.196164 7.913221 
STATIC_OBS_INFO 1 -6.300000 64.884012 6.615015 
Parent: 3790.477005 10.000000 101.000000 20.000000 2055.350000 3627.482657 -10.000000 4.514150 37.000000 0.000000 0 0 1 0 0 0 0 0
Child: 3627.482657 10.217552 104.000000 3097.641041 10237.300000 2327.382141 -10.000000 0.000000 0.000000 0.000000 1 0 1 0 1 0 0 0
Child: 2327.382141 10.217552 104.000000 3048.433667 20162.800000 56.978417 -10.000000 0.000000 0.000000 0.000000 1 0 1 0 0 0 0 0
Child: 56.978417 1.646820 18.000000 20.082829 602.700000 0.000000 0.000000 0.000000 0.000000 0.000000 0 0 1 0 0 0 0 0
EGO_STATUS -5.248014 58.353181 7.200000 1.572521 0.471168 3.000000 -2.940000
DYNAMIC_OBS_INFO 0 -5.750000 53.606342 1.570796 124.629071 -5.750000 183.049800 20.302329 0.645575
DYNAMIC_OBS_INFO 1 -1.750000 54.271017 1.570796 26.495460 -1.750000 84.685259 5.608082 0.203981
STATIC_OBS_INFO 0 -6.300000 66.196164 7.845260 
STATIC_OBS_INFO 1 -6.300000 64.884012 6.547319 
Parent: 53.012375 1.578262 17.000000 0.002355 602.550000 0.000000 0.000000 4.072050 7.000000 0.000000 0 0 0 0 0 0 0 0
EGO_STATUS -5.248135 58.421739 7.300000 1.572580 0.765168 0.000000 2.940000
DYNAMIC_OBS_INFO 0 -5.750000 53.606342 1.570796 126.623757 -5.750000 185.083261 20.366886 0.645575
DYNAMIC_OBS_INFO 1 -1.750000 54.271017 1.570796 27.014048 -1.750000 85.247087 5.628480 0.203981
STATIC_OBS_INFO 0 -6.300000 66.196164 7.806844 
STATIC_OBS_INFO 1 -6.300000 64.884012 6.509056 
Parent: 3789.814655 10.000000 101.000000 20.000000 2055.350000 3626.828552 -10.000000 4.505905 37.000000 0.000000 0 0 1 0 0 0 0 0
Child: 3626.828552 10.217552 104.000000 3097.333922 10237.300000 2326.758209 -10.000000 0.000000 0.000000 0.000000 1 0 1 0 1 0 0 0
Child: 2326.758209 10.217552 104.000000 3048.128652 20162.800000 56.384451 -10.000000 0.000000 0.000000 0.000000 1 0 1 0 0 0 0 0
Child: 56.384451 1.539504 17.000000 20.076440 602.550000 0.000000 0.000000 0.000000 0.000000 0.000000 0 0 1 0 0 0 0 0
EGO_STATUS -5.248206 58.460498 7.400000 1.572606 0.472477 3.000000 -2.940000
DYNAMIC_OBS_INFO 0 -5.750000 53.606342 1.570796 128.595000 -5.750000 187.123177 20.431444 0.645575
DYNAMIC_OBS_INFO 1 -1.750000 54.271017 1.570796 27.505179 -1.750000 85.810955 5.648878 0.203981
STATIC_OBS_INFO 0 -6.300000 66.196164 7.738800 
STATIC_OBS_INFO 1 -6.300000 64.884012 6.441289 
Parent: 52.165971 1.470846 16.000000 0.001392 602.400000 0.000000 0.000000 3.788510 7.000000 0.000000 0 0 0 0 0 0 0 0
EGO_STATUS -5.248332 58.529156 7.500000 1.572642 0.766477 0.000000 2.940000
DYNAMIC_OBS_INFO 0 -5.750000 53.606342 1.570796 130.602533 -5.750000 189.169550 20.496001 0.645575
DYNAMIC_OBS_INFO 1 -1.750000 54.271017 1.570796 28.028072 -1.750000 86.376863 5.669276 0.203981
STATIC_OBS_INFO 0 -6.300000 66.196164 7.700328 
STATIC_OBS_INFO 1 -6.300000 64.884012 6.402977 
Parent: 3789.073856 10.000000 101.000000 20.000000 2055.350000 3626.095694 -10.000000 4.497963 37.000000 0.000000 0 0 1 0 0 0 0 0
Child: 3626.095694 10.217552 104.000000 3097.025869 10237.300000 2326.055616 -10.000000 0.000000 0.000000 0.000000 1 0 1 0 1 0 0 0
Child: 2326.055616 10.217552 104.000000 3047.822710 20162.800000 55.711915 -10.000000 0.000000 0.000000 0.000000 1 0 1 0 0 0 0 0
Child: 55.711915 1.432022 16.000000 20.070091 602.400000 0.000000 0.000000 0.000000 0.000000 0.000000 0 0 1 0 0 0 0 0
EGO_STATUS -5.248404 58.567980 7.600000 1.572654 0.472784 3.000000 -2.940000
DYNAMIC_OBS_INFO 0 -5.750000 53.606342 1.570796 132.586665 -5.750000 191.222378 20.560559 0.645575
DYNAMIC_OBS_INFO 1 -1.750000 54.271017 1.570796 28.523517 -1.750000 86.944810 5.689675 0.203981
STATIC_OBS_INFO 0 -6.300000 66.196164 7.632279 
STATIC_OBS_INFO 1 -6.300000 64.884012 6.335217 
Parent: 51.248359 1.363340 15.000000 0.000358 602.250000 0.000000 0.000000 3.510219 7.000000 0.000000 0 0 0 0 0 0 0 0
EGO_STATUS -5.248532 58.636661 7.700000 1.572667 0.766784 0.000000 2.940000
DYNAMIC_OBS_INFO 0 -5.750000 53.606342 1.570796 134.607095 -5.750000 193.281661 20.625116 0.645575
DYNAMIC_OBS_INFO 1 -1.750000 54.271017 1.570796 29.050737 -1.750000 87.514797 5.710073 0.203981
STATIC_OBS_INFO 0 -6.300000 66.196164 7.593802 
STATIC_OBS_INFO 1 -6.300000 64.884012 6.296908 
Parent: 3788.244042 10.000000 101.000000 20.000000 2055.350000 3625.273761 -10.000000 4.490083 37.000000 0.000000 0 0 1 0 0 0 0 0
Child: 3625.273761 10.217552 104.000000 3096.717596 10237.300000 2325.263969 -10.000000 0.000000 0.000000 0.000000 1 0 1 0 1 0 0 0
Child: 2325.263969 10.217552 104.000000 3047.516550 20162.800000 54.950348 -10.000000 0.000000 0.000000 0.000000 1 0 1 0 0 0 0 0
Child: 54.950348 1.324501 15.000000 20.063786 602.250000 0.000000 0.000000 0.000000 0.000000 0.000000 0 0 1 0 0 0 0 0
EGO_STATUS -5.248605 58.675500 7.800000 1.572665 0.472855 3.000000 -2.940000
DYNAMIC_OBS_INFO 0 -5.750000 53.606342 1.570796 136.604134 -5.750000 195.347401 20.689674 0.645575
DYNAMIC_OBS_INFO 1 -1.750000 54.271017 1.570796 29.550491 -1.750000 88.086825 5.730471 0.203981
STATIC_OBS_INFO 0 -6.300000 66.196164 7.525764 
STATIC_OBS_INFO 1 -6.300000 64.884012 6.229174 
Parent: 50.242108 1.255814 14.000000 0.000708 602.100000 0.000000 0.000000 3.233072 7.000000 0.000000 0 0 0 0 0 0 0 0
EGO_STATUS -5.248733 58.744187 7.900000 1.572653 0.766855 0.000000 2.940000
DYNAMIC_OBS_INFO 0 -5.750000 53.606342 1.570796 138.637472 -5.750000 197.419596 20.754231 0.645575
DYNAMIC_OBS_INFO 1 -1.750000 54.271017 1.570796 30.082026 -1.750000 88.660892 5.750869 0.203981
STATIC_OBS_INFO 0 -6.300000 66.196164 7.487295 
STATIC_OBS_INFO 1 -6.300000 64.884012 6.190880 
Parent: 3787.307430 10.000000 101.000000 20.000000 2055.350000 3624.345024 -10.000000 4.482207 37.000000 0.000000 0 0 1 0 0 0 0 0
Child: 3624.345024 10.217552 104.000000 3096.409272 10237.300000 2324.365524 -10.000000 0.000000 0.000000 0.000000 1 0 1 0 1 0 0 0
Child: 2324.365524 10.217552 104.000000 3047.210338 20162.800000 54.081986 -10.000000 0.000000 0.000000 0.000000 1 0 1 0 0 0 0 0
Child: 54.081986 1.216971 14.000000 20.057507 602.100000 0.000000 0.000000 0.000000 0.000000 0.000000 0 0 1 0 0 0 0 0
EGO_STATUS -5.248804 58.783030 8.000000 1.572637 0.472872 3.000000 -2.940000
DYNAMIC_OBS_INFO 0 -5.750000 53.606342 1.570796 140.647422 -5.750000 199.498247 20.818789 0.645575
DYNAMIC_OBS_INFO 1 -1.750000 54.271017 1.570796 30.586072 -1.750000 89.236998 5.771267 0.203981
STATIC_OBS_INFO 0 -6.300000 66.196164 7.419275 
STATIC_OBS_INFO 1 -6.300000 64.884012 6.123179 
Parent: 49.126249 1.148283 13.000000 0.001768 601.950000 0.000000 0.000000 2.956172 7.000000 0.000000 0 0 0 0 0 0 0 0
EGO_STATUS -5.248928 58.851718 8.100000 1.572600 0.766872 0.000000 2.940000
DYNAMIC_OBS_INFO 0 -5.750000 53.606342 1.570796 142.693672 -5.750000 201.583354 20.883346 0.645575
DYNAMIC_OBS_INFO 1 -1.750000 54.271017 1.570796 31.121903 -1.750000 89.815145 5.791665 0.203981
STATIC_OBS_INFO 0 -6.300000 66.196164 7.380816 
STATIC_OBS_INFO 1 -6.300000 64.884012 6.084904 
Parent: 38.966519 1.109439 13.000000 0.000814 601.950000 0.000000 -10.000000 4.595136 7.000000 0.000000 0 0 0 0 0 0 0 0
EGO_STATUS -5.248997 58.890561 8.200000 1.572570 0.472876 3.000000 -2.940000
DYNAMIC_OBS_INFO 0 -5.750000 53.606342 1.570796 144.761078 -5.750000 203.674916 20.947904 0.645575
DYNAMIC_OBS_INFO 1 -1.750000 54.271017 1.570796 31.674487 -1.750000 90.395331 5.812063 0.203981
STATIC_OBS_INFO 0 -6.300000 66.196164 7.356913 
STATIC_OBS_INFO 1 -6.300000 64.884012 6.061117 
Parent: 3789.410650 10.000000 101.000000 20.000000 2055.350000 3626.421054 -10.000000 4.509398 37.000000 0.000000 0 0 1 0 0 0 0 0
Child: 3626.421054 10.217552 104.000000 3095.986254 10237.300000 2326.483113 -10.000000 0.000000 0.000000 0.000000 1 0 1 0 1 0 0 0
Child: 2326.483113 10.217552 104.000000 3046.790220 20162.800000 56.240851 -10.000000 0.000000 0.000000 0.000000 1 0 1 0 0 0 0 0
Child: 56.240851 1.085296 12.000000 20.049164 601.800000 0.000000 0.000000 0.000000 0.000000 0.000000 0 0 1 0 0 0 0 0
EGO_STATUS -5.249039 58.914705 8.300000 1.572549 0.361120 3.000000 -2.940000
DYNAMIC_OBS_INFO 0 -5.750000 53.606342 1.570796 146.798649 -5.750000 205.772935 21.012461 0.645575
DYNAMIC_OBS_INFO 1 -1.750000 54.271017 1.570796 32.193147 -1.750000 90.977558 5.832461 0.203981
STATIC_OBS_INFO 0 -6.300000 66.196164 7.297088 
STATIC_OBS_INFO 1 -6.300000 64.884012 6.001589 
Parent: 47.478652 1.024860 12.000000 0.002130 601.800000 0.000000 0.000000 3.081731 7.000000 0.000000 0 0 0 0 0 0 0 0
EGO_STATUS -5.249142 58.975140 8.400000 1.572491 0.655120 0.000000 2.940000
DYNAMIC_OBS_INFO 0 -5.750000 53.606342 1.570796 148.869855 -5.750000 207.877409 21.077019 0.645575
DYNAMIC_OBS_INFO 1 -1.750000 54.271017 1.570796 32.740953 -1.750000 91.561824 5.852859 0.203981
STATIC_OBS_INFO 0 -6.300000 66.196164 7.264172 
STATIC_OBS_INFO 1 -6.300000 64.884012 5.968840 
Parent: 42.637806 0.991604 11.000000 0.001058 601.650000 0.000000 -10.000000 4.401468 6.000000 0.000000 0 0 0 0 0 0 0 0
EGO_STATUS -5.249196 59.008396 8.500000 1.572453 0.440579 3.000000 -2.940000
DYNAMIC_OBS_INFO 0 -5.750000 53.606342 1.570796 150.958244 -5.750000 209.988338 21.141576 0.645575
DYNAMIC_OBS_INFO 1 -1.750000 54.271017 1.570796 33.301559 -1.750000 92.148129 5.873257 0.203981
STATIC_OBS_INFO 0 -6.300000 66.196164 7.241876 
STATIC_OBS_INFO 1 -6.300000 64.884012 5.946658 
Parent: 3788.870364 10.000000 101.000000 20.000000 2055.350000 3624.883497 -10.000000 4.506670 36.000000 0.000000 0 0 1 0 0 0 0 0
Child: 3624.883497 10.217552 104.000000 3095.646973 10237.300000 2324.978889 -10.000000 0.000000 0.000000 0.000000 1 0 1 0 1 0 0 0
Child: 2324.978889 10.217552 104.000000 3046.453264 20162.800000 54.769730 -10.000000 0.000000 0.000000 0.000000 1 0 1 0 0 0 0 0
Child: 54.769730 0.969075 11.000000 20.042716 601.650000 0.000000 0.000000 0.000000 0.000000 0.000000 0 0 1 0 0 0 0 0
EGO_STATUS -5.249232 59.030925 8.600000 1.572425 0.343574 3.000000 -2.940000
DYNAMIC_OBS_INFO 0 -5.750000 53.606342 1.570796 153.016426 -5.750000 212.105724 21.206134 0.645575
DYNAMIC_OBS_INFO 1 -1.750000 54.271017 1.570796 33.827839 -1.750000 92.736475 5.893655 0.203981
STATIC_OBS_INFO 0 -6.300000 66.196164 7.183302 
STATIC_OBS_INFO 1 -6.300000 64.884012 5.888390 
Parent: 46.576835 0.909883 11.000000 0.002672 601.650000 0.000000 0.000000 2.810129 6.000000 0.000000 0 0 0 0 0 0 0 0
EGO_STATUS -5.249325 59.090117 8.700000 1.572349 0.637574 0.000000 2.940000
DYNAMIC_OBS_INFO 0 -5.750000 53.606342 1.570796 155.107877 -5.750000 214.229565 21.270691 0.645575
DYNAMIC_OBS_INFO 1 -1.750000 54.271017 1.570796 34.382905 -1.750000 93.326860 5.914053 0.203981
STATIC_OBS_INFO 0 -6.300000 66.196164 7.151266 
STATIC_OBS_INFO 1 -6.300000 64.884012 5.856525 
Parent: 40.731421 0.877505 10.000000 0.001315 601.500000 0.000000 -10.000000 3.949400 6.000000 0.000000 0 0 0 0 0 0 0 0
EGO_STATUS -5.249373 59.122496 8.800000 1.572302 0.434374 3.000000 -2.940000
DYNAMIC_OBS_INFO 0 -5.750000 53.606342 1.570796 157.215945 -5.750000 216.359862 21.335249 0.645575
DYNAMIC_OBS_INFO 1 -1.750000 54.271017 1.570796 34.950202 -1.750000 93.919286 5.934451 0.203981
STATIC_OBS_INFO 0 -6.300000 66.196164 7.129284 
STATIC_OBS_INFO 1 -6.300000 64.884012 5.834663 
Parent: 40.331707 0.855286 10.000000 0.000836 601.500000 0.000000 -10.000000 4.886184 6.000000 0.000000 0 0 0 0 0 0 0 0
EGO_STATUS -5.249404 59.144714 8.900000 1.572268 0.340083 3.000000 -2.940000
DYNAMIC_OBS_INFO 0 -5.750000 53.606342 1.570796 159.335183 -5.750000 218.496615 21.399806 0.645575
DYNAMIC_OBS_INFO 1 -1.750000 54.271017 1.570796 35.524313 -1.750000 94.513751 5.954849 0.203981
STATIC_OBS_INFO 0 -6.300000 66.196164 7.111968 
STATIC_OBS_INFO 1 -6.300000 64.884012 5.817441 
Parent: 38270.792887 10.000000 101.000000 340020.000000 2830.250000 4366.722288 -10.000000 4.501292 36.000000 0.000000 0 0 1 0 0 0 0 34
Child: 4366.722288 10.000000 101.000000 20.000000 20730.250000 2322.242090 -10.000000 0.000000 0.000000 0.000000 0 0 1 0 0 0 0 0
Child: 2322.242090 10.217552 104.000000 3046.064460 20162.800000 52.071130 -10.000000 0.000000 0.000000 0.000000 1 0 1 0 0 0 0 0
Child: 52.071130 0.837782 10.000000 20.035685 601.500000 0.000000 0.000000 0.000000 0.000000 0.000000 0 0 1 0 0 0 0 0
EGO_STATUS -5.249429 59.162218 9.000000 1.572241 0.282305 3.000000 -2.940000
DYNAMIC_OBS_INFO 0 -5.750000 53.606342 1.570796 161.423409 -5.750000 220.639824 21.464364 0.645575
DYNAMIC_OBS_INFO 1 -1.750000 54.271017 1.570796 36.063259 -1.750000 95.110256 5.975248 0.203981
STATIC_OBS_INFO 0 -6.300000 66.196164 7.057593 
STATIC_OBS_INFO 1 -6.300000 64.884012 5.763368 
Parent: 48.975317 0.782810 9.000000 0.002650 601.350000 0.000000 0.000000 2.670317 6.000000 0.000000 0 0 0 0 0 0 0 0
EGO_STATUS -5.249504 59.217190 9.100000 1.572154 0.576305 0.000000 2.940000
DYNAMIC_OBS_INFO 0 -5.750000 53.606342 1.570796 163.543748 -5.750000 222.789488 21.528922 0.645575
DYNAMIC_OBS_INFO 1 -1.750000 54.271017 1.570796 36.629848 -1.750000 95.708800 5.995646 0.203981
STATIC_OBS_INFO 0 -6.300000 66.196164 7.028600 
STATIC_OBS_INFO 1 -6.300000 64.884012 5.734540 
Parent: 37.931723 0.753495 9.000000 0.001386 601.350000 0.000000 -10.000000 3.585584 6.000000 0.000000 0 0 0 0 0 0 0 0
EGO_STATUS -5.249541 59.246505 9.200000 1.572104 0.410291 3.000000 -2.940000
DYNAMIC_OBS_INFO 0 -5.750000 53.606342 1.570796 165.678844 -5.750000 224.945608 21.593479 0.645575
DYNAMIC_OBS_INFO 1 -1.750000 54.271017 1.570796 37.206810 -1.750000 96.309385 6.016044 0.203981
STATIC_OBS_INFO 0 -6.300000 66.196164 7.007819 
STATIC_OBS_INFO 1 -6.300000 64.884012 5.713877 
Parent: 37.299745 0.732480 9.000000 0.000893 601.350000 0.000000 -10.000000 4.357774 6.000000 0.000000 0 0 0 0 0 0 0 0
EGO_STATUS -5.249567 59.267520 9.300000 1.572068 0.326172 3.000000 -2.940000
DYNAMIC_OBS_INFO 0 -5.750000 53.606342 1.570796 167.824601 -5.750000 227.108184 21.658037 0.645575
DYNAMIC_OBS_INFO 1 -1.750000 54.271017 1.570796 37.790071 -1.750000 96.912009 6.036442 0.203981
STATIC_OBS_INFO 0 -6.300000 66.196164 6.991198 
STATIC_OBS_INFO 1 -6.300000 64.884012 5.697352 
Parent: 88931.886084 10.000000 101.000000 860020.000000 2055.350000 3619.379595 -10.000000 4.511439 36.000000 0.000000 0 0 1 0 0 0 0 86
Child: 3619.379595 10.217552 104.000000 3094.899149 10237.300000 2319.548458 -10.000000 0.000000 0.000000 0.000000 1 0 1 0 1 0 0 0
Child: 2319.548458 10.217552 104.000000 3045.717962 20162.800000 49.411540 -10.000000 0.000000 0.000000 0.000000 1 0 1 0 0 0 0 0
Child: 49.411540 0.715672 9.000000 20.029596 601.350000 0.000000 0.000000 0.000000 0.000000 0.000000 0 0 1 0 0 0 0 0
EGO_STATUS -5.249587 59.284328 9.400000 1.572038 0.273028 3.000000 -2.940000
DYNAMIC_OBS_INFO 0 -5.750000 53.606342 1.570796 169.939274 -5.750000 229.277215 21.722594 0.645575
DYNAMIC_OBS_INFO 1 -1.750000 54.271017 1.570796 38.338060 -1.750000 97.516673 6.056840 0.203981
STATIC_OBS_INFO 0 -6.300000 66.196164 6.937460 
STATIC_OBS_INFO 1 -6.300000 64.884012 5.643931 
Parent: 45.990751 0.661322 8.000000 0.002846 601.200000 0.000000 0.000000 2.292167 6.000000 0.000000 0 0 0 0 0 0 0 0
EGO_STATUS -5.249650 59.338678 9.500000 1.571942 0.567028 0.000000 2.940000
DYNAMIC_OBS_INFO 0 -5.750000 53.606342 1.570796 172.085900 -5.750000 231.452702 21.787152 0.645575
DYNAMIC_OBS_INFO 1 -1.750000 54.271017 1.570796 38.913538 -1.750000 98.123377 6.077238 0.203981
STATIC_OBS_INFO 0 -6.300000 66.196164 6.908938 
STATIC_OBS_INFO 1 -6.300000 64.884012 5.615581 
Parent: 34.568689 0.632471 8.000000 0.001482 601.200000 0.000000 -10.000000 3.038405 6.000000 0.000000 0 0 0 0 0 0 0 0
EGO_STATUS -5.249680 59.367529 9.600000 1.571890 0.406318 3.000000 -2.940000
DYNAMIC_OBS_INFO 0 -5.750000 53.606342 1.570796 174.247018 -5.750000 233.634645 21.851709 0.645575
DYNAMIC_OBS_INFO 1 -1.750000 54.271017 1.570796 39.499121 -1.750000 98.732121 6.097636 0.203981
STATIC_OBS_INFO 0 -6.300000 66.196164 6.888362 
STATIC_OBS_INFO 1 -6.300000 64.884012 5.595130 
Parent: 33.630498 0.611655 8.000000 0.000948 601.200000 0.000000 -10.000000 3.664572 6.000000 0.000000 0 0 0 0 0 0 0 0
EGO_STATUS -5.249701 59.388345 9.700000 1.571851 0.323821 3.000000 -2.940000
DYNAMIC_OBS_INFO 0 -5.750000 53.606342 1.570796 176.418717 -5.750000 235.823044 21.916267 0.645575
DYNAMIC_OBS_INFO 1 -1.750000 54.271017 1.570796 40.090913 -1.750000 99.342904 6.118034 0.203981
STATIC_OBS_INFO 0 -6.300000 66.196164 6.871864 
STATIC_OBS_INFO 1 -6.300000 64.884012 5.578733 
Parent: 39.314178 0.594964 7.000000 0.000669 601.050000 0.000000 -10.000000 4.227987 6.000000 0.000000 0 0 0 0 0 0 0 0
EGO_STATUS -5.249717 59.405036 9.800000 1.571821 0.271441 3.000000 -2.940000
DYNAMIC_OBS_INFO 0 -5.750000 53.606342 1.570796 178.599491 -5.750000 238.017899 21.980824 0.645575
DYNAMIC_OBS_INFO 1 -1.750000 54.271017 1.570796 40.687413 -1.750000 99.955727 6.138432 0.203981
STATIC_OBS_INFO 0 -6.300000 66.196164 6.857955 
STATIC_OBS_INFO 1 -6.300000 64.884012 5.564911 
Parent: 38.626634 0.580892 7.000000 0.000502 601.050000 0.000000 -10.000000 4.748744 6.000000 0.000000 0 0 0 0 0 0 0 0
EGO_STATUS -5.249730 59.419108 9.900000 1.571795 0.234651 3.000000 -2.940000
DYNAMIC_OBS_INFO 0 -5.750000 53.606342 1.570796 180.788560 -5.750000 240.219209 22.045382 0.645575
DYNAMIC_OBS_INFO 1 -1.750000 54.271017 1.570796 41.287844 -1.750000 100.570590 6.158830 0.203981
STATIC_OBS_INFO 0 -6.300000 66.196164 6.845866 
STATIC_OBS_INFO 1 -6.300000 64.884012 5.552897 
NO_CANDIDATE
EGO_STATUS -5.249741 59.431341 10.000000 1.571772 0.207170 3.000000 -2.940000
DYNAMIC_OBS_INFO 0 -5.750000 53.606342 1.570796 182.971853 -5.750000 242.426975 22.109939 0.645575
DYNAMIC_OBS_INFO 1 -1.750000 54.271017 1.570796 41.878181 -1.750000 101.187493 6.179228 0.203981
STATIC_OBS_INFO 0 -6.300000 66.196164 6.821688 
STATIC_OBS_INFO 1 -6.300000 64.884012 5.528871 
NO_CANDIDATE
EGO_STATUS -5.249763 59.455806 10.100000 1.571727 0.152209 3.000000 -2.940000
DYNAMIC_OBS_INFO 0 -5.750000 53.606342 1.570796 185.161601 -5.750000 244.641197 22.174497 0.645575
DYNAMIC_OBS_INFO 1 -1.750000 54.271017 1.570796 42.470610 -1.750000 101.806436 6.199626 0.203981
STATIC_OBS_INFO 0 -6.300000 66.196164 6.797512 
STATIC_OBS_INFO 1 -6.300000 64.884012 5.504849 
NO_CANDIDATE
EGO_STATUS -5.249785 59.480271 10.200000 1.571682 0.097248 3.000000 -2.940000
DYNAMIC_OBS_INFO 0 -5.750000 53.606342 1.570796 187.357806 -5.750000 246.861874 22.239054 0.645575
DYNAMIC_OBS_INFO 1 -1.750000 54.271017 1.570796 43.065129 -1.750000 102.427419 6.220024 0.203981
STATIC_OBS_INFO 0 -6.300000 66.196164 6.773339 
STATIC_OBS_INFO 1 -6.300000 64.884012 5.480831 
NO_CANDIDATE
EGO_STATUS -5.249808 59.504736 10.300000 1.571637 0.042287 3.000000 -2.940000
DYNAMIC_OBS_INFO 0 -5.750000 53.606342 1.570796 189.560466 -5.750000 249.089008 22.303612 0.645575
DYNAMIC_OBS_INFO 1 -1.750000 54.271017 1.570796 43.661735 -1.750000 103.050441 6.240422 0.203981
STATIC_OBS_INFO 0 -6.300000 66.196164 6.749167 
STATIC_OBS_INFO 1 -6.300000 64.884012 5.456818 
NO_CANDIDATE
EGO_STATUS -5.249828 59.529201 10.400000 1.571592 0.010000 3.000000 -2.940000
DYNAMIC_OBS_INFO 0 -5.750000 53.606342 1.570796 191.769583 -5.750000 251.322597 22.368169 0.645575
DYNAMIC_OBS_INFO 1 -1.750000 54.271017 1.570796 44.260427 -1.750000 103.675503 6.260820 0.203981
STATIC_OBS_INFO 0 -6.300000 66.196164 6.724998 
STATIC_OBS_INFO 1 -6.300000 64.884012 5.432808 
NO_CANDIDATE
EGO_STATUS -5.249846 59.553666 10.500000 1.571547 0.010000 3.000000 -2.940000
DYNAMIC_OBS_INFO 0 -5.750000 53.606342 1.570796 194.009620 -5.750000 253.562642 22.432727 0.645575
DYNAMIC_OBS_INFO 1 -1.750000 54.271017 1.570796 44.885593 -1.750000 104.302605 6.281219 0.203981
STATIC_OBS_INFO 0 -6.300000 66.196164 6.724998 
STATIC_OBS_INFO 1 -6.300000 64.884012 5.432808 
NO_CANDIDATE
EGO_STATUS -5.249846 59.553666 10.600000 1.571547 0.010000 3.000000 -2.940000
DYNAMIC_OBS_INFO 0 -5.750000 53.606342 1.570796 196.256113 -5.750000 255.809142 22.497284 0.645575
DYNAMIC_OBS_INFO 1 -1.750000 54.271017 1.570796 45.512846 -1.750000 104.931747 6.301617 0.203981
STATIC_OBS_INFO 0 -6.300000 66.196164 6.724998 
STATIC_OBS_INFO 1 -6.300000 64.884012 5.432808 
NO_CANDIDATE
EGO_STATUS -5.249846 59.553666 10.700000 1.571547 0.010000 3.000000 -2.940000
DYNAMIC_OBS_INFO 0 -5.750000 53.606342 1.570796 198.509062 -5.750000 258.062098 22.561842 0.645575
DYNAMIC_OBS_INFO 1 -1.750000 54.271017 1.570796 46.142184 -1.750000 105.562928 6.322015 0.203981
STATIC_OBS_INFO 0 -6.300000 66.196164 6.724998 
STATIC_OBS_INFO 1 -6.300000 64.884012 5.432808 
NO_CANDIDATE
EGO_STATUS -5.249846 59.553666 10.800000 1.571547 0.010000 3.000000 -2.940000
DYNAMIC_OBS_INFO 0 -5.750000 53.606342 1.570796 200.768467 -5.750000 260.321510 22.626399 0.645575
DYNAMIC_OBS_INFO 1 -1.750000 54.271017 1.570796 46.773606 -1.750000 106.196150 6.342413 0.203981
STATIC_OBS_INFO 0 -6.300000 66.196164 6.724998 
STATIC_OBS_INFO 1 -6.300000 64.884012 5.432808 
NO_CANDIDATE
EGO_STATUS -5.249846 59.553666 10.900000 1.571547 0.010000 3.000000 -2.940000
DYNAMIC_OBS_INFO 0 -5.750000 53.606342 1.570796 203.034328 -5.750000 262.587378 22.690957 0.645575
DYNAMIC_OBS_INFO 1 -1.750000 54.271017 1.570796 47.407110 -1.750000 106.831411 6.362811 0.203981
STATIC_OBS_INFO 0 -6.300000 66.196164 6.724998 
STATIC_OBS_INFO 1 -6.300000 64.884012 5.432808 
NO_CANDIDATE
EGO_STATUS -5.249846 59.553666 11.000000 1.571547 0.010000 3.000000 -2.940000
DYNAMIC_OBS_INFO 0 -5.750000 53.606342 1.570796 205.306645 -5.750000 264.859702 22.755514 0.645575
DYNAMIC_OBS_INFO 1 -1.750000 54.271017 1.570796 48.042695 -1.750000 107.468712 6.383209 0.203981
STATIC_OBS_INFO 0 -6.300000 66.196164 6.724998 
STATIC_OBS_INFO 1 -6.300000 64.884012 5.432808 
NO_CANDIDATE
EGO_STATUS -5.249846 59.553666 11.100000 1.571547 0.010000 3.000000 -2.940000
DYNAMIC_OBS_INFO 0 -5.750000 53.606342 1.570796 207.585417 -5.750000 267.138481 22.820072 0.645575
DYNAMIC_OBS_INFO 1 -1.750000 54.271017 1.570796 48.680359 -1.750000 108.108053 6.403607 0.203981
STATIC_OBS_INFO 0 -6.300000 66.196164 6.724998 
STATIC_OBS_INFO 1 -6.300000 64.884012 5.432808 
NO_CANDIDATE
EGO_STATUS -5.249846 59.553666 11.200000 1.571547 0.010000 3.000000 -2.940000
DYNAMIC_OBS_INFO 0 -5.750000 53.606342 1.570796 209.870646 -5.750000 269.423716 22.884629 0.645575
DYNAMIC_OBS_INFO 1 -1.750000 54.271017 1.570796 49.320102 -1.750000 108.749433 6.424005 0.203981
STATIC_OBS_INFO 0 -6.300000 66.196164 6.724998 
STATIC_OBS_INFO 1 -6.300000 64.884012 5.432808 
NO_CANDIDATE
EGO_STATUS -5.249846 59.553666 11.300000 1.571547 0.010000 3.000000 -2.940000
DYNAMIC_OBS_INFO 0 -5.750000 53.606342 1.570796 212.162330 -5.750000 271.715407 22.949187 0.645575
DYNAMIC_OBS_INFO 1 -1.750000 54.271017 1.570796 49.961921 -1.750000 109.392854 6.444403 0.203981
STATIC_OBS_INFO 0 -6.300000 66.196164 6.724998 
STATIC_OBS_INFO 1 -6.300000 64.884012 5.432808 
NO_CANDIDATE
EGO_STATUS -5.249846 59.553666 11.400000 1.571547 0.010000 3.000000 -2.940000
DYNAMIC_OBS_INFO 0 -5.750000 53.606342 1.570796 214.460471 -5.750000 274.013554 23.013744 0.645575
DYNAMIC_OBS_INFO 1 -1.750000 54.271017 1.570796 50.605816 -1.750000 110.038314 6.464801 0.203981
STATIC_OBS_INFO 0 -6.300000 66.196164 6.724998 
STATIC_OBS_INFO 1 -6.300000 64.884012 5.432808 
NO_CANDIDATE
EGO_STATUS -5.249846 59.553666 11.500000 1.571547 0.010000 3.000000 -2.940000
DYNAMIC_OBS_INFO 0 -5.750000 53.606342 1.570796 216.765067 -5.750000 276.318156 23.078302 0.645575
DYNAMIC_OBS_INFO 1 -1.750000 54.271017 1.570796 51.251785 -1.750000 110.685814 6.485199 0.203981
STATIC_OBS_INFO 0 -6.300000 66.196164 6.724998 
STATIC_OBS_INFO 1 -6.300000 64.884012 5.432808 
NO_CANDIDATE
EGO_STATUS -5.249846 59.553666 11.600000 1.571547 0.010000 3.000000 -2.940000
DYNAMIC_OBS_INFO 0 -5.750000 53.606342 1.570796 219.076119 -5.750000 278.629214 23.142859 0.645575
DYNAMIC_OBS_INFO 1 -1.750000 54.271017 1.570796 51.899827 -1.750000 111.335354 6.505597 0.203981
STATIC_OBS_INFO 0 -6.300000 66.196164 6.724998 
STATIC_OBS_INFO 1 -6.300000 64.884012 5.432808 
NO_CANDIDATE
EGO_STATUS -5.249846 59.553666 11.700000 1.571547 0.010000 3.000000 -2.940000
DYNAMIC_OBS_INFO 0 -5.750000 53.606342 1.570796 221.393627 -5.750000 280.946728 23.207417 0.645575
DYNAMIC_OBS_INFO 1 -1.750000 54.271017 1.570796 52.549942 -1.750000 111.986933 6.525995 0.203981
STATIC_OBS_INFO 0 -6.300000 66.196164 6.724998 
STATIC_OBS_INFO 1 -6.300000 64.884012 5.432808 
NO_CANDIDATE
EGO_STATUS -5.249846 59.553666 11.800000 1.571547 0.010000 3.000000 -2.940000
DYNAMIC_OBS_INFO 0 -5.750000 53.606342 1.570796 223.717590 -5.750000 283.270697 23.271974 0.645575
DYNAMIC_OBS_INFO 1 -1.750000 54.271017 1.570796 53.202128 -1.750000 112.640553 6.546393 0.203981
STATIC_OBS_INFO 0 -6.300000 66.196164 6.724998 
STATIC_OBS_INFO 1 -6.300000 64.884012 5.432808 
NO_CANDIDATE
EGO_STATUS -5.249846 59.553666 11.900000 1.571547 0.010000 3.000000 -2.940000
DYNAMIC_OBS_INFO 0 -5.750000 53.606342 1.570796 226.048010 -5.750000 285.601123 23.336532 0.645575
DYNAMIC_OBS_INFO 1 -1.750000 54.271017 1.570796 53.856385 -1.750000 113.296212 6.566791 0.203981
STATIC_OBS_INFO 0 -6.300000 66.196164 6.724998 
STATIC_OBS_INFO 1 -6.300000 64.884012 5.432808 
NO_CANDIDATE
EGO_STATUS -5.249846 59.553666 12.000000 1.571547 0.010000 3.000000 -2.940000
DYNAMIC_OBS_INFO 0 -5.750000 53.606342 1.570796 228.384885 -5.750000 287.938004 23.401090 0.645575
DYNAMIC_OBS_INFO 1 -1.750000 54.271017 1.570796 54.512710 -1.750000 113.953911 6.587190 0.203981
STATIC_OBS_INFO 0 -6.300000 66.196164 6.724998 
STATIC_OBS_INFO 1 -6.300000 64.884012 5.432808 
NO_CANDIDATE
EGO_STATUS -5.249846 59.553666 12.100000 1.571547 0.010000 3.000000 -2.940000
DYNAMIC_OBS_INFO 0 -5.750000 53.606342 1.570796 230.728216 -5.750000 290.281341 23.465647 0.645575
DYNAMIC_OBS_INFO 1 -1.750000 54.271017 1.570796 55.171104 -1.750000 114.613650 6.607588 0.203981
STATIC_OBS_INFO 0 -6.300000 66.196164 6.724998 
STATIC_OBS_INFO 1 -6.300000 64.884012 5.432808 
NO_CANDIDATE
EGO_STATUS -5.249846 59.553666 12.200000 1.571547 0.010000 3.000000 -2.940000
DYNAMIC_OBS_INFO 0 -5.750000 53.606342 1.570796 233.078004 -5.750000 292.631133 23.530205 0.645575
DYNAMIC_OBS_INFO 1 -1.750000 54.271017 1.570796 55.831566 -1.750000 115.275429 6.627986 0.203981
STATIC_OBS_INFO 0 -6.300000 66.196164 6.724998 
STATIC_OBS_INFO 1 -6.300000 64.884012 5.432808 
NO_CANDIDATE
EGO_STATUS -5.249846 59.553666 12.300000 1.571547 0.010000 3.000000 -2.940000
DYNAMIC_OBS_INFO 0 -5.750000 53.606342 1.570796 235.434247 -5.750000 294.987382 23.594762 0.645575
DYNAMIC_OBS_INFO 1 -1.750000 54.271017 1.570796 56.494094 -1.750000 115.939247 6.648384 0.203981
STATIC_OBS_INFO 0 -6.300000 66.196164 6.724998 
STATIC_OBS_INFO 1 -6.300000 64.884012 5.432808 
NO_CANDIDATE
EGO_STATUS -5.249846 59.553666 12.400000 1.571547 0.010000 3.000000 -2.940000
DYNAMIC_OBS_INFO 0 -5.750000 53.606342 1.570796 237.796945 -5.750000 297.350086 23.659320 0.645575
DYNAMIC_OBS_INFO 1 -1.750000 54.271017 1.570796 57.158688 -1.750000 116.605105 6.668782 0.203981
STATIC_OBS_INFO 0 -6.300000 66.196164 6.724998 
STATIC_OBS_INFO 1 -6.300000 64.884012 5.432808 
NO_CANDIDATE
EGO_STATUS -5.249846 59.553666 12.500000 1.571547 0.010000 3.000000 -2.940000
DYNAMIC_OBS_INFO 0 -5.750000 53.606342 1.570796 240.166100 -5.750000 299.719245 23.723877 0.645575
DYNAMIC_OBS_INFO 1 -1.750000 54.271017 1.570796 57.825347 -1.750000 117.273003 6.689180 0.203981
STATIC_OBS_INFO 0 -6.300000 66.196164 6.724998 
STATIC_OBS_INFO 1 -6.300000 64.884012 5.432808 
NO_CANDIDATE
EGO_STATUS -5.249846 59.553666 12.600000 1.571547 0.010000 3.000000 -2.940000
DYNAMIC_OBS_INFO 0 -5.750000 53.606342 1.570796 242.541711 -5.750000 302.094861 23.788435 0.645575
DYNAMIC_OBS_INFO 1 -1.750000 54.271017 1.570796 58.494071 -1.750000 117.942941 6.709578 0.203981
STATIC_OBS_INFO 0 -6.300000 66.196164 6.724998 
STATIC_OBS_INFO 1 -6.300000 64.884012 5.432808 
NO_CANDIDATE
EGO_STATUS -5.249846 59.553666 12.700000 1.571547 0.010000 3.000000 -2.940000
DYNAMIC_OBS_INFO 0 -5.750000 53.606342 1.570796 244.923777 -5.750000 304.476932 23.852992 0.645575
DYNAMIC_OBS_INFO 1 -1.750000 54.271017 1.570796 59.164859 -1.750000 118.614919 6.729976 0.203981
STATIC_OBS_INFO 0 -6.300000 66.196164 6.724998 
STATIC_OBS_INFO 1 -6.300000 64.884012 5.432808 
NO_CANDIDATE
EGO_STATUS -5.249846 59.553666 12.800000 1.571547 0.010000 3.000000 -2.940000
DYNAMIC_OBS_INFO 0 -5.750000 53.606342 1.570796 247.312299 -5.750000 306.865459 23.917550 0.645575
DYNAMIC_OBS_INFO 1 -1.750000 54.271017 1.570796 59.837709 -1.750000 119.288937 6.750374 0.203981
STATIC_OBS_INFO 0 -6.300000 66.196164 6.724998 
STATIC_OBS_INFO 1 -6.300000 64.884012 5.432808 
NO_CANDIDATE
EGO_STATUS -5.249846 59.553666 12.900000 1.571547 0.010000 3.000000 -2.940000
DYNAMIC_OBS_INFO 0 -5.750000 53.606342 1.570796 249.707277 -5.750000 309.260442 23.982107 0.645575
DYNAMIC_OBS_INFO 1 -1.750000 54.271017 1.570796 60.512622 -1.750000 119.964994 6.770772 0.203981
STATIC_OBS_INFO 0 -6.300000 66.196164 6.724998 
STATIC_OBS_INFO 1 -6.300000 64.884012 5.432808 
Parent: 49486.057953 10.000000 101.000000 20.000000 205711.750000 29157.667795 -10.000000 4.909960 36.000000 0.000000 0 0 1 0 0 0 0 0
Child: 29157.667795 25.041095 252.000000 3096.570957 289966.200000 46.189355 -10.000000 0.000000 0.000000 0.000000 1 0 1 0 0 0 0 0
Child: 46.189355 0.446334 6.000000 20.016730 600.900000 0.000000 0.000000 0.000000 0.000000 0.000000 0 0 1 0 0 0 0 0
EGO_STATUS -5.249846 59.553666 13.000000 1.571547 0.010000 3.000000 -2.940000
DYNAMIC_OBS_INFO 0 -5.750000 53.606342 1.570796 252.069867 -5.750000 311.661881 24.046665 0.645575
DYNAMIC_OBS_INFO 1 -1.750000 54.271017 1.570796 61.150818 -1.750000 120.643091 6.791170 0.203981
STATIC_OBS_INFO 0 -6.300000 66.196164 6.686630 
STATIC_OBS_INFO 1 -6.300000 64.884012 5.394698 
Parent: 37.405656 0.407490 6.000000 0.000846 600.900000 0.000000 0.000000 2.595478 6.000000 0.000000 0 0 0 0 0 0 0 0
EGO_STATUS -5.249871 59.592510 13.100000 1.571476 0.304000 0.000000 2.940000
DYNAMIC_OBS_INFO 0 -5.750000 53.606342 1.570796 254.462057 -5.750000 314.069775 24.111222 0.645575
DYNAMIC_OBS_INFO 1 -1.750000 54.271017 1.570796 61.814178 -1.750000 121.323228 6.811568 0.203981
STATIC_OBS_INFO 0 -6.300000 66.196164 6.671124 
STATIC_OBS_INFO 1 -6.300000 64.884012 5.379297 
Parent: 26.163344 0.391790 5.000000 0.000606 500.750000 0.000000 -10.000000 2.925531 6.000000 0.000000 0 0 0 0 0 0 0 0
EGO_STATUS -5.249880 59.608210 13.200000 1.571448 0.257842 3.000000 -2.940000
DYNAMIC_OBS_INFO 0 -5.750000 53.606342 1.570796 256.863010 -5.750000 316.484125 24.175780 0.645575
DYNAMIC_OBS_INFO 1 -1.750000 54.271017 1.570796 62.481902 -1.750000 122.005405 6.831966 0.203981
STATIC_OBS_INFO 0 -6.300000 66.196164 6.657898 
STATIC_OBS_INFO 1 -6.300000 64.884012 5.366162 
Parent: 25.121782 0.378398 5.000000 0.000457 500.750000 0.000000 -10.000000 3.225201 6.000000 0.000000 0 0 0 0 0 0 0 0
EGO_STATUS -5.249888 59.621602 13.300000 1.571424 0.224651 3.000000 -2.940000
DYNAMIC_OBS_INFO 0 -5.750000 53.606342 1.570796 259.272079 -5.750000 318.904931 24.240337 0.645575
DYNAMIC_OBS_INFO 1 -1.750000 54.271017 1.570796 63.153341 -1.750000 122.689621 6.852364 0.203981
STATIC_OBS_INFO 0 -6.300000 66.196164 6.646311 
STATIC_OBS_INFO 1 -6.300000 64.884012 5.354655 
Parent: 24.222500 0.366665 5.000000 0.000358 500.750000 0.000000 -10.000000 3.500940 6.000000 0.000000 0 0 0 0 0 0 0 0
EGO_STATUS -5.249894 59.633335 13.400000 1.571403 0.199467 3.000000 -2.940000
DYNAMIC_OBS_INFO 0 -5.750000 53.606342 1.570796 261.688863 -5.750000 321.332193 24.304895 0.645575
DYNAMIC_OBS_INFO 1 -1.750000 54.271017 1.570796 63.828097 -1.750000 123.375878 6.872762 0.203981
STATIC_OBS_INFO 0 -6.300000 66.196164 6.635969 
STATIC_OBS_INFO 1 -6.300000 64.884012 5.344385 
Parent: 23.429487 0.356192 5.000000 0.000289 500.750000 0.000000 -10.000000 3.756838 6.000000 0.000000 0 0 0 0 0 0 0 0
EGO_STATUS -5.249900 59.643808 13.500000 1.571385 0.179623 3.000000 -2.940000
DYNAMIC_OBS_INFO 0 -5.750000 53.606342 1.570796 264.113094 -5.750000 323.765910 24.369452 0.645575
DYNAMIC_OBS_INFO 1 -1.750000 54.271017 1.570796 64.505902 -1.750000 124.064174 6.893161 0.203981
STATIC_OBS_INFO 0 -6.300000 66.196164 6.626607 
STATIC_OBS_INFO 1 -6.300000 64.884012 5.335088 
Parent: 22.718828 0.346711 5.000000 0.000238 500.750000 0.000000 -10.000000 3.995722 6.000000 0.000000 0 0 0 0 0 0 0 0
EGO_STATUS -5.249905 59.653289 13.600000 1.571368 0.163541 3.000000 -2.940000
DYNAMIC_OBS_INFO 0 -5.750000 53.606342 1.570796 266.544586 -5.750000 326.206083 24.434010 0.645575
DYNAMIC_OBS_INFO 1 -1.750000 54.271017 1.570796 65.186567 -1.750000 124.754510 6.913559 0.203981
STATIC_OBS_INFO 0 -6.300000 66.196164 6.618039 
STATIC_OBS_INFO 1 -6.300000 64.884012 5.326580 
Parent: 22.073765 0.338034 5.000000 0.000199 500.750000 0.000000 -10.000000 4.219668 6.000000 0.000000 0 0 0 0 0 0 0 0
EGO_STATUS -5.249909 59.661966 13.700000 1.571353 0.150218 3.000000 -2.940000
DYNAMIC_OBS_INFO 0 -5.750000 53.606342 1.570796 268.983200 -5.750000 328.652712 24.498567 0.645575
DYNAMIC_OBS_INFO 1 -1.750000 54.271017 1.570796 65.869956 -1.750000 125.446885 6.933957 0.203981
STATIC_OBS_INFO 0 -6.300000 66.196164 6.610129 
STATIC_OBS_INFO 1 -6.300000 64.884012 5.318726 
Parent: 21.482072 0.330023 5.000000 0.000169 500.750000 0.000000 -10.000000 4.430270 6.000000 0.000000 0 0 0 0 0 0 0 0
EGO_STATUS -5.249913 59.669977 13.800000 1.571340 0.138985 3.000000 -2.940000
DYNAMIC_OBS_INFO 0 -5.750000 53.606342 1.570796 271.428831 -5.750000 331.105797 24.563125 0.645575
DYNAMIC_OBS_INFO 1 -1.750000 54.271017 1.570796 66.555962 -1.750000 126.141301 6.954355 0.203981
STATIC_OBS_INFO 0 -6.300000 66.196164 6.602774 
STATIC_OBS_INFO 1 -6.300000 64.884012 5.311422 
Parent: 20.934549 0.322574 5.000000 0.000146 500.750000 0.000000 -10.000000 4.628794 6.000000 0.000000 0 0 0 0 0 0 0 0
EGO_STATUS -5.249916 59.677426 13.900000 1.571327 0.129377 3.000000 -2.940000
DYNAMIC_OBS_INFO 0 -5.750000 53.606342 1.570796 273.881398 -5.750000 333.565337 24.627682 0.645575
DYNAMIC_OBS_INFO 1 -1.750000 54.271017 1.570796 67.244504 -1.750000 126.837756 6.974753 0.203981
STATIC_OBS_INFO 0 -6.300000 66.196164 6.595893 
STATIC_OBS_INFO 1 -6.300000 64.884012 5.304591 
Parent: 20.424093 0.315605 5.000000 0.000126 500.750000 0.000000 -10.000000 4.816270 6.000000 0.000000 0 0 0 0 0 0 0 0
EGO_STATUS -5.249919 59.684395 14.000000 1.571315 0.121058 3.000000 -2.940000
DYNAMIC_OBS_INFO 0 -5.750000 53.606342 1.570796 276.340838 -5.750000 336.031333 24.692240 0.645575
DYNAMIC_OBS_INFO 1 -1.750000 54.271017 1.570796 67.935518 -1.750000 127.536252 6.995151 0.203981
STATIC_OBS_INFO 0 -6.300000 66.196164 6.589423 
STATIC_OBS_INFO 1 -6.300000 64.884012 5.298167 
Parent: 19.945107 0.309052 5.000000 0.000111 500.750000 0.000000 -10.000000 4.993556 6.000000 0.000000 0 0 0 0 0 0 0 0
EGO_STATUS -5.249922 59.690948 14.100000 1.571305 0.113780 3.000000 -2.940000
DYNAMIC_OBS_INFO 0 -5.750000 53.606342 1.570796 278.807096 -5.750000 338.503785 24.756797 0.645575
DYNAMIC_OBS_INFO 1 -1.750000 54.271017 1.570796 68.628952 -1.750000 128.236787 7.015549 0.203981
STATIC_OBS_INFO 0 -6.300000 66.196164 6.583313 
STATIC_OBS_INFO 1 -6.300000 64.884012 5.292100 
TIMEOUT
