STATIC_OBS_INIT_INFO 0 -6.300000 65.105937
STATIC_OBS_INIT_INFO 1 -6.300000 65.386103
Parent: -28.356053 10.000000 101.000000 0.000000 15.150000 17.723183 -10.000000 2.420763 40.000000 0.000000 0 0 0 0 0 0 0 0
Child: 17.723183 24.645494 248.000000 9.269843 269.700000 0.000000 -10.000000 0.000000 0.000000 0.000000 0 0 0 0 0 0 0 0
EGO_STATUS -5.750000 15.363196 0.000000 1.570796 14.311806 4.000000 0.000000
DYNAMIC_OBS_INFO 0 -5.750000 53.801671 1.570796 37.007294 -5.750000 53.801671 4.973471 1.154423
DYNAMIC_OBS_INFO 1 -1.750000 32.264668 1.570796 15.979045 -1.750000 32.264668 4.140092 2.725537
STATIC_OBS_INFO 0 -6.300000 65.105937 48.314691 
STATIC_OBS_INFO 1 -6.300000 65.386103 48.594840 
Parent: 1.908397 10.000000 101.000000 0.000000 515.150000 6.883960 -10.000000 3.019487 49.000000 0.000000 0 0 0 0 0 0 0 0
Child: 6.883960 10.000000 101.000000 0.000000 15.150000 15.383960 -10.000000 0.000000 0.000000 0.000000 0 0 0 0 0 0 0 0
Child: 15.383960 23.214313 234.000000 9.270020 246.600000 0.000000 -10.000000 0.000000 0.000000 0.000000 0 0 0 0 0 0 0 0
EGO_STATUS -5.749994 16.794376 0.100000 1.570775 14.311806 4.000000 0.000000
DYNAMIC_OBS_INFO 0 -5.750000 53.801671 1.570796 36.079233 -5.750000 54.304790 5.088913 1.154423
DYNAMIC_OBS_INFO 1 -1.750000 32.264668 1.570796 14.597780 -1.750000 32.264668 4.140092 2.725537
STATIC_OBS_INFO 0 -6.300000 65.105937 46.883609 
STATIC_OBS_INFO 1 -6.300000 65.386103 47.163755 
Parent: 1.472666 10.000000 101.000000 0.000000 515.150000 4.548229 -10.000000 2.919487 47.000000 0.000000 0 0 0 0 0 0 0 0
Child: 4.548229 10.000000 101.000000 0.000000 15.150000 13.048229 -10.000000 0.000000 0.000000 0.000000 0 0 0 0 0 0 0 0
Child: 13.048229 21.783132 219.000000 9.268843 222.450000 0.000000 -10.000000 0.000000 0.000000 0.000000 0 0 0 0 0 0 0 0
EGO_STATUS -5.749818 18.225557 0.200000 1.570493 14.311806 4.000000 0.000000
DYNAMIC_OBS_INFO 0 -5.750000 53.801671 1.570796 35.162716 -5.750000 54.819453 5.204355 1.154423
DYNAMIC_OBS_INFO 1 -1.750000 32.264668 1.570796 13.226868 -1.750000 32.264668 4.140092 2.725537
STATIC_OBS_INFO 0 -6.300000 65.105937 45.452543 
STATIC_OBS_INFO 1 -6.300000 65.386103 45.732688 
Parent: -0.023909 10.000000 101.000000 0.000000 515.150000 2.151654 -10.000000 2.819487 46.000000 0.000000 0 0 0 0 0 0 0 0
Child: 2.151654 10.000000 101.000000 0.000000 15.150000 10.651654 -10.000000 0.000000 0.000000 0.000000 0 0 0 0 0 0 0 0
Child: 10.651654 20.351951 205.000000 9.268825 198.750000 0.000000 -10.000000 0.000000 0.000000 0.000000 0 0 0 0 0 0 0 0
EGO_STATUS -5.748763 19.656737 0.300000 1.569456 14.311806 4.000000 0.000000
DYNAMIC_OBS_INFO 0 -5.750000 53.801671 1.570796 34.257748 -5.750000 55.345661 5.319798 1.154423
DYNAMIC_OBS_INFO 1 -1.750000 32.264668 1.570796 11.869405 -1.750000 32.264668 4.140092 2.725537
STATIC_OBS_INFO 0 -6.300000 65.105937 44.021518 
STATIC_OBS_INFO 1 -6.300000 65.386103 44.301662 
Parent: -0.457145 10.000000 101.000000 0.000000 515.150000 -0.181583 -10.000000 2.719487 44.000000 0.000000 0 0 0 0 0 0 0 0
Child: -0.181583 10.000000 101.000000 0.000000 15.150000 8.318417 -10.000000 0.000000 0.000000 0.000000 0 0 0 0 0 0 0 0
Child: 8.318417 18.920771 191.000000 9.269405 175.650000 0.000000 -10.000000 0.000000 0.000000 0.000000 0 0 0 0 0 0 0 0
EGO_STATUS -5.745363 21.087913 0.400000 1.567137 14.311806 4.000000 0.000000
DYNAMIC_OBS_INFO 0 -5.750000 53.801671 1.570796 33.364344 -5.750000 55.883413 5.435240 1.154423
DYNAMIC_OBS_INFO 1 -1.750000 32.264668 1.570796 10.529802 -1.750000 32.264668 4.140092 2.725537
STATIC_OBS_INFO 0 -6.300000 65.105937 42.590581 
STATIC_OBS_INFO 1 -6.300000 65.386103 42.870723 
Parent: -1.899550 10.000000 101.000000 0.000000 515.150000 -2.523988 -10.000000 2.619487 43.000000 0.000000 0 0 0 0 0 0 0 0
Child: -2.523988 10.000000 101.000000 0.000000 15.150000 5.976012 -10.000000 0.000000 0.000000 0.000000 0 0 0 0 0 0 0 0
Child: 5.976012 17.489591 176.000000 9.268666 151.500000 0.000000 -10.000000 0.000000 0.000000 0.000000 0 0 0 0 0 0 0 0
EGO_STATUS -5.737489 22.519071 0.500000 1.563166 14.311806 4.000000 0.000000
DYNAMIC_OBS_INFO 0 -5.750000 53.801671 1.570796 32.482547 -5.750000 56.432709 5.550682 1.154423
DYNAMIC_OBS_INFO 1 -1.750000 32.264668 1.570796 9.214825 -1.750000 32.264668 4.140092 2.725537
STATIC_OBS_INFO 0 -6.300000 65.105937 41.159813 
STATIC_OBS_INFO 1 -6.300000 65.386103 41.439952 
Parent: -3.388543 10.000000 101.000000 0.000000 515.150000 -4.912981 -10.000000 2.519487 42.000000 0.000000 0 0 0 0 0 0 0 0
Child: -4.912981 10.000000 101.000000 0.000000 15.150000 3.587019 -10.000000 0.000000 0.000000 0.000000 0 0 0 0 0 0 0 0
Child: 3.587019 16.058411 162.000000 9.268180 127.800000 0.000000 -10.000000 0.000000 0.000000 0.000000 0 0 0 0 0 0 0 0
EGO_STATUS -5.722679 23.950173 0.600000 1.557460 14.311806 4.000000 0.000000
DYNAMIC_OBS_INFO 0 -5.750000 53.801671 1.570796 31.612443 -5.750000 56.993549 5.666124 1.154423
DYNAMIC_OBS_INFO 1 -1.750000 32.264668 1.570796 7.935638 -1.750000 32.264668 4.140092 2.725537
STATIC_OBS_INFO 0 -6.300000 65.105937 39.729341 
STATIC_OBS_INFO 1 -6.300000 65.386103 40.009475 
Parent: -3.811683 10.000000 101.000000 0.000000 515.150000 -7.236121 -10.000000 2.419487 40.000000 0.000000 0 0 0 0 0 0 0 0
Child: -7.236121 10.000000 101.000000 0.000000 15.150000 1.263879 -10.000000 0.000000 0.000000 0.000000 0 0 0 0 0 0 0 0
Child: 1.263879 14.627230 148.000000 9.269226 104.700000 0.000000 -10.000000 0.000000 0.000000 0.000000 0 0 0 0 0 0 0 0
EGO_STATUS -5.698607 25.381148 0.700000 1.550301 14.311806 4.000000 0.000000
DYNAMIC_OBS_INFO 0 -5.750000 53.801671 1.570796 30.754158 -5.750000 57.565934 5.781567 1.154423
DYNAMIC_OBS_INFO 1 -1.750000 32.264668 1.570796 6.711866 -1.750000 32.264668 4.140092 2.725537
STATIC_OBS_INFO 0 -6.300000 65.105937 38.299327 
STATIC_OBS_INFO 1 -6.300000 65.386103 38.579455 
Parent: 267.335250 30.290952 304.000000 14.081660 3032.100000 9.093101 0.000000 3.716681 49.000000 0.000000 0 0 0 0 0 0 0 0
Child: 9.093101 13.196050 133.000000 6.597306 85.050000 0.000000 0.000000 0.000000 0.000000 0.000000 0 0 0 0 0 0 0 0
EGO_STATUS -5.663621 26.811897 0.800000 1.542344 14.311806 4.000000 0.000000
DYNAMIC_OBS_INFO 0 -5.750000 53.801671 1.570796 29.922532 -5.750000 58.149863 5.897009 1.154423
DYNAMIC_OBS_INFO 1 -1.750000 32.264668 1.570796 5.590842 -1.750000 32.264668 4.140092 2.725537
STATIC_OBS_INFO 0 -6.300000 65.105937 36.884624 
STATIC_OBS_INFO 1 -6.300000 65.386103 37.164743 
Parent: 539.294943 20.972423 211.000000 3096.154097 2865.150000 1.111119 -10.000000 2.657787 47.000000 0.000000 1 0 0 0 0 0 0 0
Child: 1.111119 10.000000 101.000000 0.000000 15.150000 9.611119 -10.000000 0.000000 0.000000 0.000000 0 0 0 0 0 0 0 0
Child: 9.611119 11.779580 119.000000 31.243718 65.850000 0.000000 0.000000 0.000000 0.000000 0.000000 0 0 1 0 0 0 0 0
EGO_STATUS -5.617787 28.227622 0.900000 1.534650 14.017806 3.000000 -2.940000
DYNAMIC_OBS_INFO 0 -5.750000 53.801671 1.570796 29.102937 -5.750000 58.745336 6.012451 1.154423
DYNAMIC_OBS_INFO 1 -1.750000 32.264668 1.570796 4.626394 -1.750000 32.264668 4.140092 2.725537
STATIC_OBS_INFO 0 -6.300000 65.105937 35.470611 
STATIC_OBS_INFO 1 -6.300000 65.386103 35.750717 
Parent: 528.538117 20.972423 211.000000 3096.154097 2865.150000 -10.545706 -10.000000 2.557786 46.000000 0.000000 1 0 0 0 0 0 0 0
Child: -10.545706 10.000000 101.000000 0.000000 15.150000 -2.045706 -10.000000 0.000000 0.000000 0.000000 0 0 0 0 0 0 0 0
Child: -2.045706 10.363089 105.000000 31.243811 49.350000 0.000000 -10.000000 0.000000 0.000000 0.000000 0 0 1 0 0 0 0 0
EGO_STATUS -5.561878 29.643007 1.000000 1.528316 14.311806 5.000000 2.940000
DYNAMIC_OBS_INFO 0 -5.750000 53.801671 1.570796 28.266020 -5.750000 59.352353 6.127893 1.154423
DYNAMIC_OBS_INFO 1 -1.750000 32.264668 1.570796 4.076532 -1.750000 32.692305 4.412645 2.725537
STATIC_OBS_INFO 0 -6.300000 65.105937 34.027943 
STATIC_OBS_INFO 1 -6.300000 65.386103 34.308031 
Parent: 528.940551 20.972423 211.000000 3096.154097 2865.150000 -12.043272 -10.000000 2.457785 44.000000 0.000000 1 0 0 0 0 0 0 0
Child: -12.043272 10.000000 101.000000 0.000000 15.150000 -3.543272 -10.000000 0.000000 0.000000 0.000000 0 0 0 0 0 0 0 0
Child: -3.543272 8.917191 91.000000 31.240958 34.650000 0.000000 -10.000000 0.000000 0.000000 0.000000 0 0 1 0 0 0 0 0
EGO_STATUS -5.497345 31.087463 1.100000 1.524542 14.605806 5.000000 2.940000
DYNAMIC_OBS_INFO 0 -5.750000 53.801671 1.570796 27.411641 -5.750000 59.970914 6.243336 1.154423
DYNAMIC_OBS_INFO 1 -1.750000 32.264668 1.570796 3.725071 -1.750000 33.147197 4.685199 2.725537
STATIC_OBS_INFO 0 -6.300000 65.105937 32.556442 
STATIC_OBS_INFO 1 -6.300000 65.386103 32.836509 
Parent: 528.734271 20.972423 211.000000 3096.154097 2865.150000 -13.149551 -10.000000 2.357784 43.000000 0.000000 1 0 0 0 0 0 0 0
Child: -13.149551 10.000000 101.000000 0.000000 15.150000 -4.649551 -10.000000 0.000000 0.000000 0.000000 0 0 0 0 0 0 0 0
Child: -4.649551 7.441898 76.000000 31.241183 23.400000 0.000000 -10.000000 0.000000 0.000000 0.000000 0 0 1 0 0 0 0 0
EGO_STATUS -5.428684 32.561157 1.200000 1.524686 14.899806 5.000000 2.940000
DYNAMIC_OBS_INFO 0 -5.750000 53.801671 1.570796 26.539467 -5.750000 60.601020 6.358778 1.154423
DYNAMIC_OBS_INFO 1 -1.750000 32.264668 1.570796 3.638598 -1.750000 33.629345 4.957753 2.725537
STATIC_OBS_INFO 0 -6.300000 65.105937 31.055709 
STATIC_OBS_INFO 1 -6.300000 65.386103 31.335748 
Parent: 529.740598 20.972423 211.000000 3096.154097 2865.150000 -14.043223 -10.000000 2.257784 41.000000 0.000000 1 0 0 0 0 0 0 0
Child: -14.043223 10.000000 101.000000 0.000000 15.150000 -5.543223 -10.000000 0.000000 0.000000 0.000000 0 0 0 0 0 0 0 0
Child: -5.543223 5.937215 61.000000 31.239717 14.550000 0.000000 -10.000000 0.000000 0.000000 0.000000 0 0 1 0 0 0 0 0
EGO_STATUS -5.362497 34.064382 1.300000 1.529749 15.193806 5.000000 2.940000
DYNAMIC_OBS_INFO 0 -5.750000 53.801671 1.570796 25.649045 -5.750000 61.242670 6.474220 1.154423
DYNAMIC_OBS_INFO 1 -1.750000 32.264668 1.570796 3.844233 -1.750000 34.138748 5.230306 2.725537
STATIC_OBS_INFO 0 -6.300000 65.105937 29.525194 
STATIC_OBS_INFO 1 -6.300000 65.386103 29.805203 
Parent: 529.920168 20.972423 211.000000 3096.154097 2865.150000 -14.763653 -10.000000 2.157783 40.000000 0.000000 1 0 0 0 0 0 0 0
Child: -14.763653 10.000000 101.000000 0.000000 15.150000 -6.263653 -10.000000 0.000000 0.000000 0.000000 0 0 0 0 0 0 0 0
Child: -6.263653 4.403120 46.000000 31.234133 7.800000 0.000000 -10.000000 0.000000 0.000000 0.000000 0 0 1 0 0 0 0 0
EGO_STATUS -5.306726 35.597456 1.400000 1.539848 15.487806 5.000000 2.940000
DYNAMIC_OBS_INFO 0 -5.750000 53.801671 1.570796 24.740068 -5.750000 61.895864 6.589663 1.154423
DYNAMIC_OBS_INFO 1 -1.750000 32.264668 1.570796 4.307812 -1.750000 34.675406 5.502860 2.725537
STATIC_OBS_INFO 0 -6.300000 65.105937 27.964481 
STATIC_OBS_INFO 1 -6.300000 65.386103 28.244459 
Parent: 705.743346 10.000000 101.000000 0.000000 2055.350000 557.583114 -10.000000 2.660232 48.000000 0.000000 0 0 0 0 0 0 0 0
Child: 557.583114 33.156182 333.000000 3039.400645 2661.050000 0.000000 -10.000000 0.000000 0.000000 0.000000 1 0 0 0 0 0 0 0
EGO_STATUS -5.268760 37.160477 1.500000 1.553450 15.781806 5.000000 2.940000
DYNAMIC_OBS_INFO 0 -5.750000 53.801671 1.570796 23.825499 -5.750000 62.560603 6.705105 1.154423
DYNAMIC_OBS_INFO 1 -1.750000 32.264668 1.570796 4.951926 -1.750000 35.239320 5.775414 2.725537
STATIC_OBS_INFO 0 -6.300000 65.105937 26.386447 
STATIC_OBS_INFO 1 -6.300000 65.386103 26.666394 
Parent: 706.521362 10.000000 101.000000 0.000000 2055.350000 557.461129 -10.000000 2.560233 47.000000 0.000000 0 0 0 0 0 0 0 0
Child: 557.461129 31.576261 317.000000 3039.398612 2657.450000 0.000000 -10.000000 0.000000 0.000000 0.000000 1 0 0 0 0 0 0 0
EGO_STATUS -5.252094 38.740307 1.600000 1.566500 15.816769 5.000000 0.349627
DYNAMIC_OBS_INFO 0 -5.750000 53.801671 1.570796 22.918559 -5.750000 63.236885 6.820547 1.154423
DYNAMIC_OBS_INFO 1 -1.750000 32.264668 1.570796 5.697020 -1.750000 35.830489 6.047967 2.725537
STATIC_OBS_INFO 0 -6.300000 65.105937 24.804341 
STATIC_OBS_INFO 1 -6.300000 65.386103 25.084259 
Parent: 708.138899 10.000000 101.000000 0.000000 2055.350000 557.178665 -10.000000 2.460233 45.000000 0.000000 0 0 0 0 0 0 0 0
Child: 557.178665 29.992849 301.000000 3039.399427 2652.650000 0.000000 -10.000000 0.000000 0.000000 0.000000 1 0 0 0 0 0 0 0
EGO_STATUS -5.252405 40.323729 1.700000 1.574311 15.851731 5.000000 0.349627
DYNAMIC_OBS_INFO 0 -5.750000 53.801671 1.570796 22.019552 -5.750000 63.924712 6.935989 1.154423
DYNAMIC_OBS_INFO 1 -1.750000 32.264668 1.570796 6.491744 -1.750000 36.448913 6.320521 2.725537
STATIC_OBS_INFO 0 -6.300000 65.105937 23.218653 
STATIC_OBS_INFO 1 -6.300000 65.386103 23.498541 
Parent: 708.866718 10.000000 101.000000 0.000000 2055.350000 557.006484 -10.000000 2.360234 44.000000 0.000000 0 0 0 0 0 0 0 0
Child: 557.006484 28.405943 286.000000 3039.400282 2669.400000 0.000000 -10.000000 0.000000 0.000000 0.000000 1 0 0 0 0 0 0 0
EGO_STATUS -5.258889 41.910638 1.800000 1.573942 15.886694 5.000000 0.349627
DYNAMIC_OBS_INFO 0 -5.750000 53.801671 1.570796 21.128779 -5.750000 64.624083 7.051432 1.154423
DYNAMIC_OBS_INFO 1 -1.750000 32.264668 1.570796 7.303699 -1.750000 37.094593 6.593075 2.725537
STATIC_OBS_INFO 0 -6.300000 65.105937 21.630034 
STATIC_OBS_INFO 1 -6.300000 65.386103 21.909879 
Parent: 710.412409 10.000000 101.000000 0.000000 2055.350000 556.652174 -10.000000 2.260235 42.000000 0.000000 0 0 0 0 0 0 0 0
Child: 556.652174 26.815541 270.000000 3039.400711 2666.100000 0.000000 -10.000000 0.000000 0.000000 0.000000 1 0 0 0 0 0 0 0
EGO_STATUS -5.257329 43.501048 1.900000 1.564090 15.921657 5.000000 0.349627
DYNAMIC_OBS_INFO 0 -5.750000 53.801671 1.570796 20.246869 -5.750000 65.334998 7.166874 1.154423
DYNAMIC_OBS_INFO 1 -1.750000 32.264668 1.570796 8.112693 -1.750000 37.767528 6.865628 2.725537
STATIC_OBS_INFO 0 -6.300000 65.105937 20.039647 
STATIC_OBS_INFO 1 -6.300000 65.386103 20.319421 
Parent: 711.876254 10.000000 101.000000 0.000000 2055.350000 556.216018 -10.000000 2.160236 40.000000 0.000000 0 0 0 0 0 0 0 0
Child: 556.216018 25.221642 254.000000 3039.400957 2662.800000 0.000000 -10.000000 0.000000 0.000000 0.000000 1 0 0 0 0 0 0 0
EGO_STATUS -5.232485 45.094744 2.000000 1.544853 15.956619 5.000000 0.349627
DYNAMIC_OBS_INFO 0 -5.750000 53.801671 1.570796 19.375249 -5.750000 66.057458 7.282316 1.154423
DYNAMIC_OBS_INFO 1 -1.750000 32.264668 1.570796 8.906061 -1.750000 38.467719 7.138182 2.725537
STATIC_OBS_INFO 0 -6.300000 65.105937 18.449678 
STATIC_OBS_INFO 1 -6.300000 65.386103 18.729327 
Parent: 2881.667919 10.000000 101.000000 0.000000 2055.350000 2734.501621 -10.000000 2.666298 49.000000 0.000000 0 0 0 0 0 0 0 0
Child: 2734.501621 10.000000 101.000000 0.000000 2055.350000 2541.001621 -10.000000 0.000000 0.000000 0.000000 0 0 0 0 0 0 0 0
Child: 2541.001621 23.624244 238.000000 23039.401178 2660.400000 0.000000 -10.000000 0.000000 0.000000 0.000000 1 0 0 0 0 0 0 2
EGO_STATUS -5.170150 46.690887 2.100000 1.517493 15.991582 5.000000 0.349626
DYNAMIC_OBS_INFO 0 -5.750000 53.801671 1.570796 18.516519 -5.750000 66.791462 7.397759 1.154423
DYNAMIC_OBS_INFO 1 -1.750000 32.264668 1.570796 9.676021 -1.750000 39.195165 7.410736 2.725537
STATIC_OBS_INFO 0 -6.300000 65.105937 16.863827 
STATIC_OBS_INFO 1 -6.300000 65.386103 17.143245 
Parent: 897.624061 10.000000 101.000000 0.000000 2055.350000 748.557763 -10.000000 2.566298 47.000000 0.000000 0 0 0 0 0 0 0 0
Child: 748.557763 10.000000 101.000000 0.000000 2055.350000 555.057763 -10.000000 0.000000 0.000000 0.000000 0 0 0 0 0 0 0 0
Child: 555.057763 22.023349 222.000000 3039.401417 2656.500000 0.000000 -10.000000 0.000000 0.000000 0.000000 1 0 0 0 0 0 0 0
EGO_STATUS -5.058858 48.287845 2.200000 1.484191 16.026545 5.000000 0.349626
DYNAMIC_OBS_INFO 0 -5.750000 53.801671 1.570796 17.674510 -5.750000 67.537009 7.513201 1.154423
DYNAMIC_OBS_INFO 1 -1.750000 32.264668 1.570796 10.418341 -1.750000 39.949866 7.683289 2.725537
STATIC_OBS_INFO 0 -6.300000 65.105937 15.287611 
STATIC_OBS_INFO 1 -6.300000 65.386103 15.566607 
Parent: 897.128688 10.000000 101.000000 0.000000 2055.350000 747.162389 -10.000000 2.466299 46.000000 0.000000 0 0 0 0 0 0 0 0
Child: 747.162389 10.000000 101.000000 0.000000 2055.350000 553.662389 -10.000000 0.000000 0.000000 0.000000 0 0 0 0 0 0 0 0
Child: 553.662389 20.418953 206.000000 3039.401583 2647.200000 0.000000 -10.000000 0.000000 0.000000 0.000000 1 0 0 0 0 0 0 0
EGO_STATUS -4.891214 49.883375 2.300000 1.447796 16.061507 5.000000 0.349626
DYNAMIC_OBS_INFO 0 -5.750000 53.801671 1.570796 16.853908 -5.750000 68.294102 7.628643 1.154423
DYNAMIC_OBS_INFO 1 -1.750000 32.264668 1.570796 11.131738 -1.750000 40.731823 7.955843 2.725537
STATIC_OBS_INFO 0 -6.300000 65.105937 13.728501 
STATIC_OBS_INFO 1 -6.300000 65.386103 14.006712 
Parent: 2876.582063 10.000000 101.000000 0.000000 2055.350000 2724.715764 -10.000000 2.366299 44.000000 0.000000 0 0 0 0 0 0 0 0
Child: 2724.715764 10.000000 101.000000 0.000000 2055.350000 2531.215764 -10.000000 0.000000 0.000000 0.000000 0 0 0 0 0 0 0 0
Child: 2531.215764 18.811059 190.000000 23039.401501 2628.000000 0.000000 -10.000000 0.000000 0.000000 0.000000 1 0 0 0 0 0 0 2
EGO_STATUS -4.664818 51.475167 2.400000 1.411572 16.096470 5.000000 0.349626
DYNAMIC_OBS_INFO 0 -5.750000 53.801671 1.570796 16.059449 -5.750000 69.062738 7.744085 1.154423
DYNAMIC_OBS_INFO 1 -1.750000 32.264668 1.570796 11.817553 -1.750000 41.541035 8.228397 2.725537
STATIC_OBS_INFO 0 -6.300000 65.105937 12.195986 
STATIC_OBS_INFO 1 -6.300000 65.386103 12.472747 
Parent: 895.654019 10.000000 101.000000 0.000000 2055.350000 741.887720 -10.000000 2.266299 42.000000 0.000000 0 0 0 0 0 0 0 0
Child: 741.887720 10.000000 101.000000 0.000000 2055.350000 548.387720 -10.000000 0.000000 0.000000 0.000000 0 0 0 0 0 0 0 0
Child: 548.387720 17.199665 173.000000 3039.400863 2577.050000 0.000000 -10.000000 0.000000 0.000000 0.000000 1 0 0 0 0 0 0 0
EGO_STATUS -4.382701 53.061600 2.500000 1.378940 16.131432 5.000000 0.349626
DYNAMIC_OBS_INFO 0 -5.750000 53.801671 1.570796 15.294832 -5.750000 69.842919 7.859528 1.154423
DYNAMIC_OBS_INFO 1 -1.750000 32.264668 1.570796 12.479385 -1.750000 42.377502 8.500951 2.725537
STATIC_OBS_INFO 0 -6.300000 65.105937 10.701937 
STATIC_OBS_INFO 1 -6.300000 65.386103 10.976017 
Parent: 891.132867 10.000000 101.000000 0.000000 2055.350000 736.466568 -10.000000 2.166299 41.000000 0.000000 0 0 0 0 0 0 0 0
Child: 736.466568 10.000000 101.000000 0.000000 2055.350000 542.966568 -10.000000 0.000000 0.000000 0.000000 0 0 0 0 0 0 0 0
Child: 542.966568 15.584774 157.000000 3039.399216 2531.150000 0.000000 -10.000000 0.000000 0.000000 0.000000 1 0 0 0 0 0 0 0
EGO_STATUS -4.053281 54.642491 2.600000 1.353206 16.166395 5.000000 0.349626
DYNAMIC_OBS_INFO 0 -5.750000 53.801671 1.570796 14.561573 -5.750000 70.634644 7.974970 1.154423
DYNAMIC_OBS_INFO 1 -1.750000 32.264668 1.570796 13.122488 -1.750000 43.241225 8.773504 2.725537
STATIC_OBS_INFO 0 -6.300000 65.105937 9.261794 
STATIC_OBS_INFO 1 -6.300000 65.386103 9.530932 
Parent: 1069.886445 10.000000 102.000000 0.000000 2075.700000 922.714086 -10.000000 2.672360 49.000000 0.000000 0 0 0 0 0 0 0 0
Child: 922.714086 10.000000 101.000000 0.000000 2055.350000 729.214086 -10.000000 0.000000 0.000000 0.000000 0 0 0 0 0 0 0 0
Child: 729.214086 10.000000 101.000000 0.000000 2055.350000 535.714086 -10.000000 0.000000 0.000000 0.000000 0 0 0 0 0 0 0 0
Child: 535.714086 13.966385 141.000000 3039.398723 2469.950000 0.000000 -10.000000 0.000000 0.000000 0.000000 1 0 0 0 0 0 0 0
EGO_STATUS -3.689887 56.219535 2.700000 1.337296 16.201357 5.000000 0.349626
DYNAMIC_OBS_INFO 0 -5.750000 53.801671 1.570796 13.858151 -5.750000 71.437913 8.090412 1.154423
DYNAMIC_OBS_INFO 1 -1.750000 32.264668 1.570796 13.752825 -1.750000 44.132203 9.046058 2.725537
STATIC_OBS_INFO 0 -6.300000 65.105937 7.897586 
STATIC_OBS_INFO 1 -6.300000 65.386103 8.157585 
Parent: 1058.280444 10.000000 102.000000 0.000000 2075.700000 910.208085 -10.000000 2.572359 48.000000 0.000000 0 0 0 0 0 0 0 0
Child: 910.208085 10.000000 101.000000 0.000000 2055.350000 716.708085 -10.000000 0.000000 0.000000 0.000000 0 0 0 0 0 0 0 0
Child: 716.708085 10.000000 101.000000 0.000000 2055.350000 523.208085 -10.000000 0.000000 0.000000 0.000000 0 0 0 0 0 0 0 0
Child: 523.208085 12.344499 125.000000 3039.398064 2359.850000 0.000000 -10.000000 0.000000 0.000000 0.000000 1 0 0 0 0 0 0 0
EGO_STATUS -3.309896 57.796277 2.800000 1.333476 16.236320 5.000000 0.349626
DYNAMIC_OBS_INFO 0 -5.750000 53.801671 1.570796 13.179686 -5.750000 72.252726 8.205854 1.154423
DYNAMIC_OBS_INFO 1 -1.750000 32.264668 1.570796 14.375853 -1.750000 45.050436 9.318612 2.725537
STATIC_OBS_INFO 0 -6.300000 65.105937 6.644399 
STATIC_OBS_INFO 1 -6.300000 65.386103 6.887406 
Parent: 1032.496125 10.000000 102.000000 0.000000 2075.700000 882.523766 -10.000000 2.472359 46.000000 0.000000 0 0 0 0 0 0 0 0
Child: 882.523766 10.000000 101.000000 0.000000 2055.350000 689.023766 -10.000000 0.000000 0.000000 0.000000 0 0 0 0 0 0 0 0
Child: 689.023766 10.000000 101.000000 0.000000 2055.350000 495.523766 -10.000000 0.000000 0.000000 0.000000 0 0 0 0 0 0 0 0
Child: 495.523766 10.719115 109.000000 3039.394748 2101.150000 0.000000 -10.000000 0.000000 0.000000 0.000000 1 0 0 0 0 0 0 0
EGO_STATUS -2.933567 59.377485 2.900000 1.343076 16.271283 5.000000 0.349626
DYNAMIC_OBS_INFO 0 -5.750000 53.801671 1.570796 12.518399 -5.750000 73.079084 8.321297 1.154423
DYNAMIC_OBS_INFO 1 -1.750000 32.264668 1.570796 14.995246 -1.750000 45.995925 9.591165 2.725537
STATIC_OBS_INFO 0 -6.300000 65.105937 5.562548 
STATIC_OBS_INFO 1 -6.300000 65.386103 5.773996 
Parent: 1006.531303 10.000000 102.000000 0.000000 2075.700000 855.658944 -10.000000 2.372359 45.000000 0.000000 0 0 0 0 0 0 0 0
Child: 855.658944 10.000000 101.000000 0.000000 2055.350000 662.158944 -10.000000 0.000000 0.000000 0.000000 0 0 0 0 0 0 0 0
Child: 662.158944 10.000000 101.000000 0.000000 2055.350000 468.658944 -10.000000 0.000000 0.000000 0.000000 0 0 0 0 0 0 0 0
Child: 468.658944 9.090235 92.000000 3039.387899 1805.000000 0.000000 -10.000000 0.000000 0.000000 0.000000 1 0 0 0 0 0 0 0
EGO_STATUS -2.582504 60.968044 3.000000 1.366202 16.306245 5.000000 0.349626
DYNAMIC_OBS_INFO 0 -5.750000 53.801671 1.570796 11.864843 -5.750000 73.916985 8.436739 1.154423
DYNAMIC_OBS_INFO 1 -1.750000 32.264668 1.570796 15.611866 -1.750000 46.968669 9.863719 2.725537
STATIC_OBS_INFO 0 -6.300000 65.105937 4.754148 
STATIC_OBS_INFO 1 -6.300000 65.386103 4.909224 
Parent: 1160.602404 10.000000 101.000000 0.000000 2055.350000 1017.223984 -10.000000 2.878419 53.000000 0.000000 0 0 0 0 0 0 0 0
Child: 1017.223984 10.000000 102.000000 0.000000 2075.700000 823.723984 -10.000000 0.000000 0.000000 0.000000 0 0 0 0 0 0 0 0
Child: 823.723984 10.000000 101.000000 0.000000 2055.350000 630.223984 -10.000000 0.000000 0.000000 0.000000 0 0 0 0 0 0 0 0
Child: 630.223984 10.000000 101.000000 0.000000 2055.350000 436.723984 -10.000000 0.000000 0.000000 0.000000 0 0 0 0 0 0 0 0
Child: 436.723984 7.457858 76.000000 3039.382429 1513.000000 0.000000 -10.000000 0.000000 0.000000 0.000000 1 0 0 0 0 0 0 0
EGO_STATUS -2.277671 62.571615 3.100000 1.401443 16.341208 5.000000 0.349626
DYNAMIC_OBS_INFO 0 -5.750000 53.801671 1.570796 11.209782 -5.750000 74.766431 8.552181 1.154423
DYNAMIC_OBS_INFO 1 -1.750000 32.264668 1.570796 16.223380 -1.750000 47.968669 10.136273 2.725537
STATIC_OBS_INFO 0 -6.300000 65.105937 4.360610 
STATIC_OBS_INFO 1 -6.300000 65.386103 4.427970 
Parent: 1127.032480 45.871542 460.000000 3039.410574 8846.200000 0.000000 -10.000000 2.790565 51.000000 0.000000 1 0 0 0 0 0 0 0
EGO_STATUS -2.036774 64.189515 3.200000 1.445583 16.376170 5.000000 0.349626
DYNAMIC_OBS_INFO 0 -5.750000 53.801671 1.570796 10.547745 -5.750000 75.627422 8.667624 1.154423
DYNAMIC_OBS_INFO 1 -1.750000 32.264668 1.570796 16.823307 -1.750000 48.995924 10.408826 2.725537
STATIC_OBS_INFO 0 -6.300000 65.105937 4.485888 
STATIC_OBS_INFO 1 -6.300000 65.386103 4.449972 
Parent: 1095.230059 44.233694 444.000000 3039.127093 8529.600000 0.000000 -10.000000 2.690564 50.000000 0.000000 1 0 0 0 0 0 0 0
EGO_STATUS -1.871114 65.818795 3.300000 1.493431 16.380608 5.000000 0.044374
DYNAMIC_OBS_INFO 0 -5.750000 53.801671 1.570796 9.877157 -5.750000 76.499956 8.783066 1.154423
DYNAMIC_OBS_INFO 1 -1.750000 32.264668 1.570796 17.404143 -1.750000 50.050434 10.681380 2.725537
STATIC_OBS_INFO 0 -6.300000 65.105937 5.091287 
STATIC_OBS_INFO 1 -6.300000 65.386103 4.968269 
Parent: 1242.624061 10.000000 101.000000 0.000000 2055.350000 1103.938932 -10.000000 3.185129 58.000000 0.000000 0 0 0 0 0 0 0 0
Child: 1103.938932 10.000000 101.000000 0.000000 2055.350000 910.438932 -10.000000 0.000000 0.000000 0.000000 0 0 0 0 0 0 0 0
Child: 910.438932 10.000000 102.000000 0.000000 2075.700000 716.938932 -10.000000 0.000000 0.000000 0.000000 0 0 0 0 0 0 0 0
Child: 716.938932 10.000000 101.000000 0.000000 2055.350000 523.438932 -10.000000 0.000000 0.000000 0.000000 0 0 0 0 0 0 0 0
Child: 523.438932 10.000000 101.000000 0.000000 2055.350000 329.938932 -10.000000 0.000000 0.000000 0.000000 0 0 0 0 0 0 0 0
Child: 329.938932 2.545732 27.000000 3055.937861 549.450000 0.000000 -10.000000 0.000000 0.000000 0.000000 1 0 0 0 1 0 0 0
EGO_STATUS -1.782784 67.454547 3.400000 1.539570 16.385045 5.000000 0.044374
DYNAMIC_OBS_INFO 0 -5.750000 53.801671 1.570796 9.199892 -5.750000 77.384035 8.898508 1.154423
DYNAMIC_OBS_INFO 1 -1.750000 32.264668 1.570796 17.964313 -1.750000 51.132200 10.953934 2.725537
STATIC_OBS_INFO 0 -6.300000 65.105937 6.047808 
STATIC_OBS_INFO 1 -6.300000 65.386103 5.866722 
Parent: 1173.183244 10.000000 101.000000 0.000000 2055.350000 1032.598115 -10.000000 3.085129 56.000000 0.000000 0 0 0 0 0 0 0 0
Child: 1032.598115 10.000000 101.000000 0.000000 2055.350000 839.098115 -10.000000 0.000000 0.000000 0.000000 0 0 0 0 0 0 0 0
Child: 839.098115 10.000000 102.000000 0.000000 2075.700000 645.598115 -10.000000 0.000000 0.000000 0.000000 0 0 0 0 0 0 0 0
Child: 645.598115 10.000000 101.000000 0.000000 2055.350000 452.098115 -10.000000 0.000000 0.000000 0.000000 0 0 0 0 0 0 0 0
Child: 452.098115 10.000000 101.000000 0.000000 2055.350000 258.598115 -10.000000 0.000000 0.000000 0.000000 0 0 0 0 0 0 0 0
Child: 258.598115 0.903512 11.000000 3046.254511 223.850000 0.000000 -10.000000 0.000000 0.000000 0.000000 1 0 0 0 1 0 0 0
EGO_STATUS -1.755631 69.096512 3.500000 1.559478 16.459293 5.000000 0.742476
DYNAMIC_OBS_INFO 0 -5.750000 53.801671 1.570796 8.530268 -5.750000 78.279658 9.013950 1.154423
DYNAMIC_OBS_INFO 1 -1.750000 32.264668 1.570796 18.504151 -1.750000 52.241221 11.226487 2.725537
STATIC_OBS_INFO 0 -6.300000 65.105937 7.246083 
STATIC_OBS_INFO 1 -6.300000 65.386103 7.030239 
Parent: 900.316810 10.000000 101.000000 0.000000 2055.350000 758.831682 -10.000000 2.985129 55.000000 0.000000 0 0 0 0 0 0 0 0
Child: 758.831682 10.000000 101.000000 0.000000 2055.350000 565.331682 -10.000000 0.000000 0.000000 0.000000 0 0 0 0 0 0 0 0
Child: 565.331682 10.000000 102.000000 0.000000 2075.700000 371.831682 -10.000000 0.000000 0.000000 0.000000 0 0 0 0 0 0 0 0
Child: 371.831682 10.000000 101.000000 0.000000 2055.350000 178.331682 -10.000000 0.000000 0.000000 0.000000 0 0 0 0 0 0 0 0
Child: 178.331682 9.254628 94.000000 0.000000 1912.900000 0.000000 -10.000000 0.000000 0.000000 0.000000 0 0 0 0 0 0 0 0
EGO_STATUS -1.750000 70.745372 3.600000 1.570796 16.500000 5.000000 0.000000
DYNAMIC_OBS_INFO 0 -5.750000 53.801671 1.570796 7.881867 -5.750000 79.186825 9.129393 1.154423
DYNAMIC_OBS_INFO 1 -1.750000 32.264668 1.570796 19.017874 -1.750000 53.377497 11.499041 2.725537
STATIC_OBS_INFO 0 -6.300000 65.105937 8.592925 
STATIC_OBS_INFO 1 -6.300000 65.386103 8.356575 
Parent: 868.639310 10.000000 101.000000 0.000000 2055.350000 725.254182 -10.000000 2.885129 53.000000 0.000000 0 0 0 0 0 0 0 0
Child: 725.254182 10.000000 101.000000 0.000000 2055.350000 531.754182 -10.000000 0.000000 0.000000 0.000000 0 0 0 0 0 0 0 0
Child: 531.754182 10.000000 102.000000 0.000000 2075.700000 338.254182 -10.000000 0.000000 0.000000 0.000000 0 0 0 0 0 0 0 0
Child: 338.254182 10.000000 101.000000 0.000000 2055.350000 144.754182 -10.000000 0.000000 0.000000 0.000000 0 0 0 0 0 0 0 0
Child: 144.754182 7.604628 78.000000 0.000000 1587.300000 0.000000 -10.000000 0.000000 0.000000 0.000000 0 0 0 0 0 0 0 0
EGO_STATUS -1.750000 72.395372 3.700000 1.570796 16.500000 5.000000 0.000000
DYNAMIC_OBS_INFO 0 -5.750000 53.801671 1.570796 7.261239 -5.750000 80.105536 9.244835 1.154423
DYNAMIC_OBS_INFO 1 -1.750000 32.264668 1.570796 19.504343 -1.750000 54.541029 11.771595 2.725537
STATIC_OBS_INFO 0 -6.300000 65.105937 10.030752 
STATIC_OBS_INFO 1 -6.300000 65.386103 9.781893 
Parent: 836.961810 10.000000 101.000000 0.000000 2055.350000 691.676682 -10.000000 2.785129 51.000000 0.000000 0 0 0 0 0 0 0 0
Child: 691.676682 10.000000 101.000000 0.000000 2055.350000 498.176682 -10.000000 0.000000 0.000000 0.000000 0 0 0 0 0 0 0 0
Child: 498.176682 10.000000 102.000000 0.000000 2075.700000 304.676682 -10.000000 0.000000 0.000000 0.000000 0 0 0 0 0 0 0 0
Child: 304.676682 10.000000 101.000000 0.000000 2055.350000 111.176682 -10.000000 0.000000 0.000000 0.000000 0 0 0 0 0 0 0 0
Child: 111.176682 5.954628 61.000000 0.000000 1241.350000 0.000000 -10.000000 0.000000 0.000000 0.000000 0 0 0 0 0 0 0 0
EGO_STATUS -1.750000 74.045372 3.800000 1.570796 16.500000 5.000000 0.000000
DYNAMIC_OBS_INFO 0 -5.750000 53.801671 1.570796 6.672337 -5.750000 81.035792 9.360277 1.154423
DYNAMIC_OBS_INFO 1 -1.750000 32.264668 1.570796 19.963556 -1.750000 55.731816 12.044148 2.725537
STATIC_OBS_INFO 0 -6.300000 65.105937 11.525564 
STATIC_OBS_INFO 1 -6.300000 65.386103 11.268696 
Parent: 804.284310 10.000000 101.000000 0.000000 2055.350000 658.099182 -10.000000 2.685129 50.000000 0.000000 0 0 0 0 0 0 0 0
Child: 658.099182 10.000000 101.000000 0.000000 2055.350000 464.599182 -10.000000 0.000000 0.000000 0.000000 0 0 0 0 0 0 0 0
Child: 464.599182 10.000000 102.000000 0.000000 2075.700000 271.099182 -10.000000 0.000000 0.000000 0.000000 0 0 0 0 0 0 0 0
Child: 271.099182 10.000000 101.000000 0.000000 2055.350000 77.599182 -10.000000 0.000000 0.000000 0.000000 0 0 0 0 0 0 0 0
Child: 77.599182 4.304628 45.000000 0.000000 915.750000 0.000000 -10.000000 0.000000 0.000000 0.000000 0 0 0 0 0 0 0 0
EGO_STATUS -1.750000 75.695372 3.900000 1.570796 16.500000 5.000000 0.000000
DYNAMIC_OBS_INFO 0 -5.750000 53.801671 1.570796 6.120250 -5.750000 81.977592 9.475720 1.154423
DYNAMIC_OBS_INFO 1 -1.750000 32.264668 1.570796 20.395513 -1.750000 56.949859 12.316702 2.725537
STATIC_OBS_INFO 0 -6.300000 65.105937 13.057805 
STATIC_OBS_INFO 1 -6.300000 65.386103 12.795570 
Parent: 956.712871 10.000000 102.000000 0.000000 2075.700000 818.021682 -10.000000 3.191190 58.000000 0.000000 0 0 0 0 0 0 0 0
Child: 818.021682 10.000000 101.000000 0.000000 2055.350000 624.521682 -10.000000 0.000000 0.000000 0.000000 0 0 0 0 0 0 0 0
Child: 624.521682 10.000000 101.000000 0.000000 2055.350000 431.021682 -10.000000 0.000000 0.000000 0.000000 0 0 0 0 0 0 0 0
Child: 431.021682 10.000000 102.000000 0.000000 2075.700000 237.521682 -10.000000 0.000000 0.000000 0.000000 0 0 0 0 0 0 0 0
Child: 237.521682 10.000000 101.000000 0.000000 2055.350000 44.021682 -10.000000 0.000000 0.000000 0.000000 0 0 0 0 0 0 0 0
Child: 44.021682 2.654628 28.000000 0.000000 569.800000 0.000000 -10.000000 0.000000 0.000000 0.000000 0 0 0 0 0 0 0 0
EGO_STATUS -1.750000 77.345372 4.000000 1.570796 16.500000 5.000000 0.000000
DYNAMIC_OBS_INFO 0 -5.750000 53.801671 1.570796 5.611476 -5.750000 82.930936 9.591162 1.154423
DYNAMIC_OBS_INFO 1 -1.750000 32.264668 1.570796 20.800215 -1.750000 58.195157 12.589256 2.725537
STATIC_OBS_INFO 0 -6.300000 65.105937 14.615707 
STATIC_OBS_INFO 1 -6.300000 65.386103 14.349728 
Parent: 924.035371 10.000000 102.000000 0.000000 2075.700000 784.444182 -10.000000 3.091190 57.000000 0.000000 0 0 0 0 0 0 0 0
Child: 784.444182 10.000000 101.000000 0.000000 2055.350000 590.944182 -10.000000 0.000000 0.000000 0.000000 0 0 0 0 0 0 0 0
Child: 590.944182 10.000000 101.000000 0.000000 2055.350000 397.444182 -10.000000 0.000000 0.000000 0.000000 0 0 0 0 0 0 0 0
Child: 397.444182 10.000000 102.000000 0.000000 2075.700000 203.944182 -10.000000 0.000000 0.000000 0.000000 0 0 0 0 0 0 0 0
Child: 203.944182 10.000000 101.000000 0.000000 2055.350000 10.444182 -10.000000 0.000000 0.000000 0.000000 0 0 0 0 0 0 0 0
Child: 10.444182 1.004628 12.000000 0.000000 244.200000 0.000000 -10.000000 0.000000 0.000000 0.000000 0 0 0 0 0 0 0 0
EGO_STATUS -1.750000 78.995372 4.100000 1.570796 16.500000 5.000000 0.000000
DYNAMIC_OBS_INFO 0 -5.750000 53.801671 1.570796 5.154167 -5.750000 83.895824 9.706604 1.154423
DYNAMIC_OBS_INFO 1 -1.750000 32.264668 1.570796 21.177662 -1.750000 59.467710 12.861809 2.725537
STATIC_OBS_INFO 0 -6.300000 65.105937 16.191866 
STATIC_OBS_INFO 1 -6.300000 65.386103 15.923184 
Parent: 902.357871 10.000000 102.000000 0.000000 2075.700000 760.866682 -10.000000 2.991190 55.000000 0.000000 0 0 0 0 0 0 0 0
Child: 760.866682 10.000000 101.000000 0.000000 2055.350000 567.366682 -10.000000 0.000000 0.000000 0.000000 0 0 0 0 0 0 0 0
Child: 567.366682 10.000000 101.000000 0.000000 2055.350000 373.866682 -10.000000 0.000000 0.000000 0.000000 0 0 0 0 0 0 0 0
Child: 373.866682 10.000000 102.000000 0.000000 2075.700000 180.366682 -10.000000 0.000000 0.000000 0.000000 0 0 0 0 0 0 0 0
Child: 180.366682 9.354628 95.000000 0.000000 1933.250000 0.000000 -10.000000 0.000000 0.000000 0.000000 0 0 0 0 0 0 0 0
EGO_STATUS -1.750000 80.645372 4.200000 1.570796 16.500000 5.000000 0.000000
DYNAMIC_OBS_INFO 0 -5.750000 53.801671 1.570796 4.758186 -5.750000 84.872257 9.822046 1.154423
DYNAMIC_OBS_INFO 1 -1.750000 32.264668 1.570796 21.527853 -1.750000 60.767519 13.134363 2.725537
STATIC_OBS_INFO 0 -6.300000 65.105937 17.781428 
STATIC_OBS_INFO 1 -6.300000 65.386103 17.510736 
Parent: 870.680371 10.000000 102.000000 0.000000 2075.700000 727.289182 -10.000000 2.891190 53.000000 0.000000 0 0 0 0 0 0 0 0
Child: 727.289182 10.000000 101.000000 0.000000 2055.350000 533.789182 -10.000000 0.000000 0.000000 0.000000 0 0 0 0 0 0 0 0
Child: 533.789182 10.000000 101.000000 0.000000 2055.350000 340.289182 -10.000000 0.000000 0.000000 0.000000 0 0 0 0 0 0 0 0
Child: 340.289182 10.000000 102.000000 0.000000 2075.700000 146.789182 -10.000000 0.000000 0.000000 0.000000 0 0 0 0 0 0 0 0
Child: 146.789182 7.704628 79.000000 0.000000 1607.650000 0.000000 -10.000000 0.000000 0.000000 0.000000 0 0 0 0 0 0 0 0
EGO_STATUS -1.750000 82.295372 4.300000 1.570796 16.500000 5.000000 0.000000
DYNAMIC_OBS_INFO 0 -5.750000 53.801671 1.570796 4.434715 -5.750000 85.860233 9.937489 1.154423
DYNAMIC_OBS_INFO 1 -1.750000 32.264668 1.570796 21.850789 -1.750000 62.094583 13.406917 2.725537
STATIC_OBS_INFO 0 -6.300000 65.105937 19.381094 
STATIC_OBS_INFO 1 -6.300000 65.386103 19.108871 
Parent: 838.002871 10.000000 102.000000 0.000000 2075.700000 693.711682 -10.000000 2.791190 52.000000 0.000000 0 0 0 0 0 0 0 0
Child: 693.711682 10.000000 101.000000 0.000000 2055.350000 500.211682 -10.000000 0.000000 0.000000 0.000000 0 0 0 0 0 0 0 0
Child: 500.211682 10.000000 101.000000 0.000000 2055.350000 306.711682 -10.000000 0.000000 0.000000 0.000000 0 0 0 0 0 0 0 0
Child: 306.711682 10.000000 102.000000 0.000000 2075.700000 113.211682 -10.000000 0.000000 0.000000 0.000000 0 0 0 0 0 0 0 0
Child: 113.211682 6.054628 62.000000 0.000000 1261.700000 0.000000 -10.000000 0.000000 0.000000 0.000000 0 0 0 0 0 0 0 0
EGO_STATUS -1.750000 83.945372 4.400000 1.570796 16.500000 5.000000 0.000000
DYNAMIC_OBS_INFO 0 -5.750000 53.801671 1.570796 4.195076 -5.750000 86.859754 10.052931 1.154423
DYNAMIC_OBS_INFO 1 -1.750000 32.264668 1.570796 22.146470 -1.750000 63.448902 13.679471 2.725537
STATIC_OBS_INFO 0 -6.300000 65.105937 20.988555 
STATIC_OBS_INFO 1 -6.300000 65.386103 20.715140 
Parent: 806.325371 10.000000 102.000000 0.000000 2075.700000 660.134182 -10.000000 2.691190 50.000000 0.000000 0 0 0 0 0 0 0 0
Child: 660.134182 10.000000 101.000000 0.000000 2055.350000 466.634182 -10.000000 0.000000 0.000000 0.000000 0 0 0 0 0 0 0 0
Child: 466.634182 10.000000 101.000000 0.000000 2055.350000 273.134182 -10.000000 0.000000 0.000000 0.000000 0 0 0 0 0 0 0 0
Child: 273.134182 10.000000 102.000000 0.000000 2075.700000 79.634182 -10.000000 0.000000 0.000000 0.000000 0 0 0 0 0 0 0 0
Child: 79.634182 4.404628 46.000000 0.000000 936.100000 0.000000 -10.000000 0.000000 0.000000 0.000000 0 0 0 0 0 0 0 0
EGO_STATUS -1.750000 85.595372 4.500000 1.570796 16.500000 5.000000 0.000000
DYNAMIC_OBS_INFO 0 -5.750000 53.801671 1.570796 4.048603 -5.750000 87.870820 10.168373 1.154423
DYNAMIC_OBS_INFO 1 -1.750000 32.264668 1.570796 22.414895 -1.750000 64.830477 13.952024 2.725537
STATIC_OBS_INFO 0 -6.300000 65.105937 22.602147 
STATIC_OBS_INFO 1 -6.300000 65.386103 22.327788 
Parent: 805.864256 50.043740 502.000000 280.224513 7896.800000 46.056682 0.000000 2.650420 58.000000 0.000000 0 1 1 0 0 0 0 0
Child: 46.056682 2.754628 29.000000 0.000000 590.150000 0.000000 -10.000000 0.000000 0.000000 0.000000 0 0 0 0 0 0 0 0
EGO_STATUS -1.750000 87.245372 4.600000 1.570796 16.500000 5.000000 0.000000
DYNAMIC_OBS_INFO 0 -5.750000 53.801671 1.570796 4.000000 -5.750000 88.893429 10.283816 1.154423
DYNAMIC_OBS_INFO 1 -1.750000 32.264668 1.570796 22.656065 -1.750000 66.239307 14.224578 2.725537
STATIC_OBS_INFO 0 -6.300000 65.105937 24.220646 
STATIC_OBS_INFO 1 -6.300000 65.386103 23.945526 
Parent: 809.924577 40.054669 402.000000 284.483180 6321.600000 205.979182 0.000000 2.725315 57.000000 0.000000 0 1 1 0 0 0 0 0
Child: 205.979182 10.000000 102.000000 0.000000 2075.700000 12.479182 -10.000000 0.000000 0.000000 0.000000 0 0 0 0 0 0 0 0
Child: 12.479182 1.104628 13.000000 0.000000 264.550000 0.000000 -10.000000 0.000000 0.000000 0.000000 0 0 0 0 0 0 0 0
EGO_STATUS -1.750000 88.895372 4.700000 1.570796 16.500000 5.000000 0.000000
DYNAMIC_OBS_INFO 0 -5.750000 53.801671 1.570796 4.047427 -5.750000 89.927583 10.399258 1.154423
DYNAMIC_OBS_INFO 1 -1.750000 32.264668 1.570796 22.869979 -1.750000 67.675392 14.497132 2.725537
STATIC_OBS_INFO 0 -6.300000 65.105937 25.843129 
STATIC_OBS_INFO 1 -6.300000 65.386103 25.567387 
Parent: 824.634180 40.054669 402.000000 282.288288 6321.600000 218.992823 0.000000 2.639973 55.000000 0.000000 0 1 1 0 0 0 0 0
Child: 218.992823 9.454628 96.000000 270.000000 1953.600000 0.000000 0.000000 0.000000 0.000000 0.000000 0 1 1 0 0 0 0 0
EGO_STATUS -1.750000 90.545372 4.800000 1.570796 16.500000 5.000000 0.000000
DYNAMIC_OBS_INFO 0 -5.750000 53.801671 1.570796 4.186846 -5.750000 90.973281 10.514700 1.154423
DYNAMIC_OBS_INFO 1 -1.750000 32.264668 1.570796 23.071351 -1.750000 69.138733 14.769685 2.725537
STATIC_OBS_INFO 0 -6.300000 65.105937 27.483400 
STATIC_OBS_INFO 1 -6.300000 65.386103 27.207139 
Parent: 780.620680 40.054669 402.000000 260.330415 6321.600000 175.148558 0.000000 2.658586 53.000000 0.000000 0 1 0 0 0 0 0 0
Child: 175.148558 7.789916 79.000000 270.000000 1607.650000 0.000000 -10.000000 0.000000 0.000000 0.000000 0 1 1 0 0 0 0 0
EGO_STATUS -1.750000 92.210084 4.900000 1.570796 16.794000 0.000000 2.940000
DYNAMIC_OBS_INFO 0 -5.750000 53.801671 1.570796 4.417082 -5.750000 92.030523 10.630142 1.154423
DYNAMIC_OBS_INFO 1 -1.750000 32.264668 1.570796 23.274857 -1.750000 70.629329 15.042239 2.725537
STATIC_OBS_INFO 0 -6.300000 65.105937 29.155474 
STATIC_OBS_INFO 1 -6.300000 65.386103 28.878774 
Parent: 746.968208 40.054669 402.000000 260.330415 6321.600000 140.596086 0.000000 2.558586 52.000000 0.000000 0 1 0 0 0 0 0 0
Child: 140.596086 6.095813 62.000000 270.000000 1261.700000 0.000000 -10.000000 0.000000 0.000000 0.000000 0 1 1 0 0 0 0 0
EGO_STATUS -1.750000 93.904187 5.000000 1.570796 17.088000 0.000000 2.940000
DYNAMIC_OBS_INFO 0 -5.750000 53.801671 1.570796 4.732096 -5.750000 93.099309 10.745585 1.154423
DYNAMIC_OBS_INFO 1 -1.750000 32.264668 1.570796 23.480514 -1.750000 72.147181 15.314793 2.725537
STATIC_OBS_INFO 0 -6.300000 65.105937 30.859038 
STATIC_OBS_INFO 1 -6.300000 65.386103 30.581962 
Parent: 713.482348 40.054669 402.000000 260.330413 6321.600000 105.210227 0.000000 2.458586 50.000000 0.000000 0 1 0 0 0 0 0 0
Child: 105.210227 4.372305 45.000000 270.000000 915.750000 0.000000 -10.000000 0.000000 0.000000 0.000000 0 1 1 0 0 0 0 0
EGO_STATUS -1.750000 95.627695 5.100000 1.570796 17.382000 0.000000 2.940000
DYNAMIC_OBS_INFO 0 -5.750000 53.801671 1.570796 5.123104 -5.750000 94.179640 10.861027 1.154423
DYNAMIC_OBS_INFO 1 -1.750000 32.264668 1.570796 23.688319 -1.750000 73.692288 15.587346 2.725537
STATIC_OBS_INFO 0 -6.300000 65.105937 32.593816 
STATIC_OBS_INFO 1 -6.300000 65.386103 32.316416 
Parent: 711.907478 10.000000 102.000000 0.000000 535.500000 724.340143 -10.000000 3.067335 58.000000 0.000000 0 0 0 0 0 0 0 0
Child: 724.340143 40.054669 402.000000 259.964388 6321.600000 68.563077 0.000000 0.000000 0.000000 0.000000 0 1 0 0 0 0 0 0
Child: 68.563077 2.619393 28.000000 270.000000 569.800000 0.000000 -10.000000 0.000000 0.000000 0.000000 0 1 1 0 0 0 0 0
EGO_STATUS -1.750000 97.380607 5.200000 1.570796 17.676000 0.000000 2.940000
DYNAMIC_OBS_INFO 0 -5.750000 53.801671 1.570796 5.580590 -5.750000 95.271515 10.976469 1.154423
DYNAMIC_OBS_INFO 1 -1.750000 32.264668 1.570796 23.898263 -1.750000 75.264650 15.859900 2.725537
STATIC_OBS_INFO 0 -6.300000 65.105937 34.359571 
STATIC_OBS_INFO 1 -6.300000 65.386103 34.081893 
Parent: 503.621745 50.174845 503.000000 263.181533 5021.650000 29.636035 0.000000 2.817512 56.000000 0.000000 0 1 0 0 0 0 0 0
Child: 29.636035 0.837086 10.000000 270.000000 203.500000 0.000000 -10.000000 0.000000 0.000000 0.000000 0 1 1 0 0 0 0 0
EGO_STATUS -1.750000 99.162914 5.300000 1.570796 17.970000 0.000000 2.940000
DYNAMIC_OBS_INFO 0 -5.750000 53.801671 1.570796 6.092310 -5.750000 96.374934 11.091911 1.154423
DYNAMIC_OBS_INFO 1 -1.750000 32.264668 1.570796 24.106123 -1.750000 76.864268 16.132454 2.725537
STATIC_OBS_INFO 0 -6.300000 65.105937 36.151892 
STATIC_OBS_INFO 1 -6.300000 65.386103 35.873971 
Parent: 590.421958 49.091944 492.000000 261.573314 6279.900000 0.000000 -10.000000 2.711298 55.000000 0.000000 0 1 0 0 0 0 0 0
EGO_STATUS -1.750249 100.970391 5.400000 1.571552 18.106434 4.000000 0.000000
DYNAMIC_OBS_INFO 0 -5.750000 53.801671 1.570796 6.629641 -5.750000 97.489897 11.207354 1.154423
DYNAMIC_OBS_INFO 1 -1.750000 32.264668 1.570796 24.289885 -1.750000 78.491141 16.405007 2.725537
STATIC_OBS_INFO 0 -6.300000 65.105937 37.948186 
STATIC_OBS_INFO 1 -6.300000 65.386103 37.670051 
Parent: 567.521640 47.281298 474.000000 283.243482 5913.000000 0.000000 0.000000 2.448991 53.000000 0.000000 0 1 1 0 0 0 0 0
EGO_STATUS -1.755492 102.781025 5.500000 1.576538 18.106434 4.000000 0.000000
DYNAMIC_OBS_INFO 0 -5.750000 53.801671 1.570796 7.181583 -5.750000 98.616404 11.322796 1.154423
DYNAMIC_OBS_INFO 1 -1.750000 32.264668 1.570796 24.451219 -1.750000 80.145270 16.677561 2.725537
STATIC_OBS_INFO 0 -6.300000 65.105937 39.749131 
STATIC_OBS_INFO 1 -6.300000 65.386103 39.470801 
Parent: 400.270510 45.573201 457.000000 261.974198 4236.950000 0.000000 0.000000 2.626362 51.000000 0.000000 0 1 0 0 0 0 0 0
EGO_STATUS -1.773336 104.596477 5.600000 1.585222 18.204434 2.000000 0.980000
DYNAMIC_OBS_INFO 0 -5.750000 53.801671 1.570796 7.737464 -5.750000 99.754456 11.438238 1.154423
DYNAMIC_OBS_INFO 1 -1.750000 32.264668 1.570796 24.586725 -1.750000 81.826653 16.950115 2.725537
STATIC_OBS_INFO 0 -6.300000 65.105937 41.550739 
STATIC_OBS_INFO 1 -6.300000 65.386103 41.272225 
Parent: 371.196149 53.738989 539.000000 284.140337 4005.950000 0.000000 0.000000 2.468662 59.000000 0.000000 0 1 1 0 0 0 0 0
EGO_STATUS -1.809434 106.413306 5.700000 1.596420 18.139537 5.000000 -0.648972
DYNAMIC_OBS_INFO 0 -5.750000 53.801671 1.570796 8.300775 -5.750000 100.904052 11.553681 1.154423
DYNAMIC_OBS_INFO 1 -1.750000 32.264668 1.570796 24.706014 -1.750000 83.535292 17.222668 2.725537
STATIC_OBS_INFO 0 -6.300000 65.105937 43.362201 
STATIC_OBS_INFO 1 -6.300000 65.386103 43.083512 
Parent: 313.519172 10.000000 101.000000 0.000000 15.150000 376.012751 -10.000000 3.006420 57.000000 0.000000 0 0 0 0 0 0 0 0
Child: 376.012751 41.926529 421.000000 262.334997 3513.350000 0.000000 0.000000 0.000000 0.000000 0.000000 0 1 0 0 0 0 0 0
EGO_STATUS -1.867774 108.241025 5.800000 1.609146 18.433537 0.000000 2.940000
DYNAMIC_OBS_INFO 0 -5.750000 53.801671 1.570796 8.868388 -5.750000 102.065192 11.669123 1.154423
DYNAMIC_OBS_INFO 1 -1.750000 32.264668 1.570796 24.808094 -1.750000 85.271187 17.495222 2.725537
STATIC_OBS_INFO 0 -6.300000 65.105937 45.182367 
STATIC_OBS_INFO 1 -6.300000 65.386103 44.903510 
Parent: 269.876901 10.000000 101.000000 0.000000 15.150000 330.470480 -10.000000 2.906421 55.000000 0.000000 0 0 0 0 0 0 0 0
Child: 330.470480 40.087209 402.000000 262.284450 3152.000000 0.000000 -10.000000 0.000000 0.000000 0.000000 0 1 0 0 0 0 0 0
EGO_STATUS -1.950568 110.078470 5.900000 1.622526 18.352985 5.000000 -0.805520
DYNAMIC_OBS_INFO 0 -5.750000 53.801671 1.570796 9.422435 -5.750000 103.237877 11.784565 1.154423
DYNAMIC_OBS_INFO 1 -1.750000 32.264668 1.570796 24.874170 -1.750000 87.034337 17.767776 2.725537
STATIC_OBS_INFO 0 -6.300000 65.105937 46.992579 
STATIC_OBS_INFO 1 -6.300000 65.386103 46.713564 
Parent: 259.593165 48.245356 484.000000 261.795458 2857.700000 0.000000 0.000000 2.640336 54.000000 0.000000 0 1 0 0 0 0 0 0
EGO_STATUS -2.057387 111.906607 6.000000 1.635717 18.272433 5.000000 -0.805520
DYNAMIC_OBS_INFO 0 -5.750000 53.801671 1.570796 9.965625 -5.750000 104.422105 11.900007 1.154423
DYNAMIC_OBS_INFO 1 -1.750000 32.264668 1.570796 24.908302 -1.750000 88.824742 18.040330 2.725537
STATIC_OBS_INFO 0 -6.300000 65.105937 48.796873 
STATIC_OBS_INFO 1 -6.300000 65.386103 48.517709 
Parent: 211.335102 10.000000 101.000000 0.000000 15.150000 269.133822 -10.000000 2.701280 52.000000 0.000000 0 0 0 0 0 0 0 0
Child: 269.133822 36.427938 366.000000 262.250361 2441.800000 0.000000 0.000000 0.000000 0.000000 0.000000 0 1 0 0 0 0 0 0
EGO_STATUS -2.187470 113.729202 6.100000 1.648226 18.272433 4.000000 0.000000
DYNAMIC_OBS_INFO 0 -5.750000 53.801671 1.570796 10.497620 -5.750000 105.617878 12.015450 1.154423
DYNAMIC_OBS_INFO 1 -1.750000 32.264668 1.570796 24.910454 -1.750000 90.642403 18.312883 2.725537
STATIC_OBS_INFO 0 -6.300000 65.105937 50.595238 
STATIC_OBS_INFO 1 -6.300000 65.386103 50.315936 
Parent: 1034.647310 10.000000 101.000000 0.000000 15.150000 1090.463794 -10.000000 2.683517 50.000000 0.000000 0 0 0 0 0 0 0 0
Child: 1090.463794 20.435104 206.000000 3066.615425 2055.100000 592.392010 -10.000000 0.000000 0.000000 0.000000 1 0 0 0 0 0 0 0
Child: 592.392010 14.550940 147.000000 3370.779208 2714.850000 0.000000 -10.000000 0.000000 0.000000 0.000000 1 1 0 0 1 0 0 0
EGO_STATUS -2.339049 115.545891 6.200000 1.659643 18.187839 5.000000 -0.845942
DYNAMIC_OBS_INFO 0 -5.750000 53.801671 1.570796 11.009716 -5.750000 106.825195 12.130892 1.154423
DYNAMIC_OBS_INFO 1 -1.750000 32.264668 1.570796 24.870944 -1.750000 92.487319 18.585437 2.725537
STATIC_OBS_INFO 0 -6.300000 65.105937 52.378231 
STATIC_OBS_INFO 1 -6.300000 65.386103 52.098804 
Parent: 2023.011392 10.000000 101.000000 0.000000 15.150000 2086.441872 -10.000000 3.069520 58.000000 0.000000 0 0 0 0 0 0 0 0
Child: 2086.441872 10.000000 101.000000 0.000000 15.150000 2094.941872 -10.000000 0.000000 0.000000 0.000000 0 0 0 0 0 0 0 0
Child: 2094.941872 20.435104 206.000000 3331.388390 2055.100000 1560.604733 0.000000 0.000000 0.000000 0.000000 1 1 0 0 0 0 0 0
Child: 1560.604733 12.742207 129.000000 13414.754650 2384.550000 0.000000 0.000000 0.000000 0.000000 0.000000 1 1 1 0 1 0 0 1
EGO_STATUS -2.507855 117.346714 6.300000 1.667287 17.986658 5.000000 -2.011811
DYNAMIC_OBS_INFO 0 -5.750000 53.801671 1.570796 11.517481 -5.750000 108.044056 12.246334 1.154423
DYNAMIC_OBS_INFO 1 -1.750000 32.264668 1.570796 24.800405 -1.750000 94.359490 18.857991 2.725537
STATIC_OBS_INFO 0 -6.300000 65.105937 54.158427 
STATIC_OBS_INFO 1 -6.300000 65.386103 53.878893 
Parent: 548.062452 10.000000 101.000000 0.000000 15.150000 609.499070 -10.000000 3.063382 56.000000 0.000000 0 0 0 0 0 0 0 0
Child: 609.499070 10.000000 101.000000 0.000000 15.150000 617.999070 -10.000000 0.000000 0.000000 0.000000 0 0 0 0 0 0 0 0
Child: 617.999070 10.000000 102.000000 0.000000 15.300000 626.499070 -10.000000 0.000000 0.000000 0.000000 0 0 0 0 0 0 0 0
Child: 626.499070 21.532418 217.000000 3455.699857 2858.050000 0.000000 0.000000 0.000000 0.000000 0.000000 1 1 0 0 1 0 0 0
EGO_STATUS -2.672392 119.142737 6.400000 1.650421 18.084658 2.000000 0.980000
DONE
FINISHED
