STATIC_OBS_INIT_INFO 0 -6.300000 62.085892
STATIC_OBS_INIT_INFO 1 -6.300000 64.950047
Parent: -28.634992 10.000000 101.000000 0.000000 15.150000 17.466001 -10.000000 2.399007 40.000000 0.000000 0 0 0 0 0 0 0 0
Child: 17.466001 24.410563 246.000000 9.491494 267.300000 0.000000 -10.000000 0.000000 0.000000 0.000000 0 0 0 0 0 0 0 0
EGO_STATUS -5.750000 15.598210 0.000000 1.570796 14.343671 4.000000 0.000000
DYNAMIC_OBS_INFO 0 -5.750000 49.975058 1.570796 32.942481 -5.750000 49.975058 6.408626 1.155270
DYNAMIC_OBS_INFO 1 -1.750000 31.744522 1.570796 15.246025 -1.750000 31.744522 4.349457 0.218475
STATIC_OBS_INFO 0 -6.300000 62.085892 45.056673 
STATIC_OBS_INFO 1 -6.300000 64.950047 47.920626 
Parent: 279.211151 30.290952 304.000000 31.106247 3032.100000 17.401654 0.000000 4.587677 48.000000 0.000000 0 0 1 0 0 0 0 0
Child: 17.401654 12.983755 131.000000 33.824538 141.750000 0.000000 0.000000 0.000000 0.000000 0.000000 0 0 0 1 0 0 0 0
EGO_STATUS -5.749993 17.032577 0.100000 1.570773 14.343671 4.000000 0.000000
DYNAMIC_OBS_INFO 0 -5.750000 49.975058 1.570796 32.184160 -5.750000 50.621697 6.524153 1.155270
DYNAMIC_OBS_INFO 1 -1.750000 31.744522 1.570796 13.895087 -1.750000 31.744522 4.349457 0.218475
STATIC_OBS_INFO 0 -6.300000 62.085892 43.651825 
STATIC_OBS_INFO 1 -6.300000 64.950047 46.515765 
Parent: 267.798935 30.290952 304.000000 31.106238 3032.100000 5.089436 0.000000 4.487680 47.000000 0.000000 0 0 1 0 0 0 0 0
Child: 5.089436 11.578794 117.000000 33.823907 118.650000 0.000000 -10.000000 0.000000 0.000000 0.000000 0 0 0 1 0 0 0 0
EGO_STATUS -5.749700 18.437537 0.200000 1.570094 13.755671 1.000000 -5.880000
DYNAMIC_OBS_INFO 0 -5.750000 49.975058 1.570796 31.496233 -5.750000 51.279889 6.639680 1.155270
DYNAMIC_OBS_INFO 1 -1.750000 31.744522 1.570796 12.610767 -1.750000 31.744522 4.349457 0.218475
STATIC_OBS_INFO 0 -6.300000 62.085892 42.305863 
STATIC_OBS_INFO 1 -6.300000 64.950047 45.169787 
Parent: 266.471022 30.290952 304.000000 31.106184 3032.100000 2.861513 0.000000 4.387696 46.000000 0.000000 0 0 1 0 0 0 0 0
Child: 2.861513 10.232669 104.000000 33.818320 96.900000 0.000000 -10.000000 0.000000 0.000000 0.000000 0 0 0 1 0 0 0 0
EGO_STATUS -5.746138 19.783655 0.300000 1.565037 13.167671 1.000000 -5.880000
DYNAMIC_OBS_INFO 0 -5.750000 49.975058 1.570796 30.878733 -5.750000 51.949633 6.755207 1.155270
DYNAMIC_OBS_INFO 1 -1.750000 31.744522 1.570796 11.391935 -1.750000 31.744522 4.349457 0.218475
STATIC_OBS_INFO 0 -6.300000 62.085892 41.018930 
STATIC_OBS_INFO 1 -6.300000 64.950047 43.882827 
Parent: -36.612425 10.000000 101.000000 0.000000 15.150000 2.240998 -10.000000 3.646576 34.000000 0.000000 0 0 0 0 0 0 0 0
Child: 2.240998 10.000000 102.000000 0.000000 15.300000 0.740998 0.000000 0.000000 0.000000 0.000000 0 0 0 0 0 0 0 0
Child: 0.740998 8.945323 91.000000 33.817248 75.450000 0.000000 -10.000000 0.000000 0.000000 0.000000 0 0 0 1 0 0 0 0
EGO_STATUS -5.731220 21.070906 0.400000 1.551839 12.579671 1.000000 -5.880000
DYNAMIC_OBS_INFO 0 -5.750000 49.975058 1.570796 30.332077 -5.750000 52.630930 6.870734 1.155270
DYNAMIC_OBS_INFO 1 -1.750000 31.744522 1.570796 10.236694 -1.750000 31.744522 4.349457 0.218475
STATIC_OBS_INFO 0 -6.300000 62.085892 39.791577 
STATIC_OBS_INFO 1 -6.300000 64.950047 42.655424 
Parent: -37.772910 10.000000 101.000000 0.000000 15.150000 0.180495 -10.000000 3.546595 33.000000 0.000000 0 0 0 0 0 0 0 0
Child: 0.180495 10.000000 102.000000 0.000000 15.300000 -1.319505 0.000000 0.000000 0.000000 0.000000 0 0 0 0 0 0 0 0
Child: -1.319505 7.716798 79.000000 33.815759 55.050000 0.000000 -10.000000 0.000000 0.000000 0.000000 0 0 0 1 0 0 0 0
EGO_STATUS -5.695903 22.298901 0.500000 1.531202 11.991671 1.000000 -5.880000
DYNAMIC_OBS_INFO 0 -5.750000 49.975058 1.570796 29.856929 -5.750000 53.323780 6.986261 1.155270
DYNAMIC_OBS_INFO 1 -1.750000 31.744522 1.570796 9.144319 -1.750000 31.744522 4.349457 0.218475
STATIC_OBS_INFO 0 -6.300000 62.085892 38.624530 
STATIC_OBS_INFO 1 -6.300000 64.950047 41.488290 
Parent: -38.531243 10.000000 101.000000 0.000000 15.150000 -1.477859 -10.000000 3.446616 32.000000 0.000000 0 0 0 0 0 0 0 0
Child: -1.477859 10.000000 102.000000 0.000000 15.300000 -2.977859 0.000000 0.000000 0.000000 0.000000 0 0 0 0 0 0 0 0
Child: -2.977859 6.547079 67.000000 32.411587 39.450000 0.000000 -10.000000 0.000000 0.000000 0.000000 0 0 0 1 0 0 0 0
EGO_STATUS -5.636170 23.467068 0.600000 1.508245 11.403671 1.000000 -5.880000
DYNAMIC_OBS_INFO 0 -5.750000 49.975058 1.570796 29.453725 -5.750000 54.028182 7.101788 1.155270
DYNAMIC_OBS_INFO 1 -1.750000 31.744522 1.570796 8.117026 -1.750000 31.744522 4.349457 0.218475
STATIC_OBS_INFO 0 -6.300000 62.085892 37.518175 
STATIC_OBS_INFO 1 -6.300000 64.950047 40.381806 
Parent: -39.031417 10.000000 101.000000 0.000000 15.150000 -2.878044 -10.000000 3.346627 31.000000 0.000000 0 0 0 0 0 0 0 0
Child: -2.878044 10.000000 102.000000 0.000000 15.300000 -4.378044 0.000000 0.000000 0.000000 0.000000 0 0 0 0 0 0 0 0
Child: -4.378044 5.436136 56.000000 31.814206 26.100000 0.000000 -10.000000 0.000000 0.000000 0.000000 0 0 0 1 0 0 0 0
EGO_STATUS -5.555975 24.575096 0.700000 1.490071 10.815671 1.000000 -5.880000
DYNAMIC_OBS_INFO 0 -5.750000 49.975058 1.570796 29.122162 -5.750000 54.744138 7.217315 1.155270
DYNAMIC_OBS_INFO 1 -1.750000 31.744522 1.570796 7.160950 -1.750000 31.744522 4.349457 0.218475
STATIC_OBS_INFO 0 -6.300000 62.085892 36.472065 
STATIC_OBS_INFO 1 -6.300000 64.950047 39.335525 
Parent: -39.120450 10.000000 101.000000 0.000000 15.150000 -3.867107 -10.000000 3.246657 30.000000 0.000000 0 0 0 0 0 0 0 0
Child: -3.867107 10.000000 102.000000 0.000000 15.300000 -5.367107 0.000000 0.000000 0.000000 0.000000 0 0 0 0 0 0 0 0
Child: -5.367107 4.384038 45.000000 31.804374 15.750000 0.000000 -10.000000 0.000000 0.000000 0.000000 0 0 0 1 0 0 0 0
EGO_STATUS -5.466257 25.623358 0.800000 1.482903 10.227671 1.000000 -5.880000
DYNAMIC_OBS_INFO 0 -5.750000 49.975058 1.570796 28.860941 -5.750000 55.471645 7.332842 1.155270
DYNAMIC_OBS_INFO 1 -1.750000 31.744522 1.570796 6.286330 -1.750000 31.744522 4.349457 0.218475
STATIC_OBS_INFO 0 -6.300000 62.085892 35.484728 
STATIC_OBS_INFO 1 -6.300000 64.950047 38.347993 
Parent: 156.794887 20.435104 206.000000 12.980221 2061.400000 -4.562043 -10.000000 4.579378 39.000000 0.000000 0 0 0 0 0 0 0 0
Child: -4.562043 10.000000 102.000000 0.000000 15.300000 -6.062043 0.000000 0.000000 0.000000 0.000000 0 0 0 0 0 0 0 0
Child: -6.062043 3.390689 35.000000 31.799110 8.850000 0.000000 -10.000000 0.000000 0.000000 0.000000 0 0 0 1 0 0 0 0
EGO_STATUS -5.381260 26.613061 0.900000 1.489756 9.639671 1.000000 -5.880000
DYNAMIC_OBS_INFO 0 -5.750000 49.975058 1.570796 28.668929 -5.750000 56.210706 7.448369 1.155270
DYNAMIC_OBS_INFO 1 -1.750000 31.744522 1.570796 5.507826 -1.750000 31.744522 4.349457 0.218475
STATIC_OBS_INFO 0 -6.300000 62.085892 34.554872 
STATIC_OBS_INFO 1 -6.300000 64.950047 37.417949 
Parent: 157.213017 20.435104 206.000000 12.979992 2061.400000 -5.043937 -10.000000 4.479426 38.000000 0.000000 0 0 0 0 0 0 0 0
Child: -5.043937 10.000000 102.000000 0.000000 15.300000 -6.543937 0.000000 0.000000 0.000000 0.000000 0 0 0 0 0 0 0 0
Child: -6.543937 2.456202 26.000000 31.783980 4.800000 0.000000 -10.000000 0.000000 0.000000 0.000000 0 0 0 1 0 0 0 0
EGO_STATUS -5.313841 27.545095 1.000000 1.509308 9.051671 1.000000 -5.880000
DYNAMIC_OBS_INFO 0 -5.750000 49.975058 1.570796 28.545607 -5.750000 56.961319 7.563896 1.155270
DYNAMIC_OBS_INFO 1 -1.750000 31.744522 1.570796 4.842914 -1.750000 31.744522 4.349457 0.218475
STATIC_OBS_INFO 0 -6.300000 62.085892 33.681879 
STATIC_OBS_INFO 1 -6.300000 64.950047 36.544802 
Parent: 328.671627 10.000000 101.000000 0.000000 3915.150000 -15.698289 -10.000000 3.731302 37.000000 0.000000 0 0 0 0 0 0 0 0
Child: -15.698289 10.000000 101.000000 0.000000 15.150000 -7.198289 -10.000000 0.000000 0.000000 0.000000 0 0 0 0 0 0 0 0
Child: -7.198289 10.000000 102.000000 0.000000 15.300000 1.301711 -10.000000 0.000000 0.000000 0.000000 0 0 0 0 0 0 0 0
Child: 1.301711 1.580509 17.000000 11.451237 2.550000 0.000000 0.000000 0.000000 0.000000 0.000000 0 0 0 0 0 0 0 0
EGO_STATUS -5.271300 28.419726 1.100000 1.535775 8.463671 1.000000 -5.880000
DYNAMIC_OBS_INFO 0 -5.750000 49.975058 1.570796 28.461965 -5.750000 57.723485 7.679423 1.155270
DYNAMIC_OBS_INFO 1 -1.750000 31.744522 1.570796 4.290976 -1.750000 31.744522 4.349457 0.218475
STATIC_OBS_INFO 0 -6.300000 62.085892 32.836733 
STATIC_OBS_INFO 1 -6.300000 64.950047 35.699547 
Parent: 319.082448 10.000000 101.000000 0.000000 3915.150000 -26.187467 -10.000000 3.631302 36.000000 0.000000 0 0 0 0 0 0 0 0
Child: -26.187467 10.000000 101.000000 0.000000 15.150000 -17.687467 -10.000000 0.000000 0.000000 0.000000 0 0 0 0 0 0 0 0
Child: -17.687467 10.000000 102.000000 0.000000 15.300000 -9.187467 -10.000000 0.000000 0.000000 0.000000 0 0 0 0 0 0 0 0
Child: -9.187467 0.734143 9.000000 8.610994 1.350000 0.000000 -10.000000 0.000000 0.000000 0.000000 0 0 0 0 0 0 0 0
EGO_STATUS -5.252676 29.265865 1.200000 1.560628 8.463671 4.000000 0.000000
DYNAMIC_OBS_INFO 0 -5.750000 49.975058 1.570796 28.389383 -5.750000 58.497204 7.794950 1.155270
DYNAMIC_OBS_INFO 1 -1.750000 31.744522 1.570796 4.065466 -1.750000 32.180560 4.371304 0.218475
STATIC_OBS_INFO 0 -6.300000 62.085892 31.990904 
STATIC_OBS_INFO 1 -6.300000 64.950047 34.853642 
Parent: 329.153082 10.000000 101.000000 0.000000 3915.150000 -17.016834 -10.000000 3.531302 35.000000 0.000000 0 0 0 0 0 0 0 0
Child: -17.016834 10.000000 101.000000 0.000000 15.150000 -8.516834 -10.000000 0.000000 0.000000 0.000000 0 0 0 0 0 0 0 0
Child: -8.516834 9.887776 100.000000 0.000000 15.000000 0.000000 -10.000000 0.000000 0.000000 0.000000 0 0 0 0 0 0 0 0
EGO_STATUS -5.250000 30.112224 1.300000 1.570796 8.463671 4.000000 0.000000
DYNAMIC_OBS_INFO 0 -5.750000 49.975058 1.570796 28.328297 -5.750000 59.282475 7.910477 1.155270
DYNAMIC_OBS_INFO 1 -1.750000 31.744522 1.570796 3.873788 -1.750000 32.618783 4.393152 0.218475
STATIC_OBS_INFO 0 -6.300000 62.085892 31.145006 
STATIC_OBS_INFO 1 -6.300000 64.950047 34.007669 
Parent: 328.926127 10.000000 101.000000 0.000000 3915.150000 -17.143789 -10.000000 3.431302 35.000000 0.000000 0 0 0 0 0 0 0 0
Child: -17.143789 10.000000 101.000000 0.000000 15.150000 -8.643789 -10.000000 0.000000 0.000000 0.000000 0 0 0 0 0 0 0 0
Child: -8.643789 9.041409 92.000000 0.000000 13.800000 0.000000 -10.000000 0.000000 0.000000 0.000000 0 0 0 0 0 0 0 0
EGO_STATUS -5.250000 30.958591 1.400000 1.570796 8.463671 4.000000 0.000000
DYNAMIC_OBS_INFO 0 -5.750000 49.975058 1.570796 28.278762 -5.750000 60.079300 8.026005 1.155270
DYNAMIC_OBS_INFO 1 -1.750000 31.744522 1.570796 3.717943 -1.750000 33.059190 4.414999 0.218475
STATIC_OBS_INFO 0 -6.300000 62.085892 30.299133 
STATIC_OBS_INFO 1 -6.300000 64.950047 33.161716 
Parent: 329.699172 10.000000 101.000000 0.000000 3915.150000 -17.270744 -10.000000 3.331302 34.000000 0.000000 0 0 0 0 0 0 0 0
Child: -17.270744 10.000000 101.000000 0.000000 15.150000 -8.770744 -10.000000 0.000000 0.000000 0.000000 0 0 0 0 0 0 0 0
Child: -8.770744 8.195042 83.000000 0.000000 12.450000 0.000000 -10.000000 0.000000 0.000000 0.000000 0 0 0 0 0 0 0 0
EGO_STATUS -5.250000 31.804958 1.500000 1.570796 8.463671 4.000000 0.000000
DYNAMIC_OBS_INFO 0 -5.750000 49.975058 1.570796 28.240777 -5.750000 60.887676 8.141532 1.155270
DYNAMIC_OBS_INFO 1 -1.750000 31.744522 1.570796 3.601844 -1.750000 33.501782 4.436847 0.218475
STATIC_OBS_INFO 0 -6.300000 62.085892 29.453289 
STATIC_OBS_INFO 1 -6.300000 64.950047 32.315784 
Parent: 330.472217 10.000000 101.000000 0.000000 3915.150000 -17.397699 -10.000000 3.231302 33.000000 0.000000 0 0 0 0 0 0 0 0
Child: -17.397699 10.000000 101.000000 0.000000 15.150000 -8.897699 -10.000000 0.000000 0.000000 0.000000 0 0 0 0 0 0 0 0
Child: -8.897699 7.348675 75.000000 0.000000 11.250000 0.000000 -10.000000 0.000000 0.000000 0.000000 0 0 0 0 0 0 0 0
EGO_STATUS -5.250000 32.651325 1.600000 1.570796 8.463671 4.000000 0.000000
DYNAMIC_OBS_INFO 0 -5.750000 49.975058 1.570796 28.214344 -5.750000 61.707606 8.257059 1.155270
DYNAMIC_OBS_INFO 1 -1.750000 31.744522 1.570796 3.528666 -1.750000 33.946559 4.458694 0.218475
STATIC_OBS_INFO 0 -6.300000 62.085892 28.607476 
STATIC_OBS_INFO 1 -6.300000 64.950047 31.469876 
Parent: 331.245262 10.000000 101.000000 0.000000 3915.150000 -17.524654 -10.000000 3.131302 32.000000 0.000000 0 0 0 0 0 0 0 0
Child: -17.524654 10.000000 101.000000 0.000000 15.150000 -9.024654 -10.000000 0.000000 0.000000 0.000000 0 0 0 0 0 0 0 0
Child: -9.024654 6.502307 67.000000 0.000000 10.050000 0.000000 -10.000000 0.000000 0.000000 0.000000 0 0 0 0 0 0 0 0
EGO_STATUS -5.250000 33.497693 1.700000 1.570796 8.463671 4.000000 0.000000
DYNAMIC_OBS_INFO 0 -5.750000 49.975058 1.570796 28.199461 -5.750000 62.539088 8.372586 1.155270
DYNAMIC_OBS_INFO 1 -1.750000 31.744522 1.570796 3.500349 -1.750000 34.393521 4.480542 0.218475
STATIC_OBS_INFO 0 -6.300000 62.085892 27.761696 
STATIC_OBS_INFO 1 -6.300000 64.950047 30.623993 
Parent: 332.018307 10.000000 101.000000 0.000000 3915.150000 -17.651609 -10.000000 3.031302 31.000000 0.000000 0 0 0 0 0 0 0 0
Child: -17.651609 10.000000 101.000000 0.000000 15.150000 -9.151609 -10.000000 0.000000 0.000000 0.000000 0 0 0 0 0 0 0 0
Child: -9.151609 5.655940 58.000000 0.000000 8.700000 0.000000 -10.000000 0.000000 0.000000 0.000000 0 0 0 0 0 0 0 0
EGO_STATUS -5.250000 34.344060 1.800000 1.570796 8.463671 4.000000 0.000000
DYNAMIC_OBS_INFO 0 -5.750000 49.975058 1.570796 28.196130 -5.750000 63.382123 8.488113 1.155270
DYNAMIC_OBS_INFO 1 -1.750000 31.744522 1.570796 3.517234 -1.750000 34.842668 4.502389 0.218475
STATIC_OBS_INFO 0 -6.300000 62.085892 26.915954 
STATIC_OBS_INFO 1 -6.300000 64.950047 29.778138 
Parent: 332.791352 10.000000 101.000000 0.000000 3915.150000 -17.778564 -10.000000 2.931302 30.000000 0.000000 0 0 0 0 0 0 0 0
Child: -17.778564 10.000000 101.000000 0.000000 15.150000 -9.278564 -10.000000 0.000000 0.000000 0.000000 0 0 0 0 0 0 0 0
Child: -9.278564 4.809573 50.000000 0.000000 7.500000 0.000000 -10.000000 0.000000 0.000000 0.000000 0 0 0 0 0 0 0 0
EGO_STATUS -5.250000 35.190427 1.900000 1.570796 8.463671 4.000000 0.000000
DYNAMIC_OBS_INFO 0 -5.750000 49.975058 1.570796 28.204349 -5.750000 64.236711 8.603640 1.155270
DYNAMIC_OBS_INFO 1 -1.750000 31.744522 1.570796 3.577953 -1.750000 35.293999 4.524236 0.218475
STATIC_OBS_INFO 0 -6.300000 62.085892 26.070252 
STATIC_OBS_INFO 1 -6.300000 64.950047 28.932312 
Parent: 836.135396 20.972423 211.000000 3063.738410 5865.150000 -5.925321 -10.000000 3.570534 39.000000 0.000000 1 0 1 0 0 0 0 0
Child: -5.925321 10.000000 101.000000 20.000000 15.150000 -9.405519 0.000000 0.000000 0.000000 0.000000 0 0 1 0 0 0 0 0
Child: -9.405519 3.963206 41.000000 0.000000 6.150000 0.000000 -10.000000 0.000000 0.000000 0.000000 0 0 0 0 0 0 0 0
EGO_STATUS -5.250000 36.036794 2.000000 1.570796 8.463671 4.000000 0.000000
DYNAMIC_OBS_INFO 0 -5.750000 49.975058 1.570796 28.224119 -5.750000 65.102851 8.719167 1.155270
DYNAMIC_OBS_INFO 1 -1.750000 31.744522 1.570796 3.679632 -1.750000 35.747515 4.546084 0.218475
STATIC_OBS_INFO 0 -6.300000 62.085892 25.224595 
STATIC_OBS_INFO 1 -6.300000 64.950047 28.086520 
Parent: 835.501422 20.972423 211.000000 3080.072964 5865.150000 -18.032474 0.000000 3.420133 39.000000 0.000000 1 0 1 0 0 0 0 0
Child: -18.032474 10.000000 101.000000 0.000000 15.150000 -9.532474 -10.000000 0.000000 0.000000 0.000000 0 0 0 0 0 0 0 0
Child: -9.532474 3.116839 33.000000 0.000000 4.950000 0.000000 -10.000000 0.000000 0.000000 0.000000 0 0 0 0 0 0 0 0
EGO_STATUS -5.250000 36.883161 2.100000 1.570796 8.463671 4.000000 0.000000
DYNAMIC_OBS_INFO 0 -5.750000 49.975058 1.570796 28.255440 -5.750000 65.980544 8.834694 1.155270
DYNAMIC_OBS_INFO 1 -1.750000 31.744522 1.570796 3.818328 -1.750000 36.203216 4.567931 0.218475
STATIC_OBS_INFO 0 -6.300000 62.085892 24.378987 
STATIC_OBS_INFO 1 -6.300000 64.950047 27.240762 
Parent: 836.681486 20.972423 211.000000 3063.738410 5865.150000 -6.179231 -10.000000 3.370534 38.000000 0.000000 1 0 1 0 0 0 0 0
Child: -6.179231 10.000000 101.000000 20.000000 15.150000 -9.659429 0.000000 0.000000 0.000000 0.000000 0 0 1 0 0 0 0 0
Child: -9.659429 2.270472 24.000000 0.000000 3.600000 0.000000 -10.000000 0.000000 0.000000 0.000000 0 0 0 0 0 0 0 0
EGO_STATUS -5.250000 37.729528 2.200000 1.570796 8.463671 4.000000 0.000000
DYNAMIC_OBS_INFO 0 -5.750000 49.975058 1.570796 28.298312 -5.750000 66.869790 8.950221 1.155270
DYNAMIC_OBS_INFO 1 -1.750000 31.744522 1.570796 3.989541 -1.750000 36.661101 4.589779 0.218475
STATIC_OBS_INFO 0 -6.300000 62.085892 23.533433 
STATIC_OBS_INFO 1 -6.300000 64.950047 26.395044 
Parent: 837.047511 20.972423 211.000000 3080.072964 5865.150000 -18.286384 0.000000 3.220133 37.000000 0.000000 1 0 1 0 0 0 0 0
Child: -18.286384 10.000000 101.000000 0.000000 15.150000 -9.786384 -10.000000 0.000000 0.000000 0.000000 0 0 0 0 0 0 0 0
Child: -9.786384 1.424105 16.000000 0.000000 2.400000 0.000000 -10.000000 0.000000 0.000000 0.000000 0 0 0 0 0 0 0 0
EGO_STATUS -5.250000 38.575895 2.300000 1.570796 8.463671 4.000000 0.000000
DYNAMIC_OBS_INFO 0 -5.750000 49.975058 1.570796 28.352735 -5.750000 67.770588 9.065748 1.155270
DYNAMIC_OBS_INFO 1 -1.750000 31.744522 1.570796 4.188677 -1.750000 37.121172 4.611626 0.218475
STATIC_OBS_INFO 0 -6.300000 62.085892 22.687940 
STATIC_OBS_INFO 1 -6.300000 64.950047 25.549370 
Parent: 835.837919 20.972423 211.000000 3056.827698 5865.150000 -18.413339 0.000000 3.447968 36.000000 0.000000 1 0 1 0 0 0 0 0
Child: -18.413339 10.000000 101.000000 0.000000 15.150000 -9.913339 -10.000000 0.000000 0.000000 0.000000 0 0 0 0 0 0 0 0
Child: -9.913339 0.577738 7.000000 0.000000 1.050000 0.000000 -10.000000 0.000000 0.000000 0.000000 0 0 0 0 0 0 0 0
EGO_STATUS -5.250000 39.422262 2.400000 1.570796 8.463671 4.000000 0.000000
DYNAMIC_OBS_INFO 0 -5.750000 49.975058 1.570796 28.418709 -5.750000 68.682939 9.181275 1.155270
DYNAMIC_OBS_INFO 1 -1.750000 31.744522 1.570796 4.411385 -1.750000 37.583427 4.633474 0.218475
STATIC_OBS_INFO 0 -6.300000 62.085892 21.842515 
STATIC_OBS_INFO 1 -6.300000 64.950047 24.703742 
Parent: 784.552911 30.523182 307.000000 3092.397968 5125.350000 0.000000 0.000000 2.511150 35.000000 0.000000 1 0 1 0 0 0 0 0
EGO_STATUS -5.250000 40.268629 2.500000 1.570796 8.463671 4.000000 0.000000
DYNAMIC_OBS_INFO 0 -5.750000 49.975058 1.570796 28.481490 -5.750000 69.606843 9.296802 1.155270
DYNAMIC_OBS_INFO 1 -1.750000 31.744522 1.570796 4.663469 -1.750000 38.047866 4.655321 0.218475
STATIC_OBS_INFO 0 -6.300000 62.085892 20.982439 
STATIC_OBS_INFO 1 -6.300000 64.950047 23.843436 
Parent: 785.723066 29.662048 298.000000 3092.395761 5219.200000 0.000000 -10.000000 2.411146 34.000000 0.000000 1 0 1 0 0 0 0 0
EGO_STATUS -5.249998 41.129742 2.600000 1.570785 8.757671 0.000000 2.940000
DYNAMIC_OBS_INFO 0 -5.750000 49.975058 1.570796 28.526458 -5.750000 70.542299 9.412329 1.155270
DYNAMIC_OBS_INFO 1 -1.750000 31.744522 1.570796 4.953758 -1.750000 38.514491 4.677169 0.218475
STATIC_OBS_INFO 0 -6.300000 62.085892 20.093125 
STATIC_OBS_INFO 1 -6.300000 64.950047 22.953853 
Parent: 843.717064 20.972423 211.000000 3100.176363 5865.150000 -6.717416 -10.000000 2.322532 33.000000 0.000000 1 0 1 0 0 0 0 0
Child: -6.717416 7.979784 81.000000 21.170369 12.150000 0.000000 -10.000000 0.000000 0.000000 0.000000 0 0 1 0 0 0 0 0
EGO_STATUS -5.249936 42.020225 2.700000 1.570618 9.051671 0.000000 2.940000
DYNAMIC_OBS_INFO 0 -5.750000 49.975058 1.570796 28.553577 -5.750000 71.489309 9.527856 1.155270
DYNAMIC_OBS_INFO 1 -1.750000 31.744522 1.570796 5.282332 -1.750000 38.983300 4.699016 0.218475
STATIC_OBS_INFO 0 -6.300000 62.085892 19.174571 
STATIC_OBS_INFO 1 -6.300000 64.950047 22.034983 
Parent: 843.469395 20.972423 211.000000 3100.176307 5865.150000 -6.865077 -10.000000 2.222531 33.000000 0.000000 1 0 1 0 0 0 0 0
Child: -6.865077 7.059890 72.000000 21.171383 10.800000 0.000000 -10.000000 0.000000 0.000000 0.000000 0 0 1 0 0 0 0 0
EGO_STATUS -5.249517 42.940118 2.800000 1.569977 9.345671 0.000000 2.940000
DYNAMIC_OBS_INFO 0 -5.750000 49.975058 1.570796 28.562853 -5.750000 72.447871 9.643383 1.155270
DYNAMIC_OBS_INFO 1 -1.750000 31.744522 1.570796 5.648764 -1.750000 39.454294 4.720864 0.218475
STATIC_OBS_INFO 0 -6.300000 62.085892 18.226835 
STATIC_OBS_INFO 1 -6.300000 64.950047 21.086865 
Parent: 844.204314 20.972423 211.000000 3100.176225 5865.150000 -7.030148 -10.000000 2.122528 32.000000 0.000000 1 0 1 0 0 0 0 0
Child: -7.030148 6.110583 63.000000 21.169118 9.450000 0.000000 -10.000000 0.000000 0.000000 0.000000 0 0 1 0 0 0 0 0
EGO_STATUS -5.248308 43.889424 2.900000 1.569107 9.639671 0.000000 2.940000
DYNAMIC_OBS_INFO 0 -5.750000 49.975058 1.570796 28.554310 -5.750000 73.417985 9.758910 1.155270
DYNAMIC_OBS_INFO 1 -1.750000 31.744522 1.570796 6.052708 -1.750000 39.927473 4.742711 0.218475
STATIC_OBS_INFO 0 -6.300000 62.085892 17.249979 
STATIC_OBS_INFO 1 -6.300000 64.950047 20.109548 
Parent: 588.172897 10.000000 101.000000 20.000000 2055.350000 421.687481 -10.000000 2.005218 31.000000 0.000000 0 0 1 0 0 0 0 0
Child: 421.687481 15.829902 160.000000 3185.861168 1177.400000 0.000000 -10.000000 0.000000 0.000000 0.000000 1 0 1 0 1 0 0 0
EGO_STATUS -5.246474 44.868115 3.000000 1.568928 9.933671 0.000000 2.940000
DYNAMIC_OBS_INFO 0 -5.750000 49.975058 1.570796 28.527932 -5.750000 74.399652 9.874437 1.155270
DYNAMIC_OBS_INFO 1 -1.750000 31.744522 1.570796 6.494037 -1.750000 40.402836 4.764559 0.218475
STATIC_OBS_INFO 0 -6.300000 62.085892 16.243998 
STATIC_OBS_INFO 1 -6.300000 64.950047 19.103011 
Parent: 738.017342 24.995376 251.000000 3085.247359 4708.250000 0.000000 -10.000000 1.916171 30.000000 0.000000 1 0 1 0 0 0 0 0
EGO_STATUS -5.244983 45.876191 3.100000 1.569729 10.227671 0.000000 2.940000
DYNAMIC_OBS_INFO 0 -5.750000 49.975058 1.570796 28.483691 -5.750000 75.392872 9.989964 1.155270
DYNAMIC_OBS_INFO 1 -1.750000 31.744522 1.570796 6.971667 -1.750000 40.880385 4.786406 0.218475
STATIC_OBS_INFO 0 -6.300000 62.085892 15.208956 
STATIC_OBS_INFO 1 -6.300000 64.950047 18.067285 
Parent: 981.591371 10.000000 101.000000 0.000000 2600.750000 769.863947 -10.000000 3.227424 39.000000 0.000000 0 0 0 0 0 0 0 0
Child: 769.863947 23.957892 241.000000 3032.754633 4711.550000 0.000000 0.000000 0.000000 0.000000 0.000000 1 0 0 0 0 0 0 0
EGO_STATUS -5.243336 46.913688 3.200000 1.567688 10.521671 0.000000 2.940000
DYNAMIC_OBS_INFO 0 -5.750000 49.975058 1.570796 28.436484 -5.750000 76.397645 10.105491 1.155270
DYNAMIC_OBS_INFO 1 -1.750000 31.744522 1.570796 7.468791 -1.750000 41.360118 4.808254 0.218475
STATIC_OBS_INFO 0 -6.300000 62.085892 14.160155 
STATIC_OBS_INFO 1 -6.300000 64.950047 17.017565 
Parent: 957.612305 10.000000 101.000000 0.000000 2055.350000 799.026422 -10.000000 3.085884 38.000000 0.000000 0 0 0 0 0 0 0 0
Child: 799.026422 22.468653 226.000000 3027.158030 5110.400000 0.000000 -10.000000 0.000000 0.000000 0.000000 1 0 0 0 0 0 0 0
EGO_STATUS -5.235333 47.965819 3.300000 1.556934 10.521671 4.000000 0.000000
DYNAMIC_OBS_INFO 0 -5.750000 49.975058 1.570796 28.401448 -5.750000 77.413971 10.221018 1.155270
DYNAMIC_OBS_INFO 1 -1.750000 31.744522 1.570796 7.966232 -1.750000 41.842035 4.830101 0.218475
STATIC_OBS_INFO 0 -6.300000 62.085892 13.113618 
STATIC_OBS_INFO 1 -6.300000 64.950047 15.969635 
Parent: 958.675501 10.000000 101.000000 0.000000 2055.350000 798.189619 -10.000000 2.985882 36.000000 0.000000 0 0 0 0 0 0 0 0
Child: 798.189619 21.416465 216.000000 3027.156391 5124.000000 0.000000 -10.000000 0.000000 0.000000 0.000000 1 0 0 0 0 0 0 0
EGO_STATUS -5.209958 49.017657 3.400000 1.534440 10.521671 4.000000 0.000000
DYNAMIC_OBS_INFO 0 -5.750000 49.975058 1.570796 28.379782 -5.750000 78.441849 10.336545 1.155270
DYNAMIC_OBS_INFO 1 -1.750000 31.744522 1.570796 8.457696 -1.750000 42.326138 4.851949 0.218475
STATIC_OBS_INFO 0 -6.300000 62.085892 12.072039 
STATIC_OBS_INFO 1 -6.300000 64.950047 14.925747 
Parent: 686.634568 10.004640 102.000000 3049.083642 4084.900000 0.000000 0.000000 1.899915 15.000000 0.000000 1 0 0 1 0 0 0 0
EGO_STATUS -5.154605 50.068313 3.500000 1.500147 10.521671 4.000000 0.000000
DYNAMIC_OBS_INFO 0 -5.750000 49.975058 1.570796 28.402892 -5.750000 79.481280 10.452072 1.155270
DYNAMIC_OBS_INFO 1 -1.750000 31.744522 1.570796 8.912446 -1.750000 42.812425 4.873796 0.218475
STATIC_OBS_INFO 0 -6.300000 62.085892 11.068645 
STATIC_OBS_INFO 1 -6.300000 64.950047 13.918509 
Parent: 671.793829 8.981882 91.000000 3049.087036 3982.050000 0.000000 -10.000000 1.806553 14.000000 0.000000 1 0 0 1 0 0 0 0
EGO_STATUS -5.061736 51.086728 3.600000 1.459358 9.933671 1.000000 -5.880000
DYNAMIC_OBS_INFO 0 -5.750000 49.975058 1.570796 28.501030 -5.750000 80.532263 10.567599 1.155270
DYNAMIC_OBS_INFO 1 -1.750000 31.744522 1.570796 9.305457 -1.750000 43.300897 4.895644 0.218475
STATIC_OBS_INFO 0 -6.300000 62.085892 10.134892 
STATIC_OBS_INFO 1 -6.300000 64.950047 12.978811 
Parent: 1653.309932 8.017955 82.000000 13049.069999 4077.100000 0.000000 -10.000000 1.714031 13.000000 0.000000 1 0 0 1 0 0 0 1
EGO_STATUS -4.939237 52.042768 3.700000 1.431191 9.345671 1.000000 -5.880000
DYNAMIC_OBS_INFO 0 -5.750000 49.975058 1.570796 28.671159 -5.750000 81.594799 10.683126 1.155270
DYNAMIC_OBS_INFO 1 -1.750000 31.744522 1.570796 9.646417 -1.750000 43.791554 4.917491 0.218475
STATIC_OBS_INFO 0 -6.300000 62.085892 9.267100 
STATIC_OBS_INFO 1 -6.300000 64.950047 12.102846 
Parent: 672.131636 7.112800 73.000000 3049.064199 4068.550000 0.000000 -10.000000 1.622506 13.000000 0.000000 1 0 0 1 0 0 0 0
EGO_STATUS -4.812355 52.938977 3.800000 1.435418 8.757671 1.000000 -5.880000
DYNAMIC_OBS_INFO 0 -5.750000 49.975058 1.570796 28.908168 -5.750000 82.668888 10.798653 1.155270
DYNAMIC_OBS_INFO 1 -1.750000 31.744522 1.570796 9.946528 -1.750000 44.284395 4.939339 0.218475
STATIC_OBS_INFO 0 -6.300000 62.085892 8.456799 
STATIC_OBS_INFO 1 -6.300000 64.950047 11.282882 
Parent: 665.525750 6.266513 64.000000 3049.063691 3957.000000 0.000000 -10.000000 1.532216 12.000000 0.000000 1 0 0 1 0 0 0 0
EGO_STATUS -4.713065 53.779324 3.900000 1.476936 8.169671 1.000000 -5.880000
DYNAMIC_OBS_INFO 0 -5.750000 49.975058 1.570796 29.209514 -5.750000 83.754530 10.914180 1.155270
DYNAMIC_OBS_INFO 1 -1.750000 31.744522 1.570796 10.210613 -1.750000 44.779422 4.961186 0.218475
STATIC_OBS_INFO 0 -6.300000 62.085892 7.696445 
STATIC_OBS_INFO 1 -6.300000 64.950047 10.512829 
Parent: 664.706991 5.478997 56.000000 3049.054883 3944.700000 0.000000 -10.000000 1.443423 11.000000 0.000000 1 0 0 1 0 0 0 0
EGO_STATUS -4.664693 54.565186 4.000000 1.545515 7.581671 1.000000 -5.880000
DYNAMIC_OBS_INFO 0 -5.750000 49.975058 1.570796 29.577721 -5.750000 84.851724 11.029707 1.155270
DYNAMIC_OBS_INFO 1 -1.750000 31.744522 1.570796 10.435082 -1.750000 45.276633 4.983034 0.218475
STATIC_OBS_INFO 0 -6.300000 62.085892 6.984150 
STATIC_OBS_INFO 1 -6.300000 64.950047 9.792357 
Parent: 657.988794 4.750349 49.000000 3046.632652 3932.850000 0.000000 -10.000000 1.356531 10.000000 0.000000 1 0 0 1 0 0 0 0
EGO_STATUS -4.674367 55.293568 4.100000 1.623317 6.993671 1.000000 -5.880000
DYNAMIC_OBS_INFO 0 -5.750000 49.975058 1.570796 30.017050 -5.750000 85.960471 11.145234 1.155270
DYNAMIC_OBS_INFO 1 -1.750000 31.744522 1.570796 10.612559 -1.750000 45.776028 5.004881 0.218475
STATIC_OBS_INFO 0 -6.300000 62.085892 6.322440 
STATIC_OBS_INFO 1 -6.300000 64.950047 9.124908 
Parent: 657.647071 4.080531 42.000000 3039.277498 3922.500000 0.000000 -10.000000 1.272051 10.000000 0.000000 1 0 0 1 0 0 0 0
EGO_STATUS -4.733288 55.960645 4.200000 1.692509 6.405671 1.000000 -5.880000
DYNAMIC_OBS_INFO 0 -5.750000 49.975058 1.570796 30.529819 -5.750000 87.080771 11.260761 1.155270
DYNAMIC_OBS_INFO 1 -1.750000 31.744522 1.570796 10.736612 -1.750000 46.277609 5.026728 0.218475
STATIC_OBS_INFO 0 -6.300000 62.085892 5.715000 
STATIC_OBS_INFO 1 -6.300000 64.950047 8.514096 
Parent: 362.384144 3.469450 36.000000 30.295515 3914.700000 0.000000 -10.000000 1.190681 9.000000 0.000000 0 0 0 1 0 0 0 0
EGO_STATUS -4.823090 56.565026 4.300000 1.740679 5.817671 1.000000 -5.880000
DYNAMIC_OBS_INFO 0 -5.750000 49.975058 1.570796 31.115700 -5.750000 88.212623 11.376288 1.155270
DYNAMIC_OBS_INFO 1 -1.750000 31.744522 1.570796 10.803165 -1.750000 46.781374 5.048576 0.218475
STATIC_OBS_INFO 0 -6.300000 62.085892 5.164794 
STATIC_OBS_INFO 1 -6.300000 64.950047 7.962032 
Parent: 325.148026 2.917337 31.000000 25.651939 3608.850000 0.000000 -10.000000 1.113557 8.000000 0.000000 0 0 0 1 0 0 0 0
EGO_STATUS -4.923516 57.107902 4.400000 1.762720 5.229671 1.000000 -5.880000
DYNAMIC_OBS_INFO 0 -5.750000 49.975058 1.570796 31.772200 -5.750000 89.356029 11.491815 1.155270
DYNAMIC_OBS_INFO 1 -1.750000 31.744522 1.570796 10.810709 -1.750000 47.287324 5.070423 0.218475
STATIC_OBS_INFO 0 -6.300000 62.085892 4.672932 
STATIC_OBS_INFO 1 -6.300000 64.950047 7.468639 
CRASH -5.017976 57.592262 4.400000
Parent: 274.933557 2.423844 26.000000 25.649972 3105.400000 0.000000 -10.000000 1.042139 8.000000 0.000000 0 0 0 1 0 0 0 0
EGO_STATUS -5.017976 57.592262 4.500000 1.760575 4.641671 1.000000 -5.880000
DYNAMIC_OBS_INFO 0 -5.750000 49.975058 1.570796 32.498042 -5.750000 90.510986 11.607342 1.155270
DYNAMIC_OBS_INFO 1 -1.750000 31.744522 1.570796 10.757699 -1.750000 47.795459 5.092271 0.218475
STATIC_OBS_INFO 0 -6.300000 62.085892 4.240832 
STATIC_OBS_INFO 1 -6.300000 64.950047 7.034306 
CRASH -5.096132 58.019523 4.500000
Parent: 233.050517 1.989468 21.000000 25.643701 2603.450000 0.000000 -10.000000 0.979148 7.000000 0.000000 0 0 0 1 0 0 0 0
EGO_STATUS -5.096132 58.019523 4.600000 1.740495 4.053671 1.000000 -5.880000
DYNAMIC_OBS_INFO 0 -5.750000 49.975058 1.570796 33.292323 -5.750000 91.677497 11.722869 1.155270
DYNAMIC_OBS_INFO 1 -1.750000 31.744522 1.570796 10.643812 -1.750000 48.305778 5.114118 0.218475
STATIC_OBS_INFO 0 -6.300000 62.085892 3.868927 
STATIC_OBS_INFO 1 -6.300000 64.950047 6.658851 
CRASH -5.154269 58.390504 4.600000
Parent: 192.683041 1.613932 18.000000 25.513602 2302.700000 0.000000 -10.000000 0.928702 7.000000 0.000000 0 0 0 1 0 0 0 0
EGO_STATUS -5.154269 58.390504 4.700000 1.710791 3.465671 1.000000 -5.880000
DYNAMIC_OBS_INFO 0 -5.750000 49.975058 1.570796 34.155400 -5.750000 92.855560 11.838396 1.155270
DYNAMIC_OBS_INFO 1 -1.750000 31.744522 1.570796 10.468952 -1.750000 48.818282 5.135966 0.218475
STATIC_OBS_INFO 0 -6.300000 62.085892 3.557640 
STATIC_OBS_INFO 1 -6.300000 64.950047 6.342612 
CRASH -5.193519 58.704694 4.700000
Parent: 162.414242 1.297278 14.000000 24.411357 1902.100000 0.000000 -10.000000 0.898494 7.000000 0.000000 0 0 0 1 0 0 0 0
EGO_STATUS -5.193519 58.704694 4.800000 1.679108 2.877671 1.000000 -5.880000
DYNAMIC_OBS_INFO 0 -5.750000 49.975058 1.570796 35.088651 -5.750000 94.045176 11.953923 1.155270
DYNAMIC_OBS_INFO 1 -1.750000 31.744522 1.570796 10.233024 -1.750000 49.332971 5.157813 0.218475
STATIC_OBS_INFO 0 -6.300000 62.085892 3.307457 
STATIC_OBS_INFO 1 -6.300000 64.950047 6.086501 
CRASH -5.217596 58.960565 4.800000
Parent: 133.415102 1.040258 12.000000 22.891586 1701.800000 0.000000 -10.000000 0.904702 7.000000 0.000000 0 0 0 1 0 0 0 0
EGO_STATUS -5.217596 58.960565 4.900000 1.651040 2.289671 1.000000 -5.880000
DYNAMIC_OBS_INFO 0 -5.750000 49.975058 1.570796 36.090464 -5.750000 95.246345 12.069450 1.155270
DYNAMIC_OBS_INFO 1 -1.750000 31.744522 1.570796 9.939412 -1.750000 49.849845 5.179661 0.218475
STATIC_OBS_INFO 0 -6.300000 62.085892 3.115289 
STATIC_OBS_INFO 1 -6.300000 64.950047 5.888215 
CRASH -5.231413 59.159607 4.900000
Parent: 113.030020 0.840733 10.000000 21.547279 1501.500000 0.000000 -10.000000 0.982354 6.000000 0.000000 0 0 0 1 0 0 0 0
EGO_STATUS -5.231413 59.159607 5.000000 1.629268 1.701671 1.000000 -5.880000
DYNAMIC_OBS_INFO 0 -5.750000 49.975058 1.570796 37.168717 -5.750000 96.459066 12.184977 1.155270
DYNAMIC_OBS_INFO 1 -1.750000 31.744522 1.570796 9.582416 -1.750000 50.368903 5.201508 0.218475
STATIC_OBS_INFO 0 -6.300000 62.085892 2.987100 
STATIC_OBS_INFO 1 -6.300000 64.950047 5.754972 
CRASH -5.238213 59.293872 5.000000
Parent: 96.848992 0.706291 9.000000 20.623845 1401.350000 0.000000 -10.000000 1.257113 6.000000 0.000000 0 0 0 1 0 0 0 0
EGO_STATUS -5.238213 59.293872 5.100000 1.615340 1.113671 1.000000 -5.880000
DYNAMIC_OBS_INFO 0 -5.750000 49.975058 1.570796 38.324545 -5.750000 97.683340 12.300504 1.155270
DYNAMIC_OBS_INFO 1 -1.750000 31.744522 1.570796 9.163069 -1.750000 50.890147 5.223356 0.218475
STATIC_OBS_INFO 0 -6.300000 62.085892 2.922374 
STATIC_OBS_INFO 1 -6.300000 64.950047 5.687349 
CRASH -5.240924 59.362177 5.100000
Parent: 91.746512 0.637930 8.000000 20.132714 1301.200000 0.000000 -10.000000 2.381798 6.000000 0.000000 0 0 0 1 0 0 0 0
EGO_STATUS -5.240924 59.362177 5.200000 1.608679 0.525671 1.000000 -5.880000
DYNAMIC_OBS_INFO 0 -5.750000 49.975058 1.570796 39.533488 -5.750000 98.919167 12.416031 1.155270
DYNAMIC_OBS_INFO 1 -1.750000 31.744522 1.570796 8.706280 -1.750000 51.413575 5.245203 0.218475
STATIC_OBS_INFO 0 -6.300000 62.085892 2.897116 
STATIC_OBS_INFO 1 -6.300000 64.950047 5.660884 
CRASH -5.241815 59.388945 5.200000
Parent: 88.010437 0.611145 8.000000 20.070496 1301.200000 0.000000 -10.000000 3.074509 6.000000 0.000000 0 0 0 1 0 0 0 0
EGO_STATUS -5.241815 59.388945 5.300000 1.606210 0.387556 1.000000 -5.880000
DYNAMIC_OBS_INFO 0 -5.750000 49.975058 1.570796 40.760894 -5.750000 100.166546 12.531558 1.155270
DYNAMIC_OBS_INFO 1 -1.750000 31.744522 1.570796 8.245749 -1.750000 51.939187 5.267051 0.218475
STATIC_OBS_INFO 0 -6.300000 62.085892 2.878404 
STATIC_OBS_INFO 1 -6.300000 64.950047 5.641252 
CRASH -5.242430 59.408813 5.300000
Parent: 90.808333 0.591266 7.000000 20.044975 1201.050000 0.000000 -10.000000 3.666693 6.000000 0.000000 0 0 0 1 0 0 0 0
EGO_STATUS -5.242430 59.408813 5.400000 1.604428 0.312506 1.000000 -5.880000
DYNAMIC_OBS_INFO 0 -5.750000 49.975058 1.570796 42.003608 -5.750000 101.425478 12.647085 1.155270
DYNAMIC_OBS_INFO 1 -1.750000 31.744522 1.570796 7.785460 -1.750000 52.466985 5.288898 0.218475
STATIC_OBS_INFO 0 -6.300000 62.085892 2.863245 
STATIC_OBS_INFO 1 -6.300000 64.950047 5.625332 
CRASH -5.242901 59.424931 5.400000
Parent: 88.529728 0.575139 7.000000 20.031501 1201.050000 0.000000 -10.000000 4.202298 6.000000 0.000000 0 0 0 1 0 0 0 0
EGO_STATUS -5.242901 59.424931 5.500000 1.603016 0.263726 1.000000 -5.880000
DYNAMIC_OBS_INFO 0 -5.750000 49.975058 1.570796 43.260319 -5.750000 102.695963 12.762612 1.155270
DYNAMIC_OBS_INFO 1 -1.750000 31.744522 1.570796 7.327880 -1.750000 52.996967 5.310746 0.218475
STATIC_OBS_INFO 0 -6.300000 62.085892 2.850393 
STATIC_OBS_INFO 1 -6.300000 64.950047 5.611823 
CRASH -5.243284 59.438612 5.500000
Parent: 86.637540 0.561452 7.000000 20.023396 1201.050000 0.000000 -10.000000 4.698338 6.000000 0.000000 0 0 0 1 0 0 0 0
EGO_STATUS -5.243284 59.438612 5.600000 1.601841 0.229000 1.000000 -5.880000
DYNAMIC_OBS_INFO 0 -5.750000 49.975058 1.570796 44.530323 -5.750000 103.978001 12.878139 1.155270
DYNAMIC_OBS_INFO 1 -1.750000 31.744522 1.570796 6.875211 -1.750000 53.529134 5.332593 0.218475
STATIC_OBS_INFO 0 -6.300000 62.085892 2.839183 
STATIC_OBS_INFO 1 -6.300000 64.950047 5.600031 
CRASH -5.243604 59.450558 5.600000
NO_CANDIDATE
EGO_STATUS -5.243604 59.450558 5.700000 1.600833 0.202830 1.000000 -5.880000
DYNAMIC_OBS_INFO 0 -5.750000 49.975058 1.570796 45.799935 -5.750000 105.271591 12.993666 1.155270
DYNAMIC_OBS_INFO 1 -1.750000 31.744522 1.570796 6.441139 -1.750000 54.063486 5.354441 0.218475
STATIC_OBS_INFO 0 -6.300000 62.085892 2.816781 
STATIC_OBS_INFO 1 -6.300000 64.950047 5.576450 
CRASH -5.244245 59.474449 5.700000
NO_CANDIDATE
EGO_STATUS -5.244245 59.474449 5.800000 1.598818 0.150489 1.000000 -5.880000
DYNAMIC_OBS_INFO 0 -5.750000 49.975058 1.570796 47.081104 -5.750000 106.576734 13.109193 1.155270
DYNAMIC_OBS_INFO 1 -1.750000 31.744522 1.570796 6.017288 -1.750000 54.600022 5.376288 0.218475
STATIC_OBS_INFO 0 -6.300000 62.085892 2.794404 
STATIC_OBS_INFO 1 -6.300000 64.950047 5.552870 
CRASH -5.244886 59.498340 5.800000
NO_CANDIDATE
EGO_STATUS -5.244886 59.498340 5.900000 1.596803 0.098147 1.000000 -5.880000
DYNAMIC_OBS_INFO 0 -5.750000 49.975058 1.570796 48.373829 -5.750000 107.893430 13.224720 1.155270
DYNAMIC_OBS_INFO 1 -1.750000 31.744522 1.570796 5.606575 -1.750000 55.138743 5.398136 0.218475
STATIC_OBS_INFO 0 -6.300000 62.085892 2.772052 
STATIC_OBS_INFO 1 -6.300000 64.950047 5.529294 
CRASH -5.245528 59.522231 5.900000
NO_CANDIDATE
EGO_STATUS -5.245528 59.522231 6.000000 1.594789 0.045806 1.000000 -5.880000
DYNAMIC_OBS_INFO 0 -5.750000 49.975058 1.570796 49.678110 -5.750000 109.221678 13.340247 1.155270
DYNAMIC_OBS_INFO 1 -1.750000 31.744522 1.570796 5.212716 -1.750000 55.679649 5.419983 0.218475
STATIC_OBS_INFO 0 -6.300000 62.085892 2.749747 
STATIC_OBS_INFO 1 -6.300000 64.950047 5.505730 
CRASH -5.246109 59.546124 6.000000
NO_CANDIDATE
EGO_STATUS -5.246109 59.546124 6.100000 1.592861 0.010000 1.000000 -5.880000
DYNAMIC_OBS_INFO 0 -5.750000 49.975058 1.570796 50.993945 -5.750000 110.561479 13.455774 1.155270
DYNAMIC_OBS_INFO 1 -1.750000 31.744522 1.570796 4.840479 -1.750000 56.222740 5.441831 0.218475
STATIC_OBS_INFO 0 -6.300000 62.085892 2.727516 
STATIC_OBS_INFO 1 -6.300000 64.950047 5.482191 
CRASH -5.246563 59.570020 6.100000
NO_CANDIDATE
EGO_STATUS -5.246563 59.570020 6.200000 1.591121 0.010000 1.000000 -5.880000
DYNAMIC_OBS_INFO 0 -5.750000 49.975058 1.570796 52.345234 -5.750000 111.912833 13.571301 1.155270
DYNAMIC_OBS_INFO 1 -1.750000 31.744522 1.570796 4.480757 -1.750000 56.768015 5.463678 0.218475
STATIC_OBS_INFO 0 -6.300000 62.085892 2.727516 
STATIC_OBS_INFO 1 -6.300000 64.950047 5.482191 
CRASH -5.246563 59.570020 6.200000
NO_CANDIDATE
EGO_STATUS -5.246563 59.570020 6.300000 1.591121 0.010000 1.000000 -5.880000
DYNAMIC_OBS_INFO 0 -5.750000 49.975058 1.570796 53.708079 -5.750000 113.275739 13.686828 1.155270
DYNAMIC_OBS_INFO 1 -1.750000 31.744522 1.570796 4.160399 -1.750000 57.315475 5.485526 0.218475
STATIC_OBS_INFO 0 -6.300000 62.085892 2.727516 
STATIC_OBS_INFO 1 -6.300000 64.950047 5.482191 
CRASH -5.246563 59.570020 6.300000
NO_CANDIDATE
EGO_STATUS -5.246563 59.570020 6.400000 1.591121 0.010000 1.000000 -5.880000
DYNAMIC_OBS_INFO 0 -5.750000 49.975058 1.570796 55.082480 -5.750000 114.650198 13.802355 1.155270
DYNAMIC_OBS_INFO 1 -1.750000 31.744522 1.570796 3.890069 -1.750000 57.865120 5.507373 0.218475
STATIC_OBS_INFO 0 -6.300000 62.085892 2.727516 
STATIC_OBS_INFO 1 -6.300000 64.950047 5.482191 
CRASH -5.246563 59.570020 6.400000
NO_CANDIDATE
EGO_STATUS -5.246563 59.570020 6.500000 1.591121 0.010000 1.000000 -5.880000
DYNAMIC_OBS_INFO 0 -5.750000 49.975058 1.570796 56.468435 -5.750000 116.036210 13.917882 1.155270
DYNAMIC_OBS_INFO 1 -1.750000 31.744522 1.570796 3.681782 -1.750000 58.416950 5.529220 0.218475
STATIC_OBS_INFO 0 -6.300000 62.085892 2.727516 
STATIC_OBS_INFO 1 -6.300000 64.950047 5.482191 
CRASH -5.246563 59.570020 6.500000
NO_CANDIDATE
EGO_STATUS -5.246563 59.570020 6.600000 1.591121 0.010000 1.000000 -5.880000
DYNAMIC_OBS_INFO 0 -5.750000 49.975058 1.570796 57.865945 -5.750000 117.433775 14.033409 1.155270
DYNAMIC_OBS_INFO 1 -1.750000 31.744522 1.570796 3.547509 -1.750000 58.970964 5.551068 0.218475
STATIC_OBS_INFO 0 -6.300000 62.085892 2.727516 
STATIC_OBS_INFO 1 -6.300000 64.950047 5.482191 
CRASH -5.246563 59.570020 6.600000
NO_CANDIDATE
EGO_STATUS -5.246563 59.570020 6.700000 1.591121 0.010000 1.000000 -5.880000
DYNAMIC_OBS_INFO 0 -5.750000 49.975058 1.570796 59.275010 -5.750000 118.842892 14.148936 1.155270
DYNAMIC_OBS_INFO 1 -1.750000 31.744522 1.570796 3.496825 -1.750000 59.527164 5.572915 0.218475
STATIC_OBS_INFO 0 -6.300000 62.085892 2.727516 
STATIC_OBS_INFO 1 -6.300000 64.950047 5.482191 
CRASH -5.246563 59.570020 6.700000
NO_CANDIDATE
EGO_STATUS -5.246563 59.570020 6.800000 1.591121 0.010000 1.000000 -5.880000
DYNAMIC_OBS_INFO 0 -5.750000 49.975058 1.570796 60.695630 -5.750000 120.263562 14.264463 1.155270
DYNAMIC_OBS_INFO 1 -1.750000 31.744522 1.570796 3.534363 -1.750000 60.085547 5.594763 0.218475
STATIC_OBS_INFO 0 -6.300000 62.085892 2.727516 
STATIC_OBS_INFO 1 -6.300000 64.950047 5.482191 
CRASH -5.246563 59.570020 6.800000
NO_CANDIDATE
EGO_STATUS -5.246563 59.570020 6.900000 1.591121 0.010000 1.000000 -5.880000
DYNAMIC_OBS_INFO 0 -5.750000 49.975058 1.570796 62.127805 -5.750000 121.695785 14.379990 1.155270
DYNAMIC_OBS_INFO 1 -1.750000 31.744522 1.570796 3.658406 -1.750000 60.646116 5.616610 0.218475
STATIC_OBS_INFO 0 -6.300000 62.085892 2.727516 
STATIC_OBS_INFO 1 -6.300000 64.950047 5.482191 
CRASH -5.246563 59.570020 6.900000
NO_CANDIDATE
EGO_STATUS -5.246563 59.570020 7.000000 1.591121 0.010000 1.000000 -5.880000
DYNAMIC_OBS_INFO 0 -5.750000 49.975058 1.570796 63.571534 -5.750000 123.139560 14.495517 1.155270
DYNAMIC_OBS_INFO 1 -1.750000 31.744522 1.570796 3.861577 -1.750000 61.208870 5.638458 0.218475
STATIC_OBS_INFO 0 -6.300000 62.085892 2.727516 
STATIC_OBS_INFO 1 -6.300000 64.950047 5.482191 
CRASH -5.246563 59.570020 7.000000
NO_CANDIDATE
EGO_STATUS -5.246563 59.570020 7.100000 1.591121 0.010000 1.000000 -5.880000
DYNAMIC_OBS_INFO 0 -5.750000 49.975058 1.570796 65.026817 -5.750000 124.594888 14.611044 1.155270
DYNAMIC_OBS_INFO 1 -1.750000 31.744522 1.570796 4.133114 -1.750000 61.773808 5.660305 0.218475
STATIC_OBS_INFO 0 -6.300000 62.085892 2.727516 
STATIC_OBS_INFO 1 -6.300000 64.950047 5.482191 
CRASH -5.246563 59.570020 7.100000
NO_CANDIDATE
EGO_STATUS -5.246563 59.570020 7.200000 1.591121 0.010000 1.000000 -5.880000
DYNAMIC_OBS_INFO 0 -5.750000 49.975058 1.570796 66.493655 -5.750000 126.061769 14.726571 1.155270
DYNAMIC_OBS_INFO 1 -1.750000 31.744522 1.570796 4.461379 -1.750000 62.340931 5.682153 0.218475
STATIC_OBS_INFO 0 -6.300000 62.085892 2.727516 
STATIC_OBS_INFO 1 -6.300000 64.950047 5.482191 
CRASH -5.246563 59.570020 7.200000
NO_CANDIDATE
EGO_STATUS -5.246563 59.570020 7.300000 1.591121 0.010000 1.000000 -5.880000
DYNAMIC_OBS_INFO 0 -5.750000 49.975058 1.570796 67.972047 -5.750000 127.540202 14.842098 1.155270
DYNAMIC_OBS_INFO 1 -1.750000 31.744522 1.570796 4.835598 -1.750000 62.910238 5.704000 0.218475
STATIC_OBS_INFO 0 -6.300000 62.085892 2.727516 
STATIC_OBS_INFO 1 -6.300000 64.950047 5.482191 
CRASH -5.246563 59.570020 7.300000
NO_CANDIDATE
EGO_STATUS -5.246563 59.570020 7.400000 1.591121 0.010000 1.000000 -5.880000
DYNAMIC_OBS_INFO 0 -5.750000 49.975058 1.570796 69.461993 -5.750000 129.030189 14.957625 1.155270
DYNAMIC_OBS_INFO 1 -1.750000 31.744522 1.570796 5.246659 -1.750000 63.481731 5.725848 0.218475
STATIC_OBS_INFO 0 -6.300000 62.085892 2.727516 
STATIC_OBS_INFO 1 -6.300000 64.950047 5.482191 
CRASH -5.246563 59.570020 7.400000
NO_CANDIDATE
EGO_STATUS -5.246563 59.570020 7.500000 1.591121 0.010000 1.000000 -5.880000
DYNAMIC_OBS_INFO 0 -5.750000 49.975058 1.570796 70.963494 -5.750000 130.531727 15.073152 1.155270
DYNAMIC_OBS_INFO 1 -1.750000 31.744522 1.570796 5.687237 -1.750000 64.055408 5.747695 0.218475
STATIC_OBS_INFO 0 -6.300000 62.085892 2.727516 
STATIC_OBS_INFO 1 -6.300000 64.950047 5.482191 
CRASH -5.246563 59.570020 7.500000
NO_CANDIDATE
EGO_STATUS -5.246563 59.570020 7.600000 1.591121 0.010000 1.000000 -5.880000
DYNAMIC_OBS_INFO 0 -5.750000 49.975058 1.570796 72.476548 -5.750000 132.044819 15.188679 1.155270
DYNAMIC_OBS_INFO 1 -1.750000 31.744522 1.570796 6.151602 -1.750000 64.631270 5.769543 0.218475
STATIC_OBS_INFO 0 -6.300000 62.085892 2.727516 
STATIC_OBS_INFO 1 -6.300000 64.950047 5.482191 
CRASH -5.246563 59.570020 7.600000
NO_CANDIDATE
EGO_STATUS -5.246563 59.570020 7.700000 1.591121 0.010000 1.000000 -5.880000
DYNAMIC_OBS_INFO 0 -5.750000 49.975058 1.570796 74.001156 -5.750000 133.569463 15.304206 1.155270
DYNAMIC_OBS_INFO 1 -1.750000 31.744522 1.570796 6.635331 -1.750000 65.209316 5.791390 0.218475
STATIC_OBS_INFO 0 -6.300000 62.085892 2.727516 
STATIC_OBS_INFO 1 -6.300000 64.950047 5.482191 
CRASH -5.246563 59.570020 7.700000
NO_CANDIDATE
EGO_STATUS -5.246563 59.570020 7.800000 1.591121 0.010000 1.000000 -5.880000
DYNAMIC_OBS_INFO 0 -5.750000 49.975058 1.570796 75.537318 -5.750000 135.105660 15.419733 1.155270
DYNAMIC_OBS_INFO 1 -1.750000 31.744522 1.570796 7.135018 -1.750000 65.789548 5.813238 0.218475
STATIC_OBS_INFO 0 -6.300000 62.085892 2.727516 
STATIC_OBS_INFO 1 -6.300000 64.950047 5.482191 
CRASH -5.246563 59.570020 7.800000
NO_CANDIDATE
EGO_STATUS -5.246563 59.570020 7.900000 1.591121 0.010000 1.000000 -5.880000
DYNAMIC_OBS_INFO 0 -5.750000 49.975058 1.570796 77.085034 -5.750000 136.653410 15.535260 1.155270
DYNAMIC_OBS_INFO 1 -1.750000 31.744522 1.570796 7.648032 -1.750000 66.371964 5.835085 0.218475
STATIC_OBS_INFO 0 -6.300000 62.085892 2.727516 
STATIC_OBS_INFO 1 -6.300000 64.950047 5.482191 
CRASH -5.246563 59.570020 7.900000
NO_CANDIDATE
EGO_STATUS -5.246563 59.570020 8.000000 1.591121 0.010000 1.000000 -5.880000
DYNAMIC_OBS_INFO 0 -5.750000 49.975058 1.570796 78.644304 -5.750000 138.212712 15.650787 1.155270
DYNAMIC_OBS_INFO 1 -1.750000 31.744522 1.570796 8.172331 -1.750000 66.956565 5.856933 0.218475
STATIC_OBS_INFO 0 -6.300000 62.085892 2.727516 
STATIC_OBS_INFO 1 -6.300000 64.950047 5.482191 
CRASH -5.246563 59.570020 8.000000
NO_CANDIDATE
EGO_STATUS -5.246563 59.570020 8.100000 1.591121 0.010000 1.000000 -5.880000
DYNAMIC_OBS_INFO 0 -5.750000 49.975058 1.570796 80.215128 -5.750000 139.783567 15.766314 1.155270
DYNAMIC_OBS_INFO 1 -1.750000 31.744522 1.570796 8.706317 -1.750000 67.543350 5.878780 0.218475
STATIC_OBS_INFO 0 -6.300000 62.085892 2.727516 
STATIC_OBS_INFO 1 -6.300000 64.950047 5.482191 
CRASH -5.246563 59.570020 8.100000
NO_CANDIDATE
EGO_STATUS -5.246563 59.570020 8.200000 1.591121 0.010000 1.000000 -5.880000
DYNAMIC_OBS_INFO 0 -5.750000 49.975058 1.570796 81.797505 -5.750000 141.365975 15.881841 1.155270
DYNAMIC_OBS_INFO 1 -1.750000 31.744522 1.570796 9.248727 -1.750000 68.132321 5.900628 0.218475
STATIC_OBS_INFO 0 -6.300000 62.085892 2.727516 
STATIC_OBS_INFO 1 -6.300000 64.950047 5.482191 
CRASH -5.246563 59.570020 8.200000
NO_CANDIDATE
EGO_STATUS -5.246563 59.570020 8.300000 1.591121 0.010000 1.000000 -5.880000
DYNAMIC_OBS_INFO 0 -5.750000 49.975058 1.570796 83.391436 -5.750000 142.959936 15.997368 1.155270
DYNAMIC_OBS_INFO 1 -1.750000 31.744522 1.570796 9.798557 -1.750000 68.723476 5.922475 0.218475
STATIC_OBS_INFO 0 -6.300000 62.085892 2.727516 
STATIC_OBS_INFO 1 -6.300000 64.950047 5.482191 
CRASH -5.246563 59.570020 8.300000
NO_CANDIDATE
EGO_STATUS -5.246563 59.570020 8.400000 1.591121 0.010000 1.000000 -5.880000
DYNAMIC_OBS_INFO 0 -5.750000 49.975058 1.570796 84.996920 -5.750000 144.565449 16.112895 1.155270
DYNAMIC_OBS_INFO 1 -1.750000 31.744522 1.570796 10.354998 -1.750000 69.316816 5.944323 0.218475
STATIC_OBS_INFO 0 -6.300000 62.085892 2.727516 
STATIC_OBS_INFO 1 -6.300000 64.950047 5.482191 
CRASH -5.246563 59.570020 8.400000
NO_CANDIDATE
EGO_STATUS -5.246563 59.570020 8.500000 1.591121 0.010000 1.000000 -5.880000
DYNAMIC_OBS_INFO 0 -5.750000 49.975058 1.570796 86.613958 -5.750000 146.182515 16.228422 1.155270
DYNAMIC_OBS_INFO 1 -1.750000 31.744522 1.570796 10.917397 -1.750000 69.912340 5.966170 0.218475
STATIC_OBS_INFO 0 -6.300000 62.085892 2.727516 
STATIC_OBS_INFO 1 -6.300000 64.950047 5.482191 
CRASH -5.246563 59.570020 8.500000
NO_CANDIDATE
EGO_STATUS -5.246563 59.570020 8.600000 1.591121 0.010000 1.000000 -5.880000
DYNAMIC_OBS_INFO 0 -5.750000 49.975058 1.570796 88.242550 -5.750000 147.811133 16.343949 1.155270
DYNAMIC_OBS_INFO 1 -1.750000 31.744522 1.570796 11.485217 -1.750000 70.510050 5.988017 0.218475
STATIC_OBS_INFO 0 -6.300000 62.085892 2.727516 
STATIC_OBS_INFO 1 -6.300000 64.950047 5.482191 
CRASH -5.246563 59.570020 8.600000
NO_CANDIDATE
EGO_STATUS -5.246563 59.570020 8.700000 1.591121 0.010000 1.000000 -5.880000
DYNAMIC_OBS_INFO 0 -5.750000 49.975058 1.570796 89.882695 -5.750000 149.451305 16.459476 1.155270
DYNAMIC_OBS_INFO 1 -1.750000 31.744522 1.570796 12.058018 -1.750000 71.109944 6.009865 0.218475
STATIC_OBS_INFO 0 -6.300000 62.085892 2.727516 
STATIC_OBS_INFO 1 -6.300000 64.950047 5.482191 
CRASH -5.246563 59.570020 8.700000
NO_CANDIDATE
EGO_STATUS -5.246563 59.570020 8.800000 1.591121 0.010000 1.000000 -5.880000
DYNAMIC_OBS_INFO 0 -5.750000 49.975058 1.570796 91.534393 -5.750000 151.103029 16.575003 1.155270
DYNAMIC_OBS_INFO 1 -1.750000 31.744522 1.570796 12.635434 -1.750000 71.712023 6.031712 0.218475
STATIC_OBS_INFO 0 -6.300000 62.085892 2.727516 
STATIC_OBS_INFO 1 -6.300000 64.950047 5.482191 
CRASH -5.246563 59.570020 8.800000
NO_CANDIDATE
EGO_STATUS -5.246563 59.570020 8.900000 1.591121 0.010000 1.000000 -5.880000
DYNAMIC_OBS_INFO 0 -5.750000 49.975058 1.570796 93.197645 -5.750000 152.766305 16.690530 1.155270
DYNAMIC_OBS_INFO 1 -1.750000 31.744522 1.570796 13.217158 -1.750000 72.316286 6.053560 0.218475
STATIC_OBS_INFO 0 -6.300000 62.085892 2.727516 
STATIC_OBS_INFO 1 -6.300000 64.950047 5.482191 
CRASH -5.246563 59.570020 8.900000
NO_CANDIDATE
EGO_STATUS -5.246563 59.570020 9.000000 1.591121 0.010000 1.000000 -5.880000
DYNAMIC_OBS_INFO 0 -5.750000 49.975058 1.570796 94.872451 -5.750000 154.441135 16.806057 1.155270
DYNAMIC_OBS_INFO 1 -1.750000 31.744522 1.570796 13.802933 -1.750000 72.922735 6.075407 0.218475
STATIC_OBS_INFO 0 -6.300000 62.085892 2.727516 
STATIC_OBS_INFO 1 -6.300000 64.950047 5.482191 
CRASH -5.246563 59.570020 9.000000
NO_CANDIDATE
EGO_STATUS -5.246563 59.570020 9.100000 1.591121 0.010000 1.000000 -5.880000
DYNAMIC_OBS_INFO 0 -5.750000 49.975058 1.570796 96.558810 -5.750000 156.127517 16.921584 1.155270
DYNAMIC_OBS_INFO 1 -1.750000 31.744522 1.570796 14.392540 -1.750000 73.531368 6.097255 0.218475
STATIC_OBS_INFO 0 -6.300000 62.085892 2.727516 
STATIC_OBS_INFO 1 -6.300000 64.950047 5.482191 
CRASH -5.246563 59.570020 9.100000
NO_CANDIDATE
EGO_STATUS -5.246563 59.570020 9.200000 1.591121 0.010000 1.000000 -5.880000
DYNAMIC_OBS_INFO 0 -5.750000 49.975058 1.570796 98.256722 -5.750000 157.825452 17.037111 1.155270
DYNAMIC_OBS_INFO 1 -1.750000 31.744522 1.570796 14.985793 -1.750000 74.142186 6.119102 0.218475
STATIC_OBS_INFO 0 -6.300000 62.085892 2.727516 
STATIC_OBS_INFO 1 -6.300000 64.950047 5.482191 
CRASH -5.246563 59.570020 9.200000
NO_CANDIDATE
EGO_STATUS -5.246563 59.570020 9.300000 1.591121 0.010000 1.000000 -5.880000
DYNAMIC_OBS_INFO 0 -5.750000 49.975058 1.570796 99.966187 -5.750000 159.534939 17.152638 1.155270
DYNAMIC_OBS_INFO 1 -1.750000 31.744522 1.570796 15.582532 -1.750000 74.755188 6.140950 0.218475
STATIC_OBS_INFO 0 -6.300000 62.085892 2.727516 
STATIC_OBS_INFO 1 -6.300000 64.950047 5.482191 
CRASH -5.246563 59.570020 9.300000
NO_CANDIDATE
EGO_STATUS -5.246563 59.570020 9.400000 1.591121 0.010000 1.000000 -5.880000
DYNAMIC_OBS_INFO 0 -5.750000 49.975058 1.570796 101.687206 -5.750000 161.255979 17.268165 1.155270
DYNAMIC_OBS_INFO 1 -1.750000 31.744522 1.570796 16.182620 -1.750000 75.370376 6.162797 0.218475
STATIC_OBS_INFO 0 -6.300000 62.085892 2.727516 
STATIC_OBS_INFO 1 -6.300000 64.950047 5.482191 
CRASH -5.246563 59.570020 9.400000
NO_CANDIDATE
EGO_STATUS -5.246563 59.570020 9.500000 1.591121 0.010000 1.000000 -5.880000
DYNAMIC_OBS_INFO 0 -5.750000 49.975058 1.570796 103.419778 -5.750000 162.988572 17.383692 1.155270
DYNAMIC_OBS_INFO 1 -1.750000 31.744522 1.570796 16.785939 -1.750000 75.987748 6.184645 0.218475
STATIC_OBS_INFO 0 -6.300000 62.085892 2.727516 
STATIC_OBS_INFO 1 -6.300000 64.950047 5.482191 
CRASH -5.246563 59.570020 9.500000
NO_CANDIDATE
EGO_STATUS -5.246563 59.570020 9.600000 1.591121 0.010000 1.000000 -5.880000
DYNAMIC_OBS_INFO 0 -5.750000 49.975058 1.570796 105.163903 -5.750000 164.732718 17.499219 1.155270
DYNAMIC_OBS_INFO 1 -1.750000 31.744522 1.570796 17.392384 -1.750000 76.607305 6.206492 0.218475
STATIC_OBS_INFO 0 -6.300000 62.085892 2.727516 
STATIC_OBS_INFO 1 -6.300000 64.950047 5.482191 
CRASH -5.246563 59.570020 9.600000
NO_CANDIDATE
EGO_STATUS -5.246563 59.570020 9.700000 1.591121 0.010000 1.000000 -5.880000
DYNAMIC_OBS_INFO 0 -5.750000 49.975058 1.570796 106.919582 -5.750000 166.488416 17.614746 1.155270
DYNAMIC_OBS_INFO 1 -1.750000 31.744522 1.570796 18.001866 -1.750000 77.229046 6.228340 0.218475
STATIC_OBS_INFO 0 -6.300000 62.085892 2.727516 
STATIC_OBS_INFO 1 -6.300000 64.950047 5.482191 
CRASH -5.246563 59.570020 9.700000
NO_CANDIDATE
EGO_STATUS -5.246563 59.570020 9.800000 1.591121 0.010000 1.000000 -5.880000
DYNAMIC_OBS_INFO 0 -5.750000 49.975058 1.570796 108.686813 -5.750000 168.255667 17.730273 1.155270
DYNAMIC_OBS_INFO 1 -1.750000 31.744522 1.570796 18.614304 -1.750000 77.852973 6.250187 0.218475
STATIC_OBS_INFO 0 -6.300000 62.085892 2.727516 
STATIC_OBS_INFO 1 -6.300000 64.950047 5.482191 
CRASH -5.246563 59.570020 9.800000
NO_CANDIDATE
EGO_STATUS -5.246563 59.570020 9.900000 1.591121 0.010000 1.000000 -5.880000
DYNAMIC_OBS_INFO 0 -5.750000 49.975058 1.570796 110.465598 -5.750000 170.034471 17.845800 1.155270
DYNAMIC_OBS_INFO 1 -1.750000 31.744522 1.570796 19.229630 -1.750000 78.479084 6.272035 0.218475
STATIC_OBS_INFO 0 -6.300000 62.085892 2.727516 
STATIC_OBS_INFO 1 -6.300000 64.950047 5.482191 
CRASH -5.246563 59.570020 9.900000
NO_CANDIDATE
EGO_STATUS -5.246563 59.570020 10.000000 1.591121 0.010000 1.000000 -5.880000
DYNAMIC_OBS_INFO 0 -5.750000 49.975058 1.570796 112.255936 -5.750000 171.824827 17.961327 1.155270
DYNAMIC_OBS_INFO 1 -1.750000 31.744522 1.570796 19.847780 -1.750000 79.107380 6.293882 0.218475
STATIC_OBS_INFO 0 -6.300000 62.085892 2.727516 
STATIC_OBS_INFO 1 -6.300000 64.950047 5.482191 
CRASH -5.246563 59.570020 10.000000
NO_CANDIDATE
EGO_STATUS -5.246563 59.570020 10.100000 1.591121 0.010000 1.000000 -5.880000
DYNAMIC_OBS_INFO 0 -5.750000 49.975058 1.570796 114.057828 -5.750000 173.626736 18.076854 1.155270
DYNAMIC_OBS_INFO 1 -1.750000 31.744522 1.570796 20.468702 -1.750000 79.737860 6.315730 0.218475
STATIC_OBS_INFO 0 -6.300000 62.085892 2.727516 
STATIC_OBS_INFO 1 -6.300000 64.950047 5.482191 
CRASH -5.246563 59.570020 10.100000
NO_CANDIDATE
EGO_STATUS -5.246563 59.570020 10.200000 1.591121 0.010000 1.000000 -5.880000
DYNAMIC_OBS_INFO 0 -5.750000 49.975058 1.570796 115.871272 -5.750000 175.440198 18.192382 1.155270
DYNAMIC_OBS_INFO 1 -1.750000 31.744522 1.570796 21.092345 -1.750000 80.370526 6.337577 0.218475
STATIC_OBS_INFO 0 -6.300000 62.085892 2.727516 
STATIC_OBS_INFO 1 -6.300000 64.950047 5.482191 
CRASH -5.246563 59.570020 10.200000
NO_CANDIDATE
EGO_STATUS -5.246563 59.570020 10.300000 1.591121 0.010000 1.000000 -5.880000
DYNAMIC_OBS_INFO 0 -5.750000 49.975058 1.570796 117.696270 -5.750000 177.265212 18.307909 1.155270
DYNAMIC_OBS_INFO 1 -1.750000 31.744522 1.570796 21.718666 -1.750000 81.005376 6.359425 0.218475
STATIC_OBS_INFO 0 -6.300000 62.085892 2.727516 
STATIC_OBS_INFO 1 -6.300000 64.950047 5.482191 
CRASH -5.246563 59.570020 10.300000
NO_CANDIDATE
EGO_STATUS -5.246563 59.570020 10.400000 1.591121 0.010000 1.000000 -5.880000
DYNAMIC_OBS_INFO 0 -5.750000 49.975058 1.570796 119.532820 -5.750000 179.101780 18.423436 1.155270
DYNAMIC_OBS_INFO 1 -1.750000 31.744522 1.570796 22.347626 -1.750000 81.642410 6.381272 0.218475
STATIC_OBS_INFO 0 -6.300000 62.085892 2.727516 
STATIC_OBS_INFO 1 -6.300000 64.950047 5.482191 
CRASH -5.246563 59.570020 10.400000
NO_CANDIDATE
EGO_STATUS -5.246563 59.570020 10.500000 1.591121 0.010000 1.000000 -5.880000
DYNAMIC_OBS_INFO 0 -5.750000 49.975058 1.570796 121.380924 -5.750000 180.949900 18.538963 1.155270
DYNAMIC_OBS_INFO 1 -1.750000 31.744522 1.570796 22.979191 -1.750000 82.281630 6.403120 0.218475
STATIC_OBS_INFO 0 -6.300000 62.085892 2.727516 
STATIC_OBS_INFO 1 -6.300000 64.950047 5.482191 
CRASH -5.246563 59.570020 10.500000
NO_CANDIDATE
EGO_STATUS -5.246563 59.570020 10.600000 1.591121 0.010000 1.000000 -5.880000
DYNAMIC_OBS_INFO 0 -5.750000 49.975058 1.570796 123.240581 -5.750000 182.809572 18.654490 1.155270
DYNAMIC_OBS_INFO 1 -1.750000 31.744522 1.570796 23.613328 -1.750000 82.923034 6.424967 0.218475
STATIC_OBS_INFO 0 -6.300000 62.085892 2.727516 
STATIC_OBS_INFO 1 -6.300000 64.950047 5.482191 
CRASH -5.246563 59.570020 10.600000
NO_CANDIDATE
EGO_STATUS -5.246563 59.570020 10.700000 1.591121 0.010000 1.000000 -5.880000
DYNAMIC_OBS_INFO 0 -5.750000 49.975058 1.570796 125.111791 -5.750000 184.680798 18.770017 1.155270
DYNAMIC_OBS_INFO 1 -1.750000 31.744522 1.570796 24.250009 -1.750000 83.566623 6.446815 0.218475
STATIC_OBS_INFO 0 -6.300000 62.085892 2.727516 
STATIC_OBS_INFO 1 -6.300000 64.950047 5.482191 
CRASH -5.246563 59.570020 10.700000
NO_CANDIDATE
EGO_STATUS -5.246563 59.570020 10.800000 1.591121 0.010000 1.000000 -5.880000
DYNAMIC_OBS_INFO 0 -5.750000 49.975058 1.570796 126.994554 -5.750000 186.563576 18.885544 1.155270
DYNAMIC_OBS_INFO 1 -1.750000 31.744522 1.570796 24.889209 -1.750000 84.212397 6.468662 0.218475
STATIC_OBS_INFO 0 -6.300000 62.085892 2.727516 
STATIC_OBS_INFO 1 -6.300000 64.950047 5.482191 
CRASH -5.246563 59.570020 10.800000
NO_CANDIDATE
EGO_STATUS -5.246563 59.570020 10.900000 1.591121 0.010000 1.000000 -5.880000
DYNAMIC_OBS_INFO 0 -5.750000 49.975058 1.570796 128.888870 -5.750000 188.457906 19.001071 1.155270
DYNAMIC_OBS_INFO 1 -1.750000 31.744522 1.570796 25.530904 -1.750000 84.860356 6.490509 0.218475
STATIC_OBS_INFO 0 -6.300000 62.085892 2.727516 
STATIC_OBS_INFO 1 -6.300000 64.950047 5.482191 
CRASH -5.246563 59.570020 10.900000
NO_CANDIDATE
EGO_STATUS -5.246563 59.570020 11.000000 1.591121 0.010000 1.000000 -5.880000
DYNAMIC_OBS_INFO 0 -5.750000 49.975058 1.570796 130.794739 -5.750000 190.363790 19.116598 1.155270
DYNAMIC_OBS_INFO 1 -1.750000 31.744522 1.570796 26.175073 -1.750000 85.510499 6.512357 0.218475
STATIC_OBS_INFO 0 -6.300000 62.085892 2.727516 
STATIC_OBS_INFO 1 -6.300000 64.950047 5.482191 
CRASH -5.246563 59.570020 11.000000
NO_CANDIDATE
EGO_STATUS -5.246563 59.570020 11.100000 1.591121 0.010000 1.000000 -5.880000
DYNAMIC_OBS_INFO 0 -5.750000 49.975058 1.570796 132.712161 -5.750000 192.281226 19.232125 1.155270
DYNAMIC_OBS_INFO 1 -1.750000 31.744522 1.570796 26.821696 -1.750000 86.162827 6.534204 0.218475
STATIC_OBS_INFO 0 -6.300000 62.085892 2.727516 
STATIC_OBS_INFO 1 -6.300000 64.950047 5.482191 
CRASH -5.246563 59.570020 11.100000
NO_CANDIDATE
EGO_STATUS -5.246563 59.570020 11.200000 1.591121 0.010000 1.000000 -5.880000
DYNAMIC_OBS_INFO 0 -5.750000 49.975058 1.570796 134.641136 -5.750000 194.210215 19.347652 1.155270
DYNAMIC_OBS_INFO 1 -1.750000 31.744522 1.570796 27.470756 -1.750000 86.817340 6.556052 0.218475
STATIC_OBS_INFO 0 -6.300000 62.085892 2.727516 
STATIC_OBS_INFO 1 -6.300000 64.950047 5.482191 
CRASH -5.246563 59.570020 11.200000
NO_CANDIDATE
EGO_STATUS -5.246563 59.570020 11.300000 1.591121 0.010000 1.000000 -5.880000
DYNAMIC_OBS_INFO 0 -5.750000 49.975058 1.570796 136.581664 -5.750000 196.150756 19.463179 1.155270
DYNAMIC_OBS_INFO 1 -1.750000 31.744522 1.570796 28.122236 -1.750000 87.474038 6.577899 0.218475
STATIC_OBS_INFO 0 -6.300000 62.085892 2.727516 
STATIC_OBS_INFO 1 -6.300000 64.950047 5.482191 
CRASH -5.246563 59.570020 11.300000
NO_CANDIDATE
EGO_STATUS -5.246563 59.570020 11.400000 1.591121 0.010000 1.000000 -5.880000
DYNAMIC_OBS_INFO 0 -5.750000 49.975058 1.570796 138.533745 -5.750000 198.102850 19.578706 1.155270
DYNAMIC_OBS_INFO 1 -1.750000 31.744522 1.570796 28.776123 -1.750000 88.132920 6.599747 0.218475
STATIC_OBS_INFO 0 -6.300000 62.085892 2.727516 
STATIC_OBS_INFO 1 -6.300000 64.950047 5.482191 
CRASH -5.246563 59.570020 11.400000
NO_CANDIDATE
EGO_STATUS -5.246563 59.570020 11.500000 1.591121 0.010000 1.000000 -5.880000
DYNAMIC_OBS_INFO 0 -5.750000 49.975058 1.570796 140.497380 -5.750000 200.066497 19.694233 1.155270
DYNAMIC_OBS_INFO 1 -1.750000 31.744522 1.570796 29.432401 -1.750000 88.793987 6.621594 0.218475
STATIC_OBS_INFO 0 -6.300000 62.085892 2.727516 
STATIC_OBS_INFO 1 -6.300000 64.950047 5.482191 
CRASH -5.246563 59.570020 11.500000
NO_CANDIDATE
EGO_STATUS -5.246563 59.570020 11.600000 1.591121 0.010000 1.000000 -5.880000
DYNAMIC_OBS_INFO 0 -5.750000 49.975058 1.570796 142.472567 -5.750000 202.041697 19.809760 1.155270
DYNAMIC_OBS_INFO 1 -1.750000 31.744522 1.570796 30.091059 -1.750000 89.457239 6.643442 0.218475
STATIC_OBS_INFO 0 -6.300000 62.085892 2.727516 
STATIC_OBS_INFO 1 -6.300000 64.950047 5.482191 
CRASH -5.246563 59.570020 11.600000
NO_CANDIDATE
EGO_STATUS -5.246563 59.570020 11.700000 1.591121 0.010000 1.000000 -5.880000
DYNAMIC_OBS_INFO 0 -5.750000 49.975058 1.570796 144.459307 -5.750000 204.028449 19.925287 1.155270
DYNAMIC_OBS_INFO 1 -1.750000 31.744522 1.570796 30.752085 -1.750000 90.122675 6.665289 0.218475
STATIC_OBS_INFO 0 -6.300000 62.085892 2.727516 
STATIC_OBS_INFO 1 -6.300000 64.950047 5.482191 
CRASH -5.246563 59.570020 11.700000
NO_CANDIDATE
EGO_STATUS -5.246563 59.570020 11.800000 1.591121 0.010000 1.000000 -5.880000
DYNAMIC_OBS_INFO 0 -5.750000 49.975058 1.570796 146.457600 -5.750000 206.026754 20.040814 1.155270
DYNAMIC_OBS_INFO 1 -1.750000 31.744522 1.570796 31.415468 -1.750000 90.790297 6.687137 0.218475
STATIC_OBS_INFO 0 -6.300000 62.085892 2.727516 
STATIC_OBS_INFO 1 -6.300000 64.950047 5.482191 
CRASH -5.246563 59.570020 11.800000
NO_CANDIDATE
EGO_STATUS -5.246563 59.570020 11.900000 1.591121 0.010000 1.000000 -5.880000
DYNAMIC_OBS_INFO 0 -5.750000 49.975058 1.570796 148.467446 -5.750000 208.036612 20.156341 1.155270
DYNAMIC_OBS_INFO 1 -1.750000 31.744522 1.570796 32.081199 -1.750000 91.460103 6.708984 0.218475
STATIC_OBS_INFO 0 -6.300000 62.085892 2.727516 
STATIC_OBS_INFO 1 -6.300000 64.950047 5.482191 
CRASH -5.246563 59.570020 11.900000
NO_CANDIDATE
EGO_STATUS -5.246563 59.570020 12.000000 1.591121 0.010000 1.000000 -5.880000
DYNAMIC_OBS_INFO 0 -5.750000 49.975058 1.570796 150.488845 -5.750000 210.058022 20.271868 1.155270
DYNAMIC_OBS_INFO 1 -1.750000 31.744522 1.570796 32.749269 -1.750000 92.132094 6.730832 0.218475
STATIC_OBS_INFO 0 -6.300000 62.085892 2.727516 
STATIC_OBS_INFO 1 -6.300000 64.950047 5.482191 
CRASH -5.246563 59.570020 12.000000
NO_CANDIDATE
EGO_STATUS -5.246563 59.570020 12.100000 1.591121 0.010000 1.000000 -5.880000
DYNAMIC_OBS_INFO 0 -5.750000 49.975058 1.570796 152.521797 -5.750000 212.090985 20.387395 1.155270
DYNAMIC_OBS_INFO 1 -1.750000 31.744522 1.570796 33.419668 -1.750000 92.806269 6.752679 0.218475
STATIC_OBS_INFO 0 -6.300000 62.085892 2.727516 
STATIC_OBS_INFO 1 -6.300000 64.950047 5.482191 
CRASH -5.246563 59.570020 12.100000
NO_CANDIDATE
EGO_STATUS -5.246563 59.570020 12.200000 1.591121 0.010000 1.000000 -5.880000
DYNAMIC_OBS_INFO 0 -5.750000 49.975058 1.570796 154.566301 -5.750000 214.135501 20.502922 1.155270
DYNAMIC_OBS_INFO 1 -1.750000 31.744522 1.570796 34.092390 -1.750000 93.482629 6.774527 0.218475
STATIC_OBS_INFO 0 -6.300000 62.085892 2.727516 
STATIC_OBS_INFO 1 -6.300000 64.950047 5.482191 
CRASH -5.246563 59.570020 12.200000
NO_CANDIDATE
EGO_STATUS -5.246563 59.570020 12.300000 1.591121 0.010000 1.000000 -5.880000
DYNAMIC_OBS_INFO 0 -5.750000 49.975058 1.570796 156.622359 -5.750000 216.191570 20.618449 1.155270
DYNAMIC_OBS_INFO 1 -1.750000 31.744522 1.570796 34.767426 -1.750000 94.161174 6.796374 0.218475
STATIC_OBS_INFO 0 -6.300000 62.085892 2.727516 
STATIC_OBS_INFO 1 -6.300000 64.950047 5.482191 
CRASH -5.246563 59.570020 12.300000
NO_CANDIDATE
EGO_STATUS -5.246563 59.570020 12.400000 1.591121 0.010000 1.000000 -5.880000
DYNAMIC_OBS_INFO 0 -5.750000 49.975058 1.570796 158.689970 -5.750000 218.259191 20.733976 1.155270
DYNAMIC_OBS_INFO 1 -1.750000 31.744522 1.570796 35.444771 -1.750000 94.841904 6.818222 0.218475
STATIC_OBS_INFO 0 -6.300000 62.085892 2.727516 
STATIC_OBS_INFO 1 -6.300000 64.950047 5.482191 
CRASH -5.246563 59.570020 12.400000
NO_CANDIDATE
EGO_STATUS -5.246563 59.570020 12.500000 1.591121 0.010000 1.000000 -5.880000
DYNAMIC_OBS_INFO 0 -5.750000 49.975058 1.570796 160.769134 -5.750000 220.338365 20.849503 1.155270
DYNAMIC_OBS_INFO 1 -1.750000 31.744522 1.570796 36.124417 -1.750000 95.524819 6.840069 0.218475
STATIC_OBS_INFO 0 -6.300000 62.085892 2.727516 
STATIC_OBS_INFO 1 -6.300000 64.950047 5.482191 
CRASH -5.246563 59.570020 12.500000
NO_CANDIDATE
EGO_STATUS -5.246563 59.570020 12.600000 1.591121 0.010000 1.000000 -5.880000
DYNAMIC_OBS_INFO 0 -5.750000 49.975058 1.570796 162.859850 -5.750000 222.429092 20.965030 1.155270
DYNAMIC_OBS_INFO 1 -1.750000 31.744522 1.570796 36.806360 -1.750000 96.209918 6.861917 0.218475
STATIC_OBS_INFO 0 -6.300000 62.085892 2.727516 
STATIC_OBS_INFO 1 -6.300000 64.950047 5.482191 
CRASH -5.246563 59.570020 12.600000
NO_CANDIDATE
EGO_STATUS -5.246563 59.570020 12.700000 1.591121 0.010000 1.000000 -5.880000
DYNAMIC_OBS_INFO 0 -5.750000 49.975058 1.570796 164.962119 -5.750000 224.531371 21.080557 1.155270
DYNAMIC_OBS_INFO 1 -1.750000 31.744522 1.570796 37.490592 -1.750000 96.897202 6.883764 0.218475
STATIC_OBS_INFO 0 -6.300000 62.085892 2.727516 
STATIC_OBS_INFO 1 -6.300000 64.950047 5.482191 
CRASH -5.246563 59.570020 12.700000
NO_CANDIDATE
EGO_STATUS -5.246563 59.570020 12.800000 1.591121 0.010000 1.000000 -5.880000
DYNAMIC_OBS_INFO 0 -5.750000 49.975058 1.570796 167.075942 -5.750000 226.645203 21.196084 1.155270
DYNAMIC_OBS_INFO 1 -1.750000 31.744522 1.570796 38.177110 -1.750000 97.586671 6.905612 0.218475
STATIC_OBS_INFO 0 -6.300000 62.085892 2.727516 
STATIC_OBS_INFO 1 -6.300000 64.950047 5.482191 
CRASH -5.246563 59.570020 12.800000
NO_CANDIDATE
EGO_STATUS -5.246563 59.570020 12.900000 1.591121 0.010000 1.000000 -5.880000
DYNAMIC_OBS_INFO 0 -5.750000 49.975058 1.570796 169.201317 -5.750000 228.770588 21.311611 1.155270
DYNAMIC_OBS_INFO 1 -1.750000 31.744522 1.570796 38.865908 -1.750000 98.278324 6.927459 0.218475
STATIC_OBS_INFO 0 -6.300000 62.085892 2.727516 
STATIC_OBS_INFO 1 -6.300000 64.950047 5.482191 
CRASH -5.246563 59.570020 12.900000
NO_CANDIDATE
EGO_STATUS -5.246563 59.570020 13.000000 1.591121 0.010000 1.000000 -5.880000
DYNAMIC_OBS_INFO 0 -5.750000 49.975058 1.570796 171.338245 -5.750000 230.907525 21.427138 1.155270
DYNAMIC_OBS_INFO 1 -1.750000 31.744522 1.570796 39.556982 -1.750000 98.972163 6.949307 0.218475
STATIC_OBS_INFO 0 -6.300000 62.085892 2.727516 
STATIC_OBS_INFO 1 -6.300000 64.950047 5.482191 
CRASH -5.246563 59.570020 13.000000
NO_CANDIDATE
EGO_STATUS -5.246563 59.570020 13.100000 1.591121 0.010000 1.000000 -5.880000
DYNAMIC_OBS_INFO 0 -5.750000 49.975058 1.570796 173.486726 -5.750000 233.056015 21.542665 1.155270
DYNAMIC_OBS_INFO 1 -1.750000 31.744522 1.570796 40.250328 -1.750000 99.668186 6.971154 0.218475
STATIC_OBS_INFO 0 -6.300000 62.085892 2.727516 
STATIC_OBS_INFO 1 -6.300000 64.950047 5.482191 
CRASH -5.246563 59.570020 13.100000
NO_CANDIDATE
EGO_STATUS -5.246563 59.570020 13.200000 1.591121 0.010000 1.000000 -5.880000
DYNAMIC_OBS_INFO 0 -5.750000 49.975058 1.570796 175.646760 -5.750000 235.216058 21.658192 1.155270
DYNAMIC_OBS_INFO 1 -1.750000 31.744522 1.570796 40.945941 -1.750000 100.366393 6.993001 0.218475
STATIC_OBS_INFO 0 -6.300000 62.085892 2.727516 
STATIC_OBS_INFO 1 -6.300000 64.950047 5.482191 
CRASH -5.246563 59.570020 13.200000
NO_CANDIDATE
EGO_STATUS -5.246563 59.570020 13.300000 1.591121 0.010000 1.000000 -5.880000
DYNAMIC_OBS_INFO 0 -5.750000 49.975058 1.570796 177.818347 -5.750000 237.387654 21.773719 1.155270
DYNAMIC_OBS_INFO 1 -1.750000 31.744522 1.570796 41.643818 -1.750000 101.066786 7.014849 0.218475
STATIC_OBS_INFO 0 -6.300000 62.085892 2.727516 
STATIC_OBS_INFO 1 -6.300000 64.950047 5.482191 
CRASH -5.246563 59.570020 13.300000
NO_CANDIDATE
EGO_STATUS -5.246563 59.570020 13.400000 1.591121 0.010000 1.000000 -5.880000
DYNAMIC_OBS_INFO 0 -5.750000 49.975058 1.570796 180.001486 -5.750000 239.570802 21.889246 1.155270
DYNAMIC_OBS_INFO 1 -1.750000 31.744522 1.570796 42.343955 -1.750000 101.769363 7.036696 0.218475
STATIC_OBS_INFO 0 -6.300000 62.085892 2.727516 
STATIC_OBS_INFO 1 -6.300000 64.950047 5.482191 
CRASH -5.246563 59.570020 13.400000
NO_CANDIDATE
EGO_STATUS -5.246563 59.570020 13.500000 1.591121 0.010000 1.000000 -5.880000
DYNAMIC_OBS_INFO 0 -5.750000 49.975058 1.570796 182.196179 -5.750000 241.765503 22.004773 1.155270
DYNAMIC_OBS_INFO 1 -1.750000 31.744522 1.570796 43.046350 -1.750000 102.474125 7.058544 0.218475
STATIC_OBS_INFO 0 -6.300000 62.085892 2.727516 
STATIC_OBS_INFO 1 -6.300000 64.950047 5.482191 
CRASH -5.246563 59.570020 13.500000
NO_CANDIDATE
EGO_STATUS -5.246563 59.570020 13.600000 1.591121 0.010000 1.000000 -5.880000
DYNAMIC_OBS_INFO 0 -5.750000 49.975058 1.570796 184.402424 -5.750000 243.971756 22.120300 1.155270
DYNAMIC_OBS_INFO 1 -1.750000 31.744522 1.570796 43.750998 -1.750000 103.181072 7.080391 0.218475
STATIC_OBS_INFO 0 -6.300000 62.085892 2.727516 
STATIC_OBS_INFO 1 -6.300000 64.950047 5.482191 
CRASH -5.246563 59.570020 13.600000
NO_CANDIDATE
EGO_STATUS -5.246563 59.570020 13.700000 1.591121 0.010000 1.000000 -5.880000
DYNAMIC_OBS_INFO 0 -5.750000 49.975058 1.570796 186.620222 -5.750000 246.189563 22.235827 1.155270
DYNAMIC_OBS_INFO 1 -1.750000 31.744522 1.570796 44.457898 -1.750000 103.890203 7.102239 0.218475
STATIC_OBS_INFO 0 -6.300000 62.085892 2.727516 
STATIC_OBS_INFO 1 -6.300000 64.950047 5.482191 
CRASH -5.246563 59.570020 13.700000
NO_CANDIDATE
EGO_STATUS -5.246563 59.570020 13.800000 1.591121 0.010000 1.000000 -5.880000
DYNAMIC_OBS_INFO 0 -5.750000 49.975058 1.570796 188.849573 -5.750000 248.418922 22.351354 1.155270
DYNAMIC_OBS_INFO 1 -1.750000 31.744522 1.570796 45.167045 -1.750000 104.601520 7.124086 0.218475
STATIC_OBS_INFO 0 -6.300000 62.085892 2.727516 
STATIC_OBS_INFO 1 -6.300000 64.950047 5.482191 
CRASH -5.246563 59.570020 13.800000
NO_CANDIDATE
EGO_STATUS -5.246563 59.570020 13.900000 1.591121 0.010000 1.000000 -5.880000
DYNAMIC_OBS_INFO 0 -5.750000 49.975058 1.570796 191.090477 -5.750000 250.659833 22.466881 1.155270
DYNAMIC_OBS_INFO 1 -1.750000 31.744522 1.570796 45.878438 -1.750000 105.315021 7.145934 0.218475
STATIC_OBS_INFO 0 -6.300000 62.085892 2.727516 
STATIC_OBS_INFO 1 -6.300000 64.950047 5.482191 
CRASH -5.246563 59.570020 13.900000
NO_CANDIDATE
EGO_STATUS -5.246563 59.570020 14.000000 1.591121 0.010000 1.000000 -5.880000
DYNAMIC_OBS_INFO 0 -5.750000 49.975058 1.570796 193.342934 -5.750000 252.912298 22.582408 1.155270
DYNAMIC_OBS_INFO 1 -1.750000 31.744522 1.570796 46.592074 -1.750000 106.030707 7.167781 0.218475
STATIC_OBS_INFO 0 -6.300000 62.085892 2.727516 
STATIC_OBS_INFO 1 -6.300000 64.950047 5.482191 
CRASH -5.246563 59.570020 14.000000
NO_CANDIDATE
EGO_STATUS -5.246563 59.570020 14.100000 1.591121 0.010000 1.000000 -5.880000
DYNAMIC_OBS_INFO 0 -5.750000 49.975058 1.570796 195.606943 -5.750000 255.176315 22.697935 1.155270
DYNAMIC_OBS_INFO 1 -1.750000 31.744522 1.570796 47.307951 -1.750000 106.748577 7.189629 0.218475
STATIC_OBS_INFO 0 -6.300000 62.085892 2.727516 
STATIC_OBS_INFO 1 -6.300000 64.950047 5.482191 
CRASH -5.246563 59.570020 14.100000
NO_CANDIDATE
EGO_STATUS -5.246563 59.570020 14.200000 1.591121 0.010000 1.000000 -5.880000
DYNAMIC_OBS_INFO 0 -5.750000 49.975058 1.570796 197.882506 -5.750000 257.451885 22.813462 1.155270
DYNAMIC_OBS_INFO 1 -1.750000 31.744522 1.570796 48.026066 -1.750000 107.468632 7.211476 0.218475
STATIC_OBS_INFO 0 -6.300000 62.085892 2.727516 
STATIC_OBS_INFO 1 -6.300000 64.950047 5.482191 
CRASH -5.246563 59.570020 14.200000
NO_CANDIDATE
EGO_STATUS -5.246563 59.570020 14.300000 1.591121 0.010000 1.000000 -5.880000
DYNAMIC_OBS_INFO 0 -5.750000 49.975058 1.570796 200.169621 -5.750000 259.739007 22.928989 1.155270
DYNAMIC_OBS_INFO 1 -1.750000 31.744522 1.570796 48.746418 -1.750000 108.190872 7.233324 0.218475
STATIC_OBS_INFO 0 -6.300000 62.085892 2.727516 
STATIC_OBS_INFO 1 -6.300000 64.950047 5.482191 
CRASH -5.246563 59.570020 14.300000
NO_CANDIDATE
EGO_STATUS -5.246563 59.570020 14.400000 1.591121 0.010000 1.000000 -5.880000
DYNAMIC_OBS_INFO 0 -5.750000 49.975058 1.570796 202.468289 -5.750000 262.037683 23.044516 1.155270
DYNAMIC_OBS_INFO 1 -1.750000 31.744522 1.570796 49.469004 -1.750000 108.915297 7.255171 0.218475
STATIC_OBS_INFO 0 -6.300000 62.085892 2.727516 
STATIC_OBS_INFO 1 -6.300000 64.950047 5.482191 
CRASH -5.246563 59.570020 14.400000
NO_CANDIDATE
EGO_STATUS -5.246563 59.570020 14.500000 1.591121 0.010000 1.000000 -5.880000
DYNAMIC_OBS_INFO 0 -5.750000 49.975058 1.570796 204.778510 -5.750000 264.347911 23.160043 1.155270
DYNAMIC_OBS_INFO 1 -1.750000 31.744522 1.570796 50.193822 -1.750000 109.641906 7.277019 0.218475
STATIC_OBS_INFO 0 -6.300000 62.085892 2.727516 
STATIC_OBS_INFO 1 -6.300000 64.950047 5.482191 
CRASH -5.246563 59.570020 14.500000
NO_CANDIDATE
EGO_STATUS -5.246563 59.570020 14.600000 1.591121 0.010000 1.000000 -5.880000
DYNAMIC_OBS_INFO 0 -5.750000 49.975058 1.570796 207.100284 -5.750000 266.669691 23.275570 1.155270
DYNAMIC_OBS_INFO 1 -1.750000 31.744522 1.570796 50.920872 -1.750000 110.370701 7.298866 0.218475
STATIC_OBS_INFO 0 -6.300000 62.085892 2.727516 
STATIC_OBS_INFO 1 -6.300000 64.950047 5.482191 
CRASH -5.246563 59.570020 14.600000
NO_CANDIDATE
EGO_STATUS -5.246563 59.570020 14.700000 1.591121 0.010000 1.000000 -5.880000
DYNAMIC_OBS_INFO 0 -5.750000 49.975058 1.570796 209.433610 -5.750000 269.003025 23.391097 1.155270
DYNAMIC_OBS_INFO 1 -1.750000 31.744522 1.570796 51.650150 -1.750000 111.101680 7.320714 0.218475
STATIC_OBS_INFO 0 -6.300000 62.085892 2.727516 
STATIC_OBS_INFO 1 -6.300000 64.950047 5.482191 
CRASH -5.246563 59.570020 14.700000
NO_CANDIDATE
EGO_STATUS -5.246563 59.570020 14.800000 1.591121 0.010000 1.000000 -5.880000
DYNAMIC_OBS_INFO 0 -5.750000 49.975058 1.570796 211.778489 -5.750000 271.347911 23.506624 1.155270
DYNAMIC_OBS_INFO 1 -1.750000 31.744522 1.570796 52.381655 -1.750000 111.834843 7.342561 0.218475
STATIC_OBS_INFO 0 -6.300000 62.085892 2.727516 
STATIC_OBS_INFO 1 -6.300000 64.950047 5.482191 
CRASH -5.246563 59.570020 14.800000
NO_CANDIDATE
EGO_STATUS -5.246563 59.570020 14.900000 1.591121 0.010000 1.000000 -5.880000
DYNAMIC_OBS_INFO 0 -5.750000 49.975058 1.570796 214.134922 -5.750000 273.704349 23.622151 1.155270
DYNAMIC_OBS_INFO 1 -1.750000 31.744522 1.570796 53.115386 -1.750000 112.570192 7.364409 0.218475
STATIC_OBS_INFO 0 -6.300000 62.085892 2.727516 
STATIC_OBS_INFO 1 -6.300000 64.950047 5.482191 
CRASH -5.246563 59.570020 14.900000
NO_CANDIDATE
EGO_STATUS -5.246563 59.570020 15.000000 1.591121 0.010000 1.000000 -5.880000
DYNAMIC_OBS_INFO 0 -5.750000 49.975058 1.570796 216.502907 -5.750000 276.072341 23.737678 1.155270
DYNAMIC_OBS_INFO 1 -1.750000 31.744522 1.570796 53.851341 -1.750000 113.307725 7.386256 0.218475
STATIC_OBS_INFO 0 -6.300000 62.085892 2.727516 
STATIC_OBS_INFO 1 -6.300000 64.950047 5.482191 
CRASH -5.246563 59.570020 15.000000
NO_CANDIDATE
EGO_STATUS -5.246563 59.570020 15.100000 1.591121 0.010000 1.000000 -5.880000
DYNAMIC_OBS_INFO 0 -5.750000 49.975058 1.570796 218.882444 -5.750000 278.451885 23.853205 1.155270
DYNAMIC_OBS_INFO 1 -1.750000 31.744522 1.570796 54.589519 -1.750000 114.047443 7.408104 0.218475
STATIC_OBS_INFO 0 -6.300000 62.085892 2.727516 
STATIC_OBS_INFO 1 -6.300000 64.950047 5.482191 
CRASH -5.246563 59.570020 15.100000
NO_CANDIDATE
EGO_STATUS -5.246563 59.570020 15.200000 1.591121 0.010000 1.000000 -5.880000
DYNAMIC_OBS_INFO 0 -5.750000 49.975058 1.570796 221.273535 -5.750000 280.842982 23.968732 1.155270
DYNAMIC_OBS_INFO 1 -1.750000 31.744522 1.570796 55.329919 -1.750000 114.789346 7.429951 0.218475
STATIC_OBS_INFO 0 -6.300000 62.085892 2.727516 
STATIC_OBS_INFO 1 -6.300000 64.950047 5.482191 
CRASH -5.246563 59.570020 15.200000
NO_CANDIDATE
EGO_STATUS -5.246563 59.570020 15.300000 1.591121 0.010000 1.000000 -5.880000
DYNAMIC_OBS_INFO 0 -5.750000 49.975058 1.570796 223.676178 -5.750000 283.245631 24.084259 1.155270
DYNAMIC_OBS_INFO 1 -1.750000 31.744522 1.570796 56.072539 -1.750000 115.533433 7.451798 0.218475
STATIC_OBS_INFO 0 -6.300000 62.085892 2.727516 
STATIC_OBS_INFO 1 -6.300000 64.950047 5.482191 
CRASH -5.246563 59.570020 15.300000
NO_CANDIDATE
EGO_STATUS -5.246563 59.570020 15.400000 1.591121 0.010000 1.000000 -5.880000
DYNAMIC_OBS_INFO 0 -5.750000 49.975058 1.570796 226.090375 -5.750000 285.659834 24.199786 1.155270
DYNAMIC_OBS_INFO 1 -1.750000 31.744522 1.570796 56.817378 -1.750000 116.279706 7.473646 0.218475
STATIC_OBS_INFO 0 -6.300000 62.085892 2.727516 
STATIC_OBS_INFO 1 -6.300000 64.950047 5.482191 
CRASH -5.246563 59.570020 15.400000
NO_CANDIDATE
EGO_STATUS -5.246563 59.570020 15.500000 1.591121 0.010000 1.000000 -5.880000
DYNAMIC_OBS_INFO 0 -5.750000 49.975058 1.570796 228.516124 -5.750000 288.085589 24.315313 1.155270
DYNAMIC_OBS_INFO 1 -1.750000 31.744522 1.570796 57.564435 -1.750000 117.028163 7.495493 0.218475
STATIC_OBS_INFO 0 -6.300000 62.085892 2.727516 
STATIC_OBS_INFO 1 -6.300000 64.950047 5.482191 
CRASH -5.246563 59.570020 15.500000
NO_CANDIDATE
EGO_STATUS -5.246563 59.570020 15.600000 1.591121 0.010000 1.000000 -5.880000
DYNAMIC_OBS_INFO 0 -5.750000 49.975058 1.570796 230.953425 -5.750000 290.522896 24.430840 1.155270
DYNAMIC_OBS_INFO 1 -1.750000 31.744522 1.570796 58.313708 -1.750000 117.778804 7.517341 0.218475
STATIC_OBS_INFO 0 -6.300000 62.085892 2.727516 
STATIC_OBS_INFO 1 -6.300000 64.950047 5.482191 
CRASH -5.246563 59.570020 15.600000
NO_CANDIDATE
EGO_STATUS -5.246563 59.570020 15.700000 1.591121 0.010000 1.000000 -5.880000
DYNAMIC_OBS_INFO 0 -5.750000 49.975058 1.570796 233.402280 -5.750000 292.971757 24.546367 1.155270
DYNAMIC_OBS_INFO 1 -1.750000 31.744522 1.570796 59.065197 -1.750000 118.531631 7.539188 0.218475
STATIC_OBS_INFO 0 -6.300000 62.085892 2.727516 
STATIC_OBS_INFO 1 -6.300000 64.950047 5.482191 
CRASH -5.246563 59.570020 15.700000
NO_CANDIDATE
EGO_STATUS -5.246563 59.570020 15.800000 1.591121 0.010000 1.000000 -5.880000
DYNAMIC_OBS_INFO 0 -5.750000 49.975058 1.570796 235.862687 -5.750000 295.432170 24.661894 1.155270
DYNAMIC_OBS_INFO 1 -1.750000 31.744522 1.570796 59.818901 -1.750000 119.286642 7.561036 0.218475
STATIC_OBS_INFO 0 -6.300000 62.085892 2.727516 
STATIC_OBS_INFO 1 -6.300000 64.950047 5.482191 
CRASH -5.246563 59.570020 15.800000
NO_CANDIDATE
EGO_STATUS -5.246563 59.570020 15.900000 1.591121 0.010000 1.000000 -5.880000
DYNAMIC_OBS_INFO 0 -5.750000 49.975058 1.570796 238.334648 -5.750000 297.904136 24.777421 1.155270
DYNAMIC_OBS_INFO 1 -1.750000 31.744522 1.570796 60.574819 -1.750000 120.043838 7.582883 0.218475
STATIC_OBS_INFO 0 -6.300000 62.085892 2.727516 
STATIC_OBS_INFO 1 -6.300000 64.950047 5.482191 
CRASH -5.246563 59.570020 15.900000
NO_CANDIDATE
EGO_STATUS -5.246563 59.570020 16.000000 1.591121 0.010000 1.000000 -5.880000
DYNAMIC_OBS_INFO 0 -5.750000 49.975058 1.570796 240.818161 -5.750000 300.387654 24.892948 1.155270
DYNAMIC_OBS_INFO 1 -1.750000 31.744522 1.570796 61.332949 -1.750000 120.803219 7.604731 0.218475
STATIC_OBS_INFO 0 -6.300000 62.085892 2.727516 
STATIC_OBS_INFO 1 -6.300000 64.950047 5.482191 
CRASH -5.246563 59.570020 16.000000
NO_CANDIDATE
EGO_STATUS -5.246563 59.570020 16.100000 1.591121 0.010000 1.000000 -5.880000
DYNAMIC_OBS_INFO 0 -5.750000 49.975058 1.570796 243.313226 -5.750000 302.882725 25.008475 1.155270
DYNAMIC_OBS_INFO 1 -1.750000 31.744522 1.570796 62.093291 -1.750000 121.564784 7.626578 0.218475
STATIC_OBS_INFO 0 -6.300000 62.085892 2.727516 
STATIC_OBS_INFO 1 -6.300000 64.950047 5.482191 
CRASH -5.246563 59.570020 16.100000
NO_CANDIDATE
EGO_STATUS -5.246563 59.570020 16.200000 1.591121 0.010000 1.000000 -5.880000
DYNAMIC_OBS_INFO 0 -5.750000 49.975058 1.570796 245.819845 -5.750000 305.389349 25.124002 1.155270
DYNAMIC_OBS_INFO 1 -1.750000 31.744522 1.570796 62.855844 -1.750000 122.328534 7.648426 0.218475
STATIC_OBS_INFO 0 -6.300000 62.085892 2.727516 
STATIC_OBS_INFO 1 -6.300000 64.950047 5.482191 
CRASH -5.246563 59.570020 16.200000
TIMEOUT
