STATIC_OBS_INIT_INFO 0 -6.300000 66.182598
STATIC_OBS_INIT_INFO 1 -6.300000 65.464501
Parent: -28.627126 10.000000 101.000000 0.000000 15.150000 17.459752 -10.000000 2.413122 40.000000 0.000000 0 0 0 0 0 0 0 0
Child: 17.459752 24.414870 246.000000 9.379701 267.300000 0.000000 -10.000000 0.000000 0.000000 0.000000 0 0 0 0 0 0 0 0
EGO_STATUS -5.750000 14.593901 0.000000 1.570796 14.261557 4.000000 0.000000
DYNAMIC_OBS_INFO 0 -5.750000 53.792067 1.570796 37.772010 -5.750000 53.792067 15.420469 1.334240
DYNAMIC_OBS_INFO 1 -1.750000 52.804746 1.570796 37.001531 -1.750000 52.804746 4.364567 0.179373
STATIC_OBS_INFO 0 -6.300000 66.182598 50.165557 
STATIC_OBS_INFO 1 -6.300000 65.464501 49.447503 
Parent: -46.824511 10.000000 101.000000 0.000000 15.150000 6.661181 -10.000000 3.014307 48.000000 0.000000 0 0 0 0 0 0 0 0
Child: 6.661181 10.000000 101.000000 0.000000 15.150000 15.161181 -10.000000 0.000000 0.000000 0.000000 0 0 0 0 0 0 0 0
Child: 15.161181 22.988714 231.000000 9.379838 243.450000 0.000000 -10.000000 0.000000 0.000000 0.000000 0 0 0 0 0 0 0 0
EGO_STATUS -5.749993 16.020057 0.100000 1.570774 14.261557 4.000000 0.000000
DYNAMIC_OBS_INFO 0 -5.750000 53.792067 1.570796 37.894572 -5.750000 55.340785 15.553893 1.334240
DYNAMIC_OBS_INFO 1 -1.750000 52.804746 1.570796 35.584047 -1.750000 52.804746 4.364567 0.179373
STATIC_OBS_INFO 0 -6.300000 66.182598 48.739491 
STATIC_OBS_INFO 1 -6.300000 65.464501 48.021440 
Parent: -48.258296 10.000000 101.000000 0.000000 15.150000 4.327397 -10.000000 2.914307 47.000000 0.000000 0 0 0 0 0 0 0 0
Child: 4.327397 10.000000 101.000000 0.000000 15.150000 12.827397 -10.000000 0.000000 0.000000 0.000000 0 0 0 0 0 0 0 0
Child: 12.827397 21.562558 217.000000 9.379003 220.350000 0.000000 -10.000000 0.000000 0.000000 0.000000 0 0 0 0 0 0 0 0
EGO_STATUS -5.749813 17.446213 0.200000 1.570483 14.261557 4.000000 0.000000
DYNAMIC_OBS_INFO 0 -5.750000 53.792067 1.570796 38.030477 -5.750000 56.902845 15.687317 1.334240
DYNAMIC_OBS_INFO 1 -1.750000 52.804746 1.570796 34.167179 -1.750000 52.804746 4.364567 0.179373
STATIC_OBS_INFO 0 -6.300000 66.182598 47.313442 
STATIC_OBS_INFO 1 -6.300000 65.464501 46.595394 
Parent: -49.778696 10.000000 101.000000 0.000000 15.150000 1.906997 -10.000000 2.814307 46.000000 0.000000 0 0 0 0 0 0 0 0
Child: 1.906997 10.000000 101.000000 0.000000 15.150000 10.406997 -10.000000 0.000000 0.000000 0.000000 0 0 0 0 0 0 0 0
Child: 10.406997 20.136403 203.000000 9.377922 196.350000 0.000000 -10.000000 0.000000 0.000000 0.000000 0 0 0 0 0 0 0 0
EGO_STATUS -5.748729 18.872368 0.300000 1.569415 14.261557 4.000000 0.000000
DYNAMIC_OBS_INFO 0 -5.750000 53.792067 1.570796 38.179730 -5.750000 58.478248 15.820741 1.334240
DYNAMIC_OBS_INFO 1 -1.750000 52.804746 1.570796 32.750828 -1.750000 52.804746 4.364567 0.179373
STATIC_OBS_INFO 0 -6.300000 66.182598 45.887433 
STATIC_OBS_INFO 1 -6.300000 65.464501 45.169389 
Parent: -50.206149 10.000000 101.000000 0.000000 15.150000 -0.420457 -10.000000 2.714307 44.000000 0.000000 0 0 0 0 0 0 0 0
Child: -0.420457 10.000000 101.000000 0.000000 15.150000 8.079543 -10.000000 0.000000 0.000000 0.000000 0 0 0 0 0 0 0 0
Child: 8.079543 18.710248 189.000000 9.378994 173.250000 0.000000 -10.000000 0.000000 0.000000 0.000000 0 0 0 0 0 0 0 0
EGO_STATUS -5.745239 20.298519 0.400000 1.567028 14.261557 4.000000 0.000000
DYNAMIC_OBS_INFO 0 -5.750000 53.792067 1.570796 38.342345 -5.750000 60.066993 15.954165 1.334240
DYNAMIC_OBS_INFO 1 -1.750000 52.804746 1.570796 31.334802 -1.750000 52.804746 4.364567 0.179373
STATIC_OBS_INFO 0 -6.300000 66.182598 44.461510 
STATIC_OBS_INFO 1 -6.300000 65.464501 43.743471 
Parent: -51.613548 10.000000 101.000000 0.000000 15.150000 -2.727856 -10.000000 2.614307 43.000000 0.000000 0 0 0 0 0 0 0 0
Child: -2.727856 10.000000 101.000000 0.000000 15.150000 5.772144 -10.000000 0.000000 0.000000 0.000000 0 0 0 0 0 0 0 0
Child: 5.772144 17.284092 174.000000 9.379129 149.400000 0.000000 -10.000000 0.000000 0.000000 0.000000 0 0 0 0 0 0 0 0
EGO_STATUS -5.737165 21.724651 0.500000 1.562949 14.261557 4.000000 0.000000
DYNAMIC_OBS_INFO 0 -5.750000 53.792067 1.570796 38.518368 -5.750000 61.669081 16.087589 1.334240
DYNAMIC_OBS_INFO 1 -1.750000 52.804746 1.570796 29.918854 -1.750000 52.804746 4.364567 0.179373
STATIC_OBS_INFO 0 -6.300000 66.182598 43.035756 
STATIC_OBS_INFO 1 -6.300000 65.464501 42.317725 
Parent: -52.038328 10.000000 101.000000 0.000000 15.150000 -5.052636 -10.000000 2.514307 41.000000 0.000000 0 0 0 0 0 0 0 0
Child: -5.052636 10.000000 101.000000 0.000000 15.150000 3.447364 -10.000000 0.000000 0.000000 0.000000 0 0 0 0 0 0 0 0
Child: 3.447364 15.857937 160.000000 9.378326 126.300000 0.000000 -10.000000 0.000000 0.000000 0.000000 0 0 0 0 0 0 0 0
EGO_STATUS -5.722000 23.150724 0.600000 1.557101 14.261557 4.000000 0.000000
DYNAMIC_OBS_INFO 0 -5.750000 53.792067 1.570796 38.707883 -5.750000 63.284511 16.221013 1.334240
DYNAMIC_OBS_INFO 1 -1.750000 52.804746 1.570796 28.502746 -1.750000 52.804746 4.364567 0.179373
STATIC_OBS_INFO 0 -6.300000 66.182598 41.610298 
STATIC_OBS_INFO 1 -6.300000 65.464501 40.892278 
Parent: -53.516917 10.000000 101.000000 0.000000 15.150000 -7.431225 -10.000000 2.414307 40.000000 0.000000 0 0 0 0 0 0 0 0
Child: -7.431225 10.000000 101.000000 0.000000 15.150000 1.068775 -10.000000 0.000000 0.000000 0.000000 0 0 0 0 0 0 0 0
Child: 1.068775 14.431781 146.000000 9.377944 102.600000 0.000000 -10.000000 0.000000 0.000000 0.000000 0 0 0 0 0 0 0 0
EGO_STATUS -5.697389 24.576664 0.700000 1.549786 14.261557 4.000000 0.000000
DYNAMIC_OBS_INFO 0 -5.750000 53.792067 1.570796 38.911015 -5.750000 64.913284 16.354437 1.334240
DYNAMIC_OBS_INFO 1 -1.750000 52.804746 1.570796 27.086320 -1.750000 52.804746 4.364567 0.179373
STATIC_OBS_INFO 0 -6.300000 66.182598 40.185300 
STATIC_OBS_INFO 1 -6.300000 65.464501 39.467295 
Parent: 268.136456 30.290952 304.000000 14.046676 3032.100000 8.906773 0.000000 3.707701 48.000000 0.000000 0 0 0 0 0 0 0 0
Child: 8.906773 13.005626 132.000000 6.698884 83.700000 0.000000 0.000000 0.000000 0.000000 0.000000 0 0 0 0 0 0 0 0
EGO_STATUS -5.661689 26.002369 0.800000 1.541692 14.261557 4.000000 0.000000
DYNAMIC_OBS_INFO 0 -5.750000 53.792067 1.570796 39.142590 -5.750000 66.555399 16.487861 1.334240
DYNAMIC_OBS_INFO 1 -1.750000 52.804746 1.570796 25.684181 -1.750000 52.804746 4.364567 0.179373
STATIC_OBS_INFO 0 -6.300000 66.182598 38.775607 
STATIC_OBS_INFO 1 -6.300000 65.464501 38.057624 
Parent: 257.170350 30.290952 304.000000 14.046671 3032.100000 -2.959334 0.000000 3.607702 47.000000 0.000000 0 0 0 0 0 0 0 0
Child: -2.959334 11.594178 117.000000 6.699274 64.350000 0.000000 -10.000000 0.000000 0.000000 0.000000 0 0 0 0 0 0 0 0
EGO_STATUS -5.615034 27.413042 0.900000 1.533920 13.967557 3.000000 -2.940000
DYNAMIC_OBS_INFO 0 -5.750000 53.792067 1.570796 39.417346 -5.750000 68.210856 16.621285 1.334240
DYNAMIC_OBS_INFO 1 -1.750000 52.804746 1.570796 24.311111 -1.750000 52.804746 4.364567 0.179373
STATIC_OBS_INFO 0 -6.300000 66.182598 37.395960 
STATIC_OBS_INFO 1 -6.300000 65.464501 36.678006 
Parent: 256.459641 30.290952 304.000000 14.046663 3032.100000 -4.570043 0.000000 3.507703 46.000000 0.000000 0 0 0 0 0 0 0 0
Child: -4.570043 10.212134 104.000000 6.698482 48.600000 0.000000 -10.000000 0.000000 0.000000 0.000000 0 0 0 0 0 0 0 0
EGO_STATUS -5.559562 28.793970 1.000000 1.527713 13.673557 3.000000 -2.940000
DYNAMIC_OBS_INFO 0 -5.750000 53.792067 1.570796 39.735224 -5.750000 69.879656 16.754709 1.334240
DYNAMIC_OBS_INFO 1 -1.750000 52.804746 1.570796 22.967486 -1.750000 52.804746 4.364567 0.179373
STATIC_OBS_INFO 0 -6.300000 66.182598 36.046282 
STATIC_OBS_INFO 1 -6.300000 65.464501 35.328366 
Parent: -40.800342 10.000000 101.000000 20.000000 15.150000 -14.444439 0.000000 4.163899 34.000000 0.000000 0 0 0 1 0 0 0 0
Child: -14.444439 10.000000 101.000000 0.000000 15.150000 -5.944439 -10.000000 0.000000 0.000000 0.000000 0 0 0 0 0 0 0 0
Child: -5.944439 8.859499 90.000000 6.698770 34.500000 0.000000 -10.000000 0.000000 0.000000 0.000000 0 0 0 0 0 0 0 0
EGO_STATUS -5.498549 30.145227 1.100000 1.524141 13.379557 3.000000 -2.940000
DYNAMIC_OBS_INFO 0 -5.750000 53.792067 1.570796 40.096020 -5.750000 71.561798 16.888133 1.334240
DYNAMIC_OBS_INFO 1 -1.750000 52.804746 1.570796 21.653829 -1.750000 52.804746 4.364567 0.179373
STATIC_OBS_INFO 0 -6.300000 66.182598 34.726335 
STATIC_OBS_INFO 1 -6.300000 65.464501 34.008465 
Parent: -40.936761 10.000000 101.000000 20.000000 15.150000 -15.480861 0.000000 4.063903 33.000000 0.000000 0 0 0 1 0 0 0 0
Child: -15.480861 10.000000 101.000000 0.000000 15.150000 -6.980861 -10.000000 0.000000 0.000000 0.000000 0 0 0 0 0 0 0 0
Child: -6.980861 7.536258 77.000000 6.697362 24.150000 0.000000 -10.000000 0.000000 0.000000 0.000000 0 0 0 0 0 0 0 0
EGO_STATUS -5.436337 31.467005 1.200000 1.524001 13.085557 3.000000 -2.940000
DYNAMIC_OBS_INFO 0 -5.750000 53.792067 1.570796 40.499465 -5.750000 73.257282 17.021557 1.334240
DYNAMIC_OBS_INFO 1 -1.750000 52.804746 1.570796 20.801355 -1.750000 53.242099 4.382504 0.179373
STATIC_OBS_INFO 0 -6.300000 66.182598 33.435792 
STATIC_OBS_INFO 1 -6.300000 65.464501 32.717974 
Parent: -53.454156 10.000000 101.000000 0.000000 15.150000 -16.266715 -10.000000 3.312559 32.000000 0.000000 0 0 0 0 0 0 0 0
Child: -16.266715 10.000000 101.000000 0.000000 15.150000 -7.766715 -10.000000 0.000000 0.000000 0.000000 0 0 0 0 0 0 0 0
Child: -7.766715 6.242407 64.000000 6.696649 16.200000 0.000000 -10.000000 0.000000 0.000000 0.000000 0 0 0 0 0 0 0 0
EGO_STATUS -5.377758 32.759528 1.300000 1.527653 12.791557 3.000000 -2.940000
DYNAMIC_OBS_INFO 0 -5.750000 53.792067 1.570796 40.945332 -5.750000 74.966109 17.154981 1.334240
DYNAMIC_OBS_INFO 1 -1.750000 52.804746 1.570796 19.981152 -1.750000 53.681247 4.400441 0.179373
STATIC_OBS_INFO 0 -6.300000 66.182598 32.174344 
STATIC_OBS_INFO 1 -6.300000 65.464501 31.456582 
Parent: -52.123824 10.000000 101.000000 0.000000 15.150000 -16.836390 -10.000000 3.212566 30.000000 0.000000 0 0 0 0 0 0 0 0
Child: -16.836390 10.000000 101.000000 0.000000 15.150000 -8.336390 -10.000000 0.000000 0.000000 0.000000 0 0 0 0 0 0 0 0
Child: -8.336390 4.977973 51.000000 6.693903 10.350000 0.000000 -10.000000 0.000000 0.000000 0.000000 0 0 0 0 0 0 0 0
EGO_STATUS -5.327440 34.022957 1.400000 1.534887 12.497557 3.000000 -2.940000
DYNAMIC_OBS_INFO 0 -5.750000 53.792067 1.570796 41.433456 -5.750000 76.688278 17.288405 1.334240
DYNAMIC_OBS_INFO 1 -1.750000 52.804746 1.570796 19.193886 -1.750000 54.122188 4.418379 0.179373
STATIC_OBS_INFO 0 -6.300000 66.182598 30.941733 
STATIC_OBS_INFO 1 -6.300000 65.464501 30.224028 
Parent: 274.406639 30.290952 304.000000 32.075946 3032.100000 3.161903 0.000000 4.926294 39.000000 0.000000 0 0 0 1 0 0 0 0
Child: 3.161903 3.742940 39.000000 27.095817 5.850000 0.000000 0.000000 0.000000 0.000000 0.000000 0 0 1 0 0 0 0 0
EGO_STATUS -5.289005 35.257387 1.500000 1.544814 12.203557 3.000000 -2.940000
DYNAMIC_OBS_INFO 0 -5.750000 53.792067 1.570796 41.934407 -5.750000 78.423790 17.421829 1.334240
DYNAMIC_OBS_INFO 1 -1.750000 52.804746 1.570796 18.411149 -1.750000 54.564922 4.436316 0.179373
STATIC_OBS_INFO 0 -6.300000 66.182598 29.708472 
STATIC_OBS_INFO 1 -6.300000 65.464501 28.990822 
Parent: 265.033838 30.290952 304.000000 32.075933 3032.100000 -7.110897 0.000000 4.826294 38.000000 0.000000 0 0 0 1 0 0 0 0
Child: -7.110897 2.507863 27.000000 27.054485 4.050000 0.000000 -10.000000 0.000000 0.000000 0.000000 0 0 1 0 0 0 0 0
EGO_STATUS -5.263852 36.492201 1.600000 1.556069 12.497557 0.000000 2.940000
DYNAMIC_OBS_INFO 0 -5.750000 53.792067 1.570796 42.418951 -5.750000 80.172644 17.555253 1.334240
DYNAMIC_OBS_INFO 1 -1.750000 52.804746 1.570796 17.604668 -1.750000 55.009451 4.454253 0.179373
STATIC_OBS_INFO 0 -6.300000 66.182598 28.445294 
STATIC_OBS_INFO 1 -6.300000 65.464501 27.727697 
Parent: 248.396166 20.435104 206.000000 7.683516 2861.400000 -4.084706 0.000000 4.869123 37.000000 0.000000 0 0 0 0 0 0 0 0
Child: -4.084706 10.000000 101.000000 20.000000 15.150000 2.435096 -10.000000 0.000000 0.000000 0.000000 0 0 0 1 0 0 0 0
Child: 2.435096 1.243387 14.000000 25.318144 2.100000 0.000000 0.000000 0.000000 0.000000 0.000000 0 0 0 1 0 0 0 0
EGO_STATUS -5.252003 37.756616 1.700000 1.566241 12.791557 0.000000 2.940000
DYNAMIC_OBS_INFO 0 -5.750000 53.792067 1.570796 42.931395 -5.750000 81.934840 17.688677 1.334240
DYNAMIC_OBS_INFO 1 -1.750000 52.804746 1.570796 16.817648 -1.750000 55.455773 4.472191 0.179373
STATIC_OBS_INFO 0 -6.300000 66.182598 27.196518 
STATIC_OBS_INFO 1 -6.300000 65.464501 26.478970 
Parent: 207.325670 30.342993 305.000000 23.618588 2462.750000 0.000000 -10.000000 4.968740 35.000000 0.000000 0 0 0 1 0 0 0 0
EGO_STATUS -5.250000 39.006357 1.800000 1.570796 12.203557 1.000000 -5.880000
DYNAMIC_OBS_INFO 0 -5.750000 53.792067 1.570796 43.515957 -5.750000 83.710379 17.822101 1.334240
DYNAMIC_OBS_INFO 1 -1.750000 52.804746 1.570796 16.091832 -1.750000 55.903889 4.490128 0.179373
STATIC_OBS_INFO 0 -6.300000 66.182598 26.006509 
STATIC_OBS_INFO 1 -6.300000 65.464501 25.289014 
Parent: 248.584757 20.435104 206.000000 7.683427 2861.400000 -6.696132 0.000000 4.669150 34.000000 0.000000 0 0 0 0 0 0 0 0
Child: -6.696132 8.802706 90.000000 20.279167 13.500000 0.000000 -10.000000 0.000000 0.000000 0.000000 0 0 0 1 0 0 0 0
EGO_STATUS -5.249993 40.197295 1.900000 1.570770 11.615557 1.000000 -5.880000
DYNAMIC_OBS_INFO 0 -5.750000 53.792067 1.570796 44.172694 -5.750000 85.499261 17.955525 1.334240
DYNAMIC_OBS_INFO 1 -1.750000 52.804746 1.570796 15.426650 -1.750000 56.353799 4.508065 0.179373
STATIC_OBS_INFO 0 -6.300000 66.182598 24.875377 
STATIC_OBS_INFO 1 -6.300000 65.464501 24.157939 
Parent: 249.325752 20.435104 206.000000 7.683275 2861.400000 -6.855167 0.000000 4.569195 33.000000 0.000000 0 0 0 0 0 0 0 0
Child: -6.855167 7.670603 78.000000 20.278833 11.700000 0.000000 -10.000000 0.000000 0.000000 0.000000 0 0 0 1 0 0 0 0
EGO_STATUS -5.249845 41.329398 2.000000 1.570508 11.027557 1.000000 -5.880000
DYNAMIC_OBS_INFO 0 -5.750000 53.792067 1.570796 44.901575 -5.750000 87.301484 18.088949 1.334240
DYNAMIC_OBS_INFO 1 -1.750000 52.804746 1.570796 14.821806 -1.750000 56.805502 4.526002 0.179373
STATIC_OBS_INFO 0 -6.300000 66.182598 23.803097 
STATIC_OBS_INFO 1 -6.300000 65.464501 23.085722 
Parent: 250.067345 20.435104 206.000000 7.683123 2861.400000 -7.013605 0.000000 4.469241 32.000000 0.000000 0 0 0 0 0 0 0 0
Child: -7.013605 6.597300 67.000000 20.278840 10.050000 0.000000 -10.000000 0.000000 0.000000 0.000000 0 0 0 1 0 0 0 0
EGO_STATUS -5.249323 42.402701 2.100000 1.570128 10.439557 1.000000 -5.880000
DYNAMIC_OBS_INFO 0 -5.750000 53.792067 1.570796 45.702583 -5.750000 89.117050 18.222373 1.334240
DYNAMIC_OBS_INFO 1 -1.750000 52.804746 1.570796 14.277074 -1.750000 57.258999 4.543940 0.179373
STATIC_OBS_INFO 0 -6.300000 66.182598 22.789648 
STATIC_OBS_INFO 1 -6.300000 65.464501 22.072340 
Parent: 250.804553 20.435104 206.000000 7.683015 2861.400000 -7.176419 0.000000 4.369273 31.000000 0.000000 0 0 0 0 0 0 0 0
Child: -7.176419 5.582783 57.000000 20.278658 8.550000 0.000000 -10.000000 0.000000 0.000000 0.000000 0 0 0 1 0 0 0 0
EGO_STATUS -5.248564 43.417218 2.200000 1.570037 9.851557 1.000000 -5.880000
DYNAMIC_OBS_INFO 0 -5.750000 53.792067 1.570796 46.575775 -5.750000 90.945959 18.355797 1.334240
DYNAMIC_OBS_INFO 1 -1.750000 52.804746 1.570796 13.792344 -1.750000 57.714290 4.561877 0.179373
STATIC_OBS_INFO 0 -6.300000 66.182598 21.835067 
STATIC_OBS_INFO 1 -6.300000 65.464501 21.117832 
Parent: 251.529898 20.435104 206.000000 7.682772 2861.400000 -7.351122 0.000000 4.269346 30.000000 0.000000 0 0 0 0 0 0 0 0
Child: -7.351122 4.627111 48.000000 20.278512 7.200000 0.000000 -10.000000 0.000000 0.000000 0.000000 0 0 0 1 0 0 0 0
EGO_STATUS -5.247970 44.372889 2.300000 1.570381 9.263557 1.000000 -5.880000
DYNAMIC_OBS_INFO 0 -5.750000 53.792067 1.570796 47.521029 -5.750000 92.788210 18.489221 1.334240
DYNAMIC_OBS_INFO 1 -1.750000 52.804746 1.570796 13.367302 -1.750000 58.171375 4.579814 0.179373
STATIC_OBS_INFO 0 -6.300000 66.182598 20.939215 
STATIC_OBS_INFO 1 -6.300000 65.464501 20.222057 
Parent: -28.936156 10.000000 101.000000 20.000000 15.150000 -7.501702 -10.000000 4.085348 19.000000 0.000000 0 0 0 1 0 0 0 0
Child: -7.501702 3.730167 39.000000 20.270443 5.850000 0.000000 -10.000000 0.000000 0.000000 0.000000 0 0 0 1 0 0 0 0
EGO_STATUS -5.247857 45.269834 2.400000 1.570982 8.675557 1.000000 -5.880000
DYNAMIC_OBS_INFO 0 -5.750000 53.792067 1.570796 48.538513 -5.750000 94.643803 18.622645 1.334240
DYNAMIC_OBS_INFO 1 -1.750000 52.804746 1.570796 13.001827 -1.750000 58.630253 4.597752 0.179373
STATIC_OBS_INFO 0 -6.300000 66.182598 20.102248 
STATIC_OBS_INFO 1 -6.300000 65.464501 19.385171 
Parent: -28.156761 10.000000 101.000000 20.000000 15.150000 -7.622397 -10.000000 3.985438 18.000000 0.000000 0 0 0 1 0 0 0 0
Child: -7.622397 2.892118 30.000000 20.162926 4.500000 0.000000 -10.000000 0.000000 0.000000 0.000000 0 0 0 1 0 0 0 0
EGO_STATUS -5.248251 46.107883 2.500000 1.571518 8.087557 1.000000 -5.880000
DYNAMIC_OBS_INFO 0 -5.750000 53.792067 1.570796 49.628115 -5.750000 96.512739 18.756069 1.334240
DYNAMIC_OBS_INFO 1 -1.750000 52.804746 1.570796 12.695451 -1.750000 59.090925 4.615689 0.179373
STATIC_OBS_INFO 0 -6.300000 66.182598 19.324052 
STATIC_OBS_INFO 1 -6.300000 65.464501 18.607059 
Parent: -28.466908 10.000000 101.000000 20.000000 15.150000 -7.832616 -10.000000 3.885510 18.000000 0.000000 0 0 0 1 0 0 0 0
Child: -7.832616 2.112847 23.000000 20.143673 3.450000 0.000000 -10.000000 0.000000 0.000000 0.000000 0 0 0 1 0 0 0 0
EGO_STATUS -5.248919 46.887153 2.600000 1.571727 7.499557 1.000000 -5.880000
DYNAMIC_OBS_INFO 0 -5.750000 53.792067 1.570796 50.789875 -5.750000 98.395017 18.889493 1.334240
DYNAMIC_OBS_INFO 1 -1.750000 52.804746 1.570796 12.447833 -1.750000 59.553391 4.633626 0.179373
STATIC_OBS_INFO 0 -6.300000 66.182598 18.604670 
STATIC_OBS_INFO 1 -6.300000 65.464501 17.887764 
Parent: -27.655541 10.000000 101.000000 20.000000 15.150000 -7.921334 -10.000000 3.785595 17.000000 0.000000 0 0 0 1 0 0 0 0
Child: -7.921334 1.392393 15.000000 20.143103 2.250000 0.000000 -10.000000 0.000000 0.000000 0.000000 0 0 0 1 0 0 0 0
EGO_STATUS -5.249545 47.607608 2.700000 1.571543 6.911557 1.000000 -5.880000
DYNAMIC_OBS_INFO 0 -5.750000 53.792067 1.570796 52.023851 -5.750000 100.290637 19.022917 1.334240
DYNAMIC_OBS_INFO 1 -1.750000 52.804746 1.570796 12.258698 -1.750000 60.017650 4.651564 0.179373
STATIC_OBS_INFO 0 -6.300000 66.182598 17.944161 
STATIC_OBS_INFO 1 -6.300000 65.464501 17.227345 
Parent: -27.089419 10.000000 101.000000 20.000000 15.150000 -8.255359 -10.000000 3.685741 16.000000 0.000000 0 0 0 1 0 0 0 0
Child: -8.255359 0.730810 9.000000 20.135429 1.350000 0.000000 -10.000000 0.000000 0.000000 0.000000 0 0 0 1 0 0 0 0
EGO_STATUS -5.249907 48.269190 2.800000 1.571128 6.323557 1.000000 -5.880000
DYNAMIC_OBS_INFO 0 -5.750000 53.792067 1.570796 53.329824 -5.750000 102.199600 19.156341 1.334240
DYNAMIC_OBS_INFO 1 -1.750000 52.804746 1.570796 12.127608 -1.750000 60.483703 4.669501 0.179373
STATIC_OBS_INFO 0 -6.300000 66.182598 17.342295 
STATIC_OBS_INFO 1 -6.300000 65.464501 16.625571 
Parent: -28.060618 10.000000 101.000000 20.000000 15.150000 -9.126579 -10.000000 3.585763 16.000000 0.000000 0 0 0 1 0 0 0 0
Child: -9.126579 0.127880 3.000000 20.039937 0.450000 0.000000 -10.000000 0.000000 0.000000 0.000000 0 0 0 1 0 0 0 0
EGO_STATUS -5.250000 48.872120 2.900000 1.570813 5.735557 1.000000 -5.880000
DYNAMIC_OBS_INFO 0 -5.750000 53.792067 1.570796 54.708067 -5.750000 104.121905 19.289765 1.334240
DYNAMIC_OBS_INFO 1 -1.750000 52.804746 1.570796 12.054712 -1.750000 60.951550 4.687438 0.179373
STATIC_OBS_INFO 0 -6.300000 66.182598 16.799321 
STATIC_OBS_INFO 1 -6.300000 65.464501 16.082691 
Parent: -17.869920 9.583877 97.000000 20.000000 14.550000 0.000000 -10.000000 3.716441 15.000000 0.000000 0 0 0 1 0 0 0 0
EGO_STATUS -5.250000 49.416123 3.000000 1.570796 5.147557 1.000000 -5.880000
DYNAMIC_OBS_INFO 0 -5.750000 53.792067 1.570796 56.158475 -5.750000 106.057553 19.423189 1.334240
DYNAMIC_OBS_INFO 1 -1.750000 52.804746 1.570796 12.039843 -1.750000 61.421191 4.705375 0.179373
STATIC_OBS_INFO 0 -6.300000 66.182598 16.315118 
STATIC_OBS_INFO 1 -6.300000 65.464501 15.598577 
Parent: -17.674908 9.098697 92.000000 20.000000 13.800000 0.000000 -10.000000 3.982310 15.000000 0.000000 0 0 0 1 0 0 0 0
EGO_STATUS -5.250000 49.901303 3.100000 1.570796 4.559557 1.000000 -5.880000
DYNAMIC_OBS_INFO 0 -5.750000 53.792067 1.570796 57.681218 -5.750000 108.006543 19.556613 1.334240
DYNAMIC_OBS_INFO 1 -1.750000 52.804746 1.570796 12.083141 -1.750000 61.892625 4.723313 0.179373
STATIC_OBS_INFO 0 -6.300000 66.182598 15.889836 
STATIC_OBS_INFO 1 -6.300000 65.464501 15.173382 
Parent: -16.371759 8.672508 88.000000 20.000000 13.200000 0.000000 -10.000000 4.356340 14.000000 0.000000 0 0 0 1 0 0 0 0
EGO_STATUS -5.250000 50.327492 3.200000 1.570796 3.971557 1.000000 -5.880000
DYNAMIC_OBS_INFO 0 -5.750000 53.792067 1.570796 59.276292 -5.750000 109.968875 19.690037 1.334240
DYNAMIC_OBS_INFO 1 -1.750000 52.804746 1.570796 12.184663 -1.750000 62.365854 4.741250 0.179373
STATIC_OBS_INFO 0 -6.300000 66.182598 15.523458 
STATIC_OBS_INFO 1 -6.300000 65.464501 14.807085 
Parent: -15.905262 8.305308 85.000000 20.000000 12.750000 0.000000 -10.000000 4.894751 14.000000 0.000000 0 0 0 1 0 0 0 0
EGO_STATUS -5.250000 50.694692 3.300000 1.570796 3.383557 1.000000 -5.880000
DYNAMIC_OBS_INFO 0 -5.750000 53.792067 1.570796 60.943271 -5.750000 111.944550 19.823461 1.334240
DYNAMIC_OBS_INFO 1 -1.750000 52.804746 1.570796 12.344127 -1.750000 62.840875 4.759187 0.179373
STATIC_OBS_INFO 0 -6.300000 66.182598 15.215541 
STATIC_OBS_INFO 1 -6.300000 65.464501 14.499240 
Parent: 2046.080851 10.217552 104.000000 3021.154249 17962.800000 3.173987 0.000000 4.323749 23.000000 0.000000 1 0 0 0 0 0 0 0
Child: 3.173987 7.996670 81.000000 20.000000 12.150000 0.000000 0.000000 0.000000 0.000000 0.000000 0 0 1 0 0 0 0 0
EGO_STATUS -5.250000 51.003330 3.400000 1.570796 2.795557 1.000000 -5.880000
DYNAMIC_OBS_INFO 0 -5.750000 53.792067 1.570796 62.637892 -5.750000 113.933567 19.956885 1.334240
DYNAMIC_OBS_INFO 1 -1.750000 52.804746 1.570796 12.519221 -1.750000 63.317691 4.777125 0.179373
STATIC_OBS_INFO 0 -6.300000 66.182598 14.921916 
STATIC_OBS_INFO 1 -6.300000 65.464501 14.205688 
Parent: -6.874695 7.702329 79.000000 0.000000 11.850000 0.000000 0.000000 4.969956 13.000000 0.000000 0 0 0 0 0 0 0 0
EGO_STATUS -5.250000 51.297671 3.500000 1.570796 3.089557 0.000000 2.940000
DYNAMIC_OBS_INFO 0 -5.750000 53.792067 1.570796 64.346044 -5.750000 115.935927 20.090309 1.334240
DYNAMIC_OBS_INFO 1 -1.750000 52.804746 1.570796 12.696424 -1.750000 63.796300 4.795062 0.179373
STATIC_OBS_INFO 0 -6.300000 66.182598 14.628504 
STATIC_OBS_INFO 1 -6.300000 65.464501 13.912355 
Parent: 2045.815496 10.217552 104.000000 3019.500043 17962.800000 3.060746 0.000000 4.334153 23.000000 0.000000 1 0 0 0 0 0 0 0
Child: 3.060746 7.408174 76.000000 20.000000 11.400000 0.000000 0.000000 0.000000 0.000000 0.000000 0 0 1 0 0 0 0 0
EGO_STATUS -5.250000 51.591826 3.600000 1.570796 2.795557 3.000000 -2.940000
DYNAMIC_OBS_INFO 0 -5.750000 53.792067 1.570796 66.067355 -5.750000 117.951629 20.223733 1.334240
DYNAMIC_OBS_INFO 1 -1.750000 52.804746 1.570796 12.875380 -1.750000 64.276703 4.812999 0.179373
STATIC_OBS_INFO 0 -6.300000 66.182598 14.334939 
STATIC_OBS_INFO 1 -6.300000 65.464501 13.618872 
Parent: -7.342698 7.113834 73.000000 0.000000 10.950000 0.000000 0.000000 4.590227 13.000000 0.000000 0 0 0 0 0 0 0 0
EGO_STATUS -5.250000 51.886166 3.700000 1.570796 3.089557 0.000000 2.940000
DYNAMIC_OBS_INFO 0 -5.750000 53.792067 1.570796 67.802195 -5.750000 119.980674 20.357157 1.334240
DYNAMIC_OBS_INFO 1 -1.750000 52.804746 1.570796 13.056440 -1.750000 64.758900 4.830937 0.179373
STATIC_OBS_INFO 0 -6.300000 66.182598 14.041590 
STATIC_OBS_INFO 1 -6.300000 65.464501 13.325611 
Parent: -16.115497 6.819678 70.000000 0.000000 10.500000 0.000000 -10.000000 4.861551 12.000000 0.000000 0 0 0 0 0 0 0 0
EGO_STATUS -5.250000 52.180322 3.800000 1.570796 2.795557 3.000000 -2.940000
DYNAMIC_OBS_INFO 0 -5.750000 53.792067 1.570796 69.580211 -5.750000 122.023060 20.490581 1.334240
DYNAMIC_OBS_INFO 1 -1.750000 52.804746 1.570796 13.268198 -1.750000 65.242891 4.848874 0.179373
STATIC_OBS_INFO 0 -6.300000 66.182598 13.778021 
STATIC_OBS_INFO 1 -6.300000 65.464501 13.062126 
Parent: 1753.367909 10.217552 104.000000 32.426951 17962.800000 2.940125 0.000000 4.474251 22.000000 0.000000 0 0 0 1 0 0 0 0
Child: 2.940125 6.555354 67.000000 20.000000 10.050000 0.000000 0.000000 0.000000 0.000000 0.000000 0 0 1 0 0 0 0 0
EGO_STATUS -5.250000 52.444646 3.900000 1.570796 2.501557 3.000000 -2.940000
DYNAMIC_OBS_INFO 0 -5.750000 53.792067 1.570796 71.370609 -5.750000 124.078790 20.624004 1.334240
DYNAMIC_OBS_INFO 1 -1.750000 52.804746 1.570796 13.481011 -1.750000 65.728675 4.866811 0.179373
STATIC_OBS_INFO 0 -6.300000 66.182598 13.513520 
STATIC_OBS_INFO 1 -6.300000 65.464501 12.797715 
Parent: -6.572483 6.290068 64.000000 0.000000 9.600000 0.000000 0.000000 4.484007 12.000000 0.000000 0 0 0 0 0 1 0 0
EGO_STATUS -5.250000 52.709932 4.000000 1.570796 2.795557 0.000000 2.940000
DYNAMIC_OBS_INFO 0 -5.750000 53.792067 1.570796 73.163263 -5.750000 126.147861 20.757428 1.334240
DYNAMIC_OBS_INFO 1 -1.750000 52.804746 1.570796 13.685082 -1.750000 66.216253 4.884748 0.179373
STATIC_OBS_INFO 0 -6.300000 66.182598 13.237998 
STATIC_OBS_INFO 1 -6.300000 65.464501 12.522293 
Parent: -16.713885 6.013693 62.000000 0.000000 9.300000 0.000000 -10.000000 4.384061 12.000000 0.000000 0 0 0 0 0 1 0 0
EGO_STATUS -5.250000 52.986307 4.100000 1.570796 2.733435 7.000000 -0.621220
DYNAMIC_OBS_INFO 0 -5.750000 53.792067 1.570796 74.975489 -5.750000 128.230275 20.890852 1.334240
DYNAMIC_OBS_INFO 1 -1.750000 52.804746 1.570796 13.897129 -1.750000 66.705625 4.902686 0.179373
STATIC_OBS_INFO 0 -6.300000 66.182598 12.968721 
STATIC_OBS_INFO 1 -6.300000 65.464501 12.253119 
Parent: -15.854339 5.743546 59.000000 0.000000 8.850000 0.000000 -10.000000 4.284129 11.000000 0.000000 0 0 0 0 0 1 0 0
EGO_STATUS -5.250000 53.256454 4.200000 1.570796 2.671313 7.000000 -0.621213
DYNAMIC_OBS_INFO 0 -5.750000 53.792067 1.570796 76.807285 -5.750000 130.326032 21.024276 1.334240
DYNAMIC_OBS_INFO 1 -1.750000 52.804746 1.570796 14.117165 -1.750000 67.196790 4.920623 0.179373
STATIC_OBS_INFO 0 -6.300000 66.182598 12.705685 
STATIC_OBS_INFO 1 -6.300000 65.464501 11.990190 
Parent: -15.993847 5.479626 56.000000 0.000000 8.400000 0.000000 -10.000000 4.184209 11.000000 0.000000 0 0 0 0 0 1 0 0
EGO_STATUS -5.250000 53.520374 4.300000 1.570796 2.609193 7.000000 -0.621203
DYNAMIC_OBS_INFO 0 -5.750000 53.792067 1.570796 78.658649 -5.750000 132.435131 21.157700 1.334240
DYNAMIC_OBS_INFO 1 -1.750000 52.804746 1.570796 14.345201 -1.750000 67.689749 4.938560 0.179373
STATIC_OBS_INFO 0 -6.300000 66.182598 12.448888 
STATIC_OBS_INFO 1 -6.300000 65.464501 11.733505 
Parent: -16.132410 5.221929 54.000000 0.000000 8.100000 0.000000 -10.000000 4.084300 11.000000 0.000000 0 0 0 0 0 1 0 0
EGO_STATUS -5.250000 53.778071 4.400000 1.570796 2.547074 7.000000 -0.621191
DYNAMIC_OBS_INFO 0 -5.750000 53.792067 1.570796 80.529577 -5.750000 134.557572 21.291124 1.334240
DYNAMIC_OBS_INFO 1 -1.750000 52.804746 1.570796 14.581247 -1.750000 68.184502 4.956498 0.179373
STATIC_OBS_INFO 0 -6.300000 66.182598 12.198326 
STATIC_OBS_INFO 1 -6.300000 65.464501 11.483060 
Parent: -15.270031 4.970453 51.000000 0.000000 7.650000 0.000000 -10.000000 3.984401 10.000000 0.000000 0 0 0 0 0 1 0 0
EGO_STATUS -5.250000 54.029547 4.500000 1.570796 2.484956 7.000000 -0.621177
DYNAMIC_OBS_INFO 0 -5.750000 53.792067 1.570796 82.420067 -5.750000 136.693356 21.424548 1.334240
DYNAMIC_OBS_INFO 1 -1.750000 52.804746 1.570796 14.825311 -1.750000 68.681049 4.974435 0.179373
STATIC_OBS_INFO 0 -6.300000 66.182598 11.953997 
STATIC_OBS_INFO 1 -6.300000 65.464501 11.238852 
Parent: -15.406712 4.725195 49.000000 0.000000 7.350000 0.000000 -10.000000 3.884509 10.000000 0.000000 0 0 0 0 0 1 0 0
EGO_STATUS -5.250000 54.274805 4.600000 1.570796 2.422840 7.000000 -0.621161
DYNAMIC_OBS_INFO 0 -5.750000 53.792067 1.570796 84.330113 -5.750000 138.842482 21.557972 1.334240
DYNAMIC_OBS_INFO 1 -1.750000 52.804746 1.570796 15.077401 -1.750000 69.179389 4.992372 0.179373
STATIC_OBS_INFO 0 -6.300000 66.182598 11.715894 
STATIC_OBS_INFO 1 -6.300000 65.464501 11.000875 
Parent: -15.542457 4.486149 46.000000 0.000000 6.900000 0.000000 -10.000000 3.784621 10.000000 0.000000 0 0 0 0 0 1 0 0
EGO_STATUS -5.250000 54.513851 4.700000 1.570796 2.360726 7.000000 -0.621144
DYNAMIC_OBS_INFO 0 -5.750000 53.792067 1.570796 86.259712 -5.750000 141.004950 21.691396 1.334240
DYNAMIC_OBS_INFO 1 -1.750000 52.804746 1.570796 15.337522 -1.750000 69.679523 5.010310 0.179373
STATIC_OBS_INFO 0 -6.300000 66.182598 11.484013 
STATIC_OBS_INFO 1 -6.300000 65.464501 10.769124 
Parent: -15.677269 4.253312 44.000000 0.000000 6.600000 0.000000 -10.000000 3.684734 10.000000 0.000000 0 0 0 0 0 1 0 0
EGO_STATUS -5.250000 54.746688 4.800000 1.570796 2.298613 7.000000 -0.621126
DYNAMIC_OBS_INFO 0 -5.750000 53.792067 1.570796 88.208857 -5.750000 143.180761 21.824820 1.334240
DYNAMIC_OBS_INFO 1 -1.750000 52.804746 1.570796 15.605679 -1.750000 70.181451 5.028247 0.179373
STATIC_OBS_INFO 0 -6.300000 66.182598 11.258348 
STATIC_OBS_INFO 1 -6.300000 65.464501 10.543593 
Parent: -15.811156 4.026679 42.000000 0.000000 6.300000 0.000000 -10.000000 3.584842 10.000000 0.000000 0 0 0 0 0 1 0 0
EGO_STATUS -5.250000 54.973321 4.900000 1.570796 2.236502 7.000000 -0.621107
DYNAMIC_OBS_INFO 0 -5.750000 53.792067 1.570796 90.177542 -5.750000 145.369914 21.958244 1.334240
DYNAMIC_OBS_INFO 1 -1.750000 52.804746 1.570796 15.881874 -1.750000 70.685173 5.046184 0.179373
STATIC_OBS_INFO 0 -6.300000 66.182598 11.038890 
STATIC_OBS_INFO 1 -6.300000 65.464501 10.324275 
Parent: -14.944123 3.806242 40.000000 0.000000 6.000000 0.000000 -10.000000 3.484941 9.000000 0.000000 0 0 0 0 0 1 0 0
EGO_STATUS -5.250000 55.193758 5.000000 1.570796 2.174394 7.000000 -0.621088
DYNAMIC_OBS_INFO 0 -5.750000 53.792067 1.570796 92.165759 -5.750000 147.572410 22.091668 1.334240
DYNAMIC_OBS_INFO 1 -1.750000 52.804746 1.570796 16.166108 -1.750000 71.190688 5.064122 0.179373
STATIC_OBS_INFO 0 -6.300000 66.182598 10.825633 
STATIC_OBS_INFO 1 -6.300000 65.464501 10.111161 
Parent: -15.076179 3.591993 37.000000 0.000000 5.550000 0.000000 -10.000000 3.385022 9.000000 0.000000 0 0 0 0 0 1 0 0
EGO_STATUS -5.250000 55.408007 5.100000 1.570796 2.112287 7.000000 -0.621070
DYNAMIC_OBS_INFO 0 -5.750000 53.792067 1.570796 94.173501 -5.750000 149.788248 22.225092 1.334240
DYNAMIC_OBS_INFO 1 -1.750000 52.804746 1.570796 16.458379 -1.750000 71.697997 5.082059 0.179373
STATIC_OBS_INFO 0 -6.300000 66.182598 10.618565 
STATIC_OBS_INFO 1 -6.300000 65.464501 9.904242 
Parent: -15.207335 3.383926 35.000000 0.000000 5.250000 0.000000 -10.000000 3.285076 9.000000 0.000000 0 0 0 0 0 1 0 0
EGO_STATUS -5.250000 55.616074 5.200000 1.570796 2.050181 7.000000 -0.621056
DYNAMIC_OBS_INFO 0 -5.750000 53.792067 1.570796 96.200755 -5.750000 152.017428 22.358516 1.334240
DYNAMIC_OBS_INFO 1 -1.750000 52.804746 1.570796 16.758684 -1.750000 72.207100 5.099996 0.179373
STATIC_OBS_INFO 0 -6.300000 66.182598 10.417676 
STATIC_OBS_INFO 1 -6.300000 65.464501 9.703505 
Parent: -15.337605 3.182027 33.000000 0.000000 4.950000 0.000000 -10.000000 3.185091 9.000000 0.000000 0 0 0 0 0 1 0 0
EGO_STATUS -5.250000 55.817973 5.300000 1.570796 1.988077 7.000000 -0.621045
DYNAMIC_OBS_INFO 0 -5.750000 53.792067 1.570796 98.247583 -5.750000 154.259951 22.491940 1.334240
DYNAMIC_OBS_INFO 1 -1.750000 52.804746 1.570796 17.067088 -1.750000 72.717996 5.117933 0.179373
STATIC_OBS_INFO 0 -6.300000 66.182598 10.223023 
STATIC_OBS_INFO 1 -6.300000 65.464501 9.509009 
Parent: -14.466920 2.986359 31.000000 0.000000 4.650000 0.000000 -10.000000 3.085126 8.000000 0.000000 0 0 0 0 0 1 0 0
EGO_STATUS -5.250000 56.013641 5.400000 1.570796 1.925972 7.000000 -0.621042
DYNAMIC_OBS_INFO 0 -5.750000 53.792067 1.570796 100.314013 -5.750000 156.515816 22.625364 1.334240
DYNAMIC_OBS_INFO 1 -1.750000 52.804746 1.570796 17.383625 -1.750000 73.230686 5.135871 0.179373
STATIC_OBS_INFO 0 -6.300000 66.182598 10.034635 
STATIC_OBS_INFO 1 -6.300000 65.464501 9.320783 
Parent: -14.595242 2.796951 29.000000 0.000000 4.350000 0.000000 -10.000000 2.985215 8.000000 0.000000 0 0 0 0 0 1 0 0
EGO_STATUS -5.250000 56.203049 5.500000 1.570796 1.863869 7.000000 -0.621035
DYNAMIC_OBS_INFO 0 -5.750000 53.792067 1.570796 102.400046 -5.750000 158.785024 22.758788 1.334240
DYNAMIC_OBS_INFO 1 -1.750000 52.804746 1.570796 17.708300 -1.750000 73.745170 5.153808 0.179373
STATIC_OBS_INFO 0 -6.300000 66.182598 9.852510 
STATIC_OBS_INFO 1 -6.300000 65.464501 9.138822 
Parent: -14.722569 2.613801 28.000000 0.000000 4.200000 0.000000 -10.000000 2.885361 8.000000 0.000000 0 0 0 0 0 1 0 0
EGO_STATUS -5.250000 56.386199 5.600000 1.570796 1.801767 7.000000 -0.621017
DYNAMIC_OBS_INFO 0 -5.750000 53.792067 1.570796 104.505680 -5.750000 161.067574 22.892212 1.334240
DYNAMIC_OBS_INFO 1 -1.750000 52.804746 1.570796 18.041116 -1.750000 74.261448 5.171745 0.179373
STATIC_OBS_INFO 0 -6.300000 66.182598 9.676644 
STATIC_OBS_INFO 1 -6.300000 65.464501 8.963125 
Parent: -14.848896 2.436910 26.000000 0.000000 3.900000 0.000000 -10.000000 2.785567 8.000000 0.000000 0 0 0 0 0 1 0 0
EGO_STATUS -5.250000 56.563090 5.700000 1.570796 1.739669 7.000000 -0.620985
DYNAMIC_OBS_INFO 0 -5.750000 53.792067 1.570796 106.630913 -5.750000 163.363466 23.025636 1.334240
DYNAMIC_OBS_INFO 1 -1.750000 52.804746 1.570796 18.382075 -1.750000 74.779519 5.189683 0.179373
STATIC_OBS_INFO 0 -6.300000 66.182598 9.507034 
STATIC_OBS_INFO 1 -6.300000 65.464501 8.793687 
Parent: -14.974223 2.266274 24.000000 0.000000 3.600000 0.000000 -10.000000 2.685836 8.000000 0.000000 0 0 0 0 0 1 0 0
EGO_STATUS -5.250000 56.733726 5.800000 1.570796 1.677575 7.000000 -0.620939
DYNAMIC_OBS_INFO 0 -5.750000 53.792067 1.570796 108.775743 -5.750000 165.672701 23.159060 1.334240
DYNAMIC_OBS_INFO 1 -1.750000 52.804746 1.570796 18.731177 -1.750000 75.299385 5.207620 0.179373
STATIC_OBS_INFO 0 -6.300000 66.182598 9.343675 
STATIC_OBS_INFO 1 -6.300000 65.464501 8.630504 
Parent: -15.098547 2.101892 23.000000 0.000000 3.450000 0.000000 -10.000000 2.586169 8.000000 0.000000 0 0 0 0 0 1 0 0
EGO_STATUS -5.250000 56.898108 5.900000 1.570796 1.615487 7.000000 -0.620877
DYNAMIC_OBS_INFO 0 -5.750000 53.792067 1.570796 110.940165 -5.750000 167.995279 23.292484 1.334240
DYNAMIC_OBS_INFO 1 -1.750000 52.804746 1.570796 19.088421 -1.750000 75.821043 5.225557 0.179373
STATIC_OBS_INFO 0 -6.300000 66.182598 9.186561 
STATIC_OBS_INFO 1 -6.300000 65.464501 8.473567 
Parent: -14.221868 1.943759 21.000000 0.000000 3.150000 0.000000 -10.000000 2.486568 7.000000 0.000000 0 0 0 0 0 1 0 0
EGO_STATUS -5.250000 57.056241 6.000000 1.570796 1.553407 7.000000 -0.620797
DYNAMIC_OBS_INFO 0 -5.750000 53.792067 1.570796 113.124173 -5.750000 170.331198 23.425908 1.334240
DYNAMIC_OBS_INFO 1 -1.750000 52.804746 1.570796 19.453804 -1.750000 76.344496 5.243495 0.179373
STATIC_OBS_INFO 0 -6.300000 66.182598 9.035684 
STATIC_OBS_INFO 1 -6.300000 65.464501 8.322870 
Parent: -14.344188 1.791870 19.000000 0.000000 2.850000 0.000000 -10.000000 2.387032 7.000000 0.000000 0 0 0 0 0 1 0 0
EGO_STATUS -5.250000 57.208130 6.100000 1.570796 1.491337 7.000000 -0.620698
DYNAMIC_OBS_INFO 0 -5.750000 53.792067 1.570796 115.327761 -5.750000 172.680460 23.559332 1.334240
DYNAMIC_OBS_INFO 1 -1.750000 52.804746 1.570796 19.827321 -1.750000 76.869742 5.261432 0.179373
STATIC_OBS_INFO 0 -6.300000 66.182598 8.891034 
STATIC_OBS_INFO 1 -6.300000 65.464501 8.178401 
Parent: -14.465511 1.646217 18.000000 0.000000 2.700000 0.000000 -10.000000 2.287557 7.000000 0.000000 0 0 0 0 0 1 0 0
EGO_STATUS -5.250000 57.353783 6.200000 1.570796 1.429280 7.000000 -0.620577
DYNAMIC_OBS_INFO 0 -5.750000 53.792067 1.570796 117.550918 -5.750000 175.043065 23.692756 1.334240
DYNAMIC_OBS_INFO 1 -1.750000 52.804746 1.570796 20.208964 -1.750000 77.396782 5.279369 0.179373
STATIC_OBS_INFO 0 -6.300000 66.182598 8.752598 
STATIC_OBS_INFO 1 -6.300000 65.464501 8.040148 
Parent: -14.585845 1.506790 17.000000 0.000000 2.550000 0.000000 -10.000000 2.188136 7.000000 0.000000 0 0 0 0 0 1 0 0
EGO_STATUS -5.250000 57.493210 6.300000 1.570796 1.367236 7.000000 -0.620435
DYNAMIC_OBS_INFO 0 -5.750000 53.792067 1.570796 119.793632 -5.750000 177.419011 23.826180 1.334240
DYNAMIC_OBS_INFO 1 -1.750000 52.804746 1.570796 20.598719 -1.750000 77.925616 5.297306 0.179373
STATIC_OBS_INFO 0 -6.300000 66.182598 8.620362 
STATIC_OBS_INFO 1 -6.300000 65.464501 7.908095 
Parent: -14.705205 1.373577 15.000000 0.000000 2.250000 0.000000 -10.000000 2.088758 7.000000 0.000000 0 0 0 0 0 0 0 0
EGO_STATUS -5.250000 57.626423 6.400000 1.570796 1.305209 7.000000 -0.620270
DYNAMIC_OBS_INFO 0 -5.750000 53.792067 1.570796 122.055884 -5.750000 179.808301 23.959604 1.334240
DYNAMIC_OBS_INFO 1 -1.750000 52.804746 1.570796 20.996573 -1.750000 78.456244 5.315244 0.179373
STATIC_OBS_INFO 0 -6.300000 66.182598 8.494304 
STATIC_OBS_INFO 1 -6.300000 65.464501 7.782220 
Parent: -14.823615 1.246559 14.000000 0.000000 2.100000 0.000000 -10.000000 1.989401 7.000000 0.000000 0 0 0 0 0 0 0 0
EGO_STATUS -5.250000 57.753441 6.500000 1.570796 1.243201 7.000000 -0.620086
DYNAMIC_OBS_INFO 0 -5.750000 53.792067 1.570796 124.337653 -5.750000 182.210932 24.093028 1.334240
DYNAMIC_OBS_INFO 1 -1.750000 52.804746 1.570796 21.402501 -1.750000 78.988665 5.333181 0.179373
STATIC_OBS_INFO 0 -6.300000 66.182598 8.374400 
STATIC_OBS_INFO 1 -6.300000 65.464501 7.662498 
Parent: -14.941110 1.125715 13.000000 0.000000 1.950000 0.000000 -10.000000 1.890033 7.000000 0.000000 0 0 0 0 0 0 0 0
EGO_STATUS -5.250000 57.874285 6.600000 1.570796 1.181212 7.000000 -0.619885
DYNAMIC_OBS_INFO 0 -5.750000 53.792067 1.570796 126.638907 -5.750000 184.626906 24.226452 1.334240
DYNAMIC_OBS_INFO 1 -1.750000 52.804746 1.570796 21.816475 -1.750000 79.522880 5.351118 0.179373
STATIC_OBS_INFO 0 -6.300000 66.182598 8.260616 
STATIC_OBS_INFO 1 -6.300000 65.464501 7.548895 
Parent: -15.057745 1.011014 12.000000 0.000000 1.800000 0.000000 -10.000000 1.790603 7.000000 0.000000 0 0 0 0 0 0 0 0
EGO_STATUS -5.250000 57.988986 6.700000 1.570796 1.119244 7.000000 -0.619678
DYNAMIC_OBS_INFO 0 -5.750000 53.792067 1.570796 128.959607 -5.750000 187.056223 24.359876 1.334240
DYNAMIC_OBS_INFO 1 -1.750000 52.804746 1.570796 22.238455 -1.750000 80.058889 5.369056 0.179373
STATIC_OBS_INFO 0 -6.300000 66.182598 8.152910 
STATIC_OBS_INFO 1 -6.300000 65.464501 7.441368 
Parent: -14.173607 0.902415 11.000000 0.000000 1.650000 0.000000 -10.000000 1.691031 6.000000 0.000000 0 0 0 0 0 0 0 0
EGO_STATUS -5.250000 58.097585 6.800000 1.570796 1.057296 7.000000 -0.619481
DYNAMIC_OBS_INFO 0 -5.750000 53.792067 1.570796 131.299698 -5.750000 189.498882 24.493300 1.334240
DYNAMIC_OBS_INFO 1 -1.750000 52.804746 1.570796 22.668386 -1.750000 80.596691 5.386993 0.179373
STATIC_OBS_INFO 0 -6.300000 66.182598 8.051225 
STATIC_OBS_INFO 1 -6.300000 65.464501 7.339858 
Parent: -14.288825 0.799865 9.000000 0.000000 1.350000 0.000000 -10.000000 1.591195 6.000000 0.000000 0 0 0 0 0 0 0 0
EGO_STATUS -5.250000 58.200135 6.900000 1.570796 0.995364 7.000000 -0.619324
DYNAMIC_OBS_INFO 0 -5.750000 53.792067 1.570796 133.659361 -5.750000 191.954883 24.626724 1.334240
DYNAMIC_OBS_INFO 1 -1.750000 52.804746 1.570796 23.106446 -1.750000 81.136287 5.404930 0.179373
STATIC_OBS_INFO 0 -6.300000 66.182598 7.955735 
STATIC_OBS_INFO 1 -6.300000 65.464501 7.244540 
Parent: -14.403023 0.703543 9.000000 0.000000 1.350000 0.000000 -10.000000 1.491446 6.000000 0.000000 0 0 0 0 0 0 0 0
EGO_STATUS -5.250000 58.296457 7.000000 1.570796 0.933438 7.000000 -0.619260
DYNAMIC_OBS_INFO 0 -5.750000 53.792067 1.570796 136.038788 -5.750000 194.424226 24.760148 1.334240
DYNAMIC_OBS_INFO 1 -1.750000 52.804746 1.570796 23.552825 -1.750000 81.677677 5.422868 0.179373
STATIC_OBS_INFO 0 -6.300000 66.182598 7.866631 
STATIC_OBS_INFO 1 -6.300000 65.464501 7.155601 
Parent: -14.515719 0.613643 8.000000 0.000000 1.200000 0.000000 -10.000000 1.392235 6.000000 0.000000 0 0 0 0 0 0 0 0
EGO_STATUS -5.250000 58.386357 7.100000 1.570796 0.871522 7.000000 -0.619156
DYNAMIC_OBS_INFO 0 -5.750000 53.792067 1.570796 138.438014 -5.750000 196.906912 24.893572 1.334240
DYNAMIC_OBS_INFO 1 -1.750000 52.804746 1.570796 24.007557 -1.750000 82.220861 5.440805 0.179373
STATIC_OBS_INFO 0 -6.300000 66.182598 7.783941 
STATIC_OBS_INFO 1 -6.300000 65.464501 7.073070 
Parent: -14.626738 0.530199 7.000000 0.000000 1.050000 0.000000 -10.000000 1.293733 6.000000 0.000000 0 0 0 0 0 0 0 0
EGO_STATUS -5.250000 58.469801 7.200000 1.570796 0.809642 7.000000 -0.618805
DYNAMIC_OBS_INFO 0 -5.750000 53.792067 1.570796 140.857079 -5.750000 199.402941 25.026996 1.334240
DYNAMIC_OBS_INFO 1 -1.750000 52.804746 1.570796 24.470682 -1.750000 82.765838 5.458742 0.179373
STATIC_OBS_INFO 0 -6.300000 66.182598 7.707703 
STATIC_OBS_INFO 1 -6.300000 65.464501 6.996984 
Parent: -14.735836 0.453251 6.000000 0.000000 0.900000 0.000000 -10.000000 1.196176 6.000000 0.000000 0 0 0 0 0 0 0 0
EGO_STATUS -5.250000 58.546749 7.300000 1.570796 0.747833 7.000000 -0.618089
DYNAMIC_OBS_INFO 0 -5.750000 53.792067 1.570796 143.296032 -5.750000 201.912312 25.160420 1.334240
DYNAMIC_OBS_INFO 1 -1.750000 52.804746 1.570796 24.942245 -1.750000 83.312609 5.476679 0.179373
STATIC_OBS_INFO 0 -6.300000 66.182598 7.637963 
STATIC_OBS_INFO 1 -6.300000 65.464501 6.927387 
Parent: -14.842672 0.382848 5.000000 0.000000 0.750000 0.000000 -10.000000 1.099901 6.000000 0.000000 0 0 0 0 0 0 0 0
EGO_STATUS -5.250000 58.617152 7.400000 1.570796 0.686150 7.000000 -0.616826
DYNAMIC_OBS_INFO 0 -5.750000 53.792067 1.570796 145.754933 -5.750000 204.435025 25.293844 1.334240
DYNAMIC_OBS_INFO 1 -1.750000 52.804746 1.570796 25.422308 -1.750000 83.861174 5.494617 0.179373
STATIC_OBS_INFO 0 -6.300000 66.182598 7.574777 
STATIC_OBS_INFO 1 -6.300000 65.464501 6.864334 
Parent: -14.946745 0.319051 5.000000 0.000000 0.750000 0.000000 -10.000000 1.005397 6.000000 0.000000 0 0 0 0 0 0 0 0
EGO_STATUS -5.250000 58.680949 7.500000 1.570796 0.624676 7.000000 -0.614737
DYNAMIC_OBS_INFO 0 -5.750000 53.792067 1.570796 148.233859 -5.750000 206.971081 25.427268 1.334240
DYNAMIC_OBS_INFO 1 -1.750000 52.804746 1.570796 25.910943 -1.750000 84.411532 5.512554 0.179373
STATIC_OBS_INFO 0 -6.300000 66.182598 7.518217 
STATIC_OBS_INFO 1 -6.300000 65.464501 6.807896 
Parent: -15.047309 0.261935 4.000000 0.000000 0.600000 0.000000 -10.000000 0.913401 6.000000 0.000000 0 0 0 0 0 0 0 0
EGO_STATUS -5.250000 58.738065 7.600000 1.570796 0.563539 7.000000 -0.611377
DYNAMIC_OBS_INFO 0 -5.750000 53.792067 1.570796 150.732909 -5.750000 209.520479 25.560692 1.334240
DYNAMIC_OBS_INFO 1 -1.750000 52.804746 1.570796 26.408249 -1.750000 84.963685 5.530491 0.179373
STATIC_OBS_INFO 0 -6.300000 66.182598 7.468380 
STATIC_OBS_INFO 1 -6.300000 65.464501 6.758169 
Parent: -15.143201 0.211602 4.000000 0.000000 0.600000 0.000000 -10.000000 0.825059 6.000000 0.000000 0 0 0 0 0 0 0 0
EGO_STATUS -5.250000 58.788398 7.700000 1.570796 0.502937 7.000000 -0.606019
DYNAMIC_OBS_INFO 0 -5.750000 53.792067 1.570796 153.252224 -5.750000 212.083219 25.694116 1.334240
DYNAMIC_OBS_INFO 1 -1.750000 52.804746 1.570796 26.914364 -1.750000 85.517631 5.548429 0.179373
STATIC_OBS_INFO 0 -6.300000 66.182598 7.425401 
STATIC_OBS_INFO 1 -6.300000 65.464501 6.715287 
Parent: -15.232528 0.168189 3.000000 0.000000 0.450000 0.000000 -10.000000 0.742243 6.000000 0.000000 0 0 0 0 0 0 0 0
EGO_STATUS -5.250000 58.831811 7.800000 1.570796 0.443191 7.000000 -0.597456
DYNAMIC_OBS_INFO 0 -5.750000 53.792067 1.570796 155.792019 -5.750000 214.659302 25.827540 1.334240
DYNAMIC_OBS_INFO 1 -1.750000 52.804746 1.570796 27.429501 -1.750000 86.073371 5.566366 0.179373
STATIC_OBS_INFO 0 -6.300000 66.182598 7.389492 
STATIC_OBS_INFO 1 -6.300000 65.464501 6.679461 
Parent: -15.312002 0.131914 3.000000 0.000000 0.450000 0.000000 -10.000000 0.668211 6.000000 0.000000 0 0 0 0 0 0 0 0
EGO_STATUS -5.250000 58.868086 7.900000 1.570796 0.384829 7.000000 -0.583624
DYNAMIC_OBS_INFO 0 -5.750000 53.792067 1.570796 158.352715 -5.750000 217.248727 25.960964 1.334240
DYNAMIC_OBS_INFO 1 -1.750000 52.804746 1.570796 27.954078 -1.750000 86.630904 5.584303 0.179373
STATIC_OBS_INFO 0 -6.300000 66.182598 7.361069 
STATIC_OBS_INFO 1 -6.300000 65.464501 6.651104 
Parent: -15.375200 0.103199 3.000000 0.000000 0.450000 0.000000 -10.000000 0.609320 6.000000 0.000000 0 0 0 0 0 0 0 0
EGO_STATUS -5.250000 58.896801 8.000000 1.570796 0.328734 7.000000 -0.560944
DYNAMIC_OBS_INFO 0 -5.750000 53.792067 1.570796 160.936098 -5.750000 219.851495 26.094388 1.334240
DYNAMIC_OBS_INFO 1 -1.750000 52.804746 1.570796 28.489864 -1.750000 87.190231 5.602241 0.179373
STATIC_OBS_INFO 0 -6.300000 66.182598 7.341896 
STATIC_OBS_INFO 1 -6.300000 65.464501 6.631975 
Parent: -15.402094 0.083827 2.000000 0.000000 0.300000 0.000000 -10.000000 0.585332 6.000000 0.000000 0 0 0 0 0 0 0 0
EGO_STATUS -5.250000 58.916173 8.100000 1.570796 0.276425 7.000000 -0.523099
DYNAMIC_OBS_INFO 0 -5.750000 53.792067 1.570796 163.537874 -5.750000 222.467605 26.227812 1.334240
DYNAMIC_OBS_INFO 1 -1.750000 52.804746 1.570796 29.032599 -1.750000 87.751352 5.620178 0.179373
STATIC_OBS_INFO 0 -6.300000 66.182598 7.327722 
STATIC_OBS_INFO 1 -6.300000 65.464501 6.617835 
Parent: -15.412544 0.069505 2.000000 0.000000 0.300000 0.000000 -10.000000 0.577030 6.000000 0.000000 0 0 0 0 0 0 0 0
EGO_STATUS -5.250000 58.930495 8.200000 1.570796 0.230908 7.000000 -0.455168
DYNAMIC_OBS_INFO 0 -5.750000 53.792067 1.570796 166.155269 -5.750000 225.097057 26.361236 1.334240
DYNAMIC_OBS_INFO 1 -1.750000 52.804746 1.570796 29.579526 -1.750000 88.314267 5.638115 0.179373
STATIC_OBS_INFO 0 -6.300000 66.182598 7.315801 
STATIC_OBS_INFO 1 -6.300000 65.464501 6.605943 
Parent: -15.424221 0.057460 2.000000 0.000000 0.300000 0.000000 -10.000000 0.567159 6.000000 0.000000 0 0 0 0 0 0 0 0
EGO_STATUS -5.250000 58.942540 8.300000 1.570796 0.192624 7.000000 -0.382836
DYNAMIC_OBS_INFO 0 -5.750000 53.792067 1.570796 168.787921 -5.750000 227.739852 26.494660 1.334240
DYNAMIC_OBS_INFO 1 -1.750000 52.804746 1.570796 30.130278 -1.750000 88.878975 5.656053 0.179373
STATIC_OBS_INFO 0 -6.300000 66.182598 7.305775 
STATIC_OBS_INFO 1 -6.300000 65.464501 6.595940 
Parent: -15.437477 0.047329 2.000000 0.000000 0.300000 0.000000 -10.000000 0.555424 6.000000 0.000000 0 0 0 0 0 0 0 0
EGO_STATUS -5.250000 58.952671 8.400000 1.570796 0.160424 7.000000 -0.321998
DYNAMIC_OBS_INFO 0 -5.750000 53.792067 1.570796 171.435526 -5.750000 230.395989 26.628084 1.334240
DYNAMIC_OBS_INFO 1 -1.750000 52.804746 1.570796 30.684550 -1.750000 89.445477 5.673990 0.179373
STATIC_OBS_INFO 0 -6.300000 66.182598 7.297342 
STATIC_OBS_INFO 1 -6.300000 65.464501 6.587528 
Parent: -15.452707 0.038808 2.000000 0.000000 0.300000 0.000000 -10.000000 0.541471 6.000000 0.000000 0 0 0 0 0 0 0 0
EGO_STATUS -5.250000 58.961192 8.500000 1.570796 0.133342 7.000000 -0.270828
DYNAMIC_OBS_INFO 0 -5.750000 53.792067 1.570796 174.097827 -5.750000 233.065469 26.761508 1.334240
DYNAMIC_OBS_INFO 1 -1.750000 52.804746 1.570796 31.242082 -1.750000 90.013773 5.691927 0.179373
STATIC_OBS_INFO 0 -6.300000 66.182598 7.290250 
STATIC_OBS_INFO 1 -6.300000 65.464501 6.580453 
Parent: -15.470371 0.031641 2.000000 0.000000 0.300000 0.000000 -10.000000 0.524882 6.000000 0.000000 0 0 0 0 0 0 0 0
EGO_STATUS -5.250000 58.968359 8.600000 1.570796 0.110563 7.000000 -0.227790
DYNAMIC_OBS_INFO 0 -5.750000 53.792067 1.570796 176.774610 -5.750000 235.748291 26.894932 1.334240
DYNAMIC_OBS_INFO 1 -1.750000 52.804746 1.570796 31.802656 -1.750000 90.583863 5.709864 0.179373
STATIC_OBS_INFO 0 -6.300000 66.182598 7.284285 
STATIC_OBS_INFO 1 -6.300000 65.464501 6.574502 
Parent: -15.490999 0.025612 2.000000 0.000000 0.300000 0.000000 -10.000000 0.505159 6.000000 0.000000 0 0 0 0 0 0 0 0
EGO_STATUS -5.250000 58.974388 8.700000 1.570796 0.091404 7.000000 -0.191591
DYNAMIC_OBS_INFO 0 -5.750000 53.792067 1.570796 179.465694 -5.750000 238.444455 27.028356 1.334240
DYNAMIC_OBS_INFO 1 -1.750000 52.804746 1.570796 32.366086 -1.750000 91.155746 5.727802 0.179373
STATIC_OBS_INFO 0 -6.300000 66.182598 7.279268 
STATIC_OBS_INFO 1 -6.300000 65.464501 6.569497 
Parent: -15.515209 0.020542 2.000000 0.000000 0.300000 0.000000 -10.000000 0.481710 6.000000 0.000000 0 0 0 0 0 0 0 0
EGO_STATUS -5.250000 58.979458 8.800000 1.570796 0.075289 7.000000 -0.161144
DYNAMIC_OBS_INFO 0 -5.750000 53.792067 1.570796 182.170926 -5.750000 241.153962 27.161780 1.334240
DYNAMIC_OBS_INFO 1 -1.750000 52.804746 1.570796 32.932217 -1.750000 91.729423 5.745739 0.179373
STATIC_OBS_INFO 0 -6.300000 66.182598 7.275048 
STATIC_OBS_INFO 1 -6.300000 65.464501 6.565287 
Parent: -15.543729 0.016278 2.000000 0.000000 0.300000 0.000000 -10.000000 0.453829 6.000000 0.000000 0 0 0 0 0 0 0 0
EGO_STATUS -5.250000 58.983722 8.900000 1.570796 0.061735 7.000000 -0.135536
DYNAMIC_OBS_INFO 0 -5.750000 53.792067 1.570796 184.890178 -5.750000 243.876811 27.295204 1.334240
DYNAMIC_OBS_INFO 1 -1.750000 52.804746 1.570796 33.500917 -1.750000 92.304894 5.763676 0.179373
STATIC_OBS_INFO 0 -6.300000 66.182598 7.271498 
STATIC_OBS_INFO 1 -6.300000 65.464501 6.561747 
Parent: -15.577415 0.012691 2.000000 0.000000 0.300000 0.000000 -10.000000 0.420682 6.000000 0.000000 0 0 0 0 0 0 0 0
EGO_STATUS -5.250000 58.987309 9.000000 1.570796 0.050336 7.000000 -0.113998
DYNAMIC_OBS_INFO 0 -5.750000 53.792067 1.570796 187.623343 -5.750000 246.613003 27.428628 1.334240
DYNAMIC_OBS_INFO 1 -1.750000 52.804746 1.570796 34.072075 -1.750000 92.882158 5.781614 0.179373
STATIC_OBS_INFO 0 -6.300000 66.182598 7.268513 
STATIC_OBS_INFO 1 -6.300000 65.464501 6.558769 
NO_CANDIDATE
EGO_STATUS -5.250000 58.990326 9.100000 1.570796 0.040748 7.000000 -0.095882
DYNAMIC_OBS_INFO 0 -5.750000 53.792067 1.570796 190.366834 -5.750000 249.362537 27.562052 1.334240
DYNAMIC_OBS_INFO 1 -1.750000 52.804746 1.570796 34.642119 -1.750000 93.461217 5.799551 0.179373
STATIC_OBS_INFO 0 -6.300000 66.182598 7.262543 
STATIC_OBS_INFO 1 -6.300000 65.464501 6.552813 
NO_CANDIDATE
EGO_STATUS -5.250000 58.996359 9.200000 1.570796 0.021571 7.000000 -0.095882
FAIL
DYNAMIC_OBS_INFO 0 -5.750000 53.792067 1.570796 193.127544 -5.750000 252.125413 27.695476 1.334240
DYNAMIC_OBS_INFO 1 -1.750000 52.804746 1.570796 35.217901 -1.750000 94.042068 5.817488 0.179373
STATIC_OBS_INFO 0 -6.300000 66.182598 7.260409 
STATIC_OBS_INFO 1 -6.300000 65.464501 6.550684 
NO_CANDIDATE
EGO_STATUS -5.250000 58.998516 9.300000 1.570796 0.021571 4.000000 0.000000
FAIL
DYNAMIC_OBS_INFO 0 -5.750000 53.792067 1.570796 195.901596 -5.750000 254.901632 27.828900 1.334240
DYNAMIC_OBS_INFO 1 -1.750000 52.804746 1.570796 35.795562 -1.750000 94.624714 5.835426 0.179373
STATIC_OBS_INFO 0 -6.300000 66.182598 7.258274 
STATIC_OBS_INFO 1 -6.300000 65.464501 6.548555 
NO_CANDIDATE
EGO_STATUS -5.250000 59.000674 9.400000 1.570796 0.021571 4.000000 0.000000
FAIL
DYNAMIC_OBS_INFO 0 -5.750000 53.792067 1.570796 198.688992 -5.750000 257.691193 27.962324 1.334240
DYNAMIC_OBS_INFO 1 -1.750000 52.804746 1.570796 36.375099 -1.750000 95.209154 5.853363 0.179373
STATIC_OBS_INFO 0 -6.300000 66.182598 7.256140 
STATIC_OBS_INFO 1 -6.300000 65.464501 6.546425 
NO_CANDIDATE
EGO_STATUS -5.250000 59.002831 9.500000 1.570796 0.021571 4.000000 0.000000
FAIL
DYNAMIC_OBS_INFO 0 -5.750000 53.792067 1.570796 201.489729 -5.750000 260.494097 28.095748 1.334240
DYNAMIC_OBS_INFO 1 -1.750000 52.804746 1.570796 36.956508 -1.750000 95.795387 5.871300 0.179373
STATIC_OBS_INFO 0 -6.300000 66.182598 7.254005 
STATIC_OBS_INFO 1 -6.300000 65.464501 6.544296 
NO_CANDIDATE
EGO_STATUS -5.250000 59.004988 9.600000 1.570796 0.021571 4.000000 0.000000
FAIL
DYNAMIC_OBS_INFO 0 -5.750000 53.792067 1.570796 204.303810 -5.750000 263.310343 28.229172 1.334240
DYNAMIC_OBS_INFO 1 -1.750000 52.804746 1.570796 37.539785 -1.750000 96.383414 5.889237 0.179373
STATIC_OBS_INFO 0 -6.300000 66.182598 7.251871 
STATIC_OBS_INFO 1 -6.300000 65.464501 6.542167 
NO_CANDIDATE
EGO_STATUS -5.250000 59.007145 9.700000 1.570796 0.021571 4.000000 0.000000
FAIL
DYNAMIC_OBS_INFO 0 -5.750000 53.792067 1.570796 207.131233 -5.750000 266.139931 28.362596 1.334240
DYNAMIC_OBS_INFO 1 -1.750000 52.804746 1.570796 38.124928 -1.750000 96.973234 5.907175 0.179373
STATIC_OBS_INFO 0 -6.300000 66.182598 7.249737 
STATIC_OBS_INFO 1 -6.300000 65.464501 6.540038 
NO_CANDIDATE
EGO_STATUS -5.250000 59.009302 9.800000 1.570796 0.021571 4.000000 0.000000
FAIL
DYNAMIC_OBS_INFO 0 -5.750000 53.792067 1.570796 209.971998 -5.750000 268.982862 28.496020 1.334240
DYNAMIC_OBS_INFO 1 -1.750000 52.804746 1.570796 38.711934 -1.750000 97.564849 5.925112 0.179373
STATIC_OBS_INFO 0 -6.300000 66.182598 7.247602 
STATIC_OBS_INFO 1 -6.300000 65.464501 6.537909 
NO_CANDIDATE
EGO_STATUS -5.250000 59.011459 9.900000 1.570796 0.021571 4.000000 0.000000
FAIL
DYNAMIC_OBS_INFO 0 -5.750000 53.792067 1.570796 212.826106 -5.750000 271.839135 28.629444 1.334240
DYNAMIC_OBS_INFO 1 -1.750000 52.804746 1.570796 39.300800 -1.750000 98.158257 5.943049 0.179373
STATIC_OBS_INFO 0 -6.300000 66.182598 7.245468 
STATIC_OBS_INFO 1 -6.300000 65.464501 6.535780 
NO_CANDIDATE
EGO_STATUS -5.250000 59.013616 10.000000 1.570796 0.021571 4.000000 0.000000
FAIL
DYNAMIC_OBS_INFO 0 -5.750000 53.792067 1.570796 215.693557 -5.750000 274.708751 28.762868 1.334240
DYNAMIC_OBS_INFO 1 -1.750000 52.804746 1.570796 39.891523 -1.750000 98.753458 5.960987 0.179373
STATIC_OBS_INFO 0 -6.300000 66.182598 7.243334 
STATIC_OBS_INFO 1 -6.300000 65.464501 6.533651 
NO_CANDIDATE
EGO_STATUS -5.250000 59.015773 10.100000 1.570796 0.021571 4.000000 0.000000
FAIL
DYNAMIC_OBS_INFO 0 -5.750000 53.792067 1.570796 218.574350 -5.750000 277.591709 28.896292 1.334240
DYNAMIC_OBS_INFO 1 -1.750000 52.804746 1.570796 40.484101 -1.750000 99.350454 5.978924 0.179373
STATIC_OBS_INFO 0 -6.300000 66.182598 7.241199 
STATIC_OBS_INFO 1 -6.300000 65.464501 6.531521 
NO_CANDIDATE
EGO_STATUS -5.250000 59.017930 10.200000 1.570796 0.021571 4.000000 0.000000
FAIL
DYNAMIC_OBS_INFO 0 -5.750000 53.792067 1.570796 221.468486 -5.750000 280.488009 29.029716 1.334240
DYNAMIC_OBS_INFO 1 -1.750000 52.804746 1.570796 41.078532 -1.750000 99.949243 5.996861 0.179373
STATIC_OBS_INFO 0 -6.300000 66.182598 7.239065 
STATIC_OBS_INFO 1 -6.300000 65.464501 6.529392 
NO_CANDIDATE
EGO_STATUS -5.250000 59.020088 10.300000 1.570796 0.021571 4.000000 0.000000
FAIL
DYNAMIC_OBS_INFO 0 -5.750000 53.792067 1.570796 224.375964 -5.750000 283.397652 29.163140 1.334240
DYNAMIC_OBS_INFO 1 -1.750000 52.804746 1.570796 41.674813 -1.750000 100.549826 6.014799 0.179373
STATIC_OBS_INFO 0 -6.300000 66.182598 7.236931 
STATIC_OBS_INFO 1 -6.300000 65.464501 6.527263 
NO_CANDIDATE
EGO_STATUS -5.250000 59.022245 10.400000 1.570796 0.021571 4.000000 0.000000
FAIL
DYNAMIC_OBS_INFO 0 -5.750000 53.792067 1.570796 227.296785 -5.750000 286.320637 29.296564 1.334240
DYNAMIC_OBS_INFO 1 -1.750000 52.804746 1.570796 42.272942 -1.750000 101.152203 6.032736 0.179373
STATIC_OBS_INFO 0 -6.300000 66.182598 7.234796 
STATIC_OBS_INFO 1 -6.300000 65.464501 6.525134 
NO_CANDIDATE
EGO_STATUS -5.250000 59.024402 10.500000 1.570796 0.021571 4.000000 0.000000
FAIL
DYNAMIC_OBS_INFO 0 -5.750000 53.792067 1.570796 230.230949 -5.750000 289.256965 29.429988 1.334240
DYNAMIC_OBS_INFO 1 -1.750000 52.804746 1.570796 42.872917 -1.750000 101.756373 6.050673 0.179373
STATIC_OBS_INFO 0 -6.300000 66.182598 7.232662 
STATIC_OBS_INFO 1 -6.300000 65.464501 6.523005 
NO_CANDIDATE
EGO_STATUS -5.250000 59.026559 10.600000 1.570796 0.021571 4.000000 0.000000
FAIL
DYNAMIC_OBS_INFO 0 -5.750000 53.792067 1.570796 233.178455 -5.750000 292.206635 29.563412 1.334240
DYNAMIC_OBS_INFO 1 -1.750000 52.804746 1.570796 43.474737 -1.750000 102.362338 6.068610 0.179373
STATIC_OBS_INFO 0 -6.300000 66.182598 7.230528 
STATIC_OBS_INFO 1 -6.300000 65.464501 6.520876 
NO_CANDIDATE
EGO_STATUS -5.250000 59.028716 10.700000 1.570796 0.021571 4.000000 0.000000
FAIL
DYNAMIC_OBS_INFO 0 -5.750000 53.792067 1.570796 236.139303 -5.750000 295.169647 29.696836 1.334240
DYNAMIC_OBS_INFO 1 -1.750000 52.804746 1.570796 44.078399 -1.750000 102.970095 6.086548 0.179373
STATIC_OBS_INFO 0 -6.300000 66.182598 7.228394 
STATIC_OBS_INFO 1 -6.300000 65.464501 6.518747 
NO_CANDIDATE
EGO_STATUS -5.250000 59.030873 10.800000 1.570796 0.021571 4.000000 0.000000
FAIL
DYNAMIC_OBS_INFO 0 -5.750000 53.792067 1.570796 239.113494 -5.750000 298.146002 29.830260 1.334240
DYNAMIC_OBS_INFO 1 -1.750000 52.804746 1.570796 44.683902 -1.750000 103.579647 6.104485 0.179373
STATIC_OBS_INFO 0 -6.300000 66.182598 7.226259 
STATIC_OBS_INFO 1 -6.300000 65.464501 6.516618 
NO_CANDIDATE
EGO_STATUS -5.250000 59.033030 10.900000 1.570796 0.021571 4.000000 0.000000
FAIL
DYNAMIC_OBS_INFO 0 -5.750000 53.792067 1.570796 242.101028 -5.750000 301.135699 29.963684 1.334240
DYNAMIC_OBS_INFO 1 -1.750000 52.804746 1.570796 45.291243 -1.750000 104.190993 6.122422 0.179373
STATIC_OBS_INFO 0 -6.300000 66.182598 7.224125 
STATIC_OBS_INFO 1 -6.300000 65.464501 6.514490 
NO_CANDIDATE
EGO_STATUS -5.250000 59.035187 11.000000 1.570796 0.021571 4.000000 0.000000
FAIL
DYNAMIC_OBS_INFO 0 -5.750000 53.792067 1.570796 245.101904 -5.750000 304.138739 30.097108 1.334240
DYNAMIC_OBS_INFO 1 -1.750000 52.804746 1.570796 45.900423 -1.750000 104.804132 6.140360 0.179373
STATIC_OBS_INFO 0 -6.300000 66.182598 7.221991 
STATIC_OBS_INFO 1 -6.300000 65.464501 6.512361 
NO_CANDIDATE
EGO_STATUS -5.250000 59.037345 11.100000 1.570796 0.021571 4.000000 0.000000
FAIL
DYNAMIC_OBS_INFO 0 -5.750000 53.792067 1.570796 248.116123 -5.750000 307.155121 30.230532 1.334240
DYNAMIC_OBS_INFO 1 -1.750000 52.804746 1.570796 46.511438 -1.750000 105.419064 6.158297 0.179373
STATIC_OBS_INFO 0 -6.300000 66.182598 7.219857 
STATIC_OBS_INFO 1 -6.300000 65.464501 6.510232 
NO_CANDIDATE
EGO_STATUS -5.250000 59.039502 11.200000 1.570796 0.021571 4.000000 0.000000
FAIL
DYNAMIC_OBS_INFO 0 -5.750000 53.792067 1.570796 251.143684 -5.750000 310.184845 30.363956 1.334240
DYNAMIC_OBS_INFO 1 -1.750000 52.804746 1.570796 47.124287 -1.750000 106.035791 6.176234 0.179373
STATIC_OBS_INFO 0 -6.300000 66.182598 7.217723 
STATIC_OBS_INFO 1 -6.300000 65.464501 6.508103 
NO_CANDIDATE
EGO_STATUS -5.250000 59.041659 11.300000 1.570796 0.021571 4.000000 0.000000
FAIL
DYNAMIC_OBS_INFO 0 -5.750000 53.792067 1.570796 254.184588 -5.750000 313.227912 30.497380 1.334240
DYNAMIC_OBS_INFO 1 -1.750000 52.804746 1.570796 47.738970 -1.750000 106.654311 6.194172 0.179373
STATIC_OBS_INFO 0 -6.300000 66.182598 7.215588 
STATIC_OBS_INFO 1 -6.300000 65.464501 6.505974 
NO_CANDIDATE
EGO_STATUS -5.250000 59.043816 11.400000 1.570796 0.021571 4.000000 0.000000
FAIL
DYNAMIC_OBS_INFO 0 -5.750000 53.792067 1.570796 257.238834 -5.750000 316.284321 30.630804 1.334240
DYNAMIC_OBS_INFO 1 -1.750000 52.804746 1.570796 48.355485 -1.750000 107.274625 6.212109 0.179373
STATIC_OBS_INFO 0 -6.300000 66.182598 7.213454 
STATIC_OBS_INFO 1 -6.300000 65.464501 6.503845 
NO_CANDIDATE
EGO_STATUS -5.250000 59.045973 11.500000 1.570796 0.021571 4.000000 0.000000
FAIL
DYNAMIC_OBS_INFO 0 -5.750000 53.792067 1.570796 260.306423 -5.750000 319.354072 30.764228 1.334240
DYNAMIC_OBS_INFO 1 -1.750000 52.804746 1.570796 48.973830 -1.750000 107.896733 6.230046 0.179373
STATIC_OBS_INFO 0 -6.300000 66.182598 7.211320 
STATIC_OBS_INFO 1 -6.300000 65.464501 6.501716 
NO_CANDIDATE
EGO_STATUS -5.250000 59.048130 11.600000 1.570796 0.021571 4.000000 0.000000
FAIL
DYNAMIC_OBS_INFO 0 -5.750000 53.792067 1.570796 263.387354 -5.750000 322.437166 30.897652 1.334240
DYNAMIC_OBS_INFO 1 -1.750000 52.804746 1.570796 49.594004 -1.750000 108.520635 6.247984 0.179373
STATIC_OBS_INFO 0 -6.300000 66.182598 7.209186 
STATIC_OBS_INFO 1 -6.300000 65.464501 6.499588 
NO_CANDIDATE
EGO_STATUS -5.250000 59.050287 11.700000 1.570796 0.021571 4.000000 0.000000
FAIL
DYNAMIC_OBS_INFO 0 -5.750000 53.792067 1.570796 266.481628 -5.750000 325.533603 31.031076 1.334240
DYNAMIC_OBS_INFO 1 -1.750000 52.804746 1.570796 50.216007 -1.750000 109.146330 6.265921 0.179373
STATIC_OBS_INFO 0 -6.300000 66.182598 7.207052 
STATIC_OBS_INFO 1 -6.300000 65.464501 6.497459 
NO_CANDIDATE
EGO_STATUS -5.250000 59.052444 11.800000 1.570796 0.021571 4.000000 0.000000
FAIL
DYNAMIC_OBS_INFO 0 -5.750000 53.792067 1.570796 269.589244 -5.750000 328.643382 31.164500 1.334240
DYNAMIC_OBS_INFO 1 -1.750000 52.804746 1.570796 50.839837 -1.750000 109.773819 6.283858 0.179373
STATIC_OBS_INFO 0 -6.300000 66.182598 7.204918 
STATIC_OBS_INFO 1 -6.300000 65.464501 6.495330 
NO_CANDIDATE
EGO_STATUS -5.250000 59.054601 11.900000 1.570796 0.021571 4.000000 0.000000
FAIL
DYNAMIC_OBS_INFO 0 -5.750000 53.792067 1.570796 272.710203 -5.750000 331.766503 31.297924 1.334240
DYNAMIC_OBS_INFO 1 -1.750000 52.804746 1.570796 51.465493 -1.750000 110.403101 6.301795 0.179373
STATIC_OBS_INFO 0 -6.300000 66.182598 7.202784 
STATIC_OBS_INFO 1 -6.300000 65.464501 6.493201 
NO_CANDIDATE
EGO_STATUS -5.250000 59.056759 12.000000 1.570796 0.021571 4.000000 0.000000
FAIL
DYNAMIC_OBS_INFO 0 -5.750000 53.792067 1.570796 275.844504 -5.750000 334.902966 31.431348 1.334240
DYNAMIC_OBS_INFO 1 -1.750000 52.804746 1.570796 52.092973 -1.750000 111.034178 6.319733 0.179373
STATIC_OBS_INFO 0 -6.300000 66.182598 7.200650 
STATIC_OBS_INFO 1 -6.300000 65.464501 6.491073 
NO_CANDIDATE
EGO_STATUS -5.250000 59.058916 12.100000 1.570796 0.021571 4.000000 0.000000
FAIL
DYNAMIC_OBS_INFO 0 -5.750000 53.792067 1.570796 278.992148 -5.750000 338.052772 31.564772 1.334240
DYNAMIC_OBS_INFO 1 -1.750000 52.804746 1.570796 52.722278 -1.750000 111.667048 6.337670 0.179373
STATIC_OBS_INFO 0 -6.300000 66.182598 7.198516 
STATIC_OBS_INFO 1 -6.300000 65.464501 6.488944 
NO_CANDIDATE
EGO_STATUS -5.250000 59.061073 12.200000 1.570796 0.021571 4.000000 0.000000
FAIL
DYNAMIC_OBS_INFO 0 -5.750000 53.792067 1.570796 282.153134 -5.750000 341.215921 31.698196 1.334240
DYNAMIC_OBS_INFO 1 -1.750000 52.804746 1.570796 53.353406 -1.750000 112.301712 6.355607 0.179373
STATIC_OBS_INFO 0 -6.300000 66.182598 7.196382 
STATIC_OBS_INFO 1 -6.300000 65.464501 6.486815 
NO_CANDIDATE
EGO_STATUS -5.250000 59.063230 12.300000 1.570796 0.021571 4.000000 0.000000
FAIL
DYNAMIC_OBS_INFO 0 -5.750000 53.792067 1.570796 285.327463 -5.750000 344.392411 31.831620 1.334240
DYNAMIC_OBS_INFO 1 -1.750000 52.804746 1.570796 53.986356 -1.750000 112.938169 6.373545 0.179373
STATIC_OBS_INFO 0 -6.300000 66.182598 7.194248 
STATIC_OBS_INFO 1 -6.300000 65.464501 6.484687 
NO_CANDIDATE
EGO_STATUS -5.250000 59.065387 12.400000 1.570796 0.021571 4.000000 0.000000
FAIL
DYNAMIC_OBS_INFO 0 -5.750000 53.792067 1.570796 288.515134 -5.750000 347.582245 31.965044 1.334240
DYNAMIC_OBS_INFO 1 -1.750000 52.804746 1.570796 54.621128 -1.750000 113.576421 6.391482 0.179373
STATIC_OBS_INFO 0 -6.300000 66.182598 7.192114 
STATIC_OBS_INFO 1 -6.300000 65.464501 6.482558 
NO_CANDIDATE
EGO_STATUS -5.250000 59.067544 12.500000 1.570796 0.021571 4.000000 0.000000
FAIL
DYNAMIC_OBS_INFO 0 -5.750000 53.792067 1.570796 291.716147 -5.750000 350.785420 32.098468 1.334240
DYNAMIC_OBS_INFO 1 -1.750000 52.804746 1.570796 55.257720 -1.750000 114.216466 6.409419 0.179373
STATIC_OBS_INFO 0 -6.300000 66.182598 7.189980 
STATIC_OBS_INFO 1 -6.300000 65.464501 6.480429 
NO_CANDIDATE
EGO_STATUS -5.250000 59.069701 12.600000 1.570796 0.021571 4.000000 0.000000
FAIL
DYNAMIC_OBS_INFO 0 -5.750000 53.792067 1.570796 294.930504 -5.750000 354.001938 32.231892 1.334240
DYNAMIC_OBS_INFO 1 -1.750000 52.804746 1.570796 55.896132 -1.750000 114.858305 6.427357 0.179373
STATIC_OBS_INFO 0 -6.300000 66.182598 7.187846 
STATIC_OBS_INFO 1 -6.300000 65.464501 6.478301 
NO_CANDIDATE
EGO_STATUS -5.250000 59.071858 12.700000 1.570796 0.021571 4.000000 0.000000
FAIL
DYNAMIC_OBS_INFO 0 -5.750000 53.792067 1.570796 298.158202 -5.750000 357.231799 32.365316 1.334240
DYNAMIC_OBS_INFO 1 -1.750000 52.804746 1.570796 56.536363 -1.750000 115.501937 6.445294 0.179373
STATIC_OBS_INFO 0 -6.300000 66.182598 7.185712 
STATIC_OBS_INFO 1 -6.300000 65.464501 6.476172 
NO_CANDIDATE
EGO_STATUS -5.250000 59.074015 12.800000 1.570796 0.021571 4.000000 0.000000
FAIL
DYNAMIC_OBS_INFO 0 -5.750000 53.792067 1.570796 301.399243 -5.750000 360.475001 32.498740 1.334240
DYNAMIC_OBS_INFO 1 -1.750000 52.804746 1.570796 57.178412 -1.750000 116.147363 6.463231 0.179373
STATIC_OBS_INFO 0 -6.300000 66.182598 7.183578 
STATIC_OBS_INFO 1 -6.300000 65.464501 6.474044 
NO_CANDIDATE
EGO_STATUS -5.250000 59.076173 12.900000 1.570796 0.021571 4.000000 0.000000
FAIL
DYNAMIC_OBS_INFO 0 -5.750000 53.792067 1.570796 304.653627 -5.750000 363.731547 32.632164 1.334240
DYNAMIC_OBS_INFO 1 -1.750000 52.804746 1.570796 57.822279 -1.750000 116.794583 6.481168 0.179373
STATIC_OBS_INFO 0 -6.300000 66.182598 7.181444 
STATIC_OBS_INFO 1 -6.300000 65.464501 6.471915 
NO_CANDIDATE
EGO_STATUS -5.250000 59.078330 13.000000 1.570796 0.021571 4.000000 0.000000
FAIL
DYNAMIC_OBS_INFO 0 -5.750000 53.792067 1.570796 307.921353 -5.750000 367.001434 32.765588 1.334240
DYNAMIC_OBS_INFO 1 -1.750000 52.804746 1.570796 58.467962 -1.750000 117.443597 6.499106 0.179373
STATIC_OBS_INFO 0 -6.300000 66.182598 7.179310 
STATIC_OBS_INFO 1 -6.300000 65.464501 6.469787 
NO_CANDIDATE
EGO_STATUS -5.250000 59.080487 13.100000 1.570796 0.021571 4.000000 0.000000
FAIL
DYNAMIC_OBS_INFO 0 -5.750000 53.792067 1.570796 311.202422 -5.750000 370.284664 32.899012 1.334240
DYNAMIC_OBS_INFO 1 -1.750000 52.804746 1.570796 59.115462 -1.750000 118.094405 6.517043 0.179373
STATIC_OBS_INFO 0 -6.300000 66.182598 7.177176 
STATIC_OBS_INFO 1 -6.300000 65.464501 6.467658 
NO_CANDIDATE
EGO_STATUS -5.250000 59.082644 13.200000 1.570796 0.021571 4.000000 0.000000
FAIL
DYNAMIC_OBS_INFO 0 -5.750000 53.792067 1.570796 314.496833 -5.750000 373.581236 33.032436 1.334240
DYNAMIC_OBS_INFO 1 -1.750000 52.804746 1.570796 59.764778 -1.750000 118.747006 6.534980 0.179373
STATIC_OBS_INFO 0 -6.300000 66.182598 7.175042 
STATIC_OBS_INFO 1 -6.300000 65.464501 6.465530 
NO_CANDIDATE
EGO_STATUS -5.250000 59.084801 13.300000 1.570796 0.021571 4.000000 0.000000
FAIL
DYNAMIC_OBS_INFO 0 -5.750000 53.792067 1.570796 317.804586 -5.750000 376.891151 33.165860 1.334240
DYNAMIC_OBS_INFO 1 -1.750000 52.804746 1.570796 60.415908 -1.750000 119.401401 6.552918 0.179373
STATIC_OBS_INFO 0 -6.300000 66.182598 7.172908 
STATIC_OBS_INFO 1 -6.300000 65.464501 6.463401 
NO_CANDIDATE
EGO_STATUS -5.250000 59.086958 13.400000 1.570796 0.021571 4.000000 0.000000
FAIL
DYNAMIC_OBS_INFO 0 -5.750000 53.792067 1.570796 321.125682 -5.750000 380.214408 33.299284 1.334240
DYNAMIC_OBS_INFO 1 -1.750000 52.804746 1.570796 61.068853 -1.750000 120.057589 6.570855 0.179373
STATIC_OBS_INFO 0 -6.300000 66.182598 7.170774 
STATIC_OBS_INFO 1 -6.300000 65.464501 6.461273 
NO_CANDIDATE
EGO_STATUS -5.250000 59.089115 13.500000 1.570796 0.021571 4.000000 0.000000
FAIL
DYNAMIC_OBS_INFO 0 -5.750000 53.792067 1.570796 324.460121 -5.750000 383.551008 33.432708 1.334240
DYNAMIC_OBS_INFO 1 -1.750000 52.804746 1.570796 61.723612 -1.750000 120.715572 6.588792 0.179373
STATIC_OBS_INFO 0 -6.300000 66.182598 7.168640 
STATIC_OBS_INFO 1 -6.300000 65.464501 6.459144 
NO_CANDIDATE
EGO_STATUS -5.250000 59.091272 13.600000 1.570796 0.021571 4.000000 0.000000
FAIL
DYNAMIC_OBS_INFO 0 -5.750000 53.792067 1.570796 327.807902 -5.750000 386.900950 33.566132 1.334240
DYNAMIC_OBS_INFO 1 -1.750000 52.804746 1.570796 62.380184 -1.750000 121.375348 6.606730 0.179373
STATIC_OBS_INFO 0 -6.300000 66.182598 7.166506 
STATIC_OBS_INFO 1 -6.300000 65.464501 6.457016 
NO_CANDIDATE
EGO_STATUS -5.250000 59.093430 13.700000 1.570796 0.021571 4.000000 0.000000
FAIL
DYNAMIC_OBS_INFO 0 -5.750000 53.792067 1.570796 331.169025 -5.750000 390.264234 33.699556 1.334240
DYNAMIC_OBS_INFO 1 -1.750000 52.804746 1.570796 63.038569 -1.750000 122.036917 6.624667 0.179373
STATIC_OBS_INFO 0 -6.300000 66.182598 7.164373 
STATIC_OBS_INFO 1 -6.300000 65.464501 6.454887 
NO_CANDIDATE
EGO_STATUS -5.250000 59.095587 13.800000 1.570796 0.021571 4.000000 0.000000
FAIL
DYNAMIC_OBS_INFO 0 -5.750000 53.792067 1.570796 334.543491 -5.750000 393.640861 33.832980 1.334240
DYNAMIC_OBS_INFO 1 -1.750000 52.804746 1.570796 63.698766 -1.750000 122.700281 6.642604 0.179373
STATIC_OBS_INFO 0 -6.300000 66.182598 7.162239 
STATIC_OBS_INFO 1 -6.300000 65.464501 6.452759 
NO_CANDIDATE
EGO_STATUS -5.250000 59.097744 13.900000 1.570796 0.021571 4.000000 0.000000
FAIL
DYNAMIC_OBS_INFO 0 -5.750000 53.792067 1.570796 337.931299 -5.750000 397.030830 33.966404 1.334240
DYNAMIC_OBS_INFO 1 -1.750000 52.804746 1.570796 64.360775 -1.750000 123.365438 6.660541 0.179373
STATIC_OBS_INFO 0 -6.300000 66.182598 7.160105 
STATIC_OBS_INFO 1 -6.300000 65.464501 6.450631 
NO_CANDIDATE
EGO_STATUS -5.250000 59.099901 14.000000 1.570796 0.021571 4.000000 0.000000
FAIL
DYNAMIC_OBS_INFO 0 -5.750000 53.792067 1.570796 341.332450 -5.750000 400.434142 34.099828 1.334240
DYNAMIC_OBS_INFO 1 -1.750000 52.804746 1.570796 65.024595 -1.750000 124.032389 6.678479 0.179373
STATIC_OBS_INFO 0 -6.300000 66.182598 7.157971 
STATIC_OBS_INFO 1 -6.300000 65.464501 6.448502 
NO_CANDIDATE
EGO_STATUS -5.250000 59.102058 14.100000 1.570796 0.021571 4.000000 0.000000
FAIL
DYNAMIC_OBS_INFO 0 -5.750000 53.792067 1.570796 344.746943 -5.750000 403.850796 34.233252 1.334240
DYNAMIC_OBS_INFO 1 -1.750000 52.804746 1.570796 65.690226 -1.750000 124.701134 6.696416 0.179373
STATIC_OBS_INFO 0 -6.300000 66.182598 7.155837 
STATIC_OBS_INFO 1 -6.300000 65.464501 6.446374 
NO_CANDIDATE
EGO_STATUS -5.250000 59.104215 14.200000 1.570796 0.021571 4.000000 0.000000
FAIL
DYNAMIC_OBS_INFO 0 -5.750000 53.792067 1.570796 348.174779 -5.750000 407.280792 34.366676 1.334240
DYNAMIC_OBS_INFO 1 -1.750000 52.804746 1.570796 66.357667 -1.750000 125.371673 6.714353 0.179373
STATIC_OBS_INFO 0 -6.300000 66.182598 7.153704 
STATIC_OBS_INFO 1 -6.300000 65.464501 6.444246 
NO_CANDIDATE
EGO_STATUS -5.250000 59.106372 14.300000 1.570796 0.021571 4.000000 0.000000
FAIL
DYNAMIC_OBS_INFO 0 -5.750000 53.792067 1.570796 351.615957 -5.750000 410.724131 34.500100 1.334240
DYNAMIC_OBS_INFO 1 -1.750000 52.804746 1.570796 67.026919 -1.750000 126.044005 6.732291 0.179373
STATIC_OBS_INFO 0 -6.300000 66.182598 7.151570 
STATIC_OBS_INFO 1 -6.300000 65.464501 6.442117 
NO_CANDIDATE
EGO_STATUS -5.250000 59.108529 14.400000 1.570796 0.021571 4.000000 0.000000
FAIL
DYNAMIC_OBS_INFO 0 -5.750000 53.792067 1.570796 355.070477 -5.750000 414.180812 34.633524 1.334240
DYNAMIC_OBS_INFO 1 -1.750000 52.804746 1.570796 67.697980 -1.750000 126.718131 6.750228 0.179373
STATIC_OBS_INFO 0 -6.300000 66.182598 7.149436 
STATIC_OBS_INFO 1 -6.300000 65.464501 6.439989 
NO_CANDIDATE
EGO_STATUS -5.250000 59.110686 14.500000 1.570796 0.021571 4.000000 0.000000
FAIL
DYNAMIC_OBS_INFO 0 -5.750000 53.792067 1.570796 358.538341 -5.750000 417.650835 34.766948 1.334240
DYNAMIC_OBS_INFO 1 -1.750000 52.804746 1.570796 68.370850 -1.750000 127.394050 6.768165 0.179373
STATIC_OBS_INFO 0 -6.300000 66.182598 7.147302 
STATIC_OBS_INFO 1 -6.300000 65.464501 6.437861 
NO_CANDIDATE
EGO_STATUS -5.250000 59.112844 14.600000 1.570796 0.021571 4.000000 0.000000
FAIL
DYNAMIC_OBS_INFO 0 -5.750000 53.792067 1.570796 362.019546 -5.750000 421.134201 34.900372 1.334240
DYNAMIC_OBS_INFO 1 -1.750000 52.804746 1.570796 69.045530 -1.750000 128.071764 6.786103 0.179373
STATIC_OBS_INFO 0 -6.300000 66.182598 7.145169 
STATIC_OBS_INFO 1 -6.300000 65.464501 6.435733 
NO_CANDIDATE
EGO_STATUS -5.250000 59.115001 14.700000 1.570796 0.021571 4.000000 0.000000
FAIL
DYNAMIC_OBS_INFO 0 -5.750000 53.792067 1.570796 365.514094 -5.750000 424.630910 35.033796 1.334240
DYNAMIC_OBS_INFO 1 -1.750000 52.804746 1.570796 69.722017 -1.750000 128.751271 6.804040 0.179373
STATIC_OBS_INFO 0 -6.300000 66.182598 7.143035 
STATIC_OBS_INFO 1 -6.300000 65.464501 6.433604 
NO_CANDIDATE
EGO_STATUS -5.250000 59.117158 14.800000 1.570796 0.021571 4.000000 0.000000
FAIL
DYNAMIC_OBS_INFO 0 -5.750000 53.792067 1.570796 369.021984 -5.750000 428.140961 35.167220 1.334240
DYNAMIC_OBS_INFO 1 -1.750000 52.804746 1.570796 70.400313 -1.750000 129.432572 6.821977 0.179373
STATIC_OBS_INFO 0 -6.300000 66.182598 7.140901 
STATIC_OBS_INFO 1 -6.300000 65.464501 6.431476 
NO_CANDIDATE
EGO_STATUS -5.250000 59.119315 14.900000 1.570796 0.021571 4.000000 0.000000
FAIL
DYNAMIC_OBS_INFO 0 -5.750000 53.792067 1.570796 372.543217 -5.750000 431.664354 35.300643 1.334240
DYNAMIC_OBS_INFO 1 -1.750000 52.804746 1.570796 71.080417 -1.750000 130.115666 6.839915 0.179373
STATIC_OBS_INFO 0 -6.300000 66.182598 7.138768 
STATIC_OBS_INFO 1 -6.300000 65.464501 6.429348 
NO_CANDIDATE
EGO_STATUS -5.250000 59.121472 15.000000 1.570796 0.021571 4.000000 0.000000
FAIL
DYNAMIC_OBS_INFO 0 -5.750000 53.792067 1.570796 376.077792 -5.750000 435.201089 35.434067 1.334240
DYNAMIC_OBS_INFO 1 -1.750000 52.804746 1.570796 71.762327 -1.750000 130.800555 6.857852 0.179373
STATIC_OBS_INFO 0 -6.300000 66.182598 7.136634 
STATIC_OBS_INFO 1 -6.300000 65.464501 6.427220 
NO_CANDIDATE
EGO_STATUS -5.250000 59.123629 15.100000 1.570796 0.021571 4.000000 0.000000
FAIL
DYNAMIC_OBS_INFO 0 -5.750000 53.792067 1.570796 379.625710 -5.750000 438.751167 35.567491 1.334240
DYNAMIC_OBS_INFO 1 -1.750000 52.804746 1.570796 72.446045 -1.750000 131.487237 6.875789 0.179373
STATIC_OBS_INFO 0 -6.300000 66.182598 7.134500 
STATIC_OBS_INFO 1 -6.300000 65.464501 6.425092 
NO_CANDIDATE
EGO_STATUS -5.250000 59.125786 15.200000 1.570796 0.021571 4.000000 0.000000
FAIL
DYNAMIC_OBS_INFO 0 -5.750000 53.792067 1.570796 383.186970 -5.750000 442.314588 35.700915 1.334240
DYNAMIC_OBS_INFO 1 -1.750000 52.804746 1.570796 73.131570 -1.750000 132.175712 6.893726 0.179373
STATIC_OBS_INFO 0 -6.300000 66.182598 7.132367 
STATIC_OBS_INFO 1 -6.300000 65.464501 6.422964 
NO_CANDIDATE
EGO_STATUS -5.250000 59.127943 15.300000 1.570796 0.021571 4.000000 0.000000
FAIL
DYNAMIC_OBS_INFO 0 -5.750000 53.792067 1.570796 386.761573 -5.750000 445.891350 35.834339 1.334240
DYNAMIC_OBS_INFO 1 -1.750000 52.804746 1.570796 73.818901 -1.750000 132.865982 6.911664 0.179373
STATIC_OBS_INFO 0 -6.300000 66.182598 7.130233 
STATIC_OBS_INFO 1 -6.300000 65.464501 6.420836 
NO_CANDIDATE
EGO_STATUS -5.250000 59.130101 15.400000 1.570796 0.021571 4.000000 0.000000
FAIL
DYNAMIC_OBS_INFO 0 -5.750000 53.792067 1.570796 390.349518 -5.750000 449.481455 35.967763 1.334240
DYNAMIC_OBS_INFO 1 -1.750000 52.804746 1.570796 74.508039 -1.750000 133.558045 6.929601 0.179373
STATIC_OBS_INFO 0 -6.300000 66.182598 7.128100 
STATIC_OBS_INFO 1 -6.300000 65.464501 6.418708 
NO_CANDIDATE
EGO_STATUS -5.250000 59.132258 15.500000 1.570796 0.021571 4.000000 0.000000
FAIL
DYNAMIC_OBS_INFO 0 -5.750000 53.792067 1.570796 393.950805 -5.750000 453.084903 36.101187 1.334240
DYNAMIC_OBS_INFO 1 -1.750000 52.804746 1.570796 75.198982 -1.750000 134.251902 6.947538 0.179373
STATIC_OBS_INFO 0 -6.300000 66.182598 7.125966 
STATIC_OBS_INFO 1 -6.300000 65.464501 6.416580 
NO_CANDIDATE
EGO_STATUS -5.250000 59.134415 15.600000 1.570796 0.021571 4.000000 0.000000
FAIL
DYNAMIC_OBS_INFO 0 -5.750000 53.792067 1.570796 397.565435 -5.750000 456.701693 36.234611 1.334240
DYNAMIC_OBS_INFO 1 -1.750000 52.804746 1.570796 75.891731 -1.750000 134.947553 6.965476 0.179373
STATIC_OBS_INFO 0 -6.300000 66.182598 7.123833 
STATIC_OBS_INFO 1 -6.300000 65.464501 6.414451 
NO_CANDIDATE
EGO_STATUS -5.250000 59.136572 15.700000 1.570796 0.021571 4.000000 0.000000
FAIL
DYNAMIC_OBS_INFO 0 -5.750000 53.792067 1.570796 401.193408 -5.750000 460.331825 36.368035 1.334240
DYNAMIC_OBS_INFO 1 -1.750000 52.804746 1.570796 76.586285 -1.750000 135.644997 6.983413 0.179373
STATIC_OBS_INFO 0 -6.300000 66.182598 7.121699 
STATIC_OBS_INFO 1 -6.300000 65.464501 6.412323 
NO_CANDIDATE
EGO_STATUS -5.250000 59.138729 15.800000 1.570796 0.021571 4.000000 0.000000
FAIL
DYNAMIC_OBS_INFO 0 -5.750000 53.792067 1.570796 404.834723 -5.750000 463.975300 36.501459 1.334240
DYNAMIC_OBS_INFO 1 -1.750000 52.804746 1.570796 77.282645 -1.750000 136.344235 7.001350 0.179373
STATIC_OBS_INFO 0 -6.300000 66.182598 7.119565 
STATIC_OBS_INFO 1 -6.300000 65.464501 6.410195 
NO_CANDIDATE
EGO_STATUS -5.250000 59.140886 15.900000 1.570796 0.021571 4.000000 0.000000
FAIL
DYNAMIC_OBS_INFO 0 -5.750000 53.792067 1.570796 408.489380 -5.750000 467.632117 36.634883 1.334240
DYNAMIC_OBS_INFO 1 -1.750000 52.804746 1.570796 77.980809 -1.750000 137.045267 7.019288 0.179373
STATIC_OBS_INFO 0 -6.300000 66.182598 7.117432 
STATIC_OBS_INFO 1 -6.300000 65.464501 6.408067 
NO_CANDIDATE
EGO_STATUS -5.250000 59.143043 16.000000 1.570796 0.021571 4.000000 0.000000
FAIL
DYNAMIC_OBS_INFO 0 -5.750000 53.792067 1.570796 412.157380 -5.750000 471.302277 36.768307 1.334240
DYNAMIC_OBS_INFO 1 -1.750000 52.804746 1.570796 78.680777 -1.750000 137.748093 7.037225 0.179373
STATIC_OBS_INFO 0 -6.300000 66.182598 7.115298 
STATIC_OBS_INFO 1 -6.300000 65.464501 6.405940 
NO_CANDIDATE
EGO_STATUS -5.250000 59.145200 16.100000 1.570796 0.021571 4.000000 0.000000
FAIL
DYNAMIC_OBS_INFO 0 -5.750000 53.792067 1.570796 415.838722 -5.750000 474.985779 36.901731 1.334240
DYNAMIC_OBS_INFO 1 -1.750000 52.804746 1.570796 79.382550 -1.750000 138.452712 7.055162 0.179373
STATIC_OBS_INFO 0 -6.300000 66.182598 7.113165 
STATIC_OBS_INFO 1 -6.300000 65.464501 6.403812 
NO_CANDIDATE
EGO_STATUS -5.250000 59.147357 16.200000 1.570796 0.021571 4.000000 0.000000
FAIL
DYNAMIC_OBS_INFO 0 -5.750000 53.792067 1.570796 419.533406 -5.750000 478.682623 37.035155 1.334240
DYNAMIC_OBS_INFO 1 -1.750000 52.804746 1.570796 80.086128 -1.750000 139.159125 7.073099 0.179373
STATIC_OBS_INFO 0 -6.300000 66.182598 7.111031 
STATIC_OBS_INFO 1 -6.300000 65.464501 6.401684 
NO_CANDIDATE
EGO_STATUS -5.250000 59.149515 16.300000 1.570796 0.021571 4.000000 0.000000
FAIL
DYNAMIC_OBS_INFO 0 -5.750000 53.792067 1.570796 423.241433 -5.750000 482.392810 37.168579 1.334240
DYNAMIC_OBS_INFO 1 -1.750000 52.804746 1.570796 80.791509 -1.750000 139.867332 7.091037 0.179373
STATIC_OBS_INFO 0 -6.300000 66.182598 7.108898 
STATIC_OBS_INFO 1 -6.300000 65.464501 6.399556 
NO_CANDIDATE
EGO_STATUS -5.250000 59.151672 16.400000 1.570796 0.021571 4.000000 0.000000
FAIL
DYNAMIC_OBS_INFO 0 -5.750000 53.792067 1.570796 426.962803 -5.750000 486.116339 37.302003 1.334240
DYNAMIC_OBS_INFO 1 -1.750000 52.804746 1.570796 81.498693 -1.750000 140.577333 7.108974 0.179373
STATIC_OBS_INFO 0 -6.300000 66.182598 7.106765 
STATIC_OBS_INFO 1 -6.300000 65.464501 6.397428 
NO_CANDIDATE
EGO_STATUS -5.250000 59.153829 16.500000 1.570796 0.021571 4.000000 0.000000
FAIL
DYNAMIC_OBS_INFO 0 -5.750000 53.792067 1.570796 430.697515 -5.750000 489.853210 37.435427 1.334240
DYNAMIC_OBS_INFO 1 -1.750000 52.804746 1.570796 82.207681 -1.750000 141.289127 7.126911 0.179373
STATIC_OBS_INFO 0 -6.300000 66.182598 7.104631 
STATIC_OBS_INFO 1 -6.300000 65.464501 6.395300 
NO_CANDIDATE
EGO_STATUS -5.250000 59.155986 16.600000 1.570796 0.021571 4.000000 0.000000
FAIL
DYNAMIC_OBS_INFO 0 -5.750000 53.792067 1.570796 434.445569 -5.750000 493.603424 37.568851 1.334240
DYNAMIC_OBS_INFO 1 -1.750000 52.804746 1.570796 82.918473 -1.750000 142.002715 7.144849 0.179373
STATIC_OBS_INFO 0 -6.300000 66.182598 7.102498 
STATIC_OBS_INFO 1 -6.300000 65.464501 6.393172 
NO_CANDIDATE
EGO_STATUS -5.250000 59.158143 16.700000 1.570796 0.021571 4.000000 0.000000
FAIL
DYNAMIC_OBS_INFO 0 -5.750000 53.792067 1.570796 438.206966 -5.750000 497.366981 37.702275 1.334240
DYNAMIC_OBS_INFO 1 -1.750000 52.804746 1.570796 83.631067 -1.750000 142.718097 7.162786 0.179373
STATIC_OBS_INFO 0 -6.300000 66.182598 7.100364 
STATIC_OBS_INFO 1 -6.300000 65.464501 6.391044 
NO_CANDIDATE
EGO_STATUS -5.250000 59.160300 16.800000 1.570796 0.021571 4.000000 0.000000
FAIL
DYNAMIC_OBS_INFO 0 -5.750000 53.792067 1.570796 441.981705 -5.750000 501.143879 37.835699 1.334240
DYNAMIC_OBS_INFO 1 -1.750000 52.804746 1.570796 84.345464 -1.750000 143.435272 7.180723 0.179373
STATIC_OBS_INFO 0 -6.300000 66.182598 7.098231 
STATIC_OBS_INFO 1 -6.300000 65.464501 6.388917 
NO_CANDIDATE
EGO_STATUS -5.250000 59.162457 16.900000 1.570796 0.021571 4.000000 0.000000
FAIL
DYNAMIC_OBS_INFO 0 -5.750000 53.792067 1.570796 445.769787 -5.750000 504.934121 37.969123 1.334240
DYNAMIC_OBS_INFO 1 -1.750000 52.804746 1.570796 85.061664 -1.750000 144.154241 7.198661 0.179373
STATIC_OBS_INFO 0 -6.300000 66.182598 7.096097 
STATIC_OBS_INFO 1 -6.300000 65.464501 6.386789 
NO_CANDIDATE
EGO_STATUS -5.250000 59.164614 17.000000 1.570796 0.021571 4.000000 0.000000
FAIL
DYNAMIC_OBS_INFO 0 -5.750000 53.792067 1.570796 449.571211 -5.750000 508.737704 38.102547 1.334240
DYNAMIC_OBS_INFO 1 -1.750000 52.804746 1.570796 85.779666 -1.750000 144.875004 7.216598 0.179373
STATIC_OBS_INFO 0 -6.300000 66.182598 7.093964 
STATIC_OBS_INFO 1 -6.300000 65.464501 6.384661 
NO_CANDIDATE
EGO_STATUS -5.250000 59.166772 17.100000 1.570796 0.021571 4.000000 0.000000
FAIL
DYNAMIC_OBS_INFO 0 -5.750000 53.792067 1.570796 453.385977 -5.750000 512.554630 38.235971 1.334240
DYNAMIC_OBS_INFO 1 -1.750000 52.804746 1.570796 86.499471 -1.750000 145.597561 7.234535 0.179373
STATIC_OBS_INFO 0 -6.300000 66.182598 7.091831 
STATIC_OBS_INFO 1 -6.300000 65.464501 6.382533 
NO_CANDIDATE
EGO_STATUS -5.250000 59.168929 17.200000 1.570796 0.021571 4.000000 0.000000
FAIL
DYNAMIC_OBS_INFO 0 -5.750000 53.792067 1.570796 457.214086 -5.750000 516.384898 38.369395 1.334240
DYNAMIC_OBS_INFO 1 -1.750000 52.804746 1.570796 87.221078 -1.750000 146.321911 7.252472 0.179373
STATIC_OBS_INFO 0 -6.300000 66.182598 7.089697 
STATIC_OBS_INFO 1 -6.300000 65.464501 6.380406 
NO_CANDIDATE
EGO_STATUS -5.250000 59.171086 17.300000 1.570796 0.021571 4.000000 0.000000
FAIL
DYNAMIC_OBS_INFO 0 -5.750000 53.792067 1.570796 461.055537 -5.750000 520.228509 38.502819 1.334240
DYNAMIC_OBS_INFO 1 -1.750000 52.804746 1.570796 87.944486 -1.750000 147.048055 7.270410 0.179373
STATIC_OBS_INFO 0 -6.300000 66.182598 7.087564 
STATIC_OBS_INFO 1 -6.300000 65.464501 6.378278 
NO_CANDIDATE
EGO_STATUS -5.250000 59.173243 17.400000 1.570796 0.021571 4.000000 0.000000
FAIL
DYNAMIC_OBS_INFO 0 -5.750000 53.792067 1.570796 464.910331 -5.750000 524.085462 38.636243 1.334240
DYNAMIC_OBS_INFO 1 -1.750000 52.804746 1.570796 88.669697 -1.750000 147.775993 7.288347 0.179373
STATIC_OBS_INFO 0 -6.300000 66.182598 7.085431 
STATIC_OBS_INFO 1 -6.300000 65.464501 6.376150 
NO_CANDIDATE
EGO_STATUS -5.250000 59.175400 17.500000 1.570796 0.021571 4.000000 0.000000
FAIL
DYNAMIC_OBS_INFO 0 -5.750000 53.792067 1.570796 468.778467 -5.750000 527.955758 38.769667 1.334240
DYNAMIC_OBS_INFO 1 -1.750000 52.804746 1.570796 89.396709 -1.750000 148.505725 7.306284 0.179373
STATIC_OBS_INFO 0 -6.300000 66.182598 7.083298 
STATIC_OBS_INFO 1 -6.300000 65.464501 6.374023 
NO_CANDIDATE
EGO_STATUS -5.250000 59.177557 17.600000 1.570796 0.021571 4.000000 0.000000
FAIL
DYNAMIC_OBS_INFO 0 -5.750000 53.792067 1.570796 472.659946 -5.750000 531.839396 38.903091 1.334240
DYNAMIC_OBS_INFO 1 -1.750000 52.804746 1.570796 90.125522 -1.750000 149.237250 7.324222 0.179373
STATIC_OBS_INFO 0 -6.300000 66.182598 7.081164 
STATIC_OBS_INFO 1 -6.300000 65.464501 6.371895 
NO_CANDIDATE
EGO_STATUS -5.250000 59.179714 17.700000 1.570796 0.021571 4.000000 0.000000
FAIL
DYNAMIC_OBS_INFO 0 -5.750000 53.792067 1.570796 476.554767 -5.750000 535.736376 39.036515 1.334240
DYNAMIC_OBS_INFO 1 -1.750000 52.804746 1.570796 90.856137 -1.750000 149.970569 7.342159 0.179373
STATIC_OBS_INFO 0 -6.300000 66.182598 7.079031 
STATIC_OBS_INFO 1 -6.300000 65.464501 6.369767 
NO_CANDIDATE
EGO_STATUS -5.250000 59.181871 17.800000 1.570796 0.021571 4.000000 0.000000
FAIL
DYNAMIC_OBS_INFO 0 -5.750000 53.792067 1.570796 480.462930 -5.750000 539.646699 39.169939 1.334240
DYNAMIC_OBS_INFO 1 -1.750000 52.804746 1.570796 91.588553 -1.750000 150.705682 7.360096 0.179373
STATIC_OBS_INFO 0 -6.300000 66.182598 7.076898 
STATIC_OBS_INFO 1 -6.300000 65.464501 6.367640 
NO_CANDIDATE
EGO_STATUS -5.250000 59.184028 17.900000 1.570796 0.021571 4.000000 0.000000
FAIL
DYNAMIC_OBS_INFO 0 -5.750000 53.792067 1.570796 484.384436 -5.750000 543.570364 39.303363 1.334240
DYNAMIC_OBS_INFO 1 -1.750000 52.804746 1.570796 92.322770 -1.750000 151.442588 7.378034 0.179373
STATIC_OBS_INFO 0 -6.300000 66.182598 7.074764 
STATIC_OBS_INFO 1 -6.300000 65.464501 6.365512 
NO_CANDIDATE
EGO_STATUS -5.250000 59.186186 18.000000 1.570796 0.021571 4.000000 0.000000
FAIL
DYNAMIC_OBS_INFO 0 -5.750000 53.792067 1.570796 488.319285 -5.750000 547.507371 39.436787 1.334240
DYNAMIC_OBS_INFO 1 -1.750000 52.804746 1.570796 93.058788 -1.750000 152.181289 7.395971 0.179373
STATIC_OBS_INFO 0 -6.300000 66.182598 7.072631 
STATIC_OBS_INFO 1 -6.300000 65.464501 6.363385 
TIMEOUT
