STATIC_OBS_INIT_INFO 0 -6.300000 65.292341
STATIC_OBS_INIT_INFO 1 -6.300000 65.616718
Parent: -28.623229 10.000000 101.000000 0.000000 15.150000 17.469519 -10.000000 2.407252 40.000000 0.000000 0 0 0 0 0 0 0 0
Child: 17.469519 24.419620 246.000000 9.424276 267.300000 0.000000 -10.000000 0.000000 0.000000 0.000000 0 0 0 0 0 0 0 0
EGO_STATUS -5.750000 14.589150 0.000000 1.570796 14.298305 4.000000 0.000000
DYNAMIC_OBS_INFO 0 -5.750000 53.777433 1.570796 37.758453 -5.750000 53.777433 6.643504 1.308422
DYNAMIC_OBS_INFO 1 -1.750000 52.454753 1.570796 36.654679 -1.750000 52.454753 4.365034 2.744180
STATIC_OBS_INFO 0 -6.300000 65.292341 49.276430 
STATIC_OBS_INFO 1 -6.300000 65.616718 49.600787 
Parent: -46.826556 10.000000 101.000000 0.000000 15.150000 6.666808 -10.000000 3.006635 48.000000 0.000000 0 0 0 0 0 0 0 0
Child: 6.666808 10.000000 101.000000 0.000000 15.150000 15.166808 -10.000000 0.000000 0.000000 0.000000 0 0 0 0 0 0 0 0
Child: 15.166808 22.989789 231.000000 9.424554 243.450000 0.000000 -10.000000 0.000000 0.000000 0.000000 0 0 0 0 0 0 0 0
EGO_STATUS -5.749993 16.018980 0.100000 1.570774 14.298305 4.000000 0.000000
DYNAMIC_OBS_INFO 0 -5.750000 53.777433 1.570796 36.999515 -5.750000 54.448326 6.774346 1.308422
DYNAMIC_OBS_INFO 1 -1.750000 52.454753 1.570796 35.233713 -1.750000 52.454753 4.365034 2.744180
STATIC_OBS_INFO 0 -6.300000 65.292341 47.846694 
STATIC_OBS_INFO 1 -6.300000 65.616718 48.171049 
Parent: -48.264294 10.000000 101.000000 0.000000 15.150000 4.329070 -10.000000 2.906635 47.000000 0.000000 0 0 0 0 0 0 0 0
Child: 4.329070 10.000000 101.000000 0.000000 15.150000 12.829070 -10.000000 0.000000 0.000000 0.000000 0 0 0 0 0 0 0 0
Child: 12.829070 21.559959 217.000000 9.423552 220.350000 0.000000 -10.000000 0.000000 0.000000 0.000000 0 0 0 0 0 0 0 0
EGO_STATUS -5.749810 17.448811 0.200000 1.570480 14.298305 4.000000 0.000000
DYNAMIC_OBS_INFO 0 -5.750000 53.777433 1.570796 36.253662 -5.750000 55.132302 6.905188 1.308422
DYNAMIC_OBS_INFO 1 -1.750000 52.454753 1.570796 33.813386 -1.750000 52.454753 4.365034 2.744180
STATIC_OBS_INFO 0 -6.300000 65.292341 46.416974 
STATIC_OBS_INFO 1 -6.300000 65.616718 46.741328 
Parent: -49.788256 10.000000 101.000000 0.000000 15.150000 1.905109 -10.000000 2.806635 46.000000 0.000000 0 0 0 0 0 0 0 0
Child: 1.905109 10.000000 101.000000 0.000000 15.150000 10.405109 -10.000000 0.000000 0.000000 0.000000 0 0 0 0 0 0 0 0
Child: 10.405109 20.130128 203.000000 9.423010 196.350000 0.000000 -10.000000 0.000000 0.000000 0.000000 0 0 0 0 0 0 0 0
EGO_STATUS -5.748715 18.878641 0.300000 1.569403 14.298305 4.000000 0.000000
DYNAMIC_OBS_INFO 0 -5.750000 53.777433 1.570796 35.520897 -5.750000 55.829363 7.036030 1.308422
DYNAMIC_OBS_INFO 1 -1.750000 52.454753 1.570796 32.393599 -1.750000 52.454753 4.365034 2.744180
STATIC_OBS_INFO 0 -6.300000 65.292341 44.987296 
STATIC_OBS_INFO 1 -6.300000 65.616718 45.311648 
Parent: -50.218996 10.000000 101.000000 0.000000 15.150000 -0.425631 -10.000000 2.706635 44.000000 0.000000 0 0 0 0 0 0 0 0
Child: -0.425631 10.000000 101.000000 0.000000 15.150000 8.074369 -10.000000 0.000000 0.000000 0.000000 0 0 0 0 0 0 0 0
Child: 8.074369 18.700298 189.000000 9.423867 173.250000 0.000000 -10.000000 0.000000 0.000000 0.000000 0 0 0 0 0 0 0 0
EGO_STATUS -5.745187 20.308467 0.400000 1.566998 14.298305 4.000000 0.000000
DYNAMIC_OBS_INFO 0 -5.750000 53.777433 1.570796 34.801238 -5.750000 56.539508 7.166873 1.308422
DYNAMIC_OBS_INFO 1 -1.750000 52.454753 1.570796 30.974160 -1.750000 52.454753 4.365034 2.744180
STATIC_OBS_INFO 0 -6.300000 65.292341 43.557706 
STATIC_OBS_INFO 1 -6.300000 65.616718 43.882056 
Parent: -51.629251 10.000000 101.000000 0.000000 15.150000 -2.735886 -10.000000 2.606635 43.000000 0.000000 0 0 0 0 0 0 0 0
Child: -2.735886 10.000000 101.000000 0.000000 15.150000 5.764114 -10.000000 0.000000 0.000000 0.000000 0 0 0 0 0 0 0 0
Child: 5.764114 17.270468 174.000000 9.423482 149.400000 0.000000 -10.000000 0.000000 0.000000 0.000000 0 0 0 0 0 0 0 0
EGO_STATUS -5.737030 21.738273 0.500000 1.562890 14.298305 4.000000 0.000000
DYNAMIC_OBS_INFO 0 -5.750000 53.777433 1.570796 34.094730 -5.750000 57.262738 7.297715 1.308422
DYNAMIC_OBS_INFO 1 -1.750000 52.454753 1.570796 29.554819 -1.750000 52.454753 4.365034 2.744180
STATIC_OBS_INFO 0 -6.300000 65.292341 42.128291 
STATIC_OBS_INFO 1 -6.300000 65.616718 42.452637 
Parent: -52.145447 10.000000 101.000000 0.000000 15.150000 -5.152082 -10.000000 2.506635 41.000000 0.000000 0 0 0 0 0 0 0 0
Child: -5.152082 10.000000 101.000000 0.000000 15.150000 3.347918 -10.000000 0.000000 0.000000 0.000000 0 0 0 0 0 0 0 0
Child: 3.347918 15.840638 160.000000 9.422025 125.400000 0.000000 -10.000000 0.000000 0.000000 0.000000 0 0 0 0 0 0 0 0
EGO_STATUS -5.721717 23.168019 0.600000 1.557008 14.298305 4.000000 0.000000
DYNAMIC_OBS_INFO 0 -5.750000 53.777433 1.570796 33.401463 -5.750000 57.999051 7.428557 1.308422
DYNAMIC_OBS_INFO 1 -1.750000 52.454753 1.570796 28.135337 -1.750000 52.454753 4.365034 2.744180
STATIC_OBS_INFO 0 -6.300000 65.292341 40.699179 
STATIC_OBS_INFO 1 -6.300000 65.616718 41.023520 
Parent: -53.536177 10.000000 101.000000 0.000000 15.150000 -7.442812 -10.000000 2.406635 40.000000 0.000000 0 0 0 0 0 0 0 0
Child: -7.442812 10.000000 101.000000 0.000000 15.150000 1.057188 -10.000000 0.000000 0.000000 0.000000 0 0 0 0 0 0 0 0
Child: 1.057188 14.410807 146.000000 9.423522 102.600000 0.000000 -10.000000 0.000000 0.000000 0.000000 0 0 0 0 0 0 0 0
EGO_STATUS -5.696885 24.597631 0.700000 1.549659 14.298305 4.000000 0.000000
DYNAMIC_OBS_INFO 0 -5.750000 53.777433 1.570796 32.721566 -5.750000 58.748449 7.559399 1.308422
DYNAMIC_OBS_INFO 1 -1.750000 52.454753 1.570796 26.715557 -1.750000 52.454753 4.365034 2.744180
STATIC_OBS_INFO 0 -6.300000 65.292341 39.270538 
STATIC_OBS_INFO 1 -6.300000 65.616718 39.594872 
Parent: 268.113487 30.290952 304.000000 14.178873 3032.100000 8.888686 0.000000 3.689647 48.000000 0.000000 0 0 0 0 0 0 0 0
Child: 8.888686 12.980977 131.000000 6.751864 82.950000 0.000000 0.000000 0.000000 0.000000 0.000000 0 0 0 0 0 0 0 0
EGO_STATUS -5.660893 26.027004 0.800000 1.541542 14.298305 4.000000 0.000000
DYNAMIC_OBS_INFO 0 -5.750000 53.777433 1.570796 32.069879 -5.750000 59.510931 7.690241 1.308422
DYNAMIC_OBS_INFO 1 -1.750000 52.454753 1.570796 25.310087 -1.750000 52.454753 4.365034 2.744180
STATIC_OBS_INFO 0 -6.300000 65.292341 37.857218 
STATIC_OBS_INFO 1 -6.300000 65.616718 38.181541 
Parent: 257.123827 30.290952 304.000000 14.178867 3032.100000 -3.000975 0.000000 3.589648 47.000000 0.000000 0 0 0 0 0 0 0 0
Child: -3.000975 11.565856 117.000000 6.752015 64.050000 0.000000 -10.000000 0.000000 0.000000 0.000000 0 0 0 0 0 0 0 0
EGO_STATUS -5.613900 27.441341 0.900000 1.533770 14.004305 3.000000 -2.940000
DYNAMIC_OBS_INFO 0 -5.750000 53.777433 1.570796 31.461147 -5.750000 60.286497 7.821083 1.308422
DYNAMIC_OBS_INFO 1 -1.750000 52.454753 1.570796 23.933713 -1.750000 52.454753 4.365034 2.744180
STATIC_OBS_INFO 0 -6.300000 65.292341 36.473952 
STATIC_OBS_INFO 1 -6.300000 65.616718 36.798262 
Parent: 256.451075 30.290952 304.000000 14.178860 3032.100000 -4.573728 0.000000 3.489650 46.000000 0.000000 0 0 0 0 0 0 0 0
Child: -4.573728 10.180135 103.000000 6.751627 48.150000 0.000000 -10.000000 0.000000 0.000000 0.000000 0 0 0 0 0 0 0 0
EGO_STATUS -5.558093 28.825936 1.000000 1.527597 13.710305 3.000000 -2.940000
DYNAMIC_OBS_INFO 0 -5.750000 53.777433 1.570796 30.895326 -5.750000 61.075148 7.951925 1.308422
DYNAMIC_OBS_INFO 1 -1.750000 52.454753 1.570796 22.586829 -1.750000 52.454753 4.365034 2.744180
STATIC_OBS_INFO 0 -6.300000 65.292341 35.120667 
STATIC_OBS_INFO 1 -6.300000 65.616718 35.444960 
Parent: 256.910278 30.290952 304.000000 14.178847 3032.100000 -6.014527 0.000000 3.389653 44.000000 0.000000 0 0 0 0 0 0 0 0
Child: -6.014527 8.823825 90.000000 6.750462 33.900000 0.000000 -10.000000 0.000000 0.000000 0.000000 0 0 0 0 0 0 0 0
EGO_STATUS -5.496802 30.180860 1.100000 1.524098 13.416305 3.000000 -2.940000
DYNAMIC_OBS_INFO 0 -5.750000 53.777433 1.570796 30.372215 -5.750000 61.876882 8.082768 1.308422
DYNAMIC_OBS_INFO 1 -1.750000 52.454753 1.570796 21.269989 -1.750000 52.454753 4.365034 2.744180
STATIC_OBS_INFO 0 -6.300000 65.292341 33.797120 
STATIC_OBS_INFO 1 -6.300000 65.616718 34.121391 
Parent: 256.857989 30.290952 304.000000 14.178837 3032.100000 -6.966817 0.000000 3.289655 43.000000 0.000000 0 0 0 0 0 0 0 0
Child: -6.966817 7.496911 76.000000 6.748917 24.000000 0.000000 -10.000000 0.000000 0.000000 0.000000 0 0 0 0 0 0 0 0
EGO_STATUS -5.434428 31.506307 1.200000 1.524067 13.122305 3.000000 -2.940000
DYNAMIC_OBS_INFO 0 -5.750000 53.777433 1.570796 29.891532 -5.750000 62.691701 8.213610 1.308422
DYNAMIC_OBS_INFO 1 -1.750000 52.454753 1.570796 20.426844 -1.750000 52.904978 4.639452 2.744180
STATIC_OBS_INFO 0 -6.300000 65.292341 32.502970 
STATIC_OBS_INFO 1 -6.300000 65.616718 32.827217 
Parent: -53.525587 10.000000 101.000000 0.000000 15.150000 -16.286105 -10.000000 3.260518 32.000000 0.000000 0 0 0 0 0 0 0 0
Child: -16.286105 10.000000 101.000000 0.000000 15.150000 -7.786105 -10.000000 0.000000 0.000000 0.000000 0 0 0 0 0 0 0 0
Child: -7.786105 6.199382 63.000000 6.748271 15.750000 0.000000 -10.000000 0.000000 0.000000 0.000000 0 0 0 0 0 0 0 0
EGO_STATUS -5.375853 32.802511 1.300000 1.527855 12.828305 3.000000 -2.940000
DYNAMIC_OBS_INFO 0 -5.750000 53.777433 1.570796 29.453032 -5.750000 63.519604 8.344452 1.308422
DYNAMIC_OBS_INFO 1 -1.750000 52.454753 1.570796 19.641244 -1.750000 53.382644 4.913870 2.744180
STATIC_OBS_INFO 0 -6.300000 65.292341 31.237910 
STATIC_OBS_INFO 1 -6.300000 65.616718 31.562130 
Parent: -52.215421 10.000000 101.000000 0.000000 15.150000 -16.875945 -10.000000 3.160524 30.000000 0.000000 0 0 0 0 0 0 0 0
Child: -16.875945 10.000000 101.000000 0.000000 15.150000 -8.375945 -10.000000 0.000000 0.000000 0.000000 0 0 0 0 0 0 0 0
Child: -8.375945 4.931272 51.000000 6.746236 10.050000 0.000000 -10.000000 0.000000 0.000000 0.000000 0 0 0 0 0 0 0 0
EGO_STATUS -5.325735 34.069628 1.400000 1.535231 12.534305 3.000000 -2.940000
DYNAMIC_OBS_INFO 0 -5.750000 53.777433 1.570796 29.056524 -5.750000 64.360592 8.475294 1.308422
DYNAMIC_OBS_INFO 1 -1.750000 52.454753 1.570796 18.913801 -1.750000 53.887752 5.188287 2.744180
STATIC_OBS_INFO 0 -6.300000 65.292341 30.001679 
STATIC_OBS_INFO 1 -6.300000 65.616718 30.325873 
Parent: 258.522075 20.972423 211.000000 13.937487 2865.150000 6.654434 0.000000 4.699670 39.000000 0.000000 0 0 0 0 0 0 0 0
Child: 6.654434 10.000000 101.000000 20.000000 15.150000 3.174236 0.000000 0.000000 0.000000 0.000000 0 0 0 1 0 0 0 0
Child: 3.174236 3.692565 38.000000 26.965909 5.700000 0.000000 0.000000 0.000000 0.000000 0.000000 0 0 1 0 0 0 0 0
EGO_STATUS -5.287689 35.307745 1.500000 1.545272 12.240305 3.000000 -2.940000
DYNAMIC_OBS_INFO 0 -5.750000 53.777433 1.570796 28.682363 -5.750000 65.214663 8.606136 1.308422
DYNAMIC_OBS_INFO 1 -1.750000 52.454753 1.570796 18.225679 -1.750000 54.420301 5.462705 2.744180
STATIC_OBS_INFO 0 -6.300000 65.292341 28.774594 
STATIC_OBS_INFO 1 -6.300000 65.616718 29.098762 
Parent: 246.226834 32.774154 329.000000 11.900429 2791.950000 0.000000 0.000000 4.914291 38.000000 0.000000 0 0 0 0 0 0 0 0
EGO_STATUS -5.263201 36.536432 1.600000 1.556475 12.338305 2.000000 0.980000
DYNAMIC_OBS_INFO 0 -5.750000 53.777433 1.570796 28.327540 -5.750000 66.081819 8.736978 1.308422
DYNAMIC_OBS_INFO 1 -1.750000 52.454753 1.570796 17.574097 -1.750000 54.980293 5.737123 2.744180
STATIC_OBS_INFO 0 -6.300000 65.292341 27.553621 
STATIC_OBS_INFO 1 -6.300000 65.616718 27.877766 
Parent: 236.829528 31.551884 317.000000 11.900366 2791.350000 0.000000 -10.000000 4.814294 37.000000 0.000000 0 0 0 0 0 0 0 0
EGO_STATUS -5.252016 37.758656 1.700000 1.566365 12.107584 6.000000 -2.307211
DYNAMIC_OBS_INFO 0 -5.750000 53.777433 1.570796 28.008633 -5.750000 66.962059 8.867821 1.308422
DYNAMIC_OBS_INFO 1 -1.750000 52.454753 1.570796 16.974764 -1.750000 55.567726 6.011541 2.744180
STATIC_OBS_INFO 0 -6.300000 65.292341 26.355358 
STATIC_OBS_INFO 1 -6.300000 65.616718 26.679481 
Parent: 237.506152 30.352676 305.000000 11.900361 2789.550000 0.000000 -10.000000 4.714297 36.000000 0.000000 0 0 0 0 0 0 0 0
EGO_STATUS -5.250785 38.957875 1.800000 1.572420 11.876863 6.000000 -2.307209
DYNAMIC_OBS_INFO 0 -5.750000 53.777433 1.570796 27.725818 -5.750000 67.855383 8.998663 1.308422
DYNAMIC_OBS_INFO 1 -1.750000 52.454753 1.570796 16.426618 -1.750000 56.182601 6.285959 2.744180
STATIC_OBS_INFO 0 -6.300000 65.292341 25.180079 
STATIC_OBS_INFO 1 -6.300000 65.616718 25.504179 
Parent: 239.250344 29.176552 293.000000 11.899722 2786.250000 0.000000 -10.000000 4.614301 34.000000 0.000000 0 0 0 0 0 0 0 0
EGO_STATUS -5.253769 40.134006 1.900000 1.573343 11.646142 6.000000 -2.307208
DYNAMIC_OBS_INFO 0 -5.750000 53.777433 1.570796 27.479196 -5.750000 68.761791 9.129505 1.308422
DYNAMIC_OBS_INFO 1 -1.750000 52.454753 1.570796 15.928183 -1.750000 56.824918 6.560377 2.744180
STATIC_OBS_INFO 0 -6.300000 65.292341 24.028033 
STATIC_OBS_INFO 1 -6.300000 65.616718 24.352107 
Parent: 239.950616 28.023504 282.000000 11.899461 2790.000000 0.000000 -10.000000 4.514306 33.000000 0.000000 0 0 0 0 0 0 0 0
EGO_STATUS -5.254575 41.287061 2.000000 1.568727 11.415422 6.000000 -2.307206
DYNAMIC_OBS_INFO 0 -5.750000 53.777433 1.570796 27.268903 -5.750000 69.681284 9.260347 1.308422
DYNAMIC_OBS_INFO 1 -1.750000 52.454753 1.570796 15.477905 -1.750000 57.494676 6.834795 2.744180
STATIC_OBS_INFO 0 -6.300000 65.292341 22.899540 
STATIC_OBS_INFO 1 -6.300000 65.616718 23.223579 
Parent: 239.487185 26.893524 270.000000 11.898528 2769.800000 0.000000 -10.000000 4.414310 32.000000 0.000000 0 0 0 0 0 0 0 0
EGO_STATUS -5.247108 42.417019 2.100000 1.558796 11.184701 6.000000 -2.307204
DYNAMIC_OBS_INFO 0 -5.750000 53.777433 1.570796 27.095187 -5.750000 70.613861 9.391189 1.308422
DYNAMIC_OBS_INFO 1 -1.750000 52.454753 1.570796 15.074414 -1.750000 58.191877 7.109213 2.744180
STATIC_OBS_INFO 0 -6.300000 65.292341 21.795073 
STATIC_OBS_INFO 1 -6.300000 65.616718 22.119061 
Parent: 240.161735 25.786605 259.000000 11.898417 2768.750000 0.000000 -10.000000 4.314312 31.000000 0.000000 0 0 0 0 0 0 0 0
EGO_STATUS -5.226159 43.523738 2.200000 1.544197 10.953981 6.000000 -2.307201
DYNAMIC_OBS_INFO 0 -5.750000 53.777433 1.570796 26.958498 -5.750000 71.559522 9.522031 1.308422
DYNAMIC_OBS_INFO 1 -1.750000 52.454753 1.570796 14.716770 -1.750000 58.916519 7.383631 2.744180
STATIC_OBS_INFO 0 -6.300000 65.292341 20.715336 
STATIC_OBS_INFO 1 -6.300000 65.616718 21.039252 
Parent: 241.842439 24.702762 249.000000 11.898278 2786.550000 0.000000 -10.000000 4.214316 30.000000 0.000000 0 0 0 0 0 0 0 0
EGO_STATUS -5.187702 44.606889 2.300000 1.525834 10.723261 6.000000 -2.307200
DYNAMIC_OBS_INFO 0 -5.750000 53.777433 1.570796 26.859434 -5.750000 72.518267 9.652873 1.308422
DYNAMIC_OBS_INFO 1 -1.750000 52.454753 1.570796 14.404535 -1.750000 59.668603 7.658049 2.744180
STATIC_OBS_INFO 0 -6.300000 65.292341 19.661228 
STATIC_OBS_INFO 1 -6.300000 65.616718 19.985039 
Parent: 452.113826 33.672448 338.000000 14.028377 4883.500000 0.000000 0.000000 3.209179 39.000000 0.000000 0 0 0 0 0 0 0 0
EGO_STATUS -5.129064 45.666011 2.400000 1.504750 10.492541 6.000000 -2.307198
DYNAMIC_OBS_INFO 0 -5.750000 53.777433 1.570796 26.787201 -5.750000 73.490096 9.783716 1.308422
DYNAMIC_OBS_INFO 1 -1.750000 52.454753 1.570796 14.126383 -1.750000 60.448129 7.932467 2.744180
STATIC_OBS_INFO 0 -6.300000 65.292341 18.622383 
STATIC_OBS_INFO 1 -6.300000 65.616718 18.946039 
Parent: 443.365503 32.623174 328.000000 14.027997 4895.000000 0.000000 -10.000000 3.109178 38.000000 0.000000 0 0 0 0 0 0 0 0
EGO_STATUS -5.047904 46.712098 2.500000 1.481766 10.492541 4.000000 0.000000
DYNAMIC_OBS_INFO 0 -5.750000 53.777433 1.570796 26.731252 -5.750000 74.475010 9.914558 1.308422
DYNAMIC_OBS_INFO 1 -1.750000 52.454753 1.570796 13.871391 -1.750000 61.255096 8.206885 2.744180
STATIC_OBS_INFO 0 -6.300000 65.292341 17.588869 
STATIC_OBS_INFO 1 -6.300000 65.616718 17.912295 
Parent: 442.872493 31.573902 317.000000 14.027251 4874.050000 0.000000 -10.000000 3.009176 37.000000 0.000000 0 0 0 0 0 0 0 0
EGO_STATUS -4.942039 47.755972 2.600000 1.457636 10.492541 4.000000 0.000000
DYNAMIC_OBS_INFO 0 -5.750000 53.777433 1.570796 26.692568 -5.750000 75.473008 10.045400 1.308422
DYNAMIC_OBS_INFO 1 -1.750000 52.454753 1.570796 13.640398 -1.750000 62.089506 8.481303 2.744180
STATIC_OBS_INFO 0 -6.300000 65.292341 16.562455 
STATIC_OBS_INFO 1 -6.300000 65.616718 16.885544 
Parent: 443.441671 30.524632 307.000000 14.026891 4879.250000 0.000000 -10.000000 2.909174 36.000000 0.000000 0 0 0 0 0 0 0 0
EGO_STATUS -4.810857 48.796966 2.700000 1.433360 10.492541 4.000000 0.000000
DYNAMIC_OBS_INFO 0 -5.750000 53.777433 1.570796 26.672060 -5.750000 76.484090 10.176242 1.308422
DYNAMIC_OBS_INFO 1 -1.750000 52.454753 1.570796 13.434625 -1.750000 62.951357 8.755721 2.744180
STATIC_OBS_INFO 0 -6.300000 65.292341 15.545119 
STATIC_OBS_INFO 1 -6.300000 65.616718 15.867711 
Parent: 442.123880 29.475365 296.000000 14.026098 4849.600000 0.000000 -10.000000 2.809173 35.000000 0.000000 0 0 0 0 0 0 0 0
EGO_STATUS -4.654803 49.834525 2.800000 1.409932 10.492541 4.000000 0.000000
DYNAMIC_OBS_INFO 0 -5.750000 53.777433 1.570796 26.670438 -5.750000 77.508256 10.307084 1.308422
DYNAMIC_OBS_INFO 1 -1.750000 52.454753 1.570796 13.255543 -1.750000 63.840650 9.030139 2.744180
STATIC_OBS_INFO 0 -6.300000 65.292341 14.538999 
STATIC_OBS_INFO 1 -6.300000 65.616718 14.860867 
Parent: 441.647319 28.426100 286.000000 14.025774 4844.900000 0.000000 -10.000000 2.709172 34.000000 0.000000 0 0 0 0 0 0 0 0
EGO_STATUS -4.475334 50.868296 2.900000 1.388294 10.492541 4.000000 0.000000
DYNAMIC_OBS_INFO 0 -5.750000 53.777433 1.570796 26.688108 -5.750000 78.545507 10.437926 1.308422
DYNAMIC_OBS_INFO 1 -1.750000 52.454753 1.570796 13.104711 -1.750000 64.757385 9.304557 2.744180
STATIC_OBS_INFO 0 -6.300000 65.292341 13.546376 
STATIC_OBS_INFO 1 -6.300000 65.616718 13.867192 
Parent: 439.268782 27.376838 275.000000 14.024947 4804.150000 0.000000 -10.000000 2.609171 33.000000 0.000000 0 0 0 0 0 0 0 0
EGO_STATUS -4.274840 51.898200 3.000000 1.369309 10.492541 4.000000 0.000000
DYNAMIC_OBS_INFO 0 -5.750000 53.777433 1.570796 26.725072 -5.750000 79.595842 10.568769 1.308422
DYNAMIC_OBS_INFO 1 -1.750000 52.454753 1.570796 12.983601 -1.750000 65.701561 9.578975 2.744180
STATIC_OBS_INFO 0 -6.300000 65.292341 12.569694 
STATIC_OBS_INFO 1 -6.300000 65.616718 12.888993 
Parent: 437.502743 26.327577 265.000000 14.024669 4787.150000 0.000000 -10.000000 2.509171 32.000000 0.000000 0 0 0 0 0 0 0 0
EGO_STATUS -4.056521 52.924479 3.100000 1.353729 10.492541 4.000000 0.000000
DYNAMIC_OBS_INFO 0 -5.750000 53.777433 1.570796 26.780892 -5.750000 80.659261 10.699611 1.308422
DYNAMIC_OBS_INFO 1 -1.750000 52.454753 1.570796 12.893427 -1.750000 66.673180 9.853393 2.744180
STATIC_OBS_INFO 0 -6.300000 65.292341 11.611644 
STATIC_OBS_INFO 1 -6.300000 65.616718 11.928762 
Parent: 433.767769 25.278318 254.000000 14.023812 4732.300000 0.000000 -10.000000 2.409170 31.000000 0.000000 0 0 0 0 0 0 0 0
EGO_STATUS -3.824256 53.947696 3.200000 1.342173 10.492541 4.000000 0.000000
DYNAMIC_OBS_INFO 0 -5.750000 53.777433 1.570796 26.854679 -5.750000 81.735764 10.830453 1.308422
DYNAMIC_OBS_INFO 1 -1.750000 52.454753 1.570796 12.835018 -1.750000 67.672240 10.127811 2.744180
STATIC_OBS_INFO 0 -6.300000 65.292341 10.675325 
STATIC_OBS_INFO 1 -6.300000 65.616718 10.989326 
Parent: 430.498385 24.229060 244.000000 14.023578 4700.900000 0.000000 -10.000000 2.309170 30.000000 0.000000 0 0 0 0 0 0 0 0
EGO_STATUS -3.582446 54.968704 3.300000 1.335107 10.492541 4.000000 0.000000
DYNAMIC_OBS_INFO 0 -5.750000 53.777433 1.570796 26.945145 -5.750000 82.825351 10.961295 1.308422
DYNAMIC_OBS_INFO 1 -1.750000 52.454753 1.570796 12.808723 -1.750000 68.698742 10.402229 2.744180
STATIC_OBS_INFO 0 -6.300000 65.292341 9.764542 
STATIC_OBS_INFO 1 -6.300000 65.616718 10.074093 
Parent: 584.230972 20.109224 203.000000 28.035416 3690.050000 250.463992 0.000000 4.452635 39.000000 0.000000 0 0 1 0 0 0 0 0
Child: 250.463992 13.157989 133.000000 11.421877 2520.250000 0.000000 0.000000 0.000000 0.000000 0.000000 0 0 0 0 0 0 0 0
EGO_STATUS -3.335858 55.988571 3.400000 1.332833 10.492541 4.000000 0.000000
DYNAMIC_OBS_INFO 0 -5.750000 53.777433 1.570796 27.064610 -5.750000 83.928023 11.092137 1.308422
DYNAMIC_OBS_INFO 1 -1.750000 52.454753 1.570796 12.829005 -1.750000 69.752686 10.676647 2.744180
STATIC_OBS_INFO 0 -6.300000 65.292341 8.896363 
STATIC_OBS_INFO 1 -6.300000 65.616718 9.199672 
Parent: 558.666600 20.109224 203.000000 28.035396 3690.050000 223.999613 0.000000 4.352645 38.000000 0.000000 0 0 1 0 0 0 0 0
Child: 223.999613 12.123462 123.000000 11.420313 2362.650000 0.000000 -10.000000 0.000000 0.000000 0.000000 0 0 0 0 0 0 0 0
EGO_STATUS -3.092904 56.994160 3.500000 1.335449 10.198541 3.000000 -2.940000
DYNAMIC_OBS_INFO 0 -5.750000 53.777433 1.570796 27.225038 -5.750000 85.043779 11.222979 1.308422
DYNAMIC_OBS_INFO 1 -1.750000 52.454753 1.570796 12.909661 -1.750000 70.834071 10.951065 2.744180
STATIC_OBS_INFO 0 -6.300000 65.292341 8.087224 
STATIC_OBS_INFO 1 -6.300000 65.616718 8.381960 
Parent: 541.138490 20.109224 203.000000 4.099535 3690.050000 207.256815 0.000000 4.938424 37.000000 0.000000 0 0 0 0 0 0 0 0
Child: 207.256815 11.118315 113.000000 11.420113 2196.650000 0.000000 -10.000000 0.000000 0.000000 0.000000 0 0 0 0 0 0 0 0
EGO_STATUS -2.861793 57.972374 3.600000 1.342996 9.904541 3.000000 -2.940000
DYNAMIC_OBS_INFO 0 -5.750000 53.777433 1.570796 27.424566 -5.750000 86.172619 11.353822 1.308422
DYNAMIC_OBS_INFO 1 -1.750000 52.454753 1.570796 13.049603 -1.750000 71.942899 11.225483 2.744180
STATIC_OBS_INFO 0 -6.300000 65.292341 7.341520 
STATIC_OBS_INFO 1 -6.300000 65.616718 7.624599 
Parent: 525.040512 20.109224 203.000000 4.099516 3690.050000 190.258826 0.000000 4.838437 36.000000 0.000000 0 0 0 0 0 0 0 0
Child: 190.258826 10.142587 103.000000 11.418446 2022.250000 0.000000 -10.000000 0.000000 0.000000 0.000000 0 0 0 0 0 0 0 0
EGO_STATUS -2.647026 58.924162 3.700000 1.355614 9.610541 3.000000 -2.940000
DYNAMIC_OBS_INFO 0 -5.750000 53.777433 1.570796 27.661474 -5.750000 87.314543 11.484664 1.308422
DYNAMIC_OBS_INFO 1 -1.750000 52.454753 1.570796 13.247524 -1.750000 73.079168 11.499900 2.744180
STATIC_OBS_INFO 0 -6.300000 65.292341 6.664653 
STATIC_OBS_INFO 1 -6.300000 65.616718 6.932053 
Parent: 508.270487 20.109224 203.000000 10.873625 3690.050000 183.510660 -10.000000 3.145534 35.000000 0.000000 0 0 0 0 0 0 0 0
Child: 183.510660 9.196270 93.000000 13.955825 1841.850000 0.000000 0.000000 0.000000 0.000000 0.000000 0 0 0 0 0 0 0 0
EGO_STATUS -2.452700 59.850294 3.800000 1.373138 9.316541 3.000000 -2.940000
DYNAMIC_OBS_INFO 0 -5.750000 53.777433 1.570796 27.920376 -5.750000 88.469552 11.615506 1.308422
DYNAMIC_OBS_INFO 1 -1.750000 52.454753 1.570796 13.487580 -1.750000 74.242879 11.774318 2.744180
STATIC_OBS_INFO 0 -6.300000 65.292341 6.054289 
STATIC_OBS_INFO 1 -6.300000 65.616718 6.300501 
Parent: 482.000299 20.109224 203.000000 10.873625 3690.050000 156.340472 -10.000000 3.045533 34.000000 0.000000 0 0 0 0 0 0 0 0
Child: 156.340472 8.264612 84.000000 13.954012 1676.700000 0.000000 -10.000000 0.000000 0.000000 0.000000 0 0 0 0 0 0 0 0
EGO_STATUS -2.279561 60.765699 3.900000 1.395296 9.316541 4.000000 0.000000
DYNAMIC_OBS_INFO 0 -5.750000 53.777433 1.570796 28.186205 -5.750000 89.637644 11.746348 1.308422
DYNAMIC_OBS_INFO 1 -1.750000 52.454753 1.570796 13.754214 -1.750000 75.434031 12.048736 2.744180
STATIC_OBS_INFO 0 -6.300000 65.292341 5.514730 
STATIC_OBS_INFO 1 -6.300000 65.616718 5.732166 
Parent: 465.184487 20.109224 203.000000 10.873625 3690.050000 138.624660 -10.000000 2.945533 33.000000 0.000000 0 0 0 0 0 0 0 0
Child: 138.624660 7.332955 75.000000 13.953339 1506.150000 0.000000 -10.000000 0.000000 0.000000 0.000000 0 0 0 0 0 0 0 0
EGO_STATUS -2.128721 61.685032 4.000000 1.421558 9.316541 4.000000 0.000000
DYNAMIC_OBS_INFO 0 -5.750000 53.777433 1.570796 28.458320 -5.750000 90.818821 11.877190 1.308422
DYNAMIC_OBS_INFO 1 -1.750000 52.454753 1.570796 14.046719 -1.750000 76.652626 12.323154 2.744180
STATIC_OBS_INFO 0 -6.300000 65.292341 5.066048 
STATIC_OBS_INFO 1 -6.300000 65.616718 5.245132 
Parent: 448.002833 20.109224 203.000000 10.873625 3690.050000 120.543006 -10.000000 2.845533 32.000000 0.000000 0 0 0 0 0 0 0 0
Child: 120.543006 6.401299 66.000000 13.951563 1332.000000 0.000000 -10.000000 0.000000 0.000000 0.000000 0 0 0 0 0 0 0 0
EGO_STATUS -2.003467 62.608194 4.100000 1.450559 9.316541 4.000000 0.000000
DYNAMIC_OBS_INFO 0 -5.750000 53.777433 1.570796 28.736741 -5.750000 92.013082 12.008032 1.308422
DYNAMIC_OBS_INFO 1 -1.750000 52.454753 1.570796 14.364849 -1.750000 77.898662 12.597572 2.744180
STATIC_OBS_INFO 0 -6.300000 65.292341 4.732898 
STATIC_OBS_INFO 1 -6.300000 65.616718 4.862700 
Parent: 395.740675 25.562536 257.000000 13.757307 4349.550000 0.000000 -10.000000 2.743780 31.000000 0.000000 0 0 0 0 0 0 0 0
EGO_STATUS -1.905587 63.534656 4.200000 1.480402 9.316541 4.000000 0.000000
DYNAMIC_OBS_INFO 0 -5.750000 53.777433 1.570796 29.022117 -5.750000 93.220428 12.138874 1.308422
DYNAMIC_OBS_INFO 1 -1.750000 52.454753 1.570796 14.708791 -1.750000 79.172140 12.871990 2.744180
STATIC_OBS_INFO 0 -6.300000 65.292341 4.541330 
STATIC_OBS_INFO 1 -6.300000 65.616718 4.611567 
Parent: 377.805967 24.630878 248.000000 12.827912 4167.300000 0.000000 -10.000000 2.643779 30.000000 0.000000 0 0 0 0 0 0 0 0
EGO_STATUS -1.834929 64.463594 4.300000 1.508889 9.316541 4.000000 0.000000
DYNAMIC_OBS_INFO 0 -5.750000 53.777433 1.570796 29.315523 -5.750000 94.440857 12.269717 1.308422
DYNAMIC_OBS_INFO 1 -1.750000 52.454753 1.570796 15.079002 -1.750000 80.473060 13.146408 2.744180
STATIC_OBS_INFO 0 -6.300000 65.292341 4.511743 
STATIC_OBS_INFO 1 -6.300000 65.616718 4.516085 
Parent: 322.023803 30.290952 304.000000 9.606311 3030.900000 64.425441 -10.000000 3.638392 39.000000 0.000000 0 0 0 0 0 0 0 0
Child: 64.425441 3.606281 38.000000 10.933635 773.300000 0.000000 -10.000000 0.000000 0.000000 0.000000 0 0 0 0 0 0 0 0
EGO_STATUS -1.789405 65.394109 4.400000 1.534263 9.316541 4.000000 0.000000
DYNAMIC_OBS_INFO 0 -5.750000 53.777433 1.570796 29.618174 -5.750000 95.674371 12.400559 1.308422
DYNAMIC_OBS_INFO 1 -1.750000 52.454753 1.570796 15.475991 -1.750000 81.801422 13.420826 2.744180
STATIC_OBS_INFO 0 -6.300000 65.292341 4.650721 
STATIC_OBS_INFO 1 -6.300000 65.616718 4.589575 
Parent: 303.632667 30.290952 304.000000 9.606311 3030.900000 45.134306 -10.000000 3.538392 38.000000 0.000000 0 0 0 0 0 0 0 0
Child: 45.134306 2.674627 28.000000 7.387200 569.800000 0.000000 -10.000000 0.000000 0.000000 0.000000 0 0 0 0 0 0 0 0
EGO_STATUS -1.765475 66.325439 4.500000 1.554658 9.316541 4.000000 0.000000
DYNAMIC_OBS_INFO 0 -5.750000 53.777433 1.570796 29.931616 -5.750000 96.920969 12.531401 1.308422
DYNAMIC_OBS_INFO 1 -1.750000 52.454753 1.570796 15.900187 -1.750000 83.157226 13.695244 2.744180
STATIC_OBS_INFO 0 -6.300000 65.292341 4.950663 
STATIC_OBS_INFO 1 -6.300000 65.616718 4.831115 
Parent: 285.085045 30.290952 304.000000 9.606311 3030.900000 25.686683 -10.000000 3.438392 37.000000 0.000000 0 0 0 0 0 0 0 0
Child: 25.686683 1.742973 19.000000 2.367451 386.650000 0.000000 -10.000000 0.000000 0.000000 0.000000 0 0 0 0 0 0 0 0
EGO_STATUS -1.755881 67.257040 4.600000 1.564348 9.316541 4.000000 0.000000
DYNAMIC_OBS_INFO 0 -5.750000 53.777433 1.570796 30.257364 -5.750000 98.180651 12.662243 1.308422
DYNAMIC_OBS_INFO 1 -1.750000 52.454753 1.570796 16.351788 -1.750000 84.540471 13.969662 2.744180
STATIC_OBS_INFO 0 -6.300000 65.292341 5.392568 
STATIC_OBS_INFO 1 -6.300000 65.616718 5.225514 
Parent: 266.997398 30.290952 304.000000 9.606311 3030.900000 6.699037 -10.000000 3.338392 36.000000 0.000000 0 0 0 0 0 0 0 0
Child: 6.699037 0.811319 10.000000 2.325776 203.500000 0.000000 -10.000000 0.000000 0.000000 0.000000 0 0 0 0 0 0 0 0
EGO_STATUS -1.751265 68.188682 4.700000 1.567292 9.316541 4.000000 0.000000
DYNAMIC_OBS_INFO 0 -5.750000 53.777433 1.570796 30.595684 -5.750000 99.453417 12.793085 1.308422
DYNAMIC_OBS_INFO 1 -1.750000 52.454753 1.570796 16.830823 -1.750000 85.951158 14.244080 2.744180
STATIC_OBS_INFO 0 -6.300000 65.292341 5.946092 
STATIC_OBS_INFO 1 -6.300000 65.616718 5.742630 
Parent: 258.724679 30.170548 303.000000 9.605849 3008.150000 0.000000 -10.000000 3.238385 35.000000 0.000000 0 0 0 0 0 0 0 0
EGO_STATUS -1.750004 69.120335 4.800000 1.570857 9.316541 4.000000 0.000000
DYNAMIC_OBS_INFO 0 -5.750000 53.777433 1.570796 30.946694 -5.750000 100.739268 12.923927 1.308422
DYNAMIC_OBS_INFO 1 -1.750000 52.454753 1.570796 17.337299 -1.750000 87.389287 14.518498 2.744180
STATIC_OBS_INFO 0 -6.300000 65.292341 6.583604 
STATIC_OBS_INFO 1 -6.300000 65.616718 6.353048 
Parent: 240.687651 29.238898 294.000000 9.605583 2821.400000 0.000000 -10.000000 3.138385 34.000000 0.000000 0 0 0 0 0 0 0 0
EGO_STATUS -1.751418 70.051988 4.900000 1.574723 9.316541 4.000000 0.000000
DYNAMIC_OBS_INFO 0 -5.750000 53.777433 1.570796 31.310000 -5.750000 102.038203 13.054770 1.308422
DYNAMIC_OBS_INFO 1 -1.750000 52.454753 1.570796 17.871252 -1.750000 88.854858 14.792916 2.744180
STATIC_OBS_INFO 0 -6.300000 65.292341 7.280891 
STATIC_OBS_INFO 1 -6.300000 65.616718 7.030246 
Parent: 220.801544 28.307248 285.000000 9.605816 2625.850000 0.000000 -10.000000 3.038386 34.000000 0.000000 0 0 0 0 0 0 0 0
EGO_STATUS -1.758981 70.983608 5.000000 1.583859 9.316541 4.000000 0.000000
DYNAMIC_OBS_INFO 0 -5.750000 53.777433 1.570796 31.685206 -5.750000 103.350222 13.185612 1.308422
DYNAMIC_OBS_INFO 1 -1.750000 52.454753 1.570796 18.432811 -1.750000 90.347870 15.067334 2.744180
STATIC_OBS_INFO 0 -6.300000 65.292341 8.019814 
STATIC_OBS_INFO 1 -6.300000 65.616718 7.754103 
Parent: 203.716144 27.375596 275.000000 9.605675 2439.250000 0.000000 -10.000000 2.938386 33.000000 0.000000 0 0 0 0 0 0 0 0
EGO_STATUS -1.777085 71.915079 5.100000 1.597169 9.316541 4.000000 0.000000
DYNAMIC_OBS_INFO 0 -5.750000 53.777433 1.570796 32.072193 -5.750000 104.675325 13.316454 1.308422
DYNAMIC_OBS_INFO 1 -1.750000 52.454753 1.570796 19.022246 -1.750000 91.868324 15.341752 2.744180
STATIC_OBS_INFO 0 -6.300000 65.292341 8.787959 
STATIC_OBS_INFO 1 -6.300000 65.616718 8.510751 
Parent: 185.811272 26.443944 266.000000 9.605422 2253.400000 0.000000 -10.000000 2.838386 32.000000 0.000000 0 0 0 0 0 0 0 0
EGO_STATUS -1.809133 72.846170 5.200000 1.613635 9.316541 4.000000 0.000000
DYNAMIC_OBS_INFO 0 -5.750000 53.777433 1.570796 32.471104 -5.750000 106.013513 13.447296 1.308422
DYNAMIC_OBS_INFO 1 -1.750000 52.454753 1.570796 19.639967 -1.750000 93.416220 15.616170 2.744180
STATIC_OBS_INFO 0 -6.300000 65.292341 9.576880 
STATIC_OBS_INFO 1 -6.300000 65.616718 9.290731 
Parent: 168.175077 25.512291 257.000000 9.605717 2069.950000 0.000000 -10.000000 2.738386 31.000000 0.000000 0 0 0 0 0 0 0 0
EGO_STATUS -1.857608 73.776549 5.300000 1.632313 9.316541 4.000000 0.000000
DYNAMIC_OBS_INFO 0 -5.750000 53.777433 1.570796 32.882305 -5.750000 107.364785 13.578138 1.308422
DYNAMIC_OBS_INFO 1 -1.750000 52.454753 1.570796 20.286498 -1.750000 94.991558 15.890588 2.744180
STATIC_OBS_INFO 0 -6.300000 65.292341 10.380824 
STATIC_OBS_INFO 1 -6.300000 65.616718 10.087602 
Parent: 150.382269 24.580637 247.000000 9.605633 1876.950000 0.000000 -10.000000 2.638386 30.000000 0.000000 0 0 0 0 0 0 0 0
EGO_STATUS -1.924139 74.705808 5.400000 1.652331 9.316541 4.000000 0.000000
DYNAMIC_OBS_INFO 0 -5.750000 53.777433 1.570796 33.306320 -5.750000 108.729140 13.708980 1.308422
DYNAMIC_OBS_INFO 1 -1.750000 52.454753 1.570796 20.962426 -1.750000 96.594338 16.165006 2.744180
STATIC_OBS_INFO 0 -6.300000 65.292341 11.195882 
STATIC_OBS_INFO 1 -6.300000 65.616718 10.896977 
Parent: 115.639700 10.000000 102.000000 0.000000 15.300000 159.527954 -10.000000 3.611746 39.000000 0.000000 0 0 0 0 0 0 0 0
Child: 159.527954 23.648983 238.000000 9.605212 1696.500000 0.000000 -10.000000 0.000000 0.000000 0.000000 0 0 0 0 0 0 0 0
EGO_STATUS -2.009570 75.633520 5.500000 1.672896 9.316541 4.000000 0.000000
DYNAMIC_OBS_INFO 0 -5.750000 53.777433 1.570796 33.743762 -5.750000 110.106581 13.839822 1.308422
DYNAMIC_OBS_INFO 1 -1.750000 52.454753 1.570796 21.668336 -1.750000 98.224560 16.439424 2.744180
STATIC_OBS_INFO 0 -6.300000 65.292341 12.019413 
STATIC_OBS_INFO 1 -6.300000 65.616718 11.715889 
Parent: 98.687665 10.000000 102.000000 0.000000 15.300000 141.675919 -10.000000 3.511746 38.000000 0.000000 0 0 0 0 0 0 0 0
Child: 141.675919 22.717329 229.000000 9.605541 1519.350000 0.000000 -10.000000 0.000000 0.000000 0.000000 0 0 0 0 0 0 0 0
EGO_STATUS -2.114032 76.559282 5.600000 1.693288 9.316541 4.000000 0.000000
DYNAMIC_OBS_INFO 0 -5.750000 53.777433 1.570796 34.195266 -5.750000 111.497105 13.970665 1.308422
DYNAMIC_OBS_INFO 1 -1.750000 52.454753 1.570796 22.404749 -1.750000 99.882223 16.713842 2.744180
STATIC_OBS_INFO 0 -6.300000 65.292341 12.849683 
STATIC_OBS_INFO 1 -6.300000 65.616718 12.542368 
Parent: 81.526118 10.000000 102.000000 0.000000 15.300000 123.614372 -10.000000 3.411746 37.000000 0.000000 0 0 0 0 0 0 0 0
Child: 123.614372 21.785674 219.000000 9.605479 1333.550000 0.000000 -10.000000 0.000000 0.000000 0.000000 0 0 0 0 0 0 0 0
EGO_STATUS -2.237015 77.482768 5.700000 1.712860 9.316541 4.000000 0.000000
DYNAMIC_OBS_INFO 0 -5.750000 53.777433 1.570796 34.661415 -5.750000 112.900714 14.101507 1.308422
DYNAMIC_OBS_INFO 1 -1.750000 52.454753 1.570796 23.172061 -1.750000 101.567328 16.988260 2.744180
STATIC_OBS_INFO 0 -6.300000 65.292341 13.685606 
STATIC_OBS_INFO 1 -6.300000 65.616718 13.375162 
Parent: 65.257116 10.000000 102.000000 0.000000 15.300000 106.445370 -10.000000 3.311746 36.000000 0.000000 0 0 0 0 0 0 0 0
Child: 106.445370 20.854019 210.000000 9.605019 1163.000000 0.000000 -10.000000 0.000000 0.000000 0.000000 0 0 0 0 0 0 0 0
EGO_STATUS -2.377449 78.403763 5.800000 1.731044 9.316541 4.000000 0.000000
DYNAMIC_OBS_INFO 0 -5.750000 53.777433 1.570796 35.142691 -5.750000 114.317406 14.232349 1.308422
DYNAMIC_OBS_INFO 1 -1.750000 52.454753 1.570796 23.970494 -1.750000 103.279875 17.262678 2.744180
STATIC_OBS_INFO 0 -6.300000 65.292341 14.526575 
STATIC_OBS_INFO 1 -6.300000 65.616718 14.213538 
Parent: 49.388504 10.000000 102.000000 0.000000 15.300000 89.676758 -10.000000 3.211746 35.000000 0.000000 0 0 0 0 0 0 0 0
Child: 89.676758 19.922364 201.000000 9.605153 996.050000 0.000000 -10.000000 0.000000 0.000000 0.000000 0 0 0 0 0 0 0 0
EGO_STATUS -2.533772 79.322198 5.900000 1.747342 9.316541 4.000000 0.000000
DYNAMIC_OBS_INFO 0 -5.750000 53.777433 1.570796 35.639429 -5.750000 115.747183 14.363191 1.308422
DYNAMIC_OBS_INFO 1 -1.750000 52.454753 1.570796 24.800062 -1.750000 105.019863 17.537096 2.744180
STATIC_OBS_INFO 0 -6.300000 65.292341 15.372331 
STATIC_OBS_INFO 1 -6.300000 65.616718 15.057146 
Parent: 33.380918 10.000000 102.000000 0.000000 15.300000 72.769172 -10.000000 3.111746 34.000000 0.000000 0 0 0 0 0 0 0 0
Child: 72.769172 18.990709 191.000000 9.605058 822.850000 0.000000 -10.000000 0.000000 0.000000 0.000000 0 0 0 0 0 0 0 0
EGO_STATUS -2.704014 80.238158 6.000000 1.761335 9.316541 4.000000 0.000000
DYNAMIC_OBS_INFO 0 -5.750000 53.777433 1.570796 36.151792 -5.750000 117.190045 14.494033 1.308422
DYNAMIC_OBS_INFO 1 -1.750000 52.454753 1.570796 25.660559 -1.750000 106.787294 17.811514 2.744180
STATIC_OBS_INFO 0 -6.300000 65.292341 16.222870 
STATIC_OBS_INFO 1 -6.300000 65.616718 15.905904 
Parent: 18.529147 10.000000 102.000000 0.000000 15.300000 57.017401 -10.000000 3.011746 33.000000 0.000000 0 0 0 0 0 0 0 0
Child: 57.017401 18.059054 182.000000 9.604545 665.800000 0.000000 -10.000000 0.000000 0.000000 0.000000 0 0 0 0 0 0 0 0
EGO_STATUS -2.885866 81.151886 6.100000 1.772677 9.316541 4.000000 0.000000
DYNAMIC_OBS_INFO 0 -5.750000 53.777433 1.570796 36.679761 -5.750000 118.645990 14.624875 1.308422
DYNAMIC_OBS_INFO 1 -1.750000 52.454753 1.570796 26.551562 -1.750000 108.582166 18.085931 2.744180
STATIC_OBS_INFO 0 -6.300000 65.292341 17.078357 
STATIC_OBS_INFO 1 -6.300000 65.616718 16.759921 
Parent: 4.175531 10.000000 102.000000 0.000000 15.300000 41.763785 -10.000000 2.911746 32.000000 0.000000 0 0 0 0 0 0 0 0
Child: 41.763785 17.127398 173.000000 9.604363 513.250000 0.000000 -10.000000 0.000000 0.000000 0.000000 0 0 0 0 0 0 0 0
EGO_STATUS -3.076752 82.063773 6.200000 1.781097 9.316541 4.000000 0.000000
DYNAMIC_OBS_INFO 0 -5.750000 53.777433 1.570796 37.223139 -5.750000 120.115020 14.755718 1.308422
DYNAMIC_OBS_INFO 1 -1.750000 52.454753 1.570796 27.472450 -1.750000 110.404480 18.360349 2.744180
STATIC_OBS_INFO 0 -6.300000 65.292341 17.939063 
STATIC_OBS_INFO 1 -6.300000 65.616718 17.619420 
Parent: -11.307037 10.000000 102.000000 0.000000 15.300000 26.381218 -10.000000 2.811745 32.000000 0.000000 0 0 0 0 0 0 0 0
Child: 26.381218 16.195742 163.000000 9.604163 356.550000 0.000000 -10.000000 0.000000 0.000000 0.000000 0 0 0 0 0 0 0 0
EGO_STATUS -3.273897 82.974328 6.300000 1.786397 9.316541 4.000000 0.000000
DYNAMIC_OBS_INFO 0 -5.750000 53.777433 1.570796 37.781574 -5.750000 121.597133 14.886560 1.308422
DYNAMIC_OBS_INFO 1 -1.750000 52.454753 1.570796 28.422442 -1.750000 112.254236 18.634767 2.744180
STATIC_OBS_INFO 0 -6.300000 65.292341 18.805305 
STATIC_OBS_INFO 1 -6.300000 65.616718 18.484675 
Parent: -21.542693 10.000000 102.000000 0.000000 15.300000 15.245562 -10.000000 2.711745 31.000000 0.000000 0 0 0 0 0 0 0 0
Child: 15.245562 15.264086 154.000000 9.603518 245.100000 0.000000 -10.000000 0.000000 0.000000 0.000000 0 0 0 0 0 0 0 0
EGO_STATUS -3.474395 83.884152 6.400000 1.788458 9.316541 4.000000 0.000000
DYNAMIC_OBS_INFO 0 -5.750000 53.777433 1.570796 38.354594 -5.750000 123.092332 15.017402 1.308422
DYNAMIC_OBS_INFO 1 -1.750000 52.454753 1.570796 29.400645 -1.750000 114.131434 18.909185 2.744180
STATIC_OBS_INFO 0 -6.300000 65.292341 19.677392 
STATIC_OBS_INFO 1 -6.300000 65.616718 19.355962 
Parent: -25.264092 10.000000 102.000000 0.000000 15.300000 10.624163 -10.000000 2.611745 30.000000 0.000000 0 0 0 0 0 0 0 0
Child: 10.624163 14.332430 145.000000 9.602931 199.050000 0.000000 -10.000000 0.000000 0.000000 0.000000 0 0 0 0 0 0 0 0
EGO_STATUS -3.675270 84.793893 6.500000 1.787232 9.316541 4.000000 0.000000
DYNAMIC_OBS_INFO 0 -5.750000 53.777433 1.570796 38.941645 -5.750000 124.600614 15.148244 1.308422
DYNAMIC_OBS_INFO 1 -1.750000 52.454753 1.570796 30.406112 -1.750000 116.036073 19.183603 2.744180
STATIC_OBS_INFO 0 -6.300000 65.292341 20.555581 
STATIC_OBS_INFO 1 -6.300000 65.616718 20.233509 
Parent: -45.742505 10.000000 101.000000 0.000000 15.150000 -1.827610 -10.000000 3.585104 39.000000 0.000000 0 0 0 0 0 0 0 0
Child: -1.827610 10.000000 102.000000 0.000000 15.300000 6.672390 -10.000000 0.000000 0.000000 0.000000 0 0 0 0 0 0 0 0
Child: 6.672390 13.400774 136.000000 9.602545 159.600000 0.000000 -10.000000 0.000000 0.000000 0.000000 0 0 0 0 0 0 0 0
EGO_STATUS -3.873538 85.704205 6.600000 1.782747 9.316541 4.000000 0.000000
DYNAMIC_OBS_INFO 0 -5.750000 53.777433 1.570796 39.542140 -5.750000 126.121980 15.279086 1.308422
DYNAMIC_OBS_INFO 1 -1.750000 52.454753 1.570796 31.437895 -1.750000 117.968154 19.458021 2.744180
STATIC_OBS_INFO 0 -6.300000 65.292341 21.440041 
STATIC_OBS_INFO 1 -6.300000 65.616718 21.117457 
Parent: -48.244024 10.000000 101.000000 0.000000 15.150000 -5.229128 -10.000000 3.485104 38.000000 0.000000 0 0 0 0 0 0 0 0
Child: -5.229128 10.000000 102.000000 0.000000 15.300000 3.270872 -10.000000 0.000000 0.000000 0.000000 0 0 0 0 0 0 0 0
Child: 3.270872 12.469118 126.000000 9.601697 124.500000 0.000000 -10.000000 0.000000 0.000000 0.000000 0 0 0 0 0 0 0 0
EGO_STATUS -4.066269 86.615704 6.700000 1.775107 9.316541 4.000000 0.000000
DYNAMIC_OBS_INFO 0 -5.750000 53.777433 1.570796 40.155507 -5.750000 127.656431 15.409928 1.308422
DYNAMIC_OBS_INFO 1 -1.750000 52.454753 1.570796 32.495113 -1.750000 119.927677 19.732439 2.744180
STATIC_OBS_INFO 0 -6.300000 65.292341 22.330820 
STATIC_OBS_INFO 1 -6.300000 65.616718 22.007833 
Parent: -50.305071 10.000000 101.000000 0.000000 15.150000 -8.190175 -10.000000 3.385104 37.000000 0.000000 0 0 0 0 0 0 0 0
Child: -8.190175 10.000000 102.000000 0.000000 15.300000 0.309825 -10.000000 0.000000 0.000000 0.000000 0 0 0 0 0 0 0 0
Child: 0.309825 11.537461 117.000000 9.600694 94.950000 0.000000 -10.000000 0.000000 0.000000 0.000000 0 0 0 0 0 0 0 0
EGO_STATUS -4.250650 87.528926 6.800000 1.764488 9.316541 4.000000 0.000000
DYNAMIC_OBS_INFO 0 -5.750000 53.777433 1.570796 40.781234 -5.750000 129.203966 15.540771 1.308422
DYNAMIC_OBS_INFO 1 -1.750000 52.454753 1.570796 33.576998 -1.750000 121.914642 20.006857 2.744180
STATIC_OBS_INFO 0 -6.300000 65.292341 23.227830 
STATIC_OBS_INFO 1 -6.300000 65.616718 22.904528 
Parent: -51.789987 10.000000 101.000000 0.000000 15.150000 -10.575091 -10.000000 3.285104 36.000000 0.000000 0 0 0 0 0 0 0 0
Child: -10.575091 10.000000 102.000000 0.000000 15.300000 -2.075091 -10.000000 0.000000 0.000000 0.000000 0 0 0 0 0 0 0 0
Child: -2.075091 10.605805 108.000000 9.600162 71.100000 0.000000 -10.000000 0.000000 0.000000 0.000000 0 0 0 0 0 0 0 0
EGO_STATUS -4.424052 88.444293 6.900000 1.751144 9.316541 4.000000 0.000000
DYNAMIC_OBS_INFO 0 -5.750000 53.777433 1.570796 41.418910 -5.750000 130.764585 15.671613 1.308422
DYNAMIC_OBS_INFO 1 -1.750000 52.454753 1.570796 34.682947 -1.750000 123.929049 20.281275 2.744180
STATIC_OBS_INFO 0 -6.300000 65.292341 24.130833 
STATIC_OBS_INFO 1 -6.300000 65.616718 23.807288 
Parent: -52.803177 10.000000 101.000000 0.000000 15.150000 -12.488281 -10.000000 3.185103 35.000000 0.000000 0 0 0 0 0 0 0 0
Child: -12.488281 10.000000 102.000000 0.000000 15.300000 -3.988281 -10.000000 0.000000 0.000000 0.000000 0 0 0 0 0 0 0 0
Child: -3.988281 9.674149 98.000000 9.599260 51.300000 0.000000 -10.000000 0.000000 0.000000 0.000000 0 0 0 0 0 0 0 0
EGO_STATUS -4.584092 89.362088 7.000000 1.735401 9.316541 4.000000 0.000000
DYNAMIC_OBS_INFO 0 -5.750000 53.777433 1.570796 42.068250 -5.750000 132.338289 15.802455 1.308422
DYNAMIC_OBS_INFO 1 -1.750000 52.454753 1.570796 35.812552 -1.750000 125.970897 20.555693 2.744180
STATIC_OBS_INFO 0 -6.300000 65.292341 25.039446 
STATIC_OBS_INFO 1 -6.300000 65.616718 24.715717 
Parent: -53.450506 10.000000 101.000000 0.000000 15.150000 -14.035609 -10.000000 3.085103 34.000000 0.000000 0 0 0 0 0 0 0 0
Child: -14.035609 10.000000 102.000000 0.000000 15.300000 -5.535609 -10.000000 0.000000 0.000000 0.000000 0 0 0 0 0 0 0 0
Child: -5.535609 8.742493 89.000000 9.598225 35.850000 0.000000 -10.000000 0.000000 0.000000 0.000000 0 0 0 0 0 0 0 0
EGO_STATUS -4.728710 90.282437 7.100000 1.717662 9.316541 4.000000 0.000000
DYNAMIC_OBS_INFO 0 -5.750000 53.777433 1.570796 42.729118 -5.750000 133.925076 15.933297 1.308422
DYNAMIC_OBS_INFO 1 -1.750000 52.454753 1.570796 36.965621 -1.750000 128.040187 20.830111 2.744180
STATIC_OBS_INFO 0 -6.300000 65.292341 25.953155 
STATIC_OBS_INFO 1 -6.300000 65.616718 25.629287 
Parent: -53.675957 10.000000 101.000000 0.000000 15.150000 -15.161061 -10.000000 2.985103 33.000000 0.000000 0 0 0 0 0 0 0 0
Child: -15.161061 10.000000 102.000000 0.000000 15.300000 -6.661061 -10.000000 0.000000 0.000000 0.000000 0 0 0 0 0 0 0 0
Child: -6.661061 7.810837 80.000000 9.598019 24.600000 0.000000 -10.000000 0.000000 0.000000 0.000000 0 0 0 0 0 0 0 0
EGO_STATUS -4.856237 91.205307 7.200000 1.698402 9.316541 4.000000 0.000000
DYNAMIC_OBS_INFO 0 -5.750000 53.777433 1.570796 43.401521 -5.750000 135.524948 16.064139 1.308422
DYNAMIC_OBS_INFO 1 -1.750000 52.454753 1.570796 38.142178 -1.750000 130.136919 21.104529 2.744180
STATIC_OBS_INFO 0 -6.300000 65.292341 26.871337 
STATIC_OBS_INFO 1 -6.300000 65.616718 26.547365 
Parent: -53.579667 10.000000 101.000000 0.000000 15.150000 -15.964770 -10.000000 2.885103 32.000000 0.000000 0 0 0 0 0 0 0 0
Child: -15.964770 10.000000 102.000000 0.000000 15.300000 -7.464770 -10.000000 0.000000 0.000000 0.000000 0 0 0 0 0 0 0 0
Child: -7.464770 6.879182 70.000000 9.597563 16.200000 0.000000 -10.000000 0.000000 0.000000 0.000000 0 0 0 0 0 0 0 0
EGO_STATUS -4.965472 92.130518 7.300000 1.678172 9.316541 4.000000 0.000000
DYNAMIC_OBS_INFO 0 -5.750000 53.777433 1.570796 44.085601 -5.750000 137.137904 16.194981 1.308422
DYNAMIC_OBS_INFO 1 -1.750000 52.454753 1.570796 39.342453 -1.750000 132.261093 21.378947 2.744180
STATIC_OBS_INFO 0 -6.300000 65.292341 27.793294 
STATIC_OBS_INFO 1 -6.300000 65.616718 27.469246 
Parent: -53.215320 10.000000 101.000000 0.000000 15.150000 -16.500423 -10.000000 2.785103 31.000000 0.000000 0 0 0 0 0 0 0 0
Child: -16.500423 10.000000 102.000000 0.000000 15.300000 -8.000423 -10.000000 0.000000 0.000000 0.000000 0 0 0 0 0 0 0 0
Child: -8.000423 5.947527 61.000000 9.558392 10.950000 0.000000 -10.000000 0.000000 0.000000 0.000000 0 0 0 0 0 0 0 0
EGO_STATUS -5.055758 93.057770 7.400000 1.657599 9.316541 4.000000 0.000000
DYNAMIC_OBS_INFO 0 -5.750000 53.777433 1.570796 44.781602 -5.750000 138.763944 16.325823 1.308422
DYNAMIC_OBS_INFO 1 -1.750000 52.454753 1.570796 40.566842 -1.750000 134.412709 21.653365 2.744180
STATIC_OBS_INFO 0 -6.300000 65.292341 28.718298 
STATIC_OBS_INFO 1 -6.300000 65.616718 28.394195 
Parent: -53.673293 10.000000 101.000000 0.000000 15.150000 -16.858396 -10.000000 2.685103 31.000000 0.000000 0 0 0 0 0 0 0 0
Child: -16.858396 10.000000 102.000000 0.000000 15.300000 -8.358396 -10.000000 0.000000 0.000000 0.000000 0 0 0 0 0 0 0 0
Child: -8.358396 5.015872 52.000000 9.218661 7.800000 0.000000 -10.000000 0.000000 0.000000 0.000000 0 0 0 0 0 0 0 0
EGO_STATUS -5.127060 93.986675 7.500000 1.637381 9.316541 4.000000 0.000000
DYNAMIC_OBS_INFO 0 -5.750000 53.777433 1.570796 45.489832 -5.750000 140.403069 16.456666 1.308422
DYNAMIC_OBS_INFO 1 -1.750000 52.454753 1.570796 41.815874 -1.750000 136.591766 21.927783 2.744180
STATIC_OBS_INFO 0 -6.300000 65.292341 29.645630 
STATIC_OBS_INFO 1 -6.300000 65.616718 29.321487 
Parent: -52.975584 10.000000 101.000000 0.000000 15.150000 -17.060687 -10.000000 2.585103 30.000000 0.000000 0 0 0 0 0 0 0 0
Child: -17.060687 10.000000 102.000000 0.000000 15.300000 -8.560687 -10.000000 0.000000 0.000000 0.000000 0 0 0 0 0 0 0 0
Child: -8.560687 4.084218 42.000000 8.501159 6.300000 0.000000 -10.000000 0.000000 0.000000 0.000000 0 0 0 0 0 0 0 0
EGO_STATUS -5.180032 94.916808 7.600000 1.618292 9.316541 4.000000 0.000000
DYNAMIC_OBS_INFO 0 -5.750000 53.777433 1.570796 46.210610 -5.750000 142.055277 16.587508 1.308422
DYNAMIC_OBS_INFO 1 -1.750000 52.454753 1.570796 43.090143 -1.750000 138.798265 22.202201 2.744180
STATIC_OBS_INFO 0 -6.300000 65.292341 30.574630 
STATIC_OBS_INFO 1 -6.300000 65.616718 30.250459 
Parent: -69.764436 10.000000 102.000000 0.000000 15.300000 -25.822899 -10.000000 3.558463 39.000000 0.000000 0 0 0 0 0 0 0 0
Child: -25.822899 10.000000 101.000000 0.000000 15.150000 -17.322899 -10.000000 0.000000 0.000000 0.000000 0 0 0 0 0 0 0 0
Child: -17.322899 10.000000 102.000000 0.000000 15.300000 -8.822899 -10.000000 0.000000 0.000000 0.000000 0 0 0 0 0 0 0 0
Child: -8.822899 3.152564 33.000000 7.371506 4.950000 0.000000 -10.000000 0.000000 0.000000 0.000000 0 0 0 0 0 0 0 0
EGO_STATUS -5.216095 95.847752 7.700000 1.601181 9.316541 4.000000 0.000000
DYNAMIC_OBS_INFO 0 -5.750000 53.777433 1.570796 46.944216 -5.750000 143.720570 16.718350 1.308422
DYNAMIC_OBS_INFO 1 -1.750000 52.454753 1.570796 44.390264 -1.750000 141.032206 22.476619 2.744180
STATIC_OBS_INFO 0 -6.300000 65.292341 31.504732 
STATIC_OBS_INFO 1 -6.300000 65.616718 31.180542 
Parent: -69.172086 10.000000 102.000000 0.000000 15.300000 -26.130549 -10.000000 3.458463 38.000000 0.000000 0 0 0 0 0 0 0 0
Child: -26.130549 10.000000 101.000000 0.000000 15.150000 -17.630549 -10.000000 0.000000 0.000000 0.000000 0 0 0 0 0 0 0 0
Child: -17.630549 10.000000 102.000000 0.000000 15.300000 -9.130549 -10.000000 0.000000 0.000000 0.000000 0 0 0 0 0 0 0 0
Child: -9.130549 2.220910 24.000000 5.795619 3.600000 0.000000 -10.000000 0.000000 0.000000 0.000000 0 0 0 0 0 0 0 0
EGO_STATUS -5.237505 96.779152 7.800000 1.586970 9.316541 4.000000 0.000000
DYNAMIC_OBS_INFO 0 -5.750000 53.777433 1.570796 47.690847 -5.750000 145.398947 16.849192 1.308422
DYNAMIC_OBS_INFO 1 -1.750000 52.454753 1.570796 45.716816 -1.750000 143.293589 22.751037 2.744180
STATIC_OBS_INFO 0 -6.300000 65.292341 32.435491 
STATIC_OBS_INFO 1 -6.300000 65.616718 32.111287 
Parent: -68.603726 10.000000 102.000000 0.000000 15.300000 -26.462188 -10.000000 3.358463 37.000000 0.000000 0 0 0 0 0 0 0 0
Child: -26.462188 10.000000 101.000000 0.000000 15.150000 -17.962188 -10.000000 0.000000 0.000000 0.000000 0 0 0 0 0 0 0 0
Child: -17.962188 10.000000 102.000000 0.000000 15.300000 -9.462188 -10.000000 0.000000 0.000000 0.000000 0 0 0 0 0 0 0 0
Child: -9.462188 1.289256 14.000000 3.740084 2.100000 0.000000 -10.000000 0.000000 0.000000 0.000000 0 0 0 0 0 0 0 0
EGO_STATUS -5.247416 97.710749 7.900000 1.576651 9.316541 4.000000 0.000000
DYNAMIC_OBS_INFO 0 -5.750000 53.777433 1.570796 48.450591 -5.750000 147.090409 16.980034 1.308422
DYNAMIC_OBS_INFO 1 -1.750000 52.454753 1.570796 47.070316 -1.750000 145.582414 23.025455 2.744180
STATIC_OBS_INFO 0 -6.300000 65.292341 33.366584 
STATIC_OBS_INFO 1 -6.300000 65.616718 33.042370 
Parent: -68.104674 10.000000 102.000000 0.000000 15.300000 -26.863136 -10.000000 3.258463 36.000000 0.000000 0 0 0 0 0 0 0 0
Child: -26.863136 10.000000 101.000000 0.000000 15.150000 -18.363136 -10.000000 0.000000 0.000000 0.000000 0 0 0 0 0 0 0 0
Child: -18.363136 10.000000 102.000000 0.000000 15.300000 -9.863136 -10.000000 0.000000 0.000000 0.000000 0 0 0 0 0 0 0 0
Child: -9.863136 0.357602 5.000000 1.163634 0.750000 0.000000 -10.000000 0.000000 0.000000 0.000000 0 0 0 0 0 0 0 0
EGO_STATUS -5.249944 98.642398 8.000000 1.571292 9.316541 4.000000 0.000000
DYNAMIC_OBS_INFO 0 -5.750000 53.777433 1.570796 49.223441 -5.750000 148.794954 17.110876 1.308422
DYNAMIC_OBS_INFO 1 -1.750000 52.454753 1.570796 48.451209 -1.750000 147.898680 23.299873 2.744180
STATIC_OBS_INFO 0 -6.300000 65.292341 34.297788 
STATIC_OBS_INFO 1 -6.300000 65.616718 33.973565 
Parent: -57.427645 10.000000 102.000000 0.000000 15.300000 -17.086108 -10.000000 3.158463 35.000000 0.000000 0 0 0 0 0 0 0 0
Child: -17.086108 10.000000 101.000000 0.000000 15.150000 -8.586108 -10.000000 0.000000 0.000000 0.000000 0 0 0 0 0 0 0 0
Child: -8.586108 9.425948 96.000000 0.000000 14.400000 0.000000 -10.000000 0.000000 0.000000 0.000000 0 0 0 0 0 0 0 0
EGO_STATUS -5.250000 99.574052 8.100000 1.570796 9.316541 4.000000 0.000000
DYNAMIC_OBS_INFO 0 -5.750000 53.777433 1.570796 50.009377 -5.750000 150.512584 17.241719 1.308422
DYNAMIC_OBS_INFO 1 -1.750000 52.454753 1.570796 49.859678 -1.750000 150.242388 23.574291 2.744180
STATIC_OBS_INFO 0 -6.300000 65.292341 35.229017 
STATIC_OBS_INFO 1 -6.300000 65.616718 34.904785 
Parent: -56.667393 10.000000 102.000000 0.000000 15.300000 -17.225856 -10.000000 3.058463 34.000000 0.000000 0 0 0 0 0 0 0 0
Child: -17.225856 10.000000 101.000000 0.000000 15.150000 -8.725856 -10.000000 0.000000 0.000000 0.000000 0 0 0 0 0 0 0 0
Child: -8.725856 8.494293 86.000000 0.000000 12.900000 0.000000 -10.000000 0.000000 0.000000 0.000000 0 0 0 0 0 0 0 0
EGO_STATUS -5.250000 100.505707 8.200000 1.570796 9.316541 4.000000 0.000000
DYNAMIC_OBS_INFO 0 -5.750000 53.777433 1.570796 50.808398 -5.750000 152.243298 17.372561 1.308422
DYNAMIC_OBS_INFO 1 -1.750000 52.454753 1.570796 51.295722 -1.750000 152.613538 23.848709 2.744180
STATIC_OBS_INFO 0 -6.300000 65.292341 36.160268 
STATIC_OBS_INFO 1 -6.300000 65.616718 35.836029 
Parent: -55.907142 10.000000 102.000000 0.000000 15.300000 -17.365604 -10.000000 2.958463 33.000000 0.000000 0 0 0 0 0 0 0 0
Child: -17.365604 10.000000 101.000000 0.000000 15.150000 -8.865604 -10.000000 0.000000 0.000000 0.000000 0 0 0 0 0 0 0 0
Child: -8.865604 7.562639 77.000000 0.000000 11.550000 0.000000 -10.000000 0.000000 0.000000 0.000000 0 0 0 0 0 0 0 0
EGO_STATUS -5.250000 101.437361 8.300000 1.570796 9.316541 4.000000 0.000000
DYNAMIC_OBS_INFO 0 -5.750000 53.777433 1.570796 51.620503 -5.750000 153.987096 17.503403 1.308422
DYNAMIC_OBS_INFO 1 -1.750000 52.454753 1.570796 52.759336 -1.750000 155.012130 24.123127 2.744180
STATIC_OBS_INFO 0 -6.300000 65.292341 37.091539 
STATIC_OBS_INFO 1 -6.300000 65.616718 36.767293 
Parent: -55.146890 10.000000 102.000000 0.000000 15.300000 -17.505352 -10.000000 2.858463 32.000000 0.000000 0 0 0 0 0 0 0 0
Child: -17.505352 10.000000 101.000000 0.000000 15.150000 -9.005352 -10.000000 0.000000 0.000000 0.000000 0 0 0 0 0 0 0 0
Child: -9.005352 6.630985 68.000000 0.000000 10.200000 0.000000 -10.000000 0.000000 0.000000 0.000000 0 0 0 0 0 0 0 0
EGO_STATUS -5.250000 102.369015 8.400000 1.570796 9.316541 4.000000 0.000000
DYNAMIC_OBS_INFO 0 -5.750000 53.777433 1.570796 52.445693 -5.750000 155.743979 17.634245 1.308422
DYNAMIC_OBS_INFO 1 -1.750000 52.454753 1.570796 54.250514 -1.750000 157.438163 24.397544 2.744180
STATIC_OBS_INFO 0 -6.300000 65.292341 38.022829 
STATIC_OBS_INFO 1 -6.300000 65.616718 37.698577 
Parent: -54.386638 10.000000 102.000000 0.000000 15.300000 -17.645100 -10.000000 2.758463 31.000000 0.000000 0 0 0 0 0 0 0 0
Child: -17.645100 10.000000 101.000000 0.000000 15.150000 -9.145100 -10.000000 0.000000 0.000000 0.000000 0 0 0 0 0 0 0 0
Child: -9.145100 5.699331 58.000000 0.000000 8.700000 0.000000 -10.000000 0.000000 0.000000 0.000000 0 0 0 0 0 0 0 0
EGO_STATUS -5.250000 103.300669 8.500000 1.570796 9.316541 4.000000 0.000000
DYNAMIC_OBS_INFO 0 -5.750000 53.777433 1.570796 53.283968 -5.750000 157.513945 17.765087 1.308422
DYNAMIC_OBS_INFO 1 -1.750000 52.454753 1.570796 55.769251 -1.750000 159.891639 24.671962 2.744180
STATIC_OBS_INFO 0 -6.300000 65.292341 38.954136 
STATIC_OBS_INFO 1 -6.300000 65.616718 38.629878 
Parent: -53.626386 10.000000 102.000000 0.000000 15.300000 -17.784848 -10.000000 2.658463 30.000000 0.000000 0 0 0 0 0 0 0 0
Child: -17.784848 10.000000 101.000000 0.000000 15.150000 -9.284848 -10.000000 0.000000 0.000000 0.000000 0 0 0 0 0 0 0 0
Child: -9.284848 4.767677 49.000000 0.000000 7.350000 0.000000 -10.000000 0.000000 0.000000 0.000000 0 0 0 0 0 0 0 0
EGO_STATUS -5.250000 104.232323 8.600000 1.570796 9.316541 4.000000 0.000000
DYNAMIC_OBS_INFO 0 -5.750000 53.777433 1.570796 54.135328 -5.750000 159.296996 17.895929 1.308422
DYNAMIC_OBS_INFO 1 -1.750000 52.454753 1.570796 57.315543 -1.750000 162.372556 24.946380 2.744180
STATIC_OBS_INFO 0 -6.300000 65.292341 39.885460 
STATIC_OBS_INFO 1 -6.300000 65.616718 39.561196 
Parent: -70.292774 10.000000 101.000000 0.000000 15.150000 -26.424597 -10.000000 3.631822 39.000000 0.000000 0 0 0 0 0 0 0 0
Child: -26.424597 10.000000 102.000000 0.000000 15.300000 -17.924597 -10.000000 0.000000 0.000000 0.000000 0 0 0 0 0 0 0 0
Child: -17.924597 10.000000 101.000000 0.000000 15.150000 -9.424597 -10.000000 0.000000 0.000000 0.000000 0 0 0 0 0 0 0 0
Child: -9.424597 3.836023 40.000000 0.000000 6.000000 0.000000 -10.000000 0.000000 0.000000 0.000000 0 0 0 0 0 0 0 0
EGO_STATUS -5.250000 105.163977 8.700000 1.570796 9.316541 4.000000 0.000000
DYNAMIC_OBS_INFO 0 -5.750000 53.777433 1.570796 54.999772 -5.750000 161.093131 18.026772 1.308422
DYNAMIC_OBS_INFO 1 -1.750000 52.454753 1.570796 58.889384 -1.750000 164.880915 25.220798 2.744180
STATIC_OBS_INFO 0 -6.300000 65.292341 40.816798 
STATIC_OBS_INFO 1 -6.300000 65.616718 40.492530 
Parent: -69.532522 10.000000 101.000000 0.000000 15.150000 -26.564345 -10.000000 3.531822 38.000000 0.000000 0 0 0 0 0 0 0 0
Child: -26.564345 10.000000 102.000000 0.000000 15.300000 -18.064345 -10.000000 0.000000 0.000000 0.000000 0 0 0 0 0 0 0 0
Child: -18.064345 10.000000 101.000000 0.000000 15.150000 -9.564345 -10.000000 0.000000 0.000000 0.000000 0 0 0 0 0 0 0 0
Child: -9.564345 2.904369 31.000000 0.000000 4.650000 0.000000 -10.000000 0.000000 0.000000 0.000000 0 0 0 0 0 0 0 0
EGO_STATUS -5.250000 106.095631 8.800000 1.570796 9.316541 4.000000 0.000000
DYNAMIC_OBS_INFO 0 -5.750000 53.777433 1.570796 55.877302 -5.750000 162.902350 18.157614 1.308422
DYNAMIC_OBS_INFO 1 -1.750000 52.454753 1.570796 60.490770 -1.750000 167.416716 25.495216 2.744180
STATIC_OBS_INFO 0 -6.300000 65.292341 41.748151 
STATIC_OBS_INFO 1 -6.300000 65.616718 41.423878 
Parent: -68.772271 10.000000 101.000000 0.000000 15.150000 -26.704093 -10.000000 3.431822 37.000000 0.000000 0 0 0 0 0 0 0 0
Child: -26.704093 10.000000 102.000000 0.000000 15.300000 -18.204093 -10.000000 0.000000 0.000000 0.000000 0 0 0 0 0 0 0 0
Child: -18.204093 10.000000 101.000000 0.000000 15.150000 -9.704093 -10.000000 0.000000 0.000000 0.000000 0 0 0 0 0 0 0 0
Child: -9.704093 1.972714 21.000000 0.000000 3.150000 0.000000 -10.000000 0.000000 0.000000 0.000000 0 0 0 0 0 0 0 0
EGO_STATUS -5.250000 107.027286 8.900000 1.570796 9.316541 4.000000 0.000000
DYNAMIC_OBS_INFO 0 -5.750000 53.777433 1.570796 56.767916 -5.750000 164.724654 18.288456 1.308422
DYNAMIC_OBS_INFO 1 -1.750000 52.454753 1.570796 62.119697 -1.750000 169.979958 25.769634 2.744180
STATIC_OBS_INFO 0 -6.300000 65.292341 42.679517 
STATIC_OBS_INFO 1 -6.300000 65.616718 42.355239 
Parent: -69.012019 10.000000 101.000000 0.000000 15.150000 -26.843841 -10.000000 3.331822 37.000000 0.000000 0 0 0 0 0 0 0 0
Child: -26.843841 10.000000 102.000000 0.000000 15.300000 -18.343841 -10.000000 0.000000 0.000000 0.000000 0 0 0 0 0 0 0 0
Child: -18.343841 10.000000 101.000000 0.000000 15.150000 -9.843841 -10.000000 0.000000 0.000000 0.000000 0 0 0 0 0 0 0 0
Child: -9.843841 1.041060 12.000000 0.000000 1.800000 0.000000 -10.000000 0.000000 0.000000 0.000000 0 0 0 0 0 0 0 0
EGO_STATUS -5.250000 107.958940 9.000000 1.570796 9.316541 4.000000 0.000000
DYNAMIC_OBS_INFO 0 -5.750000 53.777433 1.570796 57.671615 -5.750000 166.560041 18.419298 1.308422
DYNAMIC_OBS_INFO 1 -1.750000 52.454753 1.570796 63.776160 -1.750000 172.570642 26.044052 2.744180
STATIC_OBS_INFO 0 -6.300000 65.292341 43.610895 
STATIC_OBS_INFO 1 -6.300000 65.616718 43.286613 
Parent: -68.251767 10.000000 101.000000 0.000000 15.150000 -26.983589 -10.000000 3.231822 36.000000 0.000000 0 0 0 0 0 0 0 0
Child: -26.983589 10.000000 102.000000 0.000000 15.300000 -18.483589 -10.000000 0.000000 0.000000 0.000000 0 0 0 0 0 0 0 0
Child: -18.483589 10.000000 101.000000 0.000000 15.150000 -9.983589 -10.000000 0.000000 0.000000 0.000000 0 0 0 0 0 0 0 0
Child: -9.983589 0.109406 3.000000 0.000000 0.450000 0.000000 -10.000000 0.000000 0.000000 0.000000 0 0 0 0 0 0 0 0
EGO_STATUS -5.250000 108.890594 9.100000 1.570796 9.316541 4.000000 0.000000
DYNAMIC_OBS_INFO 0 -5.750000 53.777433 1.570796 58.588399 -5.750000 168.408513 18.550140 1.308422
DYNAMIC_OBS_INFO 1 -1.750000 52.454753 1.570796 65.460156 -1.750000 175.188769 26.318470 2.744180
STATIC_OBS_INFO 0 -6.300000 65.292341 44.542285 
STATIC_OBS_INFO 1 -6.300000 65.616718 44.217999 
Parent: -57.491515 10.000000 101.000000 0.000000 15.150000 -17.123337 -10.000000 3.131822 35.000000 0.000000 0 0 0 0 0 0 0 0
Child: -17.123337 10.000000 102.000000 0.000000 15.300000 -8.623337 -10.000000 0.000000 0.000000 0.000000 0 0 0 0 0 0 0 0
Child: -8.623337 9.177752 93.000000 0.000000 13.950000 0.000000 -10.000000 0.000000 0.000000 0.000000 0 0 0 0 0 0 0 0
EGO_STATUS -5.250000 109.822248 9.200000 1.570796 9.316541 4.000000 0.000000
DYNAMIC_OBS_INFO 0 -5.750000 53.777433 1.570796 59.518268 -5.750000 170.270069 18.680982 1.308422
DYNAMIC_OBS_INFO 1 -1.750000 52.454753 1.570796 67.171680 -1.750000 177.834336 26.592888 2.744180
STATIC_OBS_INFO 0 -6.300000 65.292341 45.473685 
STATIC_OBS_INFO 1 -6.300000 65.616718 45.149396 
Parent: -56.731263 10.000000 101.000000 0.000000 15.150000 -17.263085 -10.000000 3.031822 34.000000 0.000000 0 0 0 0 0 0 0 0
Child: -17.263085 10.000000 102.000000 0.000000 15.300000 -8.763085 -10.000000 0.000000 0.000000 0.000000 0 0 0 0 0 0 0 0
Child: -8.763085 8.246098 84.000000 0.000000 12.600000 0.000000 -10.000000 0.000000 0.000000 0.000000 0 0 0 0 0 0 0 0
EGO_STATUS -5.250000 110.753902 9.300000 1.570796 9.316541 4.000000 0.000000
DYNAMIC_OBS_INFO 0 -5.750000 53.777433 1.570796 60.461221 -5.750000 172.144710 18.811824 1.308422
DYNAMIC_OBS_INFO 1 -1.750000 52.454753 1.570796 68.910730 -1.750000 180.507346 26.867306 2.744180
STATIC_OBS_INFO 0 -6.300000 65.292341 46.405096 
STATIC_OBS_INFO 1 -6.300000 65.616718 46.080803 
Parent: -55.971011 10.000000 101.000000 0.000000 15.150000 -17.402833 -10.000000 2.931822 33.000000 0.000000 0 0 0 0 0 0 0 0
Child: -17.402833 10.000000 102.000000 0.000000 15.300000 -8.902833 -10.000000 0.000000 0.000000 0.000000 0 0 0 0 0 0 0 0
Child: -8.902833 7.314444 75.000000 0.000000 11.250000 0.000000 -10.000000 0.000000 0.000000 0.000000 0 0 0 0 0 0 0 0
EGO_STATUS -5.250000 111.685556 9.400000 1.570796 9.316541 4.000000 0.000000
DYNAMIC_OBS_INFO 0 -5.750000 53.777433 1.570796 61.417259 -5.750000 174.032434 18.942667 1.308422
DYNAMIC_OBS_INFO 1 -1.750000 52.454753 1.570796 70.677302 -1.750000 183.207798 27.141724 2.744180
STATIC_OBS_INFO 0 -6.300000 65.292341 47.336516 
STATIC_OBS_INFO 1 -6.300000 65.616718 47.012220 
Parent: -55.210759 10.000000 101.000000 0.000000 15.150000 -17.542582 -10.000000 2.831822 32.000000 0.000000 0 0 0 0 0 0 0 0
Child: -17.542582 10.000000 102.000000 0.000000 15.300000 -9.042582 -10.000000 0.000000 0.000000 0.000000 0 0 0 0 0 0 0 0
Child: -9.042582 6.382790 65.000000 0.000000 9.750000 0.000000 -10.000000 0.000000 0.000000 0.000000 0 0 0 0 0 0 0 0
EGO_STATUS -5.250000 112.617210 9.500000 1.570796 9.316541 4.000000 0.000000
DYNAMIC_OBS_INFO 0 -5.750000 53.777433 1.570796 62.386382 -5.750000 175.933243 19.073509 1.308422
DYNAMIC_OBS_INFO 1 -1.750000 52.454753 1.570796 72.471392 -1.750000 185.935691 27.416142 2.744180
STATIC_OBS_INFO 0 -6.300000 65.292341 48.267946 
STATIC_OBS_INFO 1 -6.300000 65.616718 47.943646 
Parent: -54.450507 10.000000 101.000000 0.000000 15.150000 -17.682330 -10.000000 2.731822 31.000000 0.000000 0 0 0 0 0 0 0 0
Child: -17.682330 10.000000 102.000000 0.000000 15.300000 -9.182330 -10.000000 0.000000 0.000000 0.000000 0 0 0 0 0 0 0 0
Child: -9.182330 5.451135 56.000000 0.000000 8.400000 0.000000 -10.000000 0.000000 0.000000 0.000000 0 0 0 0 0 0 0 0
EGO_STATUS -5.250000 113.548865 9.600000 1.570796 9.316541 4.000000 0.000000
DYNAMIC_OBS_INFO 0 -5.750000 53.777433 1.570796 63.368590 -5.750000 177.847136 19.204351 1.308422
DYNAMIC_OBS_INFO 1 -1.750000 52.454753 1.570796 74.292997 -1.750000 188.691026 27.690560 2.744180
STATIC_OBS_INFO 0 -6.300000 65.292341 49.199384 
STATIC_OBS_INFO 1 -6.300000 65.616718 48.875081 
Parent: -53.690256 10.000000 101.000000 0.000000 15.150000 -17.822078 -10.000000 2.631822 30.000000 0.000000 0 0 0 0 0 0 0 0
Child: -17.822078 10.000000 102.000000 0.000000 15.300000 -9.322078 -10.000000 0.000000 0.000000 0.000000 0 0 0 0 0 0 0 0
Child: -9.322078 4.519481 47.000000 0.000000 7.050000 0.000000 -10.000000 0.000000 0.000000 0.000000 0 0 0 0 0 0 0 0
EGO_STATUS -5.250000 114.480519 9.700000 1.570796 9.316541 4.000000 0.000000
DYNAMIC_OBS_INFO 0 -5.750000 53.777433 1.570796 64.363882 -5.750000 179.774113 19.335193 1.308422
DYNAMIC_OBS_INFO 1 -1.750000 52.454753 1.570796 76.142114 -1.750000 191.473803 27.964978 2.744180
STATIC_OBS_INFO 0 -6.300000 65.292341 50.130830 
STATIC_OBS_INFO 1 -6.300000 65.616718 49.806524 
Parent: -70.356644 10.000000 102.000000 0.000000 15.300000 -26.461826 -10.000000 3.605182 39.000000 0.000000 0 0 0 0 0 0 0 0
Child: -26.461826 10.000000 101.000000 0.000000 15.150000 -17.961826 -10.000000 0.000000 0.000000 0.000000 0 0 0 0 0 0 0 0
Child: -17.961826 10.000000 102.000000 0.000000 15.300000 -9.461826 -10.000000 0.000000 0.000000 0.000000 0 0 0 0 0 0 0 0
Child: -9.461826 3.587827 37.000000 0.000000 5.550000 0.000000 -10.000000 0.000000 0.000000 0.000000 0 0 0 0 0 0 0 0
EGO_STATUS -5.250000 115.412173 9.800000 1.570796 9.316541 4.000000 0.000000
DYNAMIC_OBS_INFO 0 -5.750000 53.777433 1.570796 65.372260 -5.750000 181.714175 19.466035 1.308422
DYNAMIC_OBS_INFO 1 -1.750000 52.454753 1.570796 78.018741 -1.750000 194.284022 28.239396 2.744180
STATIC_OBS_INFO 0 -6.300000 65.292341 51.062283 
STATIC_OBS_INFO 1 -6.300000 65.616718 50.737975 
Parent: -69.596392 10.000000 102.000000 0.000000 15.300000 -26.601574 -10.000000 3.505182 38.000000 0.000000 0 0 0 0 0 0 0 0
Child: -26.601574 10.000000 101.000000 0.000000 15.150000 -18.101574 -10.000000 0.000000 0.000000 0.000000 0 0 0 0 0 0 0 0
Child: -18.101574 10.000000 102.000000 0.000000 15.300000 -9.601574 -10.000000 0.000000 0.000000 0.000000 0 0 0 0 0 0 0 0
Child: -9.601574 2.656173 28.000000 0.000000 4.200000 0.000000 -10.000000 0.000000 0.000000 0.000000 0 0 0 0 0 0 0 0
EGO_STATUS -5.250000 116.343827 9.900000 1.570796 9.316541 4.000000 0.000000
DYNAMIC_OBS_INFO 0 -5.750000 53.777433 1.570796 66.393722 -5.750000 183.667320 19.596877 1.308422
DYNAMIC_OBS_INFO 1 -1.750000 52.454753 1.570796 79.922874 -1.750000 197.121682 28.513814 2.744180
STATIC_OBS_INFO 0 -6.300000 65.292341 51.993744 
STATIC_OBS_INFO 1 -6.300000 65.616718 51.669433 
Parent: -68.836140 10.000000 102.000000 0.000000 15.300000 -26.741322 -10.000000 3.405182 37.000000 0.000000 0 0 0 0 0 0 0 0
Child: -26.741322 10.000000 101.000000 0.000000 15.150000 -18.241322 -10.000000 0.000000 0.000000 0.000000 0 0 0 0 0 0 0 0
Child: -18.241322 10.000000 102.000000 0.000000 15.300000 -9.741322 -10.000000 0.000000 0.000000 0.000000 0 0 0 0 0 0 0 0
Child: -9.741322 1.724519 19.000000 0.000000 2.850000 0.000000 -10.000000 0.000000 0.000000 0.000000 0 0 0 0 0 0 0 0
EGO_STATUS -5.250000 117.275481 10.000000 1.570796 9.316541 4.000000 0.000000
DYNAMIC_OBS_INFO 0 -5.750000 53.777433 1.570796 67.428269 -5.750000 185.633550 19.727720 1.308422
DYNAMIC_OBS_INFO 1 -1.750000 52.454753 1.570796 81.854511 -1.750000 199.986784 28.788232 2.744180
STATIC_OBS_INFO 0 -6.300000 65.292341 52.925211 
STATIC_OBS_INFO 1 -6.300000 65.616718 52.600899 
Parent: -68.075888 10.000000 102.000000 0.000000 15.300000 -26.881070 -10.000000 3.305182 36.000000 0.000000 0 0 0 0 0 0 0 0
Child: -26.881070 10.000000 101.000000 0.000000 15.150000 -18.381070 -10.000000 0.000000 0.000000 0.000000 0 0 0 0 0 0 0 0
Child: -18.381070 10.000000 102.000000 0.000000 15.300000 -9.881070 -10.000000 0.000000 0.000000 0.000000 0 0 0 0 0 0 0 0
Child: -9.881070 0.792865 9.000000 0.000000 1.350000 0.000000 -10.000000 0.000000 0.000000 0.000000 0 0 0 0 0 0 0 0
EGO_STATUS -5.250000 118.207135 10.100000 1.570796 9.316541 4.000000 0.000000
DYNAMIC_OBS_INFO 0 -5.750000 53.777433 1.570796 68.475900 -5.750000 187.612864 19.858562 1.308422
DYNAMIC_OBS_INFO 1 -1.750000 52.454753 1.570796 83.813650 -1.750000 202.879328 29.062650 2.744180
STATIC_OBS_INFO 0 -6.300000 65.292341 53.856685 
STATIC_OBS_INFO 1 -6.300000 65.616718 53.532370 
Parent: -57.315636 10.000000 102.000000 0.000000 15.300000 -17.020818 -10.000000 3.205182 35.000000 0.000000 0 0 0 0 0 0 0 0
Child: -17.020818 10.000000 101.000000 0.000000 15.150000 -8.520818 -10.000000 0.000000 0.000000 0.000000 0 0 0 0 0 0 0 0
Child: -8.520818 9.861210 100.000000 0.000000 15.000000 0.000000 -10.000000 0.000000 0.000000 0.000000 0 0 0 0 0 0 0 0
EGO_STATUS -5.250000 119.138790 10.200000 1.570796 9.316541 4.000000 0.000000
DONE
FINISHED
