STATIC_OBS_INIT_INFO 0 -6.300000 65.290072
STATIC_OBS_INIT_INFO 1 -6.300000 65.483052
Parent: -28.624138 10.000000 101.000000 0.000000 15.150000 17.471009 -10.000000 2.404853 40.000000 0.000000 0 0 0 0 0 0 0 0
Child: 17.471009 24.419277 246.000000 9.443172 267.300000 0.000000 -10.000000 0.000000 0.000000 0.000000 0 0 0 0 0 0 0 0
EGO_STATUS -5.750000 14.589493 0.000000 1.570796 14.312422 4.000000 0.000000
DYNAMIC_OBS_INFO 0 -5.750000 54.368106 1.570796 38.347371 -5.750000 54.368106 6.991682 0.619488
DYNAMIC_OBS_INFO 1 -1.750000 52.316814 1.570796 36.515822 -1.750000 52.316814 4.364904 0.206578
STATIC_OBS_INFO 0 -6.300000 65.290072 49.272407 
STATIC_OBS_INFO 1 -6.300000 65.483052 49.465374 
Parent: -46.829688 10.000000 101.000000 0.000000 15.150000 6.666765 -10.000000 3.003547 48.000000 0.000000 0 0 0 0 0 0 0 0
Child: 6.666765 10.000000 101.000000 0.000000 15.150000 15.166765 -10.000000 0.000000 0.000000 0.000000 0 0 0 0 0 0 0 0
Child: 15.166765 22.988034 231.000000 9.443424 243.450000 0.000000 -10.000000 0.000000 0.000000 0.000000 0 0 0 0 0 0 0 0
EGO_STATUS -5.749993 16.020735 0.100000 1.570774 14.312422 4.000000 0.000000
DYNAMIC_OBS_INFO 0 -5.750000 54.368106 1.570796 37.618394 -5.750000 55.070372 7.053630 0.619488
DYNAMIC_OBS_INFO 1 -1.750000 52.316814 1.570796 35.093522 -1.750000 52.316814 4.364904 0.206578
STATIC_OBS_INFO 0 -6.300000 65.290072 47.841258 
STATIC_OBS_INFO 1 -6.300000 65.483052 48.034225 
Parent: -48.298679 10.000000 101.000000 0.000000 15.150000 4.297774 -10.000000 2.903547 47.000000 0.000000 0 0 0 0 0 0 0 0
Child: 4.297774 10.000000 101.000000 0.000000 15.150000 12.797774 -10.000000 0.000000 0.000000 0.000000 0 0 0 0 0 0 0 0
Child: 12.797774 21.556792 217.000000 9.442267 220.050000 0.000000 -10.000000 0.000000 0.000000 0.000000 0 0 0 0 0 0 0 0
EGO_STATUS -5.749809 17.451978 0.200000 1.570479 14.312422 4.000000 0.000000
DYNAMIC_OBS_INFO 0 -5.750000 54.368106 1.570796 36.895613 -5.750000 55.778833 7.115579 0.619488
DYNAMIC_OBS_INFO 1 -1.750000 52.316814 1.570796 33.671871 -1.750000 52.316814 4.364904 0.206578
STATIC_OBS_INFO 0 -6.300000 65.290072 46.410127 
STATIC_OBS_INFO 1 -6.300000 65.483052 46.603093 
Parent: -49.794091 10.000000 101.000000 0.000000 15.150000 1.902362 -10.000000 2.803547 46.000000 0.000000 0 0 0 0 0 0 0 0
Child: 1.902362 10.000000 101.000000 0.000000 15.150000 10.402362 -10.000000 0.000000 0.000000 0.000000 0 0 0 0 0 0 0 0
Child: 10.402362 20.125550 203.000000 9.442112 196.350000 0.000000 -10.000000 0.000000 0.000000 0.000000 0 0 0 0 0 0 0 0
EGO_STATUS -5.748708 18.883219 0.300000 1.569398 14.312422 4.000000 0.000000
DYNAMIC_OBS_INFO 0 -5.750000 54.368106 1.570796 36.179031 -5.750000 56.493488 7.177528 0.619488
DYNAMIC_OBS_INFO 1 -1.750000 52.316814 1.570796 32.250771 -1.750000 52.316814 4.364904 0.206578
STATIC_OBS_INFO 0 -6.300000 65.290072 44.979038 
STATIC_OBS_INFO 1 -6.300000 65.483052 45.172002 
Parent: -50.174631 10.000000 101.000000 0.000000 15.150000 -0.378178 -10.000000 2.703547 44.000000 0.000000 0 0 0 0 0 0 0 0
Child: -0.378178 10.000000 101.000000 0.000000 15.150000 8.121822 -10.000000 0.000000 0.000000 0.000000 0 0 0 0 0 0 0 0
Child: 8.121822 18.694308 188.000000 9.442775 172.800000 0.000000 -10.000000 0.000000 0.000000 0.000000 0 0 0 0 0 0 0 0
EGO_STATUS -5.745164 20.314457 0.400000 1.566985 14.312422 4.000000 0.000000
DYNAMIC_OBS_INFO 0 -5.750000 54.368106 1.570796 35.468666 -5.750000 57.214338 7.239477 0.619488
DYNAMIC_OBS_INFO 1 -1.750000 52.316814 1.570796 30.830026 -1.750000 52.316814 4.364904 0.206578
STATIC_OBS_INFO 0 -6.300000 65.290072 43.548037 
STATIC_OBS_INFO 1 -6.300000 65.483052 43.741001 
Parent: -51.637251 10.000000 101.000000 0.000000 15.150000 -2.740799 -10.000000 2.603547 43.000000 0.000000 0 0 0 0 0 0 0 0
Child: -2.740799 10.000000 101.000000 0.000000 15.150000 5.759201 -10.000000 0.000000 0.000000 0.000000 0 0 0 0 0 0 0 0
Child: 5.759201 17.263066 174.000000 9.442065 149.400000 0.000000 -10.000000 0.000000 0.000000 0.000000 0 0 0 0 0 0 0 0
EGO_STATUS -5.736973 21.745674 0.500000 1.562865 14.312422 4.000000 0.000000
DYNAMIC_OBS_INFO 0 -5.750000 54.368106 1.570796 34.764563 -5.750000 57.941383 7.301426 0.619488
DYNAMIC_OBS_INFO 1 -1.750000 52.316814 1.570796 29.409389 -1.750000 52.316814 4.364904 0.206578
STATIC_OBS_INFO 0 -6.300000 65.290072 42.117212 
STATIC_OBS_INFO 1 -6.300000 65.483052 42.310173 
Parent: -52.154040 10.000000 101.000000 0.000000 15.150000 -5.157587 -10.000000 2.503547 41.000000 0.000000 0 0 0 0 0 0 0 0
Child: -5.157587 10.000000 101.000000 0.000000 15.150000 3.342413 -10.000000 0.000000 0.000000 0.000000 0 0 0 0 0 0 0 0
Child: 3.342413 15.831824 160.000000 9.441446 125.400000 0.000000 -10.000000 0.000000 0.000000 0.000000 0 0 0 0 0 0 0 0
EGO_STATUS -5.721598 23.176832 0.600000 1.556967 14.312422 4.000000 0.000000
DYNAMIC_OBS_INFO 0 -5.750000 54.368106 1.570796 34.066811 -5.750000 58.674623 7.363374 0.619488
DYNAMIC_OBS_INFO 1 -1.750000 52.316814 1.570796 27.988617 -1.750000 52.316814 4.364904 0.206578
STATIC_OBS_INFO 0 -6.300000 65.290072 40.686692 
STATIC_OBS_INFO 1 -6.300000 65.483052 40.879650 
Parent: -53.545231 10.000000 101.000000 0.000000 15.150000 -7.448778 -10.000000 2.403547 40.000000 0.000000 0 0 0 0 0 0 0 0
Child: -7.448778 10.000000 101.000000 0.000000 15.150000 1.051222 -10.000000 0.000000 0.000000 0.000000 0 0 0 0 0 0 0 0
Child: 1.051222 14.400582 146.000000 9.442585 102.600000 0.000000 -10.000000 0.000000 0.000000 0.000000 0 0 0 0 0 0 0 0
EGO_STATUS -5.696672 24.607854 0.700000 1.549603 14.312422 4.000000 0.000000
DYNAMIC_OBS_INFO 0 -5.750000 54.368106 1.570796 33.375542 -5.750000 59.414058 7.425323 0.619488
DYNAMIC_OBS_INFO 1 -1.750000 52.316814 1.570796 26.567557 -1.750000 52.316814 4.364904 0.206578
STATIC_OBS_INFO 0 -6.300000 65.290072 39.256644 
STATIC_OBS_INFO 1 -6.300000 65.483052 39.449598 
Parent: 268.105695 30.290952 304.000000 14.231146 3032.100000 8.882893 0.000000 3.682439 48.000000 0.000000 0 0 0 0 0 0 0 0
Child: 8.882893 12.969340 131.000000 6.773839 82.950000 0.000000 0.000000 0.000000 0.000000 0.000000 0 0 0 0 0 0 0 0
EGO_STATUS -5.660556 26.038636 0.800000 1.541476 14.312422 4.000000 0.000000
DYNAMIC_OBS_INFO 0 -5.750000 54.368106 1.570796 32.705593 -5.750000 60.159688 7.487272 0.619488
DYNAMIC_OBS_INFO 1 -1.750000 52.316814 1.570796 25.160816 -1.750000 52.316814 4.364904 0.206578
STATIC_OBS_INFO 0 -6.300000 65.290072 37.841921 
STATIC_OBS_INFO 1 -6.300000 65.483052 38.034869 
Parent: 257.116085 30.290952 304.000000 14.231140 3032.100000 -3.006718 0.000000 3.582440 47.000000 0.000000 0 0 0 0 0 0 0 0
Child: -3.006718 11.552808 117.000000 6.773822 64.050000 0.000000 -10.000000 0.000000 0.000000 0.000000 0 0 0 0 0 0 0 0
EGO_STATUS -5.613421 27.454380 0.900000 1.533704 14.018422 3.000000 -2.940000
DYNAMIC_OBS_INFO 0 -5.750000 54.368106 1.570796 32.071708 -5.750000 60.911512 7.549221 0.619488
DYNAMIC_OBS_INFO 1 -1.750000 52.316814 1.570796 23.783181 -1.750000 52.316814 4.364904 0.206578
STATIC_OBS_INFO 0 -6.300000 65.290072 36.457252 
STATIC_OBS_INFO 1 -6.300000 65.483052 36.650191 
Parent: 256.443540 30.290952 304.000000 14.231134 3032.100000 -4.579264 0.000000 3.482442 46.000000 0.000000 0 0 0 0 0 0 0 0
Child: -4.579264 10.165675 103.000000 6.773634 48.150000 0.000000 -10.000000 0.000000 0.000000 0.000000 0 0 0 0 0 0 0 0
EGO_STATUS -5.557473 28.840383 1.000000 1.527544 13.724422 3.000000 -2.940000
DYNAMIC_OBS_INFO 0 -5.750000 54.368106 1.570796 31.473842 -5.750000 61.669532 7.611170 0.619488
DYNAMIC_OBS_INFO 1 -1.750000 52.316814 1.570796 22.435057 -1.750000 52.316814 4.364904 0.206578
STATIC_OBS_INFO 0 -6.300000 65.290072 35.102565 
STATIC_OBS_INFO 1 -6.300000 65.483052 35.295494 
Parent: 256.903184 30.290952 304.000000 14.231121 3032.100000 -6.019621 0.000000 3.382445 44.000000 0.000000 0 0 0 0 0 0 0 0
Child: -6.019621 8.807952 90.000000 6.771665 33.900000 0.000000 -10.000000 0.000000 0.000000 0.000000 0 0 0 0 0 0 0 0
EGO_STATUS -5.496065 30.196715 1.100000 1.524075 13.430422 3.000000 -2.940000
DYNAMIC_OBS_INFO 0 -5.750000 54.368106 1.570796 30.911794 -5.750000 62.433746 7.673118 0.619488
DYNAMIC_OBS_INFO 1 -1.750000 52.316814 1.570796 21.117008 -1.750000 52.316814 4.364904 0.206578
STATIC_OBS_INFO 0 -6.300000 65.290072 33.777614 
STATIC_OBS_INFO 1 -6.300000 65.483052 33.970530 
Parent: 256.851188 30.290952 304.000000 14.231110 3032.100000 -6.971619 0.000000 3.282447 43.000000 0.000000 0 0 0 0 0 0 0 0
Child: -6.971619 7.479627 76.000000 6.771184 24.000000 0.000000 -10.000000 0.000000 0.000000 0.000000 0 0 0 0 0 0 0 0
EGO_STATUS -5.433625 31.523571 1.200000 1.524092 13.136422 3.000000 -2.940000
DYNAMIC_OBS_INFO 0 -5.750000 54.368106 1.570796 30.385279 -5.750000 63.204156 7.735067 0.619488
DYNAMIC_OBS_INFO 1 -1.750000 52.316814 1.570796 19.829785 -1.750000 52.316814 4.364904 0.206578
STATIC_OBS_INFO 0 -6.300000 65.290072 32.482053 
STATIC_OBS_INFO 1 -6.300000 65.483052 32.674955 
Parent: -53.549761 10.000000 101.000000 0.000000 15.150000 -16.290578 -10.000000 3.240818 32.000000 0.000000 0 0 0 0 0 0 0 0
Child: -16.290578 10.000000 101.000000 0.000000 15.150000 -7.790578 -10.000000 0.000000 0.000000 0.000000 0 0 0 0 0 0 0 0
Child: -7.790578 6.180686 63.000000 6.770733 15.750000 0.000000 -10.000000 0.000000 0.000000 0.000000 0 0 0 0 0 0 0 0
EGO_STATUS -5.375055 32.821191 1.300000 1.527937 12.842422 3.000000 -2.940000
DYNAMIC_OBS_INFO 0 -5.750000 54.368106 1.570796 29.894057 -5.750000 63.980760 7.797016 0.619488
DYNAMIC_OBS_INFO 1 -1.750000 52.316814 1.570796 18.574381 -1.750000 52.316814 4.364904 0.206578
STATIC_OBS_INFO 0 -6.300000 65.290072 31.215578 
STATIC_OBS_INFO 1 -6.300000 65.483052 31.408464 
Parent: -52.239698 10.000000 101.000000 0.000000 15.150000 -16.880521 -10.000000 3.140823 30.000000 0.000000 0 0 0 0 0 0 0 0
Child: -16.880521 10.000000 101.000000 0.000000 15.150000 -8.380521 -10.000000 0.000000 0.000000 0.000000 0 0 0 0 0 0 0 0
Child: -8.380521 4.911163 51.000000 6.767484 10.050000 0.000000 -10.000000 0.000000 0.000000 0.000000 0 0 0 0 0 0 0 0
EGO_STATUS -5.325023 34.089724 1.400000 1.535374 12.548422 3.000000 -2.940000
DYNAMIC_OBS_INFO 0 -5.750000 54.368106 1.570796 29.437940 -5.750000 64.763559 7.858965 0.619488
DYNAMIC_OBS_INFO 1 -1.750000 52.316814 1.570796 17.351900 -1.750000 52.316814 4.364904 0.206578
STATIC_OBS_INFO 0 -6.300000 65.290072 29.977929 
STATIC_OBS_INFO 1 -6.300000 65.483052 30.170799 
Parent: 258.498685 20.972423 211.000000 14.044716 2865.150000 6.637249 0.000000 4.682807 39.000000 0.000000 0 0 0 0 0 0 0 0
Child: 6.637249 10.000000 101.000000 20.000000 15.150000 3.157051 0.000000 0.000000 0.000000 0.000000 0 0 0 1 0 0 0 0
Child: 3.157051 3.671045 38.000000 26.979510 5.700000 0.000000 0.000000 0.000000 0.000000 0.000000 0 0 1 0 0 0 0 0
EGO_STATUS -5.287142 35.329258 1.500000 1.545463 12.254422 3.000000 -2.940000
DYNAMIC_OBS_INFO 0 -5.750000 54.368106 1.570796 28.997283 -5.750000 65.552553 7.920913 0.619488
DYNAMIC_OBS_INFO 1 -1.750000 52.316814 1.570796 16.144275 -1.750000 52.316814 4.364904 0.206578
STATIC_OBS_INFO 0 -6.300000 65.290072 28.749424 
STATIC_OBS_INFO 1 -6.300000 65.483052 28.942278 
Parent: 246.685695 32.750974 329.000000 11.981532 2798.550000 0.000000 0.000000 4.905623 38.000000 0.000000 0 0 0 0 0 0 0 0
EGO_STATUS -5.262875 36.559361 1.600000 1.556681 12.352422 2.000000 0.980000
DYNAMIC_OBS_INFO 0 -5.750000 54.368106 1.570796 28.569120 -5.750000 66.347742 7.982862 0.619488
DYNAMIC_OBS_INFO 1 -1.750000 52.316814 1.570796 14.949788 -1.750000 52.316814 4.364904 0.206578
STATIC_OBS_INFO 0 -6.300000 65.290072 27.527068 
STATIC_OBS_INFO 1 -6.300000 65.483052 27.719909 
Parent: 238.292515 31.527326 317.000000 11.981006 2808.250000 0.000000 -10.000000 4.805627 37.000000 0.000000 0 0 0 0 0 0 0 0
EGO_STATUS -5.251909 37.782964 1.700000 1.566523 12.121005 6.000000 -2.314165
DYNAMIC_OBS_INFO 0 -5.750000 54.368106 1.570796 28.170058 -5.750000 67.149125 8.044811 0.619488
DYNAMIC_OBS_INFO 1 -1.750000 52.316814 1.570796 13.785249 -1.750000 52.316814 4.364904 0.206578
STATIC_OBS_INFO 0 -6.300000 65.290072 26.327496 
STATIC_OBS_INFO 1 -6.300000 65.483052 26.520323 
Parent: 238.978171 30.326812 305.000000 11.981022 2806.750000 0.000000 -10.000000 4.705629 36.000000 0.000000 0 0 0 0 0 0 0 0
EGO_STATUS -5.250797 38.983491 1.800000 1.572450 11.889589 6.000000 -2.314163
DYNAMIC_OBS_INFO 0 -5.750000 54.368106 1.570796 27.800273 -5.750000 67.956704 8.106760 0.619488
DYNAMIC_OBS_INFO 1 -1.750000 52.316814 1.570796 12.650817 -1.750000 52.316814 4.364904 0.206578
STATIC_OBS_INFO 0 -6.300000 65.290072 25.150984 
STATIC_OBS_INFO 1 -6.300000 65.483052 25.343798 
Parent: -24.337212 10.000000 101.000000 0.000000 15.150000 -6.389740 0.000000 4.552528 24.000000 0.000000 0 0 0 0 0 0 0 0
Child: -6.389740 8.839292 90.000000 23.258986 13.500000 0.000000 -10.000000 0.000000 0.000000 0.000000 0 0 0 1 0 0 0 0
EGO_STATUS -5.253707 40.160861 1.900000 1.573169 11.658173 6.000000 -2.314162
DYNAMIC_OBS_INFO 0 -5.750000 54.368106 1.570796 27.477727 -5.750000 68.770477 8.168709 0.619488
DYNAMIC_OBS_INFO 1 -1.750000 52.316814 1.570796 11.563373 -1.750000 52.316814 4.364904 0.206578
STATIC_OBS_INFO 0 -6.300000 65.290072 24.015628 
STATIC_OBS_INFO 1 -6.300000 65.483052 24.208425 
Parent: -23.624397 10.000000 101.000000 0.000000 15.150000 -6.576970 0.000000 4.452573 23.000000 0.000000 0 0 0 0 0 1 0 0
Child: -6.576970 7.702930 79.000000 23.256043 11.850000 0.000000 -10.000000 0.000000 0.000000 0.000000 0 0 0 1 0 0 0 0
EGO_STATUS -5.254307 41.297221 2.000000 1.568812 11.070173 6.000000 -5.880000
DYNAMIC_OBS_INFO 0 -5.750000 54.368106 1.570796 27.220276 -5.750000 69.590445 8.230657 0.619488
DYNAMIC_OBS_INFO 1 -1.750000 52.316814 1.570796 10.953499 -1.750000 52.754337 4.385562 0.206578
STATIC_OBS_INFO 0 -6.300000 65.290072 22.939377 
STATIC_OBS_INFO 1 -6.300000 65.483052 23.132156 
Parent: -22.920138 10.000000 101.000000 0.000000 15.150000 -6.772749 0.000000 4.352611 22.000000 0.000000 0 0 0 0 0 1 0 0
Child: -6.772749 6.625359 68.000000 22.923194 10.200000 0.000000 -10.000000 0.000000 0.000000 0.000000 0 0 0 1 0 0 0 0
EGO_STATUS -5.249126 42.374778 2.100000 1.563425 10.482173 6.000000 -5.880000
DYNAMIC_OBS_INFO 0 -5.750000 54.368106 1.570796 27.027902 -5.750000 70.416609 8.292606 0.619488
DYNAMIC_OBS_INFO 1 -1.750000 52.316814 1.570796 10.403400 -1.750000 53.193927 4.406220 0.206578
STATIC_OBS_INFO 0 -6.300000 65.290072 21.922185 
STATIC_OBS_INFO 1 -6.300000 65.483052 22.114941 
Parent: -22.190585 10.000000 101.000000 0.000000 15.150000 -6.943234 0.000000 4.252649 21.000000 0.000000 0 0 0 0 0 0 0 0
Child: -6.943234 5.606587 58.000000 22.922167 8.700000 0.000000 -10.000000 0.000000 0.000000 0.000000 0 0 0 1 0 0 0 0
EGO_STATUS -5.240359 43.393512 2.200000 1.561789 9.894173 6.000000 -5.880000
DYNAMIC_OBS_INFO 0 -5.750000 54.368106 1.570796 26.900517 -5.750000 71.248967 8.354555 0.619488
DYNAMIC_OBS_INFO 1 -1.750000 52.316814 1.570796 9.914112 -1.750000 53.635581 4.426878 0.206578
STATIC_OBS_INFO 0 -6.300000 65.290072 20.963826 
STATIC_OBS_INFO 1 -6.300000 65.483052 21.156558 
Parent: -21.431700 10.000000 101.000000 0.000000 15.150000 2.915584 -10.000000 4.152716 20.000000 0.000000 0 0 0 0 0 1 0 0
Child: 2.915584 4.646651 48.000000 22.918040 7.200000 0.000000 0.000000 0.000000 0.000000 0.000000 0 0 0 1 0 0 0 0
EGO_STATUS -5.232969 44.353419 2.300000 1.565157 9.306173 6.000000 -5.880000
DYNAMIC_OBS_INFO 0 -5.750000 54.368106 1.570796 26.837920 -5.750000 72.087520 8.416504 0.619488
DYNAMIC_OBS_INFO 1 -1.750000 52.316814 1.570796 9.486272 -1.750000 54.079302 4.447536 0.206578
STATIC_OBS_INFO 0 -6.300000 65.290072 20.063966 
STATIC_OBS_INFO 1 -6.300000 65.483052 20.256674 
Parent: -30.691120 10.000000 101.000000 0.000000 15.150000 -7.243840 -10.000000 4.052720 19.000000 0.000000 0 0 0 0 0 1 0 0
Child: -7.243840 3.745439 39.000000 22.848971 5.850000 0.000000 -10.000000 0.000000 0.000000 0.000000 0 0 0 1 0 0 0 0
EGO_STATUS -5.230583 45.254627 2.400000 1.571403 8.718173 7.000000 -5.880000
DYNAMIC_OBS_INFO 0 -5.750000 54.368106 1.570796 26.840307 -5.750000 72.932267 8.478453 0.619488
DYNAMIC_OBS_INFO 1 -1.750000 52.316814 1.570796 9.119730 -1.750000 54.525089 4.468193 0.206578
STATIC_OBS_INFO 0 -6.300000 65.290072 19.222745 
STATIC_OBS_INFO 1 -6.300000 65.483052 19.415430 
Parent: -30.073418 10.000000 101.000000 0.000000 15.150000 -7.526228 -10.000000 3.952810 18.000000 0.000000 0 0 0 0 0 1 0 0
Child: -7.526228 2.903130 31.000000 21.765254 4.650000 0.000000 -10.000000 0.000000 0.000000 0.000000 0 0 0 1 0 0 0 0
EGO_STATUS -5.233617 46.096929 2.500000 1.577076 8.130173 7.000000 -5.880000
DYNAMIC_OBS_INFO 0 -5.750000 54.368106 1.570796 26.907598 -5.750000 73.783210 8.540401 0.619488
DYNAMIC_OBS_INFO 1 -1.750000 52.316814 1.570796 8.812863 -1.750000 54.972941 4.488851 0.206578
STATIC_OBS_INFO 0 -6.300000 65.290072 18.440128 
STATIC_OBS_INFO 1 -6.300000 65.483052 18.632791 
Parent: -30.358826 10.000000 101.000000 0.000000 15.150000 -7.711694 -10.000000 3.852868 18.000000 0.000000 0 0 0 0 0 1 0 0
Child: -7.711694 2.119583 23.000000 21.380838 3.450000 0.000000 -10.000000 0.000000 0.000000 0.000000 0 0 0 1 0 0 0 0
EGO_STATUS -5.239724 46.880451 2.600000 1.579463 7.542173 7.000000 -5.880000
DYNAMIC_OBS_INFO 0 -5.750000 54.368106 1.570796 27.039921 -5.750000 74.640348 8.602350 0.619488
DYNAMIC_OBS_INFO 1 -1.750000 52.316814 1.570796 8.563669 -1.750000 55.422859 4.509509 0.206578
STATIC_OBS_INFO 0 -6.300000 65.290072 17.716343 
STATIC_OBS_INFO 1 -6.300000 65.483052 17.908984 
Parent: -29.550498 10.000000 101.000000 0.000000 15.150000 -7.803460 -10.000000 3.752962 17.000000 0.000000 0 0 0 0 0 1 0 0
Child: -7.803460 1.394880 15.000000 21.370742 2.250000 0.000000 -10.000000 0.000000 0.000000 0.000000 0 0 0 1 0 0 0 0
EGO_STATUS -5.245648 47.605131 2.700000 1.577882 6.954173 7.000000 -5.880000
DYNAMIC_OBS_INFO 0 -5.750000 54.368106 1.570796 27.237310 -5.750000 75.503680 8.664299 0.619488
DYNAMIC_OBS_INFO 1 -1.750000 52.316814 1.570796 8.370342 -1.750000 55.874843 4.530167 0.206578
STATIC_OBS_INFO 0 -6.300000 65.290072 17.051510 
STATIC_OBS_INFO 1 -6.300000 65.483052 17.244126 
Parent: -29.011829 10.000000 101.000000 0.000000 15.150000 -8.164925 -10.000000 3.653096 16.000000 0.000000 0 0 0 0 0 1 0 0
Child: -8.164925 0.729025 9.000000 21.304474 1.350000 0.000000 -10.000000 0.000000 0.000000 0.000000 0 0 0 1 0 0 0 0
EGO_STATUS -5.249119 48.270976 2.800000 1.573949 6.366173 7.000000 -5.880000
DYNAMIC_OBS_INFO 0 -5.750000 54.368106 1.570796 27.499621 -5.750000 76.373208 8.726248 0.619488
DYNAMIC_OBS_INFO 1 -1.750000 52.316814 1.570796 8.231876 -1.750000 56.328892 4.550825 0.206578
STATIC_OBS_INFO 0 -6.300000 65.290072 16.445494 
STATIC_OBS_INFO 1 -6.300000 65.483052 16.638084 
Parent: -29.288609 10.000000 101.000000 0.000000 15.150000 -8.341754 -10.000000 3.553145 16.000000 0.000000 0 0 0 0 0 1 0 0
Child: -8.341754 0.121867 3.000000 40.371008 0.450000 0.000000 -10.000000 0.000000 0.000000 0.000000 0 0 0 1 1 0 0 0
EGO_STATUS -5.249997 48.878133 2.900000 1.570949 5.778173 7.000000 -5.880000
DYNAMIC_OBS_INFO 0 -5.750000 54.368106 1.570796 27.813683 -5.750000 77.248930 8.788197 0.619488
DYNAMIC_OBS_INFO 1 -1.750000 52.316814 1.570796 8.136518 -1.750000 56.785007 4.571483 0.206578
STATIC_OBS_INFO 0 -6.300000 65.290072 15.885071 
STATIC_OBS_INFO 1 -6.300000 65.483052 16.077633 
Parent: -20.112793 9.560258 97.000000 0.000000 14.550000 0.000000 -10.000000 3.453168 15.000000 0.000000 0 0 0 0 0 1 0 0
EGO_STATUS -5.250000 49.439742 3.000000 1.570796 5.527094 7.000000 -1.597701
DYNAMIC_OBS_INFO 0 -5.750000 54.368106 1.570796 28.150894 -5.750000 78.130847 8.850145 0.619488
DYNAMIC_OBS_INFO 1 -1.750000 52.316814 1.570796 8.058542 -1.750000 57.243189 4.592140 0.206578
STATIC_OBS_INFO 0 -6.300000 65.290072 15.341652 
STATIC_OBS_INFO 1 -6.300000 65.483052 15.534184 
Parent: -20.294466 9.015606 92.000000 0.000000 13.800000 0.000000 -10.000000 3.353193 15.000000 0.000000 0 0 0 0 0 1 0 0
EGO_STATUS -5.250000 49.984394 3.100000 1.570796 5.367325 7.000000 -1.597691
DYNAMIC_OBS_INFO 0 -5.750000 54.368106 1.570796 28.510266 -5.750000 79.018959 8.912094 0.619488
DYNAMIC_OBS_INFO 1 -1.750000 52.316814 1.570796 7.996952 -1.750000 57.703436 4.612798 0.206578
STATIC_OBS_INFO 0 -6.300000 65.290072 14.814252 
STATIC_OBS_INFO 1 -6.300000 65.483052 15.006752 
Parent: -19.473745 8.486922 86.000000 0.000000 12.900000 0.000000 -10.000000 3.253217 14.000000 0.000000 0 0 0 0 0 1 0 0
EGO_STATUS -5.250000 50.513078 3.200000 1.570796 5.207558 7.000000 -1.597679
DYNAMIC_OBS_INFO 0 -5.750000 54.368106 1.570796 28.891782 -5.750000 79.913266 8.974043 0.619488
DYNAMIC_OBS_INFO 1 -1.750000 52.316814 1.570796 7.951649 -1.750000 58.165748 4.633456 0.206578
STATIC_OBS_INFO 0 -6.300000 65.290072 14.302855 
STATIC_OBS_INFO 1 -6.300000 65.483052 14.495321 
Parent: -18.650641 7.974190 81.000000 0.000000 12.150000 0.000000 -10.000000 3.153230 13.000000 0.000000 0 0 0 0 0 1 0 0
EGO_STATUS -5.250000 51.025810 3.300000 1.570796 5.047791 7.000000 -1.597667
DYNAMIC_OBS_INFO 0 -5.750000 54.368106 1.570796 29.295444 -5.750000 80.813767 9.035992 0.619488
DYNAMIC_OBS_INFO 1 -1.750000 52.316814 1.570796 7.922567 -1.750000 58.630127 4.654114 0.206578
STATIC_OBS_INFO 0 -6.300000 65.290072 13.807464 
STATIC_OBS_INFO 1 -6.300000 65.483052 13.999892 
Parent: -18.825154 7.477409 76.000000 0.000000 11.400000 0.000000 -10.000000 3.053235 13.000000 0.000000 0 0 0 0 0 1 0 0
EGO_STATUS -5.250000 51.522591 3.400000 1.570796 4.888025 7.000000 -1.597660
DYNAMIC_OBS_INFO 0 -5.750000 54.368106 1.570796 29.721321 -5.750000 81.720464 9.097940 0.619488
DYNAMIC_OBS_INFO 1 -1.750000 52.316814 1.570796 7.909728 -1.750000 59.096571 4.674772 0.206578
STATIC_OBS_INFO 0 -6.300000 65.290072 13.328147 
STATIC_OBS_INFO 1 -6.300000 65.483052 13.520535 
Parent: -17.997244 6.996650 71.000000 0.000000 10.650000 0.000000 -10.000000 2.953258 12.000000 0.000000 0 0 0 0 0 1 0 0
EGO_STATUS -5.250000 52.003350 3.500000 1.570796 4.728259 7.000000 -1.597658
DYNAMIC_OBS_INFO 0 -5.750000 54.368106 1.570796 30.169399 -5.750000 82.633355 9.159889 0.619488
DYNAMIC_OBS_INFO 1 -1.750000 52.316814 1.570796 7.913099 -1.750000 59.565081 4.695429 0.206578
STATIC_OBS_INFO 0 -6.300000 65.290072 12.864893 
STATIC_OBS_INFO 1 -6.300000 65.483052 13.057238 
Parent: -18.166919 6.531900 67.000000 0.000000 10.050000 0.000000 -10.000000 2.853296 12.000000 0.000000 0 0 0 0 0 1 0 0
EGO_STATUS -5.250000 52.468100 3.600000 1.570796 4.568494 7.000000 -1.597645
DYNAMIC_OBS_INFO 0 -5.750000 54.368106 1.570796 30.639663 -5.750000 83.552442 9.221838 0.619488
DYNAMIC_OBS_INFO 1 -1.750000 52.316814 1.570796 7.932672 -1.750000 60.035657 4.716087 0.206578
STATIC_OBS_INFO 0 -6.300000 65.290072 12.417685 
STATIC_OBS_INFO 1 -6.300000 65.483052 12.609984 
Parent: -18.334186 6.083141 62.000000 0.000000 9.300000 0.000000 -10.000000 2.753343 12.000000 0.000000 0 0 0 0 0 1 0 0
EGO_STATUS -5.250000 52.916859 3.700000 1.570796 4.408732 7.000000 -1.597624
DYNAMIC_OBS_INFO 0 -5.750000 54.368106 1.570796 31.132092 -5.750000 84.477723 9.283787 0.619488
DYNAMIC_OBS_INFO 1 -1.750000 52.316814 1.570796 7.968457 -1.750000 60.508299 4.736745 0.206578
STATIC_OBS_INFO 0 -6.300000 65.290072 11.986504 
STATIC_OBS_INFO 1 -6.300000 65.483052 12.178753 
Parent: -17.499058 5.650354 58.000000 0.000000 8.700000 0.000000 -10.000000 2.653388 11.000000 0.000000 0 0 0 0 0 1 0 0
EGO_STATUS -5.250000 53.349646 3.800000 1.570796 4.248972 7.000000 -1.597597
DYNAMIC_OBS_INFO 0 -5.750000 54.368106 1.570796 31.646661 -5.750000 85.409199 9.345736 0.619488
DYNAMIC_OBS_INFO 1 -1.750000 52.316814 1.570796 8.020482 -1.750000 60.983006 4.757403 0.206578
STATIC_OBS_INFO 0 -6.300000 65.290072 11.571322 
STATIC_OBS_INFO 1 -6.300000 65.483052 11.763518 
Parent: -17.661552 5.233512 54.000000 0.000000 8.100000 0.000000 -10.000000 2.553421 11.000000 0.000000 0 0 0 0 0 1 0 0
EGO_STATUS -5.250000 53.766488 3.900000 1.570796 4.089215 7.000000 -1.597569
DYNAMIC_OBS_INFO 0 -5.750000 54.368106 1.570796 32.183337 -5.750000 86.346870 9.407684 0.619488
DYNAMIC_OBS_INFO 1 -1.750000 52.316814 1.570796 8.088791 -1.750000 61.459779 4.778061 0.206578
STATIC_OBS_INFO 0 -6.300000 65.290072 11.172106 
STATIC_OBS_INFO 1 -6.300000 65.483052 11.364246 
Parent: -16.821689 4.832583 50.000000 0.000000 7.500000 0.000000 -10.000000 2.453424 10.000000 0.000000 0 0 0 0 0 1 0 0
EGO_STATUS -5.250000 54.167417 4.000000 1.570796 3.929460 7.000000 -1.597549
DYNAMIC_OBS_INFO 0 -5.750000 54.368106 1.570796 32.742250 -5.750000 87.290736 9.469633 0.619488
DYNAMIC_OBS_INFO 1 -1.750000 52.316814 1.570796 8.173594 -1.750000 61.938618 4.798719 0.206578
STATIC_OBS_INFO 0 -6.300000 65.290072 10.788984 
STATIC_OBS_INFO 1 -6.300000 65.483052 10.981063 
Parent: -16.979384 4.447696 46.000000 0.000000 6.900000 0.000000 -10.000000 2.353462 10.000000 0.000000 0 0 0 0 0 1 0 0
EGO_STATUS -5.250000 54.552304 4.100000 1.570796 3.769706 7.000000 -1.597547
DYNAMIC_OBS_INFO 0 -5.750000 54.368106 1.570796 33.323392 -5.750000 88.240797 9.531582 0.619488
DYNAMIC_OBS_INFO 1 -1.750000 52.316814 1.570796 8.274993 -1.750000 62.419523 4.819376 0.206578
STATIC_OBS_INFO 0 -6.300000 65.290072 10.421944 
STATIC_OBS_INFO 1 -6.300000 65.483052 10.613960 
Parent: -17.134640 4.078844 42.000000 0.000000 6.300000 0.000000 -10.000000 2.253534 10.000000 0.000000 0 0 0 0 0 0 0 0
EGO_STATUS -5.250000 54.921156 4.200000 1.570796 3.609954 7.000000 -1.597522
DYNAMIC_OBS_INFO 0 -5.750000 54.368106 1.570796 33.926740 -5.750000 89.197053 9.593531 0.619488
DYNAMIC_OBS_INFO 1 -1.750000 52.316814 1.570796 8.393090 -1.750000 62.902493 4.840034 0.206578
STATIC_OBS_INFO 0 -6.300000 65.290072 10.070961 
STATIC_OBS_INFO 1 -6.300000 65.483052 10.262909 
Parent: -16.287469 3.726003 39.000000 0.000000 5.850000 0.000000 -10.000000 2.153630 9.000000 0.000000 0 0 0 0 0 0 0 0
EGO_STATUS -5.250000 55.273997 4.300000 1.570796 3.450207 7.000000 -1.597470
DYNAMIC_OBS_INFO 0 -5.750000 54.368106 1.570796 34.552263 -5.750000 90.159503 9.655480 0.619488
DYNAMIC_OBS_INFO 1 -1.750000 52.316814 1.570796 8.527990 -1.750000 63.387530 4.860692 0.206578
STATIC_OBS_INFO 0 -6.300000 65.290072 9.735999 
STATIC_OBS_INFO 1 -6.300000 65.483052 9.927875 
Parent: -16.437894 3.389142 35.000000 0.000000 5.250000 0.000000 -10.000000 2.053735 9.000000 0.000000 0 0 0 0 0 0 0 0
EGO_STATUS -5.250000 55.610858 4.400000 1.570796 3.290467 7.000000 -1.597399
DYNAMIC_OBS_INFO 0 -5.750000 54.368106 1.570796 35.199918 -5.750000 91.128148 9.717428 0.619488
DYNAMIC_OBS_INFO 1 -1.750000 52.316814 1.570796 8.679796 -1.750000 63.874632 4.881350 0.206578
STATIC_OBS_INFO 0 -6.300000 65.290072 9.417011 
STATIC_OBS_INFO 1 -6.300000 65.483052 9.608811 
Parent: -16.585946 3.068218 32.000000 0.000000 4.800000 0.000000 -10.000000 1.953822 9.000000 0.000000 0 0 0 0 0 0 0 0
EGO_STATUS -5.250000 55.931782 4.500000 1.570796 3.130735 7.000000 -1.597317
DYNAMIC_OBS_INFO 0 -5.750000 54.368106 1.570796 35.869648 -5.750000 92.102989 9.779377 0.619488
DYNAMIC_OBS_INFO 1 -1.750000 52.316814 1.570796 8.848599 -1.750000 64.363800 4.902008 0.206578
STATIC_OBS_INFO 0 -6.300000 65.290072 9.113933 
STATIC_OBS_INFO 1 -6.300000 65.483052 9.305654 
Parent: -15.731673 2.763175 29.000000 0.000000 4.350000 0.000000 -10.000000 1.853851 8.000000 0.000000 0 0 0 0 0 0 0 0
EGO_STATUS -5.250000 56.236825 4.600000 1.570796 2.971010 7.000000 -1.597247
DYNAMIC_OBS_INFO 0 -5.750000 54.368106 1.570796 36.561600 -5.750000 93.084024 9.841326 0.619488
DYNAMIC_OBS_INFO 1 -1.750000 52.316814 1.570796 9.034678 -1.750000 64.855033 4.922666 0.206578
STATIC_OBS_INFO 0 -6.300000 65.290072 8.826903 
STATIC_OBS_INFO 1 -6.300000 65.483052 9.018541 
Parent: -15.874956 2.474157 26.000000 0.000000 3.900000 0.000000 -10.000000 1.753920 8.000000 0.000000 0 0 0 0 0 0 0 0
EGO_STATUS -5.250000 56.525843 4.700000 1.570796 2.811288 7.000000 -1.597221
DYNAMIC_OBS_INFO 0 -5.750000 54.368106 1.570796 37.275843 -5.750000 94.071254 9.903275 0.619488
DYNAMIC_OBS_INFO 1 -1.750000 52.316814 1.570796 9.238243 -1.750000 65.348333 4.943323 0.206578
STATIC_OBS_INFO 0 -6.300000 65.290072 8.555981 
STATIC_OBS_INFO 1 -6.300000 65.483052 8.747534 
Parent: -16.015728 2.201236 24.000000 0.000000 3.600000 0.000000 -10.000000 1.654087 8.000000 0.000000 0 0 0 0 0 0 0 0
EGO_STATUS -5.250000 56.798764 4.800000 1.570796 2.651572 7.000000 -1.597158
DYNAMIC_OBS_INFO 0 -5.750000 54.368106 1.570796 38.012345 -5.750000 95.064679 9.965224 0.619488
DYNAMIC_OBS_INFO 1 -1.750000 52.316814 1.570796 9.459402 -1.750000 65.843698 4.963981 0.206578
STATIC_OBS_INFO 0 -6.300000 65.290072 8.301125 
STATIC_OBS_INFO 1 -6.300000 65.483052 8.492589 
Parent: -15.154005 1.944378 21.000000 0.000000 3.150000 0.000000 -10.000000 1.554338 7.000000 0.000000 0 0 0 0 0 0 0 0
EGO_STATUS -5.250000 57.055622 4.900000 1.570796 2.491873 7.000000 -1.596997
DYNAMIC_OBS_INFO 0 -5.750000 54.368106 1.570796 38.771054 -5.750000 96.064299 10.027172 0.619488
DYNAMIC_OBS_INFO 1 -1.750000 52.316814 1.570796 9.698241 -1.750000 66.341129 4.984639 0.206578
STATIC_OBS_INFO 0 -6.300000 65.290072 8.062270 
STATIC_OBS_INFO 1 -6.300000 65.483052 8.253644 
Parent: -15.289828 1.703531 19.000000 0.000000 2.850000 0.000000 -10.000000 1.454643 7.000000 0.000000 0 0 0 0 0 0 0 0
EGO_STATUS -5.250000 57.296469 5.000000 1.570796 2.332199 7.000000 -1.596739
DYNAMIC_OBS_INFO 0 -5.750000 54.368106 1.570796 39.551889 -5.750000 97.070113 10.089121 0.619488
DYNAMIC_OBS_INFO 1 -1.750000 52.316814 1.570796 9.954810 -1.750000 66.840626 5.005297 0.206578
STATIC_OBS_INFO 0 -6.300000 65.290072 7.839324 
STATIC_OBS_INFO 1 -6.300000 65.483052 8.030606 
Parent: -15.423270 1.478615 16.000000 0.000000 2.400000 0.000000 -10.000000 1.354938 7.000000 0.000000 0 0 0 0 0 0 0 0
EGO_STATUS -5.250000 57.521385 5.100000 1.570796 2.172558 7.000000 -1.596405
DYNAMIC_OBS_INFO 0 -5.750000 54.368106 1.570796 40.354728 -5.750000 98.082123 10.151070 0.619488
DYNAMIC_OBS_INFO 1 -1.750000 52.316814 1.570796 10.229111 -1.750000 67.342188 5.025955 0.206578
STATIC_OBS_INFO 0 -6.300000 65.290072 7.632153 
STATIC_OBS_INFO 1 -6.300000 65.483052 7.823342 
Parent: -15.554470 1.269508 14.000000 0.000000 2.100000 0.000000 -10.000000 1.255104 7.000000 0.000000 0 0 0 0 0 0 0 0
EGO_STATUS -5.250000 57.730492 5.200000 1.570796 2.012952 7.000000 -1.596057
DYNAMIC_OBS_INFO 0 -5.750000 54.368106 1.570796 41.179697 -5.750000 99.100327 10.213019 0.619488
DYNAMIC_OBS_INFO 1 -1.750000 52.316814 1.570796 10.521363 -1.750000 67.845817 5.046613 0.206578
STATIC_OBS_INFO 0 -6.300000 65.290072 7.440863 
STATIC_OBS_INFO 1 -6.300000 65.483052 7.631960 
Parent: -15.683293 1.076334 12.000000 0.000000 1.800000 0.000000 -10.000000 1.155257 7.000000 0.000000 0 0 0 0 0 0 0 0
EGO_STATUS -5.250000 57.923666 5.300000 1.570796 1.853368 7.000000 -1.595846
DYNAMIC_OBS_INFO 0 -5.750000 54.368106 1.570796 42.027156 -5.750000 100.124727 10.274967 0.619488
DYNAMIC_OBS_INFO 1 -1.750000 52.316814 1.570796 10.832004 -1.750000 68.351511 5.067270 0.206578
STATIC_OBS_INFO 0 -6.300000 65.290072 7.265797 
STATIC_OBS_INFO 1 -6.300000 65.483052 7.456803 
Parent: -14.809261 0.899456 10.000000 0.000000 1.500000 0.000000 -10.000000 1.055820 6.000000 0.000000 0 0 0 0 0 0 0 0
EGO_STATUS -5.250000 58.100544 5.400000 1.570796 1.693804 7.000000 -1.595635
DYNAMIC_OBS_INFO 0 -5.750000 54.368106 1.570796 42.897081 -5.750000 101.155321 10.336916 0.619488
DYNAMIC_OBS_INFO 1 -1.750000 52.316814 1.570796 11.161097 -1.750000 68.859271 5.087928 0.206578
STATIC_OBS_INFO 0 -6.300000 65.290072 7.106912 
STATIC_OBS_INFO 1 -6.300000 65.483052 7.297829 
Parent: -14.932320 0.738846 9.000000 0.000000 1.350000 0.000000 -10.000000 0.956853 6.000000 0.000000 0 0 0 0 0 0 0 0
EGO_STATUS -5.250000 58.261154 5.500000 1.570796 1.534326 7.000000 -1.594783
DYNAMIC_OBS_INFO 0 -5.750000 54.368106 1.570796 43.789393 -5.750000 102.192110 10.398865 0.619488
DYNAMIC_OBS_INFO 1 -1.750000 52.316814 1.570796 11.508644 -1.750000 69.369097 5.108586 0.206578
STATIC_OBS_INFO 0 -6.300000 65.290072 6.964112 
STATIC_OBS_INFO 1 -6.300000 65.483052 7.154944 
Parent: -15.052467 0.594429 7.000000 0.000000 1.050000 0.000000 -10.000000 0.858369 6.000000 0.000000 0 0 0 0 0 0 0 0
EGO_STATUS -5.250000 58.405571 5.600000 1.570796 1.375020 7.000000 -1.593062
DYNAMIC_OBS_INFO 0 -5.750000 54.368106 1.570796 44.703916 -5.750000 103.235094 10.460814 0.619488
DYNAMIC_OBS_INFO 1 -1.750000 52.316814 1.570796 11.874541 -1.750000 69.880988 5.129244 0.206578
STATIC_OBS_INFO 0 -6.300000 65.290072 6.837204 
STATIC_OBS_INFO 1 -6.300000 65.483052 7.027957 
Parent: -15.169855 0.466026 6.000000 0.000000 0.900000 0.000000 -10.000000 0.760241 6.000000 0.000000 0 0 0 0 0 0 0 0
EGO_STATUS -5.250000 58.533974 5.700000 1.570796 1.215995 7.000000 -1.590248
DYNAMIC_OBS_INFO 0 -5.750000 54.368106 1.570796 45.640257 -5.750000 104.284273 10.522763 0.619488
DYNAMIC_OBS_INFO 1 -1.750000 52.316814 1.570796 12.258466 -1.750000 70.394945 5.149902 0.206578
STATIC_OBS_INFO 0 -6.300000 65.290072 6.725784 
STATIC_OBS_INFO 1 -6.300000 65.483052 6.916462 
Parent: -15.285110 0.353245 5.000000 0.000000 0.750000 0.000000 -10.000000 0.661903 6.000000 0.000000 0 0 0 0 0 0 0 0
EGO_STATUS -5.250000 58.646755 5.800000 1.570796 1.057362 7.000000 -1.586333
DYNAMIC_OBS_INFO 0 -5.750000 54.368106 1.570796 46.597941 -5.750000 105.339646 10.584711 0.619488
DYNAMIC_OBS_INFO 1 -1.750000 52.316814 1.570796 12.660004 -1.750000 70.910968 5.170559 0.206578
STATIC_OBS_INFO 0 -6.300000 65.290072 6.629366 
STATIC_OBS_INFO 1 -6.300000 65.483052 6.819978 
Parent: -15.399333 0.255613 4.000000 0.000000 0.600000 0.000000 -10.000000 0.562326 6.000000 0.000000 0 0 0 0 0 0 0 0
EGO_STATUS -5.250000 58.744387 5.900000 1.570796 0.899127 7.000000 -1.582348
DYNAMIC_OBS_INFO 0 -5.750000 54.368106 1.570796 47.579420 -5.750000 106.401215 10.646660 0.619488
DYNAMIC_OBS_INFO 1 -1.750000 52.316814 1.570796 13.081545 -1.750000 71.429057 5.191217 0.206578
STATIC_OBS_INFO 0 -6.300000 65.290072 6.550353 
STATIC_OBS_INFO 1 -6.300000 65.483052 6.740908 
Parent: -15.506086 0.175578 3.000000 0.000000 0.450000 0.000000 -10.000000 0.467578 6.000000 0.000000 0 0 0 0 0 0 0 0
EGO_STATUS -5.250000 58.824422 6.000000 1.570796 0.741011 7.000000 -1.581160
DYNAMIC_OBS_INFO 0 -5.750000 54.368106 1.570796 48.585767 -5.750000 107.468978 10.708609 0.619488
DYNAMIC_OBS_INFO 1 -1.750000 52.316814 1.570796 13.524169 -1.750000 71.949212 5.211875 0.206578
STATIC_OBS_INFO 0 -6.300000 65.290072 6.489793 
STATIC_OBS_INFO 1 -6.300000 65.483052 6.680302 
Parent: -15.598736 0.114216 3.000000 0.000000 0.450000 0.000000 -10.000000 0.384132 6.000000 0.000000 0 0 0 0 0 0 0 0
EGO_STATUS -5.250000 58.885784 6.100000 1.570796 0.584671 7.000000 -1.563400
DYNAMIC_OBS_INFO 0 -5.750000 54.368106 1.570796 49.620114 -5.750000 108.542937 10.770558 0.619488
DYNAMIC_OBS_INFO 1 -1.750000 52.316814 1.570796 13.990946 -1.750000 72.471432 5.232533 0.206578
STATIC_OBS_INFO 0 -6.300000 65.290072 6.450759 
STATIC_OBS_INFO 1 -6.300000 65.483052 6.641239 
Parent: -15.653310 0.074658 2.000000 0.000000 0.300000 0.000000 -10.000000 0.335492 6.000000 0.000000 0 0 0 0 0 0 0 0
EGO_STATUS -5.250000 58.925342 6.200000 1.570796 0.435068 7.000000 -1.496025
DYNAMIC_OBS_INFO 0 -5.750000 54.368106 1.570796 50.677961 -5.750000 109.623090 10.832507 0.619488
DYNAMIC_OBS_INFO 1 -1.750000 52.316814 1.570796 14.477561 -1.750000 72.995718 5.253191 0.206578
STATIC_OBS_INFO 0 -6.300000 65.290072 6.428804 
STATIC_OBS_INFO 1 -6.300000 65.483052 6.619267 
Parent: -15.662930 0.052405 2.000000 0.000000 0.300000 0.000000 -10.000000 0.329210 6.000000 0.000000 0 0 0 0 0 0 0 0
EGO_STATUS -5.250000 58.947595 6.300000 1.570796 0.308368 7.000000 -1.267001
DYNAMIC_OBS_INFO 0 -5.750000 54.368106 1.570796 51.748340 -5.750000 110.709438 10.894455 0.619488
DYNAMIC_OBS_INFO 1 -1.750000 52.316814 1.570796 14.973362 -1.750000 73.522070 5.273849 0.206578
STATIC_OBS_INFO 0 -6.300000 65.290072 6.413099 
STATIC_OBS_INFO 1 -6.300000 65.483052 6.603550 
Parent: -15.674100 0.036487 2.000000 0.000000 0.300000 0.000000 -10.000000 0.320427 6.000000 0.000000 0 0 0 0 0 0 0 0
EGO_STATUS -5.250000 58.963513 6.400000 1.570796 0.217736 7.000000 -0.906317
DYNAMIC_OBS_INFO 0 -5.750000 54.368106 1.570796 52.829447 -5.750000 111.801981 10.956404 0.619488
DYNAMIC_OBS_INFO 1 -1.750000 52.316814 1.570796 15.476542 -1.750000 74.050488 5.294506 0.206578
STATIC_OBS_INFO 0 -6.300000 65.290072 6.401867 
STATIC_OBS_INFO 1 -6.300000 65.483052 6.592309 
Parent: -15.688085 0.025100 2.000000 0.000000 0.300000 0.000000 -10.000000 0.308150 6.000000 0.000000 0 0 0 0 0 0 0 0
EGO_STATUS -5.250000 58.974900 6.500000 1.570796 0.152905 7.000000 -0.648310
DYNAMIC_OBS_INFO 0 -5.750000 54.368106 1.570796 53.919991 -5.750000 112.900719 11.018353 0.619488
DYNAMIC_OBS_INFO 1 -1.750000 52.316814 1.570796 15.985784 -1.750000 74.580972 5.315164 0.206578
STATIC_OBS_INFO 0 -6.300000 65.290072 6.393832 
STATIC_OBS_INFO 1 -6.300000 65.483052 6.584267 
Parent: -15.706469 0.016954 2.000000 0.000000 0.300000 0.000000 -10.000000 0.290987 6.000000 0.000000 0 0 0 0 0 0 0 0
EGO_STATUS -5.250000 58.983046 6.600000 1.570796 0.106530 7.000000 -0.463752
DYNAMIC_OBS_INFO 0 -5.750000 54.368106 1.570796 55.019051 -5.750000 114.005651 11.080302 0.619488
DYNAMIC_OBS_INFO 1 -1.750000 52.316814 1.570796 16.500130 -1.750000 75.113521 5.335822 0.206578
STATIC_OBS_INFO 0 -6.300000 65.290072 6.388084 
STATIC_OBS_INFO 1 -6.300000 65.483052 6.578516 
Parent: -15.731337 0.011128 2.000000 0.000000 0.300000 0.000000 -10.000000 0.266994 6.000000 0.000000 0 0 0 0 0 0 0 0
EGO_STATUS -5.250000 58.988872 6.700000 1.570796 0.073357 7.000000 -0.331733
DYNAMIC_OBS_INFO 0 -5.750000 54.368106 1.570796 56.125966 -5.750000 115.116779 11.142251 0.619488
DYNAMIC_OBS_INFO 1 -1.750000 52.316814 1.570796 17.018879 -1.750000 75.648136 5.356480 0.206578
STATIC_OBS_INFO 0 -6.300000 65.290072 6.383973 
STATIC_OBS_INFO 1 -6.300000 65.483052 6.574401 
NO_CANDIDATE
EGO_STATUS -5.250000 58.993040 6.800000 1.570796 0.049627 7.000000 -0.237297
FAIL
DYNAMIC_OBS_INFO 0 -5.750000 54.368106 1.570796 57.238283 -5.750000 116.234102 11.204199 0.619488
DYNAMIC_OBS_INFO 1 -1.750000 52.316814 1.570796 17.539572 -1.750000 76.184817 5.377138 0.206578
STATIC_OBS_INFO 0 -6.300000 65.290072 6.379078 
STATIC_OBS_INFO 1 -6.300000 65.483052 6.569502 
NO_CANDIDATE
EGO_STATUS -5.250000 58.998003 6.900000 1.570796 0.049627 4.000000 0.000000
FAIL
DYNAMIC_OBS_INFO 0 -5.750000 54.368106 1.570796 58.356796 -5.750000 117.357619 11.266148 0.619488
DYNAMIC_OBS_INFO 1 -1.750000 52.316814 1.570796 18.062934 -1.750000 76.723564 5.397796 0.206578
STATIC_OBS_INFO 0 -6.300000 65.290072 6.374183 
STATIC_OBS_INFO 1 -6.300000 65.483052 6.564603 
NO_CANDIDATE
EGO_STATUS -5.250000 59.002965 7.000000 1.570796 0.049627 4.000000 0.000000
FAIL
DYNAMIC_OBS_INFO 0 -5.750000 54.368106 1.570796 59.481505 -5.750000 118.487331 11.328097 0.619488
DYNAMIC_OBS_INFO 1 -1.750000 52.316814 1.570796 18.588919 -1.750000 77.264376 5.418453 0.206578
STATIC_OBS_INFO 0 -6.300000 65.290072 6.369288 
STATIC_OBS_INFO 1 -6.300000 65.483052 6.559705 
NO_CANDIDATE
EGO_STATUS -5.250000 59.007928 7.100000 1.570796 0.049627 4.000000 0.000000
FAIL
DYNAMIC_OBS_INFO 0 -5.750000 54.368106 1.570796 60.612410 -5.750000 119.623238 11.390046 0.619488
DYNAMIC_OBS_INFO 1 -1.750000 52.316814 1.570796 19.117481 -1.750000 77.807254 5.439111 0.206578
STATIC_OBS_INFO 0 -6.300000 65.290072 6.364394 
STATIC_OBS_INFO 1 -6.300000 65.483052 6.554806 
NO_CANDIDATE
EGO_STATUS -5.250000 59.012891 7.200000 1.570796 0.049627 4.000000 0.000000
FAIL
DYNAMIC_OBS_INFO 0 -5.750000 54.368106 1.570796 61.749511 -5.750000 120.765340 11.451994 0.619488
DYNAMIC_OBS_INFO 1 -1.750000 52.316814 1.570796 19.648585 -1.750000 78.352198 5.459769 0.206578
STATIC_OBS_INFO 0 -6.300000 65.290072 6.359499 
STATIC_OBS_INFO 1 -6.300000 65.483052 6.549907 
NO_CANDIDATE
EGO_STATUS -5.250000 59.017854 7.300000 1.570796 0.049627 4.000000 0.000000
FAIL
DYNAMIC_OBS_INFO 0 -5.750000 54.368106 1.570796 62.892809 -5.750000 121.913637 11.513943 0.619488
DYNAMIC_OBS_INFO 1 -1.750000 52.316814 1.570796 20.182194 -1.750000 78.899208 5.480427 0.206578
STATIC_OBS_INFO 0 -6.300000 65.290072 6.354604 
STATIC_OBS_INFO 1 -6.300000 65.483052 6.545009 
NO_CANDIDATE
EGO_STATUS -5.250000 59.022816 7.400000 1.570796 0.049627 4.000000 0.000000
FAIL
DYNAMIC_OBS_INFO 0 -5.750000 54.368106 1.570796 64.042302 -5.750000 123.068129 11.575892 0.619488
DYNAMIC_OBS_INFO 1 -1.750000 52.316814 1.570796 20.718277 -1.750000 79.448284 5.501085 0.206578
STATIC_OBS_INFO 0 -6.300000 65.290072 6.349710 
STATIC_OBS_INFO 1 -6.300000 65.483052 6.540110 
NO_CANDIDATE
EGO_STATUS -5.250000 59.027779 7.500000 1.570796 0.049627 4.000000 0.000000
FAIL
DYNAMIC_OBS_INFO 0 -5.750000 54.368106 1.570796 65.197991 -5.750000 124.228816 11.637841 0.619488
DYNAMIC_OBS_INFO 1 -1.750000 52.316814 1.570796 21.256806 -1.750000 79.999425 5.521742 0.206578
STATIC_OBS_INFO 0 -6.300000 65.290072 6.344816 
STATIC_OBS_INFO 1 -6.300000 65.483052 6.535212 
NO_CANDIDATE
EGO_STATUS -5.250000 59.032742 7.600000 1.570796 0.049627 4.000000 0.000000
FAIL
DYNAMIC_OBS_INFO 0 -5.750000 54.368106 1.570796 66.359876 -5.750000 125.395697 11.699790 0.619488
DYNAMIC_OBS_INFO 1 -1.750000 52.316814 1.570796 21.797755 -1.750000 80.552632 5.542400 0.206578
STATIC_OBS_INFO 0 -6.300000 65.290072 6.339921 
STATIC_OBS_INFO 1 -6.300000 65.483052 6.530314 
NO_CANDIDATE
EGO_STATUS -5.250000 59.037704 7.700000 1.570796 0.049627 4.000000 0.000000
FAIL
DYNAMIC_OBS_INFO 0 -5.750000 54.368106 1.570796 67.527958 -5.750000 126.568774 11.761738 0.619488
DYNAMIC_OBS_INFO 1 -1.750000 52.316814 1.570796 22.341099 -1.750000 81.107905 5.563058 0.206578
STATIC_OBS_INFO 0 -6.300000 65.290072 6.335027 
STATIC_OBS_INFO 1 -6.300000 65.483052 6.525416 
NO_CANDIDATE
EGO_STATUS -5.250000 59.042667 7.800000 1.570796 0.049627 4.000000 0.000000
FAIL
DYNAMIC_OBS_INFO 0 -5.750000 54.368106 1.570796 68.702234 -5.750000 127.748045 11.823687 0.619488
DYNAMIC_OBS_INFO 1 -1.750000 52.316814 1.570796 22.886818 -1.750000 81.665244 5.583716 0.206578
STATIC_OBS_INFO 0 -6.300000 65.290072 6.330133 
STATIC_OBS_INFO 1 -6.300000 65.483052 6.520518 
NO_CANDIDATE
EGO_STATUS -5.250000 59.047630 7.900000 1.570796 0.049627 4.000000 0.000000
FAIL
DYNAMIC_OBS_INFO 0 -5.750000 54.368106 1.570796 69.882707 -5.750000 128.933511 11.885636 0.619488
DYNAMIC_OBS_INFO 1 -1.750000 52.316814 1.570796 23.434892 -1.750000 82.224648 5.604374 0.206578
STATIC_OBS_INFO 0 -6.300000 65.290072 6.325239 
STATIC_OBS_INFO 1 -6.300000 65.483052 6.515620 
NO_CANDIDATE
EGO_STATUS -5.250000 59.052593 8.000000 1.570796 0.049627 4.000000 0.000000
FAIL
DYNAMIC_OBS_INFO 0 -5.750000 54.368106 1.570796 71.069376 -5.750000 130.125172 11.947585 0.619488
DYNAMIC_OBS_INFO 1 -1.750000 52.316814 1.570796 23.985302 -1.750000 82.786119 5.625032 0.206578
STATIC_OBS_INFO 0 -6.300000 65.290072 6.320345 
STATIC_OBS_INFO 1 -6.300000 65.483052 6.510722 
NO_CANDIDATE
EGO_STATUS -5.250000 59.057555 8.100000 1.570796 0.049627 4.000000 0.000000
FAIL
DYNAMIC_OBS_INFO 0 -5.750000 54.368106 1.570796 72.262240 -5.750000 131.323028 12.009534 0.619488
DYNAMIC_OBS_INFO 1 -1.750000 52.316814 1.570796 24.538032 -1.750000 83.349655 5.645689 0.206578
STATIC_OBS_INFO 0 -6.300000 65.290072 6.315452 
STATIC_OBS_INFO 1 -6.300000 65.483052 6.505824 
NO_CANDIDATE
EGO_STATUS -5.250000 59.062518 8.200000 1.570796 0.049627 4.000000 0.000000
FAIL
DYNAMIC_OBS_INFO 0 -5.750000 54.368106 1.570796 73.461300 -5.750000 132.527079 12.071482 0.619488
DYNAMIC_OBS_INFO 1 -1.750000 52.316814 1.570796 25.093066 -1.750000 83.915256 5.666347 0.206578
STATIC_OBS_INFO 0 -6.300000 65.290072 6.310558 
STATIC_OBS_INFO 1 -6.300000 65.483052 6.500927 
NO_CANDIDATE
EGO_STATUS -5.250000 59.067481 8.300000 1.570796 0.049627 4.000000 0.000000
FAIL
DYNAMIC_OBS_INFO 0 -5.750000 54.368106 1.570796 74.666555 -5.750000 133.737324 12.133431 0.619488
DYNAMIC_OBS_INFO 1 -1.750000 52.316814 1.570796 25.650390 -1.750000 84.482924 5.687005 0.206578
STATIC_OBS_INFO 0 -6.300000 65.290072 6.305665 
STATIC_OBS_INFO 1 -6.300000 65.483052 6.496029 
NO_CANDIDATE
EGO_STATUS -5.250000 59.072443 8.400000 1.570796 0.049627 4.000000 0.000000
FAIL
DYNAMIC_OBS_INFO 0 -5.750000 54.368106 1.570796 75.878006 -5.750000 134.953765 12.195380 0.619488
DYNAMIC_OBS_INFO 1 -1.750000 52.316814 1.570796 26.209992 -1.750000 85.052657 5.707663 0.206578
STATIC_OBS_INFO 0 -6.300000 65.290072 6.300771 
STATIC_OBS_INFO 1 -6.300000 65.483052 6.491132 
NO_CANDIDATE
EGO_STATUS -5.250000 59.077406 8.500000 1.570796 0.049627 4.000000 0.000000
FAIL
DYNAMIC_OBS_INFO 0 -5.750000 54.368106 1.570796 77.095653 -5.750000 136.176400 12.257329 0.619488
DYNAMIC_OBS_INFO 1 -1.750000 52.316814 1.570796 26.771859 -1.750000 85.624457 5.728321 0.206578
STATIC_OBS_INFO 0 -6.300000 65.290072 6.295878 
STATIC_OBS_INFO 1 -6.300000 65.483052 6.486234 
NO_CANDIDATE
EGO_STATUS -5.250000 59.082369 8.600000 1.570796 0.049627 4.000000 0.000000
FAIL
DYNAMIC_OBS_INFO 0 -5.750000 54.368106 1.570796 78.319495 -5.750000 137.405231 12.319277 0.619488
DYNAMIC_OBS_INFO 1 -1.750000 52.316814 1.570796 27.335980 -1.750000 86.198322 5.748979 0.206578
STATIC_OBS_INFO 0 -6.300000 65.290072 6.290985 
STATIC_OBS_INFO 1 -6.300000 65.483052 6.481337 
NO_CANDIDATE
EGO_STATUS -5.250000 59.087332 8.700000 1.570796 0.049627 4.000000 0.000000
FAIL
DYNAMIC_OBS_INFO 0 -5.750000 54.368106 1.570796 79.549533 -5.750000 138.640256 12.381226 0.619488
DYNAMIC_OBS_INFO 1 -1.750000 52.316814 1.570796 27.902344 -1.750000 86.774252 5.769636 0.206578
STATIC_OBS_INFO 0 -6.300000 65.290072 6.286092 
STATIC_OBS_INFO 1 -6.300000 65.483052 6.476440 
NO_CANDIDATE
EGO_STATUS -5.250000 59.092294 8.800000 1.570796 0.049627 4.000000 0.000000
FAIL
DYNAMIC_OBS_INFO 0 -5.750000 54.368106 1.570796 80.785766 -5.750000 139.881476 12.443175 0.619488
DYNAMIC_OBS_INFO 1 -1.750000 52.316814 1.570796 28.470942 -1.750000 87.352249 5.790294 0.206578
STATIC_OBS_INFO 0 -6.300000 65.290072 6.281199 
STATIC_OBS_INFO 1 -6.300000 65.483052 6.471543 
NO_CANDIDATE
EGO_STATUS -5.250000 59.097257 8.900000 1.570796 0.049627 4.000000 0.000000
FAIL
DYNAMIC_OBS_INFO 0 -5.750000 54.368106 1.570796 82.028195 -5.750000 141.128891 12.505124 0.619488
DYNAMIC_OBS_INFO 1 -1.750000 52.316814 1.570796 29.041766 -1.750000 87.932311 5.810952 0.206578
STATIC_OBS_INFO 0 -6.300000 65.290072 6.276306 
STATIC_OBS_INFO 1 -6.300000 65.483052 6.466646 
NO_CANDIDATE
EGO_STATUS -5.250000 59.102220 9.000000 1.570796 0.049627 4.000000 0.000000
FAIL
DYNAMIC_OBS_INFO 0 -5.750000 54.368106 1.570796 83.276819 -5.750000 142.382501 12.567073 0.619488
DYNAMIC_OBS_INFO 1 -1.750000 52.316814 1.570796 29.614806 -1.750000 88.514439 5.831610 0.206578
STATIC_OBS_INFO 0 -6.300000 65.290072 6.271413 
STATIC_OBS_INFO 1 -6.300000 65.483052 6.461749 
NO_CANDIDATE
EGO_STATUS -5.250000 59.107183 9.100000 1.570796 0.049627 4.000000 0.000000
FAIL
DYNAMIC_OBS_INFO 0 -5.750000 54.368106 1.570796 84.531639 -5.750000 143.642305 12.629021 0.619488
DYNAMIC_OBS_INFO 1 -1.750000 52.316814 1.570796 30.190056 -1.750000 89.098633 5.852268 0.206578
STATIC_OBS_INFO 0 -6.300000 65.290072 6.266521 
STATIC_OBS_INFO 1 -6.300000 65.483052 6.456853 
NO_CANDIDATE
EGO_STATUS -5.250000 59.112145 9.200000 1.570796 0.049627 4.000000 0.000000
FAIL
DYNAMIC_OBS_INFO 0 -5.750000 54.368106 1.570796 85.792654 -5.750000 144.908305 12.690970 0.619488
DYNAMIC_OBS_INFO 1 -1.750000 52.316814 1.570796 30.767507 -1.750000 89.684893 5.872926 0.206578
STATIC_OBS_INFO 0 -6.300000 65.290072 6.261628 
STATIC_OBS_INFO 1 -6.300000 65.483052 6.451956 
NO_CANDIDATE
EGO_STATUS -5.250000 59.117108 9.300000 1.570796 0.049627 4.000000 0.000000
FAIL
DYNAMIC_OBS_INFO 0 -5.750000 54.368106 1.570796 87.059865 -5.750000 146.180499 12.752919 0.619488
DYNAMIC_OBS_INFO 1 -1.750000 52.316814 1.570796 31.347153 -1.750000 90.273218 5.893583 0.206578
STATIC_OBS_INFO 0 -6.300000 65.290072 6.256736 
STATIC_OBS_INFO 1 -6.300000 65.483052 6.447060 
NO_CANDIDATE
EGO_STATUS -5.250000 59.122071 9.400000 1.570796 0.049627 4.000000 0.000000
FAIL
DYNAMIC_OBS_INFO 0 -5.750000 54.368106 1.570796 88.333271 -5.750000 147.458889 12.814868 0.619488
DYNAMIC_OBS_INFO 1 -1.750000 52.316814 1.570796 31.928988 -1.750000 90.863609 5.914241 0.206578
STATIC_OBS_INFO 0 -6.300000 65.290072 6.251843 
STATIC_OBS_INFO 1 -6.300000 65.483052 6.442163 
NO_CANDIDATE
EGO_STATUS -5.250000 59.127033 9.500000 1.570796 0.049627 4.000000 0.000000
FAIL
DYNAMIC_OBS_INFO 0 -5.750000 54.368106 1.570796 89.612872 -5.750000 148.743473 12.876817 0.619488
DYNAMIC_OBS_INFO 1 -1.750000 52.316814 1.570796 32.513005 -1.750000 91.456066 5.934899 0.206578
STATIC_OBS_INFO 0 -6.300000 65.290072 6.246951 
STATIC_OBS_INFO 1 -6.300000 65.483052 6.437267 
NO_CANDIDATE
EGO_STATUS -5.250000 59.131996 9.600000 1.570796 0.049627 4.000000 0.000000
FAIL
DYNAMIC_OBS_INFO 0 -5.750000 54.368106 1.570796 90.898668 -5.750000 150.034252 12.938765 0.619488
DYNAMIC_OBS_INFO 1 -1.750000 52.316814 1.570796 33.099200 -1.750000 92.050589 5.955557 0.206578
STATIC_OBS_INFO 0 -6.300000 65.290072 6.242059 
STATIC_OBS_INFO 1 -6.300000 65.483052 6.432371 
NO_CANDIDATE
EGO_STATUS -5.250000 59.136959 9.700000 1.570796 0.049627 4.000000 0.000000
FAIL
DYNAMIC_OBS_INFO 0 -5.750000 54.368106 1.570796 92.190660 -5.750000 151.331226 13.000714 0.619488
DYNAMIC_OBS_INFO 1 -1.750000 52.316814 1.570796 33.687567 -1.750000 92.647178 5.976215 0.206578
STATIC_OBS_INFO 0 -6.300000 65.290072 6.237167 
STATIC_OBS_INFO 1 -6.300000 65.483052 6.427475 
NO_CANDIDATE
EGO_STATUS -5.250000 59.141922 9.800000 1.570796 0.049627 4.000000 0.000000
FAIL
DYNAMIC_OBS_INFO 0 -5.750000 54.368106 1.570796 93.488848 -5.750000 152.634395 13.062663 0.619488
DYNAMIC_OBS_INFO 1 -1.750000 52.316814 1.570796 34.278102 -1.750000 93.245832 5.996872 0.206578
STATIC_OBS_INFO 0 -6.300000 65.290072 6.232275 
STATIC_OBS_INFO 1 -6.300000 65.483052 6.422579 
NO_CANDIDATE
EGO_STATUS -5.250000 59.146884 9.900000 1.570796 0.049627 4.000000 0.000000
FAIL
DYNAMIC_OBS_INFO 0 -5.750000 54.368106 1.570796 94.793230 -5.750000 153.943759 13.124612 0.619488
DYNAMIC_OBS_INFO 1 -1.750000 52.316814 1.570796 34.870798 -1.750000 93.846552 6.017530 0.206578
STATIC_OBS_INFO 0 -6.300000 65.290072 6.227384 
STATIC_OBS_INFO 1 -6.300000 65.483052 6.417683 
NO_CANDIDATE
EGO_STATUS -5.250000 59.151847 10.000000 1.570796 0.049627 4.000000 0.000000
FAIL
DYNAMIC_OBS_INFO 0 -5.750000 54.368106 1.570796 96.103808 -5.750000 155.259317 13.186561 0.619488
DYNAMIC_OBS_INFO 1 -1.750000 52.316814 1.570796 35.465653 -1.750000 94.449338 6.038188 0.206578
STATIC_OBS_INFO 0 -6.300000 65.290072 6.222492 
STATIC_OBS_INFO 1 -6.300000 65.483052 6.412787 
NO_CANDIDATE
EGO_STATUS -5.250000 59.156810 10.100000 1.570796 0.049627 4.000000 0.000000
FAIL
DYNAMIC_OBS_INFO 0 -5.750000 54.368106 1.570796 97.420582 -5.750000 156.581071 13.248509 0.619488
DYNAMIC_OBS_INFO 1 -1.750000 52.316814 1.570796 36.062663 -1.750000 95.054190 6.058846 0.206578
STATIC_OBS_INFO 0 -6.300000 65.290072 6.217601 
STATIC_OBS_INFO 1 -6.300000 65.483052 6.407891 
NO_CANDIDATE
EGO_STATUS -5.250000 59.161772 10.200000 1.570796 0.049627 4.000000 0.000000
FAIL
DYNAMIC_OBS_INFO 0 -5.750000 54.368106 1.570796 98.743550 -5.750000 157.909019 13.310458 0.619488
DYNAMIC_OBS_INFO 1 -1.750000 52.316814 1.570796 36.661822 -1.750000 95.661107 6.079504 0.206578
STATIC_OBS_INFO 0 -6.300000 65.290072 6.212709 
STATIC_OBS_INFO 1 -6.300000 65.483052 6.402996 
NO_CANDIDATE
EGO_STATUS -5.250000 59.166735 10.300000 1.570796 0.049627 4.000000 0.000000
FAIL
DYNAMIC_OBS_INFO 0 -5.750000 54.368106 1.570796 100.072714 -5.750000 159.243162 13.372407 0.619488
DYNAMIC_OBS_INFO 1 -1.750000 52.316814 1.570796 37.263129 -1.750000 96.270091 6.100162 0.206578
STATIC_OBS_INFO 0 -6.300000 65.290072 6.207818 
STATIC_OBS_INFO 1 -6.300000 65.483052 6.398100 
NO_CANDIDATE
EGO_STATUS -5.250000 59.171698 10.400000 1.570796 0.049627 4.000000 0.000000
FAIL
DYNAMIC_OBS_INFO 0 -5.750000 54.368106 1.570796 101.408073 -5.750000 160.583501 13.434356 0.619488
DYNAMIC_OBS_INFO 1 -1.750000 52.316814 1.570796 37.866578 -1.750000 96.881140 6.120819 0.206578
STATIC_OBS_INFO 0 -6.300000 65.290072 6.202927 
STATIC_OBS_INFO 1 -6.300000 65.483052 6.393205 
NO_CANDIDATE
EGO_STATUS -5.250000 59.176661 10.500000 1.570796 0.049627 4.000000 0.000000
FAIL
DYNAMIC_OBS_INFO 0 -5.750000 54.368106 1.570796 102.749627 -5.750000 161.930034 13.496304 0.619488
DYNAMIC_OBS_INFO 1 -1.750000 52.316814 1.570796 38.472168 -1.750000 97.494255 6.141477 0.206578
STATIC_OBS_INFO 0 -6.300000 65.290072 6.198036 
STATIC_OBS_INFO 1 -6.300000 65.483052 6.388309 
NO_CANDIDATE
EGO_STATUS -5.250000 59.181623 10.600000 1.570796 0.049627 4.000000 0.000000
FAIL
DYNAMIC_OBS_INFO 0 -5.750000 54.368106 1.570796 104.097376 -5.750000 163.282761 13.558253 0.619488
DYNAMIC_OBS_INFO 1 -1.750000 52.316814 1.570796 39.079895 -1.750000 98.109435 6.162135 0.206578
STATIC_OBS_INFO 0 -6.300000 65.290072 6.193145 
STATIC_OBS_INFO 1 -6.300000 65.483052 6.383414 
NO_CANDIDATE
EGO_STATUS -5.250000 59.186586 10.700000 1.570796 0.049627 4.000000 0.000000
FAIL
DYNAMIC_OBS_INFO 0 -5.750000 54.368106 1.570796 105.451321 -5.750000 164.641684 13.620202 0.619488
DYNAMIC_OBS_INFO 1 -1.750000 52.316814 1.570796 39.689756 -1.750000 98.726682 6.182793 0.206578
STATIC_OBS_INFO 0 -6.300000 65.290072 6.188254 
STATIC_OBS_INFO 1 -6.300000 65.483052 6.378519 
NO_CANDIDATE
EGO_STATUS -5.250000 59.191549 10.800000 1.570796 0.049627 4.000000 0.000000
FAIL
DYNAMIC_OBS_INFO 0 -5.750000 54.368106 1.570796 106.811461 -5.750000 166.006802 13.682151 0.619488
DYNAMIC_OBS_INFO 1 -1.750000 52.316814 1.570796 40.301749 -1.750000 99.345994 6.203451 0.206578
STATIC_OBS_INFO 0 -6.300000 65.290072 6.183363 
STATIC_OBS_INFO 1 -6.300000 65.483052 6.373624 
NO_CANDIDATE
EGO_STATUS -5.250000 59.196511 10.900000 1.570796 0.049627 4.000000 0.000000
FAIL
DYNAMIC_OBS_INFO 0 -5.750000 54.368106 1.570796 108.177796 -5.750000 167.378114 13.744100 0.619488
DYNAMIC_OBS_INFO 1 -1.750000 52.316814 1.570796 40.915870 -1.750000 99.967372 6.224109 0.206578
STATIC_OBS_INFO 0 -6.300000 65.290072 6.178473 
STATIC_OBS_INFO 1 -6.300000 65.483052 6.368729 
NO_CANDIDATE
EGO_STATUS -5.250000 59.201474 11.000000 1.570796 0.049627 4.000000 0.000000
FAIL
DYNAMIC_OBS_INFO 0 -5.750000 54.368106 1.570796 109.550326 -5.750000 168.755622 13.806048 0.619488
DYNAMIC_OBS_INFO 1 -1.750000 52.316814 1.570796 41.532118 -1.750000 100.590816 6.244766 0.206578
STATIC_OBS_INFO 0 -6.300000 65.290072 6.173582 
STATIC_OBS_INFO 1 -6.300000 65.483052 6.363835 
NO_CANDIDATE
EGO_STATUS -5.250000 59.206437 11.100000 1.570796 0.049627 4.000000 0.000000
FAIL
DYNAMIC_OBS_INFO 0 -5.750000 54.368106 1.570796 110.929051 -5.750000 170.139324 13.867997 0.619488
DYNAMIC_OBS_INFO 1 -1.750000 52.316814 1.570796 42.150489 -1.750000 101.216325 6.265424 0.206578
STATIC_OBS_INFO 0 -6.300000 65.290072 6.168692 
STATIC_OBS_INFO 1 -6.300000 65.483052 6.358940 
NO_CANDIDATE
EGO_STATUS -5.250000 59.211400 11.200000 1.570796 0.049627 4.000000 0.000000
FAIL
DYNAMIC_OBS_INFO 0 -5.750000 54.368106 1.570796 112.313972 -5.750000 171.529221 13.929946 0.619488
DYNAMIC_OBS_INFO 1 -1.750000 52.316814 1.570796 42.770983 -1.750000 101.843900 6.286082 0.206578
STATIC_OBS_INFO 0 -6.300000 65.290072 6.163802 
STATIC_OBS_INFO 1 -6.300000 65.483052 6.354045 
NO_CANDIDATE
EGO_STATUS -5.250000 59.216362 11.300000 1.570796 0.049627 4.000000 0.000000
FAIL
DYNAMIC_OBS_INFO 0 -5.750000 54.368106 1.570796 113.705088 -5.750000 172.925313 13.991895 0.619488
DYNAMIC_OBS_INFO 1 -1.750000 52.316814 1.570796 43.393597 -1.750000 102.473541 6.306740 0.206578
STATIC_OBS_INFO 0 -6.300000 65.290072 6.158912 
STATIC_OBS_INFO 1 -6.300000 65.483052 6.349151 
NO_CANDIDATE
EGO_STATUS -5.250000 59.221325 11.400000 1.570796 0.049627 4.000000 0.000000
FAIL
DYNAMIC_OBS_INFO 0 -5.750000 54.368106 1.570796 115.102398 -5.750000 174.327600 14.053844 0.619488
DYNAMIC_OBS_INFO 1 -1.750000 52.316814 1.570796 44.018328 -1.750000 103.105248 6.327398 0.206578
STATIC_OBS_INFO 0 -6.300000 65.290072 6.154022 
STATIC_OBS_INFO 1 -6.300000 65.483052 6.344257 
NO_CANDIDATE
EGO_STATUS -5.250000 59.226288 11.500000 1.570796 0.049627 4.000000 0.000000
FAIL
DYNAMIC_OBS_INFO 0 -5.750000 54.368106 1.570796 116.505904 -5.750000 175.736082 14.115792 0.619488
DYNAMIC_OBS_INFO 1 -1.750000 52.316814 1.570796 44.645175 -1.750000 103.739021 6.348056 0.206578
STATIC_OBS_INFO 0 -6.300000 65.290072 6.149132 
STATIC_OBS_INFO 1 -6.300000 65.483052 6.339362 
NO_CANDIDATE
EGO_STATUS -5.250000 59.231251 11.600000 1.570796 0.049627 4.000000 0.000000
FAIL
DYNAMIC_OBS_INFO 0 -5.750000 54.368106 1.570796 117.915606 -5.750000 177.150759 14.177741 0.619488
DYNAMIC_OBS_INFO 1 -1.750000 52.316814 1.570796 45.274136 -1.750000 104.374859 6.368713 0.206578
STATIC_OBS_INFO 0 -6.300000 65.290072 6.144242 
STATIC_OBS_INFO 1 -6.300000 65.483052 6.334468 
NO_CANDIDATE
EGO_STATUS -5.250000 59.236213 11.700000 1.570796 0.049627 4.000000 0.000000
FAIL
DYNAMIC_OBS_INFO 0 -5.750000 54.368106 1.570796 119.331502 -5.750000 178.571630 14.239690 0.619488
DYNAMIC_OBS_INFO 1 -1.750000 52.316814 1.570796 45.905209 -1.750000 105.012764 6.389371 0.206578
STATIC_OBS_INFO 0 -6.300000 65.290072 6.139352 
STATIC_OBS_INFO 1 -6.300000 65.483052 6.329574 
NO_CANDIDATE
EGO_STATUS -5.250000 59.241176 11.800000 1.570796 0.049627 4.000000 0.000000
FAIL
DYNAMIC_OBS_INFO 0 -5.750000 54.368106 1.570796 120.753593 -5.750000 179.998697 14.301639 0.619488
DYNAMIC_OBS_INFO 1 -1.750000 52.316814 1.570796 46.538393 -1.750000 105.652734 6.410029 0.206578
STATIC_OBS_INFO 0 -6.300000 65.290072 6.134463 
STATIC_OBS_INFO 1 -6.300000 65.483052 6.324680 
NO_CANDIDATE
EGO_STATUS -5.250000 59.246139 11.900000 1.570796 0.049627 4.000000 0.000000
FAIL
DYNAMIC_OBS_INFO 0 -5.750000 54.368106 1.570796 122.181880 -5.750000 181.431958 14.363588 0.619488
DYNAMIC_OBS_INFO 1 -1.750000 52.316814 1.570796 47.173687 -1.750000 106.294769 6.430687 0.206578
STATIC_OBS_INFO 0 -6.300000 65.290072 6.129573 
STATIC_OBS_INFO 1 -6.300000 65.483052 6.319787 
NO_CANDIDATE
EGO_STATUS -5.250000 59.251101 12.000000 1.570796 0.049627 4.000000 0.000000
FAIL
DYNAMIC_OBS_INFO 0 -5.750000 54.368106 1.570796 123.616361 -5.750000 182.871414 14.425536 0.619488
DYNAMIC_OBS_INFO 1 -1.750000 52.316814 1.570796 47.811087 -1.750000 106.938871 6.451345 0.206578
STATIC_OBS_INFO 0 -6.300000 65.290072 6.124684 
STATIC_OBS_INFO 1 -6.300000 65.483052 6.314893 
NO_CANDIDATE
EGO_STATUS -5.250000 59.256064 12.100000 1.570796 0.049627 4.000000 0.000000
FAIL
DYNAMIC_OBS_INFO 0 -5.750000 54.368106 1.570796 125.057038 -5.750000 184.317065 14.487485 0.619488
DYNAMIC_OBS_INFO 1 -1.750000 52.316814 1.570796 48.450594 -1.750000 107.585038 6.472002 0.206578
STATIC_OBS_INFO 0 -6.300000 65.290072 6.119795 
STATIC_OBS_INFO 1 -6.300000 65.483052 6.309999 
NO_CANDIDATE
EGO_STATUS -5.250000 59.261027 12.200000 1.570796 0.049627 4.000000 0.000000
FAIL
DYNAMIC_OBS_INFO 0 -5.750000 54.368106 1.570796 126.503910 -5.750000 185.768911 14.549434 0.619488
DYNAMIC_OBS_INFO 1 -1.750000 52.316814 1.570796 49.092206 -1.750000 108.233272 6.492660 0.206578
STATIC_OBS_INFO 0 -6.300000 65.290072 6.114906 
STATIC_OBS_INFO 1 -6.300000 65.483052 6.305106 
NO_CANDIDATE
EGO_STATUS -5.250000 59.265990 12.300000 1.570796 0.049627 4.000000 0.000000
FAIL
DYNAMIC_OBS_INFO 0 -5.750000 54.368106 1.570796 127.956977 -5.750000 187.226952 14.611383 0.619488
DYNAMIC_OBS_INFO 1 -1.750000 52.316814 1.570796 49.735921 -1.750000 108.883570 6.513318 0.206578
STATIC_OBS_INFO 0 -6.300000 65.290072 6.110017 
STATIC_OBS_INFO 1 -6.300000 65.483052 6.300212 
NO_CANDIDATE
EGO_STATUS -5.250000 59.270952 12.400000 1.570796 0.049627 4.000000 0.000000
FAIL
DYNAMIC_OBS_INFO 0 -5.750000 54.368106 1.570796 129.416239 -5.750000 188.691188 14.673331 0.619488
DYNAMIC_OBS_INFO 1 -1.750000 52.316814 1.570796 50.381739 -1.750000 109.535935 6.533976 0.206578
STATIC_OBS_INFO 0 -6.300000 65.290072 6.105128 
STATIC_OBS_INFO 1 -6.300000 65.483052 6.295319 
NO_CANDIDATE
EGO_STATUS -5.250000 59.275915 12.500000 1.570796 0.049627 4.000000 0.000000
FAIL
DYNAMIC_OBS_INFO 0 -5.750000 54.368106 1.570796 130.881696 -5.750000 190.161618 14.735280 0.619488
DYNAMIC_OBS_INFO 1 -1.750000 52.316814 1.570796 51.029658 -1.750000 110.190366 6.554634 0.206578
STATIC_OBS_INFO 0 -6.300000 65.290072 6.100239 
STATIC_OBS_INFO 1 -6.300000 65.483052 6.290426 
NO_CANDIDATE
EGO_STATUS -5.250000 59.280878 12.600000 1.570796 0.049627 4.000000 0.000000
FAIL
DYNAMIC_OBS_INFO 0 -5.750000 54.368106 1.570796 132.353348 -5.750000 191.638244 14.797229 0.619488
DYNAMIC_OBS_INFO 1 -1.750000 52.316814 1.570796 51.679676 -1.750000 110.846862 6.575292 0.206578
STATIC_OBS_INFO 0 -6.300000 65.290072 6.095351 
STATIC_OBS_INFO 1 -6.300000 65.483052 6.285533 
NO_CANDIDATE
EGO_STATUS -5.250000 59.285840 12.700000 1.570796 0.049627 4.000000 0.000000
FAIL
DYNAMIC_OBS_INFO 0 -5.750000 54.368106 1.570796 133.831195 -5.750000 193.121064 14.859178 0.619488
DYNAMIC_OBS_INFO 1 -1.750000 52.316814 1.570796 52.331794 -1.750000 111.505424 6.595949 0.206578
STATIC_OBS_INFO 0 -6.300000 65.290072 6.090462 
STATIC_OBS_INFO 1 -6.300000 65.483052 6.280640 
NO_CANDIDATE
EGO_STATUS -5.250000 59.290803 12.800000 1.570796 0.049627 4.000000 0.000000
FAIL
DYNAMIC_OBS_INFO 0 -5.750000 54.368106 1.570796 135.315237 -5.750000 194.610079 14.921127 0.619488
DYNAMIC_OBS_INFO 1 -1.750000 52.316814 1.570796 52.986009 -1.750000 112.166052 6.616607 0.206578
STATIC_OBS_INFO 0 -6.300000 65.290072 6.085574 
STATIC_OBS_INFO 1 -6.300000 65.483052 6.275747 
NO_CANDIDATE
EGO_STATUS -5.250000 59.295766 12.900000 1.570796 0.049627 4.000000 0.000000
FAIL
DYNAMIC_OBS_INFO 0 -5.750000 54.368106 1.570796 136.805475 -5.750000 196.105290 14.983075 0.619488
DYNAMIC_OBS_INFO 1 -1.750000 52.316814 1.570796 53.642321 -1.750000 112.828745 6.637265 0.206578
STATIC_OBS_INFO 0 -6.300000 65.290072 6.080686 
STATIC_OBS_INFO 1 -6.300000 65.483052 6.270855 
NO_CANDIDATE
EGO_STATUS -5.250000 59.300729 13.000000 1.570796 0.049627 4.000000 0.000000
FAIL
DYNAMIC_OBS_INFO 0 -5.750000 54.368106 1.570796 138.301907 -5.750000 197.606694 15.045024 0.619488
DYNAMIC_OBS_INFO 1 -1.750000 52.316814 1.570796 54.300729 -1.750000 113.493505 6.657923 0.206578
STATIC_OBS_INFO 0 -6.300000 65.290072 6.075797 
STATIC_OBS_INFO 1 -6.300000 65.483052 6.265962 
NO_CANDIDATE
EGO_STATUS -5.250000 59.305691 13.100000 1.570796 0.049627 4.000000 0.000000
FAIL
DYNAMIC_OBS_INFO 0 -5.750000 54.368106 1.570796 139.804534 -5.750000 199.114294 15.106973 0.619488
DYNAMIC_OBS_INFO 1 -1.750000 52.316814 1.570796 54.961231 -1.750000 114.160330 6.678581 0.206578
STATIC_OBS_INFO 0 -6.300000 65.290072 6.070909 
STATIC_OBS_INFO 1 -6.300000 65.483052 6.261069 
NO_CANDIDATE
EGO_STATUS -5.250000 59.310654 13.200000 1.570796 0.049627 4.000000 0.000000
FAIL
DYNAMIC_OBS_INFO 0 -5.750000 54.368106 1.570796 141.313357 -5.750000 200.628089 15.168922 0.619488
DYNAMIC_OBS_INFO 1 -1.750000 52.316814 1.570796 55.623828 -1.750000 114.829221 6.699239 0.206578
STATIC_OBS_INFO 0 -6.300000 65.290072 6.066022 
STATIC_OBS_INFO 1 -6.300000 65.483052 6.256177 
NO_CANDIDATE
EGO_STATUS -5.250000 59.315617 13.300000 1.570796 0.049627 4.000000 0.000000
FAIL
DYNAMIC_OBS_INFO 0 -5.750000 54.368106 1.570796 142.828374 -5.750000 202.148079 15.230871 0.619488
DYNAMIC_OBS_INFO 1 -1.750000 52.316814 1.570796 56.288518 -1.750000 115.500178 6.719896 0.206578
STATIC_OBS_INFO 0 -6.300000 65.290072 6.061134 
STATIC_OBS_INFO 1 -6.300000 65.483052 6.251285 
NO_CANDIDATE
EGO_STATUS -5.250000 59.320579 13.400000 1.570796 0.049627 4.000000 0.000000
FAIL
DYNAMIC_OBS_INFO 0 -5.750000 54.368106 1.570796 144.349587 -5.750000 203.674263 15.292819 0.619488
DYNAMIC_OBS_INFO 1 -1.750000 52.316814 1.570796 56.955300 -1.750000 116.173200 6.740554 0.206578
STATIC_OBS_INFO 0 -6.300000 65.290072 6.056246 
STATIC_OBS_INFO 1 -6.300000 65.483052 6.246393 
NO_CANDIDATE
EGO_STATUS -5.250000 59.325542 13.500000 1.570796 0.049627 4.000000 0.000000
FAIL
DYNAMIC_OBS_INFO 0 -5.750000 54.368106 1.570796 145.876995 -5.750000 205.206643 15.354768 0.619488
DYNAMIC_OBS_INFO 1 -1.750000 52.316814 1.570796 57.624174 -1.750000 116.848288 6.761212 0.206578
STATIC_OBS_INFO 0 -6.300000 65.290072 6.051359 
STATIC_OBS_INFO 1 -6.300000 65.483052 6.241501 
NO_CANDIDATE
EGO_STATUS -5.250000 59.330505 13.600000 1.570796 0.049627 4.000000 0.000000
FAIL
DYNAMIC_OBS_INFO 0 -5.750000 54.368106 1.570796 147.410597 -5.750000 206.745217 15.416717 0.619488
DYNAMIC_OBS_INFO 1 -1.750000 52.316814 1.570796 58.295139 -1.750000 117.525443 6.781870 0.206578
STATIC_OBS_INFO 0 -6.300000 65.290072 6.046471 
STATIC_OBS_INFO 1 -6.300000 65.483052 6.236609 
NO_CANDIDATE
EGO_STATUS -5.250000 59.335468 13.700000 1.570796 0.049627 4.000000 0.000000
FAIL
DYNAMIC_OBS_INFO 0 -5.750000 54.368106 1.570796 148.950395 -5.750000 208.289986 15.478666 0.619488
DYNAMIC_OBS_INFO 1 -1.750000 52.316814 1.570796 58.968193 -1.750000 118.204662 6.802528 0.206578
STATIC_OBS_INFO 0 -6.300000 65.290072 6.041584 
STATIC_OBS_INFO 1 -6.300000 65.483052 6.231717 
NO_CANDIDATE
EGO_STATUS -5.250000 59.340430 13.800000 1.570796 0.049627 4.000000 0.000000
FAIL
DYNAMIC_OBS_INFO 0 -5.750000 54.368106 1.570796 150.496387 -5.750000 209.840950 15.540615 0.619488
DYNAMIC_OBS_INFO 1 -1.750000 52.316814 1.570796 59.643337 -1.750000 118.885948 6.823185 0.206578
STATIC_OBS_INFO 0 -6.300000 65.290072 6.036697 
STATIC_OBS_INFO 1 -6.300000 65.483052 6.226825 
NO_CANDIDATE
EGO_STATUS -5.250000 59.345393 13.900000 1.570796 0.049627 4.000000 0.000000
FAIL
DYNAMIC_OBS_INFO 0 -5.750000 54.368106 1.570796 152.048575 -5.750000 211.398109 15.602563 0.619488
DYNAMIC_OBS_INFO 1 -1.750000 52.316814 1.570796 60.320570 -1.750000 119.569300 6.843843 0.206578
STATIC_OBS_INFO 0 -6.300000 65.290072 6.031810 
STATIC_OBS_INFO 1 -6.300000 65.483052 6.221934 
NO_CANDIDATE
EGO_STATUS -5.250000 59.350356 14.000000 1.570796 0.049627 4.000000 0.000000
FAIL
DYNAMIC_OBS_INFO 0 -5.750000 54.368106 1.570796 153.606958 -5.750000 212.961463 15.664512 0.619488
DYNAMIC_OBS_INFO 1 -1.750000 52.316814 1.570796 60.999891 -1.750000 120.254717 6.864501 0.206578
STATIC_OBS_INFO 0 -6.300000 65.290072 6.026923 
STATIC_OBS_INFO 1 -6.300000 65.483052 6.217042 
NO_CANDIDATE
EGO_STATUS -5.250000 59.355319 14.100000 1.570796 0.049627 4.000000 0.000000
FAIL
DYNAMIC_OBS_INFO 0 -5.750000 54.368106 1.570796 155.171536 -5.750000 214.531011 15.726461 0.619488
DYNAMIC_OBS_INFO 1 -1.750000 52.316814 1.570796 61.681299 -1.750000 120.942200 6.885159 0.206578
STATIC_OBS_INFO 0 -6.300000 65.290072 6.022036 
STATIC_OBS_INFO 1 -6.300000 65.483052 6.212151 
TIMEOUT
