STATIC_OBS_INIT_INFO 0 -6.300000 65.384842
STATIC_OBS_INIT_INFO 1 -6.300000 65.655628
Parent: -28.567161 10.000000 101.000000 0.000000 15.150000 17.519699 -10.000000 2.413140 40.000000 0.000000 0 0 0 0 0 0 0 0
Child: 17.519699 24.502925 247.000000 9.360371 268.050000 0.000000 -10.000000 0.000000 0.000000 0.000000 0 0 0 0 0 0 0 0
EGO_STATUS -5.750000 15.505815 0.000000 1.570796 14.297937 4.000000 0.000000
DYNAMIC_OBS_INFO 0 -5.750000 53.531045 1.570796 36.595436 -5.750000 53.531045 5.531030 0.668150
DYNAMIC_OBS_INFO 1 -1.750000 53.376675 1.570796 36.659941 -1.750000 53.376675 4.355018 0.195419
STATIC_OBS_INFO 0 -6.300000 65.384842 48.452355 
STATIC_OBS_INFO 1 -6.300000 65.655628 48.723124 
Parent: -37.809507 10.000000 101.000000 0.000000 115.150000 6.776961 -10.000000 3.012542 49.000000 0.000000 0 0 0 0 0 0 0 0
Child: 6.776961 10.000000 101.000000 0.000000 15.150000 15.276961 -10.000000 0.000000 0.000000 0.000000 0 0 0 0 0 0 0 0
Child: 15.276961 23.073131 232.000000 9.359482 244.800000 0.000000 -10.000000 0.000000 0.000000 0.000000 0 0 0 0 0 0 0 0
EGO_STATUS -5.749993 16.935609 0.100000 1.570774 14.297937 4.000000 0.000000
DYNAMIC_OBS_INFO 0 -5.750000 53.531045 1.570796 35.722086 -5.750000 54.087488 5.597845 0.668150
DYNAMIC_OBS_INFO 1 -1.750000 53.376675 1.570796 35.239008 -1.750000 53.376675 4.355018 0.195419
STATIC_OBS_INFO 0 -6.300000 65.384842 47.022658 
STATIC_OBS_INFO 1 -6.300000 65.655628 47.293426 
Parent: -38.306224 10.000000 101.000000 0.000000 115.150000 4.380244 -10.000000 2.912542 47.000000 0.000000 0 0 0 0 0 0 0 0
Child: 4.380244 10.000000 101.000000 0.000000 15.150000 12.880244 -10.000000 0.000000 0.000000 0.000000 0 0 0 0 0 0 0 0
Child: 12.880244 21.643337 218.000000 9.358602 221.100000 0.000000 -10.000000 0.000000 0.000000 0.000000 0 0 0 0 0 0 0 0
EGO_STATUS -5.749813 18.365402 0.200000 1.570485 14.297937 4.000000 0.000000
DYNAMIC_OBS_INFO 0 -5.750000 53.531045 1.570796 34.855418 -5.750000 54.650614 5.664660 0.668150
DYNAMIC_OBS_INFO 1 -1.750000 53.376675 1.570796 33.818717 -1.750000 53.376675 4.355018 0.195419
STATIC_OBS_INFO 0 -6.300000 65.384842 45.592979 
STATIC_OBS_INFO 1 -6.300000 65.655628 45.863746 
Parent: -39.799494 10.000000 101.000000 0.000000 115.150000 1.986974 -10.000000 2.812542 46.000000 0.000000 0 0 0 0 0 0 0 0
Child: 1.986974 10.000000 101.000000 0.000000 15.150000 10.486974 -10.000000 0.000000 0.000000 0.000000 0 0 0 0 0 0 0 0
Child: 10.486974 20.213544 204.000000 9.359526 197.400000 0.000000 -10.000000 0.000000 0.000000 0.000000 0 0 0 0 0 0 0 0
EGO_STATUS -5.748735 19.795195 0.300000 1.569425 14.297937 4.000000 0.000000
DYNAMIC_OBS_INFO 0 -5.750000 53.531045 1.570796 33.995436 -5.750000 55.220420 5.731475 0.668150
DYNAMIC_OBS_INFO 1 -1.750000 53.376675 1.570796 32.398971 -1.750000 53.376675 4.355018 0.195419
STATIC_OBS_INFO 0 -6.300000 65.384842 44.163341 
STATIC_OBS_INFO 1 -6.300000 65.655628 44.434107 
Parent: -40.178234 10.000000 101.000000 0.000000 115.150000 -0.291766 -10.000000 2.712542 44.000000 0.000000 0 0 0 0 0 0 0 0
Child: -0.291766 10.000000 101.000000 0.000000 15.150000 8.208234 -10.000000 0.000000 0.000000 0.000000 0 0 0 0 0 0 0 0
Child: 8.208234 18.783750 189.000000 9.359217 173.850000 0.000000 -10.000000 0.000000 0.000000 0.000000 0 0 0 0 0 0 0 0
EGO_STATUS -5.745261 21.224985 0.400000 1.567055 14.297937 4.000000 0.000000
DYNAMIC_OBS_INFO 0 -5.750000 53.531045 1.570796 33.142156 -5.750000 55.796909 5.798290 0.668150
DYNAMIC_OBS_INFO 1 -1.750000 53.376675 1.570796 30.979579 -1.750000 53.376675 4.355018 0.195419
STATIC_OBS_INFO 0 -6.300000 65.384842 42.733793 
STATIC_OBS_INFO 1 -6.300000 65.655628 43.004556 
Parent: -41.668815 10.000000 101.000000 0.000000 115.150000 -2.682347 -10.000000 2.612542 43.000000 0.000000 0 0 0 0 0 0 0 0
Child: -2.682347 10.000000 101.000000 0.000000 15.150000 5.817653 -10.000000 0.000000 0.000000 0.000000 0 0 0 0 0 0 0 0
Child: 5.817653 17.353957 175.000000 9.357675 150.150000 0.000000 -10.000000 0.000000 0.000000 0.000000 0 0 0 0 0 0 0 0
EGO_STATUS -5.737223 22.654755 0.500000 1.563003 14.297937 4.000000 0.000000
DYNAMIC_OBS_INFO 0 -5.750000 53.531045 1.570796 32.295624 -5.750000 56.380078 5.865105 0.668150
DYNAMIC_OBS_INFO 1 -1.750000 53.376675 1.570796 29.560298 -1.750000 53.376675 4.355018 0.195419
STATIC_OBS_INFO 0 -6.300000 65.384842 41.304418 
STATIC_OBS_INFO 1 -6.300000 65.655628 41.575178 
Parent: -42.124224 10.000000 101.000000 0.000000 115.150000 -5.037756 -10.000000 2.512542 41.000000 0.000000 0 0 0 0 0 0 0 0
Child: -5.037756 10.000000 101.000000 0.000000 15.150000 3.462244 -10.000000 0.000000 0.000000 0.000000 0 0 0 0 0 0 0 0
Child: 3.462244 15.924163 161.000000 9.358957 126.750000 0.000000 -10.000000 0.000000 0.000000 0.000000 0 0 0 0 0 0 0 0
EGO_STATUS -5.722121 24.084467 0.600000 1.557192 14.297937 4.000000 0.000000
DYNAMIC_OBS_INFO 0 -5.750000 53.531045 1.570796 31.455926 -5.750000 56.969930 5.931920 0.668150
DYNAMIC_OBS_INFO 1 -1.750000 53.376675 1.570796 28.140889 -1.750000 53.376675 4.355018 0.195419
STATIC_OBS_INFO 0 -6.300000 65.384842 39.875345 
STATIC_OBS_INFO 1 -6.300000 65.655628 40.146101 
Parent: -43.511975 10.000000 101.000000 0.000000 115.150000 -7.325506 -10.000000 2.412542 40.000000 0.000000 0 0 0 0 0 0 0 0
Child: -7.325506 10.000000 101.000000 0.000000 15.150000 1.174494 -10.000000 0.000000 0.000000 0.000000 0 0 0 0 0 0 0 0
Child: 1.174494 14.494370 146.000000 9.359294 103.200000 0.000000 -10.000000 0.000000 0.000000 0.000000 0 0 0 0 0 0 0 0
EGO_STATUS -5.697607 25.514047 0.700000 1.549919 14.297937 4.000000 0.000000
DYNAMIC_OBS_INFO 0 -5.750000 53.531045 1.570796 30.623195 -5.750000 57.566462 5.998735 0.668150
DYNAMIC_OBS_INFO 1 -1.750000 53.376675 1.570796 26.721197 -1.750000 53.376675 4.355018 0.195419
STATIC_OBS_INFO 0 -6.300000 65.384842 38.446741 
STATIC_OBS_INFO 1 -6.300000 65.655628 38.717490 
Parent: 267.207547 30.290952 304.000000 14.123305 3032.100000 8.975596 0.000000 3.702333 49.000000 0.000000 0 0 0 0 0 0 0 0
Child: 8.975596 13.064576 132.000000 6.686345 84.000000 0.000000 0.000000 0.000000 0.000000 0.000000 0 0 0 0 0 0 0 0
EGO_STATUS -5.662035 26.943394 0.800000 1.541865 14.297937 4.000000 0.000000
DYNAMIC_OBS_INFO 0 -5.750000 53.531045 1.570796 29.812270 -5.750000 58.169677 6.065550 0.668150
DYNAMIC_OBS_INFO 1 -1.750000 53.376675 1.570796 25.315823 -1.750000 53.376675 4.355018 0.195419
STATIC_OBS_INFO 0 -6.300000 65.384842 37.033458 
STATIC_OBS_INFO 1 -6.300000 65.655628 37.304198 
Parent: 257.189380 30.290952 304.000000 14.123298 3032.100000 -2.942572 0.000000 3.602334 47.000000 0.000000 0 0 0 0 0 0 0 0
Child: -2.942572 11.649492 118.000000 6.686080 64.800000 0.000000 -10.000000 0.000000 0.000000 0.000000 0 0 0 0 0 0 0 0
EGO_STATUS -5.615526 28.357710 0.900000 1.534121 14.003937 3.000000 -2.940000
DYNAMIC_OBS_INFO 0 -5.750000 53.531045 1.570796 29.037906 -5.750000 58.779572 6.132365 0.668150
DYNAMIC_OBS_INFO 1 -1.750000 53.376675 1.570796 23.939546 -1.750000 53.376675 4.355018 0.195419
STATIC_OBS_INFO 0 -6.300000 65.384842 35.650232 
STATIC_OBS_INFO 1 -6.300000 65.655628 35.920960 
Parent: 256.517772 30.290952 304.000000 14.123292 3032.100000 -4.514180 0.000000 3.502336 46.000000 0.000000 0 0 0 0 0 0 0 0
Child: -4.514180 10.263808 104.000000 6.686118 48.900000 0.000000 -10.000000 0.000000 0.000000 0.000000 0 0 0 0 0 0 0 0
EGO_STATUS -5.560196 29.742287 1.000000 1.527922 13.709937 3.000000 -2.940000
DYNAMIC_OBS_INFO 0 -5.750000 53.531045 1.570796 28.300068 -5.750000 59.396150 6.199180 0.668150
DYNAMIC_OBS_INFO 1 -1.750000 53.376675 1.570796 22.592755 -1.750000 53.376675 4.355018 0.195419
STATIC_OBS_INFO 0 -6.300000 65.384842 34.296998 
STATIC_OBS_INFO 1 -6.300000 65.655628 34.567711 
Parent: -30.922917 10.000000 101.000000 20.000000 115.150000 -14.453955 0.000000 4.149850 34.000000 0.000000 0 0 0 1 0 0 0 0
Child: -14.453955 10.000000 101.000000 0.000000 15.150000 -5.953955 -10.000000 0.000000 0.000000 0.000000 0 0 0 0 0 0 0 0
Child: -5.953955 8.907535 91.000000 6.684682 34.650000 0.000000 -10.000000 0.000000 0.000000 0.000000 0 0 0 0 0 0 0 0
EGO_STATUS -5.499294 31.097192 1.100000 1.524333 13.415937 3.000000 -2.940000
DYNAMIC_OBS_INFO 0 -5.750000 53.531045 1.570796 27.598570 -5.750000 60.019408 6.265995 0.668150
DYNAMIC_OBS_INFO 1 -1.750000 53.376675 1.570796 21.275990 -1.750000 53.376675 4.355018 0.195419
STATIC_OBS_INFO 0 -6.300000 65.384842 32.973521 
STATIC_OBS_INFO 1 -6.300000 65.655628 33.244216 
Parent: -30.974276 10.000000 101.000000 20.000000 115.150000 -15.405317 0.000000 4.049853 33.000000 0.000000 0 0 0 1 0 0 0 0
Child: -15.405317 10.000000 101.000000 0.000000 15.150000 -6.905317 -10.000000 0.000000 0.000000 0.000000 0 0 0 0 0 0 0 0
Child: -6.905317 7.580657 77.000000 6.684026 24.750000 0.000000 -10.000000 0.000000 0.000000 0.000000 0 0 0 0 0 0 0 0
EGO_STATUS -5.437138 32.422612 1.200000 1.524148 13.121937 3.000000 -2.940000
DYNAMIC_OBS_INFO 0 -5.750000 53.531045 1.570796 26.933131 -5.750000 60.649349 6.332810 0.668150
DYNAMIC_OBS_INFO 1 -1.750000 53.376675 1.570796 20.419359 -1.750000 53.813154 4.374560 0.195419
STATIC_OBS_INFO 0 -6.300000 65.384842 31.679467 
STATIC_OBS_INFO 1 -6.300000 65.655628 31.950140 
Parent: -43.565387 10.000000 101.000000 0.000000 115.150000 -16.253428 -10.000000 3.287050 32.000000 0.000000 0 0 0 0 0 0 0 0
Child: -16.253428 10.000000 101.000000 0.000000 15.150000 -7.753428 -10.000000 0.000000 0.000000 0.000000 0 0 0 0 0 0 0 0
Child: -7.753428 6.283166 64.000000 6.683469 16.200000 0.000000 -10.000000 0.000000 0.000000 0.000000 0 0 0 0 0 0 0 0
EGO_STATUS -5.378541 33.718779 1.300000 1.527730 12.827937 3.000000 -2.940000
DYNAMIC_OBS_INFO 0 -5.750000 53.531045 1.570796 26.303507 -5.750000 61.285970 6.399625 0.668150
DYNAMIC_OBS_INFO 1 -1.750000 53.376675 1.570796 19.595196 -1.750000 54.251587 4.394102 0.195419
STATIC_OBS_INFO 0 -6.300000 65.384842 30.414527 
STATIC_OBS_INFO 1 -6.300000 65.655628 30.685176 
Parent: -43.255038 10.000000 101.000000 0.000000 115.150000 -16.843085 -10.000000 3.187057 31.000000 0.000000 0 0 0 0 0 0 0 0
Child: -16.843085 10.000000 101.000000 0.000000 15.150000 -8.343085 -10.000000 0.000000 0.000000 0.000000 0 0 0 0 0 0 0 0
Child: -8.343085 5.015092 52.000000 6.680063 10.500000 0.000000 -10.000000 0.000000 0.000000 0.000000 0 0 0 0 0 0 0 0
EGO_STATUS -5.328124 34.985847 1.400000 1.534882 12.533937 3.000000 -2.940000
DYNAMIC_OBS_INFO 0 -5.750000 53.531045 1.570796 25.709487 -5.750000 61.929273 6.466440 0.668150
DYNAMIC_OBS_INFO 1 -1.750000 53.376675 1.570796 18.804191 -1.750000 54.691974 4.413644 0.195419
STATIC_OBS_INFO 0 -6.300000 65.384842 29.178433 
STATIC_OBS_INFO 1 -6.300000 65.655628 29.449059 
Parent: 274.432623 30.290952 304.000000 32.185989 3032.100000 3.189820 0.000000 4.913397 39.000000 0.000000 0 0 0 1 0 0 0 0
Child: 3.189820 3.776422 39.000000 27.092023 5.850000 0.000000 0.000000 0.000000 0.000000 0.000000 0 0 1 0 0 0 0 0
EGO_STATUS -5.289523 36.223911 1.500000 1.544732 12.239937 3.000000 -2.940000
DYNAMIC_OBS_INFO 0 -5.750000 53.531045 1.570796 25.121596 -5.750000 62.579258 6.533255 0.668150
DYNAMIC_OBS_INFO 1 -1.750000 53.376675 1.570796 18.017972 -1.750000 55.134316 4.433186 0.195419
STATIC_OBS_INFO 0 -6.300000 65.384842 27.941688 
STATIC_OBS_INFO 1 -6.300000 65.655628 28.212290 
Parent: 265.066501 30.290952 304.000000 32.185976 3032.100000 -7.076302 0.000000 4.813397 38.000000 0.000000 0 0 0 1 0 0 0 0
Child: -7.076302 2.537706 27.000000 27.056781 4.050000 0.000000 -10.000000 0.000000 0.000000 0.000000 0 0 1 0 0 0 0 0
EGO_STATUS -5.264158 37.462360 1.600000 1.555936 12.533937 0.000000 2.940000
DYNAMIC_OBS_INFO 0 -5.750000 53.531045 1.570796 24.510572 -5.750000 63.235924 6.600070 0.668150
DYNAMIC_OBS_INFO 1 -1.750000 53.376675 1.570796 17.208329 -1.750000 55.578611 4.452728 0.195419
STATIC_OBS_INFO 0 -6.300000 65.384842 26.675022 
STATIC_OBS_INFO 1 -6.300000 65.655628 26.945602 
Parent: 249.803327 20.972423 211.000000 11.310887 2865.150000 -4.028716 0.000000 4.925144 37.000000 0.000000 0 0 0 0 0 0 0 0
Child: -4.028716 10.000000 101.000000 20.000000 15.150000 2.491086 -10.000000 0.000000 0.000000 0.000000 0 0 0 1 0 0 0 0
Child: 2.491086 1.269593 14.000000 25.369601 2.100000 0.000000 0.000000 0.000000 0.000000 0.000000 0 0 0 1 0 0 0 0
EGO_STATUS -5.252102 38.730410 1.700000 1.566117 12.827937 0.000000 2.940000
DYNAMIC_OBS_INFO 0 -5.750000 53.531045 1.570796 23.920714 -5.750000 63.899272 6.666885 0.668150
DYNAMIC_OBS_INFO 1 -1.750000 53.376675 1.570796 16.418469 -1.750000 56.024861 4.472270 0.195419
STATIC_OBS_INFO 0 -6.300000 65.384842 25.422751 
STATIC_OBS_INFO 1 -6.300000 65.655628 25.693308 
Parent: 238.539719 20.972423 211.000000 11.310816 2865.150000 -16.192331 0.000000 4.825158 36.000000 0.000000 0 0 0 0 0 0 0 0
Child: -16.192331 10.000000 101.000000 20.000000 15.150000 -9.672529 -10.000000 0.000000 0.000000 0.000000 0 0 0 1 0 0 0 0
Child: -9.672529 0.016216 2.000000 40.088669 0.300000 0.000000 -10.000000 0.000000 0.000000 0.000000 0 0 0 1 1 0 0 0
EGO_STATUS -5.249995 39.983784 1.800000 1.570792 12.239937 1.000000 -5.880000
DYNAMIC_OBS_INFO 0 -5.750000 53.531045 1.570796 23.396304 -5.750000 64.569301 6.733700 0.668150
DYNAMIC_OBS_INFO 1 -1.750000 53.376675 1.570796 15.690079 -1.750000 56.473065 4.491811 0.195419
STATIC_OBS_INFO 0 -6.300000 65.384842 24.229263 
STATIC_OBS_INFO 1 -6.300000 65.655628 24.499798 
Parent: 249.915684 20.972423 211.000000 11.310664 2865.150000 -6.716383 0.000000 4.725190 34.000000 0.000000 0 0 0 0 0 0 0 0
Child: -6.716383 8.821659 90.000000 20.000000 13.500000 0.000000 -10.000000 0.000000 0.000000 0.000000 0 0 0 1 0 0 0 0
EGO_STATUS -5.250000 41.178341 1.900000 1.570796 11.651937 1.000000 -5.880000
DYNAMIC_OBS_INFO 0 -5.750000 53.531045 1.570796 22.937383 -5.750000 65.246012 6.800515 0.668150
DYNAMIC_OBS_INFO 1 -1.750000 53.376675 1.570796 15.022553 -1.750000 56.923223 4.511353 0.195419
STATIC_OBS_INFO 0 -6.300000 65.384842 23.094644 
STATIC_OBS_INFO 1 -6.300000 65.655628 23.365153 
Parent: 250.655728 20.972423 211.000000 11.310435 2865.150000 -6.876363 0.000000 4.625237 33.000000 0.000000 0 0 0 0 0 0 0 0
Child: -6.876363 7.685920 78.000000 20.000000 11.700000 0.000000 -10.000000 0.000000 0.000000 0.000000 0 0 0 1 0 0 0 0
EGO_STATUS -5.250000 42.314080 2.000000 1.570796 11.063937 1.000000 -5.880000
DYNAMIC_OBS_INFO 0 -5.750000 53.531045 1.570796 22.543924 -5.750000 65.929404 6.867330 0.668150
DYNAMIC_OBS_INFO 1 -1.750000 53.376675 1.570796 14.415649 -1.750000 57.375336 4.530895 0.195419
STATIC_OBS_INFO 0 -6.300000 65.384842 22.018865 
STATIC_OBS_INFO 1 -6.300000 65.655628 22.289348 
Parent: 251.367274 20.972423 211.000000 11.310238 2865.150000 -7.064838 0.000000 4.525278 32.000000 0.000000 0 0 0 0 0 0 0 0
Child: -7.064838 6.608974 68.000000 20.000000 10.200000 0.000000 -10.000000 0.000000 0.000000 0.000000 0 0 0 1 0 0 0 0
EGO_STATUS -5.250000 43.391026 2.100000 1.570796 10.475937 1.000000 -5.880000
DYNAMIC_OBS_INFO 0 -5.750000 53.531045 1.570796 22.215931 -5.750000 66.619478 6.934145 0.668150
DYNAMIC_OBS_INFO 1 -1.750000 53.376675 1.570796 13.869121 -1.750000 57.829402 4.550437 0.195419
STATIC_OBS_INFO 0 -6.300000 65.384842 21.001931 
STATIC_OBS_INFO 1 -6.300000 65.655628 21.272383 
Parent: 252.132449 20.972423 211.000000 11.310052 2865.150000 -7.199683 0.000000 4.425316 31.000000 0.000000 0 0 0 0 0 0 0 0
Child: -7.199683 5.590825 57.000000 20.000000 8.550000 0.000000 -10.000000 0.000000 0.000000 0.000000 0 0 0 1 0 0 0 0
EGO_STATUS -5.250000 44.409175 2.200000 1.570796 9.887937 1.000000 -5.880000
DYNAMIC_OBS_INFO 0 -5.750000 53.531045 1.570796 21.953441 -5.750000 67.316233 7.000960 0.668150
DYNAMIC_OBS_INFO 1 -1.750000 53.376675 1.570796 13.382722 -1.750000 58.285423 4.569979 0.195419
STATIC_OBS_INFO 0 -6.300000 65.384842 20.043876 
STATIC_OBS_INFO 1 -6.300000 65.655628 20.314296 
Parent: 252.856693 20.972423 211.000000 11.309711 2865.150000 -7.375476 0.000000 4.325386 30.000000 0.000000 0 0 0 0 0 0 0 0
Child: -7.375476 4.631513 48.000000 20.000000 7.200000 0.000000 -10.000000 0.000000 0.000000 0.000000 0 0 0 1 0 0 0 0
EGO_STATUS -5.250000 45.368487 2.300000 1.570796 9.299937 1.000000 -5.880000
DYNAMIC_OBS_INFO 0 -5.750000 53.531045 1.570796 21.756338 -5.750000 68.019670 7.067775 0.668150
DYNAMIC_OBS_INFO 1 -1.750000 53.376675 1.570796 12.956028 -1.750000 58.743398 4.589521 0.195419
STATIC_OBS_INFO 0 -6.300000 65.384842 19.144580 
STATIC_OBS_INFO 1 -6.300000 65.655628 19.414964 
Parent: -19.098569 10.000000 101.000000 20.000000 115.150000 -7.527068 -10.000000 4.047311 19.000000 0.000000 0 0 0 1 0 0 0 0
Child: -7.527068 3.730922 39.000000 20.000000 5.850000 0.000000 -10.000000 0.000000 0.000000 0.000000 0 0 0 1 0 0 0 0
EGO_STATUS -5.250000 46.269078 2.400000 1.570796 8.711937 1.000000 -5.880000
DYNAMIC_OBS_INFO 0 -5.750000 53.531045 1.570796 21.624806 -5.750000 68.729788 7.134590 0.668150
DYNAMIC_OBS_INFO 1 -1.750000 53.376675 1.570796 12.588888 -1.750000 59.203327 4.609063 0.195419
STATIC_OBS_INFO 0 -6.300000 65.384842 18.304219 
STATIC_OBS_INFO 1 -6.300000 65.655628 18.574566 
Parent: -18.311868 10.000000 101.000000 20.000000 115.150000 -7.640457 -10.000000 3.947401 18.000000 0.000000 0 0 0 1 0 0 0 0
Child: -7.640457 2.889237 30.000000 20.000000 4.500000 0.000000 -10.000000 0.000000 0.000000 0.000000 0 0 0 1 0 0 0 0
EGO_STATUS -5.250000 47.110763 2.500000 1.570796 8.123937 1.000000 -5.880000
DYNAMIC_OBS_INFO 0 -5.750000 53.531045 1.570796 21.558703 -5.750000 69.446588 7.201405 0.668150
DYNAMIC_OBS_INFO 1 -1.750000 53.376675 1.570796 12.280832 -1.750000 59.665211 4.628604 0.195419
STATIC_OBS_INFO 0 -6.300000 65.384842 17.522645 
STATIC_OBS_INFO 1 -6.300000 65.655628 17.792952 
Parent: -18.623825 10.000000 101.000000 20.000000 115.150000 -7.852474 -10.000000 3.847461 18.000000 0.000000 0 0 0 1 0 0 0 0
Child: -7.852474 2.106316 23.000000 20.000000 3.450000 0.000000 -10.000000 0.000000 0.000000 0.000000 0 0 0 1 0 0 0 0
EGO_STATUS -5.250000 47.893684 2.600000 1.570796 7.535937 1.000000 -5.880000
DYNAMIC_OBS_INFO 0 -5.750000 53.531045 1.570796 21.558103 -5.750000 70.170069 7.268220 0.668150
DYNAMIC_OBS_INFO 1 -1.750000 53.376675 1.570796 12.031609 -1.750000 60.129048 4.648146 0.195419
STATIC_OBS_INFO 0 -6.300000 65.384842 16.799921 
STATIC_OBS_INFO 1 -6.300000 65.655628 17.070186 
Parent: -17.820945 10.000000 101.000000 20.000000 115.150000 -7.949686 -10.000000 3.747553 17.000000 0.000000 0 0 0 1 0 0 0 0
Child: -7.949686 1.382234 15.000000 20.000000 2.250000 0.000000 -10.000000 0.000000 0.000000 0.000000 0 0 0 1 0 0 0 0
EGO_STATUS -5.250000 48.617766 2.700000 1.570796 6.947937 1.000000 -5.880000
DYNAMIC_OBS_INFO 0 -5.750000 53.531045 1.570796 21.623018 -5.750000 70.900232 7.335035 0.668150
DYNAMIC_OBS_INFO 1 -1.750000 53.376675 1.570796 11.840939 -1.750000 60.594840 4.667688 0.195419
STATIC_OBS_INFO 0 -6.300000 65.384842 16.136045 
STATIC_OBS_INFO 1 -6.300000 65.655628 16.406267 
Parent: -17.270230 10.000000 101.000000 20.000000 115.150000 -8.299106 -10.000000 3.647688 16.000000 0.000000 0 0 0 1 0 0 0 0
Child: -8.299106 0.717005 9.000000 20.000000 1.350000 0.000000 -10.000000 0.000000 0.000000 0.000000 0 0 0 1 0 0 0 0
EGO_STATUS -5.250000 49.282995 2.800000 1.570796 6.359937 1.000000 -5.880000
DYNAMIC_OBS_INFO 0 -5.750000 53.531045 1.570796 21.753289 -5.750000 71.637076 7.401850 0.668150
DYNAMIC_OBS_INFO 1 -1.750000 53.376675 1.570796 11.708419 -1.750000 61.062586 4.687230 0.195419
STATIC_OBS_INFO 0 -6.300000 65.384842 15.530842 
STATIC_OBS_INFO 1 -6.300000 65.655628 15.801019 
Parent: -18.318071 10.000000 101.000000 20.000000 115.150000 -9.246992 -10.000000 3.547733 16.000000 0.000000 0 0 0 1 0 0 0 0
Child: -9.246992 0.110466 3.000000 20.000000 0.450000 0.000000 -10.000000 0.000000 0.000000 0.000000 0 0 0 1 0 0 0 0
EGO_STATUS -5.250000 49.889534 2.900000 1.570796 5.771937 1.000000 -5.880000
DYNAMIC_OBS_INFO 0 -5.750000 53.531045 1.570796 21.949226 -5.750000 72.380602 7.468665 0.668150
DYNAMIC_OBS_INFO 1 -1.750000 53.376675 1.570796 11.634165 -1.750000 61.532286 4.706772 0.195419
STATIC_OBS_INFO 0 -6.300000 65.384842 14.984603 
STATIC_OBS_INFO 1 -6.300000 65.655628 15.254736 
Parent: -8.052791 9.562929 97.000000 20.000000 114.550000 0.000000 -10.000000 3.682343 15.000000 0.000000 0 0 0 1 0 0 0 0
EGO_STATUS -5.250000 50.437071 3.000000 1.570796 5.183937 1.000000 -5.880000
DYNAMIC_OBS_INFO 0 -5.750000 53.531045 1.570796 22.210508 -5.750000 73.130809 7.535480 0.668150
DYNAMIC_OBS_INFO 1 -1.750000 53.376675 1.570796 11.617758 -1.750000 62.003940 4.726314 0.195419
STATIC_OBS_INFO 0 -6.300000 65.384842 14.496987 
STATIC_OBS_INFO 1 -6.300000 65.655628 14.767075 
Parent: -7.862984 9.074070 92.000000 20.000000 113.800000 0.000000 -10.000000 3.940162 15.000000 0.000000 0 0 0 1 0 0 0 0
EGO_STATUS -5.250000 50.925930 3.100000 1.570796 4.595937 1.000000 -5.880000
DYNAMIC_OBS_INFO 0 -5.750000 53.531045 1.570796 22.537510 -5.750000 73.887698 7.602295 0.668150
DYNAMIC_OBS_INFO 1 -1.750000 53.376675 1.570796 11.659534 -1.750000 62.477549 4.745856 0.195419
STATIC_OBS_INFO 0 -6.300000 65.384842 14.068345 
STATIC_OBS_INFO 1 -6.300000 65.655628 14.338390 
Parent: -6.612889 8.644265 88.000000 20.000000 113.200000 0.000000 -10.000000 4.302837 14.000000 0.000000 0 0 0 1 0 0 0 0
EGO_STATUS -5.250000 51.355735 3.200000 1.570796 4.007937 1.000000 -5.880000
DYNAMIC_OBS_INFO 0 -5.750000 53.531045 1.570796 22.930099 -5.750000 74.651268 7.669110 0.668150
DYNAMIC_OBS_INFO 1 -1.750000 53.376675 1.570796 11.759426 -1.750000 62.953111 4.765398 0.195419
STATIC_OBS_INFO 0 -6.300000 65.384842 13.698522 
STATIC_OBS_INFO 1 -6.300000 65.655628 13.968527 
Parent: -6.115664 8.273379 84.000000 20.000000 112.600000 0.000000 -10.000000 4.824216 14.000000 0.000000 0 0 0 1 0 0 0 0
EGO_STATUS -5.250000 51.726621 3.300000 1.570796 3.419937 1.000000 -5.880000
DYNAMIC_OBS_INFO 0 -5.750000 53.531045 1.570796 23.388066 -5.750000 75.421520 7.735925 0.668150
DYNAMIC_OBS_INFO 1 -1.750000 53.376675 1.570796 11.917373 -1.750000 63.430628 4.784939 0.195419
STATIC_OBS_INFO 0 -6.300000 65.384842 13.387283 
STATIC_OBS_INFO 1 -6.300000 65.655628 13.657252 
Parent: 2311.321671 10.217552 104.000000 3021.152421 20562.800000 12.988552 0.000000 4.311383 23.000000 0.000000 1 0 0 0 0 0 0 0
Child: 12.988552 7.961201 81.000000 20.000000 112.150000 0.000000 0.000000 0.000000 0.000000 0.000000 0 0 1 0 0 0 0 0
EGO_STATUS -5.250000 52.038799 3.400000 1.570796 2.831937 1.000000 -5.880000
DYNAMIC_OBS_INFO 0 -5.750000 53.531045 1.570796 23.866967 -5.750000 76.198453 7.802740 0.668150
DYNAMIC_OBS_INFO 1 -1.750000 53.376675 1.570796 12.091030 -1.750000 63.910099 4.804481 0.195419
STATIC_OBS_INFO 0 -6.300000 65.384842 13.090297 
STATIC_OBS_INFO 1 -6.300000 65.655628 13.360228 
Parent: 2.861595 7.663276 78.000000 0.000000 111.700000 0.000000 0.000000 4.887391 13.000000 0.000000 0 0 0 0 0 0 0 0
EGO_STATUS -5.250000 52.336724 3.500000 1.570796 3.125937 0.000000 2.940000
DYNAMIC_OBS_INFO 0 -5.750000 53.531045 1.570796 24.352621 -5.750000 76.982068 7.869555 0.668150
DYNAMIC_OBS_INFO 1 -1.750000 53.376675 1.570796 12.266855 -1.750000 64.391525 4.824023 0.195419
STATIC_OBS_INFO 0 -6.300000 65.384842 12.793422 
STATIC_OBS_INFO 1 -6.300000 65.655628 13.063314 
Parent: 2311.068653 10.217552 104.000000 3019.477734 20562.800000 12.889484 0.000000 4.321964 23.000000 0.000000 1 0 0 0 0 0 0 0
Child: 12.889484 7.365419 75.000000 20.000000 111.250000 0.000000 0.000000 0.000000 0.000000 0.000000 0 0 1 0 0 0 0 0
EGO_STATUS -5.250000 52.634581 3.600000 1.570796 2.831937 3.000000 -2.940000
DYNAMIC_OBS_INFO 0 -5.750000 53.531045 1.570796 24.844890 -5.750000 77.772364 7.936370 0.668150
DYNAMIC_OBS_INFO 1 -1.750000 53.376675 1.570796 12.444713 -1.750000 64.874904 4.843565 0.195419
STATIC_OBS_INFO 0 -6.300000 65.384842 12.496526 
STATIC_OBS_INFO 1 -6.300000 65.655628 12.766375 
Parent: 2.383509 7.067494 72.000000 0.000000 110.800000 0.000000 0.000000 4.507421 13.000000 0.000000 0 0 0 0 0 0 0 0
EGO_STATUS -5.250000 52.932506 3.700000 1.570796 3.125937 0.000000 2.940000
DYNAMIC_OBS_INFO 0 -5.750000 53.531045 1.570796 25.343912 -5.750000 78.569342 8.003185 0.668150
DYNAMIC_OBS_INFO 1 -1.750000 53.376675 1.570796 12.624732 -1.750000 65.360238 4.863107 0.195419
STATIC_OBS_INFO 0 -6.300000 65.384842 12.199749 
STATIC_OBS_INFO 1 -6.300000 65.655628 12.469552 
Parent: -6.409385 6.769637 69.000000 0.000000 110.350000 0.000000 -10.000000 4.764101 12.000000 0.000000 0 0 0 0 0 0 0 0
EGO_STATUS -5.250000 53.230363 3.800000 1.570796 2.831937 3.000000 -2.940000
DYNAMIC_OBS_INFO 0 -5.750000 53.531045 1.570796 25.879464 -5.750000 79.373001 8.070000 0.668150
DYNAMIC_OBS_INFO 1 -1.750000 53.376675 1.570796 12.835564 -1.750000 65.847525 4.882649 0.195419
STATIC_OBS_INFO 0 -6.300000 65.384842 11.932760 
STATIC_OBS_INFO 1 -6.300000 65.655628 12.202519 
Parent: 2018.469829 10.217552 104.000000 32.371144 20562.800000 12.619959 0.000000 4.463019 22.000000 0.000000 0 0 0 1 0 0 0 0
Child: 12.619959 6.501632 67.000000 20.000000 110.050000 0.000000 0.000000 0.000000 0.000000 0.000000 0 0 1 0 0 0 0 0
EGO_STATUS -5.250000 53.498368 3.900000 1.570796 2.537937 3.000000 -2.940000
DYNAMIC_OBS_INFO 0 -5.750000 53.531045 1.570796 26.420814 -5.750000 80.183342 8.136815 0.668150
DYNAMIC_OBS_INFO 1 -1.750000 53.376675 1.570796 13.047702 -1.750000 66.336767 4.902191 0.195419
STATIC_OBS_INFO 0 -6.300000 65.384842 11.664935 
STATIC_OBS_INFO 1 -6.300000 65.655628 11.934647 
Parent: 3.059829 6.232740 64.000000 0.000000 109.600000 0.000000 0.000000 4.386262 12.000000 0.000000 0 0 0 0 0 0 0 0
EGO_STATUS -5.250000 53.767260 4.000000 1.570796 2.831937 0.000000 2.940000
DYNAMIC_OBS_INFO 0 -5.750000 53.531045 1.570796 26.969734 -5.750000 81.000364 8.203630 0.668150
DYNAMIC_OBS_INFO 1 -1.750000 53.376675 1.570796 13.262848 -1.750000 66.827963 4.921732 0.195419
STATIC_OBS_INFO 0 -6.300000 65.384842 11.398043 
STATIC_OBS_INFO 1 -6.300000 65.655628 11.667705 
Parent: -5.645024 5.964735 61.000000 0.000000 109.150000 0.000000 -10.000000 4.682011 11.000000 0.000000 0 0 0 0 0 0 0 0
EGO_STATUS -5.250000 54.035265 4.100000 1.570796 2.537937 3.000000 -2.940000
DYNAMIC_OBS_INFO 0 -5.750000 53.531045 1.570796 27.554946 -5.750000 81.824068 8.270445 0.668150
DYNAMIC_OBS_INFO 1 -1.750000 53.376675 1.570796 13.508741 -1.750000 67.321114 4.941274 0.195419
STATIC_OBS_INFO 0 -6.300000 65.384842 11.160685 
STATIC_OBS_INFO 1 -6.300000 65.655628 11.430299 
Parent: 1751.120495 10.000000 101.000000 20.000000 2055.350000 1572.171622 0.000000 4.468676 31.000000 0.000000 0 0 0 1 0 0 0 0
Child: 1572.171622 16.390650 165.000000 3106.253183 12720.350000 0.000000 0.000000 0.000000 0.000000 0.000000 1 0 1 0 1 0 0 0
EGO_STATUS -5.250000 54.273659 4.200000 1.570796 2.243937 3.000000 -2.940000
DYNAMIC_OBS_INFO 0 -5.750000 53.531045 1.570796 28.145601 -5.750000 82.654453 8.337260 0.668150
DYNAMIC_OBS_INFO 1 -1.750000 53.376675 1.570796 13.755647 -1.750000 67.816218 4.960816 0.195419
STATIC_OBS_INFO 0 -6.300000 65.384842 10.922137 
STATIC_OBS_INFO 1 -6.300000 65.655628 11.191699 
Parent: 3.927892 5.486707 56.000000 0.004193 108.400000 0.000000 0.000000 4.306784 11.000000 0.000000 0 0 0 0 0 0 0 0
EGO_STATUS -5.250000 54.513293 4.300000 1.570795 2.537937 0.000000 2.940000
DYNAMIC_OBS_INFO 0 -5.750000 53.531045 1.570796 28.744182 -5.750000 83.491520 8.404075 0.668150
DYNAMIC_OBS_INFO 1 -1.750000 53.376675 1.570796 14.005953 -1.750000 68.313277 4.980358 0.195419
STATIC_OBS_INFO 0 -6.300000 65.384842 10.684872 
STATIC_OBS_INFO 1 -6.300000 65.655628 10.954380 
Parent: -5.836226 5.248313 54.000000 0.004215 108.100000 0.000000 -10.000000 4.657018 11.000000 0.000000 0 0 0 0 0 0 0 0
EGO_STATUS -5.249998 54.751687 4.400000 1.570781 2.243937 3.000000 -2.940000
DYNAMIC_OBS_INFO 0 -5.750000 53.531045 1.570796 29.378493 -5.750000 84.335268 8.470890 0.668150
DYNAMIC_OBS_INFO 1 -1.750000 53.376675 1.570796 14.286613 -1.750000 68.812290 4.999900 0.195419
STATIC_OBS_INFO 0 -6.300000 65.384842 10.476562 
STATIC_OBS_INFO 1 -6.300000 65.655628 10.746019 
Parent: 1779.024367 10.000000 101.000000 0.000000 2055.350000 1602.830838 0.000000 3.693529 31.000000 0.000000 0 0 0 0 0 0 0 0
Child: 1602.830838 15.729516 159.000000 3107.881202 13094.150000 0.000000 0.000000 0.000000 0.000000 0.000000 1 0 1 0 1 0 0 0
EGO_STATUS -5.249992 54.961031 4.500000 1.570747 1.949937 3.000000 -2.940000
DYNAMIC_OBS_INFO 0 -5.750000 53.531045 1.570796 30.018888 -5.750000 85.185698 8.537705 0.668150
DYNAMIC_OBS_INFO 1 -1.750000 53.376675 1.570796 14.568939 -1.750000 69.313257 5.019442 0.195419
STATIC_OBS_INFO 0 -6.300000 65.384842 10.267699 
STATIC_OBS_INFO 1 -6.300000 65.655628 10.537102 
Parent: 4.668277 4.829027 50.000000 0.009307 107.500000 0.000000 0.000000 4.284970 10.000000 0.000000 0 0 0 0 0 0 0 0
EGO_STATUS -5.249975 55.170974 4.600000 1.570690 2.243937 0.000000 2.940000
DYNAMIC_OBS_INFO 0 -5.750000 53.531045 1.570796 30.666568 -5.750000 86.042809 8.604520 0.668150
DYNAMIC_OBS_INFO 1 -1.750000 53.376675 1.570796 14.854079 -1.750000 69.816178 5.038984 0.195419
STATIC_OBS_INFO 0 -6.300000 65.384842 10.059479 
STATIC_OBS_INFO 1 -6.300000 65.655628 10.328824 
Parent: -4.967699 4.619683 48.000000 0.009308 107.200000 0.000000 -10.000000 4.714113 10.000000 0.000000 0 0 0 0 0 0 0 0
EGO_STATUS -5.249945 55.380318 4.700000 1.570605 1.949937 3.000000 -2.940000
DYNAMIC_OBS_INFO 0 -5.750000 53.531045 1.570796 31.350802 -5.750000 86.906602 8.671335 0.668150
DYNAMIC_OBS_INFO 1 -1.750000 53.376675 1.570796 15.170506 -1.750000 70.321054 5.058526 0.195419
STATIC_OBS_INFO 0 -6.300000 65.384842 9.881011 
STATIC_OBS_INFO 1 -6.300000 65.655628 10.150305 
Parent: 3303.652114 10.217552 104.000000 3041.906709 10237.300000 2024.208283 0.000000 4.818972 30.000000 0.000000 1 0 1 0 0 0 0 0
Child: 2024.208283 10.217552 104.000000 14.114733 20562.800000 2.615046 0.000000 0.000000 0.000000 0.000000 0 0 0 0 0 0 0 0
Child: 2.615046 4.440213 46.000000 20.191526 6.900000 0.000000 0.000000 0.000000 0.000000 0.000000 0 0 1 0 0 0 0 0
EGO_STATUS -5.249901 55.559789 4.800000 1.570504 1.655937 3.000000 -2.940000
DYNAMIC_OBS_INFO 0 -5.750000 53.531045 1.570796 32.040271 -5.750000 87.777076 8.738150 0.668150
DYNAMIC_OBS_INFO 1 -1.750000 53.376675 1.570796 15.487791 -1.750000 70.827883 5.078067 0.195419
STATIC_OBS_INFO 0 -6.300000 65.384842 9.701141 
STATIC_OBS_INFO 1 -6.300000 65.655628 9.970379 
Parent: -5.013447 4.259292 44.000000 0.013473 6.600000 0.000000 0.000000 4.346355 10.000000 0.000000 0 0 0 0 0 0 0 0
EGO_STATUS -5.249837 55.740710 4.900000 1.570383 1.949937 0.000000 2.940000
DYNAMIC_OBS_INFO 0 -5.750000 53.531045 1.570796 32.737874 -5.750000 88.654232 8.804965 0.668150
DYNAMIC_OBS_INFO 1 -1.750000 53.376675 1.570796 15.808742 -1.750000 71.336667 5.097609 0.195419
STATIC_OBS_INFO 0 -6.300000 65.384842 9.522754 
STATIC_OBS_INFO 1 -6.300000 65.655628 9.791934 
Parent: -14.489127 4.079821 42.000000 0.009994 6.300000 0.000000 -10.000000 4.897929 10.000000 0.000000 0 0 0 0 0 0 0 0
EGO_STATUS -5.249750 55.920180 5.000000 1.570252 1.655937 3.000000 -2.940000
DYNAMIC_OBS_INFO 0 -5.750000 53.531045 1.570796 33.472722 -5.750000 89.538069 8.871780 0.668150
DYNAMIC_OBS_INFO 1 -1.750000 53.376675 1.570796 16.161775 -1.750000 71.847405 5.117151 0.195419
STATIC_OBS_INFO 0 -6.300000 65.384842 9.374781 
STATIC_OBS_INFO 1 -6.300000 65.655628 9.643910 
Parent: 3594.309317 10.217552 104.000000 3050.619069 10237.300000 2312.941494 0.000000 4.887013 29.000000 0.000000 1 0 0 1 0 0 0 0
Child: 2312.941494 10.217552 104.000000 3055.729038 20562.800000 2.522754 -10.000000 0.000000 0.000000 0.000000 1 0 1 0 0 0 0 0
Child: 2.522754 3.930915 41.000000 20.162682 6.150000 0.000000 0.000000 0.000000 0.000000 0.000000 0 0 1 0 0 0 0 0
EGO_STATUS -5.249660 56.069086 5.100000 1.570147 1.361937 3.000000 -2.940000
DYNAMIC_OBS_INFO 0 -5.750000 53.531045 1.570796 34.210924 -5.750000 90.428588 8.938595 0.668150
DYNAMIC_OBS_INFO 1 -1.750000 53.376675 1.570796 16.513839 -1.750000 72.360098 5.136693 0.195419
STATIC_OBS_INFO 0 -6.300000 65.384842 9.223529 
STATIC_OBS_INFO 1 -6.300000 65.655628 9.492604 
Parent: -3.896022 3.778677 39.000000 0.008038 5.850000 0.000000 0.000000 4.536398 9.000000 0.000000 0 0 0 0 0 0 0 0
EGO_STATUS -5.249553 56.221324 5.200000 1.570050 1.655937 0.000000 2.940000
DYNAMIC_OBS_INFO 0 -5.750000 53.531045 1.570796 34.959141 -5.750000 91.325788 9.005410 0.668150
DYNAMIC_OBS_INFO 1 -1.750000 53.376675 1.570796 16.871426 -1.750000 72.874744 5.156235 0.195419
STATIC_OBS_INFO 0 -6.300000 65.384842 9.075621 
STATIC_OBS_INFO 1 -6.300000 65.655628 9.344640 
Parent: 3594.080121 10.217552 104.000000 3049.785662 10237.300000 2312.803620 0.000000 4.877570 29.000000 0.000000 1 0 0 1 0 0 0 0
Child: 2312.803620 10.217552 104.000000 3054.871452 20562.800000 2.469134 -10.000000 0.000000 0.000000 0.000000 1 0 1 0 0 0 0 0
Child: 2.469134 3.629771 38.000000 20.149318 5.700000 0.000000 0.000000 0.000000 0.000000 0.000000 0 0 1 0 0 0 0 0
EGO_STATUS -5.249436 56.370230 5.300000 1.569974 1.361937 3.000000 -2.940000
DYNAMIC_OBS_INFO 0 -5.750000 53.531045 1.570796 35.710712 -5.750000 92.229670 9.072225 0.668150
DYNAMIC_OBS_INFO 1 -1.750000 53.376675 1.570796 17.228004 -1.750000 73.391345 5.175777 0.195419
STATIC_OBS_INFO 0 -6.300000 65.384842 8.924440 
STATIC_OBS_INFO 1 -6.300000 65.655628 9.193398 
Parent: -4.303184 3.477533 36.000000 0.003305 5.400000 0.000000 0.000000 4.174867 9.000000 0.000000 0 0 0 0 0 0 0 0
EGO_STATUS -5.249306 56.522468 5.400000 1.569924 1.655937 0.000000 2.940000
DYNAMIC_OBS_INFO 0 -5.750000 53.531045 1.570796 36.472297 -5.750000 93.140233 9.139040 0.668150
DYNAMIC_OBS_INFO 1 -1.750000 53.376675 1.570796 17.590081 -1.750000 73.909899 5.195319 0.195419
STATIC_OBS_INFO 0 -6.300000 65.384842 8.776602 
STATIC_OBS_INFO 1 -6.300000 65.655628 9.045499 
Parent: -13.648155 3.328626 35.000000 0.001092 5.250000 0.000000 -10.000000 4.852447 9.000000 0.000000 0 0 0 0 0 0 0 0
EGO_STATUS -5.249174 56.671375 5.500000 1.569906 1.361937 3.000000 -2.940000
DYNAMIC_OBS_INFO 0 -5.750000 53.531045 1.570796 37.270367 -5.750000 94.057478 9.205855 0.668150
DYNAMIC_OBS_INFO 1 -1.750000 53.376675 1.570796 17.983622 -1.750000 74.430408 5.214861 0.195419
STATIC_OBS_INFO 0 -6.300000 65.384842 8.658381 
STATIC_OBS_INFO 1 -6.300000 65.655628 8.927226 
Parent: 3593.777438 10.217552 104.000000 3048.286411 10237.300000 2312.564176 0.000000 4.961626 29.000000 0.000000 1 0 0 1 0 0 0 0
Child: 2312.564176 10.217552 104.000000 3053.328705 20562.800000 2.381259 -10.000000 0.000000 0.000000 0.000000 1 0 1 0 0 0 0 0
Child: 2.381259 3.209524 34.000000 20.125797 5.100000 0.000000 0.000000 0.000000 0.000000 0.000000 0 0 1 0 0 0 0 0
EGO_STATUS -5.249069 56.790477 5.600000 1.569917 1.067937 3.000000 -2.940000
DYNAMIC_OBS_INFO 0 -5.750000 53.531045 1.570796 38.071445 -5.750000 94.981404 9.272670 0.668150
DYNAMIC_OBS_INFO 1 -1.750000 53.376675 1.570796 18.375812 -1.750000 74.952871 5.234402 0.195419
STATIC_OBS_INFO 0 -6.300000 65.384842 8.536535 
STATIC_OBS_INFO 1 -6.300000 65.655628 8.805325 
Parent: -4.036802 3.086744 32.000000 0.003659 4.800000 0.000000 0.000000 4.499834 9.000000 0.000000 0 0 0 0 0 0 0 0
EGO_STATUS -5.248964 56.913256 5.700000 1.569954 1.361937 0.000000 2.940000
DYNAMIC_OBS_INFO 0 -5.750000 53.531045 1.570796 38.882882 -5.750000 95.912012 9.339485 0.668150
DYNAMIC_OBS_INFO 1 -1.750000 53.376675 1.570796 18.773852 -1.750000 75.477289 5.253944 0.195419
STATIC_OBS_INFO 0 -6.300000 65.384842 8.418364 
STATIC_OBS_INFO 1 -6.300000 65.655628 8.687097 
Parent: 3594.626803 10.217552 104.000000 3047.617010 10237.300000 2312.485953 0.000000 4.954979 28.000000 0.000000 1 0 0 1 0 0 0 0
Child: 2312.485953 10.217552 104.000000 3052.639884 20562.800000 2.370709 -10.000000 0.000000 0.000000 0.000000 1 0 1 0 0 0 0 0
Child: 2.370709 2.967642 31.000000 20.114441 4.650000 0.000000 0.000000 0.000000 0.000000 0.000000 0 0 1 0 0 0 0 0
EGO_STATUS -5.248867 57.032359 5.800000 1.570015 1.067937 3.000000 -2.940000
DYNAMIC_OBS_INFO 0 -5.750000 53.531045 1.570796 39.697327 -5.750000 96.849301 9.406300 0.668150
DYNAMIC_OBS_INFO 1 -1.750000 53.376675 1.570796 19.170504 -1.750000 76.003660 5.273486 0.195419
STATIC_OBS_INFO 0 -6.300000 65.384842 8.296571 
STATIC_OBS_INFO 1 -6.300000 65.655628 8.565244 
Parent: -3.425343 2.844863 30.000000 0.007460 4.500000 0.000000 0.000000 4.147220 8.000000 0.000000 0 0 0 0 0 0 0 0
EGO_STATUS -5.248777 57.155138 5.900000 1.570103 1.361937 0.000000 2.940000
DYNAMIC_OBS_INFO 0 -5.750000 53.531045 1.570796 40.522132 -5.750000 97.793272 9.473115 0.668150
DYNAMIC_OBS_INFO 1 -1.750000 53.376675 1.570796 19.572983 -1.750000 76.531986 5.293028 0.195419
STATIC_OBS_INFO 0 -6.300000 65.384842 8.178452 
STATIC_OBS_INFO 1 -6.300000 65.655628 8.447064 
Parent: 3594.415663 10.217552 104.000000 3046.955505 10237.300000 2312.346133 0.000000 4.948649 28.000000 0.000000 1 0 0 1 0 0 0 0
Child: 2312.346133 10.217552 104.000000 3051.951063 20562.800000 2.298562 -10.000000 0.000000 0.000000 0.000000 1 0 1 0 0 0 0 0
Child: 2.298562 2.725760 29.000000 20.104946 4.350000 0.000000 0.000000 0.000000 0.000000 0.000000 0 0 1 0 0 0 0 0
EGO_STATUS -5.248702 57.274241 6.000000 1.570211 1.067937 3.000000 -2.940000
DYNAMIC_OBS_INFO 0 -5.750000 53.531045 1.570796 41.349944 -5.750000 98.743924 9.539930 0.668150
DYNAMIC_OBS_INFO 1 -1.750000 53.376675 1.570796 19.974043 -1.750000 77.062266 5.312570 0.195419
STATIC_OBS_INFO 0 -6.300000 65.384842 8.056715 
STATIC_OBS_INFO 1 -6.300000 65.655628 8.325261 
Parent: -3.813951 2.602981 28.000000 0.010708 4.200000 0.000000 0.000000 3.794606 8.000000 0.000000 0 0 0 0 0 0 0 0
EGO_STATUS -5.248639 57.397020 6.100000 1.570344 1.361937 0.000000 2.940000
DYNAMIC_OBS_INFO 0 -5.750000 53.531045 1.570796 42.188115 -5.750000 99.701258 9.606745 0.668150
DYNAMIC_OBS_INFO 1 -1.750000 53.376675 1.570796 20.380908 -1.750000 77.594500 5.332112 0.195419
STATIC_OBS_INFO 0 -6.300000 65.384842 7.938652 
STATIC_OBS_INFO 1 -6.300000 65.655628 8.207131 
Parent: -13.018140 2.483878 26.000000 0.007342 3.900000 0.000000 -10.000000 4.608577 8.000000 0.000000 0 0 0 0 0 0 0 0
EGO_STATUS -5.248595 57.516123 6.200000 1.570490 1.067937 3.000000 -2.940000
DYNAMIC_OBS_INFO 0 -5.750000 53.531045 1.570796 43.061508 -5.750000 100.665273 9.673560 0.668150
DYNAMIC_OBS_INFO 1 -1.750000 53.376675 1.570796 20.818085 -1.750000 78.128688 5.351654 0.195419
STATIC_OBS_INFO 0 -6.300000 65.384842 7.848900 
STATIC_OBS_INFO 1 -6.300000 65.655628 8.117327 
Parent: 3774.489649 10.000000 101.000000 20.000000 2055.350000 3612.539667 -10.000000 4.469784 38.000000 0.000000 0 0 1 0 0 0 0 0
Child: 3612.539667 10.217552 104.000000 3099.965387 10237.300000 2312.210793 -10.000000 0.000000 0.000000 0.000000 1 0 1 0 1 0 0 0
Child: 2312.210793 10.217552 104.000000 3050.742083 20562.800000 2.282000 -10.000000 0.000000 0.000000 0.000000 1 0 1 0 0 0 0 0
Child: 2.282000 2.393316 25.000000 20.087217 3.750000 0.000000 0.000000 0.000000 0.000000 0.000000 0 0 1 0 0 0 0 0
EGO_STATUS -5.248573 57.606684 6.300000 1.570611 0.773937 3.000000 -2.940000
DYNAMIC_OBS_INFO 0 -5.750000 53.531045 1.570796 43.938976 -5.750000 101.635970 9.740375 0.668150
DYNAMIC_OBS_INFO 1 -1.750000 53.376675 1.570796 21.254885 -1.750000 78.664831 5.371195 0.195419
STATIC_OBS_INFO 0 -6.300000 65.384842 7.756580 
STATIC_OBS_INFO 1 -6.300000 65.655628 8.024951 
Parent: -3.386551 2.300145 25.000000 0.008123 3.750000 0.000000 0.000000 4.267680 8.000000 0.000000 0 0 0 0 0 0 0 0
EGO_STATUS -5.248562 57.699855 6.400000 1.570742 1.067937 0.000000 2.940000
DYNAMIC_OBS_INFO 0 -5.750000 53.531045 1.570796 44.825735 -5.750000 102.613348 9.807190 0.668150
DYNAMIC_OBS_INFO 1 -1.750000 53.376675 1.570796 21.696441 -1.750000 79.202927 5.390737 0.195419
STATIC_OBS_INFO 0 -6.300000 65.384842 7.666864 
STATIC_OBS_INFO 1 -6.300000 65.655628 7.935179 
Parent: 3783.477933 10.000000 101.000000 20.000000 2055.350000 3621.541173 -10.000000 4.456562 38.000000 0.000000 0 0 1 0 0 0 0 0
Child: 3621.541173 10.217552 104.000000 3099.438549 10237.300000 2321.264059 -10.000000 0.000000 0.000000 0.000000 1 0 1 0 1 0 0 0
Child: 2321.264059 10.217552 104.000000 3050.218856 20562.800000 11.386671 -10.000000 0.000000 0.000000 0.000000 1 0 1 0 0 0 0 0
Child: 11.386671 2.209583 24.000000 20.079461 103.600000 0.000000 0.000000 0.000000 0.000000 0.000000 0 0 1 0 0 0 0 0
EGO_STATUS -5.248564 57.790417 6.500000 1.570872 0.773937 3.000000 -2.940000
DYNAMIC_OBS_INFO 0 -5.750000 53.531045 1.570796 45.716569 -5.750000 103.597408 9.874005 0.668150
DYNAMIC_OBS_INFO 1 -1.750000 53.376675 1.570796 22.137592 -1.750000 79.742978 5.410279 0.195419
STATIC_OBS_INFO 0 -6.300000 65.384842 7.574582 
STATIC_OBS_INFO 1 -6.300000 65.655628 7.842837 
Parent: 5.446804 2.116412 23.000000 0.008336 103.450000 0.000000 0.000000 3.926782 8.000000 0.000000 0 0 0 0 0 0 0 0
EGO_STATUS -5.248578 57.883588 6.600000 1.571009 1.067937 0.000000 2.940000
DYNAMIC_OBS_INFO 0 -5.750000 53.531045 1.570796 46.616695 -5.750000 104.588149 9.940820 0.668150
DYNAMIC_OBS_INFO 1 -1.750000 53.376675 1.570796 22.583479 -1.750000 80.284983 5.429821 0.195419
STATIC_OBS_INFO 0 -6.300000 65.384842 7.484904 
STATIC_OBS_INFO 1 -6.300000 65.655628 7.753099 
Parent: 3783.335391 10.000000 101.000000 20.000000 2055.350000 3621.411890 -10.000000 4.443303 38.000000 0.000000 0 0 1 0 0 0 0 0
Child: 3621.411890 10.217552 104.000000 3098.911712 10237.300000 2321.186536 -10.000000 0.000000 0.000000 0.000000 1 0 1 0 1 0 0 0
Child: 2321.186536 10.217552 104.000000 3049.695629 20562.800000 11.360552 -10.000000 0.000000 0.000000 0.000000 1 0 1 0 0 0 0 0
Child: 11.360552 2.025851 22.000000 20.071456 103.300000 0.000000 0.000000 0.000000 0.000000 0.000000 0 0 1 0 0 0 0 0
EGO_STATUS -5.248604 57.974150 6.700000 1.571140 0.773937 3.000000 -2.940000
DYNAMIC_OBS_INFO 0 -5.750000 53.531045 1.570796 47.520895 -5.750000 105.585572 10.007635 0.668150
DYNAMIC_OBS_INFO 1 -1.750000 53.376675 1.570796 23.028936 -1.750000 80.828942 5.449363 0.195419
STATIC_OBS_INFO 0 -6.300000 65.384842 7.392663 
STATIC_OBS_INFO 1 -6.300000 65.655628 7.660794 
Parent: 6.079751 1.932680 21.000000 0.007911 103.150000 0.000000 0.000000 3.585885 7.000000 0.000000 0 0 0 0 0 0 0 0
EGO_STATUS -5.248642 58.067321 6.800000 1.571272 1.067937 0.000000 2.940000
DYNAMIC_OBS_INFO 0 -5.750000 53.531045 1.570796 48.434388 -5.750000 106.589676 10.074450 0.668150
DYNAMIC_OBS_INFO 1 -1.750000 53.376675 1.570796 23.479111 -1.750000 81.374856 5.468905 0.195419
STATIC_OBS_INFO 0 -6.300000 65.384842 7.303026 
STATIC_OBS_INFO 1 -6.300000 65.655628 7.571092 
Parent: -2.813076 1.842118 20.000000 0.003916 103.000000 0.000000 -10.000000 4.699657 7.000000 0.000000 0 0 0 0 0 0 0 0
EGO_STATUS -5.248691 58.157883 6.900000 1.571394 0.773937 3.000000 -2.940000
DYNAMIC_OBS_INFO 0 -5.750000 53.531045 1.570796 49.401186 -5.750000 107.600462 10.141265 0.668150
DYNAMIC_OBS_INFO 1 -1.750000 53.376675 1.570796 23.977539 -1.750000 81.922723 5.488447 0.195419
STATIC_OBS_INFO 0 -6.300000 65.384842 7.259546 
STATIC_OBS_INFO 1 -6.300000 65.655628 7.527580 
Parent: 3784.523105 10.000000 101.000000 20.000000 2055.350000 3621.520636 -10.000000 4.522271 37.000000 0.000000 0 0 1 0 0 0 0 0
Child: 3621.520636 10.217552 104.000000 3098.079124 10237.300000 2321.377079 -10.000000 0.000000 0.000000 0.000000 1 0 1 0 1 0 0 0
Child: 2321.377079 10.217552 104.000000 3048.868747 20562.800000 11.632333 -10.000000 0.000000 0.000000 0.000000 1 0 1 0 0 0 0 0
Child: 11.632333 1.798182 19.000000 20.059879 102.850000 0.000000 0.000000 0.000000 0.000000 0.000000 0 0 1 0 0 0 0 0
EGO_STATUS -5.248720 58.201819 7.000000 1.571449 0.479937 3.000000 -2.940000
DYNAMIC_OBS_INFO 0 -5.750000 53.531045 1.570796 50.349377 -5.750000 108.617929 10.208080 0.668150
DYNAMIC_OBS_INFO 1 -1.750000 53.376675 1.570796 24.453096 -1.750000 82.472545 5.507989 0.195419
STATIC_OBS_INFO 0 -6.300000 65.384842 7.191048 
STATIC_OBS_INFO 1 -6.300000 65.655628 7.459030 
Parent: 6.770369 1.728954 19.000000 0.003482 102.850000 0.000000 0.000000 4.410951 7.000000 0.000000 0 0 0 0 0 0 0 0
EGO_STATUS -5.248770 58.271046 7.100000 1.571531 0.773937 0.000000 2.940000
DYNAMIC_OBS_INFO 0 -5.750000 53.531045 1.570796 51.329542 -5.750000 109.642078 10.274895 0.668150
DYNAMIC_OBS_INFO 1 -1.750000 53.376675 1.570796 24.955822 -1.750000 83.024321 5.527530 0.195419
STATIC_OBS_INFO 0 -6.300000 65.384842 7.147582 
STATIC_OBS_INFO 1 -6.300000 65.655628 7.415531 
Parent: 3784.310406 10.000000 101.000000 20.000000 2055.350000 3621.316159 -10.000000 4.514049 37.000000 0.000000 0 0 1 0 0 0 0 0
Child: 3621.316159 10.217552 104.000000 3097.754637 10237.300000 2321.204482 -10.000000 0.000000 0.000000 0.000000 1 0 1 0 1 0 0 0
Child: 2321.204482 10.217552 104.000000 3048.546484 20562.800000 11.491397 -10.000000 0.000000 0.000000 0.000000 1 0 1 0 0 0 0 0
Child: 11.491397 1.685018 18.000000 20.055433 102.700000 0.000000 0.000000 0.000000 0.000000 0.000000 0 0 1 0 0 0 0 0
EGO_STATUS -5.248804 58.314982 7.200000 1.571579 0.479937 3.000000 -2.940000
DYNAMIC_OBS_INFO 0 -5.750000 53.531045 1.570796 52.291099 -5.750000 110.672908 10.341710 0.668150
DYNAMIC_OBS_INFO 1 -1.750000 53.376675 1.570796 25.435638 -1.750000 83.578051 5.547072 0.195419
STATIC_OBS_INFO 0 -6.300000 65.384842 7.079105 
STATIC_OBS_INFO 1 -6.300000 65.655628 7.347000 
Parent: 6.341489 1.615790 18.000000 0.002926 102.700000 0.000000 0.000000 4.122245 7.000000 0.000000 0 0 0 0 0 0 0 0
EGO_STATUS -5.248862 58.384210 7.300000 1.571649 0.773937 0.000000 2.940000
DYNAMIC_OBS_INFO 0 -5.750000 53.531045 1.570796 53.284630 -5.750000 111.710420 10.408525 0.668150
DYNAMIC_OBS_INFO 1 -1.750000 53.376675 1.570796 25.942622 -1.750000 84.133735 5.566614 0.195419
STATIC_OBS_INFO 0 -6.300000 65.384842 7.035654 
STATIC_OBS_INFO 1 -6.300000 65.655628 7.303513 
Parent: 3784.083171 10.000000 101.000000 20.000000 2055.350000 3621.097160 -10.000000 4.505813 37.000000 0.000000 0 0 1 0 0 0 0 0
Child: 3621.097160 10.217552 104.000000 3097.430150 10237.300000 2321.017363 -10.000000 0.000000 0.000000 0.000000 1 0 1 0 1 0 0 0
Child: 2321.017363 10.217552 104.000000 3048.224221 20562.800000 11.335938 -10.000000 0.000000 0.000000 0.000000 1 0 1 0 0 0 0 0
Child: 11.335938 1.571855 17.000000 20.051013 102.550000 0.000000 0.000000 0.000000 0.000000 0.000000 0 0 1 0 0 0 0 0
EGO_STATUS -5.248901 58.428146 7.400000 1.571688 0.479937 3.000000 -2.940000
DYNAMIC_OBS_INFO 0 -5.750000 53.531045 1.570796 54.259552 -5.750000 112.754613 10.475340 0.668150
DYNAMIC_OBS_INFO 1 -1.750000 53.376675 1.570796 26.426661 -1.750000 84.691374 5.586156 0.195419
STATIC_OBS_INFO 0 -6.300000 65.384842 6.967201 
STATIC_OBS_INFO 1 -6.300000 65.655628 7.235004 
Parent: 5.898112 1.502627 17.000000 0.002264 102.550000 0.000000 0.000000 3.833538 7.000000 0.000000 0 0 0 0 0 0 0 0
EGO_STATUS -5.248966 58.497374 7.500000 1.571743 0.773937 0.000000 2.940000
DYNAMIC_OBS_INFO 0 -5.750000 53.531045 1.570796 55.266449 -5.750000 113.805488 10.542155 0.668150
DYNAMIC_OBS_INFO 1 -1.750000 53.376675 1.570796 26.937870 -1.750000 85.250967 5.605698 0.195419
STATIC_OBS_INFO 0 -6.300000 65.384842 6.923764 
STATIC_OBS_INFO 1 -6.300000 65.655628 7.191530 
Parent: 3783.838675 10.000000 101.000000 20.000000 2055.350000 3620.860916 -10.000000 4.497562 37.000000 0.000000 0 0 1 0 0 0 0 0
Child: 3620.860916 10.217552 104.000000 3097.105664 10237.300000 2320.812998 -10.000000 0.000000 0.000000 0.000000 1 0 1 0 1 0 0 0
Child: 2320.812998 10.217552 104.000000 3047.901958 20562.800000 11.163235 -10.000000 0.000000 0.000000 0.000000 1 0 1 0 0 0 0 0
Child: 11.163235 1.458691 16.000000 20.046623 102.400000 0.000000 0.000000 0.000000 0.000000 0.000000 0 0 1 0 0 0 0 0
EGO_STATUS -5.249009 58.541310 7.600000 1.571772 0.479937 3.000000 -2.940000
DYNAMIC_OBS_INFO 0 -5.750000 53.531045 1.570796 56.254737 -5.750000 114.863044 10.608970 0.668150
DYNAMIC_OBS_INFO 1 -1.750000 53.376675 1.570796 27.426102 -1.750000 85.812514 5.625240 0.195419
STATIC_OBS_INFO 0 -6.300000 65.384842 6.855336 
STATIC_OBS_INFO 1 -6.300000 65.655628 7.123043 
Parent: 6.016477 1.389463 15.000000 0.001516 102.250000 0.000000 0.000000 3.544832 7.000000 0.000000 0 0 0 0 0 0 0 0
EGO_STATUS -5.249078 58.610538 7.700000 1.571810 0.773937 0.000000 2.940000
DYNAMIC_OBS_INFO 0 -5.750000 53.531045 1.570796 57.274998 -5.750000 115.927282 10.675785 0.668150
DYNAMIC_OBS_INFO 1 -1.750000 53.376675 1.570796 27.941505 -1.750000 86.376015 5.644782 0.195419
STATIC_OBS_INFO 0 -6.300000 65.384842 6.811916 
STATIC_OBS_INFO 1 -6.300000 65.655628 7.079584 
Parent: 3783.573471 10.000000 101.000000 20.000000 2055.350000 3620.603977 -10.000000 4.489296 37.000000 0.000000 0 0 1 0 0 0 0 0
Child: 3620.603977 10.217552 104.000000 3096.781177 10237.300000 2320.587939 -10.000000 0.000000 0.000000 0.000000 1 0 1 0 1 0 0 0
Child: 2320.587939 10.217552 104.000000 3047.579695 20562.800000 10.969837 -10.000000 0.000000 0.000000 0.000000 1 0 1 0 0 0 0 0
Child: 10.969837 1.345527 15.000000 20.042268 102.250000 0.000000 0.000000 0.000000 0.000000 0.000000 0 0 1 0 0 0 0 0
EGO_STATUS -5.249124 58.654473 7.800000 1.571827 0.479937 3.000000 -2.940000
DYNAMIC_OBS_INFO 0 -5.750000 53.531045 1.570796 58.276651 -5.750000 116.998201 10.742600 0.668150
DYNAMIC_OBS_INFO 1 -1.750000 53.376675 1.570796 28.433903 -1.750000 86.941470 5.664323 0.195419
STATIC_OBS_INFO 0 -6.300000 65.384842 6.743514 
STATIC_OBS_INFO 1 -6.300000 65.655628 7.011120 
Parent: 5.564057 1.276299 14.000000 0.000708 102.100000 0.000000 0.000000 3.256126 7.000000 0.000000 0 0 0 0 0 0 0 0
EGO_STATUS -5.249196 58.723701 7.900000 1.571846 0.773937 0.000000 2.940000
DYNAMIC_OBS_INFO 0 -5.750000 53.531045 1.570796 59.310279 -5.750000 118.075802 10.809415 0.668150
DYNAMIC_OBS_INFO 1 -1.750000 53.376675 1.570796 28.953475 -1.750000 87.508879 5.683865 0.195419
STATIC_OBS_INFO 0 -6.300000 65.384842 6.700111 
STATIC_OBS_INFO 1 -6.300000 65.655628 6.967676 
Parent: 3783.283122 10.000000 101.000000 20.000000 2055.350000 3620.321909 -10.000000 4.481015 37.000000 0.000000 0 0 1 0 0 0 0 0
Child: 3620.321909 10.217552 104.000000 3096.456690 10237.300000 2320.337750 -10.000000 0.000000 0.000000 0.000000 1 0 1 0 1 0 0 0
Child: 2320.337750 10.217552 104.000000 3047.257431 20562.800000 10.751308 -10.000000 0.000000 0.000000 0.000000 1 0 1 0 0 0 0 0
Child: 10.751308 1.232363 14.000000 20.037947 102.100000 0.000000 0.000000 0.000000 0.000000 0.000000 0 0 1 0 0 0 0 0
EGO_STATUS -5.249242 58.767637 8.000000 1.571851 0.479937 3.000000 -2.940000
DYNAMIC_OBS_INFO 0 -5.750000 53.531045 1.570796 60.325297 -5.750000 119.160084 10.876230 0.668150
DYNAMIC_OBS_INFO 1 -1.750000 53.376675 1.570796 29.450015 -1.750000 88.078243 5.703407 0.195419
STATIC_OBS_INFO 0 -6.300000 65.384842 6.631737 
STATIC_OBS_INFO 1 -6.300000 65.655628 6.899237 
Parent: -3.858098 1.163135 13.000000 0.000128 1.950000 0.000000 0.000000 2.967420 7.000000 0.000000 0 0 0 0 0 0 0 0
EGO_STATUS -5.249315 58.836865 8.100000 1.571852 0.773937 0.000000 2.940000
DYNAMIC_OBS_INFO 0 -5.750000 53.531045 1.570796 61.372289 -5.750000 120.251048 10.943045 0.668150
DYNAMIC_OBS_INFO 1 -1.750000 53.376675 1.570796 29.973732 -1.750000 88.649561 5.722949 0.195419
STATIC_OBS_INFO 0 -6.300000 65.384842 6.588353 
STATIC_OBS_INFO 1 -6.300000 65.655628 6.855810 
Parent: -12.263358 1.119199 13.000000 0.000174 1.950000 0.000000 -10.000000 4.568747 7.000000 0.000000 0 0 0 0 0 0 0 0
EGO_STATUS -5.249361 58.880801 8.200000 1.571844 0.479937 3.000000 -2.940000
DYNAMIC_OBS_INFO 0 -5.750000 53.531045 1.570796 62.445402 -5.750000 121.348693 11.009860 0.668150
DYNAMIC_OBS_INFO 1 -1.750000 53.376675 1.570796 30.518824 -1.750000 89.222833 5.742491 0.195419
STATIC_OBS_INFO 0 -6.300000 65.384842 6.564166 
STATIC_OBS_INFO 1 -6.300000 65.655628 6.831599 
Parent: 3774.464748 10.000000 101.000000 20.000000 2055.350000 3611.475686 -10.000000 4.508865 37.000000 0.000000 0 0 1 0 0 0 0 0
Child: 3611.475686 10.217552 104.000000 3096.014537 10237.300000 2311.534966 -10.000000 0.000000 0.000000 0.000000 1 0 1 0 1 0 0 0
Child: 2311.534966 10.217552 104.000000 3046.818309 20562.800000 1.991667 -10.000000 0.000000 0.000000 0.000000 1 0 1 0 0 0 0 0
Child: 1.991667 1.094703 12.000000 20.032415 1.800000 0.000000 0.000000 0.000000 0.000000 0.000000 0 0 1 0 0 0 0 0
EGO_STATUS -5.249387 58.905298 8.300000 1.571838 0.364817 3.000000 -2.940000
DYNAMIC_OBS_INFO 0 -5.750000 53.531045 1.570796 63.488996 -5.750000 122.453020 11.076675 0.668150
DYNAMIC_OBS_INFO 1 -1.750000 53.376675 1.570796 31.030021 -1.750000 89.798059 5.762033 0.195419
STATIC_OBS_INFO 0 -6.300000 65.384842 6.504247 
STATIC_OBS_INFO 1 -6.300000 65.655628 6.771619 
Parent: -3.752798 1.034003 12.000000 0.000774 1.800000 0.000000 0.000000 3.092035 7.000000 0.000000 0 0 0 0 0 0 0 0
EGO_STATUS -5.249449 58.965997 8.400000 1.571818 0.658817 0.000000 2.940000
DYNAMIC_OBS_INFO 0 -5.750000 53.531045 1.570796 64.566530 -5.750000 123.564028 11.143490 0.668150
DYNAMIC_OBS_INFO 1 -1.750000 53.376675 1.570796 31.570355 -1.750000 90.375239 5.781575 0.195419
STATIC_OBS_INFO 0 -6.300000 65.384842 6.471242 
STATIC_OBS_INFO 1 -6.300000 65.655628 6.738580 
Parent: -12.421116 1.000562 12.000000 0.000424 1.800000 0.000000 -10.000000 4.428764 7.000000 0.000000 0 0 0 0 0 0 0 0
EGO_STATUS -5.249482 58.999438 8.500000 1.571802 0.441847 3.000000 -2.940000
DYNAMIC_OBS_INFO 0 -5.750000 53.531045 1.570796 65.661595 -5.750000 124.681718 11.210305 0.668150
DYNAMIC_OBS_INFO 1 -1.750000 53.376675 1.570796 32.123529 -1.750000 90.954374 5.801117 0.195419
STATIC_OBS_INFO 0 -6.300000 65.384842 6.448947 
STATIC_OBS_INFO 1 -6.300000 65.655628 6.716261 
Parent: 3775.331695 10.000000 101.000000 20.000000 2055.350000 3611.344408 -10.000000 4.507089 36.000000 0.000000 0 0 1 0 0 0 0 0
Child: 3611.344408 10.217552 104.000000 3095.672716 10237.300000 2311.437271 -10.000000 0.000000 0.000000 0.000000 1 0 1 0 1 0 0 0
Child: 2311.437271 10.217552 104.000000 3046.478830 20562.800000 1.927324 -10.000000 0.000000 0.000000 0.000000 1 0 1 0 0 0 0 0
Child: 1.927324 0.977970 11.000000 20.028132 1.650000 0.000000 0.000000 0.000000 0.000000 0.000000 0 0 1 0 0 0 0 0
EGO_STATUS -5.249504 59.022030 8.600000 1.571789 0.344283 3.000000 -2.940000
DYNAMIC_OBS_INFO 0 -5.750000 53.531045 1.570796 66.726693 -5.750000 125.806089 11.277120 0.668150
DYNAMIC_OBS_INFO 1 -1.750000 53.376675 1.570796 32.642326 -1.750000 91.535463 5.820658 0.195419
STATIC_OBS_INFO 0 -6.300000 65.384842 6.390494 
STATIC_OBS_INFO 1 -6.300000 65.655628 6.657746 
Parent: -3.027742 0.918728 11.000000 0.001253 1.650000 0.000000 0.000000 2.834344 6.000000 0.000000 0 0 0 0 0 0 0 0
EGO_STATUS -5.249562 59.081272 8.700000 1.571754 0.638283 0.000000 2.940000
DYNAMIC_OBS_INFO 0 -5.750000 53.531045 1.570796 67.825302 -5.750000 126.937142 11.343935 0.668150
DYNAMIC_OBS_INFO 1 -1.750000 53.376675 1.570796 33.189837 -1.750000 92.118506 5.840200 0.195419
STATIC_OBS_INFO 0 -6.300000 65.384842 6.358518 
STATIC_OBS_INFO 1 -6.300000 65.655628 6.625735 
Parent: -11.880250 0.886314 10.000000 0.000643 1.500000 0.000000 -10.000000 3.986746 6.000000 0.000000 0 0 0 0 0 0 0 0
EGO_STATUS -5.249591 59.113686 8.800000 1.571731 0.434630 3.000000 -2.940000
DYNAMIC_OBS_INFO 0 -5.750000 53.531045 1.570796 68.940774 -5.750000 128.074876 11.410750 0.668150
DYNAMIC_OBS_INFO 1 -1.750000 53.376675 1.570796 33.749519 -1.750000 92.703503 5.859742 0.195419
STATIC_OBS_INFO 0 -6.300000 65.384842 6.336590 
STATIC_OBS_INFO 1 -6.300000 65.655628 6.603782 
Parent: -10.935959 0.864083 10.000000 0.000419 1.500000 0.000000 -10.000000 4.934392 6.000000 0.000000 0 0 0 0 0 0 0 0
EGO_STATUS -5.249611 59.135918 8.900000 1.571713 0.340229 3.000000 -2.940000
DYNAMIC_OBS_INFO 0 -5.750000 53.531045 1.570796 70.067649 -5.750000 129.219292 11.477565 0.668150
DYNAMIC_OBS_INFO 1 -1.750000 53.376675 1.570796 34.315942 -1.750000 93.290454 5.879284 0.195419
STATIC_OBS_INFO 0 -6.300000 65.384842 6.319319 
STATIC_OBS_INFO 1 -6.300000 65.655628 6.586492 
Parent: 3775.160228 10.000000 101.000000 20.000000 2055.350000 3611.162055 -10.000000 4.517976 36.000000 0.000000 0 0 1 0 0 0 0 0
Child: 3611.162055 10.217552 104.000000 3095.277030 10237.300000 2311.293792 -10.000000 0.000000 0.000000 0.000000 1 0 1 0 1 0 0 0
Child: 2311.293792 10.217552 104.000000 3046.089249 20562.800000 1.822120 -10.000000 0.000000 0.000000 0.000000 1 0 1 0 0 0 0 0
Child: 1.822120 0.846571 10.000000 20.023528 1.500000 0.000000 0.000000 0.000000 0.000000 0.000000 0 0 1 0 0 0 0 0
EGO_STATUS -5.249627 59.153429 9.000000 1.571699 0.282401 3.000000 -2.940000
DYNAMIC_OBS_INFO 0 -5.750000 53.531045 1.570796 71.163741 -5.750000 130.370389 11.544380 0.668150
DYNAMIC_OBS_INFO 1 -1.750000 53.376675 1.570796 34.847133 -1.750000 93.879360 5.898826 0.195419
STATIC_OBS_INFO 0 -6.300000 65.384842 6.265104 
STATIC_OBS_INFO 1 -6.300000 65.655628 6.532216 
Parent: -3.181300 0.791593 9.000000 0.001420 1.350000 0.000000 0.000000 2.699836 6.000000 0.000000 0 0 0 0 0 0 0 0
EGO_STATUS -5.249674 59.208407 9.100000 1.571652 0.576401 0.000000 2.940000
DYNAMIC_OBS_INFO 0 -5.750000 53.531045 1.570796 72.292172 -5.750000 131.528168 11.611195 0.668150
DYNAMIC_OBS_INFO 1 -1.750000 53.376675 1.570796 35.405881 -1.750000 94.470219 5.918368 0.195419
STATIC_OBS_INFO 0 -6.300000 65.384842 6.236197 
STATIC_OBS_INFO 1 -6.300000 65.655628 6.503275 
Parent: -12.258589 0.762273 9.000000 0.000758 1.350000 0.000000 -10.000000 3.627006 6.000000 0.000000 0 0 0 0 0 0 0 0
EGO_STATUS -5.249698 59.237727 9.200000 1.571625 0.410332 3.000000 -2.940000
DYNAMIC_OBS_INFO 0 -5.750000 53.531045 1.570796 73.435588 -5.750000 132.692628 11.678010 0.668150
DYNAMIC_OBS_INFO 1 -1.750000 53.376675 1.570796 35.974924 -1.750000 95.063033 5.937910 0.195419
STATIC_OBS_INFO 0 -6.300000 65.384842 6.215479 
STATIC_OBS_INFO 1 -6.300000 65.655628 6.482533 
Parent: -11.479099 0.741256 9.000000 0.000495 1.350000 0.000000 -10.000000 4.409672 6.000000 0.000000 0 0 0 0 0 0 0 0
EGO_STATUS -5.249714 59.258744 9.300000 1.571604 0.326196 3.000000 -2.940000
DYNAMIC_OBS_INFO 0 -5.750000 53.531045 1.570796 74.589894 -5.750000 133.863770 11.744825 0.668150
DYNAMIC_OBS_INFO 1 -1.750000 53.376675 1.570796 36.550185 -1.750000 95.657801 5.957452 0.195419
STATIC_OBS_INFO 0 -6.300000 65.384842 6.198909 
STATIC_OBS_INFO 1 -6.300000 65.655628 6.465944 
Parent: 37259.703230 10.000000 101.000000 330020.000000 2730.250000 4355.637938 -10.000000 4.495984 36.000000 0.000000 0 0 1 0 0 0 0 33
Child: 4355.637938 10.000000 101.000000 20.000000 20730.250000 2311.157740 -10.000000 0.000000 0.000000 0.000000 0 0 1 0 0 0 0 0
Child: 2311.157740 10.217552 104.000000 3045.742689 20562.800000 1.720116 -10.000000 0.000000 0.000000 0.000000 1 0 1 0 0 0 0 0
Child: 1.720116 0.724447 9.000000 20.019477 1.350000 0.000000 0.000000 0.000000 0.000000 0.000000 0 0 1 0 0 0 0 0
EGO_STATUS -5.249727 59.275553 9.400000 1.571588 0.273044 3.000000 -2.940000
DYNAMIC_OBS_INFO 0 -5.750000 53.531045 1.570796 75.713341 -5.750000 135.041593 11.811640 0.668150
DYNAMIC_OBS_INFO 1 -1.750000 53.376675 1.570796 37.090105 -1.750000 96.254523 5.976993 0.195419
STATIC_OBS_INFO 0 -6.300000 65.384842 6.145344 
STATIC_OBS_INFO 1 -6.300000 65.655628 6.412314 
Parent: -3.576836 0.670096 8.000000 0.001642 1.200000 0.000000 0.000000 2.322512 6.000000 0.000000 0 0 0 0 0 0 0 0
EGO_STATUS -5.249767 59.329904 9.500000 1.571532 0.567044 0.000000 2.940000
DYNAMIC_OBS_INFO 0 -5.750000 53.531045 1.570796 76.868969 -5.750000 136.226098 11.878455 0.668150
DYNAMIC_OBS_INFO 1 -1.750000 53.376675 1.570796 37.657427 -1.750000 96.853200 5.996535 0.195419
STATIC_OBS_INFO 0 -6.300000 65.384842 6.116915 
STATIC_OBS_INFO 1 -6.300000 65.655628 6.383850 
Parent: -12.823245 0.641244 8.000000 0.000866 1.200000 0.000000 -10.000000 3.080499 6.000000 0.000000 0 0 0 0 0 0 0 0
EGO_STATUS -5.249787 59.358756 9.600000 1.571501 0.406325 3.000000 -2.940000
DYNAMIC_OBS_INFO 0 -5.750000 53.531045 1.570796 78.039314 -5.750000 137.417284 11.945270 0.668150
DYNAMIC_OBS_INFO 1 -1.750000 53.376675 1.570796 38.234771 -1.750000 97.453830 6.016077 0.195419
STATIC_OBS_INFO 0 -6.300000 65.384842 6.096407 
STATIC_OBS_INFO 1 -6.300000 65.655628 6.363316 
Parent: -12.189808 0.620427 8.000000 0.000559 1.200000 0.000000 -10.000000 3.717085 6.000000 0.000000 0 0 0 0 0 0 0 0
EGO_STATUS -5.249800 59.379573 9.700000 1.571478 0.323825 3.000000 -2.940000
DYNAMIC_OBS_INFO 0 -5.750000 53.531045 1.570796 79.220467 -5.750000 138.615152 12.012085 0.668150
DYNAMIC_OBS_INFO 1 -1.750000 53.376675 1.570796 38.818243 -1.750000 98.056415 6.035619 0.195419
STATIC_OBS_INFO 0 -6.300000 65.384842 6.079964 
STATIC_OBS_INFO 1 -6.300000 65.655628 6.346853 
Parent: -11.619127 0.603736 8.000000 0.000397 1.200000 0.000000 -10.000000 4.290283 6.000000 0.000000 0 0 0 0 0 0 0 0
EGO_STATUS -5.249811 59.396264 9.800000 1.571460 0.271443 3.000000 -2.940000
DYNAMIC_OBS_INFO 0 -5.750000 53.531045 1.570796 80.410920 -5.750000 139.819701 12.078900 0.668150
DYNAMIC_OBS_INFO 1 -1.750000 53.376675 1.570796 39.406342 -1.750000 98.660954 6.055161 0.195419
STATIC_OBS_INFO 0 -6.300000 65.384842 6.066102 
STATIC_OBS_INFO 1 -6.300000 65.655628 6.332973 
Parent: -11.091109 0.589664 7.000000 0.000299 1.050000 0.000000 -10.000000 4.820416 6.000000 0.000000 0 0 0 0 0 0 0 0
EGO_STATUS -5.249819 59.410336 9.900000 1.571444 0.234653 3.000000 -2.940000
DYNAMIC_OBS_INFO 0 -5.750000 53.531045 1.570796 81.609896 -5.750000 141.030932 12.145715 0.668150
DYNAMIC_OBS_INFO 1 -1.750000 53.376675 1.570796 39.998289 -1.750000 99.267447 6.074703 0.195419
STATIC_OBS_INFO 0 -6.300000 65.384842 6.054053 
STATIC_OBS_INFO 1 -6.300000 65.655628 6.320909 
Parent: 85953.145038 10.000000 101.000000 830020.000000 2055.350000 3610.923801 -10.000000 4.523217 36.000000 0.000000 0 0 1 0 0 0 0 83
Child: 3610.923801 10.217552 104.000000 3094.487335 10237.300000 2311.133123 -10.000000 0.000000 0.000000 0.000000 1 0 1 0 1 0 0 0
Child: 2311.133123 10.217552 104.000000 3045.313335 20562.800000 1.737681 -10.000000 0.000000 0.000000 0.000000 1 0 1 0 0 0 0 0
Child: 1.737681 0.577431 7.000000 20.015304 1.050000 0.000000 0.000000 0.000000 0.000000 0.000000 0 0 1 0 0 0 0 0
EGO_STATUS -5.249827 59.422569 10.000000 1.571431 0.207172 3.000000 -2.940000
DYNAMIC_OBS_INFO 0 -5.750000 53.531045 1.570796 82.777712 -5.750000 142.248844 12.212530 0.668150
DYNAMIC_OBS_INFO 1 -1.750000 53.376675 1.570796 40.554553 -1.750000 99.875895 6.094245 0.195419
STATIC_OBS_INFO 0 -6.300000 65.384842 6.004740 
STATIC_OBS_INFO 1 -6.300000 65.655628 6.271532 
Parent: -3.857463 0.527357 7.000000 0.001403 1.050000 0.000000 0.000000 2.063328 6.000000 0.000000 0 0 0 0 0 0 0 0
EGO_STATUS -5.249855 59.472643 10.100000 1.571374 0.501172 0.000000 2.940000
DYNAMIC_OBS_INFO 0 -5.750000 53.531045 1.570796 83.976726 -5.750000 143.473438 12.279345 0.668150
DYNAMIC_OBS_INFO 1 -1.750000 53.376675 1.570796 41.137246 -1.750000 100.486296 6.113786 0.195419
STATIC_OBS_INFO 0 -6.300000 65.384842 5.979575 
STATIC_OBS_INFO 1 -6.300000 65.655628 6.246334 
Parent: -13.322220 0.501799 7.000000 0.000792 1.050000 0.000000 -10.000000 2.602454 6.000000 0.000000 0 0 0 0 0 0 0 0
EGO_STATUS -5.249869 59.498201 10.200000 1.571345 0.375635 3.000000 -2.940000
DYNAMIC_OBS_INFO 0 -5.750000 53.531045 1.570796 85.188698 -5.750000 144.704713 12.346160 0.668150
DYNAMIC_OBS_INFO 1 -1.750000 53.376675 1.570796 41.728201 -1.750000 101.098652 6.133328 0.195419
STATIC_OBS_INFO 0 -6.300000 65.384842 5.960592 
STATIC_OBS_INFO 1 -6.300000 65.655628 6.227325 
Parent: -12.865285 0.482517 6.000000 0.000523 0.900000 0.000000 -10.000000 3.062295 6.000000 0.000000 0 0 0 0 0 0 0 0
EGO_STATUS -5.249878 59.517483 10.300000 1.571324 0.305134 3.000000 -2.940000
DYNAMIC_OBS_INFO 0 -5.750000 53.531045 1.570796 86.410877 -5.750000 145.942670 12.412975 0.668150
DYNAMIC_OBS_INFO 1 -1.750000 53.376675 1.570796 42.324676 -1.750000 101.712962 6.152870 0.195419
STATIC_OBS_INFO 0 -6.300000 65.384842 5.945081 
STATIC_OBS_INFO 1 -6.300000 65.655628 6.211794 
Parent: -12.454850 0.466760 6.000000 0.000375 0.900000 0.000000 -10.000000 3.475107 6.000000 0.000000 0 0 0 0 0 0 0 0
EGO_STATUS -5.249886 59.533240 10.400000 1.571306 0.258631 3.000000 -2.940000
DYNAMIC_OBS_INFO 0 -5.750000 53.531045 1.570796 87.642064 -5.750000 147.187308 12.479790 0.668150
DYNAMIC_OBS_INFO 1 -1.750000 53.376675 1.570796 42.925473 -1.750000 102.329226 6.172412 0.195419
STATIC_OBS_INFO 0 -6.300000 65.384842 5.931860 
STATIC_OBS_INFO 1 -6.300000 65.655628 6.198555 
Parent: -12.077730 0.453329 6.000000 0.000284 0.900000 0.000000 -10.000000 3.854249 6.000000 0.000000 0 0 0 0 0 0 0 0
EGO_STATUS -5.249892 59.546671 10.500000 1.571291 0.225236 3.000000 -2.940000
DYNAMIC_OBS_INFO 0 -5.750000 53.531045 1.570796 88.881602 -5.750000 148.438628 12.546605 0.668150
DYNAMIC_OBS_INFO 1 -1.750000 53.376675 1.570796 43.529939 -1.750000 102.947444 6.191954 0.195419
STATIC_OBS_INFO 0 -6.300000 65.384842 5.920283 
STATIC_OBS_INFO 1 -6.300000 65.655628 6.186963 
Parent: -11.726751 0.441567 6.000000 0.000223 0.900000 0.000000 -10.000000 4.206998 6.000000 0.000000 0 0 0 0 0 0 0 0
EGO_STATUS -5.249897 59.558433 10.600000 1.571278 0.199920 3.000000 -2.940000
DYNAMIC_OBS_INFO 0 -5.750000 53.531045 1.570796 90.129087 -5.750000 149.696629 12.613420 0.668150
DYNAMIC_OBS_INFO 1 -1.750000 53.376675 1.570796 44.137669 -1.750000 103.567617 6.211496 0.195419
STATIC_OBS_INFO 0 -6.300000 65.384842 5.909953 
STATIC_OBS_INFO 1 -6.300000 65.655628 6.176618 
Parent: -11.397407 0.431071 6.000000 0.000180 0.900000 0.000000 -10.000000 4.537919 6.000000 0.000000 0 0 0 0 0 0 0 0
EGO_STATUS -5.249901 59.568929 10.700000 1.571266 0.179986 3.000000 -2.940000
DYNAMIC_OBS_INFO 0 -5.750000 53.531045 1.570796 91.384252 -5.750000 150.961312 12.680235 0.668150
DYNAMIC_OBS_INFO 1 -1.750000 53.376675 1.570796 44.748394 -1.750000 104.189744 6.231038 0.195419
STATIC_OBS_INFO 0 -6.300000 65.384842 5.900605 
STATIC_OBS_INFO 1 -6.300000 65.655628 6.167257 
Parent: -11.086606 0.421572 6.000000 0.000149 0.900000 0.000000 -10.000000 4.850148 6.000000 0.000000 0 0 0 0 0 0 0 0
EGO_STATUS -5.249905 59.578428 10.800000 1.571256 0.163839 3.000000 -2.940000
DYNAMIC_OBS_INFO 0 -5.750000 53.531045 1.570796 92.646905 -5.750000 152.232676 12.747050 0.668150
DYNAMIC_OBS_INFO 1 -1.750000 53.376675 1.570796 45.361924 -1.750000 104.813824 6.250580 0.195419
STATIC_OBS_INFO 0 -6.300000 65.384842 5.892051 
STATIC_OBS_INFO 1 -6.300000 65.655628 6.158691 
NO_CANDIDATE
EGO_STATUS -5.249909 59.587120 10.900000 1.571246 0.150467 3.000000 -2.940000
DYNAMIC_OBS_INFO 0 -5.750000 53.531045 1.570796 93.907549 -5.750000 153.510722 12.813865 0.668150
DYNAMIC_OBS_INFO 1 -1.750000 53.376675 1.570796 45.968785 -1.750000 105.439859 6.270121 0.195419
STATIC_OBS_INFO 0 -6.300000 65.384842 5.874945 
STATIC_OBS_INFO 1 -6.300000 65.655628 6.141562 
NO_CANDIDATE
EGO_STATUS -5.249916 59.604504 11.000000 1.571227 0.123724 3.000000 -2.940000
DYNAMIC_OBS_INFO 0 -5.750000 53.531045 1.570796 95.174875 -5.750000 154.795449 12.880680 0.668150
DYNAMIC_OBS_INFO 1 -1.750000 53.376675 1.570796 46.577642 -1.750000 106.067849 6.289663 0.195419
STATIC_OBS_INFO 0 -6.300000 65.384842 5.857841 
STATIC_OBS_INFO 1 -6.300000 65.655628 6.124433 
Parent: -2.044448 0.378112 5.000000 0.000064 0.750000 0.000000 0.000000 3.898830 6.000000 0.000000 0 0 0 0 0 1 0 0
EGO_STATUS -5.249923 59.621888 11.100000 1.571208 0.096981 3.000000 -2.940000
DYNAMIC_OBS_INFO 0 -5.750000 53.531045 1.570796 96.456568 -5.750000 156.086858 12.947495 0.668150
DYNAMIC_OBS_INFO 1 -1.750000 53.376675 1.570796 47.196157 -1.750000 106.697792 6.309205 0.195419
STATIC_OBS_INFO 0 -6.300000 65.384842 5.848299 
STATIC_OBS_INFO 1 -6.300000 65.655628 6.114878 
Parent: -12.145903 0.368414 5.000000 0.000063 0.750000 0.000000 -10.000000 3.798830 6.000000 0.000000 0 0 0 0 0 1 0 0
EGO_STATUS -5.249926 59.631586 11.200000 1.571198 0.096981 4.000000 0.000000
DYNAMIC_OBS_INFO 0 -5.750000 53.531045 1.570796 97.744943 -5.750000 157.384948 13.014310 0.668150
DYNAMIC_OBS_INFO 1 -1.750000 53.376675 1.570796 47.816666 -1.750000 107.329690 6.328747 0.195419
STATIC_OBS_INFO 0 -6.300000 65.384842 5.838759 
STATIC_OBS_INFO 1 -6.300000 65.655628 6.105324 
Parent: -12.247358 0.358716 5.000000 0.000062 0.750000 0.000000 -10.000000 3.698830 6.000000 0.000000 0 0 0 0 0 1 0 0
EGO_STATUS -5.249930 59.641284 11.300000 1.571188 0.096981 4.000000 0.000000
DYNAMIC_OBS_INFO 0 -5.750000 53.531045 1.570796 99.040000 -5.750000 158.689720 13.081125 0.668150
DYNAMIC_OBS_INFO 1 -1.750000 53.376675 1.570796 48.439167 -1.750000 107.963542 6.348289 0.195419
STATIC_OBS_INFO 0 -6.300000 65.384842 5.829218 
STATIC_OBS_INFO 1 -6.300000 65.655628 6.095770 
Parent: -12.348813 0.349018 5.000000 0.000060 0.750000 0.000000 -10.000000 3.598830 6.000000 0.000000 0 0 0 0 0 1 0 0
EGO_STATUS -5.249933 59.650982 11.400000 1.571177 0.096981 4.000000 0.000000
DYNAMIC_OBS_INFO 0 -5.750000 53.531045 1.570796 100.341739 -5.750000 160.001173 13.147940 0.668150
DYNAMIC_OBS_INFO 1 -1.750000 53.376675 1.570796 49.063660 -1.750000 108.599348 6.367831 0.195419
STATIC_OBS_INFO 0 -6.300000 65.384842 5.819679 
STATIC_OBS_INFO 1 -6.300000 65.655628 6.086217 
Parent: -12.450268 0.339320 5.000000 0.000057 0.750000 0.000000 -10.000000 3.498830 6.000000 0.000000 0 0 0 0 0 1 0 0
EGO_STATUS -5.249936 59.660680 11.500000 1.571167 0.096981 4.000000 0.000000
DYNAMIC_OBS_INFO 0 -5.750000 53.531045 1.570796 101.650159 -5.750000 161.319308 13.214755 0.668150
DYNAMIC_OBS_INFO 1 -1.750000 53.376675 1.570796 49.690142 -1.750000 109.237108 6.387373 0.195419
STATIC_OBS_INFO 0 -6.300000 65.384842 5.810139 
STATIC_OBS_INFO 1 -6.300000 65.655628 6.076664 
Parent: -12.551723 0.329622 5.000000 0.000058 0.750000 0.000000 -10.000000 3.398830 6.000000 0.000000 0 0 0 0 0 1 0 0
EGO_STATUS -5.249939 59.670378 11.600000 1.571157 0.096981 4.000000 0.000000
DYNAMIC_OBS_INFO 0 -5.750000 53.531045 1.570796 102.965262 -5.750000 162.644124 13.281570 0.668150
DYNAMIC_OBS_INFO 1 -1.750000 53.376675 1.570796 50.318613 -1.750000 109.876822 6.406914 0.195419
STATIC_OBS_INFO 0 -6.300000 65.384842 5.800601 
STATIC_OBS_INFO 1 -6.300000 65.655628 6.067111 
Parent: -12.653178 0.319924 5.000000 0.000060 0.750000 0.000000 -10.000000 3.298830 6.000000 0.000000 0 0 0 0 0 1 0 0
EGO_STATUS -5.249942 59.680076 11.700000 1.571147 0.096981 4.000000 0.000000
DYNAMIC_OBS_INFO 0 -5.750000 53.531045 1.570796 104.287046 -5.750000 163.975622 13.348385 0.668150
DYNAMIC_OBS_INFO 1 -1.750000 53.376675 1.570796 50.949072 -1.750000 110.518491 6.426456 0.195419
STATIC_OBS_INFO 0 -6.300000 65.384842 5.791063 
STATIC_OBS_INFO 1 -6.300000 65.655628 6.057559 
Parent: -12.754632 0.310225 5.000000 0.000062 0.750000 0.000000 -10.000000 3.198830 6.000000 0.000000 0 0 0 0 0 1 0 0
EGO_STATUS -5.249945 59.689775 11.800000 1.571138 0.096981 4.000000 0.000000
DYNAMIC_OBS_INFO 0 -5.750000 53.531045 1.570796 105.615512 -5.750000 165.313801 13.415200 0.668150
DYNAMIC_OBS_INFO 1 -1.750000 53.376675 1.570796 51.581518 -1.750000 111.162113 6.445998 0.195419
STATIC_OBS_INFO 0 -6.300000 65.384842 5.781525 
STATIC_OBS_INFO 1 -6.300000 65.655628 6.048008 
Parent: -12.856087 0.300527 5.000000 0.000065 0.750000 0.000000 -10.000000 3.098830 6.000000 0.000000 0 0 0 0 0 1 0 0
EGO_STATUS -5.249948 59.699473 11.900000 1.571128 0.096981 4.000000 0.000000
DYNAMIC_OBS_INFO 0 -5.750000 53.531045 1.570796 106.950660 -5.750000 166.658662 13.482015 0.668150
DYNAMIC_OBS_INFO 1 -1.750000 53.376675 1.570796 52.215950 -1.750000 111.807690 6.465540 0.195419
STATIC_OBS_INFO 0 -6.300000 65.384842 5.771988 
STATIC_OBS_INFO 1 -6.300000 65.655628 6.038457 
Parent: -12.957541 0.290829 4.000000 0.000068 0.600000 0.000000 -10.000000 2.998830 6.000000 0.000000 0 0 0 0 0 1 0 0
EGO_STATUS -5.249951 59.709171 12.000000 1.571118 0.096981 4.000000 0.000000
DYNAMIC_OBS_INFO 0 -5.750000 53.531045 1.570796 108.292490 -5.750000 168.010204 13.548830 0.668150
DYNAMIC_OBS_INFO 1 -1.750000 53.376675 1.570796 52.852366 -1.750000 112.455221 6.485082 0.195419
STATIC_OBS_INFO 0 -6.300000 65.384842 5.762451 
STATIC_OBS_INFO 1 -6.300000 65.655628 6.028906 
Parent: -13.058995 0.281131 4.000000 0.000071 0.600000 0.000000 -10.000000 2.898830 6.000000 0.000000 0 0 0 0 0 1 0 0
EGO_STATUS -5.249954 59.718869 12.100000 1.571109 0.096981 4.000000 0.000000
DYNAMIC_OBS_INFO 0 -5.750000 53.531045 1.570796 109.641001 -5.750000 169.368428 13.615645 0.668150
DYNAMIC_OBS_INFO 1 -1.750000 53.376675 1.570796 53.490765 -1.750000 113.104707 6.504624 0.195419
STATIC_OBS_INFO 0 -6.300000 65.384842 5.752916 
STATIC_OBS_INFO 1 -6.300000 65.655628 6.019356 
Parent: -13.160450 0.271433 4.000000 0.000075 0.600000 0.000000 -10.000000 2.798830 6.000000 0.000000 0 0 0 0 0 1 0 0
EGO_STATUS -5.249956 59.728567 12.200000 1.571100 0.096981 4.000000 0.000000
DYNAMIC_OBS_INFO 0 -5.750000 53.531045 1.570796 110.996194 -5.750000 170.733333 13.682460 0.668150
DYNAMIC_OBS_INFO 1 -1.750000 53.376675 1.570796 54.131148 -1.750000 113.756146 6.524166 0.195419
STATIC_OBS_INFO 0 -6.300000 65.384842 5.743380 
STATIC_OBS_INFO 1 -6.300000 65.655628 6.009806 
Parent: -13.261904 0.261735 4.000000 0.000080 0.600000 0.000000 -10.000000 2.698830 6.000000 0.000000 0 0 0 0 0 1 0 0
EGO_STATUS -5.249959 59.738265 12.300000 1.571090 0.096981 4.000000 0.000000
DYNAMIC_OBS_INFO 0 -5.750000 53.531045 1.570796 112.358069 -5.750000 172.104920 13.749275 0.668150
DYNAMIC_OBS_INFO 1 -1.750000 53.376675 1.570796 54.773513 -1.750000 114.409540 6.543708 0.195419
STATIC_OBS_INFO 0 -6.300000 65.384842 5.733845 
STATIC_OBS_INFO 1 -6.300000 65.655628 6.000257 
Parent: -13.363359 0.252037 4.000000 0.000083 0.600000 0.000000 -10.000000 2.598830 6.000000 0.000000 0 0 0 0 0 1 0 0
EGO_STATUS -5.249961 59.747963 12.400000 1.571081 0.096981 4.000000 0.000000
DYNAMIC_OBS_INFO 0 -5.750000 53.531045 1.570796 113.726626 -5.750000 173.483188 13.816090 0.668150
DYNAMIC_OBS_INFO 1 -1.750000 53.376675 1.570796 55.417858 -1.750000 115.064888 6.563249 0.195419
STATIC_OBS_INFO 0 -6.300000 65.384842 5.724311 
STATIC_OBS_INFO 1 -6.300000 65.655628 5.990709 
Parent: -13.464814 0.242339 4.000000 0.000086 0.600000 0.000000 -10.000000 2.498830 6.000000 0.000000 0 0 0 0 0 1 0 0
EGO_STATUS -5.249963 59.757661 12.500000 1.571072 0.096981 4.000000 0.000000
DYNAMIC_OBS_INFO 0 -5.750000 53.531045 1.570796 115.101865 -5.750000 174.868138 13.882905 0.668150
DYNAMIC_OBS_INFO 1 -1.750000 53.376675 1.570796 56.064185 -1.750000 115.722190 6.582791 0.195419
STATIC_OBS_INFO 0 -6.300000 65.384842 5.714777 
STATIC_OBS_INFO 1 -6.300000 65.655628 5.981161 
Parent: -13.566269 0.232641 4.000000 0.000086 0.600000 0.000000 -10.000000 2.398830 6.000000 0.000000 0 0 0 0 0 1 0 0
EGO_STATUS -5.249966 59.767359 12.600000 1.571064 0.096981 4.000000 0.000000
DYNAMIC_OBS_INFO 0 -5.750000 53.531045 1.570796 116.483785 -5.750000 176.259769 13.949720 0.668150
DYNAMIC_OBS_INFO 1 -1.750000 53.376675 1.570796 56.712490 -1.750000 116.381446 6.602333 0.195419
STATIC_OBS_INFO 0 -6.300000 65.384842 5.705244 
STATIC_OBS_INFO 1 -6.300000 65.655628 5.971613 
Parent: -13.667724 0.222943 4.000000 0.000080 0.600000 0.000000 -10.000000 2.298830 6.000000 0.000000 0 0 0 0 0 1 0 0
EGO_STATUS -5.249968 59.777057 12.700000 1.571055 0.096981 4.000000 0.000000
DYNAMIC_OBS_INFO 0 -5.750000 53.531045 1.570796 117.872387 -5.750000 177.658082 14.016535 0.668150
DYNAMIC_OBS_INFO 1 -1.750000 53.376675 1.570796 57.362775 -1.750000 117.042656 6.621875 0.195419
STATIC_OBS_INFO 0 -6.300000 65.384842 5.695712 
STATIC_OBS_INFO 1 -6.300000 65.655628 5.962066 
Parent: -13.769180 0.213245 4.000000 0.000063 0.600000 0.000000 -10.000000 2.198830 6.000000 0.000000 0 0 0 0 0 1 0 0
EGO_STATUS -5.249970 59.786755 12.800000 1.571046 0.096981 4.000000 0.000000
DYNAMIC_OBS_INFO 0 -5.750000 53.531045 1.570796 119.267671 -5.750000 179.063076 14.083350 0.668150
DYNAMIC_OBS_INFO 1 -1.750000 53.376675 1.570796 58.015038 -1.750000 117.705821 6.641417 0.195419
STATIC_OBS_INFO 0 -6.300000 65.384842 5.686180 
STATIC_OBS_INFO 1 -6.300000 65.655628 5.952519 
Parent: -13.870636 0.203546 4.000000 0.000043 0.600000 0.000000 -10.000000 2.098830 6.000000 0.000000 0 0 0 0 0 1 0 0
EGO_STATUS -5.249972 59.796454 12.900000 1.571038 0.096981 4.000000 0.000000
DYNAMIC_OBS_INFO 0 -5.750000 53.531045 1.570796 120.669636 -5.750000 180.474752 14.150165 0.668150
DYNAMIC_OBS_INFO 1 -1.750000 53.376675 1.570796 58.669278 -1.750000 118.370940 6.660959 0.195419
STATIC_OBS_INFO 0 -6.300000 65.384842 5.676649 
STATIC_OBS_INFO 1 -6.300000 65.655628 5.942973 
Parent: -13.972090 0.193848 3.000000 0.000043 0.450000 0.000000 -10.000000 1.998830 6.000000 0.000000 0 0 0 0 0 0 0 0
EGO_STATUS -5.249974 59.806152 13.000000 1.571030 0.096981 4.000000 0.000000
DYNAMIC_OBS_INFO 0 -5.750000 53.531045 1.570796 122.078283 -5.750000 181.893109 14.216980 0.668150
DYNAMIC_OBS_INFO 1 -1.750000 53.376675 1.570796 59.325495 -1.750000 119.038013 6.680501 0.195419
STATIC_OBS_INFO 0 -6.300000 65.384842 5.667118 
STATIC_OBS_INFO 1 -6.300000 65.655628 5.933428 
Parent: -14.073545 0.184150 3.000000 0.000043 0.450000 0.000000 -10.000000 1.898830 6.000000 0.000000 0 0 0 0 0 0 0 0
EGO_STATUS -5.249976 59.815850 13.100000 1.571022 0.096981 4.000000 0.000000
DYNAMIC_OBS_INFO 0 -5.750000 53.531045 1.570796 123.493612 -5.750000 183.318148 14.283795 0.668150
DYNAMIC_OBS_INFO 1 -1.750000 53.376675 1.570796 59.983689 -1.750000 119.707040 6.700043 0.195419
STATIC_OBS_INFO 0 -6.300000 65.384842 5.657588 
STATIC_OBS_INFO 1 -6.300000 65.655628 5.923883 
Parent: -14.174999 0.174452 3.000000 0.000057 0.450000 0.000000 -10.000000 1.798830 6.000000 0.000000 0 0 0 0 0 0 0 0
EGO_STATUS -5.249977 59.825548 13.200000 1.571014 0.096981 4.000000 0.000000
DYNAMIC_OBS_INFO 0 -5.750000 53.531045 1.570796 124.915623 -5.750000 184.749868 14.350610 0.668150
DYNAMIC_OBS_INFO 1 -1.750000 53.376675 1.570796 60.643858 -1.750000 120.378021 6.719584 0.195419
STATIC_OBS_INFO 0 -6.300000 65.384842 5.648058 
STATIC_OBS_INFO 1 -6.300000 65.655628 5.914338 
Parent: -14.276454 0.164754 3.000000 0.000060 0.450000 0.000000 -10.000000 1.698830 6.000000 0.000000 0 0 0 0 0 0 0 0
EGO_STATUS -5.249979 59.835246 13.300000 1.571006 0.096981 4.000000 0.000000
DYNAMIC_OBS_INFO 0 -5.750000 53.531045 1.570796 126.344315 -5.750000 186.188270 14.417425 0.668150
DYNAMIC_OBS_INFO 1 -1.750000 53.376675 1.570796 61.306002 -1.750000 121.050957 6.739126 0.195419
STATIC_OBS_INFO 0 -6.300000 65.384842 5.638529 
STATIC_OBS_INFO 1 -6.300000 65.655628 5.904794 
Parent: -14.377908 0.155056 3.000000 0.000069 0.450000 0.000000 -10.000000 1.598830 6.000000 0.000000 0 0 0 0 0 0 0 0
EGO_STATUS -5.249981 59.844944 13.400000 1.570998 0.096981 4.000000 0.000000
DYNAMIC_OBS_INFO 0 -5.750000 53.531045 1.570796 127.779689 -5.750000 187.633353 14.484240 0.668150
DYNAMIC_OBS_INFO 1 -1.750000 53.376675 1.570796 61.970120 -1.750000 121.725846 6.758668 0.195419
STATIC_OBS_INFO 0 -6.300000 65.384842 5.629000 
STATIC_OBS_INFO 1 -6.300000 65.655628 5.895250 
Parent: -14.479362 0.145358 3.000000 0.000087 0.450000 0.000000 -10.000000 1.498830 6.000000 0.000000 0 0 0 0 0 0 0 0
EGO_STATUS -5.249982 59.854642 13.500000 1.570990 0.096981 4.000000 0.000000
DYNAMIC_OBS_INFO 0 -5.750000 53.531045 1.570796 129.221745 -5.750000 189.085118 14.551055 0.668150
DYNAMIC_OBS_INFO 1 -1.750000 53.376675 1.570796 62.636213 -1.750000 122.402690 6.778210 0.195419
STATIC_OBS_INFO 0 -6.300000 65.384842 5.619473 
STATIC_OBS_INFO 1 -6.300000 65.655628 5.885707 
Parent: -14.580815 0.135660 3.000000 0.000121 0.450000 0.000000 -10.000000 1.398830 6.000000 0.000000 0 0 0 0 0 0 0 0
EGO_STATUS -5.249984 59.864340 13.600000 1.570983 0.096981 4.000000 0.000000
DYNAMIC_OBS_INFO 0 -5.750000 53.531045 1.570796 130.670483 -5.750000 190.543564 14.617870 0.668150
DYNAMIC_OBS_INFO 1 -1.750000 53.376675 1.570796 63.304278 -1.750000 123.081488 6.797752 0.195419
STATIC_OBS_INFO 0 -6.300000 65.384842 5.609945 
STATIC_OBS_INFO 1 -6.300000 65.655628 5.876165 
Parent: -14.682268 0.125962 3.000000 0.000177 0.450000 0.000000 -10.000000 1.298830 6.000000 0.000000 0 0 0 0 0 0 0 0
EGO_STATUS -5.249985 59.874038 13.700000 1.570975 0.096981 4.000000 0.000000
DYNAMIC_OBS_INFO 0 -5.750000 53.531045 1.570796 132.125902 -5.750000 192.008692 14.684685 0.668150
DYNAMIC_OBS_INFO 1 -1.750000 53.376675 1.570796 63.974317 -1.750000 123.762241 6.817294 0.195419
STATIC_OBS_INFO 0 -6.300000 65.384842 5.600419 
STATIC_OBS_INFO 1 -6.300000 65.655628 5.866623 
Parent: -10.908268 0.116264 3.000000 0.000218 100.450000 0.000000 -10.000000 1.198830 6.000000 0.000000 0 0 0 0 0 0 0 0
EGO_STATUS -5.249987 59.883736 13.800000 1.570966 0.096981 4.000000 0.000000
DYNAMIC_OBS_INFO 0 -5.750000 53.531045 1.570796 133.588003 -5.750000 193.480501 14.751500 0.668150
DYNAMIC_OBS_INFO 1 -1.750000 53.376675 1.570796 64.646328 -1.750000 124.444947 6.836836 0.195419
STATIC_OBS_INFO 0 -6.300000 65.384842 5.590893 
STATIC_OBS_INFO 1 -6.300000 65.655628 5.857081 
Parent: -11.332993 0.106566 3.000000 0.000210 100.450000 0.000000 -10.000000 1.098830 6.000000 0.000000 0 0 0 0 0 0 0 0
EGO_STATUS -5.249988 59.893434 13.900000 1.570955 0.096981 4.000000 0.000000
DYNAMIC_OBS_INFO 0 -5.750000 53.531045 1.570796 135.056785 -5.750000 194.958992 14.818315 0.668150
DYNAMIC_OBS_INFO 1 -1.750000 53.376675 1.570796 65.320311 -1.750000 125.129608 6.856377 0.195419
STATIC_OBS_INFO 0 -6.300000 65.384842 5.581367 
STATIC_OBS_INFO 1 -6.300000 65.655628 5.847541 
Parent: -10.143263 0.096867 2.000000 0.000096 100.300000 0.000000 -10.000000 0.998830 6.000000 0.000000 0 0 0 0 0 0 0 0
EGO_STATUS -5.249988 59.903133 14.000000 1.570941 0.096981 4.000000 0.000000
DYNAMIC_OBS_INFO 0 -5.750000 53.531045 1.570796 136.532249 -5.750000 196.444164 14.885130 0.668150
DYNAMIC_OBS_INFO 1 -1.750000 53.376675 1.570796 65.996265 -1.750000 125.816223 6.875919 0.195419
STATIC_OBS_INFO 0 -6.300000 65.384842 5.571842 
STATIC_OBS_INFO 1 -6.300000 65.655628 5.838000 
Parent: -10.729623 0.087169 2.000000 0.000087 100.300000 0.000000 -10.000000 0.898830 6.000000 0.000000 0 0 0 0 0 0 0 0
EGO_STATUS -5.249989 59.912831 14.100000 1.570927 0.096981 4.000000 0.000000
DYNAMIC_OBS_INFO 0 -5.750000 53.531045 1.570796 138.014395 -5.750000 197.936018 14.951945 0.668150
DYNAMIC_OBS_INFO 1 -1.750000 53.376675 1.570796 66.674190 -1.750000 126.504792 6.895461 0.195419
STATIC_OBS_INFO 0 -6.300000 65.384842 5.562318 
STATIC_OBS_INFO 1 -6.300000 65.655628 5.828460 
Parent: -11.315983 0.077471 2.000000 0.000077 100.300000 0.000000 -10.000000 0.798830 6.000000 0.000000 0 0 0 0 0 0 0 0
EGO_STATUS -5.249990 59.922529 14.200000 1.570912 0.096981 4.000000 0.000000
DYNAMIC_OBS_INFO 0 -5.750000 53.531045 1.570796 139.503223 -5.750000 199.434553 15.018760 0.668150
DYNAMIC_OBS_INFO 1 -1.750000 53.376675 1.570796 67.354086 -1.750000 127.195315 6.915003 0.195419
STATIC_OBS_INFO 0 -6.300000 65.384842 5.552795 
STATIC_OBS_INFO 1 -6.300000 65.655628 5.818921 
Parent: -11.902343 0.067773 2.000000 0.000067 100.300000 0.000000 -10.000000 0.698830 6.000000 0.000000 0 0 0 0 0 0 0 0
EGO_STATUS -5.249990 59.932227 14.300000 1.570898 0.096981 4.000000 0.000000
DYNAMIC_OBS_INFO 0 -5.750000 53.531045 1.570796 140.998732 -5.750000 200.939770 15.085575 0.668150
DYNAMIC_OBS_INFO 1 -1.750000 53.376675 1.570796 68.035952 -1.750000 127.887792 6.934545 0.195419
STATIC_OBS_INFO 0 -6.300000 65.384842 5.543272 
STATIC_OBS_INFO 1 -6.300000 65.655628 5.809382 
Parent: -12.488703 0.058075 2.000000 0.000058 100.300000 0.000000 -10.000000 0.598830 6.000000 0.000000 0 0 0 0 0 0 0 0
EGO_STATUS -5.249991 59.941925 14.400000 1.570883 0.096981 4.000000 0.000000
DYNAMIC_OBS_INFO 0 -5.750000 53.531045 1.570796 142.500923 -5.750000 202.451668 15.152390 0.668150
DYNAMIC_OBS_INFO 1 -1.750000 53.376675 1.570796 68.719788 -1.750000 128.582224 6.954087 0.195419
STATIC_OBS_INFO 0 -6.300000 65.384842 5.533750 
STATIC_OBS_INFO 1 -6.300000 65.655628 5.799844 
Parent: -12.591293 0.048377 2.000000 20.000048 100.300000 0.000000 -10.000000 0.498830 6.000000 0.000000 0 0 0 0 1 0 0 0
EGO_STATUS -5.249991 59.951623 14.500000 1.570869 0.096981 4.000000 0.000000
DYNAMIC_OBS_INFO 0 -5.750000 53.531045 1.570796 144.009795 -5.750000 203.970248 15.219205 0.668150
DYNAMIC_OBS_INFO 1 -1.750000 53.376675 1.570796 69.405594 -1.750000 129.278610 6.973629 0.195419
STATIC_OBS_INFO 0 -6.300000 65.384842 5.524228 
STATIC_OBS_INFO 1 -6.300000 65.655628 5.790307 
Parent: -13.274633 0.038679 2.000000 20.000038 100.300000 0.000000 -10.000000 0.398830 6.000000 0.000000 0 0 0 0 1 0 0 0
EGO_STATUS -5.249992 59.961321 14.600000 1.570854 0.096981 4.000000 0.000000
DYNAMIC_OBS_INFO 0 -5.750000 53.531045 1.570796 145.525349 -5.750000 205.495509 15.286020 0.668150
DYNAMIC_OBS_INFO 1 -1.750000 53.376675 1.570796 70.093368 -1.750000 129.976950 6.993171 0.195419
STATIC_OBS_INFO 0 -6.300000 65.384842 5.514707 
STATIC_OBS_INFO 1 -6.300000 65.655628 5.780770 
Parent: -13.957974 0.028981 2.000000 20.000029 100.300000 0.000000 -10.000000 0.298830 6.000000 0.000000 0 0 0 0 1 0 0 0
EGO_STATUS -5.249992 59.971019 14.700000 1.570840 0.096981 4.000000 0.000000
DYNAMIC_OBS_INFO 0 -5.750000 53.531045 1.570796 147.047585 -5.750000 207.027452 15.352835 0.668150
DYNAMIC_OBS_INFO 1 -1.750000 53.376675 1.570796 70.783111 -1.750000 130.677244 7.012712 0.195419
STATIC_OBS_INFO 0 -6.300000 65.384842 5.505186 
STATIC_OBS_INFO 1 -6.300000 65.655628 5.771233 
Parent: -14.641314 0.019283 2.000000 20.000019 100.300000 0.000000 -10.000000 0.198830 6.000000 0.000000 0 0 0 0 1 0 0 0
EGO_STATUS -5.249992 59.980717 14.800000 1.570825 0.096981 4.000000 0.000000
DYNAMIC_OBS_INFO 0 -5.750000 53.531045 1.570796 148.576502 -5.750000 208.566076 15.419650 0.668150
DYNAMIC_OBS_INFO 1 -1.750000 53.376675 1.570796 71.474822 -1.750000 131.379492 7.032254 0.195419
STATIC_OBS_INFO 0 -6.300000 65.384842 5.495667 
STATIC_OBS_INFO 1 -6.300000 65.655628 5.761697 
NO_CANDIDATE
EGO_STATUS -5.249992 59.990415 14.900000 1.570811 0.096981 4.000000 0.000000
FAIL
DYNAMIC_OBS_INFO 0 -5.750000 53.531045 1.570796 150.112102 -5.750000 210.111382 15.486465 0.668150
DYNAMIC_OBS_INFO 1 -1.750000 53.376675 1.570796 72.168502 -1.750000 132.083695 7.051796 0.195419
STATIC_OBS_INFO 0 -6.300000 65.384842 5.486148 
STATIC_OBS_INFO 1 -6.300000 65.655628 5.752162 
NO_CANDIDATE
EGO_STATUS -5.249992 60.000113 15.000000 1.570811 0.096981 4.000000 0.000000
FAIL
DYNAMIC_OBS_INFO 0 -5.750000 53.531045 1.570796 151.654382 -5.750000 211.663370 15.553280 0.668150
DYNAMIC_OBS_INFO 1 -1.750000 53.376675 1.570796 72.864149 -1.750000 132.789851 7.071338 0.195419
STATIC_OBS_INFO 0 -6.300000 65.384842 5.476629 
STATIC_OBS_INFO 1 -6.300000 65.655628 5.742627 
NO_CANDIDATE
EGO_STATUS -5.249992 60.009812 15.100000 1.570811 0.096981 4.000000 0.000000
FAIL
DYNAMIC_OBS_INFO 0 -5.750000 53.531045 1.570796 153.203345 -5.750000 213.222038 15.620095 0.668150
DYNAMIC_OBS_INFO 1 -1.750000 53.376675 1.570796 73.561763 -1.750000 133.497962 7.090880 0.195419
STATIC_OBS_INFO 0 -6.300000 65.384842 5.467111 
STATIC_OBS_INFO 1 -6.300000 65.655628 5.733092 
NO_CANDIDATE
EGO_STATUS -5.249993 60.019510 15.200000 1.570811 0.096981 4.000000 0.000000
FAIL
DYNAMIC_OBS_INFO 0 -5.750000 53.531045 1.570796 154.758989 -5.750000 214.787389 15.686910 0.668150
DYNAMIC_OBS_INFO 1 -1.750000 53.376675 1.570796 74.261344 -1.750000 134.208027 7.110422 0.195419
STATIC_OBS_INFO 0 -6.300000 65.384842 5.457594 
STATIC_OBS_INFO 1 -6.300000 65.655628 5.723559 
NO_CANDIDATE
EGO_STATUS -5.249993 60.029208 15.300000 1.570811 0.096981 4.000000 0.000000
FAIL
DYNAMIC_OBS_INFO 0 -5.750000 53.531045 1.570796 156.321314 -5.750000 216.359420 15.753725 0.668150
DYNAMIC_OBS_INFO 1 -1.750000 53.376675 1.570796 74.962892 -1.750000 134.920047 7.129964 0.195419
STATIC_OBS_INFO 0 -6.300000 65.384842 5.448077 
STATIC_OBS_INFO 1 -6.300000 65.655628 5.714025 
NO_CANDIDATE
EGO_STATUS -5.249993 60.038906 15.400000 1.570811 0.096981 4.000000 0.000000
FAIL
DYNAMIC_OBS_INFO 0 -5.750000 53.531045 1.570796 157.890321 -5.750000 217.938134 15.820540 0.668150
DYNAMIC_OBS_INFO 1 -1.750000 53.376675 1.570796 75.666407 -1.750000 135.634020 7.149505 0.195419
STATIC_OBS_INFO 0 -6.300000 65.384842 5.438561 
STATIC_OBS_INFO 1 -6.300000 65.655628 5.704493 
NO_CANDIDATE
EGO_STATUS -5.249993 60.048604 15.500000 1.570811 0.096981 4.000000 0.000000
FAIL
DYNAMIC_OBS_INFO 0 -5.750000 53.531045 1.570796 159.466010 -5.750000 219.523528 15.887355 0.668150
DYNAMIC_OBS_INFO 1 -1.750000 53.376675 1.570796 76.371887 -1.750000 136.349948 7.169047 0.195419
STATIC_OBS_INFO 0 -6.300000 65.384842 5.429046 
STATIC_OBS_INFO 1 -6.300000 65.655628 5.694960 
NO_CANDIDATE
EGO_STATUS -5.249993 60.058302 15.600000 1.570811 0.096981 4.000000 0.000000
FAIL
DYNAMIC_OBS_INFO 0 -5.750000 53.531045 1.570796 161.048381 -5.750000 221.115605 15.954170 0.668150
DYNAMIC_OBS_INFO 1 -1.750000 53.376675 1.570796 77.079334 -1.750000 137.067830 7.188589 0.195419
STATIC_OBS_INFO 0 -6.300000 65.384842 5.419531 
STATIC_OBS_INFO 1 -6.300000 65.655628 5.685429 
NO_CANDIDATE
EGO_STATUS -5.249993 60.068000 15.700000 1.570811 0.096981 4.000000 0.000000
FAIL
DYNAMIC_OBS_INFO 0 -5.750000 53.531045 1.570796 162.637433 -5.750000 222.714362 16.020985 0.668150
DYNAMIC_OBS_INFO 1 -1.750000 53.376675 1.570796 77.788746 -1.750000 137.787666 7.208131 0.195419
STATIC_OBS_INFO 0 -6.300000 65.384842 5.410017 
STATIC_OBS_INFO 1 -6.300000 65.655628 5.675898 
NO_CANDIDATE
EGO_STATUS -5.249993 60.077698 15.800000 1.570811 0.096981 4.000000 0.000000
FAIL
DYNAMIC_OBS_INFO 0 -5.750000 53.531045 1.570796 164.233167 -5.750000 224.319802 16.087800 0.668150
DYNAMIC_OBS_INFO 1 -1.750000 53.376675 1.570796 78.500123 -1.750000 138.509456 7.227673 0.195419
STATIC_OBS_INFO 0 -6.300000 65.384842 5.400504 
STATIC_OBS_INFO 1 -6.300000 65.655628 5.666367 
TIMEOUT
