STATIC_OBS_INIT_INFO 0 -6.300000 74.114936
STATIC_OBS_INIT_INFO 1 -6.300000 70.529896
Parent: -28.640879 10.000000 101.000000 0.000000 15.150000 17.441669 -10.000000 2.417452 40.000000 0.000000 0 0 0 0 0 0 0 0
Child: 17.441669 24.401463 246.000000 9.349417 267.300000 0.000000 -10.000000 0.000000 0.000000 0.000000 0 0 0 0 0 0 0 0
EGO_STATUS -5.750000 12.607313 0.000000 1.570796 14.230463 4.000000 0.000000
DYNAMIC_OBS_INFO 0 -5.750000 41.196158 1.570796 27.165798 -5.750000 41.196158 11.241320 1.329173
DYNAMIC_OBS_INFO 1 -1.750000 57.675642 1.570796 43.828195 -1.750000 57.675642 9.936089 0.308832
STATIC_OBS_INFO 0 -6.300000 74.114936 60.087094 
STATIC_OBS_INFO 1 -6.300000 70.529896 56.502214 
Parent: -46.832969 10.000000 101.000000 0.000000 15.150000 6.646861 -10.000000 3.020170 48.000000 0.000000 0 0 0 0 0 0 0 0
Child: 6.646861 10.000000 101.000000 0.000000 15.150000 15.146861 -10.000000 0.000000 0.000000 0.000000 0 0 0 0 0 0 0 0
Child: 15.146861 22.978417 231.000000 9.349182 243.450000 0.000000 -10.000000 0.000000 0.000000 0.000000 0 0 0 0 0 0 0 0
EGO_STATUS -5.749993 14.030359 0.100000 1.570774 14.230463 4.000000 0.000000
DYNAMIC_OBS_INFO 0 -5.750000 41.196158 1.570796 26.873530 -5.750000 42.326936 11.374237 1.329173
DYNAMIC_OBS_INFO 1 -1.750000 57.675642 1.570796 42.411269 -1.750000 57.675642 9.936089 0.308832
STATIC_OBS_INFO 0 -6.300000 74.114936 58.664110 
STATIC_OBS_INFO 1 -6.300000 70.529896 55.079239 
Parent: -48.263103 10.000000 101.000000 0.000000 15.150000 4.316727 -10.000000 2.920170 47.000000 0.000000 0 0 0 0 0 0 0 0
Child: 4.316727 10.000000 101.000000 0.000000 15.150000 12.816727 -10.000000 0.000000 0.000000 0.000000 0 0 0 0 0 0 0 0
Child: 12.816727 21.555370 217.000000 9.348197 220.350000 0.000000 -10.000000 0.000000 0.000000 0.000000 0 0 0 0 0 0 0 0
EGO_STATUS -5.749814 15.453406 0.200000 1.570485 14.230463 4.000000 0.000000
DYNAMIC_OBS_INFO 0 -5.750000 41.196158 1.570796 26.594554 -5.750000 43.471005 11.507155 1.329173
DYNAMIC_OBS_INFO 1 -1.750000 57.675642 1.570796 40.994681 -1.750000 57.675642 9.936089 0.308832
STATIC_OBS_INFO 0 -6.300000 74.114936 57.241139 
STATIC_OBS_INFO 1 -6.300000 70.529896 53.656277 
Parent: -49.779979 10.000000 101.000000 0.000000 15.150000 1.899851 -10.000000 2.820170 46.000000 0.000000 0 0 0 0 0 0 0 0
Child: 1.899851 10.000000 101.000000 0.000000 15.150000 10.399851 -10.000000 0.000000 0.000000 0.000000 0 0 0 0 0 0 0 0
Child: 10.399851 20.132324 203.000000 9.347546 196.350000 0.000000 -10.000000 0.000000 0.000000 0.000000 0 0 0 0 0 0 0 0
EGO_STATUS -5.748739 16.876451 0.300000 1.569422 14.230463 4.000000 0.000000
DYNAMIC_OBS_INFO 0 -5.750000 41.196158 1.570796 26.328874 -5.750000 44.628367 11.640072 1.329173
DYNAMIC_OBS_INFO 1 -1.750000 57.675642 1.570796 39.578319 -1.750000 57.675642 9.936089 0.308832
STATIC_OBS_INFO 0 -6.300000 74.114936 55.818199 
STATIC_OBS_INFO 1 -6.300000 70.529896 52.233349 
Parent: -50.204247 10.000000 101.000000 0.000000 15.150000 -0.424416 -10.000000 2.720170 44.000000 0.000000 0 0 0 0 0 0 0 0
Child: -0.424416 10.000000 101.000000 0.000000 15.150000 8.075584 -10.000000 0.000000 0.000000 0.000000 0 0 0 0 0 0 0 0
Child: 8.075584 18.709278 189.000000 9.348455 173.250000 0.000000 -10.000000 0.000000 0.000000 0.000000 0 0 0 0 0 0 0 0
EGO_STATUS -5.745274 18.299493 0.400000 1.567047 14.230463 4.000000 0.000000
DYNAMIC_OBS_INFO 0 -5.750000 41.196158 1.570796 26.076507 -5.750000 45.799020 11.772989 1.329173
DYNAMIC_OBS_INFO 1 -1.750000 57.675642 1.570796 38.161997 -1.750000 57.675642 9.936089 0.308832
STATIC_OBS_INFO 0 -6.300000 74.114936 54.395331 
STATIC_OBS_INFO 1 -6.300000 70.529896 50.810497 
Parent: -51.578957 10.000000 101.000000 0.000000 15.150000 -2.699127 -10.000000 2.620170 43.000000 0.000000 0 0 0 0 0 0 0 0
Child: -2.699127 10.000000 101.000000 0.000000 15.150000 5.800873 -10.000000 0.000000 0.000000 0.000000 0 0 0 0 0 0 0 0
Child: 5.800873 17.286232 174.000000 9.348649 149.700000 0.000000 -10.000000 0.000000 0.000000 0.000000 0 0 0 0 0 0 0 0
EGO_STATUS -5.737258 19.722516 0.500000 1.562985 14.230463 4.000000 0.000000
DYNAMIC_OBS_INFO 0 -5.750000 41.196158 1.570796 25.837499 -5.750000 46.982964 11.905907 1.329173
DYNAMIC_OBS_INFO 1 -1.750000 57.675642 1.570796 36.745490 -1.750000 57.675642 9.936089 0.308832
STATIC_OBS_INFO 0 -6.300000 74.114936 52.972607 
STATIC_OBS_INFO 1 -6.300000 70.529896 49.387796 
Parent: -52.031008 10.000000 101.000000 0.000000 15.150000 -5.051178 -10.000000 2.520170 41.000000 0.000000 0 0 0 0 0 0 0 0
Child: -5.051178 10.000000 101.000000 0.000000 15.150000 3.448822 -10.000000 0.000000 0.000000 0.000000 0 0 0 0 0 0 0 0
Child: 3.448822 15.863186 160.000000 9.348127 126.300000 0.000000 -10.000000 0.000000 0.000000 0.000000 0 0 0 0 0 0 0 0
EGO_STATUS -5.722193 21.145481 0.600000 1.557159 14.230463 4.000000 0.000000
DYNAMIC_OBS_INFO 0 -5.750000 41.196158 1.570796 25.611941 -5.750000 48.180201 12.038824 1.329173
DYNAMIC_OBS_INFO 1 -1.750000 57.675642 1.570796 35.328588 -1.750000 57.675642 9.936089 0.308832
STATIC_OBS_INFO 0 -6.300000 74.114936 51.550141 
STATIC_OBS_INFO 1 -6.300000 70.529896 47.965364 
Parent: -53.478044 10.000000 101.000000 0.000000 15.150000 -7.398214 -10.000000 2.420170 40.000000 0.000000 0 0 0 0 0 0 0 0
Child: -7.398214 10.000000 101.000000 0.000000 15.150000 1.101786 -10.000000 0.000000 0.000000 0.000000 0 0 0 0 0 0 0 0
Child: 1.101786 14.440140 146.000000 9.346883 102.900000 0.000000 -10.000000 0.000000 0.000000 0.000000 0 0 0 0 0 0 0 0
EGO_STATUS -5.697734 22.568313 0.700000 1.549864 14.230463 4.000000 0.000000
DYNAMIC_OBS_INFO 0 -5.750000 41.196158 1.570796 25.399968 -5.750000 49.390729 12.171741 1.329173
DYNAMIC_OBS_INFO 1 -1.750000 57.675642 1.570796 33.911157 -1.750000 57.675642 9.936089 0.308832
STATIC_OBS_INFO 0 -6.300000 74.114936 50.128080 
STATIC_OBS_INFO 1 -6.300000 70.529896 46.543353 
Parent: 125.718572 10.000000 101.000000 0.000000 2015.150000 -17.824118 -10.000000 3.022888 49.000000 0.000000 0 0 0 0 0 0 0 0
Child: -17.824118 10.000000 101.000000 0.000000 15.150000 -9.324118 -10.000000 0.000000 0.000000 0.000000 0 0 0 0 0 0 0 0
Child: -9.324118 10.000000 101.000000 0.000000 15.150000 -0.824118 -10.000000 0.000000 0.000000 0.000000 0 0 0 0 0 0 0 0
Child: -0.824118 13.017094 132.000000 9.348147 83.700000 0.000000 -10.000000 0.000000 0.000000 0.000000 0 0 0 0 0 0 0 0
EGO_STATUS -5.662234 23.990913 0.800000 1.541782 14.230463 4.000000 0.000000
DYNAMIC_OBS_INFO 0 -5.750000 41.196158 1.570796 25.201729 -5.750000 50.614549 12.304659 1.329173
DYNAMIC_OBS_INFO 1 -1.750000 57.675642 1.570796 32.493180 -1.750000 57.675642 9.936089 0.308832
STATIC_OBS_INFO 0 -6.300000 74.114936 48.706569 
STATIC_OBS_INFO 1 -6.300000 70.529896 45.121912 
Parent: 125.775550 10.000000 101.000000 0.000000 2015.150000 -19.667140 -10.000000 2.922888 47.000000 0.000000 0 0 0 0 0 0 0 0
Child: -19.667140 10.000000 101.000000 0.000000 15.150000 -11.167140 -10.000000 0.000000 0.000000 0.000000 0 0 0 0 0 0 0 0
Child: -11.167140 10.000000 101.000000 0.000000 15.150000 -2.667140 -10.000000 0.000000 0.000000 0.000000 0 0 0 0 0 0 0 0
Child: -2.667140 11.594048 117.000000 9.348716 64.650000 0.000000 -10.000000 0.000000 0.000000 0.000000 0 0 0 0 0 0 0 0
EGO_STATUS -5.615266 25.413180 0.900000 1.533931 14.230463 4.000000 0.000000
DYNAMIC_OBS_INFO 0 -5.750000 41.196158 1.570796 25.017325 -5.750000 51.851661 12.437576 1.329173
DYNAMIC_OBS_INFO 1 -1.750000 57.675642 1.570796 31.074778 -1.750000 57.675642 9.936089 0.308832
STATIC_OBS_INFO 0 -6.300000 74.114936 47.285685 
STATIC_OBS_INFO 1 -6.300000 70.529896 43.701123 
Parent: 125.020515 10.000000 101.000000 0.000000 2015.150000 -21.322175 -10.000000 2.822888 46.000000 0.000000 0 0 0 0 0 0 0 0
Child: -21.322175 10.000000 101.000000 0.000000 15.150000 -12.822175 -10.000000 0.000000 0.000000 0.000000 0 0 0 0 0 0 0 0
Child: -12.822175 10.000000 101.000000 0.000000 15.150000 -4.322175 -10.000000 0.000000 0.000000 0.000000 0 0 0 0 0 0 0 0
Child: -4.322175 10.171001 103.000000 9.348371 48.150000 0.000000 -10.000000 0.000000 0.000000 0.000000 0 0 0 0 0 0 0 0
EGO_STATUS -5.558030 26.835073 1.000000 1.527559 14.230463 4.000000 0.000000
DYNAMIC_OBS_INFO 0 -5.750000 41.196158 1.570796 24.846731 -5.750000 53.102065 12.570493 1.329173
DYNAMIC_OBS_INFO 1 -1.750000 57.675642 1.570796 29.656213 -1.750000 57.675642 9.936089 0.308832
STATIC_OBS_INFO 0 -6.300000 74.114936 45.865369 
STATIC_OBS_INFO 1 -6.300000 70.529896 42.280930 
Parent: 125.478751 10.000000 101.000000 0.000000 2015.150000 -22.763939 -10.000000 2.722888 44.000000 0.000000 0 0 0 0 0 0 0 0
Child: -22.763939 10.000000 101.000000 0.000000 15.150000 -14.263939 -10.000000 0.000000 0.000000 0.000000 0 0 0 0 0 0 0 0
Child: -14.263939 10.000000 101.000000 0.000000 15.150000 -5.763939 -10.000000 0.000000 0.000000 0.000000 0 0 0 0 0 0 0 0
Child: -5.763939 8.747955 89.000000 9.346864 33.750000 0.000000 -10.000000 0.000000 0.000000 0.000000 0 0 0 0 0 0 0 0
EGO_STATUS -5.493565 28.256657 1.100000 1.523970 14.230463 4.000000 0.000000
DYNAMIC_OBS_INFO 0 -5.750000 41.196158 1.570796 24.689746 -5.750000 54.365760 12.703411 1.329173
DYNAMIC_OBS_INFO 1 -1.750000 57.675642 1.570796 28.237893 -1.750000 57.675642 9.936089 0.308832
STATIC_OBS_INFO 0 -6.300000 74.114936 44.445386 
STATIC_OBS_INFO 1 -6.300000 70.529896 40.861100 
Parent: 125.267541 10.000000 101.000000 0.000000 2015.150000 -23.875149 -10.000000 2.622888 43.000000 0.000000 0 0 0 0 0 0 0 0
Child: -23.875149 10.000000 101.000000 0.000000 15.150000 -15.375149 -10.000000 0.000000 0.000000 0.000000 0 0 0 0 0 0 0 0
Child: -15.375149 10.000000 101.000000 0.000000 15.150000 -6.875149 -10.000000 0.000000 0.000000 0.000000 0 0 0 0 0 0 0 0
Child: -6.875149 7.324908 75.000000 9.345463 22.650000 0.000000 -10.000000 0.000000 0.000000 0.000000 0 0 0 0 0 0 0 0
EGO_STATUS -5.426673 29.678131 1.200000 1.524300 14.230463 4.000000 0.000000
DYNAMIC_OBS_INFO 0 -5.750000 41.196158 1.570796 24.546019 -5.750000 55.642747 12.836328 1.329173
DYNAMIC_OBS_INFO 1 -1.750000 57.675642 1.570796 26.820405 -1.750000 57.675642 9.936089 0.308832
STATIC_OBS_INFO 0 -6.300000 74.114936 43.025358 
STATIC_OBS_INFO 1 -6.300000 70.529896 39.441245 
Parent: 126.354437 10.000000 101.000000 0.000000 2015.150000 -24.688253 -10.000000 2.522888 41.000000 0.000000 0 0 0 0 0 0 0 0
Child: -24.688253 10.000000 101.000000 0.000000 15.150000 -16.188253 -10.000000 0.000000 0.000000 0.000000 0 0 0 0 0 0 0 0
Child: -16.188253 10.000000 101.000000 0.000000 15.150000 -7.688253 -10.000000 0.000000 0.000000 0.000000 0 0 0 0 0 0 0 0
Child: -7.688253 5.901862 61.000000 9.343577 14.550000 0.000000 -10.000000 0.000000 0.000000 0.000000 0 0 0 0 0 0 0 0
EGO_STATUS -5.363475 31.099771 1.300000 1.529219 14.230463 4.000000 0.000000
DYNAMIC_OBS_INFO 0 -5.750000 41.196158 1.570796 24.415155 -5.750000 56.933025 12.969246 1.329173
DYNAMIC_OBS_INFO 1 -1.750000 57.675642 1.570796 25.404561 -1.750000 57.675642 9.936089 0.308832
STATIC_OBS_INFO 0 -6.300000 74.114936 41.604877 
STATIC_OBS_INFO 1 -6.300000 70.529896 38.020947 
Parent: 126.640784 10.000000 101.000000 0.000000 2015.150000 -25.301906 -10.000000 2.422888 40.000000 0.000000 0 0 0 0 0 0 0 0
Child: -25.301906 10.000000 101.000000 0.000000 15.150000 -16.801906 -10.000000 0.000000 0.000000 0.000000 0 0 0 0 0 0 0 0
Child: -16.801906 10.000000 101.000000 0.000000 15.150000 -8.301906 -10.000000 0.000000 0.000000 0.000000 0 0 0 0 0 0 0 0
Child: -8.301906 4.478815 46.000000 9.340398 8.100000 0.000000 -10.000000 0.000000 0.000000 0.000000 0 0 0 0 0 0 0 0
EGO_STATUS -5.310515 32.521827 1.400000 1.538584 14.230463 4.000000 0.000000
DYNAMIC_OBS_INFO 0 -5.750000 41.196158 1.570796 24.296895 -5.750000 58.236596 13.102163 1.329173
DYNAMIC_OBS_INFO 1 -1.750000 57.675642 1.570796 23.991388 -1.750000 57.675642 9.936089 0.308832
STATIC_OBS_INFO 0 -6.300000 74.114936 40.183677 
STATIC_OBS_INFO 1 -6.300000 70.529896 36.599922 
Parent: 251.086414 30.290952 304.000000 13.915997 3032.100000 -7.150133 0.000000 3.727586 49.000000 0.000000 0 0 0 0 0 0 0 0
Child: -7.150133 10.000000 101.000000 0.000000 15.150000 1.349867 -10.000000 0.000000 0.000000 0.000000 0 0 0 0 0 0 0 0
Child: 1.349867 3.055769 32.000000 9.335805 4.800000 0.000000 0.000000 0.000000 0.000000 0.000000 0 0 0 0 0 0 0 0
EGO_STATUS -5.273315 33.944377 1.500000 1.551023 14.230463 4.000000 0.000000
DYNAMIC_OBS_INFO 0 -5.750000 41.196158 1.570796 24.205950 -5.750000 59.553458 13.235080 1.329173
DYNAMIC_OBS_INFO 1 -1.750000 57.675642 1.570796 22.596457 -1.750000 57.675642 9.936089 0.308832
STATIC_OBS_INFO 0 -6.300000 74.114936 38.776454 
STATIC_OBS_INFO 1 -6.300000 70.529896 35.192851 
Parent: 242.567882 30.290952 304.000000 13.915993 3032.100000 -17.568665 0.000000 3.627587 47.000000 0.000000 0 0 0 0 0 0 0 0
Child: -17.568665 10.000000 101.000000 0.000000 15.150000 -9.068665 -10.000000 0.000000 0.000000 0.000000 0 0 0 0 0 0 0 0
Child: -9.068665 1.647429 18.000000 7.475873 2.700000 0.000000 -10.000000 0.000000 0.000000 0.000000 0 0 0 0 0 0 0 0
EGO_STATUS -5.254403 35.352582 1.600000 1.563358 13.936463 3.000000 -2.940000
DYNAMIC_OBS_INFO 0 -5.750000 41.196158 1.570796 24.157282 -5.750000 60.883612 13.367998 1.329173
DYNAMIC_OBS_INFO 1 -1.750000 57.675642 1.570796 21.234572 -1.750000 57.675642 9.936089 0.308832
STATIC_OBS_INFO 0 -6.300000 74.114936 37.398174 
STATIC_OBS_INFO 1 -6.300000 70.529896 33.814697 
Parent: 242.691247 30.290952 304.000000 13.915984 3032.100000 -18.345301 0.000000 3.527589 46.000000 0.000000 0 0 0 0 0 0 0 0
Child: -18.345301 10.000000 101.000000 0.000000 15.150000 -9.845301 -10.000000 0.000000 0.000000 0.000000 0 0 0 0 0 0 0 0
Child: -9.845301 0.268495 4.000000 1.704678 0.600000 0.000000 -10.000000 0.000000 0.000000 0.000000 0 0 0 0 0 0 0 0
EGO_STATUS -5.250020 36.731505 1.700000 1.570539 13.642463 3.000000 -2.940000
DYNAMIC_OBS_INFO 0 -5.750000 41.196158 1.570796 24.151195 -5.750000 62.227057 13.500915 1.329173
DYNAMIC_OBS_INFO 1 -1.750000 57.675642 1.570796 19.904736 -1.750000 57.675642 9.936089 0.308832
STATIC_OBS_INFO 0 -6.300000 74.114936 36.049193 
STATIC_OBS_INFO 1 -6.300000 70.529896 32.465842 
Parent: 254.274394 30.290952 304.000000 13.915976 3032.100000 -8.662156 0.000000 3.427591 44.000000 0.000000 0 0 0 0 0 0 0 0
Child: -8.662156 8.918962 91.000000 0.000000 13.650000 0.000000 -10.000000 0.000000 0.000000 0.000000 0 0 0 0 0 0 0 0
EGO_STATUS -5.250000 38.081038 1.800000 1.570796 13.348463 3.000000 -2.940000
DYNAMIC_OBS_INFO 0 -5.750000 41.196158 1.570796 24.187793 -5.750000 63.583795 13.633832 1.329173
DYNAMIC_OBS_INFO 1 -1.750000 57.675642 1.570796 18.606620 -1.750000 57.675642 9.936089 0.308832
STATIC_OBS_INFO 0 -6.300000 74.114936 34.729641 
STATIC_OBS_INFO 1 -6.300000 70.529896 31.146429 
Parent: 254.976375 30.290952 304.000000 13.915967 3032.100000 -8.860176 0.000000 3.327593 43.000000 0.000000 0 0 0 0 0 0 0 0
Child: -8.860176 7.598829 77.000000 0.000000 11.550000 0.000000 -10.000000 0.000000 0.000000 0.000000 0 0 0 0 0 0 0 0
EGO_STATUS -5.250000 39.401171 1.900000 1.570796 13.054463 3.000000 -2.940000
DYNAMIC_OBS_INFO 0 -5.750000 41.196158 1.570796 24.267066 -5.750000 64.953824 13.766750 1.329173
DYNAMIC_OBS_INFO 1 -1.750000 57.675642 1.570796 17.340622 -1.750000 57.675642 9.936089 0.308832
STATIC_OBS_INFO 0 -6.300000 74.114936 33.439516 
STATIC_OBS_INFO 1 -6.300000 70.529896 29.856456 
Parent: 143.336006 10.000000 101.000000 0.000000 2015.150000 -17.553786 -10.000000 3.369990 32.000000 0.000000 0 0 0 0 0 0 0 0
Child: -17.553786 10.000000 101.000000 0.000000 15.150000 -9.053786 -10.000000 0.000000 0.000000 0.000000 0 0 0 0 0 0 0 0
Child: -9.053786 6.308090 65.000000 0.000000 9.750000 0.000000 -10.000000 0.000000 0.000000 0.000000 0 0 0 0 0 0 0 0
EGO_STATUS -5.250000 40.691910 2.000000 1.570796 12.760463 3.000000 -2.940000
DYNAMIC_OBS_INFO 0 -5.750000 41.196158 1.570796 24.389037 -5.750000 66.337145 13.899667 1.329173
DYNAMIC_OBS_INFO 1 -1.750000 57.675642 1.570796 17.080014 -1.750000 58.670795 9.966972 0.308832
STATIC_OBS_INFO 0 -6.300000 74.114936 32.178838 
STATIC_OBS_INFO 1 -6.300000 70.529896 28.595947 
Parent: 144.046815 10.000000 101.000000 0.000000 2015.150000 -17.742985 -10.000000 3.269998 31.000000 0.000000 0 0 0 0 0 0 0 0
Child: -17.742985 10.000000 101.000000 0.000000 15.150000 -9.242985 -10.000000 0.000000 0.000000 0.000000 0 0 0 0 0 0 0 0
Child: -9.242985 5.046767 52.000000 0.000000 7.800000 0.000000 -10.000000 0.000000 0.000000 0.000000 0 0 0 0 0 0 0 0
EGO_STATUS -5.250000 41.953233 2.100000 1.570796 12.466463 3.000000 -2.940000
DYNAMIC_OBS_INFO 0 -5.750000 41.196158 1.570796 24.553691 -5.750000 67.733757 14.032584 1.329173
DYNAMIC_OBS_INFO 1 -1.750000 57.675642 1.570796 16.851357 -1.750000 59.669036 9.997855 0.308832
STATIC_OBS_INFO 0 -6.300000 74.114936 30.947595 
STATIC_OBS_INFO 1 -6.300000 70.529896 27.364890 
Parent: 258.108782 30.290952 304.000000 13.915933 3032.100000 -9.427774 0.000000 3.027601 39.000000 0.000000 0 0 0 0 0 0 0 0
Child: -9.427774 3.814842 40.000000 0.000000 6.000000 0.000000 -10.000000 0.000000 0.000000 0.000000 0 0 0 0 0 0 0 0
EGO_STATUS -5.250000 43.185158 2.200000 1.570796 12.172463 3.000000 -2.940000
DYNAMIC_OBS_INFO 0 -5.750000 41.196158 1.570796 24.761008 -5.750000 69.143662 14.165502 1.329173
DYNAMIC_OBS_INFO 1 -1.750000 57.675642 1.570796 16.654584 -1.750000 60.670366 10.028738 0.308832
STATIC_OBS_INFO 0 -6.300000 74.114936 29.745772 
STATIC_OBS_INFO 1 -6.300000 70.529896 26.163272 
Parent: 258.828400 30.290952 304.000000 13.915932 3032.100000 -9.608155 0.000000 2.927601 38.000000 0.000000 0 0 0 0 0 0 0 0
Child: -9.608155 2.612298 28.000000 0.000000 4.200000 0.000000 -10.000000 0.000000 0.000000 0.000000 0 0 0 0 0 0 0 0
EGO_STATUS -5.250000 44.387702 2.300000 1.570796 11.878463 3.000000 -2.940000
DYNAMIC_OBS_INFO 0 -5.750000 41.196158 1.570796 25.011029 -5.750000 70.566858 14.298419 1.329173
DYNAMIC_OBS_INFO 1 -1.750000 57.675642 1.570796 16.489682 -1.750000 61.674784 10.059622 0.308832
STATIC_OBS_INFO 0 -6.300000 74.114936 28.573408 
STATIC_OBS_INFO 1 -6.300000 70.529896 24.991137 
Parent: 259.552434 30.290952 304.000000 13.915918 3032.100000 -9.784124 0.000000 2.827604 37.000000 0.000000 0 0 0 0 0 0 0 0
Child: -9.784124 1.439173 16.000000 0.000000 2.400000 0.000000 -10.000000 0.000000 0.000000 0.000000 0 0 0 0 0 0 0 0
EGO_STATUS -5.250000 45.560827 2.400000 1.570796 11.584463 3.000000 -2.940000
DYNAMIC_OBS_INFO 0 -5.750000 41.196158 1.570796 25.303741 -5.750000 72.003345 14.431336 1.329173
DYNAMIC_OBS_INFO 1 -1.750000 57.675642 1.570796 16.356600 -1.750000 62.682290 10.090505 0.308832
STATIC_OBS_INFO 0 -6.300000 74.114936 27.430495 
STATIC_OBS_INFO 1 -6.300000 70.529896 23.848477 
Parent: 260.280878 30.290952 304.000000 13.915899 3032.100000 -9.955682 0.000000 2.727609 36.000000 0.000000 0 0 0 0 0 0 0 0
Child: -9.955682 0.295455 4.000000 0.000000 0.600000 0.000000 -10.000000 0.000000 0.000000 0.000000 0 0 0 0 0 0 0 0
EGO_STATUS -5.250000 46.704545 2.500000 1.570796 11.290463 3.000000 -2.940000
DYNAMIC_OBS_INFO 0 -5.750000 41.196158 1.570796 25.631132 -5.750000 73.453125 14.564254 1.329173
DYNAMIC_OBS_INFO 1 -1.750000 57.675642 1.570796 16.247311 -1.750000 63.692885 10.121388 0.308832
STATIC_OBS_INFO 0 -6.300000 74.114936 26.309041 
STATIC_OBS_INFO 1 -6.300000 70.529896 22.727312 
Parent: 261.944493 29.464005 296.000000 13.915091 3043.300000 0.000000 -10.000000 2.627603 35.000000 0.000000 0 0 0 0 0 0 0 0
EGO_STATUS -5.249303 47.826884 2.600000 1.568334 11.213264 4.000000 0.000000
DYNAMIC_OBS_INFO 0 -5.750000 41.196158 1.570796 25.972996 -5.750000 74.916196 14.697171 1.329173
DYNAMIC_OBS_INFO 1 -1.750000 57.675642 1.570796 16.140550 -1.750000 64.706568 10.152271 0.308832
STATIC_OBS_INFO 0 -6.300000 74.114936 25.189008 
STATIC_OBS_INFO 1 -6.300000 70.529896 21.607661 
Parent: 262.606301 28.342685 285.000000 13.914802 3043.750000 0.000000 -10.000000 2.527603 34.000000 0.000000 0 0 0 0 0 0 0 0
EGO_STATUS -5.241489 48.948178 2.700000 1.558170 11.213264 4.000000 0.000000
DYNAMIC_OBS_INFO 0 -5.750000 41.196158 1.570796 26.328661 -5.750000 76.392559 14.830088 1.329173
DYNAMIC_OBS_INFO 1 -1.750000 57.675642 1.570796 16.033774 -1.750000 65.723339 10.183154 0.308832
STATIC_OBS_INFO 0 -6.300000 74.114936 24.069977 
STATIC_OBS_INFO 1 -6.300000 70.529896 20.489190 
Parent: 264.245350 27.221363 274.000000 13.915147 3044.200000 0.000000 -10.000000 2.427604 32.000000 0.000000 0 0 0 0 0 0 0 0
EGO_STATUS -5.218677 50.069260 2.800000 1.541895 11.213264 4.000000 0.000000
DYNAMIC_OBS_INFO 0 -5.750000 41.196158 1.570796 26.698690 -5.750000 77.882214 14.963006 1.329173
DYNAMIC_OBS_INFO 1 -1.750000 57.675642 1.570796 15.926131 -1.750000 66.743199 10.214038 0.308832
STATIC_OBS_INFO 0 -6.300000 74.114936 22.952805 
STATIC_OBS_INFO 1 -6.300000 70.529896 19.372871 
Parent: 264.888464 26.100040 263.000000 13.915246 3044.950000 0.000000 -10.000000 2.327604 31.000000 0.000000 0 0 0 0 0 0 0 0
EGO_STATUS -5.175030 51.189716 2.900000 1.521277 11.213264 4.000000 0.000000
DYNAMIC_OBS_INFO 0 -5.750000 41.196158 1.570796 27.083875 -5.750000 79.385160 15.095923 1.329173
DYNAMIC_OBS_INFO 1 -1.750000 57.675642 1.570796 15.817476 -1.750000 67.766147 10.244921 0.308832
STATIC_OBS_INFO 0 -6.300000 74.114936 21.838639 
STATIC_OBS_INFO 1 -6.300000 70.529896 18.260007 
Parent: 265.680705 24.978716 251.000000 13.915096 3035.350000 0.000000 -10.000000 2.227604 30.000000 0.000000 0 0 0 0 0 0 0 0
EGO_STATUS -5.106622 52.308928 3.000000 1.497929 11.213264 4.000000 0.000000
DYNAMIC_OBS_INFO 0 -5.750000 41.196158 1.570796 27.485165 -5.750000 80.901398 15.228840 1.329173
DYNAMIC_OBS_INFO 1 -1.750000 57.675642 1.570796 15.708291 -1.750000 68.792183 10.275804 0.308832
STATIC_OBS_INFO 0 -6.300000 74.114936 20.728873 
STATIC_OBS_INFO 1 -6.300000 70.529896 17.152217 
Parent: 450.320872 10.000000 102.000000 0.000000 2075.700000 292.801466 -10.000000 3.019406 39.000000 0.000000 0 0 0 0 0 0 0 0
Child: 292.801466 23.857392 240.000000 13.914689 3032.200000 0.000000 -10.000000 0.000000 0.000000 0.000000 0 0 0 0 0 0 0 0
EGO_STATUS -5.011263 53.426163 3.100000 1.473306 11.213264 4.000000 0.000000
DYNAMIC_OBS_INFO 0 -5.750000 41.196158 1.570796 27.903535 -5.750000 82.430928 15.361758 1.329173
DYNAMIC_OBS_INFO 1 -1.750000 57.675642 1.570796 15.599553 -1.750000 69.821308 10.306687 0.308832
STATIC_OBS_INFO 0 -6.300000 74.114936 19.625074 
STATIC_OBS_INFO 1 -6.300000 70.529896 16.051393 
Parent: 450.388603 10.000000 102.000000 0.000000 2075.700000 291.969197 -10.000000 2.919406 38.000000 0.000000 0 0 0 0 0 0 0 0
Child: 291.969197 22.736067 229.000000 13.914798 3027.550000 0.000000 -10.000000 0.000000 0.000000 0.000000 0 0 0 0 0 0 0 0
EGO_STATUS -4.888327 54.540700 3.200000 1.448706 11.213264 4.000000 0.000000
DYNAMIC_OBS_INFO 0 -5.750000 41.196158 1.570796 28.339850 -5.750000 83.973750 15.494675 1.329173
DYNAMIC_OBS_INFO 1 -1.750000 57.675642 1.570796 15.492551 -1.750000 70.853521 10.337571 0.308832
STATIC_OBS_INFO 0 -6.300000 74.114936 18.528891 
STATIC_OBS_INFO 1 -6.300000 70.529896 14.959654 
Parent: 449.736045 10.000000 102.000000 0.000000 2075.700000 290.416639 -10.000000 2.819406 37.000000 0.000000 0 0 0 0 0 0 0 0
Child: 290.416639 21.614741 218.000000 13.915001 3016.000000 0.000000 -10.000000 0.000000 0.000000 0.000000 0 0 0 0 0 0 0 0
EGO_STATUS -4.738562 55.651954 3.300000 1.425270 11.213264 4.000000 0.000000
DYNAMIC_OBS_INFO 0 -5.750000 41.196158 1.570796 28.794729 -5.750000 85.529863 15.627592 1.329173
DYNAMIC_OBS_INFO 1 -1.750000 57.675642 1.570796 15.388705 -1.750000 71.888822 10.368454 0.308832
STATIC_OBS_INFO 0 -6.300000 74.114936 17.441980 
STATIC_OBS_INFO 1 -6.300000 70.529896 13.879331 
Parent: 448.081727 10.000000 102.000000 0.000000 2075.700000 287.862321 -10.000000 2.719406 36.000000 0.000000 0 0 0 0 0 0 0 0
Child: 287.862321 20.493415 206.000000 13.914916 2980.200000 0.000000 -10.000000 0.000000 0.000000 0.000000 0 0 0 0 0 0 0 0
EGO_STATUS -4.563906 56.759573 3.400000 1.403982 11.213264 4.000000 0.000000
DYNAMIC_OBS_INFO 0 -5.750000 41.196158 1.570796 29.268438 -5.750000 87.099268 15.760510 1.329173
DYNAMIC_OBS_INFO 1 -1.750000 57.675642 1.570796 15.289385 -1.750000 72.927211 10.399337 0.308832
STATIC_OBS_INFO 0 -6.300000 74.114936 16.365947 
STATIC_OBS_INFO 1 -6.300000 70.529896 12.812990 
Parent: 447.429353 10.000000 102.000000 0.000000 2075.700000 286.309947 -10.000000 2.619406 35.000000 0.000000 0 0 0 0 0 0 0 0
Child: 286.309947 19.372088 195.000000 13.914534 2968.750000 0.000000 -10.000000 0.000000 0.000000 0.000000 0 0 0 0 0 0 0 0
EGO_STATUS -4.367287 57.863510 3.500000 1.385670 11.213264 4.000000 0.000000
DYNAMIC_OBS_INFO 0 -5.750000 41.196158 1.570796 29.760823 -5.750000 88.681965 15.893427 1.329173
DYNAMIC_OBS_INFO 1 -1.750000 57.675642 1.570796 15.195752 -1.750000 73.968689 10.430220 0.308832
STATIC_OBS_INFO 0 -6.300000 74.114936 15.302331 
STATIC_OBS_INFO 1 -6.300000 70.529896 11.763536 
Parent: 444.846305 10.000000 102.000000 0.000000 2075.700000 282.826899 -10.000000 2.519406 34.000000 0.000000 0 0 0 0 0 0 0 0
Child: 282.826899 18.250761 184.000000 13.913840 2938.300000 0.000000 -10.000000 0.000000 0.000000 0.000000 0 0 0 0 0 0 0 0
EGO_STATUS -4.152439 58.964051 3.600000 1.371002 11.213264 4.000000 0.000000
DYNAMIC_OBS_INFO 0 -5.750000 41.196158 1.570796 30.271296 -5.750000 90.277954 16.026344 1.329173
DYNAMIC_OBS_INFO 1 -1.750000 57.675642 1.570796 15.108644 -1.750000 75.013255 10.461103 0.308832
STATIC_OBS_INFO 0 -6.300000 74.114936 14.252628 
STATIC_OBS_INFO 1 -6.300000 70.529896 10.734421 
Parent: 442.680460 10.000000 102.000000 0.000000 2075.700000 278.761054 -10.000000 2.419406 32.000000 0.000000 0 0 0 0 0 0 0 0
Child: 278.761054 17.129434 173.000000 13.913871 2902.450000 0.000000 -10.000000 0.000000 0.000000 0.000000 0 0 0 0 0 0 0 0
EGO_STATUS -3.923718 60.061798 3.700000 1.360493 11.213264 4.000000 0.000000
DYNAMIC_OBS_INFO 0 -5.750000 41.196158 1.570796 30.798859 -5.750000 91.887234 16.159262 1.329173
DYNAMIC_OBS_INFO 1 -1.750000 57.675642 1.570796 15.028503 -1.750000 76.060910 10.491987 0.308832
STATIC_OBS_INFO 0 -6.300000 74.114936 13.218377 
STATIC_OBS_INFO 1 -6.300000 70.529896 9.730005 
Parent: 438.599031 10.000000 102.000000 0.000000 2075.700000 273.779625 -10.000000 2.319406 31.000000 0.000000 0 0 0 0 0 0 0 0
Child: 273.779625 16.008107 162.000000 13.913654 2857.900000 0.000000 -10.000000 0.000000 0.000000 0.000000 0 0 0 0 0 0 0 0
EGO_STATUS -3.685923 61.157618 3.800000 1.354498 11.213264 4.000000 0.000000
DYNAMIC_OBS_INFO 0 -5.750000 41.196158 1.570796 31.342177 -5.750000 93.509806 16.292179 1.329173
DYNAMIC_OBS_INFO 1 -1.750000 57.675642 1.570796 14.955352 -1.750000 77.111653 10.522870 0.308832
STATIC_OBS_INFO 0 -6.300000 74.114936 12.201303 
STATIC_OBS_INFO 1 -6.300000 70.529896 8.756150 
Parent: 433.488154 10.000000 102.000000 0.000000 2075.700000 267.768748 -10.000000 2.219405 30.000000 0.000000 0 0 0 0 0 0 0 0
Child: 267.768748 14.886779 150.000000 13.913081 2784.900000 0.000000 -10.000000 0.000000 0.000000 0.000000 0 0 0 0 0 0 0 0
EGO_STATUS -3.444135 62.252566 3.900000 1.353215 11.213264 4.000000 0.000000
DYNAMIC_OBS_INFO 0 -5.750000 41.196158 1.570796 31.899691 -5.750000 95.145670 16.425096 1.329173
DYNAMIC_OBS_INFO 1 -1.750000 57.675642 1.570796 14.888828 -1.750000 78.165484 10.553753 0.308832
STATIC_OBS_INFO 0 -6.300000 74.114936 11.203556 
STATIC_OBS_INFO 1 -6.300000 70.529896 7.821176 
Parent: 604.303903 10.000000 101.000000 0.000000 2055.350000 446.792696 -10.000000 3.011206 39.000000 0.000000 0 0 0 0 0 0 0 0
Child: 446.792696 10.000000 102.000000 0.000000 2075.700000 253.292696 -10.000000 0.000000 0.000000 0.000000 0 0 0 0 0 0 0 0
Child: 253.292696 13.765452 139.000000 13.912137 2644.750000 0.000000 -10.000000 0.000000 0.000000 0.000000 0 0 0 0 0 0 0 0
EGO_STATUS -3.203552 63.347779 4.000000 1.356688 11.213264 4.000000 0.000000
DYNAMIC_OBS_INFO 0 -5.750000 41.196158 1.570796 32.469741 -5.750000 96.794825 16.558014 1.329173
DYNAMIC_OBS_INFO 1 -1.750000 57.675642 1.570796 14.828253 -1.750000 79.222403 10.584636 0.308832
STATIC_OBS_INFO 0 -6.300000 74.114936 10.228058 
STATIC_OBS_INFO 1 -6.300000 70.529896 6.937359 
Parent: 586.872434 10.000000 101.000000 0.000000 2055.350000 428.461228 -10.000000 2.911206 38.000000 0.000000 0 0 0 0 0 0 0 0
Child: 428.461228 10.000000 102.000000 0.000000 2075.700000 234.961228 -10.000000 0.000000 0.000000 0.000000 0 0 0 0 0 0 0 0
Child: 234.961228 12.644124 128.000000 13.910994 2465.900000 0.000000 -10.000000 0.000000 0.000000 0.000000 0 0 0 0 0 0 0 0
EGO_STATUS -2.969338 64.444369 4.100000 1.364800 11.213264 4.000000 0.000000
DYNAMIC_OBS_INFO 0 -5.750000 41.196158 1.570796 33.050716 -5.750000 98.457272 16.690931 1.329173
DYNAMIC_OBS_INFO 1 -1.750000 57.675642 1.570796 14.772741 -1.750000 80.282411 10.615519 0.308832
STATIC_OBS_INFO 0 -6.300000 74.114936 9.279025 
STATIC_OBS_INFO 1 -6.300000 70.529896 6.123203 
Parent: 551.905529 10.217552 104.000000 31.819792 1622.800000 421.392331 0.000000 4.953930 37.000000 0.000000 0 0 1 0 0 0 0 0
Child: 421.392331 10.000000 102.000000 20.000000 2075.700000 215.931547 0.000000 0.000000 0.000000 0.000000 0 0 0 1 0 0 0 0
Child: 215.931547 11.522796 117.000000 13.910480 2280.150000 0.000000 -10.000000 0.000000 0.000000 0.000000 0 0 0 0 0 0 0 0
EGO_STATUS -2.746463 65.543315 4.200000 1.377280 11.213264 4.000000 0.000000
DYNAMIC_OBS_INFO 0 -5.750000 41.196158 1.570796 33.641182 -5.750000 100.133011 16.823848 1.329173
DYNAMIC_OBS_INFO 1 -1.750000 57.675642 1.570796 14.721324 -1.750000 81.345507 10.646403 0.308832
STATIC_OBS_INFO 0 -6.300000 74.114936 8.362742 
STATIC_OBS_INFO 1 -6.300000 70.529896 5.406532 
Parent: 532.961382 10.217552 104.000000 31.819792 1622.800000 401.548185 0.000000 4.853930 36.000000 0.000000 0 0 1 0 0 0 0 0
Child: 401.548185 10.000000 102.000000 20.000000 2075.700000 196.087401 0.000000 0.000000 0.000000 0.000000 0 0 0 1 0 0 0 0
Child: 196.087401 10.401468 106.000000 13.909674 2086.300000 0.000000 -10.000000 0.000000 0.000000 0.000000 0 0 0 0 0 0 0 0
EGO_STATUS -2.539540 66.645371 4.300000 1.393699 11.213264 4.000000 0.000000
DYNAMIC_OBS_INFO 0 -5.750000 41.196158 1.570796 34.240008 -5.750000 101.822042 16.956766 1.329173
DYNAMIC_OBS_INFO 1 -1.750000 57.675642 1.570796 14.673078 -1.750000 82.411692 10.677286 0.308832
STATIC_OBS_INFO 0 -6.300000 74.114936 7.488742 
STATIC_OBS_INFO 1 -6.300000 70.529896 4.827402 
Parent: 511.500341 10.217552 104.000000 33.869905 1622.800000 378.902858 0.000000 4.836800 35.000000 0.000000 0 0 1 0 0 0 0 0
Child: 378.902858 10.000000 102.000000 0.000000 2075.700000 185.402858 -10.000000 0.000000 0.000000 0.000000 0 0 0 0 0 0 0 0
Child: 185.402858 9.280141 94.000000 12.474588 1865.500000 0.000000 0.000000 0.000000 0.000000 0.000000 0 0 0 0 0 0 0 0
EGO_STATUS -2.352657 67.750995 4.400000 1.413471 11.213264 4.000000 0.000000
DYNAMIC_OBS_INFO 0 -5.750000 41.196158 1.570796 34.860752 -5.750000 103.524365 17.089683 1.329173
DYNAMIC_OBS_INFO 1 -1.750000 57.675642 1.570796 14.641868 -1.750000 83.480964 10.708169 0.308832
STATIC_OBS_INFO 0 -6.300000 74.114936 6.681834 
STATIC_OBS_INFO 1 -6.300000 70.529896 4.440596 
Parent: 481.632369 10.217552 104.000000 33.869882 1622.800000 348.134884 0.000000 4.736805 34.000000 0.000000 0 0 1 0 0 0 0 0
Child: 348.134884 10.000000 102.000000 0.000000 2075.700000 154.634884 -10.000000 0.000000 0.000000 0.000000 0 0 0 0 0 0 0 0
Child: 154.634884 8.173522 83.000000 12.474556 1659.350000 0.000000 -10.000000 0.000000 0.000000 0.000000 0 0 0 0 0 0 0 0
EGO_STATUS -2.191165 68.845744 4.500000 1.435547 10.919264 3.000000 -2.940000
DYNAMIC_OBS_INFO 0 -5.750000 41.196158 1.570796 35.517686 -5.750000 105.239979 17.222600 1.329173
DYNAMIC_OBS_INFO 1 -1.750000 57.675642 1.570796 14.641886 -1.750000 84.553325 10.739052 0.308832
STATIC_OBS_INFO 0 -6.300000 74.114936 5.969518 
STATIC_OBS_INFO 1 -6.300000 70.529896 4.286199 
Parent: 461.811970 10.217552 104.000000 33.869818 1622.800000 327.414478 0.000000 4.636819 33.000000 0.000000 0 0 1 0 0 0 0 0
Child: 327.414478 10.000000 102.000000 0.000000 2075.700000 133.914478 -10.000000 0.000000 0.000000 0.000000 0 0 0 0 0 0 0 0
Child: 133.914478 7.096318 72.000000 12.371629 1447.800000 0.000000 -10.000000 0.000000 0.000000 0.000000 0 0 0 0 0 0 0 0
EGO_STATUS -2.058183 69.914683 4.600000 1.458660 10.625264 3.000000 -2.940000
DYNAMIC_OBS_INFO 0 -5.750000 41.196158 1.570796 36.211348 -5.750000 106.968885 17.355518 1.329173
DYNAMIC_OBS_INFO 1 -1.750000 57.675642 1.570796 14.673022 -1.750000 85.628775 10.769936 0.308832
STATIC_OBS_INFO 0 -6.300000 74.114936 5.372896 
STATIC_OBS_INFO 1 -6.300000 70.529896 4.367952 
Parent: 442.097348 10.217552 104.000000 33.869723 1622.800000 306.799845 0.000000 4.536839 32.000000 0.000000 0 0 1 0 0 0 0 0
Child: 306.799845 10.000000 102.000000 0.000000 2075.700000 113.299845 -10.000000 0.000000 0.000000 0.000000 0 0 0 0 0 0 0 0
Child: 113.299845 6.048525 62.000000 11.776767 1252.100000 0.000000 -10.000000 0.000000 0.000000 0.000000 0 0 0 0 0 0 0 0
EGO_STATUS -1.952995 70.957157 4.700000 1.481784 10.331264 3.000000 -2.940000
DYNAMIC_OBS_INFO 0 -5.750000 41.196158 1.570796 36.942546 -5.750000 108.711082 17.488435 1.329173
DYNAMIC_OBS_INFO 1 -1.750000 57.675642 1.570796 14.735377 -1.750000 86.707313 10.800819 0.308832
STATIC_OBS_INFO 0 -6.300000 74.114936 4.917475 
STATIC_OBS_INFO 1 -6.300000 70.529896 4.655353 
Parent: 422.661398 10.217552 104.000000 33.869660 1622.800000 286.463887 0.000000 4.436853 31.000000 0.000000 0 0 1 0 0 0 0 0
Child: 286.463887 10.000000 102.000000 0.000000 2075.700000 92.963887 -10.000000 0.000000 0.000000 0.000000 0 0 0 0 0 0 0 0
Child: 92.963887 5.030121 52.000000 10.712271 1053.700000 0.000000 -10.000000 0.000000 0.000000 0.000000 0 0 0 0 0 0 0 0
EGO_STATUS -1.873790 71.972456 4.800000 1.503933 10.037264 3.000000 -2.940000
DYNAMIC_OBS_INFO 0 -5.750000 41.196158 1.570796 37.712262 -5.750000 110.466572 17.621352 1.329173
DYNAMIC_OBS_INFO 1 -1.750000 57.675642 1.570796 14.829227 -1.750000 87.788939 10.831702 0.308832
STATIC_OBS_INFO 0 -6.300000 74.114936 4.628588 
STATIC_OBS_INFO 1 -6.300000 70.529896 5.098470 
Parent: 374.131051 24.143054 243.000000 9.252385 4109.150000 0.000000 -10.000000 4.950764 30.000000 0.000000 0 0 0 0 0 0 0 0
EGO_STATUS -1.817853 72.959866 4.900000 1.524172 9.743264 3.000000 -2.940000
DYNAMIC_OBS_INFO 0 -5.750000 41.196158 1.570796 38.521530 -5.750000 112.235353 17.754270 1.329173
DYNAMIC_OBS_INFO 1 -1.750000 57.675642 1.570796 14.954926 -1.750000 88.873653 10.862585 0.308832
STATIC_OBS_INFO 0 -6.300000 74.114936 4.522515 
STATIC_OBS_INFO 1 -6.300000 70.529896 5.647925 
Parent: 351.051088 30.290952 304.000000 7.876615 3330.900000 53.435900 0.000000 3.935181 39.000000 0.000000 0 0 0 0 0 0 0 0
Child: 53.435900 3.081519 32.000000 7.549421 651.200000 0.000000 -10.000000 0.000000 0.000000 0.000000 0 0 0 0 0 0 0 0
EGO_STATUS -1.781742 73.918761 5.000000 1.541680 9.449264 3.000000 -2.940000
DYNAMIC_OBS_INFO 0 -5.750000 41.196158 1.570796 39.371249 -5.750000 114.017426 17.887187 1.329173
DYNAMIC_OBS_INFO 1 -1.750000 57.675642 1.570796 15.112738 -1.750000 89.961456 10.893468 0.308832
STATIC_OBS_INFO 0 -6.300000 74.114936 4.597408 
STATIC_OBS_INFO 1 -6.300000 70.529896 6.264980 
Parent: 332.805664 30.290952 304.000000 7.876591 3330.900000 34.290469 0.000000 3.835191 38.000000 0.000000 0 0 0 0 0 0 0 0
Child: 34.290469 2.151330 23.000000 5.462167 468.050000 0.000000 -10.000000 0.000000 0.000000 0.000000 0 0 0 0 0 0 0 0
EGO_STATUS -1.761529 74.848722 5.100000 1.555824 9.155264 3.000000 -2.940000
DYNAMIC_OBS_INFO 0 -5.750000 41.196158 1.570796 40.262221 -5.750000 115.812790 18.020104 1.329173
DYNAMIC_OBS_INFO 1 -1.750000 57.675642 1.570796 15.302847 -1.750000 91.052347 10.924352 0.308832
STATIC_OBS_INFO 0 -6.300000 74.114936 4.832248 
STATIC_OBS_INFO 1 -6.300000 70.529896 6.922650 
Parent: 315.134978 30.290952 304.000000 7.876590 3330.900000 15.719782 0.000000 3.735192 37.000000 0.000000 0 0 0 0 0 0 0 0
Child: 15.719782 1.250505 14.000000 3.045238 284.900000 0.000000 -10.000000 0.000000 0.000000 0.000000 0 0 0 0 0 0 0 0
EGO_STATUS -1.752602 75.749500 5.200000 1.565154 8.861264 3.000000 -2.940000
DYNAMIC_OBS_INFO 0 -5.750000 41.196158 1.570796 41.195214 -5.750000 117.621446 18.153022 1.329173
DYNAMIC_OBS_INFO 1 -1.750000 57.675642 1.570796 15.525445 -1.750000 92.146326 10.955235 0.308832
STATIC_OBS_INFO 0 -6.300000 74.114936 5.194361 
STATIC_OBS_INFO 1 -6.300000 70.529896 7.602744 
Parent: 298.125255 30.290952 304.000000 7.876563 3330.900000 -2.189949 0.000000 3.635203 36.000000 0.000000 0 0 0 0 0 0 0 0
Child: -2.189949 0.379119 5.000000 1.252501 101.750000 0.000000 -10.000000 0.000000 0.000000 0.000000 0 0 0 0 0 0 0 0
EGO_STATUS -1.750095 76.620881 5.300000 1.570072 8.567264 3.000000 -2.940000
DYNAMIC_OBS_INFO 0 -5.750000 41.196158 1.570796 42.166117 -5.750000 119.443395 18.285939 1.329173
DYNAMIC_OBS_INFO 1 -1.750000 57.675642 1.570796 15.775974 -1.750000 93.243394 10.986118 0.308832
STATIC_OBS_INFO 0 -6.300000 74.114936 5.651587 
STATIC_OBS_INFO 1 -6.300000 70.529896 8.296416 
Parent: 291.641050 29.823466 300.000000 7.876127 3342.900000 0.000000 -10.000000 3.535195 35.000000 0.000000 0 0 0 0 0 0 0 0
EGO_STATUS -1.750133 77.467420 5.400000 1.571608 8.436159 4.000000 0.000000
DYNAMIC_OBS_INFO 0 -5.750000 41.196158 1.570796 43.153139 -5.750000 121.278634 18.418856 1.329173
DYNAMIC_OBS_INFO 1 -1.750000 57.675642 1.570796 16.032519 -1.750000 94.343550 11.017001 0.308832
STATIC_OBS_INFO 0 -6.300000 74.114936 6.187501 
STATIC_OBS_INFO 1 -6.300000 70.529896 9.012436 
Parent: 275.457608 28.979852 291.000000 7.876100 3165.450000 0.000000 -10.000000 3.435195 34.000000 0.000000 0 0 0 0 0 0 0 0
EGO_STATUS -1.752698 78.311031 5.500000 1.576783 8.436159 4.000000 0.000000
DYNAMIC_OBS_INFO 0 -5.750000 41.196158 1.570796 44.153092 -5.750000 123.127166 18.551774 1.329173
DYNAMIC_OBS_INFO 1 -1.750000 57.675642 1.570796 16.292199 -1.750000 95.446794 11.047884 0.308832
STATIC_OBS_INFO 0 -6.300000 74.114936 6.782112 
STATIC_OBS_INFO 1 -6.300000 70.529896 9.745991 
Parent: 259.108836 28.136238 283.000000 7.875951 2997.250000 0.000000 -10.000000 3.335195 33.000000 0.000000 0 0 0 0 0 0 0 0
EGO_STATUS -1.761405 79.154599 5.600000 1.586022 8.436159 4.000000 0.000000
DYNAMIC_OBS_INFO 0 -5.750000 41.196158 1.570796 45.165846 -5.750000 124.988989 18.684691 1.329173
DYNAMIC_OBS_INFO 1 -1.750000 57.675642 1.570796 16.555134 -1.750000 96.553126 11.078768 0.308832
STATIC_OBS_INFO 0 -6.300000 74.114936 7.419368 
STATIC_OBS_INFO 1 -6.300000 70.529896 10.491982 
Parent: 232.023519 27.292624 274.000000 7.876101 2720.700000 0.000000 -10.000000 3.235195 33.000000 0.000000 0 0 0 0 0 0 0 0
EGO_STATUS -1.779341 79.998018 5.700000 1.598524 8.436159 4.000000 0.000000
DYNAMIC_OBS_INFO 0 -5.750000 41.196158 1.570796 46.191431 -5.750000 126.864104 18.817608 1.329173
DYNAMIC_OBS_INFO 1 -1.750000 57.675642 1.570796 16.821544 -1.750000 97.662547 11.109651 0.308832
STATIC_OBS_INFO 0 -6.300000 74.114936 8.087710 
STATIC_OBS_INFO 1 -6.300000 70.529896 11.246810 
Parent: 225.841616 26.449008 266.000000 7.875723 2654.300000 0.000000 -10.000000 3.135195 32.000000 0.000000 0 0 0 0 0 0 0 0
EGO_STATUS -1.808933 80.841106 5.800000 1.613541 8.436159 4.000000 0.000000
DYNAMIC_OBS_INFO 0 -5.750000 41.196158 1.570796 47.230029 -5.750000 128.752511 18.950526 1.329173
DYNAMIC_OBS_INFO 1 -1.750000 57.675642 1.570796 17.091749 -1.750000 98.775057 11.140534 0.308832
STATIC_OBS_INFO 0 -6.300000 74.114936 8.778929 
STATIC_OBS_INFO 1 -6.300000 70.529896 12.007919 
Parent: 208.886666 25.605393 258.000000 7.876046 2479.400000 0.000000 -10.000000 3.035195 31.000000 0.000000 0 0 0 0 0 0 0 0
EGO_STATUS -1.851996 81.683612 5.900000 1.630374 8.436159 4.000000 0.000000
DYNAMIC_OBS_INFO 0 -5.750000 41.196158 1.570796 48.281937 -5.750000 130.654209 19.083443 1.329173
DYNAMIC_OBS_INFO 1 -1.750000 57.675642 1.570796 17.366154 -1.750000 99.890654 11.171417 0.308832
STATIC_OBS_INFO 0 -6.300000 74.114936 9.487216 
STATIC_OBS_INFO 1 -6.300000 70.529896 12.773499 
Parent: 193.928338 24.761776 249.000000 7.875782 2314.950000 0.000000 -10.000000 2.935195 30.000000 0.000000 0 0 0 0 0 0 0 0
EGO_STATUS -1.909769 82.525235 6.000000 1.648374 8.436159 4.000000 0.000000
DYNAMIC_OBS_INFO 0 -5.750000 41.196158 1.570796 49.347534 -5.750000 132.569199 19.216360 1.329173
DYNAMIC_OBS_INFO 1 -1.750000 57.675642 1.570796 17.645220 -1.750000 101.009340 11.202301 0.308832
STATIC_OBS_INFO 0 -6.300000 74.114936 10.208461 
STATIC_OBS_INFO 1 -6.300000 70.529896 13.542289 
Parent: 160.982691 10.000000 102.000000 0.000000 15.300000 204.462122 -10.000000 4.020569 39.000000 0.000000 0 0 0 0 0 0 0 0
Child: 204.462122 23.918160 241.000000 7.875915 2153.050000 0.000000 -10.000000 0.000000 0.000000 0.000000 0 0 0 0 0 0 0 0
EGO_STATUS -1.982961 83.365658 6.100000 1.666942 8.436159 4.000000 0.000000
DYNAMIC_OBS_INFO 0 -5.750000 41.196158 1.570796 50.427235 -5.750000 134.497481 19.349278 1.329173
DYNAMIC_OBS_INFO 1 -1.750000 57.675642 1.570796 17.929431 -1.750000 102.131114 11.233184 0.308832
STATIC_OBS_INFO 0 -6.300000 74.114936 10.939767 
STATIC_OBS_INFO 1 -6.300000 70.529896 14.313438 
Parent: 145.262479 10.000000 102.000000 0.000000 15.300000 187.841910 -10.000000 3.920569 38.000000 0.000000 0 0 0 0 0 0 0 0
Child: 187.841910 23.074543 232.000000 7.875812 1981.300000 0.000000 -10.000000 0.000000 0.000000 0.000000 0 0 0 0 0 0 0 0
EGO_STATUS -2.071790 84.204571 6.200000 1.685531 8.436159 4.000000 0.000000
DYNAMIC_OBS_INFO 0 -5.750000 41.196158 1.570796 51.521455 -5.750000 136.439055 19.482195 1.329173
DYNAMIC_OBS_INFO 1 -1.750000 57.675642 1.570796 18.219249 -1.750000 103.255977 11.264067 0.308832
STATIC_OBS_INFO 0 -6.300000 74.114936 11.679107 
STATIC_OBS_INFO 1 -6.300000 70.529896 15.086414 
Parent: 130.085751 10.000000 102.000000 0.000000 15.300000 171.765183 -10.000000 3.820569 37.000000 0.000000 0 0 0 0 0 0 0 0
Child: 171.765183 22.230926 224.000000 7.875684 1823.600000 0.000000 -10.000000 0.000000 0.000000 0.000000 0 0 0 0 0 0 0 0
EGO_STATUS -2.176029 85.041710 6.300000 1.703644 8.436159 4.000000 0.000000
DYNAMIC_OBS_INFO 0 -5.750000 41.196158 1.570796 52.630567 -5.750000 138.393920 19.615112 1.329173
DYNAMIC_OBS_INFO 1 -1.750000 57.675642 1.570796 18.515076 -1.750000 104.383928 11.294950 0.308832
STATIC_OBS_INFO 0 -6.300000 74.114936 12.425089 
STATIC_OBS_INFO 1 -6.300000 70.529896 15.860939 
Parent: 113.949906 10.000000 102.000000 0.000000 15.300000 155.729337 -10.000000 3.720569 37.000000 0.000000 0 0 0 0 0 0 0 0
Child: 155.729337 21.387309 215.000000 7.875724 1658.150000 0.000000 -10.000000 0.000000 0.000000 0.000000 0 0 0 0 0 0 0 0
EGO_STATUS -2.295054 85.876876 6.400000 1.720832 8.436159 4.000000 0.000000
DYNAMIC_OBS_INFO 0 -5.750000 41.196158 1.570796 53.754872 -5.750000 140.362077 19.748030 1.329173
DYNAMIC_OBS_INFO 1 -1.750000 57.675642 1.570796 18.817222 -1.750000 105.514967 11.325833 0.308832
STATIC_OBS_INFO 0 -6.300000 74.114936 13.176792 
STATIC_OBS_INFO 1 -6.300000 70.529896 16.636937 
Parent: 99.409617 10.000000 102.000000 0.000000 15.300000 140.289049 -10.000000 3.620568 36.000000 0.000000 0 0 0 0 0 0 0 0
Child: 140.289049 20.543692 207.000000 7.875315 1506.450000 0.000000 -10.000000 0.000000 0.000000 0.000000 0 0 0 0 0 0 0 0
EGO_STATUS -2.427890 86.709959 6.500000 1.736698 8.436159 4.000000 0.000000
DYNAMIC_OBS_INFO 0 -5.750000 41.196158 1.570796 54.894573 -5.750000 142.343526 19.880947 1.329173
DYNAMIC_OBS_INFO 1 -1.750000 57.675642 1.570796 19.125872 -1.750000 106.649094 11.356717 0.308832
STATIC_OBS_INFO 0 -6.300000 74.114936 13.933645 
STATIC_OBS_INFO 1 -6.300000 70.529896 17.414493 
Parent: 74.381051 10.000000 102.000000 0.000000 15.300000 114.360483 -10.000000 3.520568 35.000000 0.000000 0 0 0 0 0 0 0 0
Child: 114.360483 19.700075 199.000000 7.875483 1248.350000 0.000000 -10.000000 0.000000 0.000000 0.000000 0 0 0 0 0 0 0 0
EGO_STATUS -2.573254 87.540949 6.600000 1.750897 8.436159 4.000000 0.000000
DYNAMIC_OBS_INFO 0 -5.750000 41.196158 1.570796 56.049763 -5.750000 144.338267 20.013864 1.329173
DYNAMIC_OBS_INFO 1 -1.750000 57.675642 1.570796 19.441062 -1.750000 107.786310 11.387600 0.308832
STATIC_OBS_INFO 0 -6.300000 74.114936 14.695339 
STATIC_OBS_INFO 1 -6.300000 70.529896 18.193819 
Parent: 71.103196 10.000000 102.000000 0.000000 15.300000 110.182628 -10.000000 3.420568 34.000000 0.000000 0 0 0 0 0 0 0 0
Child: 110.182628 18.856457 190.000000 7.875039 1203.100000 0.000000 -10.000000 0.000000 0.000000 0.000000 0 0 0 0 0 0 0 0
EGO_STATUS -2.729603 88.369945 6.700000 1.763131 8.436159 4.000000 0.000000
DYNAMIC_OBS_INFO 0 -5.750000 41.196158 1.570796 57.220411 -5.750000 146.346299 20.146782 1.329173
DYNAMIC_OBS_INFO 1 -1.750000 57.675642 1.570796 19.762674 -1.750000 108.926614 11.418483 0.308832
STATIC_OBS_INFO 0 -6.300000 74.114936 15.461757 
STATIC_OBS_INFO 1 -6.300000 70.529896 18.975223 
Parent: 57.787041 10.000000 102.000000 0.000000 15.300000 95.966473 -10.000000 3.320568 33.000000 0.000000 0 0 0 0 0 0 0 0
Child: 95.966473 18.012840 182.000000 7.875041 1062.800000 0.000000 -10.000000 0.000000 0.000000 0.000000 0 0 0 0 0 0 0 0
EGO_STATUS -2.895181 89.197148 6.800000 1.773155 8.436159 4.000000 0.000000
DYNAMIC_OBS_INFO 0 -5.750000 41.196158 1.570796 58.406373 -5.750000 148.367623 20.279699 1.329173
DYNAMIC_OBS_INFO 1 -1.750000 57.675642 1.570796 20.090431 -1.750000 110.070007 11.449366 0.308832
STATIC_OBS_INFO 0 -6.300000 74.114936 16.232913 
STATIC_OBS_INFO 1 -6.300000 70.529896 19.759075 
Parent: 4.677283 10.000000 102.000000 0.000000 15.300000 41.956715 -10.000000 3.220568 32.000000 0.000000 0 0 0 0 0 0 0 0
Child: 41.956715 17.169222 173.000000 7.874690 515.650000 0.000000 -10.000000 0.000000 0.000000 0.000000 0 0 0 0 0 0 0 0
EGO_STATUS -3.068057 90.022859 6.900000 1.780773 8.436159 4.000000 0.000000
DYNAMIC_OBS_INFO 0 -5.750000 41.196158 1.570796 59.607393 -5.750000 150.402239 20.412616 1.329173
DYNAMIC_OBS_INFO 1 -1.750000 57.675642 1.570796 20.423906 -1.750000 111.216488 11.480250 0.308832
STATIC_OBS_INFO 0 -6.300000 74.114936 17.008913 
STATIC_OBS_INFO 1 -6.300000 70.529896 20.545781 
Parent: -8.601240 10.000000 102.000000 0.000000 15.300000 28.778192 -10.000000 3.120567 32.000000 0.000000 0 0 0 0 0 0 0 0
Child: 28.778192 16.325604 165.000000 7.874345 384.050000 0.000000 -10.000000 0.000000 0.000000 0.000000 0 0 0 0 0 0 0 0
EGO_STATUS -3.246170 90.847457 7.000000 1.785838 8.436159 4.000000 0.000000
DYNAMIC_OBS_INFO 0 -5.750000 41.196158 1.570796 60.823126 -5.750000 152.450146 20.545534 1.329173
DYNAMIC_OBS_INFO 1 -1.750000 57.675642 1.570796 20.762541 -1.750000 112.366057 11.511133 0.308832
STATIC_OBS_INFO 0 -6.300000 74.114936 17.789908 
STATIC_OBS_INFO 1 -6.300000 70.529896 21.335755 
Parent: -20.212253 10.000000 102.000000 0.000000 15.300000 16.267180 -10.000000 3.020567 31.000000 0.000000 0 0 0 0 0 0 0 0
Child: 16.267180 15.481986 156.000000 7.874057 256.800000 0.000000 -10.000000 0.000000 0.000000 0.000000 0 0 0 0 0 0 0 0
EGO_STATUS -3.427370 91.671383 7.100000 1.788257 8.436159 4.000000 0.000000
DYNAMIC_OBS_INFO 0 -5.750000 41.196158 1.570796 62.053161 -5.750000 154.511346 20.678451 1.329173
DYNAMIC_OBS_INFO 1 -1.750000 57.675642 1.570796 21.105669 -1.750000 113.518714 11.542016 0.308832
STATIC_OBS_INFO 0 -6.300000 74.114936 18.576061 
STATIC_OBS_INFO 1 -6.300000 70.529896 22.129390 
Parent: -23.703645 10.000000 102.000000 0.000000 15.300000 11.875788 -10.000000 2.920567 30.000000 0.000000 0 0 0 0 0 0 0 0
Child: 11.875788 14.638368 148.000000 7.873333 213.300000 0.000000 -10.000000 0.000000 0.000000 0.000000 0 0 0 0 0 0 0 0
EGO_STATUS -3.609450 92.495115 7.200000 1.787983 8.436159 4.000000 0.000000
DYNAMIC_OBS_INFO 0 -5.750000 41.196158 1.570796 63.297042 -5.750000 156.585837 20.811368 1.329173
DYNAMIC_OBS_INFO 1 -1.750000 57.675642 1.570796 21.452553 -1.750000 114.674460 11.572899 0.308832
STATIC_OBS_INFO 0 -6.300000 74.114936 19.367515 
STATIC_OBS_INFO 1 -6.300000 70.529896 22.927033 
Parent: -43.780716 10.000000 101.000000 0.000000 15.150000 -0.286656 -10.000000 4.005940 39.000000 0.000000 0 0 0 0 0 0 0 0
Child: -0.286656 10.000000 102.000000 0.000000 15.300000 8.213344 -10.000000 0.000000 0.000000 0.000000 0 0 0 0 0 0 0 0
Child: 8.213344 13.794749 139.000000 7.873080 175.650000 0.000000 -10.000000 0.000000 0.000000 0.000000 0 0 0 0 0 0 0 0
EGO_STATUS -3.790192 93.319141 7.300000 1.785023 8.436159 4.000000 0.000000
DYNAMIC_OBS_INFO 0 -5.750000 41.196158 1.570796 64.554302 -5.750000 158.673619 20.944286 1.329173
DYNAMIC_OBS_INFO 1 -1.750000 57.675642 1.570796 21.802412 -1.750000 115.833294 11.603782 0.308832
STATIC_OBS_INFO 0 -6.300000 74.114936 20.164369 
STATIC_OBS_INFO 1 -6.300000 70.529896 23.728966 
Parent: -46.272216 10.000000 101.000000 0.000000 15.150000 -3.678155 -10.000000 3.905940 38.000000 0.000000 0 0 0 0 0 0 0 0
Child: -3.678155 10.000000 102.000000 0.000000 15.300000 4.821845 -10.000000 0.000000 0.000000 0.000000 0 0 0 0 0 0 0 0
Child: 4.821845 12.951131 131.000000 7.872172 142.050000 0.000000 -10.000000 0.000000 0.000000 0.000000 0 0 0 0 0 0 0 0
EGO_STATUS -3.967400 94.143934 7.400000 1.779432 8.436159 4.000000 0.000000
DYNAMIC_OBS_INFO 0 -5.750000 41.196158 1.570796 65.824489 -5.750000 160.774694 21.077203 1.329173
DYNAMIC_OBS_INFO 1 -1.750000 57.675642 1.570796 22.154470 -1.750000 116.995216 11.634666 0.308832
STATIC_OBS_INFO 0 -6.300000 74.114936 20.966657 
STATIC_OBS_INFO 1 -6.300000 70.529896 24.535385 
Parent: -49.300966 10.000000 101.000000 0.000000 15.150000 -6.606905 -10.000000 3.805939 38.000000 0.000000 0 0 0 0 0 0 0 0
Child: -6.606905 10.000000 102.000000 0.000000 15.300000 1.893095 -10.000000 0.000000 0.000000 0.000000 0 0 0 0 0 0 0 0
Child: 1.893095 12.107512 123.000000 7.871738 112.950000 0.000000 -10.000000 0.000000 0.000000 0.000000 0 0 0 0 0 0 0 0
EGO_STATUS -4.138938 94.969924 7.500000 1.771316 8.436159 4.000000 0.000000
DYNAMIC_OBS_INFO 0 -5.750000 41.196158 1.570796 67.107193 -5.750000 162.889060 21.210121 1.329173
DYNAMIC_OBS_INFO 1 -1.750000 57.675642 1.570796 22.507984 -1.750000 118.160227 11.665549 0.308832
STATIC_OBS_INFO 0 -6.300000 74.114936 21.774329 
STATIC_OBS_INFO 1 -6.300000 70.529896 25.346389 
Parent: -50.860958 10.000000 101.000000 0.000000 15.150000 -9.066897 -10.000000 3.705939 37.000000 0.000000 0 0 0 0 0 0 0 0
Child: -9.066897 10.000000 102.000000 0.000000 15.300000 -0.566897 -10.000000 0.000000 0.000000 0.000000 0 0 0 0 0 0 0 0
Child: -0.566897 11.263893 114.000000 7.870872 87.600000 0.000000 -10.000000 0.000000 0.000000 0.000000 0 0 0 0 0 0 0 0
EGO_STATUS -4.302770 95.797474 7.600000 1.760830 8.436159 4.000000 0.000000
DYNAMIC_OBS_INFO 0 -5.750000 41.196158 1.570796 68.402074 -5.750000 165.016718 21.343038 1.329173
DYNAMIC_OBS_INFO 1 -1.750000 57.675642 1.570796 22.862286 -1.750000 119.328326 11.696432 0.308832
STATIC_OBS_INFO 0 -6.300000 74.114936 22.587245 
STATIC_OBS_INFO 1 -6.300000 70.529896 26.161966 
Parent: -52.073314 10.000000 101.000000 0.000000 15.150000 -11.179253 -10.000000 3.605939 36.000000 0.000000 0 0 0 0 0 0 0 0
Child: -11.179253 10.000000 102.000000 0.000000 15.300000 -2.679253 -10.000000 0.000000 0.000000 0.000000 0 0 0 0 0 0 0 0
Child: -2.679253 10.420275 106.000000 7.870127 66.600000 0.000000 -10.000000 0.000000 0.000000 0.000000 0 0 0 0 0 0 0 0
EGO_STATUS -4.457000 96.626866 7.700000 1.748182 8.436159 4.000000 0.000000
DYNAMIC_OBS_INFO 0 -5.750000 41.196158 1.570796 69.708875 -5.750000 167.157668 21.475955 1.329173
DYNAMIC_OBS_INFO 1 -1.750000 57.675642 1.570796 23.216813 -1.750000 120.499514 11.727315 0.308832
STATIC_OBS_INFO 0 -6.300000 74.114936 23.405172 
STATIC_OBS_INFO 1 -6.300000 70.529896 26.981998 
Parent: -52.815261 10.000000 101.000000 0.000000 15.150000 -12.821199 -10.000000 3.505939 35.000000 0.000000 0 0 0 0 0 0 0 0
Child: -12.821199 10.000000 102.000000 0.000000 15.300000 -4.321199 -10.000000 0.000000 0.000000 0.000000 0 0 0 0 0 0 0 0
Child: -4.321199 9.576656 97.000000 7.869415 49.650000 0.000000 -10.000000 0.000000 0.000000 0.000000 0 0 0 0 0 0 0 0
EGO_STATUS -4.599913 97.458281 7.800000 1.733627 8.436159 4.000000 0.000000
DYNAMIC_OBS_INFO 0 -5.750000 41.196158 1.570796 71.027439 -5.750000 169.311909 21.608873 1.329173
DYNAMIC_OBS_INFO 1 -1.750000 57.675642 1.570796 23.571131 -1.750000 121.673789 11.758198 0.308832
STATIC_OBS_INFO 0 -6.300000 74.114936 24.227780 
STATIC_OBS_INFO 1 -6.300000 70.529896 27.806255 
Parent: -53.333657 10.000000 101.000000 0.000000 15.150000 -14.239595 -10.000000 3.405938 34.000000 0.000000 0 0 0 0 0 0 0 0
Child: -14.239595 10.000000 102.000000 0.000000 15.300000 -5.739595 -10.000000 0.000000 0.000000 0.000000 0 0 0 0 0 0 0 0
Child: -5.739595 8.733038 89.000000 7.868573 35.550000 0.000000 -10.000000 0.000000 0.000000 0.000000 0 0 0 0 0 0 0 0
EGO_STATUS -4.730018 98.291794 7.900000 1.717472 8.436159 4.000000 0.000000
DYNAMIC_OBS_INFO 0 -5.750000 41.196158 1.570796 72.357713 -5.750000 171.479442 21.741790 1.329173
DYNAMIC_OBS_INFO 1 -1.750000 57.675642 1.570796 23.924955 -1.750000 122.851153 11.789082 0.308832
STATIC_OBS_INFO 0 -6.300000 74.114936 25.054659 
STATIC_OBS_INFO 1 -6.300000 70.529896 28.634414 
Parent: -53.432947 10.000000 101.000000 0.000000 15.150000 -15.238885 -10.000000 3.305938 33.000000 0.000000 0 0 0 0 0 0 0 0
Child: -15.238885 10.000000 102.000000 0.000000 15.300000 -6.738885 -10.000000 0.000000 0.000000 0.000000 0 0 0 0 0 0 0 0
Child: -6.738885 7.889420 80.000000 7.868236 25.200000 0.000000 -10.000000 0.000000 0.000000 0.000000 0 0 0 0 0 0 0 0
EGO_STATUS -4.846094 99.127375 8.000000 1.700075 8.436159 4.000000 0.000000
DYNAMIC_OBS_INFO 0 -5.750000 41.196158 1.570796 73.699745 -5.750000 173.660267 21.874707 1.329173
DYNAMIC_OBS_INFO 1 -1.750000 57.675642 1.570796 24.278157 -1.750000 124.031606 11.819965 0.308832
STATIC_OBS_INFO 0 -6.300000 74.114936 25.885330 
STATIC_OBS_INFO 1 -6.300000 70.529896 29.466066 
Parent: -54.292071 10.000000 101.000000 0.000000 15.150000 -15.998008 -10.000000 3.205938 33.000000 0.000000 0 0 0 0 0 0 0 0
Child: -15.998008 10.000000 102.000000 0.000000 15.300000 -7.498008 -10.000000 0.000000 0.000000 0.000000 0 0 0 0 0 0 0 0
Child: -7.498008 7.045803 72.000000 7.867476 17.700000 0.000000 -10.000000 0.000000 0.000000 0.000000 0 0 0 0 0 0 0 0
EGO_STATUS -4.947235 99.964894 8.100000 1.681841 8.436159 4.000000 0.000000
DYNAMIC_OBS_INFO 0 -5.750000 41.196158 1.570796 75.053673 -5.750000 175.854384 22.007625 1.329173
DYNAMIC_OBS_INFO 1 -1.750000 57.675642 1.570796 24.630769 -1.750000 125.215146 11.850848 0.308832
STATIC_OBS_INFO 0 -6.300000 74.114936 26.719262 
STATIC_OBS_INFO 1 -6.300000 70.529896 30.300746 
Parent: -53.940225 10.000000 101.000000 0.000000 15.150000 -16.546162 -10.000000 3.105938 32.000000 0.000000 0 0 0 0 0 0 0 0
Child: -16.546162 10.000000 102.000000 0.000000 15.300000 -8.046162 -10.000000 0.000000 0.000000 0.000000 0 0 0 0 0 0 0 0
Child: -8.046162 6.202186 64.000000 7.861538 12.300000 0.000000 -10.000000 0.000000 0.000000 0.000000 0 0 0 0 0 0 0 0
EGO_STATUS -5.032896 100.804137 8.200000 1.663228 8.436159 4.000000 0.000000
DYNAMIC_OBS_INFO 0 -5.750000 41.196158 1.570796 76.419704 -5.750000 178.061792 22.140542 1.329173
DYNAMIC_OBS_INFO 1 -1.750000 57.675642 1.570796 24.982968 -1.750000 126.401775 11.881731 0.308832
STATIC_OBS_INFO 0 -6.300000 74.114936 27.555904 
STATIC_OBS_INFO 1 -6.300000 70.529896 31.137949 
Parent: -53.440646 10.000000 101.000000 0.000000 15.150000 -16.946584 -10.000000 3.005938 31.000000 0.000000 0 0 0 0 0 0 0 0
Child: -16.946584 10.000000 102.000000 0.000000 15.300000 -8.446584 -10.000000 0.000000 0.000000 0.000000 0 0 0 0 0 0 0 0
Child: -8.446584 5.358569 55.000000 7.694164 8.250000 0.000000 -10.000000 0.000000 0.000000 0.000000 0 0 0 0 0 0 0 0
EGO_STATUS -5.102940 101.644827 8.300000 1.644743 8.436159 4.000000 0.000000
DYNAMIC_OBS_INFO 0 -5.750000 41.196158 1.570796 77.798093 -5.750000 180.282492 22.273459 1.329173
DYNAMIC_OBS_INFO 1 -1.750000 57.675642 1.570796 25.335060 -1.750000 127.591493 11.912615 0.308832
STATIC_OBS_INFO 0 -6.300000 74.114936 28.394704 
STATIC_OBS_INFO 1 -6.300000 70.529896 31.977167 
Parent: -52.717338 10.000000 101.000000 0.000000 15.150000 -17.123276 -10.000000 2.905938 30.000000 0.000000 0 0 0 0 0 0 0 0
Child: -17.123276 10.000000 102.000000 0.000000 15.300000 -8.623276 -10.000000 0.000000 0.000000 0.000000 0 0 0 0 0 0 0 0
Child: -8.623276 4.514952 47.000000 7.281502 7.050000 0.000000 -10.000000 0.000000 0.000000 0.000000 0 0 0 0 0 0 0 0
EGO_STATUS -5.157682 102.486653 8.400000 1.626943 8.436159 4.000000 0.000000
DYNAMIC_OBS_INFO 0 -5.750000 41.196158 1.570796 79.189110 -5.750000 182.516484 22.406377 1.329173
DYNAMIC_OBS_INFO 1 -1.750000 57.675642 1.570796 25.687453 -1.750000 128.784298 11.943498 0.308832
STATIC_OBS_INFO 0 -6.300000 74.114936 29.235142 
STATIC_OBS_INFO 1 -6.300000 70.529896 32.817912 
Parent: -69.320081 10.000000 101.000000 0.000000 15.150000 -25.811392 -10.000000 3.991311 39.000000 0.000000 0 0 0 0 0 0 0 0
Child: -25.811392 10.000000 101.000000 0.000000 15.150000 -17.311392 -10.000000 0.000000 0.000000 0.000000 0 0 0 0 0 0 0 0
Child: -17.311392 10.000000 102.000000 0.000000 15.300000 -8.811392 -10.000000 0.000000 0.000000 0.000000 0 0 0 0 0 0 0 0
Child: -8.811392 3.671336 38.000000 6.602635 5.700000 0.000000 -10.000000 0.000000 0.000000 0.000000 0 0 0 0 0 0 0 0
EGO_STATUS -5.197932 103.329298 8.500000 1.610433 8.436159 4.000000 0.000000
DYNAMIC_OBS_INFO 0 -5.750000 41.196158 1.570796 80.593006 -5.750000 184.763767 22.539294 1.329173
DYNAMIC_OBS_INFO 1 -1.750000 57.675642 1.570796 26.040630 -1.750000 129.980192 11.974381 0.308832
STATIC_OBS_INFO 0 -6.300000 74.114936 30.076751 
STATIC_OBS_INFO 1 -6.300000 70.529896 33.659744 
Parent: -68.653222 10.000000 101.000000 0.000000 15.150000 -26.044534 -10.000000 3.891311 38.000000 0.000000 0 0 0 0 0 0 0 0
Child: -26.044534 10.000000 101.000000 0.000000 15.150000 -17.544534 -10.000000 0.000000 0.000000 0.000000 0 0 0 0 0 0 0 0
Child: -17.544534 10.000000 102.000000 0.000000 15.300000 -9.044534 -10.000000 0.000000 0.000000 0.000000 0 0 0 0 0 0 0 0
Child: -9.044534 2.827720 30.000000 5.636786 4.500000 0.000000 -10.000000 0.000000 0.000000 0.000000 0 0 0 0 0 0 0 0
EGO_STATUS -5.225043 104.172471 8.600000 1.595870 8.436159 4.000000 0.000000
DYNAMIC_OBS_INFO 0 -5.750000 41.196158 1.570796 82.009991 -5.750000 187.024342 22.672211 1.329173
DYNAMIC_OBS_INFO 1 -1.750000 57.675642 1.570796 26.395112 -1.750000 131.179174 12.005264 0.308832
STATIC_OBS_INFO 0 -6.300000 74.114936 30.919139 
STATIC_OBS_INFO 1 -6.300000 70.529896 34.502293 
Parent: -67.998808 10.000000 101.000000 0.000000 15.150000 -26.290119 -10.000000 3.791311 37.000000 0.000000 0 0 0 0 0 0 0 0
Child: -26.290119 10.000000 101.000000 0.000000 15.150000 -17.790119 -10.000000 0.000000 0.000000 0.000000 0 0 0 0 0 0 0 0
Child: -17.790119 10.000000 102.000000 0.000000 15.300000 -9.290119 -10.000000 0.000000 0.000000 0.000000 0 0 0 0 0 0 0 0
Child: -9.290119 1.984104 21.000000 4.363465 3.150000 0.000000 -10.000000 0.000000 0.000000 0.000000 0 0 0 0 0 0 0 0
EGO_STATUS -5.240943 105.015932 8.700000 1.583958 8.436159 4.000000 0.000000
DYNAMIC_OBS_INFO 0 -5.750000 41.196158 1.570796 83.440205 -5.750000 189.298209 22.805129 1.329173
DYNAMIC_OBS_INFO 1 -1.750000 57.675642 1.570796 26.751439 -1.750000 132.381245 12.036147 0.308832
STATIC_OBS_INFO 0 -6.300000 74.114936 31.761999 
STATIC_OBS_INFO 1 -6.300000 70.529896 35.345271 
Parent: -68.395231 10.000000 101.000000 0.000000 15.150000 -26.586542 -10.000000 3.691311 37.000000 0.000000 0 0 0 0 0 0 0 0
Child: -26.586542 10.000000 101.000000 0.000000 15.150000 -18.086542 -10.000000 0.000000 0.000000 0.000000 0 0 0 0 0 0 0 0
Child: -18.086542 10.000000 102.000000 0.000000 15.300000 -9.586542 -10.000000 0.000000 0.000000 0.000000 0 0 0 0 0 0 0 0
Child: -9.586542 1.140489 13.000000 2.762847 1.950000 0.000000 -10.000000 0.000000 0.000000 0.000000 0 0 0 0 0 0 0 0
EGO_STATUS -5.248183 105.859514 8.800000 1.575451 8.436159 4.000000 0.000000
DYNAMIC_OBS_INFO 0 -5.750000 41.196158 1.570796 84.883714 -5.750000 191.585368 22.938046 1.329173
DYNAMIC_OBS_INFO 1 -1.750000 57.675642 1.570796 27.110152 -1.750000 133.586404 12.067031 0.308832
STATIC_OBS_INFO 0 -6.300000 74.114936 32.605104 
STATIC_OBS_INFO 1 -6.300000 70.529896 36.188468 
Parent: -67.804283 10.000000 101.000000 0.000000 15.150000 -26.895594 -10.000000 3.591311 36.000000 0.000000 0 0 0 0 0 0 0 0
Child: -26.895594 10.000000 101.000000 0.000000 15.150000 -18.395594 -10.000000 0.000000 0.000000 0.000000 0 0 0 0 0 0 0 0
Child: -18.395594 10.000000 102.000000 0.000000 15.300000 -9.895594 -10.000000 0.000000 0.000000 0.000000 0 0 0 0 0 0 0 0
Child: -9.895594 0.296873 4.000000 0.806748 0.600000 0.000000 -10.000000 0.000000 0.000000 0.000000 0 0 0 0 0 0 0 0
EGO_STATUS -5.249968 106.703127 8.900000 1.571148 8.436159 4.000000 0.000000
DYNAMIC_OBS_INFO 0 -5.750000 41.196158 1.570796 86.340523 -5.750000 193.885819 23.070963 1.329173
DYNAMIC_OBS_INFO 1 -1.750000 57.675642 1.570796 27.471776 -1.750000 134.794651 12.097914 0.308832
STATIC_OBS_INFO 0 -6.300000 74.114936 33.448292 
STATIC_OBS_INFO 1 -6.300000 70.529896 37.031736 
Parent: -57.090700 10.000000 101.000000 0.000000 15.150000 -17.082011 -10.000000 3.491311 35.000000 0.000000 0 0 0 0 0 0 0 0
Child: -17.082011 10.000000 101.000000 0.000000 15.150000 -8.582011 -10.000000 0.000000 0.000000 0.000000 0 0 0 0 0 0 0 0
Child: -8.582011 9.453257 96.000000 0.000000 14.400000 0.000000 -10.000000 0.000000 0.000000 0.000000 0 0 0 0 0 0 0 0
EGO_STATUS -5.250000 107.546743 9.000000 1.570796 8.436159 4.000000 0.000000
DYNAMIC_OBS_INFO 0 -5.750000 41.196158 1.570796 87.810625 -5.750000 196.199561 23.203881 1.329173
DYNAMIC_OBS_INFO 1 -1.750000 57.675642 1.570796 27.836538 -1.750000 136.005987 12.128797 0.308832
STATIC_OBS_INFO 0 -6.300000 74.114936 34.291502 
STATIC_OBS_INFO 1 -6.300000 70.529896 37.875020 
Parent: -56.317243 10.000000 101.000000 0.000000 15.150000 -17.208554 -10.000000 3.391311 34.000000 0.000000 0 0 0 0 0 0 0 0
Child: -17.208554 10.000000 101.000000 0.000000 15.150000 -8.708554 -10.000000 0.000000 0.000000 0.000000 0 0 0 0 0 0 0 0
Child: -8.708554 8.609641 88.000000 0.000000 13.200000 0.000000 -10.000000 0.000000 0.000000 0.000000 0 0 0 0 0 0 0 0
EGO_STATUS -5.250000 108.390359 9.100000 1.570796 8.436159 4.000000 0.000000
DYNAMIC_OBS_INFO 0 -5.750000 41.196158 1.570796 89.294020 -5.750000 198.526595 23.336798 1.329173
DYNAMIC_OBS_INFO 1 -1.750000 57.675642 1.570796 28.204442 -1.750000 137.220410 12.159680 0.308832
STATIC_OBS_INFO 0 -6.300000 74.114936 35.134732 
STATIC_OBS_INFO 1 -6.300000 70.529896 38.718319 
Parent: -55.543785 10.000000 101.000000 0.000000 15.150000 -17.335096 -10.000000 3.291311 33.000000 0.000000 0 0 0 0 0 0 0 0
Child: -17.335096 10.000000 101.000000 0.000000 15.150000 -8.835096 -10.000000 0.000000 0.000000 0.000000 0 0 0 0 0 0 0 0
Child: -8.835096 7.766025 79.000000 0.000000 11.850000 0.000000 -10.000000 0.000000 0.000000 0.000000 0 0 0 0 0 0 0 0
EGO_STATUS -5.250000 109.233975 9.200000 1.570796 8.436159 4.000000 0.000000
DYNAMIC_OBS_INFO 0 -5.750000 41.196158 1.570796 90.790706 -5.750000 200.866920 23.469715 1.329173
DYNAMIC_OBS_INFO 1 -1.750000 57.675642 1.570796 28.575486 -1.750000 138.437923 12.190564 0.308832
STATIC_OBS_INFO 0 -6.300000 74.114936 35.977980 
STATIC_OBS_INFO 1 -6.300000 70.529896 39.561631 
Parent: -54.770328 10.000000 101.000000 0.000000 15.150000 -17.461639 -10.000000 3.191311 32.000000 0.000000 0 0 0 0 0 0 0 0
Child: -17.461639 10.000000 101.000000 0.000000 15.150000 -8.961639 -10.000000 0.000000 0.000000 0.000000 0 0 0 0 0 0 0 0
Child: -8.961639 6.922409 71.000000 0.000000 10.650000 0.000000 -10.000000 0.000000 0.000000 0.000000 0 0 0 0 0 0 0 0
EGO_STATUS -5.250000 110.077591 9.300000 1.570796 8.436159 4.000000 0.000000
DYNAMIC_OBS_INFO 0 -5.750000 41.196158 1.570796 92.300685 -5.750000 203.220538 23.602633 1.329173
DYNAMIC_OBS_INFO 1 -1.750000 57.675642 1.570796 28.949669 -1.750000 139.658523 12.221447 0.308832
STATIC_OBS_INFO 0 -6.300000 74.114936 36.821245 
STATIC_OBS_INFO 1 -6.300000 70.529896 40.404956 
Parent: -54.996870 10.000000 101.000000 0.000000 15.150000 -17.588181 -10.000000 3.091311 32.000000 0.000000 0 0 0 0 0 0 0 0
Child: -17.588181 10.000000 101.000000 0.000000 15.150000 -9.088181 -10.000000 0.000000 0.000000 0.000000 0 0 0 0 0 0 0 0
Child: -9.088181 6.078793 62.000000 0.000000 9.300000 0.000000 -10.000000 0.000000 0.000000 0.000000 0 0 0 0 0 0 0 0
EGO_STATUS -5.250000 110.921207 9.400000 1.570796 8.436159 4.000000 0.000000
DYNAMIC_OBS_INFO 0 -5.750000 41.196158 1.570796 93.823956 -5.750000 205.587447 23.735550 1.329173
DYNAMIC_OBS_INFO 1 -1.750000 57.675642 1.570796 29.326990 -1.750000 140.882212 12.252330 0.308832
STATIC_OBS_INFO 0 -6.300000 74.114936 37.664526 
STATIC_OBS_INFO 1 -6.300000 70.529896 41.248293 
Parent: -54.223412 10.000000 101.000000 0.000000 15.150000 -17.714723 -10.000000 2.991311 31.000000 0.000000 0 0 0 0 0 0 0 0
Child: -17.714723 10.000000 101.000000 0.000000 15.150000 -9.214723 -10.000000 0.000000 0.000000 0.000000 0 0 0 0 0 0 0 0
Child: -9.214723 5.235177 54.000000 0.000000 8.100000 0.000000 -10.000000 0.000000 0.000000 0.000000 0 0 0 0 0 0 0 0
EGO_STATUS -5.250000 111.764823 9.500000 1.570796 8.436159 4.000000 0.000000
DYNAMIC_OBS_INFO 0 -5.750000 41.196158 1.570796 95.360520 -5.750000 207.967648 23.868467 1.329173
DYNAMIC_OBS_INFO 1 -1.750000 57.675642 1.570796 29.707448 -1.750000 142.108989 12.283213 0.308832
STATIC_OBS_INFO 0 -6.300000 74.114936 38.507821 
STATIC_OBS_INFO 1 -6.300000 70.529896 42.091641 
Parent: -53.449955 10.000000 101.000000 0.000000 15.150000 -17.841266 -10.000000 2.891311 30.000000 0.000000 0 0 0 0 0 0 0 0
Child: -17.841266 10.000000 101.000000 0.000000 15.150000 -9.341266 -10.000000 0.000000 0.000000 0.000000 0 0 0 0 0 0 0 0
Child: -9.341266 4.391561 45.000000 0.000000 6.750000 0.000000 -10.000000 0.000000 0.000000 0.000000 0 0 0 0 0 0 0 0
EGO_STATUS -5.250000 112.608439 9.600000 1.570796 8.436159 4.000000 0.000000
DYNAMIC_OBS_INFO 0 -5.750000 41.196158 1.570796 96.910375 -5.750000 210.361140 24.001385 1.329173
DYNAMIC_OBS_INFO 1 -1.750000 57.675642 1.570796 30.091042 -1.750000 143.338855 12.314096 0.308832
STATIC_OBS_INFO 0 -6.300000 74.114936 39.351130 
STATIC_OBS_INFO 1 -6.300000 70.529896 42.935000 
Parent: -69.991124 10.000000 101.000000 0.000000 15.150000 -26.467808 -10.000000 3.976685 39.000000 0.000000 0 0 0 0 0 0 0 0
Child: -26.467808 10.000000 101.000000 0.000000 15.150000 -17.967808 -10.000000 0.000000 0.000000 0.000000 0 0 0 0 0 0 0 0
Child: -17.967808 10.000000 101.000000 0.000000 15.150000 -9.467808 -10.000000 0.000000 0.000000 0.000000 0 0 0 0 0 0 0 0
Child: -9.467808 3.547945 37.000000 0.000000 5.550000 0.000000 -10.000000 0.000000 0.000000 0.000000 0 0 0 0 0 0 0 0
EGO_STATUS -5.250000 113.452055 9.700000 1.570796 8.436159 4.000000 0.000000
DYNAMIC_OBS_INFO 0 -5.750000 41.196158 1.570796 98.473523 -5.750000 212.767925 24.134302 1.329173
DYNAMIC_OBS_INFO 1 -1.750000 57.675642 1.570796 30.477771 -1.750000 144.571808 12.344980 0.308832
STATIC_OBS_INFO 0 -6.300000 74.114936 40.194452 
STATIC_OBS_INFO 1 -6.300000 70.529896 43.778368 
Parent: -69.217666 10.000000 101.000000 0.000000 15.150000 -26.594351 -10.000000 3.876685 38.000000 0.000000 0 0 0 0 0 0 0 0
Child: -26.594351 10.000000 101.000000 0.000000 15.150000 -18.094351 -10.000000 0.000000 0.000000 0.000000 0 0 0 0 0 0 0 0
Child: -18.094351 10.000000 101.000000 0.000000 15.150000 -9.594351 -10.000000 0.000000 0.000000 0.000000 0 0 0 0 0 0 0 0
Child: -9.594351 2.704329 29.000000 0.000000 4.350000 0.000000 -10.000000 0.000000 0.000000 0.000000 0 0 0 0 0 0 0 0
EGO_STATUS -5.250000 114.295671 9.800000 1.570796 8.436159 4.000000 0.000000
DYNAMIC_OBS_INFO 0 -5.750000 41.196158 1.570796 100.049963 -5.750000 215.188001 24.267219 1.329173
DYNAMIC_OBS_INFO 1 -1.750000 57.675642 1.570796 30.867634 -1.750000 145.807851 12.375863 0.308832
STATIC_OBS_INFO 0 -6.300000 74.114936 41.037786 
STATIC_OBS_INFO 1 -6.300000 70.529896 44.621746 
Parent: -68.444208 10.000000 101.000000 0.000000 15.150000 -26.720893 -10.000000 3.776685 37.000000 0.000000 0 0 0 0 0 0 0 0
Child: -26.720893 10.000000 101.000000 0.000000 15.150000 -18.220893 -10.000000 0.000000 0.000000 0.000000 0 0 0 0 0 0 0 0
Child: -18.220893 10.000000 101.000000 0.000000 15.150000 -9.720893 -10.000000 0.000000 0.000000 0.000000 0 0 0 0 0 0 0 0
Child: -9.720893 1.860713 20.000000 0.000000 3.000000 0.000000 -10.000000 0.000000 0.000000 0.000000 0 0 0 0 0 0 0 0
EGO_STATUS -5.250000 115.139287 9.900000 1.570796 8.436159 4.000000 0.000000
DYNAMIC_OBS_INFO 0 -5.750000 41.196158 1.570796 101.639696 -5.750000 217.621369 24.400137 1.329173
DYNAMIC_OBS_INFO 1 -1.750000 57.675642 1.570796 31.260630 -1.750000 147.046981 12.406746 0.308832
STATIC_OBS_INFO 0 -6.300000 74.114936 41.881131 
STATIC_OBS_INFO 1 -6.300000 70.529896 45.465133 
Parent: -68.670751 10.000000 101.000000 0.000000 15.150000 -26.847435 -10.000000 3.676685 37.000000 0.000000 0 0 0 0 0 0 0 0
Child: -26.847435 10.000000 101.000000 0.000000 15.150000 -18.347435 -10.000000 0.000000 0.000000 0.000000 0 0 0 0 0 0 0 0
Child: -18.347435 10.000000 101.000000 0.000000 15.150000 -9.847435 -10.000000 0.000000 0.000000 0.000000 0 0 0 0 0 0 0 0
Child: -9.847435 1.017097 12.000000 0.000000 1.800000 0.000000 -10.000000 0.000000 0.000000 0.000000 0 0 0 0 0 0 0 0
EGO_STATUS -5.250000 115.982903 10.000000 1.570796 8.436159 4.000000 0.000000
DYNAMIC_OBS_INFO 0 -5.750000 41.196158 1.570796 103.242720 -5.750000 220.068028 24.533054 1.329173
DYNAMIC_OBS_INFO 1 -1.750000 57.675642 1.570796 31.656758 -1.750000 148.289200 12.437629 0.308832
STATIC_OBS_INFO 0 -6.300000 74.114936 42.724487 
STATIC_OBS_INFO 1 -6.300000 70.529896 46.308528 
Parent: -67.897293 10.000000 101.000000 0.000000 15.150000 -26.973978 -10.000000 3.576685 36.000000 0.000000 0 0 0 0 0 0 0 0
Child: -26.973978 10.000000 101.000000 0.000000 15.150000 -18.473978 -10.000000 0.000000 0.000000 0.000000 0 0 0 0 0 0 0 0
Child: -18.473978 10.000000 101.000000 0.000000 15.150000 -9.973978 -10.000000 0.000000 0.000000 0.000000 0 0 0 0 0 0 0 0
Child: -9.973978 0.173481 3.000000 0.000000 0.450000 0.000000 -10.000000 0.000000 0.000000 0.000000 0 0 0 0 0 0 0 0
EGO_STATUS -5.250000 116.826519 10.100000 1.570796 8.436159 4.000000 0.000000
DYNAMIC_OBS_INFO 0 -5.750000 41.196158 1.570796 104.859037 -5.750000 222.527979 24.665971 1.329173
DYNAMIC_OBS_INFO 1 -1.750000 57.675642 1.570796 32.056017 -1.750000 149.534507 12.468512 0.308832
STATIC_OBS_INFO 0 -6.300000 74.114936 43.567853 
STATIC_OBS_INFO 1 -6.300000 70.529896 47.151931 
Parent: -57.123836 10.000000 101.000000 0.000000 15.150000 -17.100520 -10.000000 3.476685 35.000000 0.000000 0 0 0 0 0 0 0 0
Child: -17.100520 10.000000 101.000000 0.000000 15.150000 -8.600520 -10.000000 0.000000 0.000000 0.000000 0 0 0 0 0 0 0 0
Child: -8.600520 9.329865 95.000000 0.000000 14.250000 0.000000 -10.000000 0.000000 0.000000 0.000000 0 0 0 0 0 0 0 0
EGO_STATUS -5.250000 117.670135 10.200000 1.570796 8.436159 4.000000 0.000000
DYNAMIC_OBS_INFO 0 -5.750000 41.196158 1.570796 106.488646 -5.750000 225.001222 24.798889 1.329173
DYNAMIC_OBS_INFO 1 -1.750000 57.675642 1.570796 32.458406 -1.750000 150.782902 12.499396 0.308832
STATIC_OBS_INFO 0 -6.300000 74.114936 44.411229 
STATIC_OBS_INFO 1 -6.300000 70.529896 47.995341 
Parent: -56.350378 10.000000 101.000000 0.000000 15.150000 -17.227063 -10.000000 3.376685 34.000000 0.000000 0 0 0 0 0 0 0 0
Child: -17.227063 10.000000 101.000000 0.000000 15.150000 -8.727063 -10.000000 0.000000 0.000000 0.000000 0 0 0 0 0 0 0 0
Child: -8.727063 8.486249 86.000000 0.000000 12.900000 0.000000 -10.000000 0.000000 0.000000 0.000000 0 0 0 0 0 0 0 0
EGO_STATUS -5.250000 118.513751 10.300000 1.570796 8.436159 4.000000 0.000000
DYNAMIC_OBS_INFO 0 -5.750000 41.196158 1.570796 108.131547 -5.750000 227.487757 24.931806 1.329173
DYNAMIC_OBS_INFO 1 -1.750000 57.675642 1.570796 32.863925 -1.750000 152.034386 12.530279 0.308832
STATIC_OBS_INFO 0 -6.300000 74.114936 45.254613 
STATIC_OBS_INFO 1 -6.300000 70.529896 48.838759 
Parent: -55.576920 10.000000 101.000000 0.000000 15.150000 -17.353605 -10.000000 3.276685 33.000000 0.000000 0 0 0 0 0 0 0 0
Child: -17.353605 10.000000 101.000000 0.000000 15.150000 -8.853605 -10.000000 0.000000 0.000000 0.000000 0 0 0 0 0 0 0 0
Child: -8.853605 7.642633 78.000000 0.000000 11.700000 0.000000 -10.000000 0.000000 0.000000 0.000000 0 0 0 0 0 0 0 0
EGO_STATUS -5.250000 119.357367 10.400000 1.570796 8.436159 4.000000 0.000000
DONE
FINISHED
